Class Times	30
Rooms	40
1	388
2	944
3	432
4	340
5	17
6	23
7	482
8	716
9	96
10	168
11	450
12	810
13	62
14	592
15	302
16	640
17	795
18	590
19	245
20	811
21	799
22	153
23	156
24	75
25	332
26	995
27	153
28	530
29	542
30	473
31	301
32	212
33	673
34	400
35	855
36	658
37	616
38	551
39	795
40	257
Classes	1000
Teachers	500
1	85
2	254
3	381
4	298
5	34
6	16
7	225
8	154
9	167
10	433
11	274
12	158
13	479
14	486
15	192
16	255
17	167
18	237
19	370
20	415
21	285
22	297
23	335
24	225
25	148
26	375
27	346
28	471
29	425
30	42
31	187
32	375
33	452
34	227
35	370
36	81
37	196
38	201
39	155
40	314
41	362
42	320
43	109
44	227
45	124
46	482
47	12
48	51
49	402
50	98
51	343
52	409
53	301
54	313
55	410
56	249
57	421
58	230
59	482
60	246
61	53
62	376
63	76
64	443
65	94
66	244
67	264
68	498
69	149
70	178
71	152
72	35
73	239
74	500
75	190
76	30
77	26
78	96
79	57
80	401
81	245
82	367
83	403
84	497
85	232
86	211
87	210
88	479
89	73
90	456
91	137
92	468
93	456
94	3
95	14
96	265
97	110
98	396
99	169
100	492
101	146
102	75
103	125
104	202
105	192
106	419
107	295
108	87
109	297
110	186
111	253
112	38
113	401
114	429
115	307
116	438
117	25
118	202
119	10
120	310
121	113
122	284
123	191
124	121
125	22
126	469
127	205
128	260
129	1
130	220
131	372
132	473
133	440
134	256
135	417
136	75
137	7
138	189
139	247
140	319
141	138
142	51
143	205
144	17
145	360
146	339
147	6
148	94
149	63
150	452
151	409
152	162
153	489
154	500
155	295
156	12
157	359
158	278
159	184
160	145
161	132
162	299
163	292
164	26
165	301
166	149
167	492
168	118
169	412
170	276
171	113
172	173
173	140
174	394
175	332
176	161
177	330
178	349
179	48
180	424
181	461
182	23
183	78
184	148
185	206
186	313
187	181
188	244
189	451
190	417
191	129
192	115
193	352
194	174
195	481
196	269
197	439
198	310
199	133
200	322
201	147
202	406
203	200
204	112
205	54
206	333
207	239
208	298
209	261
210	111
211	118
212	122
213	289
214	351
215	54
216	171
217	33
218	249
219	412
220	262
221	400
222	413
223	353
224	162
225	489
226	241
227	341
228	367
229	493
230	326
231	38
232	112
233	493
234	185
235	96
236	178
237	42
238	146
239	435
240	496
241	460
242	390
243	242
244	122
245	172
246	37
247	103
248	378
249	140
250	79
251	245
252	374
253	163
254	2
255	135
256	53
257	8
258	126
259	357
260	408
261	116
262	226
263	153
264	81
265	138
266	32
267	343
268	380
269	7
270	252
271	339
272	64
273	252
274	351
275	289
276	90
277	439
278	365
279	290
280	474
281	204
282	335
283	334
284	169
285	342
286	4
287	14
288	155
289	283
290	444
291	177
292	211
293	394
294	478
295	185
296	484
297	325
298	196
299	425
300	21
301	198
302	72
303	270
304	481
305	69
306	460
307	159
308	180
309	242
310	317
311	92
312	229
313	176
314	9
315	362
316	229
317	365
318	100
319	437
320	293
321	421
322	165
323	114
324	189
325	255
326	302
327	48
328	203
329	226
330	450
331	8
332	448
333	378
334	269
335	438
336	462
337	366
338	198
339	145
340	330
341	445
342	43
343	356
344	475
345	291
346	363
347	248
348	390
349	213
350	352
351	142
352	120
353	228
354	276
355	465
356	471
357	80
358	454
359	264
360	270
361	320
362	212
363	466
364	127
365	258
366	200
367	16
368	291
369	126
370	33
371	4
372	3
373	214
374	92
375	88
376	187
377	15
378	197
379	98
380	257
381	463
382	188
383	311
384	420
385	153
386	455
387	292
388	299
389	199
390	316
391	446
392	83
393	28
394	43
395	19
396	121
397	408
398	321
399	347
400	444
401	107
402	420
403	80
404	288
405	186
406	15
407	377
408	123
409	454
410	399
411	235
412	240
413	142
414	455
415	265
416	468
417	83
418	170
419	428
420	170
421	231
422	29
423	247
424	382
425	88
426	90
427	262
428	161
429	447
430	430
431	116
432	133
433	494
434	266
435	191
436	478
437	411
438	213
439	428
440	450
441	377
442	498
443	480
444	72
445	322
446	40
447	368
448	308
449	257
450	79
451	210
452	11
453	445
454	263
455	419
456	47
457	336
458	236
459	435
460	150
461	306
462	135
463	261
464	115
465	274
466	101
467	181
468	431
469	69
470	40
471	392
472	154
473	338
474	77
475	443
476	157
477	78
478	215
479	62
480	486
481	424
482	125
483	86
484	188
485	76
486	372
487	107
488	231
489	102
490	447
491	427
492	212
493	433
494	195
495	483
496	182
497	164
498	144
499	209
500	123
501	389
502	341
503	190
504	57
505	466
506	467
507	63
508	278
509	203
510	325
511	402
512	108
513	399
514	457
515	99
516	336
517	387
518	485
519	41
520	465
521	197
522	171
523	71
524	35
525	250
526	345
527	308
528	416
529	392
530	119
531	87
532	233
533	117
534	175
535	283
536	59
537	272
538	338
539	381
540	214
541	423
542	429
543	256
544	449
545	496
546	485
547	251
548	39
549	497
550	37
551	180
552	143
553	243
554	302
555	119
556	383
557	25
558	474
559	238
560	359
561	20
562	311
563	172
564	137
565	347
566	404
567	217
568	216
569	426
570	307
571	398
572	327
573	371
574	461
575	67
576	279
577	5
578	391
579	426
580	106
581	49
582	342
583	423
584	209
585	204
586	285
587	182
588	157
589	323
590	380
591	224
592	68
593	318
594	110
595	103
596	404
597	353
598	329
599	74
600	413
601	457
602	9
603	193
604	357
605	17
606	494
607	451
608	346
609	74
610	44
611	432
612	95
613	45
614	403
615	156
616	462
617	358
618	280
619	236
620	458
621	387
622	13
623	309
624	179
625	36
626	442
627	382
628	86
629	376
630	356
631	317
632	134
633	363
634	136
635	384
636	131
637	199
638	62
639	10
640	411
641	415
642	61
643	66
644	318
645	206
646	235
647	431
648	386
649	448
650	20
651	174
652	386
653	156
654	95
655	201
656	233
657	224
658	228
659	279
660	143
661	141
662	44
663	436
664	337
665	117
666	93
667	484
668	400
669	319
670	19
671	379
672	490
673	437
674	253
675	147
676	50
677	61
678	416
679	434
680	470
681	71
682	259
683	446
684	258
685	130
686	120
687	240
688	99
689	152
690	459
691	217
692	277
693	463
694	59
695	168
696	323
697	136
698	194
699	459
700	275
701	475
702	354
703	259
704	22
705	300
706	427
707	130
708	243
709	383
710	272
711	442
712	398
713	361
714	275
715	366
716	449
717	395
718	358
719	368
720	473
721	374
722	175
723	216
724	282
725	327
726	469
727	109
728	222
729	406
730	440
731	286
732	260
733	324
734	480
735	132
736	111
737	150
738	467
739	166
740	491
741	345
742	52
743	195
744	70
745	232
746	41
747	396
748	49
749	483
750	490
751	422
752	389
753	296
754	141
755	334
756	337
757	104
758	55
759	23
760	128
761	234
762	85
763	499
764	91
765	250
766	127
767	248
768	184
769	30
770	21
771	246
772	395
773	208
774	487
775	128
776	234
777	67
778	124
779	305
780	24
781	183
782	397
783	144
784	373
785	104
786	70
787	391
788	393
789	430
790	31
791	371
792	29
793	432
794	284
795	47
796	18
797	64
798	271
799	303
800	237
801	324
802	28
803	97
804	193
805	477
806	207
807	312
808	277
809	219
810	491
811	348
812	97
813	293
814	472
815	50
816	168
817	385
818	93
819	331
820	393
821	45
822	165
823	101
824	348
825	82
826	222
827	312
828	108
829	271
830	280
831	441
832	287
833	251
834	340
835	6
836	316
837	287
838	183
839	2
840	230
841	68
842	487
843	361
844	82
845	223
846	303
847	106
848	369
849	102
850	105
851	160
852	331
853	27
854	332
855	65
856	304
857	164
858	282
859	477
860	464
861	11
862	77
863	328
864	349
865	151
866	306
867	208
868	407
869	215
870	470
871	219
872	286
873	18
874	166
875	129
876	55
877	105
878	273
879	194
880	290
881	13
882	65
883	305
884	281
885	163
886	176
887	405
888	60
889	131
890	160
891	221
892	458
893	263
894	158
895	288
896	84
897	414
898	354
899	46
900	472
901	453
902	267
903	355
904	268
905	309
906	268
907	266
908	321
909	385
910	488
911	56
912	100
913	326
914	139
915	379
916	134
917	364
918	296
919	364
920	329
921	58
922	384
923	179
924	84
925	220
926	1
927	46
928	441
929	344
930	207
931	66
932	314
933	32
934	5
935	273
936	73
937	223
938	405
939	218
940	241
941	36
942	91
943	24
944	304
945	344
946	114
947	453
948	139
949	238
950	159
951	31
952	360
953	52
954	488
955	173
956	369
957	333
958	56
959	422
960	407
961	397
962	436
963	414
964	89
965	60
966	267
967	434
968	476
969	221
970	340
971	355
972	464
973	388
974	373
975	388
976	294
977	410
978	495
979	315
980	300
981	418
982	350
983	39
984	499
985	418
986	151
987	294
988	315
989	177
990	254
991	58
992	476
993	34
994	495
995	281
996	328
997	89
998	218
999	350
1000	27
