Class Times	30
Rooms	40
1	982
2	864
3	789
4	213
5	251
6	914
7	779
8	443
9	177
10	816
11	613
12	197
13	894
14	177
15	452
16	831
17	215
18	138
19	669
20	197
21	975
22	916
23	396
24	887
25	848
26	531
27	775
28	794
29	75
30	638
31	300
32	290
33	253
34	432
35	805
36	177
37	282
38	458
39	377
40	899
Classes	1000
Teachers	500
1	234
2	473
3	200
4	294
5	412
6	116
7	145
8	80
9	412
10	373
11	74
12	422
13	257
14	97
15	478
16	436
17	78
18	353
19	497
20	287
21	181
22	416
23	324
24	292
25	83
26	59
27	164
28	28
29	345
30	36
31	381
32	182
33	159
34	66
35	242
36	225
37	15
38	359
39	278
40	402
41	348
42	227
43	182
44	57
45	51
46	15
47	176
48	460
49	194
50	452
51	257
52	6
53	447
54	410
55	26
56	303
57	351
58	140
59	132
60	492
61	333
62	461
63	121
64	135
65	224
66	72
67	233
68	51
69	140
70	478
71	429
72	130
73	60
74	259
75	490
76	93
77	411
78	150
79	66
80	392
81	268
82	127
83	134
84	487
85	447
86	453
87	259
88	9
89	440
90	374
91	204
92	229
93	168
94	23
95	190
96	156
97	347
98	2
99	166
100	162
101	192
102	211
103	196
104	240
105	284
106	202
107	253
108	204
109	45
110	490
111	393
112	29
113	329
114	101
115	202
116	234
117	258
118	127
119	367
120	360
121	3
122	14
123	196
124	342
125	285
126	108
127	261
128	100
129	372
130	485
131	318
132	14
133	435
134	379
135	60
136	224
137	197
138	291
139	464
140	121
141	398
142	455
143	479
144	278
145	212
146	389
147	469
148	101
149	201
150	393
151	279
152	86
153	183
154	462
155	431
156	376
157	265
158	479
159	55
160	377
161	292
162	21
163	21
164	79
165	365
166	165
167	131
168	251
169	45
170	123
171	311
172	42
173	208
174	184
175	455
176	283
177	351
178	451
179	241
180	282
181	400
182	382
183	117
184	243
185	226
186	385
187	125
188	439
189	185
190	265
191	293
192	411
193	253
194	134
195	199
196	143
197	241
198	222
199	268
200	356
201	199
202	79
203	22
204	401
205	34
206	367
207	213
208	343
209	31
210	233
211	168
212	216
213	92
214	432
215	160
216	317
217	24
218	112
219	56
220	36
221	266
222	334
223	429
224	497
225	435
226	33
227	64
228	420
229	193
230	471
231	98
232	57
233	290
234	167
235	226
236	436
237	210
238	71
239	342
240	88
241	387
242	11
243	403
244	89
245	359
246	340
247	69
248	428
249	384
250	392
251	42
252	148
253	126
254	68
255	85
256	370
257	246
258	63
259	406
260	85
261	213
262	99
263	307
264	97
265	477
266	238
267	262
268	209
269	324
270	108
271	333
272	78
273	26
274	144
275	180
276	3
277	463
278	167
279	361
280	67
281	391
282	390
283	382
284	64
285	48
286	104
287	179
288	132
289	312
290	129
291	208
292	396
293	459
294	476
295	457
296	252
297	6
298	40
299	130
300	240
301	409
302	302
303	441
304	449
305	381
306	194
307	81
308	380
309	184
310	201
311	205
312	147
313	242
314	260
315	472
316	111
317	330
318	450
319	28
320	289
321	18
322	133
323	62
324	417
325	41
326	473
327	368
328	459
329	463
330	128
331	252
332	46
333	249
334	96
335	358
336	387
337	450
338	89
339	465
340	32
341	273
342	248
343	378
344	212
345	158
346	325
347	430
348	231
349	187
350	460
351	228
352	152
353	454
354	492
355	77
356	319
357	348
358	294
359	43
360	444
361	80
362	147
363	288
364	49
365	250
366	286
367	191
368	404
369	8
370	12
371	153
372	344
373	181
374	452
375	255
376	308
377	244
378	142
379	304
380	376
381	217
382	139
383	358
384	256
385	74
386	401
387	162
388	173
389	267
390	41
391	280
392	420
393	474
394	311
395	175
396	279
397	405
398	135
399	491
400	220
401	372
402	446
403	430
404	229
405	361
406	206
407	11
408	486
409	499
410	458
411	31
412	321
413	142
414	244
415	81
416	5
417	437
418	119
419	302
420	335
421	304
422	39
423	71
424	424
425	499
426	287
427	400
428	475
429	298
430	33
431	388
432	380
433	369
434	306
435	480
436	431
437	75
438	352
439	272
440	491
441	124
442	300
443	440
444	82
445	356
446	269
447	487
448	143
449	198
450	197
451	498
452	484
453	299
454	270
455	366
456	454
457	176
458	222
459	390
460	325
461	466
462	322
463	384
464	149
465	385
466	414
467	468
468	164
469	306
470	488
471	110
472	484
473	125
474	206
475	2
476	286
477	116
478	227
479	19
480	472
481	7
482	458
483	343
484	254
485	209
486	281
487	245
488	486
489	149
490	49
491	395
492	322
493	375
494	113
495	313
496	83
497	120
498	128
499	122
500	312
501	347
502	207
503	313
504	256
505	448
506	403
507	309
508	446
509	404
510	277
511	482
512	87
513	146
514	107
515	471
516	354
517	247
518	102
519	246
520	47
521	178
522	203
523	421
524	10
525	363
526	488
527	272
528	154
529	103
530	98
531	263
532	413
533	427
534	489
535	20
536	349
537	448
538	439
539	232
540	232
541	258
542	341
543	156
544	394
545	96
546	4
547	461
548	340
549	369
550	277
551	496
552	329
553	425
554	126
555	476
556	273
557	305
558	10
559	424
560	477
561	427
562	474
563	200
564	332
565	449
566	217
567	445
568	498
569	110
570	480
571	152
572	299
573	112
574	405
575	262
576	188
577	500
578	192
579	219
580	495
581	301
582	318
583	157
584	193
585	330
586	37
587	191
588	12
589	284
590	269
591	470
592	136
593	94
594	418
595	315
596	276
597	319
598	50
599	349
600	62
601	215
602	187
603	148
604	334
605	133
606	102
607	308
608	183
609	373
610	95
611	160
612	260
613	119
614	211
615	91
616	317
617	434
618	103
619	50
620	247
621	179
622	120
623	291
624	362
625	139
626	72
627	186
628	225
629	124
630	297
631	177
632	483
633	137
634	296
635	137
636	362
637	276
638	374
639	5
640	433
641	495
642	107
643	413
644	293
645	310
646	55
647	389
648	144
649	468
650	235
651	186
652	341
653	383
654	422
655	283
656	337
657	9
658	228
659	266
660	415
661	91
662	111
663	421
664	331
665	307
666	180
667	494
668	34
669	13
670	113
671	117
672	482
673	336
674	58
675	493
676	17
677	456
678	69
679	52
680	92
681	418
682	203
683	155
684	237
685	188
686	44
687	386
688	336
689	423
690	483
691	118
692	90
693	93
694	43
695	218
696	106
697	398
698	296
699	44
700	129
701	4
702	314
703	386
704	65
705	285
706	146
707	496
708	87
709	445
710	396
711	67
712	25
713	335
714	360
715	270
716	245
717	338
718	443
719	465
720	27
721	399
722	239
723	166
724	310
725	383
726	248
727	90
728	345
729	178
730	88
731	150
732	73
733	370
734	309
735	298
736	231
737	172
738	271
739	368
740	314
741	215
742	355
743	170
744	35
745	136
746	47
747	399
748	35
749	16
750	470
751	267
752	185
753	165
754	453
755	238
756	13
757	18
758	56
759	118
760	155
761	456
762	354
763	288
764	109
765	104
766	364
767	437
768	321
769	172
770	94
771	251
772	402
773	61
774	263
775	173
776	438
777	363
778	157
779	159
780	271
781	82
782	24
783	493
784	220
785	37
786	406
787	301
788	177
789	207
790	481
791	469
792	218
793	195
794	20
795	434
796	27
797	377
798	365
799	63
800	295
801	54
802	68
803	432
804	16
805	86
806	48
807	153
808	433
809	366
810	23
811	419
812	123
813	230
814	40
815	443
816	364
817	239
818	255
819	303
820	417
821	39
822	195
823	19
824	289
825	332
826	38
827	261
828	481
829	189
830	379
831	175
832	205
833	274
834	122
835	475
836	169
837	344
838	221
839	337
840	274
841	198
842	297
843	8
844	221
845	105
846	1
847	141
848	391
849	59
850	141
851	394
852	76
853	169
854	219
855	236
856	151
857	32
858	416
859	115
860	223
861	17
862	75
863	466
864	214
865	423
866	441
867	444
868	331
869	353
870	426
871	409
872	163
873	489
874	52
875	371
876	338
877	339
878	426
879	171
880	38
881	485
882	457
883	326
884	415
885	109
886	397
887	190
888	25
889	328
890	327
891	237
892	295
893	375
894	95
895	282
896	189
897	451
898	70
899	350
900	84
901	100
902	388
903	346
904	223
905	115
906	438
907	145
908	464
909	357
910	300
911	61
912	163
913	414
914	316
915	76
916	216
917	305
918	105
919	170
920	357
921	236
922	158
923	250
924	171
925	316
926	161
927	46
928	428
929	327
930	214
931	29
932	326
933	425
934	131
935	290
936	151
937	53
938	254
939	7
940	58
941	500
942	315
943	397
944	174
945	494
946	230
947	22
948	70
949	467
950	408
951	53
952	462
953	408
954	77
955	154
956	275
957	352
958	410
959	54
960	442
961	355
962	243
963	467
964	235
965	328
966	395
967	30
968	65
969	210
970	350
971	161
972	378
973	281
974	280
975	371
976	114
977	442
978	73
979	323
980	114
981	99
982	407
983	138
984	275
985	264
986	323
987	249
988	84
989	174
990	30
991	339
992	106
993	1
994	138
995	419
996	320
997	346
998	264
999	407
1000	320
