Class Times	30
Rooms	40
1	884
2	207
3	349
4	438
5	289
6	140
7	631
8	195
9	119
10	927
11	509
12	607
13	648
14	991
15	467
16	254
17	247
18	628
19	516
20	190
21	746
22	613
23	744
24	71
25	888
26	523
27	545
28	152
29	908
30	242
31	230
32	376
33	807
34	949
35	328
36	907
37	885
38	208
39	96
40	255
Classes	1000
Teachers	500
1	96
2	460
3	80
4	455
5	114
6	290
7	94
8	267
9	423
10	256
11	210
12	55
13	294
14	184
15	69
16	353
17	131
18	62
19	132
20	174
21	72
22	479
23	381
24	159
25	388
26	112
27	19
28	111
29	261
30	433
31	76
32	418
33	139
34	179
35	46
36	191
37	252
38	371
39	363
40	353
41	437
42	204
43	354
44	459
45	408
46	249
47	371
48	155
49	50
50	360
51	250
52	409
53	14
54	491
55	62
56	249
57	466
58	264
59	427
60	155
61	182
62	2
63	440
64	133
65	448
66	148
67	495
68	142
69	426
70	326
71	42
72	132
73	25
74	492
75	375
76	427
77	375
78	425
79	64
80	380
81	223
82	488
83	258
84	304
85	326
86	357
87	483
88	417
89	489
90	179
91	260
92	498
93	15
94	437
95	57
96	307
97	94
98	274
99	210
100	419
101	99
102	68
103	239
104	289
105	343
106	391
107	80
108	468
109	431
110	492
111	250
112	4
113	413
114	43
115	244
116	89
117	321
118	495
119	53
120	178
121	383
122	4
123	352
124	222
125	6
126	242
127	208
128	440
129	63
130	381
131	392
132	280
133	398
134	159
135	91
136	366
137	227
138	273
139	56
140	198
141	112
142	105
143	292
144	301
145	95
146	234
147	96
148	187
149	481
150	123
151	166
152	331
153	139
154	327
155	104
156	319
157	106
158	110
159	320
160	394
161	149
162	442
163	279
164	403
165	387
166	281
167	313
168	475
169	116
170	481
171	284
172	209
173	184
174	476
175	480
176	227
177	288
178	168
179	337
180	19
181	166
182	64
183	42
184	480
185	349
186	162
187	223
188	343
189	141
190	348
191	25
192	136
193	246
194	153
195	74
196	260
197	92
198	497
199	389
200	68
201	338
202	162
203	141
204	214
205	404
206	369
207	303
208	231
209	228
210	316
211	174
212	89
213	294
214	407
215	321
216	29
217	280
218	11
219	108
220	46
221	383
222	304
223	473
224	189
225	137
226	404
227	164
228	36
229	329
230	37
231	400
232	378
233	346
234	465
235	400
236	331
237	231
238	298
239	461
240	222
241	490
242	330
243	207
244	373
245	263
246	124
247	21
248	434
249	313
250	461
251	118
252	208
253	81
254	460
255	266
256	33
257	494
258	366
259	432
260	133
261	376
262	287
263	189
264	32
265	232
266	10
267	135
268	186
269	278
270	18
271	405
272	379
273	255
274	382
275	91
276	443
277	207
278	201
279	239
280	138
281	359
282	426
283	118
284	442
285	387
286	253
287	147
288	71
289	466
290	59
291	92
292	403
293	414
294	297
295	44
296	43
297	27
298	98
299	8
300	301
301	111
302	289
303	236
304	264
305	385
306	232
307	311
308	3
309	364
310	256
311	203
312	377
313	45
314	39
315	396
316	168
317	56
318	346
319	469
320	420
321	150
322	490
323	418
324	434
325	290
326	252
327	316
328	347
329	206
330	491
331	15
332	241
333	439
334	338
335	359
336	218
337	198
338	273
339	377
340	10
341	457
342	257
343	47
344	397
345	108
346	420
347	58
348	113
349	379
350	151
351	40
352	143
353	393
354	348
355	436
356	286
357	293
358	224
359	60
360	467
361	392
362	278
363	229
364	453
365	350
366	88
367	324
368	337
369	477
370	303
371	149
372	216
373	22
374	265
375	295
376	464
377	281
378	182
379	339
380	413
381	23
382	120
383	485
384	422
385	274
386	384
387	430
388	170
389	100
390	67
391	152
392	458
393	148
394	401
395	265
396	258
397	13
398	36
399	26
400	140
401	70
402	450
403	471
404	124
405	49
406	245
407	299
408	425
409	83
410	459
411	455
412	173
413	452
414	85
415	59
416	161
417	325
418	90
419	449
420	52
421	190
422	140
423	458
424	9
425	464
426	190
427	33
428	157
429	282
430	350
431	293
432	40
433	339
434	142
435	156
436	284
437	429
438	131
439	355
440	398
441	221
442	218
443	65
444	436
445	333
446	101
447	44
448	277
449	361
450	9
451	219
452	81
453	135
454	314
455	35
456	335
457	83
458	368
459	435
460	451
461	181
462	462
463	196
464	54
465	275
466	152
467	292
468	65
469	470
470	484
471	386
472	197
473	16
474	410
475	384
476	300
477	335
478	237
479	70
480	76
481	185
482	100
483	270
484	298
485	160
486	402
487	365
488	306
489	14
490	136
491	305
492	71
493	489
494	312
495	365
496	473
497	448
498	221
499	101
500	216
501	390
502	58
503	34
504	5
505	116
506	34
507	356
508	397
509	417
510	291
511	251
512	193
513	389
514	268
515	151
516	110
517	482
518	394
519	500
520	259
521	408
522	23
523	3
524	48
525	233
526	2
527	204
528	393
529	277
530	119
531	195
532	457
533	470
534	52
535	180
536	215
537	74
538	230
539	288
540	498
541	276
542	1
543	38
544	488
545	48
546	415
547	486
548	472
549	233
550	255
551	173
552	238
553	53
554	328
555	432
556	61
557	63
558	241
559	79
560	154
561	129
562	225
563	433
564	206
565	243
566	235
567	67
568	126
569	276
570	127
571	37
572	382
573	171
574	169
575	370
576	352
577	410
578	196
579	414
580	314
581	494
582	374
583	191
584	161
585	234
586	119
587	21
588	236
589	486
590	412
591	275
592	66
593	270
594	423
595	126
596	254
597	324
598	325
599	369
600	299
601	79
602	411
603	380
604	296
605	194
606	438
607	195
608	351
609	291
610	336
611	406
612	493
613	122
614	430
615	50
616	322
617	385
618	30
619	302
620	445
621	450
622	5
623	158
624	283
625	318
626	66
627	429
628	157
629	107
630	395
631	253
632	128
633	312
634	16
635	355
636	402
637	287
638	462
639	75
640	75
641	38
642	391
643	20
644	84
645	347
646	478
647	438
648	373
649	257
650	279
651	220
652	26
653	125
654	334
655	114
656	88
657	41
658	283
659	415
660	388
661	309
662	412
663	115
664	463
665	334
666	286
667	360
668	243
669	169
670	160
671	11
672	456
673	125
674	24
675	374
676	467
677	344
678	201
679	471
680	178
681	120
682	469
683	411
684	215
685	419
686	372
687	129
688	447
689	318
690	28
691	351
692	329
693	422
694	306
695	203
696	320
697	188
698	475
699	416
700	487
701	158
702	479
703	349
704	309
705	354
706	105
707	138
708	376
709	146
710	441
711	17
712	247
713	370
714	361
715	72
716	213
717	219
718	77
719	421
720	128
721	20
722	171
723	317
724	1
725	451
726	47
727	188
728	285
729	364
730	122
731	213
732	57
733	192
734	127
735	296
736	395
737	163
738	476
739	439
740	332
741	295
742	103
743	307
744	372
745	181
746	104
747	247
748	146
749	113
750	183
751	55
752	445
753	244
754	217
755	109
756	172
757	226
758	226
759	150
760	185
761	212
762	32
763	180
764	300
765	248
766	245
767	31
768	345
769	336
770	99
771	472
772	266
773	465
774	496
775	416
776	322
777	443
778	51
779	77
780	165
781	27
782	175
783	248
784	311
785	193
786	97
787	73
788	356
789	405
790	485
791	217
792	357
793	496
794	205
795	214
796	115
797	386
798	107
799	167
800	483
801	49
802	224
803	177
804	453
805	468
806	212
807	302
808	156
809	24
810	435
811	97
812	147
813	449
814	263
815	144
816	317
817	69
818	192
819	341
820	220
821	209
822	406
823	297
824	497
825	176
826	60
827	446
828	177
829	310
830	285
831	165
832	87
833	145
834	390
835	85
836	176
837	310
838	367
839	344
840	90
841	98
842	106
843	39
844	13
845	197
846	424
847	378
848	409
849	342
850	421
851	12
852	340
853	396
854	194
855	484
856	130
857	268
858	362
859	30
860	109
861	327
862	228
863	51
864	428
865	407
866	12
867	82
868	493
869	117
870	102
871	54
872	137
873	254
874	444
875	41
876	333
877	28
878	73
879	187
880	230
881	319
882	368
883	478
884	202
885	145
886	305
887	345
888	424
889	330
890	229
891	86
892	170
893	332
894	401
895	267
896	82
897	95
898	153
899	240
900	308
901	240
902	428
903	183
904	163
905	45
906	167
907	238
908	362
909	340
910	29
911	272
912	164
913	271
914	186
915	323
916	211
917	282
918	463
919	103
920	199
921	342
922	78
923	446
924	211
925	87
926	199
927	315
928	487
929	123
930	315
931	399
932	441
933	225
934	144
935	61
936	262
937	308
938	246
939	251
940	454
941	456
942	242
943	482
944	202
945	454
946	31
947	477
948	358
949	18
950	172
951	237
952	117
953	358
954	22
955	447
956	78
957	84
958	205
959	200
960	200
961	154
962	452
963	6
964	93
965	259
966	328
967	341
968	323
969	143
970	363
971	261
972	93
973	17
974	134
975	499
976	134
977	175
978	102
979	86
980	444
981	262
982	271
983	499
984	8
985	399
986	272
987	367
988	500
989	474
990	7
991	121
992	431
993	235
994	474
995	121
996	130
997	7
998	35
999	269
1000	269
