Students	50
1	8 9 10 12
2	14 11 12 3
3	10 1 3 12
4	5 10 8 6
5	3 12 14 9
6	5 9 1 6
7	12 13 6 7
8	12 4 9 11
9	14 4 10 6
10	10 2 11 14
11	6 2 12 8
12	3 9 11 1
13	1 4 10 6
14	10 8 1 2
15	4 5 11 7
16	1 3 13 7
17	4 14 13 5
18	9 3 12 7
19	7 8 5 14
20	1 9 14 12
21	7 6 5 3
22	4 10 3 6
23	12 6 14 8
24	12 13 2 9
25	13 14 7 11
26	3 2 12 4
27	3 2 12 1
28	14 8 10 6
29	7 6 13 8
30	5 14 6 1
31	8 2 11 3
32	14 3 2 8
33	5 10 4 6
34	3 12 13 1
35	10 14 7 1
36	14 12 1 5
37	14 4 12 10
38	11 12 1 9
39	10 5 9 3
40	5 10 9 1
41	4 11 6 8
42	7 14 13 10
43	7 4 8 3
44	7 8 2 5
45	12 13 1 4
46	13 4 5 10
47	1 13 4 14
48	6 3 11 9
49	12 10 3 2
50	13 8 1 10
