Students	50
1	6 3 14 13
2	1 14 9 6
3	14 8 12 5
4	8 5 7 14
5	8 10 13 6
6	2 8 12 9
7	7 4 8 6
8	12 5 8 3
9	10 4 7 12
10	6 5 2 11
11	9 14 10 6
12	8 5 4 6
13	9 12 7 3
14	1 4 2 10
15	9 2 12 7
16	5 14 3 9
17	12 8 7 2
18	11 13 1 6
19	1 6 4 7
20	2 8 10 7
21	13 2 5 7
22	2 14 10 6
23	12 6 8 10
24	11 4 12 10
25	4 3 1 5
26	12 5 13 11
27	11 12 7 8
28	8 13 3 14
29	11 2 3 7
30	6 7 14 4
31	3 12 11 13
32	7 8 3 9
33	2 4 12 9
34	11 1 3 5
35	14 11 3 2
36	12 9 3 6
37	12 2 9 10
38	13 3 14 1
39	5 14 6 1
40	13 11 14 8
41	3 9 4 12
42	6 2 4 7
43	5 10 6 8
44	2 9 3 5
45	4 12 7 6
46	4 14 10 6
47	9 4 7 3
48	10 3 1 14
49	2 8 4 5
50	10 11 9 7
