Students	50
1	6 10 12 2
2	13 7 12 2
3	14 11 7 4
4	5 6 10 14
5	13 10 6 5
6	11 14 1 6
7	12 9 13 1
8	3 7 4 12
9	11 8 3 12
10	12 10 11 5
11	7 13 2 12
12	12 1 9 8
13	12 6 3 11
14	9 7 1 10
15	2 7 5 13
16	14 12 2 3
17	9 12 7 6
18	2 14 6 10
19	3 4 8 6
20	4 8 10 3
21	11 5 9 6
22	8 13 10 4
23	5 4 6 11
24	6 12 14 2
25	5 4 7 3
26	2 9 13 8
27	10 5 14 1
28	6 9 1 14
29	8 2 3 13
30	4 9 14 11
31	10 9 1 11
32	2 13 10 9
33	11 6 1 13
34	1 2 6 3
35	6 11 1 5
36	2 8 1 9
37	4 8 13 14
38	3 11 8 9
39	10 13 7 6
40	14 9 1 4
41	9 3 8 14
42	5 9 2 10
43	12 9 10 13
44	2 3 5 1
45	10 8 3 6
46	3 5 4 7
47	5 14 11 9
48	5 8 2 7
49	13 9 3 6
50	5 10 2 9
