Students	50
1	3 7 5 12
2	10 6 12 8
3	1 4 13 3
4	6 12 9 8
5	3 12 6 14
6	11 8 10 13
7	7 13 6 4
8	3 13 8 4
9	9 10 5 13
10	3 9 14 2
11	7 11 13 1
12	14 7 2 1
13	5 11 14 9
14	1 3 8 6
15	3 14 1 10
16	4 2 3 13
17	4 7 13 14
18	14 13 10 6
19	9 6 4 3
20	6 12 2 10
21	13 1 10 5
22	3 5 9 8
23	11 3 1 7
24	9 1 14 5
25	5 6 3 2
26	9 1 12 6
27	9 1 10 3
28	11 13 14 10
29	13 5 8 9
30	3 14 5 6
31	4 10 5 14
32	1 6 5 9
33	12 1 14 6
34	11 14 7 5
35	13 11 8 10
36	4 6 10 9
37	7 5 2 1
38	7 4 10 11
39	11 12 4 5
40	9 10 1 5
41	8 5 7 11
42	13 5 14 11
43	1 3 8 7
44	10 11 7 2
45	10 14 13 2
46	9 14 4 13
47	4 12 3 14
48	8 9 11 12
49	8 10 14 12
50	2 10 5 9
