Students	50
1	7 8 12 4
2	8 13 10 11
3	10 6 8 2
4	8 7 10 3
5	9 11 5 10
6	14 7 6 8
7	8 14 7 4
8	11 1 14 2
9	6 7 10 9
10	2 4 1 3
11	12 14 3 6
12	11 3 8 9
13	12 5 6 2
14	11 4 1 10
15	5 10 12 9
16	10 7 12 11
17	6 3 10 14
18	13 5 14 1
19	7 1 3 6
20	13 5 2 14
21	3 1 12 9
22	13 7 10 3
23	2 3 1 6
24	13 3 14 7
25	10 2 4 13
26	10 14 12 5
27	4 13 12 2
28	12 10 1 13
29	7 9 12 11
30	9 10 8 14
31	8 13 9 11
32	9 2 7 14
33	12 7 3 10
34	8 4 9 7
35	11 14 10 13
36	2 3 13 9
37	12 2 10 9
38	5 13 9 3
39	6 2 12 5
40	14 10 9 8
41	5 10 11 13
42	9 4 10 6
43	12 2 3 13
44	10 9 12 8
45	13 2 4 8
46	5 1 4 13
47	5 13 8 2
48	14 7 6 5
49	10 14 7 4
50	5 2 13 6
