Students	50
1	7 6 8 11
2	14 2 13 8
3	3 4 6 2
4	2 3 6 10
5	9 1 7 4
6	4 3 7 13
7	8 1 9 11
8	8 12 11 13
9	8 6 11 12
10	13 5 11 1
11	7 13 3 10
12	5 3 4 13
13	6 9 11 5
14	10 5 1 9
15	10 14 3 13
16	3 5 8 9
17	13 4 8 3
18	3 4 8 12
19	1 5 3 9
20	14 7 3 1
21	11 9 14 5
22	1 14 11 9
23	12 2 1 7
24	14 3 5 13
25	4 5 13 14
26	7 5 10 11
27	2 12 5 7
28	5 14 10 1
29	12 13 9 5
30	1 6 5 2
31	4 1 13 11
32	2 11 5 1
33	13 4 9 12
34	2 4 6 12
35	5 13 2 8
36	6 12 1 4
37	3 7 6 10
38	6 8 9 14
39	2 5 6 3
40	4 2 13 12
41	8 13 7 10
42	2 14 10 12
43	5 3 6 12
44	13 10 11 4
45	13 12 11 14
46	12 13 9 11
47	13 5 2 3
48	3 9 1 5
49	10 5 14 13
50	13 11 3 5
