Class Times	30
Rooms	40
1	804
2	632
3	458
4	962
5	351
6	632
7	364
8	299
9	230
10	64
11	572
12	436
13	650
14	976
15	970
16	37
17	893
18	368
19	898
20	813
21	858
22	24
23	215
24	550
25	966
26	692
27	991
28	85
29	624
30	50
31	104
32	312
33	529
34	894
35	156
36	170
37	483
38	557
39	73
40	372
Classes	1200
Teachers	600
1	114
2	190
3	263
4	423
5	255
6	297
7	33
8	194
9	197
10	92
11	557
12	258
13	80
14	464
15	145
16	285
17	577
18	242
19	544
20	102
21	44
22	489
23	497
24	156
25	271
26	52
27	308
28	78
29	505
30	80
31	147
32	535
33	321
34	278
35	336
36	205
37	43
38	555
39	30
40	555
41	16
42	152
43	115
44	563
45	82
46	317
47	50
48	305
49	506
50	280
51	469
52	161
53	441
54	115
55	385
56	554
57	341
58	182
59	367
60	382
61	78
62	554
63	18
64	26
65	521
66	413
67	559
68	519
69	287
70	248
71	235
72	218
73	315
74	312
75	291
76	459
77	109
78	542
79	359
80	142
81	422
82	171
83	551
84	20
85	410
86	386
87	506
88	54
89	216
90	490
91	203
92	18
93	258
94	29
95	461
96	268
97	209
98	523
99	266
100	11
101	569
102	98
103	436
104	532
105	519
106	168
107	480
108	404
109	247
110	428
111	600
112	326
113	424
114	335
115	235
116	183
117	270
118	520
119	597
120	447
121	143
122	596
123	151
124	195
125	316
126	339
127	565
128	116
129	40
130	185
131	191
132	147
133	333
134	59
135	126
136	466
137	587
138	267
139	420
140	577
141	24
142	106
143	103
144	351
145	434
146	67
147	33
148	29
149	98
150	463
151	319
152	402
153	52
154	325
155	262
156	127
157	357
158	73
159	301
160	186
161	443
162	421
163	342
164	581
165	82
166	588
167	415
168	252
169	257
170	580
171	524
172	430
173	462
174	54
175	530
176	423
177	300
178	449
179	526
180	306
181	356
182	255
183	296
184	272
185	84
186	349
187	452
188	311
189	413
190	339
191	30
192	274
193	71
194	548
195	426
196	228
197	358
198	90
199	46
200	446
201	214
202	321
203	595
204	537
205	188
206	595
207	89
208	141
209	87
210	125
211	418
212	158
213	299
214	287
215	532
216	156
217	416
218	541
219	3
220	95
221	570
222	501
223	179
224	229
225	289
226	262
227	180
228	347
229	523
230	154
231	102
232	35
233	553
234	504
235	291
236	242
237	8
238	85
239	239
240	278
241	502
242	496
243	587
244	573
245	472
246	570
247	449
248	384
249	145
250	398
251	49
252	509
253	283
254	511
255	224
256	486
257	21
258	466
259	100
260	286
261	470
262	468
263	353
264	64
265	297
266	522
267	277
268	352
269	505
270	354
271	270
272	66
273	25
274	92
275	88
276	154
277	369
278	259
279	446
280	296
281	22
282	208
283	173
284	84
285	425
286	590
287	546
288	564
289	416
290	70
291	465
292	200
293	425
294	338
295	71
296	302
297	528
298	352
299	97
300	244
301	424
302	308
303	508
304	168
305	355
306	599
307	212
308	448
309	415
310	205
311	409
312	372
313	45
314	131
315	387
316	436
317	295
318	390
319	405
320	567
321	174
322	300
323	68
324	364
325	573
326	292
327	183
328	97
329	332
330	598
331	48
332	585
333	40
334	501
335	583
336	225
337	552
338	130
339	204
340	520
341	541
342	275
343	83
344	358
345	434
346	252
347	238
348	368
349	470
350	50
351	60
352	397
353	551
354	496
355	21
356	347
357	148
358	569
359	552
360	454
361	364
362	118
363	396
364	349
365	67
366	35
367	117
368	529
369	527
370	199
371	12
372	130
373	177
374	290
375	593
376	14
377	167
378	114
379	366
380	487
381	578
382	305
383	282
384	402
385	226
386	502
387	103
388	191
389	330
390	565
391	269
392	585
393	60
394	231
395	498
396	411
397	453
398	27
399	511
400	42
401	471
402	31
403	204
404	546
405	273
406	293
407	361
408	173
409	94
410	512
411	439
412	232
413	384
414	117
415	72
416	332
417	465
418	68
419	515
420	162
421	414
422	42
423	526
424	480
425	458
426	353
427	119
428	336
429	380
430	458
431	431
432	196
433	111
434	451
435	264
436	316
437	137
438	494
439	58
440	539
441	498
442	219
443	72
444	144
445	189
446	513
447	230
448	354
449	135
450	77
451	177
452	556
453	586
454	462
455	160
456	483
457	87
458	250
459	265
460	94
461	464
462	518
463	101
464	489
465	390
466	203
467	399
468	55
469	393
470	273
471	245
472	429
473	368
474	259
475	476
476	322
477	509
478	272
479	234
480	589
481	224
482	133
483	192
484	141
485	375
486	170
487	195
488	301
489	418
490	419
491	507
492	512
493	107
494	62
495	269
496	281
497	104
498	572
499	335
500	208
501	344
502	231
503	11
504	10
505	106
506	294
507	452
508	357
509	243
510	135
511	433
512	55
513	405
514	227
515	234
516	419
517	167
518	420
519	597
520	118
521	51
522	417
523	31
524	594
525	584
526	381
527	586
528	6
529	522
530	125
531	288
532	443
533	207
534	202
535	591
536	590
537	20
538	202
539	468
540	589
541	286
542	15
543	427
544	25
545	575
546	558
547	576
548	250
549	219
550	380
551	493
552	507
553	386
554	560
555	27
556	312
557	249
558	486
559	578
560	63
561	494
562	62
563	559
564	588
565	221
566	47
567	515
568	210
569	325
570	185
571	406
572	304
573	5
574	213
575	395
576	8
577	63
578	562
579	1
580	85
581	207
582	227
583	342
584	365
585	76
586	218
587	350
588	120
589	215
590	409
591	7
592	187
593	47
594	15
595	429
596	187
597	53
598	188
599	348
600	323
601	128
602	317
603	379
604	531
605	294
606	549
607	574
608	529
609	442
610	571
611	299
612	16
613	396
614	582
615	215
616	536
617	201
618	160
619	438
620	397
621	521
622	190
623	22
624	439
625	254
626	499
627	550
628	249
629	343
630	221
631	73
632	248
633	428
634	247
635	469
636	447
637	61
638	181
639	268
640	467
641	225
642	241
643	136
644	360
645	475
646	240
647	179
648	582
649	223
650	329
651	593
652	283
653	61
654	580
655	528
656	331
657	140
658	213
659	228
660	445
661	391
662	343
663	414
664	175
665	450
666	34
667	392
668	113
669	558
670	373
671	293
672	579
673	459
674	180
675	334
676	58
677	311
678	184
679	105
680	137
681	132
682	239
683	417
684	292
685	170
686	95
687	13
688	473
689	93
690	138
691	23
692	158
693	401
694	51
695	184
696	289
697	500
698	119
699	254
700	201
701	275
702	146
703	398
704	5
705	479
706	244
707	176
708	217
709	432
710	324
711	493
712	38
713	527
714	334
715	549
716	406
717	66
718	328
719	385
720	138
721	355
722	96
723	200
724	96
725	379
726	491
727	575
728	49
729	591
730	164
731	323
732	199
733	313
734	39
735	91
736	88
737	176
738	310
739	56
740	477
741	592
742	474
743	517
744	17
745	530
746	484
747	454
748	182
749	476
750	537
751	481
752	427
753	127
754	471
755	113
756	366
757	444
758	482
759	371
760	196
761	542
762	350
763	391
764	1
765	543
766	132
767	440
768	136
769	41
770	388
771	83
772	122
773	441
774	320
775	265
776	487
777	220
778	39
779	453
780	450
781	431
782	472
783	508
784	344
785	490
786	567
787	600
788	150
789	267
790	280
791	373
792	149
793	263
794	326
795	189
796	513
797	7
798	395
799	394
800	461
801	426
802	433
803	100
804	495
805	192
806	421
807	295
808	101
809	65
810	500
811	105
812	209
813	139
814	237
815	399
816	65
817	491
818	571
819	70
820	438
821	314
822	499
823	599
824	41
825	104
826	547
827	12
828	131
829	181
830	473
831	545
832	257
833	256
834	256
835	214
836	535
837	324
838	538
839	116
840	260
841	302
842	378
843	93
844	497
845	241
846	139
847	24
848	282
849	327
850	337
851	122
852	363
853	483
854	121
855	77
856	348
857	338
858	266
859	474
860	363
861	26
862	572
863	581
864	407
865	237
866	596
867	492
868	432
869	253
870	579
871	550
872	161
873	430
874	126
875	362
876	576
877	28
878	378
879	333
880	86
881	290
882	594
883	230
884	56
885	408
886	222
887	75
888	568
889	99
890	315
891	246
892	514
893	467
894	38
895	220
896	79
897	253
898	412
899	375
900	57
901	583
902	440
903	456
904	388
905	128
906	556
907	340
908	271
909	536
910	90
911	460
912	233
913	381
914	455
915	223
916	534
917	456
918	503
919	561
920	211
921	164
922	28
923	217
924	411
925	246
926	412
927	144
928	10
929	478
930	477
931	309
932	264
933	166
934	392
935	562
936	79
937	120
938	193
939	404
940	129
941	444
942	133
943	561
944	374
945	329
946	245
947	492
948	564
949	75
950	162
951	110
952	307
953	525
954	310
955	274
956	534
957	34
958	584
959	111
960	169
961	553
962	557
963	48
964	303
965	359
966	36
967	485
968	169
969	277
970	538
971	143
972	23
973	232
974	463
975	91
976	303
977	361
978	376
979	540
980	146
981	261
982	503
983	360
984	238
985	482
986	14
987	374
988	171
989	319
990	389
991	495
992	442
993	129
994	194
995	394
996	313
997	279
998	53
999	525
1000	69
1001	150
1002	479
1003	107
1004	401
1005	57
1006	478
1007	383
1008	45
1009	197
1010	69
1011	475
1012	574
1013	566
1014	76
1015	460
1016	351
1017	142
1018	365
1019	437
1020	151
1021	422
1022	485
1023	314
1024	481
1025	123
1026	165
1027	568
1028	74
1029	518
1030	174
1031	251
1032	504
1033	251
1034	524
1035	6
1036	172
1037	285
1038	64
1039	387
1040	484
1041	284
1042	4
1043	341
1044	457
1045	46
1046	370
1047	74
1048	152
1049	457
1050	488
1051	284
1052	281
1053	445
1054	371
1055	488
1056	306
1057	543
1058	198
1059	206
1060	210
1061	89
1062	206
1063	108
1064	36
1065	340
1066	393
1067	369
1068	148
1069	109
1070	592
1071	563
1072	13
1073	514
1074	376
1075	37
1076	328
1077	408
1078	216
1079	327
1080	59
1081	279
1082	533
1083	2
1084	547
1085	288
1086	383
1087	124
1088	226
1089	400
1090	99
1091	37
1092	9
1093	322
1094	455
1095	531
1096	110
1097	81
1098	81
1099	435
1100	44
1101	566
1102	517
1103	539
1104	362
1105	175
1106	598
1107	172
1108	370
1109	3
1110	389
1111	2
1112	260
1113	367
1114	330
1115	533
1116	545
1117	112
1118	236
1119	410
1120	240
1121	346
1122	377
1123	307
1124	261
1125	516
1126	43
1127	157
1128	178
1129	166
1130	163
1131	560
1132	193
1133	211
1134	124
1135	309
1136	140
1137	382
1138	9
1139	222
1140	243
1141	304
1142	178
1143	236
1144	331
1145	318
1146	437
1147	544
1148	19
1149	19
1150	548
1151	451
1152	435
1153	121
1154	4
1155	165
1156	212
1157	516
1158	298
1159	407
1160	400
1161	159
1162	372
1163	540
1164	356
1165	298
1166	229
1167	155
1168	318
1169	448
1170	377
1171	86
1172	153
1173	233
1174	510
1175	149
1176	510
1177	163
1178	186
1179	153
1180	17
1181	159
1182	337
1183	123
1184	276
1185	346
1186	345
1187	157
1188	32
1189	345
1190	32
1191	320
1192	112
1193	155
1194	134
1195	276
1196	198
1197	108
1198	134
1199	403
1200	403
