Students	50
1	1 4 10 14
2	4 9 12 13
3	7 3 2 14
4	5 9 10 7
5	13 1 9 6
6	1 7 9 12
7	10 12 1 3
8	6 12 14 10
9	13 1 9 14
10	6 9 12 13
11	5 6 13 14
12	9 4 14 1
13	13 5 11 14
14	1 4 13 9
15	14 5 2 13
16	14 5 11 12
17	6 2 12 10
18	11 2 1 5
19	9 4 1 10
20	3 7 1 2
21	6 12 3 8
22	10 2 14 1
23	8 9 1 10
24	9 8 14 7
25	3 8 1 14
26	14 4 5 11
27	14 8 6 12
28	9 8 12 2
29	13 9 7 11
30	8 9 2 1
31	3 13 4 12
32	2 14 4 11
33	12 4 7 14
34	8 14 7 5
35	12 5 2 11
36	7 12 3 14
37	12 7 3 10
38	1 11 13 10
39	12 7 13 11
40	5 10 1 6
41	12 4 13 5
42	1 8 13 6
43	7 10 8 12
44	14 8 6 1
45	3 4 2 13
46	1 14 9 5
47	1 3 7 14
48	2 7 3 1
49	10 1 5 14
50	2 6 8 12
