Students	50
1	3 1 5 12
2	3 1 7 6
3	13 7 2 14
4	12 3 4 1
5	12 7 1 2
6	2 3 8 14
7	1 11 9 13
8	10 11 5 4
9	12 10 7 5
10	1 13 8 4
11	5 1 3 4
12	6 2 1 3
13	1 10 7 11
14	5 1 14 9
15	3 12 5 13
16	5 6 2 13
17	10 4 9 3
18	11 13 2 6
19	5 14 9 4
20	12 10 1 5
21	7 1 13 9
22	8 14 13 10
23	8 3 7 6
24	2 7 8 9
25	6 5 7 1
26	3 5 13 7
27	11 14 1 2
28	8 6 12 14
29	7 2 8 13
30	9 13 8 6
31	1 6 9 2
32	11 9 6 10
33	6 13 11 14
34	12 2 4 9
35	14 5 8 9
36	3 13 2 6
37	5 4 14 2
38	13 1 10 14
39	5 1 4 11
40	5 6 1 3
41	13 10 12 3
42	3 1 10 14
43	13 9 2 5
44	2 1 5 10
45	11 7 3 8
46	5 11 14 9
47	9 12 11 5
48	11 12 13 9
49	2 7 6 3
50	9 7 4 6
