Class Times	30
Rooms	40
1	667
2	930
3	451
4	717
5	484
6	411
7	526
8	921
9	894
10	580
11	940
12	151
13	923
14	331
15	742
16	995
17	48
18	537
19	576
20	766
21	539
22	710
23	514
24	593
25	978
26	954
27	655
28	226
29	44
30	784
31	263
32	439
33	55
34	32
35	673
36	571
37	18
38	408
39	588
40	214
Classes	500
Teachers	250
1	148
2	188
3	145
4	29
5	135
6	237
7	194
8	49
9	98
10	161
11	133
12	42
13	189
14	190
15	35
16	107
17	244
18	45
19	210
20	159
21	127
22	218
23	174
24	92
25	13
26	207
27	163
28	41
29	135
30	243
31	122
32	245
33	109
34	74
35	247
36	170
37	112
38	168
39	225
40	18
41	249
42	12
43	238
44	5
45	178
46	222
47	102
48	120
49	22
50	167
51	86
52	164
53	214
54	192
55	168
56	216
57	207
58	136
59	96
60	67
61	127
62	235
63	45
64	159
65	117
66	116
67	248
68	106
69	196
70	31
71	125
72	176
73	149
74	30
75	214
76	99
77	246
78	224
79	196
80	176
81	216
82	73
83	146
84	166
85	234
86	81
87	59
88	107
89	25
90	95
91	66
92	132
93	199
94	130
95	99
96	81
97	86
98	69
99	74
100	225
101	62
102	145
103	48
104	10
105	129
106	27
107	124
108	36
109	79
110	72
111	89
112	32
113	211
114	48
115	116
116	156
117	248
118	5
119	34
120	75
121	19
122	169
123	165
124	126
125	160
126	46
127	183
128	210
129	175
130	38
131	215
132	63
133	83
134	44
135	160
136	7
137	118
138	233
139	131
140	96
141	106
142	28
143	66
144	109
145	78
146	141
147	84
148	40
149	237
150	72
151	238
152	221
153	46
154	18
155	174
156	193
157	59
158	169
159	90
160	71
161	83
162	138
163	152
164	58
165	22
166	56
167	103
168	172
169	243
170	185
171	50
172	232
173	161
174	77
175	111
176	231
177	71
178	224
179	234
180	151
181	183
182	82
183	44
184	197
185	241
186	69
187	23
188	221
189	70
190	95
191	194
192	88
193	65
194	105
195	3
196	142
197	42
198	164
199	156
200	212
201	43
202	32
203	47
204	211
205	21
206	143
207	219
208	120
209	138
210	85
211	250
212	130
213	37
214	65
215	31
216	67
217	101
218	233
219	97
220	192
221	133
222	80
223	123
224	89
225	51
226	94
227	219
228	33
229	152
230	244
231	60
232	52
233	165
234	198
235	119
236	218
237	197
238	122
239	148
240	77
241	64
242	212
243	190
244	108
245	141
246	87
247	63
248	142
249	182
250	167
251	13
252	242
253	61
254	55
255	226
256	129
257	175
258	111
259	144
260	110
261	199
262	61
263	75
264	2
265	98
266	100
267	144
268	239
269	235
270	115
271	28
272	208
273	204
274	37
275	105
276	206
277	173
278	186
279	205
280	240
281	220
282	241
283	114
284	113
285	53
286	153
287	43
288	30
289	206
290	178
291	9
292	139
293	226
294	202
295	140
296	34
297	80
298	173
299	189
300	140
301	242
302	2
303	223
304	215
305	193
306	220
307	185
308	90
309	245
310	87
311	58
312	12
313	200
314	246
315	158
316	213
317	47
318	188
319	6
320	10
321	177
322	203
323	117
324	166
325	100
326	114
327	139
328	170
329	157
330	128
331	229
332	25
333	155
334	209
335	60
336	29
337	73
338	126
339	53
340	227
341	179
342	115
343	146
344	92
345	54
346	85
347	239
348	91
349	208
350	191
351	230
352	41
353	104
354	249
355	200
356	118
357	180
358	204
359	51
360	184
361	64
362	36
363	137
364	70
365	123
366	205
367	121
368	201
369	163
370	157
371	84
372	153
373	179
374	158
375	104
376	101
377	191
378	57
379	54
380	76
381	103
382	247
383	4
384	195
385	76
386	149
387	23
388	94
389	79
390	228
391	14
392	14
393	223
394	217
395	113
396	121
397	108
398	35
399	201
400	50
401	9
402	16
403	222
404	97
405	182
406	154
407	128
408	181
409	78
410	110
411	227
412	172
413	17
414	195
415	40
416	91
417	82
418	240
419	49
420	250
421	154
422	203
423	88
424	134
425	132
426	181
427	171
428	217
429	155
430	187
431	236
432	171
433	162
434	162
435	11
436	19
437	125
438	52
439	209
440	112
441	38
442	213
443	24
444	131
445	143
446	8
447	230
448	1
449	102
450	93
451	119
452	8
453	187
454	124
455	93
456	1
457	198
458	3
459	231
460	39
461	21
462	33
463	15
464	39
465	229
466	202
467	16
468	15
469	134
470	7
471	147
472	232
473	136
474	26
475	68
476	17
477	57
478	137
479	24
480	11
481	56
482	180
483	184
484	68
485	177
486	26
487	151
488	147
489	236
490	150
491	4
492	186
493	62
494	6
495	55
496	27
497	20
498	228
499	20
500	150
