Class Times	30
Rooms	40
1	155
2	963
3	814
4	984
5	941
6	305
7	149
8	766
9	712
10	663
11	754
12	157
13	295
14	331
15	946
16	543
17	472
18	458
19	247
20	440
21	317
22	654
23	785
24	972
25	81
26	528
27	244
28	98
29	834
30	114
31	738
32	853
33	146
34	774
35	95
36	692
37	171
38	615
39	579
40	45
Classes	500
Teachers	250
1	225
2	138
3	69
4	193
5	147
6	191
7	121
8	165
9	57
10	185
11	39
12	217
13	65
14	107
15	36
16	80
17	24
18	41
19	100
20	232
21	192
22	37
23	162
24	76
25	142
26	4
27	159
28	183
29	159
30	70
31	144
32	180
33	220
34	9
35	2
36	57
37	39
38	236
39	124
40	91
41	242
42	112
43	81
44	123
45	195
46	138
47	124
48	245
49	5
50	61
51	48
52	47
53	34
54	105
55	120
56	143
57	93
58	75
59	177
60	128
61	110
62	52
63	143
64	100
65	239
66	217
67	59
68	151
69	189
70	40
71	144
72	66
73	37
74	135
75	111
76	177
77	10
78	22
79	58
80	196
81	150
82	80
83	234
84	108
85	87
86	160
87	229
88	94
89	233
90	150
91	206
92	176
93	245
94	13
95	164
96	198
97	227
98	233
99	5
100	77
101	183
102	103
103	54
104	175
105	83
106	18
107	61
108	45
109	59
110	6
111	109
112	148
113	81
114	43
115	18
116	128
117	55
118	139
119	1
120	103
121	88
122	63
123	27
124	140
125	27
126	131
127	132
128	112
129	114
130	156
131	225
132	189
133	130
134	119
135	147
136	220
137	236
138	74
139	110
140	218
141	4
142	32
143	15
144	7
145	23
146	244
147	99
148	195
149	219
150	174
151	73
152	206
153	186
154	127
155	38
156	165
157	3
158	192
159	130
160	129
161	247
162	170
163	75
164	71
165	187
166	53
167	14
168	181
169	141
170	186
171	193
172	120
173	93
174	109
175	244
176	173
177	223
178	101
179	247
180	72
181	29
182	63
183	6
184	44
185	49
186	16
187	209
188	108
189	28
190	234
191	121
192	196
193	64
194	30
195	215
196	23
197	38
198	209
199	210
200	227
201	69
202	106
203	204
204	95
205	95
206	71
207	22
208	228
209	19
210	246
211	129
212	246
213	35
214	106
215	141
216	96
217	139
218	215
219	107
220	92
221	158
222	72
223	105
224	180
225	194
226	10
227	242
228	24
229	157
230	1
231	164
232	76
233	25
234	172
235	228
236	151
237	191
238	7
239	145
240	249
241	158
242	15
243	47
244	157
245	200
246	33
247	170
248	240
249	8
250	32
251	50
252	148
253	58
254	204
255	213
256	146
257	198
258	155
259	133
260	40
261	231
262	9
263	131
264	49
265	77
266	3
267	65
268	33
269	51
270	133
271	188
272	126
273	202
274	117
275	239
276	34
277	19
278	163
279	210
280	152
281	218
282	207
283	66
284	174
285	185
286	116
287	119
288	122
289	62
290	237
291	213
292	167
293	2
294	137
295	232
296	169
297	35
298	221
299	222
300	87
301	46
302	241
303	28
304	175
305	132
306	222
307	187
308	178
309	97
310	94
311	235
312	13
313	14
314	20
315	134
316	89
317	97
318	145
319	163
320	62
321	118
322	64
323	91
324	197
325	43
326	117
327	26
328	20
329	208
330	50
331	214
332	29
333	73
334	167
335	211
336	46
337	101
338	90
339	156
340	250
341	111
342	90
343	56
344	16
345	25
346	88
347	51
348	173
349	203
350	230
351	190
352	86
353	56
354	52
355	137
356	153
357	36
358	197
359	238
360	102
361	168
362	84
363	201
364	161
365	125
366	230
367	161
368	44
369	184
370	202
371	249
372	74
373	82
374	226
375	134
376	240
377	221
378	67
379	235
380	84
381	200
382	181
383	176
384	214
385	190
386	85
387	212
388	171
389	152
390	55
391	146
392	83
393	99
394	248
395	237
396	248
397	162
398	238
399	223
400	201
401	115
402	194
403	42
404	8
405	96
406	160
407	126
408	178
409	104
410	154
411	250
412	203
413	125
414	224
415	166
416	122
417	114
418	205
419	12
420	26
421	199
422	226
423	53
424	12
425	123
426	199
427	78
428	82
429	140
430	78
431	212
432	231
433	149
434	155
435	17
436	205
437	30
438	60
439	45
440	118
441	54
442	42
443	219
444	154
445	166
446	207
447	188
448	224
449	17
450	127
451	41
452	216
453	169
454	115
455	67
456	142
457	60
458	179
459	113
460	168
461	104
462	171
463	116
464	229
465	11
466	68
467	243
468	136
469	98
470	179
471	70
472	184
473	136
474	241
475	243
476	182
477	31
478	21
479	135
480	208
481	86
482	102
483	92
484	153
485	216
486	89
487	21
488	48
489	182
490	211
491	98
492	31
493	68
494	149
495	172
496	85
497	79
498	11
499	113
500	79
