Class Times	30
Rooms	40
1	655
2	808
3	794
4	747
5	432
6	122
7	709
8	773
9	312
10	194
11	648
12	423
13	212
14	922
15	294
16	513
17	18
18	31
19	636
20	624
21	394
22	783
23	685
24	998
25	19
26	433
27	895
28	168
29	292
30	896
31	61
32	732
33	941
34	655
35	659
36	245
37	921
38	540
39	270
40	395
Classes	500
Teachers	250
1	29
2	232
3	155
4	51
5	41
6	185
7	60
8	50
9	37
10	168
11	76
12	182
13	61
14	12
15	167
16	53
17	16
18	11
19	34
20	81
21	232
22	2
23	138
24	171
25	225
26	116
27	178
28	228
29	165
30	120
31	221
32	79
33	106
34	238
35	240
36	71
37	6
38	164
39	203
40	65
41	67
42	39
43	235
44	38
45	186
46	192
47	189
48	119
49	31
50	198
51	150
52	194
53	84
54	195
55	88
56	53
57	64
58	214
59	15
60	249
61	35
62	245
63	119
64	20
65	144
66	68
67	16
68	203
69	87
70	83
71	125
72	30
73	236
74	151
75	156
76	245
77	160
78	80
79	20
80	122
81	247
82	49
83	162
84	23
85	200
86	95
87	183
88	46
89	18
90	45
91	208
92	153
93	85
94	100
95	8
96	21
97	67
98	142
99	130
100	242
101	231
102	188
103	113
104	5
105	14
106	111
107	54
108	186
109	72
110	148
111	57
112	7
113	5
114	165
115	27
116	196
117	210
118	240
119	157
120	11
121	228
122	169
123	179
124	175
125	55
126	2
127	35
128	197
129	101
130	100
131	216
132	15
133	110
134	237
135	114
136	69
137	89
138	196
139	103
140	79
141	17
142	4
143	75
144	91
145	222
146	239
147	246
148	43
149	75
150	153
151	111
152	223
153	44
154	64
155	72
156	112
157	51
158	155
159	161
160	30
161	156
162	152
163	191
164	223
165	173
166	242
167	81
168	9
169	13
170	133
171	48
172	197
173	175
174	137
175	159
176	62
177	13
178	44
179	178
180	219
181	117
182	37
183	179
184	19
185	60
186	92
187	118
188	90
189	92
190	202
191	55
192	234
193	32
194	82
195	247
196	106
197	96
198	29
199	86
200	128
201	241
202	216
203	82
204	205
205	70
206	58
207	99
208	49
209	90
210	77
211	3
212	127
213	237
214	159
215	56
216	220
217	73
218	137
219	188
220	6
221	193
222	139
223	250
224	225
225	219
226	243
227	227
228	39
229	46
230	169
231	108
232	84
233	198
234	236
235	23
236	116
237	150
238	114
239	132
240	107
241	102
242	241
243	85
244	7
245	145
246	52
247	9
248	214
249	147
250	108
251	103
252	193
253	112
254	164
255	147
256	86
257	59
258	4
259	22
260	174
261	174
262	58
263	212
264	211
265	187
266	246
267	27
268	120
269	168
270	209
271	22
272	127
273	94
274	91
275	48
276	3
277	190
278	107
279	101
280	148
281	187
282	229
283	199
284	207
285	80
286	154
287	132
288	163
289	138
290	234
291	121
292	161
293	191
294	121
295	190
296	145
297	123
298	38
299	244
300	21
301	129
302	238
303	118
304	249
305	170
306	167
307	10
308	34
309	194
310	78
311	74
312	221
313	25
314	152
315	76
316	66
317	77
318	83
319	136
320	19
321	199
322	181
323	133
324	129
325	144
326	212
327	184
328	211
329	185
330	217
331	192
332	115
333	17
334	200
335	134
336	135
337	205
338	151
339	244
340	99
341	130
342	162
343	74
344	88
345	54
346	36
347	43
348	136
349	117
350	71
351	233
352	231
353	226
354	70
355	18
356	41
357	128
358	135
359	158
360	160
361	40
362	125
363	89
364	131
365	31
366	143
367	176
368	218
369	149
370	26
371	158
372	52
373	102
374	173
375	195
376	202
377	104
378	110
379	33
380	66
381	61
382	180
383	123
384	109
385	201
386	57
387	141
388	170
389	180
390	10
391	230
392	183
393	47
394	8
395	124
396	36
397	224
398	139
399	243
400	96
401	126
402	146
403	239
404	59
405	109
406	14
407	182
408	98
409	204
410	157
411	235
412	40
413	215
414	98
415	146
416	184
417	226
418	220
419	56
420	230
421	141
422	115
423	104
424	68
425	69
426	87
427	208
428	1
429	25
430	171
431	24
432	124
433	172
434	250
435	149
436	206
437	210
438	201
439	227
440	33
441	97
442	65
443	204
444	47
445	176
446	63
447	12
448	143
449	26
450	163
451	213
452	94
453	209
454	142
455	95
456	229
457	63
458	166
459	105
460	50
461	177
462	172
463	24
464	105
465	218
466	32
467	78
468	206
469	73
470	222
471	93
472	233
473	131
474	248
475	140
476	1
477	113
478	177
479	181
480	140
481	207
482	166
483	213
484	126
485	62
486	248
487	93
488	97
489	134
490	45
491	28
492	122
493	154
494	215
495	28
496	189
497	42
498	217
499	42
500	224
