Class Times	30
Rooms	40
1	23
2	279
3	700
4	771
5	24
6	796
7	439
8	644
9	985
10	221
11	677
12	241
13	318
14	67
15	497
16	496
17	111
18	435
19	357
20	181
21	847
22	940
23	571
24	949
25	664
26	349
27	891
28	971
29	555
30	983
31	62
32	667
33	174
34	953
35	694
36	772
37	860
38	143
39	284
40	369
Classes	500
Teachers	250
1	195
2	181
3	46
4	126
5	120
6	244
7	189
8	240
9	28
10	205
11	141
12	86
13	142
14	247
15	199
16	162
17	118
18	167
19	77
20	129
21	144
22	151
23	245
24	8
25	158
26	137
27	207
28	33
29	7
30	250
31	178
32	42
33	174
34	233
35	13
36	237
37	160
38	179
39	78
40	86
41	102
42	138
43	153
44	168
45	1
46	206
47	8
48	57
49	120
50	220
51	4
52	230
53	214
54	52
55	228
56	26
57	68
58	90
59	90
60	118
61	200
62	162
63	176
64	190
65	7
66	23
67	36
68	42
69	207
70	184
71	214
72	173
73	125
74	229
75	82
76	104
77	163
78	123
79	80
80	70
81	138
82	168
83	5
84	226
85	51
86	77
87	191
88	166
89	161
90	78
91	14
92	232
93	11
94	31
95	56
96	199
97	213
98	81
99	89
100	185
101	194
102	106
103	135
104	155
105	172
106	226
107	52
108	74
109	92
110	114
111	18
112	161
113	156
114	240
115	94
116	230
117	66
118	216
119	25
120	196
121	38
122	171
123	72
124	202
125	68
126	111
127	189
128	205
129	128
130	184
131	209
132	88
133	51
134	166
135	142
136	170
137	81
138	97
139	132
140	179
141	83
142	197
143	157
144	145
145	20
146	149
147	53
148	222
149	5
150	215
151	31
152	133
153	221
154	216
155	157
156	235
157	53
158	160
159	105
160	237
161	111
162	76
163	69
164	145
165	103
166	123
167	96
168	204
169	41
170	63
171	183
172	71
173	112
174	84
175	215
176	206
177	65
178	95
179	101
180	150
181	195
182	39
183	107
184	92
185	75
186	236
187	177
188	37
189	11
190	246
191	242
192	24
193	127
194	50
195	131
196	73
197	209
198	96
199	152
200	175
201	14
202	63
203	83
204	202
205	152
206	182
207	186
208	146
209	155
210	28
211	66
212	246
213	225
214	80
215	119
216	220
217	131
218	149
219	247
220	91
221	67
222	35
223	6
224	147
225	9
226	135
227	64
228	17
229	223
230	121
231	177
232	222
233	112
234	122
235	43
236	95
237	10
238	211
239	37
240	249
241	38
242	55
243	200
244	158
245	229
246	180
247	213
248	175
249	101
250	108
251	73
252	110
253	176
254	91
255	203
256	3
257	84
258	18
259	169
260	136
261	75
262	127
263	249
264	88
265	40
266	140
267	10
268	71
269	164
270	16
271	143
272	107
273	191
274	174
275	25
276	178
277	33
278	197
279	167
280	102
281	239
282	198
283	137
284	21
285	100
286	204
287	224
288	24
289	218
290	74
291	72
292	218
293	244
294	119
295	238
296	243
297	30
298	132
299	2
300	181
301	169
302	156
303	9
304	103
305	250
306	110
307	203
308	232
309	19
310	27
311	116
312	115
313	49
314	113
315	224
316	153
317	236
318	108
319	154
320	104
321	89
322	59
323	122
324	198
325	129
326	233
327	27
328	39
329	45
330	144
331	125
332	35
333	150
334	231
335	194
336	227
337	173
338	134
339	238
340	113
341	94
342	60
343	148
344	225
345	185
346	196
347	19
348	235
349	17
350	13
351	192
352	49
353	211
354	154
355	58
356	180
357	85
358	12
359	46
360	6
361	208
362	106
363	76
364	69
365	47
366	44
367	36
368	29
369	210
370	32
371	172
372	22
373	193
374	22
375	109
376	48
377	245
378	187
379	48
380	128
381	186
382	164
383	58
384	124
385	124
386	61
387	43
388	151
389	26
390	210
391	242
392	87
393	30
394	190
395	61
396	100
397	114
398	98
399	2
400	140
401	130
402	212
403	217
404	70
405	87
406	44
407	170
408	1
409	208
410	136
411	79
412	134
413	223
414	248
415	228
416	217
417	212
418	227
419	21
420	98
421	146
422	221
423	126
424	60
425	3
426	41
427	163
428	65
429	234
430	54
431	234
432	55
433	62
434	231
435	141
436	187
437	147
438	34
439	117
440	201
441	139
442	15
443	193
444	20
445	40
446	57
447	93
448	99
449	45
450	109
451	29
452	34
453	54
454	59
455	139
456	143
457	192
458	62
459	148
460	219
461	133
462	243
463	99
464	239
465	241
466	115
467	16
468	85
469	201
470	248
471	50
472	241
473	116
474	97
475	105
476	4
477	47
478	219
479	79
480	67
481	171
482	117
483	23
484	121
485	64
486	12
487	32
488	82
489	159
490	93
491	130
492	159
493	188
494	165
495	183
496	56
497	188
498	182
499	165
500	15
