Students	5000
1	21 451 277 219
2	76 389 443 55
3	54 447 77 51
4	364 451 411 23
5	377 435 441 238
6	253 486 336 179
7	410 196 85 287
8	219 244 152 175
9	468 29 291 58
10	186 71 320 262
11	439 143 311 102
12	489 127 153 278
13	34 60 93 338
14	96 345 255 239
15	95 499 83 487
16	427 408 9 196
17	419 351 223 267
18	171 135 438 157
19	376 186 158 198
20	252 232 282 472
21	344 33 95 326
22	439 124 54 133
23	130 133 157 424
24	127 292 410 421
25	12 364 35 141
26	444 490 92 333
27	7 105 197 174
28	148 41 331 74
29	216 5 367 366
30	181 50 22 315
31	306 317 17 182
32	365 328 182 180
33	270 323 67 195
34	368 142 126 254
35	73 227 49 209
36	488 490 33 54
37	147 416 12 215
38	261 98 38 152
39	445 499 488 278
40	20 73 255 209
41	423 187 425 437
42	350 285 120 287
43	335 297 59 492
44	245 470 242 340
45	150 414 293 466
46	379 316 491 262
47	217 152 295 204
48	55 389 339 316
49	4 378 109 402
50	270 166 93 156
51	347 280 260 449
52	278 203 431 12
53	91 269 470 180
54	174 40 335 389
55	431 391 286 156
56	274 333 309 400
57	487 162 124 194
58	456 473 479 53
59	327 86 409 295
60	180 464 18 459
61	180 35 252 155
62	81 268 40 70
63	44 134 323 227
64	334 11 38 79
65	199 396 330 290
66	485 500 116 175
67	369 487 296 165
68	11 376 273 279
69	376 201 104 75
70	126 433 182 346
71	141 72 94 276
72	250 148 439 161
73	272 405 277 352
74	48 340 500 420
75	253 459 125 55
76	149 62 63 151
77	446 86 175 296
78	420 321 431 265
79	140 202 104 267
80	160 111 466 230
81	376 210 275 299
82	121 349 63 4
83	101 209 179 347
84	22 367 163 434
85	433 236 75 18
86	82 398 176 415
87	456 162 90 284
88	90 161 313 78
89	486 393 456 389
90	210 136 215 238
91	128 130 40 146
92	471 432 407 248
93	282 56 273 93
94	358 278 45 267
95	404 116 103 10
96	467 150 71 244
97	429 320 62 59
98	406 333 402 227
99	236 443 103 203
100	480 347 419 285
101	376 440 354 208
102	178 100 69 39
103	53 464 23 391
104	138 444 92 403
105	470 487 232 282
106	4 385 437 231
107	212 266 148 142
108	42 143 167 89
109	230 145 384 219
110	401 49 237 364
111	317 87 241 259
112	142 307 363 175
113	236 15 171 439
114	116 344 447 263
115	366 201 276 398
116	377 107 80 90
117	160 140 355 1
118	282 194 496 6
119	414 267 140 478
120	486 244 412 312
121	84 372 105 281
122	325 469 447 149
123	345 449 235 403
124	51 145 42 191
125	315 452 63 442
126	500 330 307 102
127	39 13 18 134
128	280 13 273 31
129	434 420 109 55
130	154 112 45 163
131	2 450 170 271
132	118 194 345 432
133	393 401 242 490
134	424 13 321 9
135	148 498 292 108
136	302 479 403 84
137	390 155 244 113
138	479 426 320 211
139	133 400 281 445
140	325 47 151 191
141	474 132 101 222
142	421 216 43 12
143	498 228 185 186
144	212 411 408 316
145	452 413 256 328
146	79 329 59 224
147	9 189 412 342
148	154 336 337 70
149	286 33 414 463
150	28 283 332 224
151	206 1 343 227
152	170 314 304 206
153	324 322 239 354
154	336 191 369 184
155	287 11 473 231
156	84 326 409 278
157	286 13 399 424
158	127 95 58 237
159	96 381 387 188
160	235 234 381 174
161	97 484 53 191
162	196 33 194 480
163	99 273 433 483
164	456 277 133 437
165	251 155 488 271
166	24 363 302 256
167	349 102 160 162
168	496 259 423 435
169	43 148 252 325
170	173 496 14 370
171	83 50 133 447
172	168 152 155 40
173	98 472 232 388
174	173 335 355 443
175	212 143 425 160
176	149 475 32 128
177	287 114 279 178
178	113 324 447 282
179	80 344 176 209
180	458 388 338 315
181	211 23 86 76
182	305 127 242 245
183	12 222 250 402
184	298 132 304 480
185	91 132 159 120
186	493 121 23 217
187	276 383 133 474
188	31 9 93 253
189	1 150 336 449
190	205 457 56 429
191	228 477 355 356
192	218 261 109 256
193	14 28 460 301
194	491 122 372 489
195	19 231 329 321
196	263 317 419 40
197	470 66 401 255
198	388 18 314 97
199	372 55 143 276
200	320 497 225 239
201	180 323 266 43
202	87 227 78 73
203	71 433 442 93
204	257 408 443 148
205	11 57 280 404
206	429 243 123 418
207	418 386 188 498
208	97 357 73 493
209	430 84 397 46
210	427 65 452 284
211	38 473 184 159
212	473 275 166 337
213	207 52 377 423
214	192 215 369 328
215	50 376 411 237
216	265 226 311 164
217	83 264 154 165
218	228 308 467 66
219	234 268 296 304
220	207 237 211 310
221	375 295 464 104
222	208 471 211 461
223	454 275 216 130
224	381 290 24 55
225	66 279 316 491
226	449 22 112 116
227	226 471 120 496
228	147 445 276 279
229	97 381 26 93
230	454 438 110 37
231	430 470 306 289
232	162 186 274 248
233	168 64 145 9
234	485 268 410 108
235	315 313 492 280
236	282 227 86 193
237	5 411 245 166
238	283 277 145 480
239	46 448 465 98
240	277 97 252 492
241	162 380 156 57
242	148 234 350 265
243	186 256 207 47
244	380 5 59 365
245	53 495 362 447
246	255 361 379 4
247	111 187 22 23
248	347 56 280 140
249	43 91 393 360
250	161 126 494 23
251	7 184 309 438
252	321 48 461 267
253	35 377 182 314
254	119 140 12 421
255	198 221 271 159
256	407 204 421 362
257	138 187 467 375
258	432 81 489 41
259	195 395 445 109
260	8 296 280 229
261	99 419 458 243
262	187 166 71 416
263	475 123 87 292
264	82 258 440 387
265	334 294 102 197
266	358 345 250 306
267	123 150 55 142
268	116 26 84 291
269	1 190 412 346
270	375 488 397 46
271	95 170 483 208
272	228 425 368 37
273	178 413 444 286
274	397 472 62 90
275	1 9 118 319
276	438 93 110 476
277	360 426 140 343
278	129 213 169 211
279	389 425 375 500
280	283 29 423 290
281	88 151 372 253
282	171 286 341 495
283	198 223 235 27
284	55 492 325 205
285	150 97 149 225
286	5 437 224 340
287	115 496 285 137
288	84 88 31 125
289	445 191 79 463
290	338 364 317 346
291	235 425 276 44
292	107 20 218 135
293	188 329 289 362
294	159 338 410 55
295	23 219 247 22
296	391 101 200 401
297	294 239 158 201
298	498 286 382 182
299	221 365 349 447
300	393 245 74 148
301	372 450 305 291
302	472 148 237 48
303	461 16 155 316
304	381 284 4 21
305	420 213 443 155
306	367 399 350 91
307	458 450 347 395
308	60 77 473 245
309	402 389 286 450
310	89 275 68 437
311	303 170 315 248
312	351 17 410 130
313	39 425 370 460
314	482 358 387 140
315	488 327 310 50
316	139 150 267 108
317	256 184 241 103
318	100 314 96 335
319	423 284 436 196
320	385 244 217 88
321	363 482 89 59
322	175 173 358 152
323	320 268 366 359
324	155 299 286 60
325	156 360 65 194
326	123 203 371 395
327	480 157 328 250
328	230 73 346 489
329	279 194 89 129
330	77 28 335 78
331	82 107 490 480
332	83 357 27 189
333	274 414 138 405
334	42 269 106 73
335	263 332 38 44
336	144 340 233 452
337	403 199 84 318
338	401 124 24 214
339	361 466 335 67
340	394 37 64 381
341	440 155 305 142
342	138 419 37 361
343	331 80 190 77
344	448 372 76 453
345	246 91 405 51
346	237 280 362 17
347	474 42 391 199
348	431 143 441 7
349	87 167 499 216
350	377 223 63 248
351	226 38 269 295
352	44 208 183 434
353	254 270 159 144
354	140 55 21 263
355	418 182 206 175
356	381 363 296 18
357	194 128 238 462
358	95 136 436 138
359	478 292 100 171
360	146 21 181 450
361	467 291 389 491
362	229 140 86 300
363	254 15 441 440
364	77 387 455 208
365	475 234 269 46
366	333 120 233 2
367	176 118 281 36
368	476 1 316 97
369	46 440 496 58
370	70 266 145 154
371	172 378 487 384
372	398 107 265 368
373	56 496 85 215
374	75 403 378 494
375	338 153 309 415
376	167 438 122 473
377	419 298 181 448
378	77 378 45 218
379	487 293 413 277
380	495 155 395 117
381	400 141 85 233
382	131 128 448 288
383	350 243 152 112
384	138 264 177 424
385	297 49 127 271
386	200 327 68 301
387	315 242 478 69
388	116 6 377 124
389	228 375 118 259
390	431 154 26 388
391	195 208 19 298
392	172 294 228 320
393	306 263 213 89
394	123 334 268 263
395	187 489 471 328
396	258 427 115 3
397	181 259 153 413
398	457 241 336 157
399	254 286 82 352
400	463 432 410 119
401	495 421 466 171
402	252 465 225 497
403	337 206 124 47
404	420 493 127 107
405	475 445 347 280
406	80 382 433 316
407	400 496 389 206
408	375 73 318 459
409	456 429 45 309
410	219 378 469 11
411	427 145 341 81
412	180 441 269 480
413	306 26 238 108
414	55 23 167 169
415	162 183 226 433
416	162 461 188 36
417	315 364 463 454
418	163 84 314 352
419	448 104 5 461
420	370 100 179 225
421	242 241 328 439
422	405 432 205 289
423	188 477 178 348
424	404 260 432 14
425	348 207 337 413
426	42 482 366 125
427	62 450 106 338
428	84 155 208 20
429	364 301 296 440
430	457 459 329 432
431	261 433 139 354
432	402 71 266 224
433	456 312 385 362
434	211 402 434 362
435	115 436 438 296
436	277 488 75 54
437	399 65 102 156
438	290 429 288 423
439	133 90 10 292
440	290 157 207 382
441	267 365 439 424
442	33 427 124 483
443	88 69 124 298
444	196 349 1 105
445	98 340 220 473
446	319 446 430 256
447	404 209 359 45
448	107 128 158 109
449	103 75 219 60
450	266 220 334 103
451	231 274 210 10
452	410 110 74 46
453	110 28 256 7
454	284 320 382 169
455	217 429 261 139
456	79 319 360 468
457	72 354 109 23
458	464 131 425 436
459	119 110 78 248
460	163 343 85 491
461	93 399 209 181
462	397 402 20 443
463	500 103 99 376
464	141 439 294 20
465	230 204 131 171
466	311 302 43 405
467	283 440 302 329
468	486 107 363 329
469	213 106 256 377
470	50 477 160 26
471	53 73 310 65
472	117 308 52 107
473	252 355 101 124
474	102 162 180 490
475	207 145 393 194
476	335 33 108 77
477	461 275 33 145
478	497 445 198 21
479	498 99 124 39
480	389 176 482 256
481	124 485 198 243
482	439 164 487 381
483	370 61 498 336
484	114 363 331 420
485	464 9 7 414
486	356 17 181 78
487	413 494 472 155
488	423 407 276 216
489	333 403 448 138
490	19 255 271 486
491	235 287 307 332
492	378 452 76 359
493	86 358 209 433
494	18 318 162 138
495	54 34 229 330
496	171 482 33 492
497	8 390 169 400
498	497 420 144 77
499	459 423 60 62
500	499 500 26 399
501	304 481 126 194
502	185 269 265 409
503	244 77 357 432
504	318 258 402 267
505	286 60 405 433
506	97 245 199 142
507	177 2 344 472
508	8 353 382 392
509	80 446 392 350
510	123 75 484 328
511	130 127 181 180
512	190 134 497 298
513	340 111 412 274
514	1 318 251 390
515	32 227 164 314
516	476 481 307 469
517	365 418 290 282
518	319 438 429 68
519	102 31 387 88
520	499 333 101 435
521	68 72 163 94
522	125 377 4 414
523	244 133 238 280
524	69 4 405 153
525	118 498 390 88
526	436 61 36 20
527	350 364 152 8
528	159 106 221 457
529	374 243 282 349
530	147 225 296 440
531	405 275 163 174
532	14 15 200 80
533	294 108 13 276
534	449 24 59 352
535	418 488 411 158
536	318 413 79 382
537	179 321 410 10
538	60 165 158 337
539	320 410 476 479
540	94 315 30 200
541	226 125 271 278
542	37 126 335 220
543	181 481 265 202
544	327 6 500 307
545	64 246 102 414
546	435 154 476 52
547	405 398 53 178
548	196 276 423 227
549	41 138 63 456
550	161 115 85 257
551	267 405 411 296
552	478 463 382 387
553	25 65 22 477
554	308 60 319 31
555	98 410 211 454
556	211 54 418 229
557	318 347 242 90
558	252 77 482 283
559	490 253 335 140
560	281 426 133 8
561	91 401 360 308
562	440 355 227 87
563	255 102 307 91
564	420 110 374 274
565	185 283 187 365
566	376 473 12 161
567	399 140 438 471
568	190 390 134 389
569	96 216 7 251
570	388 42 9 37
571	492 335 211 106
572	112 176 428 36
573	124 203 134 332
574	443 463 284 176
575	479 203 248 477
576	241 247 8 305
577	239 457 159 39
578	344 191 182 457
579	39 113 334 267
580	117 33 429 75
581	390 493 397 252
582	314 2 474 37
583	290 295 85 393
584	130 280 87 27
585	74 375 209 122
586	70 411 475 253
587	218 345 494 89
588	486 35 246 126
589	209 477 126 494
590	430 331 349 139
591	184 209 65 23
592	106 16 311 115
593	139 403 180 499
594	116 305 202 357
595	65 88 121 376
596	494 416 30 315
597	286 88 255 219
598	173 21 195 20
599	231 163 243 384
600	132 182 328 191
601	144 12 22 182
602	436 6 311 213
603	368 359 84 63
604	284 25 348 436
605	18 2 27 333
606	301 163 493 93
607	245 123 298 246
608	101 122 69 55
609	288 354 83 236
610	448 326 31 329
611	282 462 315 80
612	421 83 276 237
613	391 248 301 328
614	375 262 173 416
615	25 430 99 428
616	491 15 210 316
617	447 259 14 25
618	490 49 78 130
619	120 106 313 21
620	494 456 288 168
621	130 496 199 213
622	332 494 453 465
623	350 456 219 447
624	249 134 426 305
625	210 254 460 486
626	110 228 465 357
627	272 169 398 215
628	54 272 32 383
629	162 271 233 314
630	53 270 42 453
631	32 87 439 346
632	453 444 188 377
633	161 166 395 80
634	362 202 255 99
635	306 99 387 333
636	230 310 83 415
637	190 296 342 219
638	467 138 399 420
639	176 46 267 396
640	499 291 47 223
641	496 310 38 40
642	99 400 206 172
643	214 222 260 233
644	373 300 126 340
645	396 91 11 284
646	267 337 273 384
647	365 6 76 61
648	347 270 114 203
649	353 494 249 71
650	266 311 61 478
651	419 7 18 309
652	378 87 310 236
653	108 389 317 370
654	258 423 27 51
655	25 360 132 395
656	103 110 467 313
657	258 439 96 133
658	456 468 184 262
659	459 140 156 295
660	33 325 85 77
661	288 201 159 371
662	88 193 43 361
663	461 57 108 220
664	229 272 261 228
665	203 215 434 57
666	423 97 480 45
667	91 158 483 368
668	39 47 489 15
669	497 414 444 369
670	283 109 208 425
671	168 415 128 328
672	137 274 385 293
673	369 280 11 428
674	70 112 166 49
675	6 225 25 338
676	214 90 473 133
677	176 322 452 290
678	493 425 259 1
679	249 412 319 237
680	303 288 269 101
681	270 58 418 85
682	265 437 500 283
683	274 16 42 339
684	419 20 423 474
685	321 159 320 202
686	271 234 247 211
687	222 131 269 173
688	247 121 428 84
689	321 97 500 256
690	414 259 30 296
691	455 451 163 417
692	90 299 227 396
693	36 256 313 150
694	442 270 13 374
695	234 157 191 74
696	224 325 255 416
697	116 175 290 414
698	33 180 3 491
699	77 366 250 71
700	104 121 407 490
701	117 106 456 220
702	138 9 414 158
703	303 218 164 418
704	332 251 135 244
705	499 370 96 75
706	251 137 397 481
707	244 38 173 347
708	405 423 480 358
709	463 415 437 32
710	415 359 436 476
711	498 456 263 416
712	382 237 165 288
713	305 224 97 205
714	134 297 112 19
715	470 416 264 168
716	276 56 476 211
717	113 335 362 9
718	87 351 322 7
719	76 190 316 86
720	67 486 293 73
721	230 399 397 168
722	79 498 372 414
723	115 100 404 189
724	367 100 266 241
725	70 270 178 148
726	337 360 1 85
727	444 277 291 262
728	410 124 228 415
729	452 305 40 322
730	377 115 11 194
731	183 433 297 298
732	126 484 110 36
733	289 132 341 259
734	277 420 289 455
735	364 233 17 406
736	232 182 190 92
737	55 294 404 207
738	338 149 163 272
739	485 467 178 23
740	362 138 180 318
741	99 291 492 411
742	217 398 126 153
743	137 373 455 418
744	384 235 262 444
745	4 176 216 71
746	262 289 111 345
747	415 71 220 84
748	213 437 298 224
749	289 471 385 351
750	391 271 106 245
751	27 194 290 247
752	499 468 85 160
753	413 312 452 481
754	482 217 46 299
755	80 425 376 352
756	247 189 144 403
757	125 346 313 122
758	383 254 22 201
759	171 286 87 4
760	11 394 143 490
761	368 26 358 274
762	241 378 481 349
763	53 139 406 452
764	457 413 196 160
765	37 85 290 158
766	16 35 215 122
767	224 486 259 370
768	192 4 405 143
769	42 89 350 97
770	142 483 75 178
771	474 274 350 267
772	403 158 123 421
773	232 89 228 81
774	432 358 438 98
775	488 59 105 16
776	456 67 52 115
777	369 27 38 283
778	440 497 117 317
779	275 477 188 100
780	243 110 415 237
781	479 177 379 468
782	144 218 12 426
783	289 119 151 306
784	182 362 58 202
785	3 1 135 313
786	401 341 413 23
787	256 18 440 225
788	406 245 474 111
789	320 473 264 325
790	281 401 19 457
791	322 82 72 22
792	299 60 359 436
793	338 4 484 124
794	1 89 338 397
795	278 452 454 98
796	159 270 430 368
797	453 238 365 32
798	295 132 268 303
799	247 355 411 361
800	399 34 377 213
801	324 142 468 493
802	202 382 289 499
803	318 172 135 461
804	320 104 425 344
805	37 393 311 491
806	366 79 302 167
807	269 58 379 470
808	109 331 128 347
809	325 225 40 268
810	55 323 303 207
811	128 87 363 105
812	355 155 119 120
813	179 3 326 243
814	269 449 184 44
815	444 486 454 238
816	480 60 187 306
817	284 437 140 186
818	385 104 80 68
819	268 199 348 22
820	126 131 166 74
821	333 445 165 300
822	446 457 322 38
823	486 96 57 132
824	151 442 242 380
825	432 328 231 21
826	311 110 161 395
827	237 303 181 218
828	26 149 416 476
829	381 29 315 431
830	23 377 67 50
831	302 241 33 293
832	26 286 495 33
833	300 373 214 334
834	337 248 21 358
835	473 75 318 421
836	263 379 77 408
837	138 318 193 171
838	46 462 356 83
839	12 426 206 169
840	215 121 160 181
841	276 362 471 44
842	281 258 315 318
843	466 298 253 441
844	26 483 106 219
845	24 391 90 287
846	165 463 130 418
847	210 313 238 414
848	500 248 308 158
849	460 355 283 103
850	278 253 36 156
851	222 469 138 428
852	306 93 71 307
853	169 308 130 457
854	21 495 286 412
855	209 245 60 320
856	66 459 300 112
857	76 461 380 495
858	119 237 324 349
859	352 41 85 284
860	100 82 229 442
861	185 15 468 416
862	90 22 419 156
863	24 18 115 19
864	243 173 76 169
865	191 360 335 165
866	347 195 32 12
867	56 411 473 260
868	374 76 405 363
869	457 498 307 238
870	175 87 263 338
871	180 166 214 26
872	230 35 483 365
873	133 241 296 93
874	81 416 313 460
875	400 68 482 242
876	44 120 183 47
877	126 309 8 221
878	193 366 19 208
879	70 416 186 108
880	114 257 351 420
881	199 388 132 225
882	250 297 78 470
883	457 22 182 482
884	465 122 461 426
885	317 146 154 396
886	203 439 153 253
887	384 197 318 177
888	331 330 406 324
889	190 68 30 180
890	409 138 40 361
891	387 310 341 184
892	238 64 187 11
893	324 119 139 389
894	113 462 477 85
895	489 468 407 236
896	207 11 386 198
897	442 379 59 114
898	14 79 282 386
899	295 46 34 232
900	168 74 428 19
901	338 420 322 459
902	353 469 148 219
903	252 384 492 188
904	354 493 273 246
905	285 311 453 284
906	68 123 47 231
907	32 109 210 5
908	29 89 291 447
909	289 284 196 332
910	221 59 297 225
911	129 170 461 440
912	49 13 212 1
913	83 178 478 195
914	478 46 19 380
915	382 275 148 339
916	374 473 151 59
917	386 458 271 221
918	87 113 273 363
919	262 74 186 272
920	280 55 358 121
921	86 179 144 78
922	410 488 349 82
923	383 38 78 364
924	129 370 432 54
925	106 422 423 322
926	190 298 264 454
927	335 116 423 224
928	208 400 405 487
929	368 343 499 446
930	355 430 175 191
931	33 368 189 5
932	234 14 194 151
933	378 107 451 495
934	299 105 30 241
935	444 417 252 258
936	295 274 50 346
937	72 88 267 478
938	187 350 388 110
939	130 162 295 360
940	72 269 283 356
941	215 369 99 415
942	474 161 11 482
943	220 337 283 424
944	350 335 131 253
945	238 167 66 492
946	441 272 389 95
947	499 131 400 226
948	440 140 282 145
949	46 466 293 422
950	177 91 51 34
951	472 174 387 304
952	237 265 205 66
953	450 238 469 234
954	73 477 91 177
955	352 378 415 18
956	312 495 17 323
957	490 281 335 325
958	493 144 490 168
959	73 181 207 472
960	2 198 304 231
961	56 308 155 262
962	449 129 421 438
963	30 419 267 333
964	141 270 378 312
965	332 55 320 415
966	196 368 377 373
967	379 150 192 217
968	163 254 124 130
969	207 310 393 150
970	309 50 53 406
971	388 384 172 400
972	452 386 187 105
973	441 366 1 427
974	429 59 55 398
975	385 302 407 290
976	424 407 389 212
977	470 52 114 272
978	468 409 150 305
979	57 166 295 175
980	479 142 379 152
981	393 110 383 216
982	230 246 356 278
983	405 253 367 412
984	43 458 158 182
985	271 295 325 427
986	480 66 340 418
987	343 261 73 336
988	91 325 238 409
989	36 240 270 380
990	161 462 178 96
991	7 283 149 305
992	126 353 307 492
993	393 205 110 29
994	50 326 192 311
995	10 35 423 407
996	255 291 438 324
997	250 498 25 89
998	298 41 169 233
999	458 180 26 487
1000	81 89 440 370
1001	316 440 463 136
1002	407 352 429 173
1003	203 197 120 287
1004	300 271 143 486
1005	160 409 299 377
1006	315 205 288 356
1007	428 387 378 89
1008	490 475 486 154
1009	112 100 216 62
1010	417 483 144 10
1011	248 197 54 416
1012	211 143 414 201
1013	43 265 465 129
1014	428 182 481 383
1015	207 225 132 432
1016	153 483 231 181
1017	175 322 304 308
1018	170 213 256 455
1019	91 324 157 331
1020	222 424 166 249
1021	185 373 24 26
1022	441 108 231 201
1023	179 422 471 128
1024	33 445 22 459
1025	19 236 112 84
1026	295 79 456 439
1027	123 234 215 371
1028	447 240 443 50
1029	429 298 212 202
1030	145 458 219 352
1031	305 212 70 449
1032	384 353 410 406
1033	391 54 168 155
1034	257 203 406 471
1035	134 180 340 269
1036	298 7 240 19
1037	176 359 84 344
1038	319 265 362 468
1039	367 243 113 209
1040	284 490 471 373
1041	472 41 418 269
1042	377 244 423 282
1043	163 166 340 390
1044	456 89 136 336
1045	87 128 299 8
1046	89 373 467 188
1047	224 56 328 415
1048	337 174 66 225
1049	383 102 340 414
1050	336 15 415 78
1051	467 306 234 362
1052	116 177 484 390
1053	217 177 374 384
1054	385 468 256 312
1055	325 372 302 440
1056	292 331 268 217
1057	277 257 149 159
1058	404 495 305 158
1059	389 106 179 343
1060	290 134 403 153
1061	365 337 149 268
1062	256 144 2 438
1063	229 447 318 455
1064	330 179 238 418
1065	244 237 336 318
1066	148 9 204 137
1067	353 454 34 191
1068	387 64 334 221
1069	358 197 216 489
1070	286 257 47 343
1071	394 243 473 388
1072	259 249 267 437
1073	294 457 295 200
1074	374 316 73 37
1075	244 34 333 268
1076	344 353 398 282
1077	39 111 59 40
1078	364 306 433 341
1079	464 157 315 144
1080	385 498 261 199
1081	160 115 296 187
1082	34 350 136 487
1083	431 436 410 141
1084	42 428 308 257
1085	199 460 160 164
1086	57 99 395 384
1087	327 73 256 347
1088	292 280 405 10
1089	173 175 29 393
1090	380 371 278 279
1091	160 205 412 425
1092	269 485 95 367
1093	207 405 312 151
1094	341 456 487 147
1095	173 474 19 343
1096	293 402 251 183
1097	458 468 5 149
1098	79 279 199 48
1099	95 79 479 13
1100	463 445 385 368
1101	88 406 405 77
1102	425 189 66 351
1103	320 365 347 230
1104	291 31 499 459
1105	207 175 32 78
1106	68 330 47 299
1107	238 170 315 463
1108	12 372 484 220
1109	297 233 414 266
1110	443 118 403 67
1111	43 266 249 146
1112	311 192 203 469
1113	271 435 34 486
1114	384 12 311 52
1115	486 325 404 256
1116	328 120 20 419
1117	445 232 355 186
1118	236 373 154 266
1119	166 20 15 82
1120	447 119 158 9
1121	322 334 456 345
1122	220 332 197 353
1123	66 438 144 221
1124	477 440 393 257
1125	212 93 456 73
1126	495 225 461 342
1127	167 159 256 460
1128	476 196 224 350
1129	340 11 8 99
1130	464 257 254 388
1131	118 440 111 329
1132	88 321 278 261
1133	218 371 286 488
1134	9 203 414 386
1135	35 91 226 224
1136	382 243 326 358
1137	177 156 498 57
1138	464 66 488 460
1139	149 243 238 148
1140	312 290 438 47
1141	89 6 101 97
1142	257 241 135 437
1143	142 349 161 210
1144	54 404 388 153
1145	431 119 500 106
1146	270 360 230 84
1147	129 357 137 182
1148	67 439 93 352
1149	460 99 151 394
1150	115 113 229 467
1151	377 152 400 18
1152	397 372 449 77
1153	404 408 111 15
1154	110 477 487 434
1155	473 458 325 353
1156	324 424 94 492
1157	193 185 197 137
1158	411 394 362 363
1159	282 36 24 167
1160	106 218 211 199
1161	379 311 48 59
1162	336 72 45 409
1163	151 140 99 374
1164	187 177 155 493
1165	26 264 500 232
1166	80 216 195 138
1167	455 294 283 256
1168	361 60 266 131
1169	462 386 329 234
1170	108 99 63 54
1171	191 112 312 273
1172	12 96 393 140
1173	428 329 11 181
1174	41 449 126 461
1175	483 31 401 183
1176	333 259 386 261
1177	93 298 291 49
1178	451 413 98 310
1179	76 297 298 318
1180	454 421 205 402
1181	147 32 370 11
1182	236 335 421 498
1183	247 453 182 211
1184	396 225 33 120
1185	294 228 355 133
1186	14 10 349 433
1187	52 193 475 236
1188	279 249 104 478
1189	43 91 337 73
1190	160 99 293 82
1191	200 309 362 143
1192	245 372 407 191
1193	377 273 380 49
1194	373 391 204 348
1195	389 425 49 254
1196	449 245 214 160
1197	437 270 467 152
1198	55 442 353 481
1199	127 449 126 89
1200	63 25 114 66
1201	266 2 172 295
1202	432 287 16 242
1203	216 79 76 499
1204	269 400 127 69
1205	379 257 161 239
1206	458 57 189 167
1207	251 367 80 97
1208	373 24 82 240
1209	50 268 250 249
1210	185 435 78 376
1211	81 427 403 312
1212	255 146 71 29
1213	340 356 351 62
1214	394 35 252 28
1215	308 18 275 92
1216	31 284 421 140
1217	496 173 289 472
1218	403 391 459 138
1219	35 360 291 363
1220	403 487 256 359
1221	4 209 78 469
1222	115 390 220 78
1223	193 163 495 479
1224	319 299 320 481
1225	180 362 385 482
1226	471 81 467 241
1227	397 461 431 56
1228	167 186 396 101
1229	310 481 16 415
1230	107 452 99 446
1231	417 496 62 161
1232	379 325 247 190
1233	4 416 406 270
1234	143 351 453 298
1235	465 488 104 482
1236	413 250 150 455
1237	498 263 206 305
1238	144 386 316 355
1239	130 288 412 234
1240	247 493 205 159
1241	335 68 175 275
1242	446 255 244 32
1243	415 499 231 151
1244	94 486 244 156
1245	405 429 247 433
1246	115 65 43 376
1247	457 311 184 80
1248	231 102 273 59
1249	21 223 108 497
1250	346 430 375 136
1251	385 68 274 394
1252	349 9 48 267
1253	216 188 285 385
1254	81 5 183 400
1255	286 80 144 384
1256	348 209 488 37
1257	95 386 242 479
1258	201 260 196 262
1259	47 290 334 93
1260	358 99 112 267
1261	256 376 436 450
1262	112 36 74 53
1263	109 240 112 326
1264	232 344 186 4
1265	468 470 430 21
1266	451 403 424 132
1267	478 224 197 404
1268	312 129 179 89
1269	332 11 306 112
1270	410 106 491 383
1271	94 391 266 154
1272	401 28 71 336
1273	247 253 110 238
1274	44 319 292 454
1275	492 467 15 29
1276	66 490 104 226
1277	87 152 20 440
1278	166 94 316 324
1279	6 500 252 210
1280	167 372 349 269
1281	136 66 32 184
1282	9 494 475 393
1283	357 153 169 188
1284	110 85 128 284
1285	452 437 115 274
1286	482 49 161 436
1287	104 214 7 429
1288	465 43 445 8
1289	436 200 365 456
1290	465 281 362 72
1291	105 4 363 211
1292	237 187 39 38
1293	244 362 1 223
1294	177 429 379 469
1295	295 113 50 484
1296	355 11 258 132
1297	401 31 209 120
1298	108 208 243 56
1299	142 105 24 352
1300	31 428 3 232
1301	71 427 365 480
1302	326 376 450 354
1303	345 311 409 235
1304	407 250 379 327
1305	185 22 331 15
1306	291 429 301 472
1307	264 361 61 241
1308	314 159 234 270
1309	364 149 69 411
1310	198 442 438 311
1311	32 429 82 301
1312	26 313 422 248
1313	242 441 23 265
1314	216 272 41 467
1315	489 77 200 111
1316	135 5 151 6
1317	48 162 402 189
1318	55 83 37 343
1319	90 482 127 14
1320	253 26 280 108
1321	166 23 42 41
1322	126 125 247 48
1323	81 369 129 89
1324	345 13 101 161
1325	21 128 150 334
1326	156 370 81 327
1327	338 184 169 320
1328	131 177 235 39
1329	264 387 345 48
1330	274 215 464 370
1331	418 104 107 367
1332	131 443 428 270
1333	345 314 47 147
1334	182 90 336 473
1335	463 127 78 68
1336	37 136 115 379
1337	199 261 398 247
1338	180 433 174 168
1339	255 133 276 429
1340	220 18 294 104
1341	395 285 497 31
1342	397 117 116 42
1343	323 376 1 491
1344	324 40 334 31
1345	208 441 389 70
1346	260 50 404 92
1347	130 61 466 85
1348	3 367 499 297
1349	218 439 343 417
1350	297 280 452 110
1351	17 227 475 106
1352	495 305 64 174
1353	156 224 104 378
1354	57 65 25 190
1355	159 310 198 64
1356	340 415 61 436
1357	337 152 409 67
1358	494 4 81 88
1359	473 389 407 306
1360	193 210 276 51
1361	162 76 201 418
1362	340 438 498 293
1363	478 222 175 409
1364	285 467 286 371
1365	269 274 78 492
1366	83 452 7 279
1367	300 325 126 381
1368	228 297 410 102
1369	67 269 158 19
1370	306 459 297 52
1371	73 456 487 435
1372	482 248 102 479
1373	494 230 158 245
1374	255 428 359 208
1375	165 8 301 216
1376	409 352 427 181
1377	469 256 113 287
1378	155 500 283 371
1379	257 419 283 487
1380	494 130 386 150
1381	130 474 273 322
1382	384 294 332 473
1383	430 351 439 425
1384	418 205 482 115
1385	95 17 372 38
1386	267 403 259 495
1387	41 500 171 259
1388	293 313 48 224
1389	62 46 43 445
1390	361 139 429 382
1391	310 43 243 168
1392	496 96 476 342
1393	255 141 326 228
1394	241 253 470 498
1395	135 330 85 418
1396	186 205 116 155
1397	278 482 297 458
1398	404 468 273 99
1399	300 62 52 395
1400	162 375 237 401
1401	122 377 15 132
1402	51 284 291 414
1403	361 346 371 284
1404	407 237 70 124
1405	158 329 63 89
1406	118 143 235 81
1407	117 91 138 276
1408	238 265 72 495
1409	91 425 119 11
1410	61 172 351 280
1411	193 390 349 322
1412	135 394 182 377
1413	470 14 104 336
1414	25 334 123 36
1415	409 114 88 60
1416	431 451 456 404
1417	475 193 85 20
1418	144 460 352 320
1419	195 99 89 180
1420	188 177 106 18
1421	322 314 220 224
1422	346 236 187 146
1423	485 414 46 113
1424	195 240 85 477
1425	272 294 181 124
1426	176 373 323 36
1427	102 335 162 44
1428	138 268 471 18
1429	313 181 99 172
1430	255 288 186 332
1431	310 252 33 397
1432	161 44 68 465
1433	268 14 200 242
1434	129 260 66 445
1435	296 411 114 44
1436	100 147 221 186
1437	146 171 443 242
1438	383 156 275 284
1439	18 447 129 122
1440	354 436 491 449
1441	222 10 69 394
1442	31 428 41 214
1443	419 355 404 471
1444	446 399 468 352
1445	443 226 126 492
1446	297 229 454 16
1447	194 133 241 329
1448	462 27 103 91
1449	371 491 125 93
1450	41 106 441 457
1451	379 462 66 41
1452	194 473 84 16
1453	17 58 143 214
1454	221 364 326 203
1455	169 428 217 163
1456	407 415 389 486
1457	29 121 289 226
1458	372 298 201 417
1459	7 392 345 481
1460	318 133 303 209
1461	345 389 81 278
1462	245 154 425 36
1463	91 266 62 70
1464	456 458 263 347
1465	4 403 410 183
1466	345 264 208 311
1467	96 55 48 158
1468	232 366 76 310
1469	499 296 386 355
1470	263 447 363 359
1471	4 154 496 178
1472	144 118 137 275
1473	102 295 4 479
1474	283 396 436 67
1475	88 42 370 19
1476	202 474 419 90
1477	286 401 151 250
1478	406 376 29 327
1479	201 84 102 110
1480	235 125 124 374
1481	457 299 163 117
1482	36 215 286 216
1483	153 342 438 94
1484	425 125 22 204
1485	332 178 197 112
1486	206 152 114 338
1487	92 367 330 481
1488	483 219 110 448
1489	447 281 367 455
1490	352 271 349 185
1491	410 101 326 292
1492	40 96 360 404
1493	383 98 179 261
1494	247 362 192 498
1495	343 135 92 318
1496	449 212 460 36
1497	433 271 448 302
1498	368 155 373 234
1499	41 177 295 268
1500	304 463 46 218
1501	55 392 483 380
1502	52 33 124 353
1503	24 253 201 176
1504	112 114 93 39
1505	82 491 478 23
1506	460 421 161 303
1507	46 226 494 89
1508	199 490 328 288
1509	159 150 329 461
1510	202 17 151 37
1511	403 405 169 22
1512	100 192 182 20
1513	356 299 379 203
1514	118 162 499 396
1515	89 397 456 210
1516	462 51 431 259
1517	79 87 333 237
1518	241 7 377 51
1519	79 274 198 269
1520	25 288 64 62
1521	213 469 363 196
1522	228 495 318 216
1523	190 236 25 220
1524	71 293 498 479
1525	309 280 166 204
1526	97 317 209 252
1527	174 99 481 285
1528	466 44 280 50
1529	369 281 492 224
1530	178 67 485 381
1531	402 49 413 142
1532	325 281 461 5
1533	464 396 391 420
1534	316 392 353 447
1535	91 480 137 232
1536	456 223 140 440
1537	208 330 396 20
1538	274 39 341 435
1539	486 163 22 317
1540	350 99 301 150
1541	395 32 228 108
1542	444 22 15 492
1543	53 485 421 423
1544	348 251 476 460
1545	198 415 373 55
1546	247 381 318 357
1547	133 440 355 172
1548	274 489 106 372
1549	479 328 225 241
1550	40 266 429 176
1551	390 244 373 434
1552	177 236 45 336
1553	131 459 310 256
1554	248 197 199 341
1555	57 101 162 293
1556	438 148 330 85
1557	8 491 203 430
1558	52 479 301 78
1559	96 248 94 2
1560	150 477 408 75
1561	112 468 402 149
1562	87 374 376 172
1563	490 32 17 191
1564	276 106 191 237
1565	340 439 34 57
1566	224 258 111 309
1567	40 416 248 231
1568	235 296 393 316
1569	206 75 388 337
1570	153 125 242 159
1571	411 309 275 185
1572	311 259 254 98
1573	77 408 428 81
1574	401 173 422 259
1575	82 114 134 384
1576	204 389 165 238
1577	341 403 128 18
1578	186 481 307 480
1579	378 412 260 162
1580	190 17 76 141
1581	425 333 180 217
1582	146 210 241 114
1583	172 431 231 134
1584	150 216 257 6
1585	42 194 482 408
1586	3 138 221 25
1587	278 430 409 110
1588	54 76 378 120
1589	197 162 439 209
1590	344 30 308 300
1591	482 330 117 333
1592	297 150 204 443
1593	446 307 10 269
1594	167 386 435 203
1595	439 324 106 63
1596	451 45 332 113
1597	289 45 474 278
1598	480 82 99 380
1599	283 233 301 117
1600	330 426 132 452
1601	90 392 217 254
1602	22 73 24 15
1603	86 174 329 194
1604	293 55 423 393
1605	381 337 253 283
1606	135 185 355 134
1607	296 242 125 480
1608	489 143 181 440
1609	259 134 66 311
1610	308 47 453 443
1611	492 443 446 487
1612	324 82 146 229
1613	458 402 435 498
1614	25 120 491 372
1615	336 9 346 58
1616	466 7 21 202
1617	326 231 94 171
1618	29 291 332 400
1619	270 368 258 172
1620	313 214 83 7
1621	23 113 195 20
1622	253 165 359 347
1623	93 167 498 238
1624	477 122 153 381
1625	427 177 194 340
1626	289 271 487 448
1627	209 348 83 252
1628	475 75 6 403
1629	312 281 372 206
1630	376 61 261 147
1631	421 444 424 260
1632	433 401 406 96
1633	30 189 359 135
1634	44 173 39 181
1635	327 338 47 246
1636	226 284 98 36
1637	23 150 130 374
1638	145 83 398 133
1639	446 399 142 151
1640	114 129 194 185
1641	135 333 79 115
1642	142 368 28 285
1643	358 494 343 376
1644	63 194 41 361
1645	303 210 404 26
1646	159 455 490 185
1647	257 37 302 238
1648	50 447 252 310
1649	356 79 145 153
1650	400 335 352 23
1651	444 322 197 470
1652	281 167 228 46
1653	240 66 369 332
1654	185 353 342 483
1655	406 52 485 494
1656	393 481 127 172
1657	145 55 94 404
1658	478 315 264 390
1659	267 71 305 308
1660	302 130 336 89
1661	122 131 180 140
1662	390 265 82 102
1663	490 442 79 458
1664	18 385 159 84
1665	392 236 58 408
1666	289 432 165 196
1667	386 141 471 187
1668	355 167 29 415
1669	201 375 243 247
1670	440 334 146 50
1671	259 2 493 92
1672	44 205 165 167
1673	320 270 96 206
1674	36 468 315 18
1675	230 224 427 261
1676	394 17 218 221
1677	395 256 177 349
1678	183 68 180 44
1679	228 13 116 383
1680	181 359 384 344
1681	49 457 427 302
1682	13 257 373 494
1683	130 94 69 363
1684	250 280 448 44
1685	284 271 397 247
1686	392 219 146 499
1687	353 168 45 127
1688	418 224 357 215
1689	397 432 389 320
1690	8 91 280 447
1691	83 169 297 251
1692	466 32 472 380
1693	97 230 94 71
1694	13 9 108 270
1695	482 50 122 493
1696	336 198 348 110
1697	366 382 91 488
1698	116 66 414 375
1699	296 429 28 89
1700	367 103 5 177
1701	45 473 214 112
1702	140 356 454 44
1703	152 305 43 5
1704	428 490 442 157
1705	242 368 214 348
1706	478 221 258 496
1707	264 278 105 262
1708	161 99 448 245
1709	203 497 84 27
1710	63 262 242 258
1711	63 266 343 246
1712	67 443 410 494
1713	6 10 155 227
1714	384 176 177 117
1715	436 286 187 54
1716	226 373 467 325
1717	40 4 230 443
1718	163 102 145 37
1719	363 46 354 57
1720	123 168 468 232
1721	395 62 98 362
1722	462 300 268 58
1723	350 180 399 467
1724	137 32 324 291
1725	367 47 443 81
1726	109 100 111 333
1727	233 97 133 343
1728	396 9 460 163
1729	454 162 256 287
1730	434 178 274 59
1731	480 47 342 79
1732	321 425 222 419
1733	307 445 4 469
1734	481 360 342 186
1735	313 111 367 43
1736	299 124 175 157
1737	241 476 406 443
1738	421 258 443 454
1739	49 482 210 182
1740	73 373 409 469
1741	45 212 336 7
1742	78 188 343 357
1743	208 487 4 499
1744	26 423 45 491
1745	429 475 453 254
1746	64 422 79 340
1747	51 452 246 458
1748	198 382 289 332
1749	98 257 310 121
1750	157 472 297 96
1751	342 142 368 496
1752	472 118 491 375
1753	58 119 305 428
1754	196 225 55 498
1755	241 104 321 430
1756	12 97 300 493
1757	364 101 478 268
1758	353 350 11 288
1759	391 393 490 195
1760	140 138 134 416
1761	194 169 266 223
1762	321 66 3 319
1763	331 285 349 452
1764	478 232 290 58
1765	196 359 462 34
1766	28 436 182 214
1767	62 173 436 241
1768	303 151 161 269
1769	233 403 241 442
1770	151 24 470 479
1771	155 20 316 485
1772	192 250 164 91
1773	248 244 265 80
1774	310 339 241 204
1775	455 322 346 263
1776	144 448 59 225
1777	100 469 465 391
1778	450 129 259 118
1779	45 184 162 398
1780	7 18 36 25
1781	352 332 251 181
1782	54 235 11 404
1783	260 220 463 44
1784	159 443 494 499
1785	114 129 35 61
1786	431 292 223 269
1787	167 142 259 57
1788	12 206 139 375
1789	168 354 30 110
1790	488 236 446 432
1791	50 484 388 92
1792	38 26 72 446
1793	235 153 478 281
1794	466 174 254 289
1795	75 82 252 450
1796	137 164 249 28
1797	354 246 21 124
1798	298 307 185 148
1799	408 7 306 376
1800	298 37 234 473
1801	477 95 110 93
1802	345 219 220 48
1803	224 315 497 87
1804	123 46 366 337
1805	22 223 424 285
1806	379 480 184 314
1807	134 74 452 462
1808	410 91 35 387
1809	212 224 436 93
1810	349 112 101 109
1811	197 270 354 442
1812	119 414 405 288
1813	211 117 359 392
1814	34 123 163 371
1815	309 305 50 314
1816	169 24 60 433
1817	126 334 342 496
1818	376 416 67 168
1819	395 447 88 174
1820	137 75 146 473
1821	138 236 422 239
1822	344 6 137 96
1823	426 181 478 1
1824	57 195 226 278
1825	79 209 329 173
1826	372 128 258 496
1827	441 81 115 379
1828	136 412 197 137
1829	474 484 411 490
1830	473 407 256 388
1831	369 402 416 58
1832	351 398 212 171
1833	111 471 34 407
1834	321 411 15 128
1835	44 254 358 130
1836	469 446 214 28
1837	399 9 457 379
1838	156 30 226 433
1839	485 318 219 266
1840	226 141 281 58
1841	350 77 297 116
1842	43 245 294 56
1843	80 211 456 47
1844	451 388 130 324
1845	173 110 333 24
1846	115 464 50 484
1847	482 200 274 75
1848	104 29 235 372
1849	74 208 16 305
1850	46 262 45 181
1851	129 139 73 152
1852	297 425 149 365
1853	497 161 173 74
1854	163 442 338 34
1855	423 79 76 453
1856	489 18 250 274
1857	165 294 41 483
1858	185 495 275 250
1859	238 147 65 254
1860	180 489 239 454
1861	383 314 355 459
1862	232 148 447 106
1863	55 430 293 373
1864	57 267 355 75
1865	223 438 368 299
1866	376 305 65 67
1867	128 195 246 125
1868	154 270 401 468
1869	311 201 307 478
1870	87 329 184 421
1871	227 420 55 228
1872	233 368 286 106
1873	73 485 362 156
1874	124 230 281 186
1875	132 238 12 195
1876	200 213 430 42
1877	410 424 473 495
1878	471 444 341 196
1879	147 1 217 390
1880	12 171 480 267
1881	426 474 277 35
1882	99 15 236 369
1883	84 323 64 48
1884	139 244 448 57
1885	408 45 198 466
1886	432 127 288 315
1887	222 69 358 185
1888	281 479 455 26
1889	441 241 321 304
1890	22 51 44 39
1891	429 381 491 437
1892	167 492 445 202
1893	113 356 275 74
1894	80 183 408 134
1895	240 465 254 21
1896	376 357 319 97
1897	433 412 4 233
1898	109 5 426 490
1899	287 489 444 88
1900	256 242 74 340
1901	170 158 416 203
1902	30 396 87 151
1903	144 52 83 428
1904	139 292 171 70
1905	488 37 32 489
1906	318 361 211 94
1907	238 329 183 37
1908	174 378 461 450
1909	339 314 378 8
1910	267 376 33 317
1911	130 115 105 256
1912	219 478 132 217
1913	223 117 489 349
1914	158 141 286 263
1915	66 99 207 251
1916	377 56 274 378
1917	50 317 17 336
1918	206 213 169 212
1919	352 355 70 279
1920	362 447 260 246
1921	445 277 67 382
1922	301 48 237 414
1923	216 137 251 278
1924	20 370 300 146
1925	487 124 499 235
1926	174 175 347 357
1927	445 200 108 458
1928	454 326 105 245
1929	472 329 75 358
1930	250 284 451 182
1931	216 495 382 187
1932	331 252 283 89
1933	443 9 429 313
1934	73 203 130 395
1935	156 204 347 111
1936	50 443 143 57
1937	335 473 500 116
1938	313 289 396 136
1939	309 219 450 34
1940	116 357 274 45
1941	203 184 150 194
1942	484 461 404 405
1943	291 273 9 249
1944	150 57 348 357
1945	153 402 356 167
1946	142 158 367 254
1947	49 85 139 116
1948	118 184 235 366
1949	197 438 454 319
1950	442 182 55 93
1951	271 471 228 305
1952	470 433 148 157
1953	385 36 68 255
1954	65 479 418 386
1955	111 38 375 257
1956	10 188 156 487
1957	190 43 457 337
1958	150 57 474 103
1959	14 159 361 37
1960	456 46 17 5
1961	255 160 156 149
1962	488 344 244 483
1963	65 91 336 377
1964	245 122 435 321
1965	233 174 399 350
1966	370 435 129 214
1967	403 207 12 331
1968	295 132 447 127
1969	58 200 455 396
1970	91 288 259 322
1971	356 421 317 94
1972	35 371 265 203
1973	150 106 101 250
1974	248 60 463 157
1975	100 47 46 159
1976	164 360 63 252
1977	131 388 126 305
1978	93 397 129 479
1979	255 427 199 108
1980	192 16 274 162
1981	299 415 339 400
1982	322 114 366 312
1983	446 296 323 457
1984	480 361 115 381
1985	213 74 210 392
1986	314 341 487 309
1987	21 492 265 122
1988	90 392 189 250
1989	351 462 389 414
1990	456 306 461 35
1991	190 214 419 149
1992	390 366 109 242
1993	466 432 470 50
1994	301 86 112 180
1995	22 196 130 43
1996	498 375 248 186
1997	353 379 488 280
1998	464 260 471 353
1999	321 241 68 85
2000	254 212 319 188
2001	387 306 280 195
2002	252 22 294 204
2003	71 239 13 215
2004	34 160 126 70
2005	312 336 450 81
2006	159 454 407 296
2007	222 365 86 136
2008	378 451 442 285
2009	377 445 297 121
2010	5 268 151 218
2011	231 318 127 441
2012	478 275 121 401
2013	57 319 215 59
2014	82 454 321 99
2015	425 68 22 200
2016	237 332 127 333
2017	205 388 178 336
2018	331 405 140 279
2019	319 203 404 32
2020	218 78 349 174
2021	122 172 49 279
2022	175 201 392 36
2023	199 104 292 361
2024	438 380 144 81
2025	131 238 91 114
2026	281 374 21 393
2027	387 280 343 139
2028	56 495 201 274
2029	410 167 169 132
2030	119 91 72 126
2031	218 357 35 461
2032	188 346 442 385
2033	415 75 262 19
2034	343 309 12 264
2035	407 287 196 128
2036	135 240 303 452
2037	378 330 33 442
2038	116 113 71 467
2039	85 27 452 326
2040	497 269 334 49
2041	493 269 317 147
2042	151 31 395 282
2043	427 12 265 223
2044	235 275 245 101
2045	500 297 39 410
2046	345 276 394 453
2047	423 400 371 404
2048	376 390 70 109
2049	41 430 158 345
2050	10 478 318 17
2051	428 195 52 197
2052	191 253 315 106
2053	252 422 401 163
2054	357 91 217 109
2055	320 444 293 60
2056	285 189 46 303
2057	197 254 143 142
2058	466 301 44 469
2059	154 384 11 334
2060	177 198 491 3
2061	379 418 433 139
2062	145 352 326 311
2063	357 486 163 276
2064	68 276 397 488
2065	175 4 290 160
2066	188 386 398 313
2067	152 498 156 432
2068	111 177 446 208
2069	178 257 499 76
2070	149 458 383 124
2071	467 220 126 15
2072	140 393 224 236
2073	42 397 289 238
2074	414 53 162 402
2075	275 339 266 90
2076	426 199 310 52
2077	67 90 385 341
2078	441 47 262 28
2079	392 299 1 491
2080	157 285 206 379
2081	380 123 44 30
2082	187 170 164 266
2083	396 318 453 18
2084	464 104 448 388
2085	170 430 333 358
2086	344 165 205 259
2087	473 247 245 90
2088	443 169 349 236
2089	112 257 7 325
2090	162 453 320 372
2091	87 133 328 143
2092	239 196 486 11
2093	181 364 488 379
2094	228 247 57 39
2095	29 460 138 214
2096	400 80 114 288
2097	223 319 59 336
2098	216 179 365 372
2099	8 146 17 241
2100	313 347 363 138
2101	259 17 19 357
2102	246 133 316 423
2103	70 35 448 269
2104	171 314 186 30
2105	126 224 175 207
2106	110 82 40 121
2107	265 222 291 351
2108	51 352 124 210
2109	185 49 148 154
2110	243 396 261 28
2111	106 177 328 69
2112	291 244 126 275
2113	439 373 135 499
2114	463 161 473 177
2115	476 273 39 229
2116	489 264 240 250
2117	59 407 350 353
2118	99 210 397 387
2119	287 436 184 397
2120	83 238 156 143
2121	403 138 25 385
2122	279 178 2 72
2123	298 253 349 79
2124	68 459 175 43
2125	265 103 466 415
2126	257 21 477 185
2127	132 27 282 470
2128	54 446 329 483
2129	209 490 275 328
2130	285 63 203 70
2131	171 359 444 317
2132	496 202 473 374
2133	460 255 487 429
2134	180 263 343 110
2135	99 481 324 71
2136	25 192 337 495
2137	465 17 494 469
2138	321 6 362 185
2139	27 193 219 127
2140	472 439 95 87
2141	341 149 245 208
2142	489 378 342 96
2143	237 368 258 79
2144	265 232 198 286
2145	73 92 343 494
2146	37 464 145 201
2147	203 120 131 35
2148	34 73 274 201
2149	438 63 282 482
2150	36 382 61 183
2151	187 359 61 165
2152	363 118 86 112
2153	252 421 198 214
2154	153 348 213 439
2155	327 84 198 283
2156	268 486 123 349
2157	182 116 123 436
2158	152 229 137 256
2159	255 364 261 390
2160	94 434 35 71
2161	460 245 357 125
2162	16 130 36 29
2163	410 136 341 220
2164	150 41 260 273
2165	496 379 221 347
2166	335 224 388 412
2167	339 2 427 468
2168	37 128 289 469
2169	472 432 33 179
2170	220 124 155 435
2171	403 408 341 493
2172	241 319 184 139
2173	167 5 323 58
2174	114 239 18 205
2175	430 147 389 432
2176	176 218 28 141
2177	351 206 395 34
2178	33 192 142 482
2179	470 296 144 257
2180	16 350 173 416
2181	234 129 489 57
2182	346 470 140 12
2183	463 309 444 460
2184	251 104 233 452
2185	74 272 396 16
2186	377 129 500 130
2187	217 99 265 172
2188	48 68 424 66
2189	162 282 42 398
2190	195 1 377 288
2191	247 94 283 109
2192	105 242 437 240
2193	58 90 140 62
2194	116 455 275 259
2195	140 359 57 440
2196	327 267 222 303
2197	33 72 170 218
2198	41 411 279 432
2199	235 491 396 206
2200	271 427 106 451
2201	337 29 43 375
2202	401 406 97 193
2203	33 161 73 118
2204	430 280 357 160
2205	17 390 454 95
2206	77 183 321 46
2207	385 240 216 150
2208	54 445 407 208
2209	135 175 36 55
2210	326 325 434 243
2211	112 136 287 466
2212	329 154 52 131
2213	370 373 60 14
2214	327 161 211 308
2215	359 36 224 371
2216	362 327 116 75
2217	98 23 55 446
2218	128 239 284 483
2219	96 419 413 76
2220	50 54 154 116
2221	199 394 340 164
2222	354 305 283 228
2223	302 303 196 20
2224	469 402 258 414
2225	319 79 460 209
2226	363 67 46 6
2227	312 90 43 468
2228	161 332 438 263
2229	313 114 341 396
2230	496 204 33 469
2231	307 48 373 344
2232	363 249 494 97
2233	287 446 116 207
2234	266 466 158 426
2235	401 152 405 457
2236	299 39 170 41
2237	247 348 190 189
2238	136 254 424 434
2239	345 331 7 193
2240	190 267 380 159
2241	9 229 50 370
2242	471 461 180 477
2243	379 269 131 169
2244	51 476 31 331
2245	111 16 53 209
2246	308 435 463 141
2247	261 316 147 276
2248	22 132 397 444
2249	181 384 254 495
2250	224 315 404 250
2251	328 180 382 176
2252	115 324 92 122
2253	176 368 145 113
2254	218 141 333 34
2255	52 225 292 450
2256	387 414 366 353
2257	33 449 271 166
2258	191 255 345 457
2259	198 286 308 234
2260	142 483 48 488
2261	386 369 348 96
2262	201 160 234 38
2263	291 73 42 261
2264	447 38 94 222
2265	122 39 125 57
2266	319 97 292 43
2267	249 341 131 417
2268	308 65 267 205
2269	47 330 439 15
2270	247 144 119 142
2271	129 169 477 31
2272	133 466 104 280
2273	365 213 32 137
2274	79 353 11 191
2275	3 255 367 380
2276	407 142 254 226
2277	17 273 486 193
2278	10 218 180 197
2279	362 340 376 290
2280	9 220 200 448
2281	64 422 309 215
2282	125 260 208 286
2283	482 169 417 14
2284	335 149 177 294
2285	413 441 302 186
2286	384 54 56 397
2287	112 248 11 201
2288	28 164 184 157
2289	55 213 428 322
2290	168 328 149 47
2291	372 330 35 446
2292	288 196 401 488
2293	347 262 59 411
2294	96 334 280 241
2295	404 236 190 101
2296	82 187 399 192
2297	429 274 154 334
2298	215 372 11 134
2299	89 405 464 137
2300	220 179 100 135
2301	261 327 487 103
2302	403 268 316 9
2303	337 212 117 77
2304	82 180 142 460
2305	73 411 494 17
2306	75 330 177 305
2307	17 212 20 162
2308	219 496 183 63
2309	321 241 292 127
2310	55 32 61 435
2311	446 168 370 261
2312	125 500 232 458
2313	306 469 197 482
2314	269 313 449 315
2315	355 184 365 428
2316	397 104 376 403
2317	479 421 292 53
2318	432 59 402 378
2319	273 153 316 320
2320	6 285 451 425
2321	414 336 118 355
2322	475 412 248 32
2323	367 337 321 487
2324	137 307 469 56
2325	272 185 435 117
2326	218 124 105 420
2327	25 371 325 16
2328	57 451 56 499
2329	415 95 480 92
2330	8 197 457 231
2331	351 409 276 451
2332	291 483 437 129
2333	188 242 461 179
2334	77 64 81 384
2335	447 428 170 42
2336	202 342 359 141
2337	174 136 327 302
2338	302 400 100 412
2339	283 150 363 142
2340	220 44 197 27
2341	475 45 418 85
2342	11 89 244 45
2343	114 397 139 366
2344	104 169 307 277
2345	271 276 341 392
2346	306 183 461 332
2347	131 406 138 290
2348	215 29 112 159
2349	471 22 243 484
2350	388 154 499 67
2351	486 103 346 391
2352	179 31 24 52
2353	463 354 488 67
2354	46 40 359 62
2355	38 480 492 45
2356	404 408 450 452
2357	85 33 384 121
2358	102 201 202 450
2359	254 300 313 67
2360	57 93 265 391
2361	96 469 256 25
2362	230 33 373 301
2363	343 41 270 337
2364	233 139 224 121
2365	21 255 239 128
2366	186 119 363 498
2367	311 43 437 250
2368	167 241 444 48
2369	380 356 342 26
2370	124 392 127 273
2371	23 394 301 468
2372	484 207 47 438
2373	118 415 442 270
2374	53 332 441 459
2375	174 87 257 474
2376	132 438 362 235
2377	441 298 221 399
2378	78 189 111 487
2379	259 249 18 471
2380	347 360 489 284
2381	31 63 97 122
2382	283 213 465 111
2383	168 88 347 108
2384	379 448 495 438
2385	311 362 474 183
2386	50 310 2 247
2387	100 79 317 7
2388	380 420 405 70
2389	170 32 147 27
2390	431 259 401 243
2391	88 336 412 155
2392	136 139 388 325
2393	370 247 444 79
2394	478 282 486 457
2395	273 135 392 320
2396	106 415 102 320
2397	52 95 466 258
2398	258 488 323 335
2399	406 308 87 337
2400	325 329 185 308
2401	403 123 164 400
2402	173 138 7 325
2403	224 348 488 241
2404	308 332 1 451
2405	168 498 382 279
2406	284 304 57 434
2407	191 62 355 251
2408	463 383 436 332
2409	44 371 357 468
2410	458 460 382 197
2411	246 393 65 436
2412	215 229 344 408
2413	82 415 151 471
2414	226 79 446 110
2415	411 332 120 363
2416	134 443 272 383
2417	74 347 471 296
2418	33 151 136 300
2419	389 5 457 285
2420	419 322 336 37
2421	230 342 238 297
2422	396 366 338 406
2423	286 129 140 408
2424	386 136 326 426
2425	363 498 439 240
2426	129 46 85 305
2427	64 203 137 185
2428	281 261 396 474
2429	376 364 55 324
2430	408 98 282 91
2431	72 304 310 223
2432	72 345 288 252
2433	418 447 220 267
2434	101 46 348 441
2435	487 290 77 463
2436	462 118 241 111
2437	351 111 410 158
2438	428 310 202 104
2439	135 391 349 428
2440	488 98 329 8
2441	318 372 76 439
2442	121 45 175 413
2443	266 248 492 423
2444	202 30 125 439
2445	288 235 254 473
2446	410 437 56 292
2447	16 114 136 253
2448	58 67 194 133
2449	348 335 310 246
2450	33 66 418 373
2451	54 341 85 239
2452	286 56 217 358
2453	349 265 354 324
2454	265 239 258 127
2455	79 199 262 306
2456	291 366 65 285
2457	444 111 291 101
2458	464 261 388 378
2459	318 113 457 148
2460	248 212 447 73
2461	340 18 237 94
2462	299 474 69 330
2463	413 105 220 370
2464	362 27 368 109
2465	316 235 214 409
2466	175 358 227 189
2467	479 130 59 344
2468	372 265 388 416
2469	310 494 164 38
2470	281 455 79 153
2471	84 498 349 308
2472	343 79 206 358
2473	56 157 353 128
2474	73 286 280 55
2475	318 135 474 499
2476	76 409 378 38
2477	394 180 130 12
2478	121 479 108 394
2479	169 39 231 441
2480	151 472 236 412
2481	41 52 147 438
2482	369 410 289 79
2483	33 399 164 131
2484	200 303 199 281
2485	202 1 249 55
2486	482 324 240 352
2487	304 496 100 494
2488	154 89 278 423
2489	39 393 385 335
2490	80 494 85 485
2491	135 102 303 101
2492	315 205 243 273
2493	148 346 14 243
2494	277 122 469 449
2495	75 234 278 268
2496	253 436 473 172
2497	307 242 90 76
2498	82 296 268 406
2499	400 246 379 283
2500	127 37 227 343
2501	388 424 370 38
2502	326 472 475 485
2503	105 356 7 118
2504	174 387 113 359
2505	451 490 358 229
2506	430 18 122 419
2507	139 339 310 146
2508	224 121 208 11
2509	157 221 385 353
2510	414 55 244 276
2511	70 243 414 453
2512	230 243 403 100
2513	283 327 405 77
2514	220 386 16 99
2515	37 102 335 5
2516	422 367 142 298
2517	212 278 234 102
2518	10 484 309 433
2519	414 248 380 43
2520	317 339 389 366
2521	429 159 71 121
2522	234 92 45 327
2523	298 459 413 183
2524	458 121 247 111
2525	165 71 278 477
2526	404 153 351 14
2527	497 285 46 360
2528	360 461 309 124
2529	444 252 20 446
2530	113 364 148 114
2531	363 44 397 345
2532	273 460 413 445
2533	443 220 462 206
2534	483 333 407 324
2535	433 74 208 212
2536	500 323 128 419
2537	171 327 407 178
2538	320 391 475 177
2539	433 489 223 245
2540	143 158 410 164
2541	115 295 300 32
2542	433 255 446 90
2543	376 279 363 411
2544	236 344 483 157
2545	113 376 240 306
2546	130 384 231 31
2547	66 235 363 136
2548	410 95 147 100
2549	358 447 184 181
2550	92 444 52 276
2551	479 307 140 249
2552	298 489 314 338
2553	43 436 207 101
2554	408 491 260 338
2555	82 120 307 105
2556	57 337 226 227
2557	289 139 283 48
2558	206 39 466 282
2559	312 499 378 492
2560	488 409 481 130
2561	79 192 390 417
2562	345 113 267 36
2563	491 297 64 369
2564	152 50 151 435
2565	208 258 373 356
2566	368 246 275 452
2567	472 97 185 234
2568	146 131 498 307
2569	364 270 432 412
2570	464 356 113 2
2571	90 88 162 457
2572	209 226 181 70
2573	20 70 131 278
2574	9 287 408 21
2575	366 104 490 132
2576	134 64 266 145
2577	2 381 153 262
2578	291 361 425 426
2579	469 477 364 362
2580	209 15 218 182
2581	455 112 416 356
2582	97 442 173 419
2583	235 6 310 187
2584	270 334 148 479
2585	481 480 477 365
2586	84 336 393 287
2587	179 348 443 15
2588	189 90 215 325
2589	487 420 43 12
2590	123 22 134 481
2591	346 350 463 44
2592	278 354 207 37
2593	409 379 16 83
2594	438 339 252 333
2595	482 481 138 286
2596	274 330 459 83
2597	102 218 130 260
2598	488 389 307 339
2599	124 164 142 427
2600	141 242 369 313
2601	316 54 361 472
2602	170 26 434 116
2603	343 383 235 386
2604	93 424 430 425
2605	297 39 415 164
2606	32 428 409 212
2607	494 141 418 57
2608	331 166 287 456
2609	172 144 229 41
2610	324 396 240 111
2611	442 385 299 354
2612	139 17 480 176
2613	425 181 42 462
2614	327 115 254 394
2615	381 214 33 281
2616	101 355 146 400
2617	362 419 209 288
2618	47 259 265 127
2619	464 258 343 401
2620	307 158 78 375
2621	122 239 82 88
2622	451 453 29 176
2623	105 271 233 184
2624	83 47 170 496
2625	384 448 366 281
2626	84 196 338 303
2627	419 94 140 344
2628	359 294 389 250
2629	77 465 32 359
2630	9 23 202 460
2631	427 266 393 410
2632	441 96 72 404
2633	497 215 446 13
2634	138 260 217 406
2635	227 205 471 383
2636	79 68 415 382
2637	216 39 69 154
2638	391 322 310 1
2639	471 186 466 330
2640	14 209 480 96
2641	450 435 294 354
2642	155 296 200 337
2643	293 26 483 354
2644	160 462 172 231
2645	227 107 239 343
2646	125 446 196 463
2647	122 36 229 412
2648	179 174 418 35
2649	413 225 425 172
2650	156 75 120 121
2651	134 227 90 436
2652	428 183 230 197
2653	462 28 281 95
2654	181 457 174 440
2655	206 123 446 186
2656	476 93 389 178
2657	377 124 406 293
2658	16 133 25 286
2659	30 215 452 140
2660	104 438 335 351
2661	298 296 308 487
2662	390 14 258 188
2663	141 162 436 358
2664	101 365 441 399
2665	75 483 427 25
2666	106 364 253 71
2667	279 254 280 221
2668	280 225 315 470
2669	291 247 369 149
2670	316 384 229 149
2671	100 244 269 39
2672	298 103 395 305
2673	341 163 392 237
2674	46 227 245 462
2675	415 302 10 182
2676	448 441 235 81
2677	268 175 327 2
2678	220 416 139 146
2679	225 451 173 478
2680	262 20 491 420
2681	221 116 226 187
2682	64 248 483 186
2683	462 491 404 266
2684	338 209 262 92
2685	500 184 157 485
2686	385 392 245 483
2687	483 18 399 120
2688	475 9 39 74
2689	275 316 215 473
2690	354 35 498 231
2691	454 286 253 375
2692	303 28 166 264
2693	209 10 391 37
2694	55 17 139 196
2695	423 290 317 210
2696	206 179 326 265
2697	338 287 131 344
2698	157 60 179 138
2699	483 47 423 179
2700	6 494 191 271
2701	149 78 482 60
2702	234 295 321 206
2703	62 214 474 204
2704	442 77 16 232
2705	494 497 389 140
2706	339 434 160 322
2707	497 266 494 146
2708	155 352 52 89
2709	21 32 317 137
2710	98 35 450 114
2711	173 124 384 242
2712	488 371 309 482
2713	496 347 484 95
2714	197 461 18 165
2715	136 213 250 263
2716	33 106 312 489
2717	468 1 147 237
2718	262 245 45 406
2719	217 70 275 426
2720	498 214 100 45
2721	390 13 469 257
2722	259 188 26 139
2723	319 257 262 182
2724	82 464 388 352
2725	398 333 166 170
2726	169 163 372 304
2727	157 433 69 148
2728	169 70 386 176
2729	106 395 207 289
2730	313 218 237 199
2731	355 92 316 55
2732	282 350 429 84
2733	388 68 8 31
2734	329 167 268 21
2735	428 81 326 236
2736	368 228 184 283
2737	237 423 164 371
2738	428 39 117 204
2739	324 138 438 288
2740	84 234 324 357
2741	422 386 391 390
2742	180 323 158 155
2743	288 325 407 147
2744	429 267 190 308
2745	291 454 480 490
2746	209 105 2 115
2747	472 353 263 494
2748	132 42 83 452
2749	199 276 180 478
2750	299 318 8 3
2751	318 405 115 470
2752	377 219 449 330
2753	134 36 75 334
2754	36 429 116 217
2755	373 216 4 361
2756	48 388 355 427
2757	285 196 102 115
2758	237 31 472 5
2759	317 271 53 488
2760	317 175 273 120
2761	392 271 40 65
2762	47 438 404 114
2763	115 117 261 213
2764	1 368 310 382
2765	332 455 370 131
2766	203 478 476 101
2767	328 407 446 44
2768	261 94 159 423
2769	64 24 60 205
2770	96 337 429 252
2771	240 424 428 497
2772	335 189 155 53
2773	134 70 465 36
2774	370 405 487 238
2775	73 446 199 462
2776	113 53 463 185
2777	85 249 114 396
2778	458 228 83 219
2779	220 458 448 455
2780	493 364 29 7
2781	263 359 331 178
2782	32 256 231 268
2783	13 319 409 280
2784	92 203 76 12
2785	89 160 222 274
2786	13 248 365 67
2787	185 137 161 222
2788	488 226 20 157
2789	34 11 220 150
2790	381 281 94 9
2791	318 209 108 35
2792	320 161 345 77
2793	139 2 462 218
2794	171 459 470 409
2795	176 37 499 114
2796	175 26 58 387
2797	48 376 451 187
2798	145 28 459 195
2799	465 28 477 355
2800	336 108 7 249
2801	153 188 25 214
2802	281 248 447 46
2803	164 118 274 340
2804	72 336 445 489
2805	69 247 327 313
2806	325 466 245 86
2807	235 203 273 110
2808	287 332 365 177
2809	289 27 58 87
2810	276 495 165 365
2811	87 361 317 402
2812	475 42 246 214
2813	479 358 455 476
2814	315 500 372 471
2815	358 488 234 370
2816	34 467 472 97
2817	30 312 29 357
2818	305 238 348 264
2819	154 85 207 419
2820	133 148 324 142
2821	60 370 235 429
2822	109 110 421 325
2823	36 78 203 413
2824	447 179 64 92
2825	234 12 389 461
2826	103 109 427 353
2827	165 160 349 140
2828	205 153 239 146
2829	363 81 241 107
2830	391 389 237 366
2831	125 258 219 50
2832	105 52 495 70
2833	379 312 256 94
2834	344 276 448 178
2835	105 405 150 388
2836	286 256 277 197
2837	404 113 278 249
2838	220 202 216 262
2839	198 344 334 499
2840	187 419 429 207
2841	267 262 385 420
2842	233 139 302 223
2843	246 393 32 176
2844	211 130 363 254
2845	434 333 334 7
2846	87 240 33 238
2847	253 166 399 67
2848	275 387 25 93
2849	437 281 178 402
2850	84 47 17 438
2851	24 416 50 272
2852	426 15 92 491
2853	49 247 196 310
2854	77 200 59 336
2855	321 343 67 393
2856	339 322 382 357
2857	23 255 465 1
2858	131 264 363 38
2859	432 384 352 425
2860	145 388 142 113
2861	377 123 473 212
2862	396 359 222 71
2863	203 94 272 488
2864	138 11 479 487
2865	330 499 332 495
2866	331 453 25 332
2867	175 367 235 42
2868	64 456 310 9
2869	89 99 276 489
2870	9 273 49 239
2871	115 350 424 345
2872	300 293 376 129
2873	353 317 218 163
2874	402 414 87 325
2875	355 74 45 34
2876	367 215 431 499
2877	495 12 313 234
2878	134 372 156 129
2879	462 393 82 344
2880	328 368 407 85
2881	11 416 59 96
2882	338 333 80 348
2883	407 486 174 98
2884	288 337 417 404
2885	476 205 127 185
2886	356 177 424 379
2887	11 300 337 220
2888	272 70 134 286
2889	328 425 202 371
2890	177 295 349 456
2891	70 406 178 465
2892	130 179 224 481
2893	73 263 61 98
2894	415 107 241 210
2895	418 176 335 333
2896	322 293 466 325
2897	270 364 345 242
2898	301 481 363 110
2899	180 353 367 350
2900	312 172 137 371
2901	76 72 128 197
2902	256 149 485 391
2903	135 59 5 132
2904	51 2 313 362
2905	141 368 317 123
2906	48 45 144 71
2907	328 238 474 410
2908	369 318 93 330
2909	482 440 271 359
2910	444 414 213 123
2911	192 471 144 416
2912	294 465 318 192
2913	329 410 318 143
2914	217 404 462 291
2915	347 280 39 380
2916	225 55 247 112
2917	97 167 307 201
2918	60 133 321 452
2919	283 195 445 423
2920	249 429 96 462
2921	156 117 253 69
2922	24 334 77 431
2923	425 413 19 321
2924	491 270 478 369
2925	216 254 282 177
2926	169 265 357 291
2927	197 54 392 180
2928	30 144 421 426
2929	258 128 183 294
2930	278 213 374 279
2931	325 115 414 217
2932	31 345 245 306
2933	53 352 32 103
2934	100 68 37 191
2935	254 371 304 472
2936	363 74 218 107
2937	477 471 455 272
2938	196 18 168 68
2939	178 67 65 374
2940	108 92 32 416
2941	400 113 217 41
2942	116 97 153 267
2943	280 406 207 237
2944	485 111 268 170
2945	104 458 471 426
2946	235 394 37 56
2947	455 424 389 374
2948	342 314 131 50
2949	269 212 115 309
2950	215 396 138 11
2951	369 10 248 133
2952	484 38 384 245
2953	224 378 312 298
2954	180 31 429 138
2955	341 416 300 318
2956	248 233 13 59
2957	256 257 400 332
2958	315 128 30 242
2959	194 249 423 26
2960	342 499 291 458
2961	418 211 484 188
2962	236 111 292 206
2963	283 58 53 124
2964	96 59 35 274
2965	388 379 173 122
2966	77 397 81 460
2967	104 250 359 156
2968	420 217 472 418
2969	63 135 39 26
2970	395 64 481 49
2971	452 197 275 126
2972	337 422 241 63
2973	194 214 478 110
2974	109 6 276 336
2975	262 19 403 230
2976	147 214 229 405
2977	493 58 311 227
2978	293 393 193 497
2979	371 159 424 213
2980	357 445 490 213
2981	263 51 67 93
2982	309 406 495 90
2983	74 477 268 178
2984	149 287 204 17
2985	255 441 18 289
2986	344 311 173 104
2987	461 238 436 274
2988	302 180 183 404
2989	19 385 162 36
2990	89 87 75 25
2991	162 467 485 342
2992	78 477 114 20
2993	228 146 488 374
2994	373 442 450 82
2995	246 287 297 192
2996	227 183 320 498
2997	485 134 453 498
2998	236 154 28 440
2999	126 484 414 339
3000	392 305 449 153
3001	336 75 256 126
3002	15 340 342 265
3003	487 147 299 132
3004	310 458 151 422
3005	266 251 100 404
3006	158 342 190 376
3007	57 339 328 492
3008	383 141 122 335
3009	270 472 117 67
3010	493 331 466 176
3011	228 382 399 31
3012	160 375 22 14
3013	468 441 261 230
3014	320 146 65 260
3015	432 28 321 446
3016	146 159 421 193
3017	479 167 412 91
3018	184 46 200 128
3019	235 491 123 401
3020	139 109 158 203
3021	368 309 216 380
3022	94 284 55 416
3023	253 488 125 241
3024	113 3 389 60
3025	30 317 183 244
3026	163 280 314 115
3027	134 459 326 116
3028	101 53 499 453
3029	34 83 358 176
3030	96 179 9 398
3031	162 251 379 353
3032	351 216 133 258
3033	341 144 211 496
3034	261 29 329 427
3035	388 217 80 230
3036	277 7 192 2
3037	94 438 469 101
3038	196 133 23 114
3039	277 280 369 399
3040	384 421 197 323
3041	289 233 211 298
3042	24 216 120 446
3043	23 168 12 383
3044	455 171 89 107
3045	292 488 199 198
3046	388 202 357 131
3047	284 120 237 123
3048	415 103 152 89
3049	266 20 40 228
3050	127 3 289 396
3051	221 16 208 259
3052	408 248 351 361
3053	198 480 368 478
3054	54 359 225 450
3055	350 479 392 384
3056	266 106 35 306
3057	363 263 414 215
3058	307 374 201 203
3059	350 154 438 173
3060	151 390 40 172
3061	162 107 404 10
3062	383 55 394 495
3063	78 474 365 407
3064	280 73 397 40
3065	409 251 381 68
3066	79 233 441 185
3067	175 340 452 31
3068	298 206 432 151
3069	266 171 168 457
3070	193 423 309 84
3071	283 307 356 18
3072	432 103 202 109
3073	143 496 303 73
3074	471 270 432 357
3075	495 431 103 422
3076	249 117 316 155
3077	18 374 410 296
3078	393 366 16 112
3079	311 118 240 148
3080	407 352 329 298
3081	245 166 103 406
3082	36 348 472 59
3083	468 408 35 80
3084	465 279 12 237
3085	41 454 115 483
3086	359 302 128 204
3087	175 249 259 326
3088	391 351 427 112
3089	492 5 18 105
3090	395 152 438 201
3091	365 459 198 483
3092	87 345 375 265
3093	3 440 474 303
3094	450 286 77 100
3095	243 196 169 433
3096	322 267 378 310
3097	281 479 114 362
3098	43 360 402 340
3099	5 354 438 317
3100	134 298 27 433
3101	45 270 255 158
3102	428 286 408 495
3103	234 478 78 451
3104	355 376 106 469
3105	273 424 305 377
3106	194 80 416 356
3107	124 366 399 78
3108	48 125 62 441
3109	453 17 294 54
3110	30 346 367 112
3111	269 179 239 472
3112	291 493 496 337
3113	399 418 143 29
3114	394 304 214 476
3115	424 2 11 43
3116	319 58 486 82
3117	322 475 376 14
3118	437 396 28 241
3119	230 417 33 200
3120	219 99 166 216
3121	498 144 104 105
3122	158 131 75 392
3123	51 274 289 373
3124	452 158 132 486
3125	463 361 257 192
3126	396 447 211 495
3127	174 485 400 210
3128	120 432 337 128
3129	313 489 145 351
3130	388 4 111 227
3131	261 269 207 88
3132	25 472 303 270
3133	310 375 60 418
3134	243 436 439 46
3135	60 416 475 209
3136	182 277 63 14
3137	109 128 265 82
3138	314 223 209 92
3139	12 270 400 175
3140	75 17 398 348
3141	62 372 316 440
3142	72 464 193 74
3143	20 222 160 51
3144	81 213 58 219
3145	162 351 327 112
3146	207 464 399 491
3147	241 180 433 70
3148	84 356 258 153
3149	331 395 378 99
3150	310 165 198 186
3151	451 57 401 243
3152	474 65 388 8
3153	370 363 393 240
3154	121 75 385 326
3155	70 485 389 262
3156	292 488 2 8
3157	23 322 483 197
3158	438 485 9 65
3159	154 53 413 219
3160	457 313 250 365
3161	222 334 309 63
3162	414 384 491 238
3163	196 25 40 284
3164	107 335 79 417
3165	217 367 192 302
3166	114 90 132 76
3167	282 83 93 105
3168	227 203 118 324
3169	401 427 314 336
3170	282 279 270 55
3171	211 308 329 325
3172	344 43 311 2
3173	294 203 461 247
3174	449 171 439 109
3175	348 192 394 238
3176	220 314 487 87
3177	244 66 398 167
3178	85 301 39 78
3179	104 128 431 217
3180	64 375 154 359
3181	50 441 102 64
3182	178 394 124 374
3183	32 456 383 189
3184	453 332 472 172
3185	327 186 170 257
3186	184 9 67 465
3187	196 226 132 52
3188	233 429 442 65
3189	60 212 381 107
3190	486 238 449 434
3191	55 18 254 36
3192	329 276 8 348
3193	418 230 494 471
3194	61 358 191 458
3195	257 251 286 177
3196	491 436 364 97
3197	33 130 495 120
3198	231 480 30 199
3199	350 37 39 142
3200	162 430 409 95
3201	50 116 129 458
3202	463 347 89 215
3203	48 278 91 317
3204	239 392 406 405
3205	415 345 186 486
3206	323 68 416 140
3207	297 323 259 178
3208	155 233 21 358
3209	460 455 124 101
3210	321 189 473 474
3211	54 112 431 66
3212	323 262 42 399
3213	483 473 241 427
3214	493 143 209 483
3215	257 387 283 159
3216	99 373 240 325
3217	154 246 236 18
3218	195 237 449 323
3219	145 149 54 16
3220	61 21 382 92
3221	181 128 125 378
3222	225 446 476 110
3223	172 173 122 220
3224	29 328 125 496
3225	328 315 93 385
3226	491 441 292 313
3227	415 36 310 257
3228	345 277 62 146
3229	456 322 499 319
3230	80 372 194 444
3231	465 204 429 403
3232	100 126 369 277
3233	428 232 376 325
3234	210 63 384 165
3235	458 376 218 7
3236	90 215 110 84
3237	331 469 375 277
3238	170 416 2 44
3239	494 408 447 192
3240	417 52 371 364
3241	58 470 261 101
3242	466 413 72 324
3243	324 233 101 114
3244	273 127 40 406
3245	483 258 153 284
3246	40 264 474 181
3247	326 370 146 48
3248	85 57 162 159
3249	22 49 365 387
3250	33 353 192 107
3251	402 187 49 191
3252	298 276 421 366
3253	51 133 294 16
3254	193 269 203 123
3255	48 252 316 203
3256	219 130 436 463
3257	228 419 456 343
3258	165 320 6 204
3259	494 190 447 125
3260	464 329 178 151
3261	448 134 376 369
3262	14 80 408 401
3263	406 139 349 446
3264	168 370 433 213
3265	216 318 171 263
3266	447 110 307 260
3267	311 463 330 210
3268	257 133 374 226
3269	418 349 289 235
3270	357 152 348 290
3271	480 61 479 172
3272	196 14 425 492
3273	48 385 495 26
3274	409 188 441 321
3275	160 201 310 165
3276	242 57 215 83
3277	79 232 311 205
3278	15 412 264 263
3279	182 437 209 422
3280	390 173 61 79
3281	324 244 252 125
3282	184 261 491 357
3283	51 321 325 269
3284	283 182 37 147
3285	214 29 320 471
3286	354 303 119 165
3287	302 191 184 14
3288	15 304 277 68
3289	327 347 500 422
3290	368 382 150 496
3291	11 459 383 357
3292	48 18 93 65
3293	61 389 161 339
3294	483 378 356 364
3295	296 299 191 88
3296	163 234 282 223
3297	192 28 440 242
3298	240 149 260 238
3299	329 83 90 202
3300	257 376 324 352
3301	128 21 369 219
3302	409 80 78 34
3303	487 156 471 423
3304	45 447 322 26
3305	66 404 299 457
3306	177 123 347 155
3307	96 75 217 61
3308	132 287 346 305
3309	265 259 121 100
3310	68 447 292 342
3311	403 352 375 442
3312	311 347 498 381
3313	470 279 320 189
3314	279 87 102 342
3315	352 484 247 225
3316	285 316 432 116
3317	446 29 182 94
3318	287 232 457 401
3319	111 18 55 1
3320	321 484 302 48
3321	394 17 52 163
3322	7 432 434 53
3323	485 28 318 392
3324	392 486 278 165
3325	351 389 386 40
3326	437 434 264 289
3327	154 310 257 450
3328	314 39 222 208
3329	317 253 389 287
3330	38 467 459 461
3331	126 52 71 204
3332	226 311 432 83
3333	448 465 137 27
3334	2 486 5 240
3335	18 293 346 261
3336	282 274 10 229
3337	405 297 407 500
3338	302 113 71 135
3339	19 360 134 440
3340	333 467 32 427
3341	64 214 45 47
3342	123 241 225 127
3343	56 61 364 32
3344	44 222 354 186
3345	421 71 376 204
3346	434 422 319 122
3347	318 8 393 406
3348	5 21 4 463
3349	173 200 238 156
3350	51 266 271 28
3351	400 105 90 310
3352	11 284 213 78
3353	44 458 383 499
3354	211 225 155 389
3355	493 336 9 332
3356	321 15 308 343
3357	72 446 92 305
3358	250 242 98 163
3359	113 120 320 127
3360	321 355 271 25
3361	211 223 484 180
3362	147 369 114 307
3363	50 130 268 109
3364	167 205 415 390
3365	186 479 119 71
3366	297 103 141 499
3367	289 82 108 490
3368	61 240 260 214
3369	211 240 132 254
3370	4 299 173 439
3371	320 159 23 94
3372	490 209 287 254
3373	267 311 244 22
3374	322 133 477 277
3375	351 309 220 76
3376	352 98 409 319
3377	289 291 128 228
3378	474 247 49 377
3379	80 335 475 251
3380	21 312 99 172
3381	219 110 243 484
3382	238 292 60 219
3383	300 282 51 378
3384	37 174 248 164
3385	13 174 350 406
3386	271 250 172 377
3387	238 258 37 377
3388	233 184 453 87
3389	315 314 77 444
3390	13 4 251 154
3391	153 474 252 65
3392	218 58 47 372
3393	145 381 4 463
3394	395 277 88 40
3395	343 379 39 146
3396	281 250 340 392
3397	43 430 373 345
3398	234 176 411 323
3399	337 418 325 285
3400	400 232 112 246
3401	283 83 153 31
3402	305 197 54 295
3403	170 47 23 245
3404	158 471 91 17
3405	343 271 312 30
3406	208 181 301 99
3407	274 285 425 185
3408	491 147 206 142
3409	498 185 274 55
3410	268 339 50 431
3411	122 179 373 331
3412	344 284 80 140
3413	469 392 165 71
3414	358 62 31 390
3415	417 216 135 378
3416	397 91 338 75
3417	243 197 81 162
3418	110 404 489 427
3419	209 310 27 77
3420	174 449 410 258
3421	250 455 223 247
3422	160 206 326 459
3423	481 148 437 121
3424	478 75 172 313
3425	265 162 385 308
3426	149 472 343 328
3427	345 267 45 37
3428	187 53 354 361
3429	470 287 391 410
3430	369 248 341 426
3431	123 399 165 439
3432	109 19 302 202
3433	280 407 222 427
3434	30 348 462 426
3435	222 218 241 102
3436	202 428 282 480
3437	145 379 168 495
3438	284 429 287 182
3439	317 252 157 465
3440	83 460 150 487
3441	155 350 7 364
3442	235 12 317 485
3443	2 359 173 278
3444	381 218 340 333
3445	429 76 288 424
3446	312 193 109 490
3447	179 290 376 230
3448	133 47 232 364
3449	353 130 468 314
3450	5 409 433 264
3451	86 462 210 50
3452	7 362 114 344
3453	405 198 252 150
3454	65 236 479 498
3455	489 235 241 155
3456	297 69 39 12
3457	384 295 99 32
3458	431 338 242 95
3459	197 62 442 74
3460	249 229 46 267
3461	14 362 23 98
3462	248 295 336 434
3463	156 41 427 3
3464	387 269 297 375
3465	19 309 393 63
3466	456 186 132 253
3467	45 17 170 443
3468	158 172 342 364
3469	234 107 242 96
3470	393 235 221 385
3471	482 367 34 318
3472	184 332 419 15
3473	118 99 238 48
3474	257 413 378 310
3475	192 246 295 130
3476	223 119 40 177
3477	477 296 78 94
3478	309 262 269 291
3479	496 229 118 33
3480	274 321 131 93
3481	36 252 185 286
3482	445 477 197 193
3483	28 493 492 113
3484	212 54 230 121
3485	134 304 245 243
3486	23 242 183 208
3487	36 96 45 288
3488	85 144 500 432
3489	192 236 111 117
3490	7 379 291 299
3491	228 460 130 279
3492	39 271 41 275
3493	200 56 28 110
3494	375 9 158 445
3495	163 116 299 35
3496	190 121 242 422
3497	294 110 99 18
3498	177 111 163 81
3499	326 275 134 431
3500	348 229 150 479
3501	141 382 9 431
3502	201 491 285 245
3503	149 361 35 161
3504	168 359 1 425
3505	454 474 177 337
3506	383 296 360 116
3507	383 327 180 389
3508	371 343 151 320
3509	93 351 115 490
3510	184 334 38 180
3511	327 147 7 333
3512	364 470 294 295
3513	332 96 399 43
3514	298 73 383 450
3515	59 39 191 101
3516	166 111 463 4
3517	4 14 298 56
3518	179 351 182 256
3519	446 75 202 191
3520	184 410 441 412
3521	340 75 197 141
3522	498 407 152 258
3523	309 480 177 236
3524	30 479 343 355
3525	470 294 120 93
3526	261 15 357 455
3527	277 26 439 150
3528	166 185 229 470
3529	162 276 248 9
3530	460 87 274 91
3531	461 64 144 5
3532	303 202 267 211
3533	1 281 468 25
3534	234 266 83 484
3535	220 372 153 51
3536	99 178 63 280
3537	341 289 114 393
3538	156 146 350 431
3539	417 86 333 455
3540	344 443 413 446
3541	486 167 174 287
3542	377 367 443 458
3543	165 155 156 419
3544	409 342 354 330
3545	177 163 390 324
3546	496 478 91 326
3547	233 346 48 3
3548	407 381 15 378
3549	93 91 264 415
3550	140 77 184 298
3551	351 469 90 72
3552	89 18 396 353
3553	191 170 133 201
3554	360 367 473 347
3555	327 112 302 433
3556	177 43 326 313
3557	354 134 114 431
3558	84 371 499 56
3559	483 310 335 406
3560	114 475 160 403
3561	337 295 287 486
3562	216 199 115 59
3563	172 57 140 218
3564	150 433 476 202
3565	205 238 265 268
3566	472 225 455 346
3567	146 129 108 147
3568	411 463 480 173
3569	13 430 369 441
3570	196 205 150 446
3571	218 280 333 72
3572	192 199 73 182
3573	92 472 471 376
3574	437 221 369 173
3575	435 139 34 141
3576	232 156 57 364
3577	201 421 344 450
3578	81 470 292 243
3579	328 88 483 276
3580	4 54 238 114
3581	399 302 484 305
3582	54 167 493 13
3583	368 234 27 325
3584	236 90 260 55
3585	423 471 459 311
3586	13 366 452 165
3587	275 221 239 25
3588	88 400 118 440
3589	143 83 165 475
3590	289 36 477 355
3591	69 222 397 77
3592	76 99 454 84
3593	357 109 473 163
3594	453 313 421 470
3595	431 94 79 254
3596	423 386 339 9
3597	247 399 391 110
3598	44 496 239 250
3599	13 280 330 99
3600	177 358 377 146
3601	1 473 487 343
3602	56 487 13 184
3603	9 182 432 374
3604	24 276 109 53
3605	186 319 434 241
3606	474 475 242 186
3607	397 352 476 74
3608	387 158 279 208
3609	111 97 185 233
3610	315 278 193 386
3611	478 39 415 494
3612	202 207 107 30
3613	295 380 178 103
3614	159 453 465 239
3615	242 386 356 243
3616	174 72 486 163
3617	481 244 377 146
3618	31 30 464 271
3619	293 281 326 318
3620	4 102 111 141
3621	450 339 206 1
3622	162 262 336 422
3623	166 52 448 108
3624	466 234 244 97
3625	162 159 491 379
3626	21 459 146 123
3627	248 192 154 453
3628	463 455 268 9
3629	201 245 274 114
3630	90 120 468 9
3631	304 8 424 465
3632	232 147 76 69
3633	236 346 45 224
3634	58 296 424 353
3635	272 97 369 68
3636	298 215 295 129
3637	176 239 97 432
3638	447 100 263 39
3639	307 142 342 198
3640	196 440 32 384
3641	498 38 75 330
3642	118 482 492 44
3643	202 403 63 308
3644	481 323 383 357
3645	379 8 64 10
3646	189 399 500 319
3647	417 230 462 498
3648	109 176 227 174
3649	257 34 435 20
3650	58 10 367 43
3651	149 184 344 364
3652	413 436 273 1
3653	206 327 93 79
3654	221 124 84 87
3655	132 31 446 452
3656	253 278 94 41
3657	108 206 25 19
3658	316 33 228 177
3659	463 73 93 319
3660	70 234 478 123
3661	250 472 134 498
3662	391 500 250 325
3663	404 327 255 329
3664	165 146 107 43
3665	80 454 18 183
3666	66 288 177 276
3667	189 259 478 422
3668	180 413 134 440
3669	5 489 437 215
3670	347 264 141 296
3671	51 345 243 256
3672	355 96 419 122
3673	209 179 365 394
3674	11 200 267 280
3675	247 400 454 211
3676	290 117 248 358
3677	120 429 125 153
3678	72 56 105 281
3679	25 217 383 370
3680	33 346 315 275
3681	352 250 2 490
3682	125 374 167 97
3683	190 13 262 468
3684	60 93 406 435
3685	310 326 269 382
3686	66 452 268 280
3687	221 356 208 93
3688	334 238 468 459
3689	422 208 62 164
3690	463 149 470 130
3691	335 432 292 386
3692	85 12 303 59
3693	47 106 36 112
3694	178 418 356 494
3695	52 257 88 113
3696	87 83 227 157
3697	334 192 127 25
3698	397 316 121 32
3699	187 252 372 38
3700	415 364 430 246
3701	101 468 102 251
3702	371 104 99 400
3703	382 177 223 107
3704	408 118 41 219
3705	375 307 331 471
3706	17 55 373 387
3707	288 265 2 348
3708	339 375 434 306
3709	102 146 369 280
3710	121 115 71 461
3711	450 396 323 292
3712	135 163 438 351
3713	128 489 29 207
3714	61 219 57 249
3715	69 239 304 407
3716	97 137 228 305
3717	188 467 251 449
3718	48 173 376 161
3719	435 453 429 113
3720	202 350 312 429
3721	268 351 231 221
3722	39 145 413 449
3723	462 134 67 98
3724	192 9 136 314
3725	321 12 347 254
3726	80 433 365 135
3727	364 328 238 279
3728	275 197 484 486
3729	454 476 87 76
3730	483 297 253 374
3731	162 70 408 355
3732	402 168 430 440
3733	318 334 297 367
3734	348 272 309 414
3735	300 500 164 58
3736	195 445 278 112
3737	65 378 169 280
3738	71 5 211 484
3739	309 282 295 304
3740	226 61 2 407
3741	356 490 58 254
3742	107 282 278 20
3743	67 116 384 81
3744	490 439 360 17
3745	35 406 301 474
3746	384 31 312 299
3747	316 323 180 44
3748	17 5 444 418
3749	198 120 355 247
3750	386 229 473 161
3751	256 40 118 403
3752	202 264 104 14
3753	30 318 196 197
3754	34 234 126 116
3755	115 260 491 309
3756	66 190 252 70
3757	384 338 49 310
3758	156 230 267 284
3759	267 8 401 86
3760	273 419 218 167
3761	223 301 126 467
3762	419 63 257 207
3763	54 116 240 267
3764	359 331 439 47
3765	154 178 194 254
3766	246 384 193 231
3767	126 166 85 24
3768	251 267 390 352
3769	417 159 411 440
3770	363 147 403 248
3771	207 300 491 200
3772	287 222 281 363
3773	327 351 499 150
3774	252 121 146 247
3775	348 214 334 290
3776	59 1 201 492
3777	256 438 435 388
3778	372 213 253 216
3779	339 289 435 323
3780	40 437 457 396
3781	417 49 480 183
3782	213 14 36 89
3783	70 429 350 242
3784	76 396 58 199
3785	292 237 482 251
3786	274 104 460 30
3787	282 301 333 487
3788	440 436 335 456
3789	203 66 25 213
3790	278 303 145 498
3791	230 304 86 131
3792	287 78 392 84
3793	136 445 104 9
3794	484 123 447 153
3795	468 210 64 14
3796	462 317 145 151
3797	35 469 141 279
3798	129 381 441 261
3799	16 53 198 480
3800	240 74 373 490
3801	467 158 297 129
3802	146 471 292 439
3803	369 458 42 419
3804	202 472 302 291
3805	99 80 117 292
3806	405 495 98 138
3807	361 239 480 461
3808	80 385 396 381
3809	130 35 225 335
3810	400 23 441 448
3811	96 209 233 269
3812	25 390 116 85
3813	408 10 365 194
3814	375 408 469 386
3815	210 272 42 381
3816	333 81 153 76
3817	331 237 442 34
3818	193 5 491 409
3819	500 46 419 159
3820	365 142 374 265
3821	1 186 294 123
3822	275 262 141 328
3823	18 461 137 58
3824	438 42 113 408
3825	360 441 26 248
3826	128 384 159 379
3827	133 327 394 474
3828	348 434 161 445
3829	332 209 64 472
3830	480 177 397 390
3831	293 187 18 84
3832	65 175 366 260
3833	143 73 153 311
3834	5 472 74 465
3835	64 216 143 205
3836	204 427 182 344
3837	17 251 129 419
3838	189 245 347 99
3839	455 415 238 271
3840	101 212 376 287
3841	487 411 441 334
3842	152 192 121 243
3843	31 119 442 361
3844	121 224 259 355
3845	76 352 204 318
3846	363 120 321 93
3847	387 211 311 376
3848	404 290 438 486
3849	245 494 184 425
3850	263 113 408 50
3851	185 32 168 72
3852	414 18 206 214
3853	98 239 228 66
3854	486 79 383 114
3855	407 256 276 295
3856	319 121 5 390
3857	309 469 453 393
3858	209 279 458 491
3859	216 133 482 409
3860	19 57 372 454
3861	445 41 257 477
3862	211 74 99 474
3863	297 352 221 214
3864	313 490 469 254
3865	397 287 395 304
3866	128 89 422 369
3867	302 480 167 362
3868	109 465 316 418
3869	181 42 487 403
3870	384 121 162 287
3871	321 224 214 264
3872	466 294 252 446
3873	26 419 300 93
3874	247 266 408 291
3875	390 355 260 64
3876	325 211 470 154
3877	74 481 471 298
3878	197 364 89 250
3879	100 415 259 31
3880	208 343 374 442
3881	199 286 484 408
3882	497 499 96 412
3883	20 418 413 412
3884	17 495 292 451
3885	496 74 64 274
3886	394 101 367 317
3887	278 366 461 382
3888	161 361 171 294
3889	73 479 270 74
3890	19 312 373 304
3891	257 42 192 406
3892	396 384 7 185
3893	422 293 221 385
3894	165 441 94 485
3895	499 154 382 390
3896	360 142 405 389
3897	280 423 477 431
3898	237 399 164 200
3899	28 47 41 176
3900	428 235 272 77
3901	497 306 255 110
3902	322 193 27 62
3903	420 291 418 29
3904	135 292 286 258
3905	60 173 258 14
3906	424 128 24 360
3907	102 129 390 403
3908	21 331 388 117
3909	56 183 52 287
3910	58 35 16 183
3911	458 337 451 390
3912	415 328 192 185
3913	467 76 9 305
3914	490 439 212 286
3915	444 223 163 389
3916	255 494 323 416
3917	330 93 3 251
3918	76 217 43 299
3919	71 81 32 156
3920	199 360 309 358
3921	402 77 130 325
3922	245 418 17 58
3923	206 60 441 9
3924	400 411 295 227
3925	112 260 393 429
3926	308 52 138 412
3927	279 32 330 103
3928	432 129 461 330
3929	210 384 364 294
3930	401 260 74 27
3931	111 156 20 313
3932	482 437 154 398
3933	109 418 13 143
3934	498 429 412 295
3935	207 477 115 364
3936	65 138 367 19
3937	109 273 483 129
3938	43 406 427 119
3939	462 3 125 20
3940	126 117 328 489
3941	246 19 226 362
3942	385 125 459 439
3943	383 355 10 211
3944	12 125 80 11
3945	185 262 52 24
3946	331 76 79 2
3947	37 185 18 152
3948	456 177 68 320
3949	173 439 245 159
3950	234 136 376 4
3951	47 191 276 106
3952	290 135 358 412
3953	210 419 41 350
3954	184 472 302 362
3955	127 193 263 64
3956	278 240 259 192
3957	206 444 386 135
3958	480 295 158 486
3959	218 345 364 271
3960	59 440 220 496
3961	33 37 17 144
3962	188 381 418 46
3963	449 179 386 110
3964	301 5 29 26
3965	481 152 20 30
3966	219 432 201 387
3967	271 332 495 19
3968	342 46 428 408
3969	295 451 176 430
3970	484 433 349 308
3971	199 393 188 210
3972	155 156 421 184
3973	39 244 491 303
3974	304 186 114 280
3975	451 22 110 155
3976	59 153 160 213
3977	212 466 106 387
3978	281 141 421 486
3979	68 460 53 450
3980	233 366 208 124
3981	189 258 410 297
3982	67 74 360 361
3983	476 306 373 298
3984	132 76 175 189
3985	408 44 178 479
3986	427 241 404 407
3987	487 342 198 119
3988	232 218 238 416
3989	205 483 43 19
3990	29 474 233 279
3991	166 377 340 72
3992	271 163 136 489
3993	348 325 67 436
3994	456 273 100 3
3995	494 90 313 311
3996	168 91 344 465
3997	236 344 67 460
3998	432 131 360 69
3999	339 115 154 158
4000	226 382 378 245
4001	380 362 238 326
4002	440 45 378 344
4003	194 492 307 71
4004	365 258 46 80
4005	171 306 414 288
4006	28 276 234 409
4007	262 209 495 404
4008	236 90 85 33
4009	83 321 428 145
4010	235 63 185 13
4011	91 178 108 57
4012	212 349 246 402
4013	73 109 190 215
4014	173 107 45 10
4015	96 139 266 293
4016	362 363 25 266
4017	85 292 182 321
4018	449 282 215 209
4019	413 86 332 56
4020	143 115 338 431
4021	153 210 224 459
4022	220 129 248 259
4023	170 438 304 315
4024	174 497 98 164
4025	265 186 487 458
4026	309 352 443 247
4027	384 330 91 33
4028	84 490 244 255
4029	248 447 334 72
4030	431 115 114 378
4031	306 472 357 11
4032	28 450 422 48
4033	68 468 227 48
4034	193 110 259 183
4035	179 213 199 481
4036	127 216 121 218
4037	56 165 37 361
4038	184 443 27 340
4039	471 4 75 431
4040	187 460 220 200
4041	214 486 221 417
4042	63 65 476 335
4043	320 145 18 298
4044	168 268 491 287
4045	364 48 477 164
4046	204 42 252 292
4047	480 275 276 255
4048	45 94 261 53
4049	23 130 87 151
4050	65 129 439 427
4051	262 209 196 471
4052	268 345 48 372
4053	38 421 294 237
4054	85 215 456 241
4055	23 366 219 339
4056	193 485 95 445
4057	114 81 193 243
4058	31 336 5 126
4059	420 125 51 286
4060	486 160 389 337
4061	3 262 212 484
4062	339 77 201 255
4063	257 87 153 415
4064	77 492 336 203
4065	246 399 432 230
4066	137 314 124 207
4067	380 371 339 341
4068	434 287 414 457
4069	489 175 67 297
4070	229 365 183 408
4071	202 133 382 220
4072	4 51 246 294
4073	18 201 83 46
4074	480 246 289 113
4075	57 200 177 93
4076	297 320 152 84
4077	266 83 57 251
4078	141 363 455 255
4079	218 273 96 279
4080	250 445 371 301
4081	209 168 492 365
4082	299 74 95 139
4083	36 307 348 198
4084	80 81 267 244
4085	140 374 431 394
4086	233 202 380 49
4087	278 312 220 110
4088	6 273 468 469
4089	490 155 346 161
4090	118 200 160 5
4091	358 398 256 391
4092	321 145 479 443
4093	444 266 396 403
4094	118 273 82 479
4095	319 79 28 96
4096	419 333 488 76
4097	260 119 269 259
4098	35 430 154 66
4099	488 408 266 163
4100	27 410 160 414
4101	289 137 468 329
4102	332 12 124 164
4103	406 189 282 272
4104	485 198 356 375
4105	366 158 495 105
4106	428 414 193 404
4107	233 120 194 466
4108	82 479 361 69
4109	309 59 39 211
4110	337 307 172 154
4111	451 331 132 275
4112	35 222 293 354
4113	445 367 384 16
4114	314 326 344 56
4115	336 439 187 224
4116	374 106 8 386
4117	162 306 389 279
4118	302 269 405 198
4119	257 332 33 212
4120	65 219 452 81
4121	143 293 3 163
4122	120 41 490 124
4123	25 54 240 376
4124	389 431 16 6
4125	34 66 412 21
4126	421 124 401 15
4127	121 245 437 199
4128	160 90 84 353
4129	462 227 47 31
4130	110 58 306 24
4131	239 266 118 212
4132	35 291 89 267
4133	391 120 288 349
4134	13 476 264 326
4135	254 214 492 304
4136	273 115 19 433
4137	486 82 339 100
4138	220 412 98 119
4139	294 204 407 247
4140	428 325 435 444
4141	236 235 370 118
4142	156 187 235 400
4143	263 366 18 172
4144	88 185 188 103
4145	231 109 152 17
4146	51 335 254 483
4147	253 199 467 395
4148	401 136 158 429
4149	119 15 16 252
4150	104 127 44 352
4151	450 471 497 50
4152	237 219 443 284
4153	372 201 123 489
4154	273 407 50 52
4155	213 53 22 176
4156	488 271 72 113
4157	144 469 133 218
4158	234 43 244 461
4159	174 138 326 489
4160	106 2 428 491
4161	99 35 490 152
4162	184 457 77 413
4163	302 465 148 213
4164	121 242 191 212
4165	235 45 178 110
4166	284 297 280 240
4167	25 275 97 458
4168	495 213 250 348
4169	347 303 409 177
4170	177 450 23 473
4171	99 346 397 277
4172	307 365 141 293
4173	395 364 352 82
4174	114 222 52 15
4175	69 87 138 125
4176	368 385 200 434
4177	159 281 103 347
4178	372 125 67 264
4179	260 301 319 117
4180	16 154 250 246
4181	226 436 265 386
4182	261 351 204 271
4183	402 338 71 52
4184	445 39 264 192
4185	417 481 91 366
4186	143 126 135 136
4187	67 496 124 337
4188	48 13 53 455
4189	447 68 294 261
4190	14 262 407 2
4191	269 144 142 58
4192	403 258 193 171
4193	206 148 246 146
4194	317 372 270 80
4195	175 181 239 54
4196	115 497 481 411
4197	161 256 401 432
4198	289 290 377 322
4199	500 41 65 405
4200	441 371 335 55
4201	340 433 323 272
4202	428 356 436 303
4203	119 3 109 396
4204	372 465 29 130
4205	271 157 456 22
4206	363 375 85 8
4207	78 135 212 243
4208	481 222 188 304
4209	350 481 249 200
4210	119 463 242 103
4211	155 258 60 314
4212	234 225 406 295
4213	219 218 172 350
4214	207 451 269 102
4215	184 359 372 309
4216	137 428 485 345
4217	211 229 216 269
4218	129 46 461 475
4219	194 84 221 280
4220	431 465 284 306
4221	314 7 12 333
4222	161 164 364 367
4223	63 354 24 178
4224	325 188 256 493
4225	40 404 155 454
4226	360 259 347 75
4227	325 421 489 162
4228	51 265 453 299
4229	105 356 403 448
4230	378 49 20 352
4231	364 261 22 23
4232	104 279 400 238
4233	474 82 69 269
4234	270 125 191 252
4235	346 341 214 221
4236	203 375 353 171
4237	428 342 35 121
4238	127 65 215 333
4239	371 429 140 135
4240	79 166 110 111
4241	443 478 438 158
4242	467 328 205 188
4243	441 207 361 271
4244	369 195 126 119
4245	311 91 222 42
4246	477 277 167 378
4247	479 118 95 285
4248	498 408 363 444
4249	22 313 354 299
4250	286 355 296 464
4251	254 473 207 308
4252	51 180 364 167
4253	95 278 128 16
4254	96 29 266 485
4255	183 464 235 182
4256	276 116 237 242
4257	134 13 140 58
4258	122 256 462 323
4259	119 386 338 356
4260	480 409 300 455
4261	25 85 83 93
4262	414 352 265 35
4263	354 464 152 276
4264	196 211 296 441
4265	332 490 192 360
4266	247 261 84 373
4267	185 319 180 293
4268	133 86 206 27
4269	36 365 263 229
4270	417 356 479 301
4271	31 235 451 159
4272	50 222 302 292
4273	423 252 299 212
4274	377 16 348 478
4275	193 6 325 388
4276	304 217 228 367
4277	26 259 471 242
4278	296 364 242 282
4279	494 278 437 308
4280	459 396 494 114
4281	178 89 196 134
4282	229 168 52 84
4283	154 412 394 315
4284	478 199 422 445
4285	320 22 267 283
4286	227 23 376 93
4287	362 24 473 428
4288	116 348 191 189
4289	379 95 89 257
4290	330 75 50 241
4291	178 2 195 386
4292	275 96 243 7
4293	109 297 207 110
4294	15 161 422 174
4295	462 383 249 141
4296	227 9 475 16
4297	458 269 421 316
4298	308 365 78 64
4299	204 148 420 251
4300	182 330 219 370
4301	102 101 437 380
4302	356 123 375 65
4303	228 73 219 260
4304	368 129 180 208
4305	469 442 97 309
4306	439 118 216 377
4307	374 431 135 325
4308	356 49 86 473
4309	133 266 379 228
4310	468 351 184 487
4311	378 456 454 428
4312	34 77 472 256
4313	151 287 458 69
4314	180 396 232 302
4315	319 85 307 183
4316	229 423 108 422
4317	488 78 286 388
4318	347 441 261 498
4319	103 155 159 332
4320	114 182 233 421
4321	328 160 217 480
4322	450 400 69 41
4323	83 332 127 173
4324	167 102 355 293
4325	193 375 389 83
4326	385 443 243 460
4327	51 173 111 280
4328	51 388 35 10
4329	398 22 137 114
4330	405 472 207 84
4331	456 364 369 3
4332	441 115 169 435
4333	16 359 403 459
4334	113 146 276 61
4335	319 289 259 360
4336	429 440 421 270
4337	153 183 174 22
4338	456 224 165 123
4339	455 211 45 50
4340	251 422 85 27
4341	426 343 137 298
4342	303 99 49 171
4343	230 472 237 457
4344	249 386 269 162
4345	203 139 363 430
4346	280 15 386 394
4347	203 257 96 132
4348	53 412 441 130
4349	273 225 450 263
4350	208 115 340 242
4351	134 58 51 354
4352	130 115 469 266
4353	219 225 170 99
4354	79 46 260 212
4355	462 148 380 14
4356	455 56 445 1
4357	427 401 321 431
4358	147 20 323 34
4359	481 448 177 187
4360	194 198 184 59
4361	273 363 78 89
4362	328 318 26 446
4363	64 339 194 369
4364	404 496 432 403
4365	129 392 269 353
4366	231 376 387 405
4367	422 70 325 494
4368	385 284 422 319
4369	20 126 155 183
4370	274 195 312 183
4371	492 38 92 473
4372	444 302 70 164
4373	307 421 369 402
4374	445 454 209 414
4375	188 364 121 106
4376	463 281 187 407
4377	462 392 341 217
4378	421 336 65 332
4379	366 287 243 363
4380	267 156 264 247
4381	100 199 132 154
4382	351 182 339 483
4383	487 31 451 138
4384	439 101 448 181
4385	46 324 226 72
4386	265 231 104 416
4387	71 444 82 218
4388	335 203 8 64
4389	358 163 484 47
4390	168 332 52 383
4391	183 298 228 325
4392	184 195 183 277
4393	361 427 42 70
4394	24 104 66 304
4395	294 299 492 214
4396	293 340 433 294
4397	334 421 99 80
4398	457 202 195 278
4399	500 455 319 450
4400	471 135 249 25
4401	164 446 149 33
4402	103 421 490 135
4403	207 88 294 89
4404	454 160 301 458
4405	361 152 334 290
4406	192 20 307 84
4407	497 405 387 124
4408	203 4 313 242
4409	498 328 234 246
4410	66 269 272 176
4411	49 146 263 194
4412	82 338 200 485
4413	223 208 16 266
4414	435 347 246 398
4415	71 486 409 155
4416	67 326 116 144
4417	145 29 3 79
4418	342 337 271 374
4419	365 456 442 253
4420	228 178 183 42
4421	4 176 343 445
4422	389 208 66 231
4423	238 308 95 267
4424	375 299 306 144
4425	171 393 91 18
4426	432 263 291 348
4427	134 339 496 96
4428	385 88 104 360
4429	140 144 124 439
4430	68 213 422 318
4431	433 356 487 415
4432	331 77 92 274
4433	305 363 456 356
4434	353 91 196 67
4435	60 36 356 120
4436	188 232 407 309
4437	437 417 130 147
4438	335 415 213 230
4439	93 116 465 443
4440	484 347 469 478
4441	405 272 497 288
4442	85 87 414 466
4443	257 432 406 207
4444	426 101 103 481
4445	302 444 401 62
4446	152 257 61 259
4447	463 422 339 111
4448	463 271 45 269
4449	463 157 168 252
4450	177 78 261 82
4451	176 459 378 109
4452	262 201 24 439
4453	196 55 395 154
4454	126 205 424 456
4455	67 356 337 280
4456	366 290 404 27
4457	492 251 172 308
4458	228 44 192 372
4459	439 275 405 346
4460	24 335 472 254
4461	255 437 146 198
4462	469 481 11 101
4463	72 129 109 350
4464	68 218 57 371
4465	158 266 120 458
4466	457 50 462 336
4467	69 370 153 269
4468	288 337 336 224
4469	350 399 238 477
4470	45 473 470 180
4471	287 134 315 147
4472	422 170 384 378
4473	117 403 207 78
4474	195 260 112 333
4475	385 363 384 279
4476	313 10 189 483
4477	104 408 99 107
4478	240 237 343 457
4479	147 140 234 72
4480	447 14 76 166
4481	317 90 390 377
4482	259 436 93 319
4483	365 122 293 334
4484	156 341 8 363
4485	235 170 66 35
4486	483 458 327 454
4487	189 46 250 395
4488	452 286 446 139
4489	27 217 185 55
4490	191 4 263 179
4491	477 443 1 52
4492	41 423 14 155
4493	457 205 476 170
4494	261 425 85 459
4495	302 298 432 478
4496	209 424 364 74
4497	186 365 122 205
4498	104 247 91 215
4499	403 21 282 368
4500	400 314 268 331
4501	347 26 46 368
4502	364 262 385 306
4503	485 231 455 178
4504	419 71 290 331
4505	248 108 206 393
4506	390 284 40 402
4507	467 250 500 331
4508	96 270 475 405
4509	171 279 47 118
4510	168 298 188 382
4511	71 129 182 235
4512	200 123 154 363
4513	147 446 365 56
4514	309 118 113 73
4515	113 273 468 241
4516	385 298 185 77
4517	335 165 358 426
4518	209 232 327 352
4519	256 30 78 319
4520	203 186 389 58
4521	270 49 375 140
4522	196 177 249 354
4523	357 422 404 35
4524	269 177 480 364
4525	403 322 382 405
4526	393 116 164 3
4527	97 60 6 491
4528	73 488 391 336
4529	125 61 207 8
4530	404 355 299 289
4531	249 26 200 288
4532	332 362 83 346
4533	413 227 142 340
4534	409 445 76 350
4535	180 40 380 425
4536	389 269 479 49
4537	468 19 142 148
4538	303 135 56 398
4539	10 149 269 126
4540	479 130 93 53
4541	380 287 428 106
4542	55 168 189 279
4543	201 232 74 396
4544	153 207 474 324
4545	322 461 267 164
4546	210 11 152 10
4547	311 113 345 65
4548	393 101 295 497
4549	80 59 280 267
4550	138 255 189 325
4551	275 136 494 235
4552	39 394 70 418
4553	333 467 296 163
4554	221 28 483 312
4555	199 244 18 149
4556	315 83 96 328
4557	240 334 387 119
4558	310 414 211 416
4559	280 165 138 133
4560	342 127 326 264
4561	498 4 304 32
4562	419 469 79 153
4563	84 488 155 390
4564	146 497 33 343
4565	183 76 232 4
4566	216 70 238 44
4567	50 4 457 34
4568	313 282 236 250
4569	286 280 329 99
4570	30 449 108 384
4571	196 323 263 410
4572	62 18 469 345
4573	1 490 209 131
4574	207 383 279 90
4575	155 401 265 332
4576	111 24 135 471
4577	430 332 85 423
4578	255 159 271 492
4579	259 237 12 23
4580	378 171 265 107
4581	18 450 489 154
4582	371 27 51 74
4583	41 132 448 154
4584	137 110 180 218
4585	121 120 32 476
4586	54 4 351 271
4587	147 5 189 16
4588	413 145 135 190
4589	281 58 364 265
4590	124 5 441 70
4591	253 412 221 458
4592	497 23 163 438
4593	359 348 61 454
4594	115 400 141 292
4595	246 29 324 384
4596	107 70 478 360
4597	337 64 331 40
4598	116 237 477 34
4599	8 472 185 204
4600	335 206 400 426
4601	216 299 38 477
4602	260 467 22 406
4603	300 481 236 254
4604	142 7 396 367
4605	41 404 162 299
4606	205 171 70 296
4607	366 80 432 353
4608	303 116 461 492
4609	255 397 462 421
4610	44 371 435 40
4611	467 3 262 259
4612	312 396 181 322
4613	149 110 208 226
4614	242 171 276 478
4615	244 236 450 429
4616	396 386 463 362
4617	359 273 484 135
4618	290 70 490 38
4619	353 215 399 112
4620	396 222 499 422
4621	443 346 196 500
4622	420 430 320 66
4623	27 300 74 412
4624	424 306 214 55
4625	216 73 32 296
4626	318 206 472 290
4627	262 279 130 121
4628	287 146 30 293
4629	142 296 251 179
4630	441 158 141 405
4631	23 307 239 195
4632	356 408 415 486
4633	212 258 305 143
4634	110 404 485 398
4635	423 268 165 413
4636	113 342 319 173
4637	342 190 417 100
4638	245 297 203 358
4639	17 207 282 373
4640	293 376 212 51
4641	486 152 374 353
4642	165 214 497 142
4643	427 94 359 88
4644	123 298 75 206
4645	242 186 404 42
4646	54 10 330 383
4647	165 289 36 93
4648	315 53 312 438
4649	390 480 145 293
4650	292 460 16 479
4651	147 241 61 85
4652	64 338 178 85
4653	402 376 328 385
4654	477 197 294 274
4655	493 35 486 239
4656	460 280 442 420
4657	104 151 432 415
4658	99 230 170 338
4659	371 58 123 492
4660	316 99 141 302
4661	283 163 182 45
4662	439 281 314 229
4663	163 210 176 73
4664	328 378 373 168
4665	40 396 33 412
4666	282 420 455 406
4667	352 343 46 26
4668	219 278 253 328
4669	253 302 409 162
4670	29 57 106 243
4671	91 375 327 289
4672	162 310 273 166
4673	5 89 231 391
4674	81 174 493 408
4675	44 81 89 495
4676	498 325 438 311
4677	19 56 32 471
4678	139 292 307 325
4679	88 38 315 389
4680	300 285 422 317
4681	410 365 159 81
4682	255 36 216 173
4683	130 292 217 70
4684	261 268 25 237
4685	482 32 343 158
4686	357 303 35 64
4687	360 481 432 284
4688	1 481 155 229
4689	379 397 467 156
4690	186 453 439 161
4691	196 245 379 280
4692	190 123 11 10
4693	166 457 114 163
4694	371 454 191 64
4695	311 360 180 373
4696	49 61 272 58
4697	55 62 117 98
4698	11 1 32 481
4699	243 151 167 483
4700	371 427 237 143
4701	64 101 436 318
4702	223 264 446 269
4703	238 391 128 37
4704	374 353 450 326
4705	97 429 336 71
4706	272 66 204 102
4707	65 476 62 261
4708	294 179 12 251
4709	479 417 453 409
4710	8 377 143 118
4711	211 345 351 496
4712	253 120 381 146
4713	173 116 449 228
4714	463 170 337 30
4715	440 176 370 312
4716	77 484 82 71
4717	484 174 112 297
4718	87 300 371 313
4719	380 83 184 306
4720	356 148 397 109
4721	200 253 347 212
4722	228 179 109 211
4723	368 98 112 106
4724	148 161 208 273
4725	251 319 163 360
4726	82 160 445 415
4727	466 395 51 225
4728	385 422 309 76
4729	71 312 347 100
4730	465 168 149 402
4731	128 317 101 29
4732	137 47 99 297
4733	495 325 183 492
4734	394 226 61 51
4735	184 389 115 211
4736	33 131 240 127
4737	132 39 174 23
4738	70 168 497 262
4739	376 139 479 291
4740	238 263 441 481
4741	291 285 342 421
4742	498 447 363 455
4743	344 169 1 290
4744	52 252 177 420
4745	152 258 341 242
4746	94 60 97 416
4747	67 27 443 327
4748	276 176 289 211
4749	12 478 196 93
4750	262 265 178 115
4751	391 80 345 60
4752	144 459 2 211
4753	39 280 156 403
4754	39 359 80 234
4755	419 205 418 456
4756	243 328 56 370
4757	130 184 226 366
4758	41 436 160 254
4759	119 230 406 65
4760	447 126 255 278
4761	42 173 112 231
4762	62 147 93 194
4763	186 433 38 47
4764	62 357 304 142
4765	479 396 274 299
4766	129 114 418 320
4767	79 9 300 355
4768	143 375 3 208
4769	150 422 323 386
4770	416 345 28 468
4771	438 386 214 103
4772	458 83 362 265
4773	468 94 1 28
4774	220 406 114 317
4775	59 88 430 326
4776	168 366 328 305
4777	425 467 243 391
4778	117 264 73 161
4779	323 177 320 347
4780	77 287 334 292
4781	321 498 39 220
4782	436 287 213 294
4783	371 91 148 250
4784	95 123 477 140
4785	165 401 176 6
4786	214 191 283 380
4787	117 369 106 287
4788	81 111 413 43
4789	493 424 84 308
4790	280 363 249 79
4791	192 233 54 231
4792	222 433 462 193
4793	81 339 460 125
4794	284 461 483 467
4795	108 395 56 281
4796	322 156 18 453
4797	12 460 453 212
4798	222 85 367 5
4799	337 109 360 301
4800	143 346 388 191
4801	16 56 25 147
4802	238 434 116 166
4803	20 136 224 446
4804	112 36 282 440
4805	494 325 451 335
4806	411 446 266 267
4807	292 216 412 34
4808	108 189 159 463
4809	160 403 93 387
4810	15 155 339 341
4811	232 164 477 393
4812	192 356 385 110
4813	429 246 411 230
4814	9 343 280 350
4815	216 178 49 53
4816	315 329 155 131
4817	273 494 164 48
4818	353 1 381 389
4819	120 393 413 310
4820	431 69 19 421
4821	32 342 444 62
4822	221 78 83 154
4823	200 326 410 107
4824	51 46 213 409
4825	34 445 175 154
4826	107 81 171 448
4827	322 285 90 292
4828	71 137 141 409
4829	3 24 312 427
4830	477 211 32 124
4831	326 490 177 419
4832	302 332 463 394
4833	356 454 112 451
4834	210 349 221 461
4835	440 230 24 402
4836	299 114 377 279
4837	124 240 482 49
4838	221 338 265 148
4839	289 39 371 436
4840	155 29 321 405
4841	339 410 495 115
4842	274 118 217 108
4843	165 480 325 231
4844	118 61 414 64
4845	382 498 356 68
4846	122 409 106 82
4847	343 260 133 250
4848	442 74 114 17
4849	377 382 155 187
4850	230 250 68 481
4851	367 27 423 229
4852	77 190 170 87
4853	372 401 414 177
4854	471 344 54 144
4855	339 309 219 418
4856	374 108 91 28
4857	162 268 54 471
4858	294 264 140 273
4859	391 198 161 84
4860	129 495 462 2
4861	219 455 15 352
4862	13 206 89 445
4863	104 1 490 449
4864	428 193 69 122
4865	345 318 396 162
4866	470 125 446 204
4867	327 195 479 372
4868	347 123 435 139
4869	277 382 128 432
4870	452 161 53 391
4871	403 170 116 186
4872	218 393 460 470
4873	86 311 273 439
4874	379 453 29 464
4875	486 342 464 248
4876	272 225 12 419
4877	359 220 218 290
4878	397 500 347 216
4879	243 368 270 365
4880	118 466 440 14
4881	266 125 112 276
4882	129 408 294 396
4883	338 296 491 415
4884	120 50 85 78
4885	235 422 54 351
4886	482 448 211 386
4887	263 139 45 63
4888	375 418 499 199
4889	93 443 152 231
4890	2 495 38 189
4891	165 450 229 133
4892	113 23 231 464
4893	157 235 179 210
4894	426 32 316 137
4895	463 127 347 316
4896	466 166 120 390
4897	360 357 223 451
4898	188 45 422 317
4899	179 300 241 499
4900	178 55 186 139
4901	166 91 299 88
4902	262 236 433 382
4903	16 256 23 145
4904	453 64 354 228
4905	103 110 59 147
4906	340 123 149 486
4907	350 14 446 276
4908	266 348 317 52
4909	414 263 336 388
4910	12 220 425 257
4911	428 252 464 232
4912	78 39 23 181
4913	410 238 399 296
4914	168 105 82 325
4915	195 455 174 493
4916	38 426 369 21
4917	270 49 399 102
4918	35 323 309 28
4919	275 233 434 12
4920	353 92 307 24
4921	130 343 141 302
4922	352 180 62 90
4923	287 415 89 81
4924	171 163 212 290
4925	446 212 419 300
4926	308 125 140 139
4927	283 140 383 423
4928	396 404 468 20
4929	232 273 277 392
4930	12 28 174 107
4931	218 292 200 298
4932	36 39 353 385
4933	401 444 203 480
4934	387 302 472 129
4935	499 239 485 57
4936	260 310 459 33
4937	66 431 367 471
4938	474 419 208 229
4939	281 487 236 178
4940	492 384 452 47
4941	271 96 148 2
4942	307 32 134 178
4943	293 458 156 478
4944	4 379 168 330
4945	271 485 317 203
4946	102 489 70 36
4947	115 245 122 273
4948	48 365 105 474
4949	70 425 379 375
4950	154 204 85 32
4951	452 306 297 443
4952	263 362 44 332
4953	89 219 183 63
4954	439 436 388 42
4955	58 205 304 418
4956	147 448 129 128
4957	424 109 47 136
4958	76 166 85 54
4959	113 22 283 58
4960	239 361 39 322
4961	273 275 109 390
4962	393 67 152 467
4963	407 188 288 319
4964	105 114 358 73
4965	281 46 74 471
4966	280 445 145 281
4967	361 109 191 103
4968	143 364 411 198
4969	30 303 221 231
4970	223 40 121 250
4971	499 418 483 452
4972	8 482 88 400
4973	328 393 56 108
4974	25 94 306 184
4975	341 430 168 350
4976	384 53 423 379
4977	395 305 69 158
4978	491 466 266 363
4979	403 273 397 433
4980	448 302 312 242
4981	210 28 190 433
4982	393 219 65 221
4983	385 114 380 39
4984	339 348 72 373
4985	213 125 43 153
4986	352 126 179 12
4987	187 402 123 406
4988	257 120 166 216
4989	44 279 88 301
4990	343 232 34 245
4991	435 183 171 481
4992	450 394 66 101
4993	83 179 408 404
4994	124 267 194 328
4995	389 178 140 401
4996	452 48 305 326
4997	210 238 478 392
4998	45 299 347 430
4999	189 421 484 344
5000	89 242 456 355
