Students	5000
1	145 217 473 187
2	430 282 337 226
3	126 81 52 100
4	48 280 224 39
5	93 397 245 436
6	10 491 69 448
7	282 103 485 464
8	134 138 345 464
9	428 264 383 287
10	344 79 287 395
11	338 359 10 305
12	196 361 208 442
13	130 227 438 23
14	467 397 430 437
15	4 499 70 22
16	450 407 443 44
17	67 283 84 80
18	301 305 393 316
19	227 18 205 28
20	152 172 273 211
21	406 401 232 365
22	74 1 67 28
23	10 476 484 63
24	436 431 294 198
25	2 473 21 187
26	301 230 188 32
27	225 222 98 152
28	84 365 310 261
29	223 491 405 418
30	447 70 149 158
31	235 350 175 395
32	162 428 180 50
33	329 244 230 107
34	54 94 35 254
35	204 230 481 381
36	95 417 272 289
37	121 428 275 429
38	193 356 292 199
39	178 84 341 158
40	387 265 229 442
41	219 213 395 438
42	273 269 57 55
43	58 210 184 303
44	294 174 397 199
45	454 418 496 241
46	323 52 292 250
47	305 56 286 257
48	410 340 365 237
49	466 87 210 332
50	24 81 3 313
51	243 19 388 248
52	232 145 208 335
53	242 363 283 444
54	356 55 441 297
55	45 405 496 196
56	406 331 155 50
57	453 198 269 406
58	390 69 316 163
59	33 179 290 174
60	462 266 5 280
61	53 62 297 121
62	347 271 164 11
63	114 203 206 82
64	14 61 274 175
65	262 423 261 386
66	185 410 152 190
67	236 314 368 341
68	460 417 130 470
69	150 419 445 443
70	105 229 221 411
71	437 217 182 29
72	416 209 368 450
73	178 247 192 214
74	478 264 86 139
75	125 286 8 173
76	413 231 374 175
77	425 352 359 334
78	227 245 166 401
79	490 494 218 156
80	154 49 313 354
81	223 409 378 170
82	305 279 361 330
83	294 225 426 430
84	236 297 486 100
85	155 241 124 460
86	297 336 265 201
87	7 10 375 464
88	159 266 295 370
89	74 161 213 382
90	168 328 272 447
91	169 242 356 478
92	253 195 386 208
93	33 482 436 390
94	201 490 318 17
95	196 369 400 311
96	180 325 203 445
97	181 448 424 397
98	65 75 62 103
99	136 177 371 384
100	174 466 104 349
101	115 64 408 451
102	237 93 234 286
103	500 183 402 467
104	34 281 244 46
105	220 414 78 411
106	339 107 398 241
107	266 71 196 53
108	487 137 64 218
109	140 223 141 264
110	91 244 24 311
111	281 223 401 302
112	173 474 336 154
113	191 34 316 337
114	178 202 394 362
115	396 36 324 121
116	138 289 334 412
117	96 489 139 293
118	485 140 482 451
119	315 324 430 77
120	324 444 361 421
121	90 335 38 417
122	258 481 68 485
123	248 241 170 467
124	195 134 435 13
125	57 402 324 332
126	378 292 493 156
127	98 276 301 486
128	242 483 107 488
129	467 415 304 394
130	65 494 59 67
131	5 12 11 85
132	247 351 480 439
133	37 143 394 171
134	460 314 220 90
135	250 441 271 183
136	316 70 146 192
137	136 497 215 486
138	130 15 344 134
139	87 281 449 89
140	289 438 360 332
141	106 327 277 194
142	205 26 412 87
143	239 345 379 60
144	299 446 408 435
145	269 279 4 419
146	449 280 207 381
147	394 139 168 75
148	345 316 258 212
149	35 217 432 160
150	210 136 97 196
151	187 7 179 21
152	385 67 187 444
153	144 321 104 265
154	317 420 213 479
155	240 243 220 111
156	77 448 221 161
157	197 104 240 410
158	95 242 395 70
159	7 238 137 491
160	411 196 342 188
161	269 228 437 341
162	345 344 426 346
163	250 328 89 129
164	214 44 279 491
165	98 254 266 191
166	408 210 433 123
167	173 437 428 410
168	377 436 190 165
169	367 170 408 392
170	319 138 135 463
171	69 299 202 462
172	300 229 172 35
173	88 27 350 285
174	60 56 395 10
175	280 441 76 278
176	46 62 492 31
177	382 192 432 180
178	495 343 179 386
179	49 299 284 415
180	342 244 204 370
181	122 300 93 160
182	453 243 346 328
183	101 64 208 310
184	29 113 22 56
185	245 68 150 323
186	132 218 153 252
187	80 376 277 264
188	84 359 287 442
189	444 281 172 185
190	469 212 195 375
191	461 296 122 333
192	167 238 110 125
193	100 205 189 37
194	269 354 197 242
195	128 362 62 12
196	294 290 441 93
197	457 264 131 204
198	472 228 192 126
199	423 146 123 214
200	335 236 402 158
201	150 494 2 272
202	95 487 255 400
203	92 369 406 163
204	188 408 373 320
205	344 356 430 470
206	500 208 89 99
207	202 235 254 469
208	86 147 426 359
209	332 173 346 17
210	260 485 369 14
211	183 303 288 238
212	118 265 343 57
213	110 35 178 385
214	22 430 393 302
215	326 297 18 244
216	192 271 63 88
217	31 157 78 30
218	395 331 199 192
219	160 421 335 272
220	264 181 48 221
221	287 318 300 285
222	17 362 449 14
223	258 344 347 395
224	306 388 160 141
225	93 6 238 67
226	367 489 402 169
227	160 128 51 93
228	148 284 274 58
229	264 378 19 129
230	366 120 135 262
231	235 64 437 23
232	409 51 164 372
233	380 40 70 438
234	31 263 211 437
235	9 137 331 320
236	297 132 56 43
237	78 434 87 141
238	43 294 382 237
239	405 85 106 61
240	222 220 463 66
241	416 407 449 372
242	348 472 484 63
243	160 9 303 135
244	182 416 135 4
245	59 387 68 22
246	435 494 51 282
247	498 126 277 338
248	473 376 454 107
249	316 170 227 235
250	430 358 283 171
251	187 491 30 437
252	126 200 421 218
253	143 442 102 295
254	372 308 116 246
255	165 139 493 181
256	39 168 9 324
257	339 302 274 145
258	217 283 222 163
259	21 210 131 328
260	378 42 303 258
261	297 167 170 483
262	184 422 409 495
263	268 259 364 418
264	442 302 444 161
265	304 71 6 419
266	230 266 32 320
267	445 79 450 116
268	345 284 51 451
269	498 492 416 371
270	44 481 123 167
271	234 478 65 101
272	447 318 394 179
273	211 473 78 466
274	67 486 79 18
275	379 73 459 78
276	128 119 231 244
277	71 401 283 340
278	192 46 405 152
279	335 327 204 126
280	106 252 340 485
281	8 379 409 498
282	78 287 200 116
283	143 236 127 177
284	400 235 109 42
285	181 30 279 381
286	271 50 103 297
287	300 475 487 461
288	19 163 71 361
289	463 477 271 413
290	277 481 337 346
291	133 389 459 390
292	301 130 251 33
293	465 68 89 332
294	105 359 176 250
295	120 347 342 341
296	486 454 171 246
297	487 32 263 286
298	339 294 411 496
299	316 156 444 381
300	343 355 51 191
301	457 121 396 45
302	488 138 287 81
303	128 429 472 203
304	60 122 307 335
305	383 463 91 470
306	171 388 143 141
307	183 276 400 131
308	87 88 184 440
309	267 24 185 103
310	405 166 370 296
311	43 20 39 417
312	67 23 349 33
313	205 75 189 477
314	367 315 71 163
315	426 7 168 5
316	461 266 162 168
317	224 13 494 477
318	10 100 280 27
319	435 459 446 76
320	442 444 66 386
321	49 406 59 246
322	359 491 26 199
323	287 481 33 253
324	171 1 216 260
325	304 237 195 298
326	230 404 447 437
327	443 25 450 196
328	446 150 372 154
329	410 336 459 451
330	294 54 303 131
331	319 271 216 262
332	439 402 193 323
333	374 383 62 357
334	46 118 253 307
335	330 476 243 405
336	53 49 485 29
337	70 123 244 228
338	447 237 348 160
339	352 199 65 322
340	68 94 182 230
341	336 270 306 500
342	179 280 63 354
343	418 223 360 143
344	292 187 299 199
345	34 283 242 158
346	361 39 353 359
347	365 197 88 342
348	7 315 75 101
349	293 262 159 377
350	339 30 191 328
351	13 187 216 154
352	286 228 147 319
353	393 327 419 96
354	500 16 498 107
355	32 277 31 2
356	46 485 215 450
357	416 39 489 325
358	45 449 420 96
359	205 85 53 48
360	305 128 234 492
361	451 3 92 124
362	276 156 126 295
363	416 172 217 107
364	280 111 358 359
365	236 474 367 298
366	53 211 335 495
367	323 430 112 304
368	40 263 415 28
369	247 355 405 9
370	238 76 484 211
371	281 209 170 453
372	88 147 381 181
373	395 145 114 88
374	33 189 21 61
375	248 3 360 302
376	352 346 401 404
377	82 495 14 4
378	281 347 449 431
379	469 199 17 352
380	206 292 48 65
381	14 172 187 24
382	385 305 383 394
383	422 480 120 157
384	238 413 144 167
385	296 332 222 261
386	151 186 489 465
387	94 110 402 73
388	152 472 68 57
389	437 158 130 406
390	482 379 311 405
391	287 460 338 84
392	267 112 133 39
393	49 22 322 88
394	470 265 111 419
395	298 255 169 454
396	241 247 202 19
397	112 458 370 407
398	55 210 473 201
399	417 136 240 61
400	242 46 376 469
401	351 375 398 322
402	57 390 49 418
403	324 270 63 424
404	446 407 176 119
405	336 34 80 215
406	498 165 456 352
407	95 372 140 27
408	325 425 301 377
409	98 475 325 42
410	272 301 432 29
411	147 101 199 194
412	359 490 134 152
413	138 158 384 144
414	324 6 28 299
415	68 436 134 378
416	390 274 328 348
417	355 267 225 394
418	150 340 192 459
419	428 280 47 364
420	493 395 420 31
421	190 131 480 33
422	206 256 135 118
423	438 499 341 452
424	373 30 143 355
425	136 269 66 236
426	458 247 30 222
427	186 197 181 7
428	257 446 396 209
429	8 300 138 20
430	237 34 133 12
431	120 89 154 215
432	13 467 484 259
433	126 84 180 262
434	190 225 342 289
435	75 305 323 34
436	101 257 241 214
437	228 27 96 40
438	189 55 67 196
439	472 23 391 105
440	90 139 433 391
441	117 408 423 12
442	287 488 175 395
443	88 6 226 240
444	41 481 87 181
445	51 454 402 1
446	156 85 332 54
447	278 15 427 376
448	477 446 381 489
449	163 211 254 43
450	448 123 470 374
451	79 92 290 384
452	380 31 231 192
453	380 6 85 80
454	70 167 68 11
455	220 310 162 240
456	275 387 344 270
457	436 443 466 139
458	7 443 73 378
459	195 268 294 187
460	102 100 135 417
461	197 472 370 432
462	433 462 434 409
463	182 173 434 164
464	175 189 12 37
465	159 234 259 446
466	9 491 315 49
467	225 7 16 369
468	178 230 194 168
469	65 472 242 234
470	346 92 191 285
471	195 421 425 475
472	258 133 300 6
473	257 444 361 219
474	273 43 170 222
475	207 63 468 134
476	409 210 132 305
477	475 401 170 459
478	164 129 481 303
479	267 243 22 455
480	329 146 94 449
481	305 418 448 188
482	377 218 392 52
483	408 454 323 75
484	36 269 221 260
485	97 240 152 4
486	452 42 84 369
487	59 134 143 438
488	182 317 420 55
489	437 429 95 1
490	51 173 216 441
491	337 245 8 127
492	201 420 168 351
493	494 444 449 366
494	255 118 185 305
495	175 45 190 182
496	312 461 266 256
497	446 460 203 332
498	439 232 291 236
499	478 83 260 184
500	55 172 171 100
501	2 384 90 118
502	431 301 481 223
503	476 146 361 456
504	170 167 256 52
505	392 387 126 188
506	281 482 448 158
507	480 291 355 73
508	488 284 280 449
509	359 123 174 84
510	89 66 199 24
511	411 202 87 479
512	96 273 494 190
513	352 430 128 200
514	483 122 330 484
515	109 224 160 173
516	181 464 410 160
517	220 452 410 7
518	463 249 342 412
519	17 72 229 7
520	82 177 417 279
521	338 211 94 357
522	441 253 494 14
523	14 317 447 304
524	187 279 16 395
525	223 316 114 111
526	451 208 281 335
527	236 394 325 92
528	476 398 108 375
529	322 106 122 473
530	110 481 285 49
531	408 480 391 416
532	76 434 359 278
533	144 196 30 40
534	426 230 70 276
535	248 153 264 387
536	144 326 265 107
537	121 223 133 97
538	80 238 143 414
539	87 5 328 407
540	182 113 286 339
541	337 394 348 364
542	306 381 198 253
543	38 341 387 37
544	126 497 202 310
545	57 399 388 500
546	479 256 369 330
547	308 246 266 274
548	113 48 495 405
549	170 1 497 151
550	403 440 226 388
551	338 293 438 307
552	379 415 352 194
553	202 333 429 269
554	303 309 356 54
555	45 62 444 170
556	64 67 283 499
557	346 338 274 298
558	342 307 101 481
559	471 161 463 233
560	331 411 196 103
561	316 454 496 237
562	415 338 433 204
563	113 455 422 412
564	318 398 372 457
565	216 208 340 187
566	160 358 440 49
567	134 455 200 376
568	233 130 253 137
569	116 278 145 446
570	143 475 271 71
571	432 199 457 490
572	150 335 188 117
573	152 52 44 482
574	195 175 85 237
575	280 401 83 201
576	385 27 125 183
577	151 46 232 319
578	388 192 258 26
579	262 117 130 382
580	157 218 443 479
581	64 122 395 250
582	252 59 9 487
583	188 263 81 107
584	186 1 212 73
585	37 272 425 270
586	178 282 62 360
587	322 474 381 344
588	54 14 352 438
589	230 257 213 167
590	110 428 219 495
591	178 123 4 94
592	286 128 367 148
593	437 489 93 358
594	254 29 338 432
595	266 435 459 103
596	152 323 469 216
597	219 140 157 181
598	163 338 324 125
599	310 260 255 436
600	398 368 11 109
601	358 131 290 465
602	168 98 403 425
603	58 199 478 280
604	157 496 294 128
605	88 225 361 326
606	263 101 10 57
607	452 394 258 18
608	490 448 436 178
609	117 186 298 173
610	446 327 448 42
611	421 28 196 71
612	339 91 238 54
613	27 458 464 455
614	42 56 403 153
615	355 86 167 197
616	446 469 410 291
617	408 491 450 119
618	491 191 229 436
619	190 130 295 417
620	145 201 183 422
621	30 235 223 360
622	156 149 48 75
623	432 32 239 183
624	330 236 238 125
625	318 154 271 141
626	310 259 161 14
627	306 245 458 67
628	302 75 408 5
629	445 178 378 468
630	402 226 453 234
631	139 383 210 229
632	203 277 448 273
633	299 66 315 358
634	99 316 438 208
635	104 112 429 392
636	238 287 46 285
637	89 146 414 71
638	388 122 192 287
639	155 136 10 278
640	6 272 393 1
641	462 20 89 363
642	146 425 36 408
643	73 165 129 12
644	440 275 221 71
645	121 436 30 103
646	207 247 444 138
647	197 415 375 191
648	420 111 360 367
649	95 187 376 223
650	86 350 298 179
651	33 259 90 379
652	307 64 499 400
653	389 474 341 126
654	155 60 221 97
655	49 332 429 472
656	227 76 439 215
657	405 344 367 262
658	154 387 354 167
659	100 477 274 449
660	81 214 255 433
661	137 399 5 225
662	100 84 55 337
663	37 51 291 197
664	378 372 443 287
665	254 122 360 373
666	223 371 144 439
667	210 261 5 187
668	110 244 190 90
669	333 281 51 40
670	240 209 413 424
671	157 288 416 417
672	11 261 97 201
673	126 2 271 98
674	349 98 284 494
675	434 107 297 172
676	186 294 260 193
677	342 217 143 207
678	2 42 78 138
679	143 23 449 262
680	178 55 266 51
681	90 331 213 235
682	88 405 27 219
683	348 88 292 26
684	223 255 269 333
685	226 69 30 452
686	337 38 252 358
687	199 149 324 20
688	22 202 465 378
689	485 91 387 227
690	329 171 72 15
691	195 452 82 438
692	3 133 359 251
693	394 85 442 78
694	156 182 134 256
695	159 318 370 416
696	169 237 405 254
697	102 181 36 64
698	395 491 468 365
699	103 33 161 26
700	261 392 167 447
701	370 149 171 105
702	159 456 211 41
703	317 242 167 366
704	65 332 317 243
705	102 459 220 476
706	163 250 359 75
707	95 242 247 288
708	349 22 386 295
709	421 428 89 315
710	305 351 27 14
711	188 186 400 436
712	20 195 314 473
713	414 290 144 135
714	450 381 337 449
715	155 379 239 382
716	222 88 484 395
717	295 140 365 436
718	176 167 179 437
719	405 476 269 215
720	79 30 83 373
721	359 314 146 413
722	22 123 150 87
723	16 41 10 18
724	9 338 423 317
725	216 109 245 484
726	354 215 161 230
727	286 127 216 402
728	143 305 287 347
729	492 247 56 227
730	355 360 489 426
731	200 22 121 455
732	311 13 221 108
733	93 217 299 470
734	145 433 179 267
735	433 281 445 69
736	414 134 309 96
737	231 500 140 268
738	347 243 394 143
739	235 348 218 314
740	111 464 386 150
741	393 145 86 444
742	233 407 326 230
743	446 423 246 304
744	103 169 434 118
745	431 263 211 74
746	167 245 313 410
747	279 444 494 255
748	84 384 101 473
749	239 384 311 222
750	232 420 408 413
751	158 216 313 117
752	30 489 428 234
753	104 266 212 316
754	14 195 300 148
755	15 328 56 205
756	147 468 459 203
757	446 360 97 201
758	186 289 85 264
759	54 117 229 468
760	391 412 83 156
761	279 251 322 40
762	112 441 29 140
763	151 81 494 84
764	135 332 31 213
765	363 41 324 326
766	364 425 76 119
767	152 252 418 246
768	145 86 122 295
769	126 255 350 430
770	123 368 493 428
771	481 180 28 105
772	195 341 433 144
773	84 465 371 207
774	101 368 161 339
775	71 285 313 457
776	235 118 51 77
777	467 141 329 221
778	11 134 271 278
779	474 1 411 167
780	95 130 34 303
781	472 19 117 422
782	36 250 139 51
783	48 480 365 432
784	476 469 343 221
785	385 273 288 89
786	4 151 395 254
787	26 455 282 184
788	323 239 307 53
789	371 236 146 219
790	450 248 327 171
791	168 459 339 15
792	439 252 124 201
793	53 264 378 78
794	141 244 293 342
795	83 49 185 258
796	435 74 378 73
797	287 130 235 206
798	174 488 227 8
799	440 70 154 316
800	276 131 369 97
801	64 14 278 266
802	39 326 56 427
803	58 391 94 482
804	188 112 71 468
805	292 361 424 234
806	458 18 4 218
807	423 500 130 208
808	4 123 458 342
809	70 61 267 270
810	444 368 165 353
811	219 430 377 277
812	154 403 111 259
813	290 109 35 249
814	98 255 269 39
815	405 441 425 49
816	45 356 6 227
817	416 442 259 430
818	182 256 445 17
819	157 126 296 420
820	345 105 391 29
821	71 394 153 38
822	391 303 87 264
823	368 83 486 180
824	147 42 299 295
825	288 20 438 341
826	268 287 253 421
827	156 458 37 485
828	455 83 154 289
829	500 67 473 447
830	24 456 374 465
831	281 200 349 207
832	61 46 60 499
833	15 6 187 201
834	152 8 172 267
835	10 7 12 110
836	18 119 483 235
837	316 167 433 145
838	339 474 318 309
839	104 54 115 392
840	24 70 165 59
841	185 115 3 182
842	307 63 473 440
843	216 222 64 254
844	167 434 234 1
845	225 69 178 143
846	357 293 486 205
847	113 181 329 107
848	69 101 152 39
849	261 310 156 488
850	336 162 372 260
851	284 397 352 386
852	67 348 330 398
853	271 48 279 100
854	161 112 443 446
855	382 414 153 190
856	160 452 150 384
857	3 453 11 432
858	139 339 25 228
859	278 494 134 14
860	367 305 453 119
861	72 378 432 470
862	448 341 91 112
863	157 456 25 299
864	261 124 182 289
865	20 99 313 234
866	203 128 262 21
867	469 249 352 235
868	352 454 396 338
869	395 321 199 436
870	380 169 391 206
871	361 11 161 64
872	223 103 262 300
873	345 304 65 153
874	221 440 331 393
875	383 95 167 314
876	167 488 480 367
877	7 472 294 277
878	444 326 408 91
879	300 266 139 50
880	191 452 218 436
881	122 4 316 109
882	180 296 241 85
883	493 344 435 331
884	413 295 260 478
885	371 30 424 135
886	220 361 180 297
887	43 254 238 202
888	454 329 204 206
889	130 163 355 96
890	248 481 251 297
891	213 17 165 156
892	89 447 156 158
893	398 252 378 119
894	385 176 123 377
895	181 383 61 161
896	38 266 12 404
897	321 339 260 296
898	465 267 248 245
899	488 396 374 418
900	385 78 19 255
901	343 445 86 219
902	142 248 433 478
903	300 330 194 202
904	272 446 457 427
905	132 423 42 106
906	471 457 242 57
907	207 58 103 216
908	95 388 389 282
909	88 256 410 275
910	323 309 244 373
911	398 26 145 34
912	104 259 68 370
913	307 284 128 359
914	40 2 245 258
915	194 139 346 331
916	389 38 193 116
917	70 492 394 258
918	414 215 286 210
919	17 4 318 227
920	393 346 356 147
921	489 85 446 476
922	166 444 274 91
923	37 68 134 178
924	196 179 132 350
925	104 242 235 97
926	255 269 296 222
927	324 346 268 6
928	445 420 384 389
929	339 18 357 287
930	438 426 229 424
931	489 41 22 248
932	447 365 4 47
933	345 35 238 325
934	164 236 431 147
935	400 484 491 158
936	29 87 405 358
937	403 197 174 304
938	473 25 403 5
939	203 464 243 301
940	434 101 225 140
941	144 288 472 270
942	235 309 432 114
943	483 107 499 318
944	132 432 323 152
945	19 475 37 157
946	144 162 367 289
947	48 133 264 52
948	24 275 278 236
949	44 297 413 62
950	59 267 290 244
951	416 414 424 367
952	202 112 205 418
953	472 424 373 470
954	355 328 476 117
955	250 383 7 96
956	486 224 362 69
957	178 19 300 194
958	120 89 162 206
959	51 484 406 201
960	128 208 115 358
961	179 227 217 425
962	120 389 262 476
963	122 473 467 332
964	186 190 473 353
965	296 391 463 385
966	113 256 299 496
967	357 486 20 120
968	197 91 15 244
969	140 245 110 239
970	186 204 448 97
971	113 449 500 133
972	385 401 178 289
973	194 451 372 3
974	439 5 209 170
975	482 499 478 87
976	303 42 472 221
977	399 489 358 347
978	455 327 339 143
979	448 229 11 500
980	399 49 331 462
981	283 485 157 299
982	117 282 336 299
983	25 185 368 103
984	128 388 437 126
985	282 268 377 492
986	460 19 340 235
987	89 175 304 475
988	378 392 468 407
989	49 476 349 190
990	381 138 487 374
991	257 66 179 453
992	67 390 338 93
993	146 248 390 17
994	134 342 354 63
995	280 387 343 34
996	435 248 157 52
997	160 90 87 353
998	189 324 258 439
999	49 152 352 72
1000	136 152 227 169
1001	401 177 219 77
1002	130 71 305 338
1003	426 479 161 234
1004	398 117 24 334
1005	459 453 58 375
1006	416 334 214 174
1007	259 174 123 278
1008	121 276 260 220
1009	42 25 414 34
1010	442 179 37 328
1011	43 86 190 350
1012	415 196 223 197
1013	106 471 391 208
1014	462 145 72 201
1015	319 174 391 128
1016	208 38 223 354
1017	459 297 491 291
1018	69 143 337 240
1019	46 338 239 256
1020	172 24 101 253
1021	106 437 283 184
1022	40 402 135 343
1023	278 190 376 137
1024	350 318 386 119
1025	253 252 8 296
1026	486 324 347 179
1027	116 79 386 298
1028	476 7 293 338
1029	490 186 97 334
1030	383 307 228 106
1031	52 303 305 122
1032	125 43 411 232
1033	331 294 235 486
1034	155 168 88 454
1035	391 53 27 421
1036	443 91 11 217
1037	375 30 171 265
1038	135 445 385 116
1039	130 285 383 411
1040	324 387 83 77
1041	9 278 177 411
1042	344 481 368 465
1043	243 319 331 277
1044	55 306 277 195
1045	177 248 106 340
1046	148 315 38 274
1047	479 95 299 174
1048	31 482 103 236
1049	386 485 186 290
1050	484 24 320 434
1051	385 151 357 85
1052	322 450 334 371
1053	213 354 270 420
1054	470 306 463 370
1055	412 489 15 124
1056	435 386 189 284
1057	240 4 419 245
1058	337 183 312 219
1059	57 161 76 483
1060	308 164 9 299
1061	443 415 279 412
1062	250 373 219 413
1063	156 474 83 331
1064	131 70 251 123
1065	185 291 398 470
1066	204 459 484 471
1067	37 404 50 127
1068	269 131 258 295
1069	111 153 189 367
1070	314 151 346 420
1071	377 370 252 413
1072	155 152 377 80
1073	347 136 411 82
1074	434 27 164 369
1075	243 206 26 279
1076	149 167 150 24
1077	97 167 393 169
1078	280 61 424 407
1079	226 106 338 8
1080	149 379 38 313
1081	300 5 404 481
1082	130 413 209 154
1083	478 182 140 193
1084	441 48 479 221
1085	16 382 121 180
1086	166 211 441 433
1087	335 480 107 416
1088	488 160 336 89
1089	67 334 423 267
1090	27 439 64 318
1091	253 279 186 413
1092	92 217 497 292
1093	400 358 476 170
1094	442 221 146 382
1095	111 420 41 73
1096	24 142 203 333
1097	462 94 191 80
1098	280 150 292 188
1099	204 481 232 177
1100	460 134 415 84
1101	229 62 10 192
1102	384 299 22 268
1103	59 415 450 124
1104	319 7 455 102
1105	385 309 396 287
1106	101 71 131 36
1107	389 75 8 146
1108	226 231 259 49
1109	283 448 33 233
1110	10 142 212 245
1111	108 171 413 133
1112	433 9 234 365
1113	410 211 375 81
1114	29 399 126 203
1115	475 349 461 333
1116	164 328 324 491
1117	247 234 308 79
1118	141 391 339 104
1119	39 161 432 287
1120	469 90 1 39
1121	3 465 300 36
1122	176 427 155 422
1123	193 386 71 19
1124	297 3 44 448
1125	350 142 54 114
1126	146 95 38 491
1127	276 214 203 88
1128	136 74 79 286
1129	401 492 302 211
1130	296 98 278 474
1131	268 4 392 278
1132	174 160 495 472
1133	300 359 494 290
1134	146 416 451 68
1135	271 382 255 278
1136	66 159 449 336
1137	415 134 272 46
1138	424 439 187 427
1139	77 119 99 370
1140	38 28 316 46
1141	260 475 227 19
1142	409 348 434 383
1143	250 346 213 252
1144	140 490 85 64
1145	387 418 97 311
1146	344 117 489 200
1147	291 252 276 237
1148	130 351 264 402
1149	112 133 139 240
1150	189 179 229 196
1151	56 101 423 212
1152	76 34 62 103
1153	78 165 77 359
1154	118 374 73 211
1155	239 453 200 366
1156	372 19 180 471
1157	266 160 133 412
1158	273 461 344 11
1159	352 175 202 298
1160	30 27 186 206
1161	207 192 270 417
1162	450 87 322 353
1163	255 381 363 266
1164	191 393 102 236
1165	255 406 413 177
1166	464 224 403 57
1167	423 132 454 462
1168	451 230 400 141
1169	418 365 26 183
1170	114 213 407 50
1171	251 291 496 295
1172	222 58 282 220
1173	376 64 69 447
1174	266 202 484 334
1175	107 406 328 447
1176	256 219 341 407
1177	242 445 473 203
1178	347 425 145 271
1179	181 329 110 153
1180	276 344 371 120
1181	210 226 172 20
1182	305 234 3 188
1183	127 216 286 415
1184	204 437 83 464
1185	68 19 161 460
1186	170 117 365 269
1187	346 357 476 448
1188	373 353 85 143
1189	304 495 19 229
1190	93 424 241 243
1191	460 193 72 174
1192	360 362 422 184
1193	358 210 172 420
1194	17 429 122 372
1195	90 336 177 206
1196	318 28 129 24
1197	425 483 239 340
1198	2 321 44 128
1199	255 394 88 364
1200	221 323 158 98
1201	329 205 272 131
1202	324 164 384 365
1203	347 281 304 409
1204	241 360 197 74
1205	468 108 446 213
1206	76 16 491 413
1207	203 337 204 353
1208	66 204 53 455
1209	435 102 409 196
1210	202 463 386 160
1211	462 211 138 300
1212	137 374 368 427
1213	63 471 78 44
1214	445 14 353 287
1215	499 79 302 401
1216	359 256 84 443
1217	234 282 352 383
1218	385 380 416 488
1219	374 380 411 148
1220	17 296 199 173
1221	467 39 276 485
1222	308 316 274 80
1223	319 420 295 334
1224	204 429 447 50
1225	363 207 375 69
1226	313 297 435 77
1227	465 258 159 147
1228	238 371 215 287
1229	177 372 441 210
1230	171 473 386 402
1231	89 475 398 484
1232	124 485 87 365
1233	350 407 246 239
1234	80 418 267 49
1235	312 4 457 201
1236	286 81 43 97
1237	8 176 214 174
1238	79 349 149 121
1239	292 358 374 132
1240	393 133 498 29
1241	26 391 263 322
1242	19 111 135 304
1243	99 185 248 344
1244	231 8 430 37
1245	399 393 127 331
1246	108 340 133 458
1247	47 245 18 213
1248	198 440 34 109
1249	284 242 84 94
1250	163 333 264 129
1251	436 486 45 39
1252	141 104 415 449
1253	188 113 180 32
1254	355 319 9 423
1255	227 51 133 29
1256	349 267 491 132
1257	431 150 111 399
1258	322 390 316 282
1259	340 165 237 122
1260	168 112 385 177
1261	101 31 95 389
1262	179 33 498 365
1263	365 472 233 229
1264	314 481 208 48
1265	383 117 172 451
1266	55 290 415 314
1267	119 8 259 121
1268	86 377 279 189
1269	223 219 487 322
1270	447 219 18 370
1271	83 158 242 286
1272	317 196 429 341
1273	464 97 253 450
1274	253 436 486 358
1275	414 16 377 218
1276	11 322 179 8
1277	177 453 213 60
1278	31 178 295 262
1279	310 243 424 246
1280	247 280 193 72
1281	44 322 25 277
1282	107 395 191 156
1283	160 100 329 88
1284	63 316 51 169
1285	289 341 148 336
1286	306 67 171 462
1287	37 1 298 484
1288	135 396 483 78
1289	271 56 419 5
1290	201 19 180 58
1291	188 9 75 376
1292	221 190 370 478
1293	457 14 123 34
1294	397 152 375 445
1295	344 368 294 209
1296	442 316 394 90
1297	159 27 8 487
1298	483 145 433 255
1299	249 257 420 66
1300	107 159 396 300
1301	4 121 304 28
1302	437 271 488 55
1303	475 87 393 496
1304	414 261 74 21
1305	259 299 432 266
1306	360 138 426 484
1307	191 298 237 469
1308	474 393 335 155
1309	242 383 230 473
1310	68 263 377 420
1311	181 217 1 66
1312	252 12 176 162
1313	183 319 118 51
1314	176 16 381 469
1315	43 185 51 111
1316	120 488 151 336
1317	17 450 282 286
1318	448 111 321 224
1319	107 264 314 78
1320	347 52 78 51
1321	226 398 57 28
1322	307 420 342 335
1323	260 482 248 246
1324	1 87 258 333
1325	464 313 325 86
1326	9 44 103 81
1327	459 182 413 181
1328	321 480 128 256
1329	324 372 374 227
1330	144 164 334 251
1331	375 169 128 261
1332	277 398 372 288
1333	239 34 273 316
1334	215 354 296 259
1335	202 490 357 82
1336	146 453 149 320
1337	118 200 453 227
1338	196 133 353 55
1339	310 283 78 209
1340	53 373 235 251
1341	471 18 326 328
1342	80 180 18 14
1343	44 264 495 360
1344	69 401 461 129
1345	359 235 350 419
1346	71 256 431 105
1347	90 68 110 230
1348	54 274 5 463
1349	184 99 137 155
1350	175 492 375 275
1351	453 240 281 304
1352	100 267 179 442
1353	407 436 267 106
1354	88 332 37 106
1355	227 353 2 108
1356	494 399 13 446
1357	440 186 145 232
1358	400 58 376 426
1359	455 293 314 3
1360	321 28 17 334
1361	79 253 317 161
1362	257 428 55 172
1363	498 437 305 213
1364	379 202 185 123
1365	450 207 336 316
1366	247 101 42 455
1367	468 29 372 447
1368	256 230 372 314
1369	93 449 340 17
1370	399 127 93 362
1371	392 208 459 69
1372	10 73 345 230
1373	411 117 179 354
1374	324 439 472 194
1375	416 256 175 390
1376	52 312 413 350
1377	353 104 19 223
1378	129 361 369 442
1379	459 268 275 324
1380	411 4 160 276
1381	310 208 484 46
1382	374 326 118 419
1383	381 63 143 218
1384	233 446 450 63
1385	337 45 44 332
1386	475 75 434 133
1387	322 286 23 337
1388	458 418 483 286
1389	447 480 433 355
1390	50 260 13 31
1391	272 380 82 258
1392	156 308 340 322
1393	468 73 346 374
1394	492 469 82 90
1395	363 383 160 441
1396	393 334 88 438
1397	312 35 218 191
1398	1 201 209 91
1399	15 153 39 152
1400	461 481 108 214
1401	476 246 497 289
1402	199 412 311 441
1403	126 10 154 322
1404	37 278 395 422
1405	199 257 201 349
1406	56 125 377 87
1407	170 106 451 450
1408	292 29 214 317
1409	493 96 209 340
1410	169 402 98 326
1411	454 483 423 262
1412	441 419 258 286
1413	78 347 319 376
1414	223 408 130 427
1415	454 394 199 443
1416	332 359 91 40
1417	394 200 271 129
1418	153 145 477 176
1419	200 254 313 211
1420	423 286 428 464
1421	216 487 422 11
1422	472 143 480 210
1423	420 333 283 405
1424	217 288 336 338
1425	354 263 464 404
1426	436 235 184 64
1427	32 125 86 346
1428	486 417 275 277
1429	225 285 485 144
1430	381 145 234 159
1431	296 305 6 249
1432	34 134 314 227
1433	162 251 373 35
1434	133 480 229 196
1435	492 75 122 308
1436	113 314 366 83
1437	394 380 130 11
1438	452 263 416 408
1439	315 292 150 273
1440	403 398 457 484
1441	417 89 45 266
1442	154 385 132 457
1443	460 406 463 462
1444	153 382 255 420
1445	188 62 131 261
1446	140 16 417 376
1447	456 144 59 104
1448	435 6 110 64
1449	42 208 278 47
1450	467 473 393 84
1451	33 195 7 52
1452	347 156 458 260
1453	353 41 365 220
1454	327 44 435 130
1455	275 126 382 45
1456	188 32 29 233
1457	304 87 157 293
1458	268 400 83 394
1459	120 267 301 339
1460	163 101 4 240
1461	499 150 333 94
1462	277 351 105 132
1463	296 500 361 269
1464	433 499 89 131
1465	200 162 81 195
1466	181 87 491 353
1467	74 387 27 493
1468	132 6 288 215
1469	419 326 482 201
1470	165 26 193 279
1471	31 461 441 407
1472	120 309 261 350
1473	251 73 319 273
1474	252 264 124 144
1475	434 144 62 162
1476	286 27 388 320
1477	390 223 364 67
1478	337 269 131 357
1479	39 174 110 471
1480	127 27 90 9
1481	345 375 119 51
1482	12 197 407 35
1483	216 344 62 333
1484	148 331 365 446
1485	34 476 319 385
1486	379 255 230 277
1487	3 236 353 407
1488	53 451 381 310
1489	11 10 418 102
1490	481 410 31 371
1491	341 95 147 204
1492	443 141 131 85
1493	422 128 443 368
1494	467 252 392 403
1495	124 493 440 62
1496	212 393 120 338
1497	479 136 76 444
1498	121 391 129 110
1499	161 252 95 461
1500	20 110 424 444
1501	410 358 178 494
1502	182 175 495 404
1503	52 436 246 154
1504	355 274 229 497
1505	169 427 259 291
1506	417 286 488 230
1507	257 348 119 194
1508	413 372 331 29
1509	382 169 37 312
1510	4 38 307 42
1511	427 272 11 297
1512	208 435 465 7
1513	218 109 337 209
1514	110 72 128 495
1515	369 317 440 475
1516	499 460 198 275
1517	212 344 351 432
1518	360 155 286 232
1519	244 372 324 70
1520	357 267 372 249
1521	453 445 300 365
1522	284 270 360 188
1523	326 181 235 400
1524	94 284 455 104
1525	233 368 189 282
1526	378 75 128 93
1527	175 9 22 209
1528	181 153 123 179
1529	210 55 107 369
1530	217 157 493 484
1531	81 132 49 237
1532	463 173 459 434
1533	260 24 133 200
1534	223 199 99 114
1535	284 4 450 345
1536	32 225 329 452
1537	335 365 58 154
1538	302 230 6 300
1539	76 97 397 263
1540	326 441 97 50
1541	255 203 241 414
1542	167 315 388 370
1543	43 25 24 148
1544	64 22 463 249
1545	487 284 37 292
1546	343 121 373 486
1547	307 177 263 269
1548	320 200 351 433
1549	100 4 387 258
1550	412 451 234 254
1551	264 235 479 261
1552	129 20 377 171
1553	191 286 251 176
1554	226 448 301 159
1555	438 55 410 498
1556	145 171 75 297
1557	227 364 213 374
1558	428 293 72 475
1559	195 25 53 295
1560	5 293 156 473
1561	351 148 211 304
1562	229 361 109 434
1563	190 131 246 243
1564	174 253 236 76
1565	339 465 452 153
1566	49 413 469 76
1567	31 103 345 110
1568	180 49 56 377
1569	6 99 216 433
1570	217 21 11 288
1571	289 119 491 385
1572	243 94 370 119
1573	2 185 376 155
1574	78 69 66 219
1575	96 175 111 152
1576	475 293 287 205
1577	53 126 68 342
1578	469 274 54 326
1579	194 373 408 94
1580	402 408 493 340
1581	323 328 101 276
1582	149 314 313 486
1583	438 469 235 92
1584	229 369 376 108
1585	209 190 289 452
1586	395 263 448 185
1587	366 180 338 455
1588	357 298 238 71
1589	496 382 28 393
1590	108 169 219 453
1591	86 360 140 2
1592	310 125 374 112
1593	441 96 83 61
1594	383 225 50 330
1595	336 272 287 356
1596	334 441 372 442
1597	66 134 248 142
1598	113 383 269 231
1599	335 373 342 197
1600	460 148 249 134
1601	276 290 443 32
1602	234 253 497 302
1603	310 329 290 283
1604	125 449 49 306
1605	413 398 318 429
1606	139 41 20 68
1607	59 129 493 383
1608	492 10 22 231
1609	228 80 54 19
1610	131 18 23 30
1611	93 58 98 188
1612	153 388 118 58
1613	124 87 424 35
1614	116 406 97 54
1615	285 445 79 357
1616	110 439 440 103
1617	362 151 98 357
1618	392 311 320 286
1619	228 348 452 19
1620	96 145 484 446
1621	471 167 321 336
1622	230 11 337 332
1623	354 342 353 397
1624	146 132 393 403
1625	6 159 209 275
1626	185 187 247 66
1627	34 171 268 304
1628	419 309 68 56
1629	470 76 31 185
1630	224 347 179 76
1631	52 134 374 446
1632	430 154 104 138
1633	320 154 495 498
1634	371 278 115 358
1635	402 226 46 24
1636	450 330 148 218
1637	97 124 153 102
1638	211 16 93 494
1639	53 174 227 306
1640	466 413 406 227
1641	370 252 185 147
1642	189 432 96 207
1643	389 111 463 439
1644	223 140 139 24
1645	277 256 423 210
1646	303 162 20 254
1647	212 286 56 400
1648	490 238 109 290
1649	102 305 147 37
1650	383 244 262 311
1651	272 319 391 109
1652	313 482 97 197
1653	418 437 244 195
1654	297 424 83 69
1655	452 124 133 364
1656	154 280 185 405
1657	489 312 12 101
1658	21 251 28 416
1659	331 279 93 361
1660	427 207 166 58
1661	218 408 466 14
1662	183 174 316 208
1663	498 209 232 207
1664	82 12 46 105
1665	69 328 161 201
1666	248 14 229 241
1667	96 206 332 453
1668	495 285 233 355
1669	11 57 147 120
1670	212 267 158 162
1671	208 408 53 292
1672	62 59 140 345
1673	156 114 322 76
1674	230 359 95 206
1675	322 10 168 193
1676	16 272 37 187
1677	394 160 46 445
1678	279 77 469 233
1679	244 82 438 393
1680	105 124 136 204
1681	448 282 29 172
1682	44 17 368 197
1683	426 8 167 240
1684	403 498 490 292
1685	390 244 112 388
1686	373 55 306 289
1687	347 179 145 72
1688	141 241 437 60
1689	304 186 196 105
1690	245 410 307 116
1691	153 200 289 370
1692	82 210 439 427
1693	388 317 201 73
1694	336 61 228 427
1695	450 498 412 128
1696	80 130 266 495
1697	418 307 44 18
1698	386 343 342 480
1699	205 339 201 424
1700	89 436 149 110
1701	124 216 282 104
1702	197 223 354 317
1703	392 388 76 371
1704	14 376 94 185
1705	158 375 147 62
1706	218 343 115 308
1707	99 72 261 213
1708	428 305 230 460
1709	439 327 380 94
1710	303 69 455 447
1711	476 133 491 463
1712	285 203 139 6
1713	314 497 336 264
1714	332 397 167 47
1715	489 377 429 116
1716	417 84 275 397
1717	73 425 9 190
1718	37 189 297 41
1719	119 259 486 86
1720	181 89 198 130
1721	498 18 216 37
1722	491 350 19 293
1723	210 60 345 129
1724	300 177 448 438
1725	242 374 329 365
1726	327 169 17 392
1727	356 36 138 181
1728	18 460 60 343
1729	460 388 41 66
1730	404 186 389 52
1731	296 62 341 104
1732	354 336 282 350
1733	249 460 307 221
1734	240 49 252 366
1735	433 395 74 11
1736	337 228 248 347
1737	57 257 204 336
1738	183 478 309 286
1739	217 317 117 443
1740	244 333 429 408
1741	376 84 95 50
1742	376 60 301 310
1743	246 45 90 289
1744	485 418 342 281
1745	130 83 86 34
1746	247 225 378 10
1747	81 420 349 485
1748	393 351 117 7
1749	312 73 415 400
1750	334 386 37 137
1751	377 5 307 137
1752	325 128 129 231
1753	43 468 20 102
1754	409 346 417 173
1755	70 353 466 343
1756	86 334 60 370
1757	358 368 162 408
1758	487 198 356 325
1759	481 330 131 115
1760	312 78 338 463
1761	126 496 108 158
1762	405 73 252 83
1763	330 10 348 433
1764	93 47 76 120
1765	176 324 1 141
1766	329 217 374 77
1767	257 260 68 212
1768	3 202 137 280
1769	317 161 65 116
1770	494 408 119 98
1771	293 208 461 34
1772	105 155 450 312
1773	384 207 193 132
1774	50 158 401 276
1775	58 492 51 181
1776	125 98 245 488
1777	219 490 375 223
1778	493 425 491 287
1779	496 388 90 249
1780	208 242 145 254
1781	366 476 295 163
1782	53 216 356 399
1783	272 77 71 486
1784	468 23 34 482
1785	447 314 415 53
1786	349 86 286 298
1787	264 332 74 418
1788	348 458 209 277
1789	127 487 186 224
1790	469 4 214 40
1791	185 375 406 92
1792	263 147 150 325
1793	18 27 253 373
1794	229 276 53 301
1795	345 487 75 185
1796	220 46 351 317
1797	339 442 487 251
1798	90 204 286 28
1799	195 55 242 382
1800	181 193 269 144
1801	278 80 301 358
1802	329 234 188 238
1803	406 367 431 36
1804	100 260 64 131
1805	139 344 347 229
1806	198 22 167 315
1807	373 99 387 252
1808	168 399 450 275
1809	454 217 303 13
1810	424 451 348 297
1811	151 56 126 172
1812	437 459 69 488
1813	398 263 85 173
1814	26 244 141 272
1815	458 355 304 333
1816	108 318 469 65
1817	447 330 455 274
1818	58 465 165 101
1819	3 372 202 142
1820	404 161 350 142
1821	352 339 101 419
1822	499 320 15 345
1823	30 380 213 88
1824	73 182 383 84
1825	125 171 414 57
1826	146 283 500 378
1827	82 458 367 472
1828	167 299 54 348
1829	364 264 292 484
1830	497 209 99 292
1831	117 344 26 42
1832	419 112 65 493
1833	357 179 438 490
1834	214 216 483 340
1835	248 55 57 50
1836	109 435 488 144
1837	46 12 234 239
1838	400 246 125 272
1839	479 223 342 380
1840	465 397 480 319
1841	39 160 414 85
1842	51 338 97 45
1843	450 186 190 8
1844	278 175 474 183
1845	1 46 364 147
1846	147 270 310 34
1847	333 49 272 183
1848	7 111 430 393
1849	366 89 17 106
1850	500 352 57 466
1851	127 20 369 362
1852	290 39 299 338
1853	441 264 430 309
1854	80 281 356 444
1855	248 451 332 27
1856	425 301 30 193
1857	104 270 257 367
1858	164 90 221 46
1859	416 165 278 152
1860	445 44 31 344
1861	415 435 449 90
1862	311 350 94 113
1863	479 250 165 226
1864	126 18 162 345
1865	92 99 160 225
1866	243 406 304 459
1867	426 127 36 330
1868	307 231 425 221
1869	412 364 422 41
1870	365 58 65 366
1871	485 351 323 433
1872	77 414 161 30
1873	252 201 333 13
1874	291 217 117 351
1875	305 191 236 152
1876	1 406 195 234
1877	80 52 61 396
1878	340 198 254 313
1879	367 186 388 386
1880	167 176 473 58
1881	340 170 163 109
1882	432 117 300 372
1883	489 438 330 468
1884	327 381 132 320
1885	84 275 386 358
1886	497 241 259 3
1887	450 146 18 172
1888	46 50 340 183
1889	175 405 260 49
1890	23 476 246 57
1891	477 360 168 433
1892	110 75 425 491
1893	10 165 105 29
1894	100 25 218 101
1895	395 102 200 43
1896	157 215 24 170
1897	171 397 297 457
1898	495 464 139 389
1899	93 10 473 338
1900	72 242 436 486
1901	458 285 207 194
1902	78 256 260 443
1903	413 53 359 293
1904	461 260 35 231
1905	479 169 364 28
1906	487 351 62 300
1907	338 25 444 487
1908	297 408 395 436
1909	235 399 153 193
1910	200 140 468 57
1911	174 492 224 212
1912	482 24 280 67
1913	472 181 24 303
1914	280 117 72 483
1915	34 446 334 155
1916	143 437 316 270
1917	163 15 278 412
1918	225 252 231 69
1919	65 79 447 183
1920	152 196 255 363
1921	126 442 135 71
1922	434 192 16 49
1923	496 199 100 408
1924	462 174 394 402
1925	408 415 427 349
1926	459 25 136 490
1927	167 438 356 319
1928	470 96 309 257
1929	179 279 354 421
1930	327 495 59 254
1931	390 22 309 387
1932	272 181 207 288
1933	30 449 399 461
1934	330 145 206 182
1935	45 22 77 204
1936	253 191 326 296
1937	151 471 88 188
1938	332 9 191 24
1939	7 83 51 304
1940	138 337 429 96
1941	40 344 455 34
1942	233 118 232 257
1943	74 307 292 462
1944	203 81 54 137
1945	481 30 127 61
1946	389 148 453 34
1947	213 53 95 401
1948	500 30 343 252
1949	174 265 148 328
1950	387 253 455 160
1951	74 52 363 417
1952	67 217 348 243
1953	18 368 221 83
1954	215 163 130 104
1955	321 372 53 126
1956	215 212 379 100
1957	168 392 209 247
1958	471 310 337 176
1959	487 380 95 90
1960	119 103 69 327
1961	129 88 348 299
1962	417 348 168 140
1963	144 465 295 264
1964	49 54 436 432
1965	256 250 252 287
1966	263 61 181 129
1967	357 442 367 285
1968	225 217 395 282
1969	164 174 416 317
1970	232 274 61 394
1971	460 150 365 287
1972	375 454 238 142
1973	171 57 43 9
1974	54 20 350 3
1975	356 390 397 15
1976	236 414 284 360
1977	37 302 158 5
1978	174 322 458 266
1979	160 499 151 167
1980	326 148 475 243
1981	363 322 81 281
1982	84 92 328 252
1983	109 431 372 7
1984	466 65 353 349
1985	162 45 468 94
1986	315 259 242 428
1987	319 397 51 396
1988	154 175 472 3
1989	221 466 249 57
1990	237 381 375 37
1991	71 199 223 58
1992	493 159 405 484
1993	10 211 422 438
1994	464 96 330 490
1995	437 38 400 476
1996	44 451 151 459
1997	18 188 273 420
1998	258 421 32 145
1999	198 200 260 470
2000	46 151 376 363
2001	13 60 240 163
2002	482 499 440 487
2003	104 134 390 118
2004	131 185 14 38
2005	352 351 246 159
2006	238 66 219 346
2007	174 86 443 320
2008	220 275 429 96
2009	97 168 443 473
2010	497 476 83 410
2011	346 57 252 404
2012	476 408 415 55
2013	314 123 475 113
2014	112 303 182 419
2015	425 486 29 332
2016	268 92 467 463
2017	57 160 438 357
2018	254 122 23 51
2019	382 186 426 164
2020	242 354 371 328
2021	154 132 382 50
2022	432 226 27 125
2023	198 176 343 69
2024	231 15 293 298
2025	64 91 305 441
2026	369 141 462 403
2027	70 200 500 311
2028	331 441 146 164
2029	171 375 223 314
2030	155 430 114 347
2031	420 311 429 228
2032	138 63 187 384
2033	15 206 248 208
2034	418 188 367 262
2035	67 134 399 218
2036	109 371 458 97
2037	142 375 1 190
2038	65 32 174 125
2039	480 326 263 45
2040	93 140 80 3
2041	334 337 103 176
2042	375 450 13 346
2043	483 248 129 251
2044	257 456 170 218
2045	195 431 407 476
2046	313 430 156 165
2047	340 224 100 149
2048	259 489 449 151
2049	169 196 436 142
2050	375 304 152 200
2051	1 210 84 144
2052	44 20 414 475
2053	463 367 8 322
2054	27 436 499 476
2055	65 240 190 231
2056	456 220 127 50
2057	186 203 246 249
2058	412 174 460 332
2059	119 269 412 438
2060	276 118 420 305
2061	492 17 204 257
2062	287 433 439 145
2063	368 79 150 186
2064	480 172 188 66
2065	439 137 452 379
2066	343 391 412 432
2067	55 497 233 154
2068	165 493 114 474
2069	401 112 105 163
2070	121 415 45 20
2071	351 321 238 375
2072	182 404 252 247
2073	495 116 404 7
2074	414 445 273 104
2075	472 483 6 409
2076	179 115 64 134
2077	111 145 73 412
2078	143 203 206 122
2079	422 75 423 60
2080	337 465 85 107
2081	258 199 293 189
2082	322 215 391 23
2083	405 22 104 236
2084	252 250 53 376
2085	69 282 306 276
2086	359 248 49 109
2087	34 275 287 173
2088	1 330 449 9
2089	416 184 206 453
2090	71 414 53 265
2091	130 66 356 362
2092	93 315 14 17
2093	240 104 189 355
2094	385 283 39 31
2095	500 341 15 160
2096	91 236 443 413
2097	287 347 85 329
2098	371 9 143 56
2099	229 167 304 178
2100	353 269 85 371
2101	110 403 170 275
2102	331 70 15 143
2103	127 473 228 156
2104	444 179 83 235
2105	286 367 342 273
2106	324 360 359 199
2107	110 179 421 185
2108	391 277 37 259
2109	440 297 416 393
2110	110 496 394 9
2111	424 321 398 242
2112	108 323 385 72
2113	289 187 362 226
2114	151 327 233 428
2115	216 462 36 125
2116	398 418 319 6
2117	41 411 489 285
2118	395 255 324 156
2119	131 278 105 28
2120	110 61 188 30
2121	121 75 166 78
2122	217 102 214 428
2123	184 328 233 79
2124	121 171 468 169
2125	298 367 305 239
2126	15 389 8 37
2127	324 157 379 327
2128	449 491 470 418
2129	438 111 474 265
2130	84 10 53 286
2131	206 4 452 268
2132	440 435 146 259
2133	213 343 106 19
2134	496 415 461 25
2135	334 491 383 139
2136	70 42 407 56
2137	238 378 411 262
2138	371 32 245 111
2139	329 336 63 306
2140	55 334 43 191
2141	205 443 223 153
2142	30 300 450 222
2143	248 207 181 240
2144	72 17 435 439
2145	258 78 125 219
2146	141 292 279 82
2147	458 500 143 161
2148	19 50 393 229
2149	412 137 351 478
2150	110 35 366 307
2151	227 433 344 78
2152	383 286 44 15
2153	8 349 41 486
2154	86 277 441 162
2155	305 461 224 68
2156	377 446 369 161
2157	267 10 106 212
2158	72 49 278 188
2159	394 176 146 265
2160	174 394 72 322
2161	184 16 30 289
2162	255 15 434 249
2163	34 437 251 153
2164	158 217 93 461
2165	70 75 108 285
2166	314 224 416 201
2167	53 135 99 391
2168	246 324 244 226
2169	30 217 287 64
2170	485 38 488 356
2171	115 498 5 474
2172	329 11 194 406
2173	336 197 426 253
2174	339 107 467 381
2175	69 423 146 167
2176	214 114 247 351
2177	196 282 358 484
2178	93 12 318 370
2179	207 456 471 482
2180	394 392 109 332
2181	8 134 481 94
2182	30 137 474 172
2183	238 428 264 453
2184	317 446 111 19
2185	395 315 258 234
2186	29 360 39 230
2187	180 320 376 373
2188	202 189 133 445
2189	243 111 253 271
2190	179 342 161 140
2191	150 384 158 389
2192	362 13 384 159
2193	335 408 47 436
2194	203 312 150 349
2195	90 330 410 470
2196	75 419 409 172
2197	239 372 93 267
2198	393 482 370 108
2199	94 311 351 253
2200	139 44 429 187
2201	50 194 353 69
2202	301 406 171 231
2203	254 35 299 90
2204	184 466 96 164
2205	233 320 223 270
2206	88 225 270 280
2207	77 494 370 202
2208	426 282 376 443
2209	395 198 367 140
2210	31 367 95 454
2211	117 398 131 498
2212	206 95 400 247
2213	486 201 194 4
2214	316 382 256 68
2215	135 26 248 231
2216	241 152 240 21
2217	18 1 357 165
2218	394 227 410 148
2219	196 357 330 290
2220	170 19 214 190
2221	40 318 266 416
2222	268 454 418 279
2223	231 436 266 47
2224	93 290 409 38
2225	218 56 223 119
2226	237 349 329 471
2227	250 82 477 316
2228	417 453 279 36
2229	1 5 448 455
2230	213 218 331 445
2231	487 147 169 94
2232	470 182 277 86
2233	469 384 336 105
2234	386 141 455 344
2235	393 189 229 379
2236	435 405 96 244
2237	103 121 458 193
2238	118 420 23 15
2239	10 111 495 326
2240	173 258 136 327
2241	428 425 498 69
2242	187 155 180 439
2243	166 104 470 306
2244	450 354 403 288
2245	309 344 45 200
2246	198 146 219 72
2247	175 77 143 308
2248	70 436 116 3
2249	289 255 301 405
2250	50 373 371 195
2251	247 355 289 27
2252	246 115 254 71
2253	279 27 340 158
2254	344 262 198 313
2255	36 39 206 481
2256	127 99 442 330
2257	104 342 480 192
2258	4 142 274 479
2259	488 213 290 455
2260	34 8 280 421
2261	350 6 474 334
2262	64 397 409 379
2263	11 81 290 296
2264	126 408 229 374
2265	325 461 19 261
2266	433 49 451 91
2267	314 220 26 107
2268	370 187 110 427
2269	20 482 425 65
2270	74 208 299 68
2271	394 262 9 51
2272	324 448 449 459
2273	133 194 441 129
2274	164 387 406 500
2275	248 423 4 92
2276	349 292 481 482
2277	289 142 348 457
2278	430 352 146 354
2279	49 452 210 98
2280	14 422 270 330
2281	248 276 50 211
2282	462 266 82 2
2283	117 169 349 408
2284	62 179 28 243
2285	15 369 30 344
2286	460 38 270 486
2287	172 400 112 39
2288	445 217 343 224
2289	378 466 153 339
2290	459 407 354 76
2291	447 255 478 357
2292	45 147 127 125
2293	30 109 432 181
2294	244 392 374 424
2295	394 277 102 176
2296	352 120 272 89
2297	69 227 488 338
2298	249 402 272 215
2299	325 180 71 331
2300	452 438 55 56
2301	271 158 74 116
2302	393 401 262 371
2303	455 448 434 447
2304	350 404 29 200
2305	184 439 136 410
2306	411 151 316 464
2307	453 253 76 212
2308	232 240 215 270
2309	184 112 30 491
2310	375 180 176 134
2311	210 227 93 105
2312	439 57 51 434
2313	291 397 143 68
2314	207 262 390 423
2315	174 297 484 151
2316	22 445 180 370
2317	144 241 250 34
2318	146 301 24 77
2319	225 355 62 401
2320	368 400 285 435
2321	177 361 125 387
2322	201 140 328 464
2323	186 221 154 457
2324	47 433 294 415
2325	140 17 493 472
2326	321 460 222 416
2327	185 456 250 498
2328	111 323 417 436
2329	267 392 78 300
2330	51 26 148 406
2331	221 179 409 361
2332	238 94 91 286
2333	482 70 94 330
2334	152 201 416 91
2335	399 232 331 393
2336	207 429 40 481
2337	183 229 174 214
2338	228 233 308 408
2339	430 94 171 391
2340	350 378 280 75
2341	271 300 340 164
2342	50 476 341 487
2343	125 120 232 68
2344	211 292 17 295
2345	188 453 267 169
2346	407 327 211 325
2347	216 279 376 130
2348	309 97 40 251
2349	391 411 177 474
2350	404 262 41 236
2351	481 193 39 151
2352	499 110 277 56
2353	282 204 376 313
2354	284 11 222 270
2355	277 420 427 79
2356	47 234 385 350
2357	263 112 23 44
2358	458 17 228 361
2359	180 28 55 308
2360	196 494 301 317
2361	187 172 384 431
2362	61 451 424 150
2363	104 149 423 398
2364	73 17 341 439
2365	125 225 422 472
2366	474 194 12 4
2367	348 310 270 136
2368	458 137 57 327
2369	474 146 213 277
2370	364 299 383 404
2371	182 484 429 260
2372	32 3 183 112
2373	69 474 298 125
2374	456 88 262 495
2375	178 411 488 298
2376	364 118 110 6
2377	81 343 212 471
2378	325 167 168 209
2379	149 366 23 83
2380	500 418 494 251
2381	105 174 46 278
2382	165 245 338 8
2383	152 197 359 155
2384	176 95 180 316
2385	479 280 26 193
2386	95 297 364 404
2387	157 46 379 368
2388	262 7 284 322
2389	487 99 231 187
2390	185 205 458 56
2391	104 319 75 138
2392	204 129 390 288
2393	225 442 176 441
2394	28 175 344 362
2395	189 86 133 422
2396	331 148 427 442
2397	57 254 123 338
2398	287 305 434 69
2399	356 222 471 114
2400	35 394 453 439
2401	161 483 116 92
2402	288 349 42 93
2403	82 204 285 184
2404	450 471 155 469
2405	361 329 332 134
2406	346 315 42 317
2407	187 145 280 4
2408	375 23 39 355
2409	1 225 8 20
2410	134 185 475 297
2411	5 225 374 436
2412	332 242 374 376
2413	278 50 285 256
2414	50 140 261 415
2415	386 339 308 382
2416	246 333 100 160
2417	70 193 467 22
2418	123 331 270 135
2419	141 389 203 115
2420	385 249 42 136
2421	416 211 304 467
2422	167 343 150 170
2423	124 271 253 332
2424	305 195 365 140
2425	425 448 30 299
2426	489 118 440 460
2427	325 257 330 15
2428	178 455 364 401
2429	31 116 27 84
2430	96 250 89 13
2431	419 51 444 288
2432	13 280 289 275
2433	123 451 93 244
2434	450 167 268 388
2435	477 102 90 383
2436	159 40 188 206
2437	187 425 394 486
2438	361 156 273 421
2439	340 230 124 422
2440	443 181 407 383
2441	226 67 288 182
2442	433 330 101 451
2443	147 473 136 465
2444	413 348 354 56
2445	487 161 241 139
2446	352 380 30 284
2447	490 282 238 324
2448	491 280 323 391
2449	61 11 53 222
2450	463 40 171 433
2451	34 348 89 351
2452	453 270 88 194
2453	413 53 55 465
2454	384 116 318 364
2455	152 51 379 5
2456	87 16 478 492
2457	500 479 56 42
2458	78 426 447 7
2459	400 218 195 338
2460	392 446 184 216
2461	302 373 53 245
2462	490 303 405 498
2463	128 134 465 367
2464	38 209 121 30
2465	379 341 230 48
2466	277 422 448 259
2467	176 323 294 486
2468	411 189 337 456
2469	204 252 379 426
2470	288 345 421 114
2471	187 303 152 157
2472	218 462 75 82
2473	144 325 490 254
2474	66 307 5 313
2475	243 97 477 252
2476	228 313 211 258
2477	69 420 419 231
2478	262 371 62 419
2479	115 431 392 64
2480	375 488 416 325
2481	224 27 114 376
2482	4 245 238 152
2483	65 157 362 99
2484	56 27 39 11
2485	102 51 58 309
2486	362 120 143 423
2487	251 93 236 414
2488	75 132 295 308
2489	183 146 178 104
2490	179 81 485 392
2491	426 60 239 357
2492	342 142 496 209
2493	37 446 105 185
2494	184 205 234 31
2495	234 56 131 242
2496	25 329 175 360
2497	418 186 297 296
2498	394 133 457 272
2499	22 101 331 55
2500	497 344 92 272
2501	71 320 159 262
2502	470 1 132 481
2503	249 442 467 464
2504	41 254 204 387
2505	149 379 422 343
2506	293 242 346 87
2507	152 400 428 2
2508	399 281 350 389
2509	214 424 156 118
2510	171 416 425 348
2511	486 297 103 418
2512	387 406 494 320
2513	446 81 447 468
2514	187 320 154 337
2515	269 8 139 346
2516	397 214 500 126
2517	313 275 345 353
2518	351 281 391 386
2519	84 307 158 8
2520	265 389 56 451
2521	53 389 370 183
2522	329 149 476 318
2523	128 309 14 372
2524	82 482 457 53
2525	485 221 443 237
2526	144 123 487 448
2527	303 437 278 218
2528	173 125 410 246
2529	221 259 184 380
2530	190 4 436 293
2531	449 282 288 63
2532	35 316 138 216
2533	109 233 403 42
2534	62 173 235 174
2535	219 158 230 414
2536	264 144 39 487
2537	131 281 412 332
2538	131 487 454 244
2539	50 460 244 3
2540	273 129 158 380
2541	294 326 344 261
2542	86 326 128 377
2543	454 51 411 472
2544	28 142 404 119
2545	80 26 41 116
2546	451 412 468 338
2547	454 84 342 167
2548	462 205 379 420
2549	246 372 451 417
2550	454 493 345 101
2551	63 29 402 44
2552	245 268 204 348
2553	438 405 139 170
2554	223 140 316 376
2555	258 304 374 228
2556	452 182 252 448
2557	2 444 359 282
2558	471 231 187 126
2559	359 230 77 434
2560	325 221 317 269
2561	450 336 251 195
2562	427 259 206 21
2563	373 102 57 84
2564	468 134 378 11
2565	216 351 337 361
2566	400 280 100 387
2567	466 357 109 100
2568	423 333 246 185
2569	428 498 159 362
2570	14 397 298 318
2571	371 378 498 435
2572	211 439 492 268
2573	51 138 473 43
2574	236 333 271 151
2575	162 396 78 42
2576	50 201 464 409
2577	393 67 217 472
2578	255 483 72 366
2579	151 144 364 25
2580	189 206 341 168
2581	18 416 67 125
2582	138 413 385 317
2583	184 104 39 329
2584	67 76 183 40
2585	455 451 31 137
2586	92 125 328 175
2587	140 474 190 381
2588	358 284 75 61
2589	484 414 71 143
2590	185 212 54 399
2591	472 64 235 302
2592	361 70 324 425
2593	472 344 347 19
2594	432 5 201 16
2595	451 170 319 417
2596	13 172 470 491
2597	347 394 453 213
2598	241 329 303 419
2599	63 285 78 277
2600	372 198 252 199
2601	68 288 478 368
2602	231 220 313 485
2603	144 34 358 304
2604	283 51 23 256
2605	467 354 312 395
2606	463 69 63 451
2607	438 329 103 226
2608	91 445 235 73
2609	482 212 199 248
2610	254 290 85 70
2611	409 379 245 168
2612	371 158 239 72
2613	406 289 208 303
2614	354 238 353 248
2615	242 294 68 328
2616	291 318 261 96
2617	415 485 385 360
2618	419 212 127 445
2619	124 170 127 331
2620	323 122 60 283
2621	267 429 492 399
2622	303 26 200 267
2623	481 159 436 462
2624	164 28 385 390
2625	172 388 353 373
2626	352 231 488 300
2627	16 138 262 111
2628	340 69 458 178
2629	467 17 465 416
2630	471 220 22 360
2631	472 244 493 381
2632	105 81 381 103
2633	370 267 142 498
2634	405 55 4 453
2635	209 142 165 442
2636	353 248 440 152
2637	181 389 100 154
2638	252 490 260 374
2639	287 29 353 336
2640	400 498 425 339
2641	448 101 497 70
2642	388 283 2 493
2643	374 8 280 60
2644	126 414 228 455
2645	233 104 94 406
2646	87 17 467 401
2647	435 77 93 385
2648	58 433 69 304
2649	235 257 298 381
2650	261 283 108 212
2651	262 111 399 493
2652	142 245 349 302
2653	156 369 492 261
2654	351 187 144 449
2655	50 337 277 134
2656	50 434 261 419
2657	324 151 186 14
2658	42 278 407 64
2659	346 439 96 129
2660	1 7 387 61
2661	193 21 124 31
2662	90 127 39 258
2663	306 34 112 184
2664	196 98 157 161
2665	3 99 137 428
2666	177 385 211 410
2667	340 397 421 87
2668	106 258 165 299
2669	467 294 129 61
2670	339 314 189 32
2671	344 443 492 499
2672	452 363 464 375
2673	494 84 234 48
2674	122 361 169 297
2675	333 92 105 161
2676	369 298 75 420
2677	99 150 287 157
2678	278 18 429 326
2679	431 260 172 480
2680	346 198 86 297
2681	244 198 383 105
2682	389 303 498 17
2683	288 363 18 72
2684	187 155 338 145
2685	497 397 432 399
2686	483 325 134 348
2687	117 336 333 464
2688	318 431 306 58
2689	30 5 229 479
2690	303 52 50 205
2691	174 285 147 289
2692	456 325 427 99
2693	75 364 187 77
2694	4 481 441 406
2695	138 31 274 424
2696	207 478 253 404
2697	112 87 20 289
2698	224 58 495 214
2699	448 423 325 161
2700	349 39 398 225
2701	162 370 265 7
2702	38 335 197 276
2703	309 419 496 102
2704	140 202 425 390
2705	203 1 169 494
2706	484 439 352 24
2707	174 61 473 118
2708	126 293 399 315
2709	338 243 100 469
2710	441 91 388 221
2711	165 108 416 331
2712	72 175 485 286
2713	483 421 253 240
2714	280 6 122 442
2715	498 176 105 180
2716	215 394 84 371
2717	449 139 44 23
2718	322 155 292 422
2719	97 425 470 303
2720	224 79 114 466
2721	433 199 229 207
2722	284 485 282 321
2723	250 388 336 37
2724	320 278 203 66
2725	59 409 391 461
2726	480 305 115 65
2727	223 208 347 19
2728	175 496 141 10
2729	214 97 76 213
2730	219 203 371 80
2731	415 161 157 439
2732	310 345 100 56
2733	81 263 470 121
2734	425 445 355 334
2735	266 460 106 181
2736	351 350 228 276
2737	361 448 150 321
2738	143 469 441 237
2739	215 476 211 152
2740	121 57 381 380
2741	338 488 61 340
2742	241 182 143 70
2743	170 115 437 276
2744	165 231 335 199
2745	29 490 478 188
2746	197 416 106 246
2747	68 246 341 228
2748	446 57 499 210
2749	311 456 384 278
2750	36 497 313 328
2751	204 164 295 97
2752	59 366 229 54
2753	46 120 252 429
2754	68 48 443 348
2755	168 224 134 341
2756	442 58 499 198
2757	312 193 413 370
2758	224 226 447 102
2759	325 398 178 452
2760	195 487 289 442
2761	28 327 269 224
2762	410 242 500 223
2763	425 132 236 438
2764	219 243 189 162
2765	341 236 255 157
2766	405 143 160 451
2767	19 2 284 316
2768	49 332 342 250
2769	289 44 72 428
2770	488 449 154 157
2771	30 293 171 447
2772	346 441 464 379
2773	378 42 356 243
2774	72 355 347 284
2775	398 270 306 170
2776	151 49 304 325
2777	324 177 32 439
2778	269 360 78 10
2779	394 487 419 311
2780	140 311 61 208
2781	355 201 282 125
2782	417 286 172 59
2783	286 176 109 281
2784	226 232 347 128
2785	80 58 132 61
2786	245 273 55 204
2787	190 300 10 78
2788	480 302 466 327
2789	54 189 317 158
2790	464 494 31 135
2791	46 60 48 169
2792	492 362 366 96
2793	302 70 198 122
2794	200 410 401 500
2795	287 205 370 309
2796	387 127 249 299
2797	195 427 133 386
2798	301 56 239 30
2799	414 169 160 18
2800	349 377 487 490
2801	170 194 324 92
2802	205 444 238 307
2803	281 137 181 47
2804	143 1 53 247
2805	451 387 290 15
2806	137 299 205 345
2807	57 319 1 270
2808	226 146 364 450
2809	5 237 249 457
2810	66 486 370 277
2811	410 290 1 108
2812	178 407 11 364
2813	146 492 298 244
2814	459 93 326 89
2815	144 406 363 165
2816	321 77 13 26
2817	271 476 427 91
2818	492 263 18 426
2819	81 419 392 427
2820	479 115 319 25
2821	383 74 9 242
2822	22 495 364 167
2823	153 44 124 465
2824	2 124 446 436
2825	143 480 46 383
2826	221 268 151 48
2827	271 362 310 226
2828	282 234 233 246
2829	356 123 75 489
2830	424 453 54 273
2831	169 46 491 122
2832	96 435 339 282
2833	376 357 245 360
2834	356 101 176 151
2835	41 56 2 240
2836	284 17 226 230
2837	92 87 237 247
2838	22 351 185 441
2839	430 33 366 131
2840	336 389 492 498
2841	230 166 278 73
2842	178 273 228 190
2843	424 292 165 263
2844	136 198 62 272
2845	376 474 175 412
2846	437 138 415 8
2847	372 394 106 329
2848	210 277 334 263
2849	209 270 372 472
2850	153 210 320 316
2851	432 446 112 259
2852	454 81 44 245
2853	104 495 192 488
2854	395 270 56 234
2855	406 360 413 375
2856	452 383 213 133
2857	344 341 39 42
2858	415 222 86 427
2859	428 460 204 278
2860	108 162 163 445
2861	327 19 458 442
2862	155 256 101 322
2863	203 442 111 174
2864	443 192 232 153
2865	296 310 79 440
2866	459 162 384 236
2867	124 297 281 450
2868	44 7 426 22
2869	209 62 90 178
2870	279 11 216 112
2871	211 476 60 493
2872	256 10 376 177
2873	9 474 32 376
2874	294 52 7 134
2875	440 140 365 282
2876	366 154 97 261
2877	191 83 290 404
2878	483 303 468 170
2879	173 33 445 12
2880	103 207 173 168
2881	166 38 331 11
2882	311 411 236 75
2883	488 74 367 27
2884	462 279 98 460
2885	61 332 317 105
2886	333 29 31 38
2887	388 439 212 65
2888	434 371 157 214
2889	210 326 394 89
2890	114 33 6 259
2891	424 5 47 361
2892	386 382 333 148
2893	228 486 24 412
2894	24 64 117 398
2895	466 153 385 325
2896	432 86 362 20
2897	168 414 423 87
2898	63 481 422 331
2899	417 66 498 133
2900	282 241 176 409
2901	410 345 222 84
2902	2 450 390 387
2903	328 264 9 171
2904	167 121 113 114
2905	27 442 146 103
2906	281 22 379 378
2907	491 260 380 421
2908	75 377 374 37
2909	18 318 110 377
2910	167 153 105 325
2911	195 341 492 499
2912	141 249 358 26
2913	425 348 250 262
2914	374 281 32 450
2915	481 87 163 157
2916	185 300 115 302
2917	457 467 38 31
2918	417 163 228 96
2919	329 401 69 226
2920	485 459 285 193
2921	392 269 273 356
2922	112 338 381 369
2923	364 407 138 64
2924	26 257 16 50
2925	126 338 328 145
2926	285 163 281 445
2927	263 233 162 223
2928	67 321 488 323
2929	401 381 187 499
2930	325 40 190 67
2931	202 294 428 160
2932	21 259 274 407
2933	330 355 430 166
2934	404 37 170 427
2935	274 337 365 450
2936	233 232 419 497
2937	477 397 425 30
2938	258 261 33 214
2939	463 119 266 78
2940	398 119 230 321
2941	394 499 143 263
2942	71 450 240 266
2943	359 223 320 20
2944	463 308 383 221
2945	106 496 112 415
2946	148 372 170 369
2947	453 130 279 440
2948	5 264 109 207
2949	190 45 162 330
2950	137 267 307 372
2951	441 321 225 458
2952	168 173 321 216
2953	207 428 240 409
2954	251 161 47 426
2955	122 256 33 63
2956	411 56 165 434
2957	360 96 192 359
2958	494 41 417 265
2959	82 255 228 398
2960	397 387 140 172
2961	409 39 40 206
2962	93 464 136 82
2963	487 403 89 213
2964	24 388 498 406
2965	460 160 394 444
2966	397 344 89 163
2967	434 221 453 472
2968	182 262 327 218
2969	387 469 301 359
2970	179 246 382 98
2971	426 492 314 180
2972	482 294 284 493
2973	295 38 391 161
2974	374 165 285 470
2975	182 237 418 131
2976	294 333 111 372
2977	496 280 388 187
2978	415 388 8 86
2979	86 472 210 421
2980	83 331 176 54
2981	177 247 105 77
2982	471 149 351 425
2983	239 495 78 166
2984	145 208 408 205
2985	473 250 208 438
2986	490 435 417 83
2987	171 79 494 14
2988	472 467 115 311
2989	372 252 164 131
2990	92 408 198 166
2991	428 79 259 158
2992	91 69 315 481
2993	435 94 368 460
2994	482 39 454 155
2995	337 74 193 172
2996	369 252 311 308
2997	474 240 131 148
2998	168 170 455 440
2999	410 296 227 127
3000	381 61 391 9
3001	447 363 284 117
3002	410 365 263 291
3003	460 226 498 79
3004	64 497 138 229
3005	460 201 305 226
3006	421 498 349 231
3007	108 361 139 113
3008	19 329 476 378
3009	261 493 211 15
3010	198 5 319 31
3011	270 126 290 438
3012	220 195 304 182
3013	47 344 251 462
3014	350 69 45 373
3015	201 127 449 259
3016	444 312 492 334
3017	137 398 149 493
3018	10 180 119 408
3019	111 445 436 266
3020	118 286 59 35
3021	39 461 288 478
3022	208 351 94 145
3023	118 276 476 16
3024	468 187 116 381
3025	402 225 124 449
3026	222 294 354 195
3027	11 105 8 34
3028	294 62 168 60
3029	258 442 104 260
3030	51 54 152 358
3031	60 224 445 417
3032	418 389 89 336
3033	121 418 38 302
3034	436 140 499 487
3035	10 431 440 42
3036	15 82 146 226
3037	378 237 57 309
3038	392 450 311 340
3039	258 156 355 372
3040	191 49 355 29
3041	234 429 420 355
3042	425 393 235 338
3043	325 271 25 226
3044	35 141 147 484
3045	371 126 295 156
3046	498 395 456 473
3047	433 490 109 462
3048	126 464 89 212
3049	288 154 200 173
3050	2 77 483 59
3051	428 111 57 89
3052	389 66 478 193
3053	431 304 90 136
3054	356 282 246 100
3055	94 384 318 15
3056	305 29 136 229
3057	288 67 375 164
3058	460 169 218 203
3059	294 174 471 289
3060	192 335 244 319
3061	371 131 146 279
3062	353 392 305 394
3063	13 485 173 85
3064	30 298 54 390
3065	229 458 278 220
3066	312 14 92 135
3067	318 131 61 350
3068	298 438 349 343
3069	392 95 461 47
3070	207 74 160 41
3071	418 253 451 126
3072	445 268 183 469
3073	269 484 314 108
3074	38 376 269 412
3075	181 18 311 231
3076	259 113 17 425
3077	145 161 379 117
3078	211 151 390 357
3079	65 448 131 61
3080	472 200 20 87
3081	67 361 406 166
3082	235 409 128 367
3083	48 466 390 430
3084	127 369 419 220
3085	2 180 480 153
3086	150 385 242 340
3087	281 360 499 488
3088	299 404 402 22
3089	308 51 144 219
3090	114 159 99 197
3091	281 494 182 356
3092	432 93 223 242
3093	156 427 313 414
3094	201 83 485 330
3095	154 227 407 286
3096	152 242 246 184
3097	183 204 404 440
3098	107 354 361 266
3099	408 113 89 227
3100	61 19 337 24
3101	284 5 205 439
3102	52 126 263 39
3103	98 92 430 359
3104	109 107 95 27
3105	56 105 173 421
3106	324 226 157 412
3107	106 498 356 224
3108	319 276 70 330
3109	45 391 420 60
3110	11 147 198 187
3111	59 346 175 269
3112	206 118 219 123
3113	90 365 343 193
3114	114 110 484 483
3115	436 471 172 399
3116	295 487 162 136
3117	345 398 2 334
3118	124 471 498 104
3119	222 492 22 84
3120	294 27 168 64
3121	121 216 463 479
3122	89 400 356 102
3123	55 304 482 11
3124	302 189 323 181
3125	460 335 305 36
3126	123 164 315 146
3127	463 331 235 427
3128	433 35 155 136
3129	487 469 292 94
3130	406 199 449 335
3131	493 116 442 165
3132	277 269 187 73
3133	354 333 430 460
3134	86 63 47 442
3135	1 456 440 482
3136	132 477 307 3
3137	337 487 177 426
3138	203 214 493 387
3139	388 315 271 328
3140	244 20 325 316
3141	5 107 145 7
3142	347 340 367 465
3143	84 365 118 109
3144	417 201 330 338
3145	254 447 466 367
3146	430 123 195 23
3147	250 348 500 102
3148	57 361 281 40
3149	362 224 372 423
3150	423 352 489 15
3151	244 132 59 261
3152	329 266 316 1
3153	209 211 46 72
3154	376 132 250 94
3155	178 28 358 36
3156	158 97 431 362
3157	453 100 86 27
3158	470 476 383 184
3159	186 153 64 427
3160	343 353 291 290
3161	66 464 282 63
3162	164 136 137 118
3163	117 240 16 150
3164	161 107 86 93
3165	279 300 500 94
3166	131 172 252 49
3167	19 438 281 390
3168	471 183 445 258
3169	97 245 107 129
3170	320 410 178 461
3171	386 248 467 256
3172	467 441 64 296
3173	174 189 499 293
3174	79 9 313 233
3175	269 391 137 181
3176	313 484 330 423
3177	473 116 408 191
3178	411 38 355 342
3179	488 7 329 118
3180	72 227 326 210
3181	243 174 296 53
3182	69 58 470 405
3183	290 225 313 21
3184	423 389 258 477
3185	476 29 270 209
3186	304 325 138 395
3187	437 252 303 226
3188	300 112 445 315
3189	152 266 72 65
3190	219 389 107 475
3191	324 280 14 469
3192	227 497 145 259
3193	166 150 324 368
3194	296 443 75 51
3195	364 101 55 394
3196	217 17 137 261
3197	495 231 342 211
3198	296 436 283 222
3199	470 478 269 49
3200	251 367 49 214
3201	264 393 444 295
3202	360 75 387 482
3203	153 422 267 470
3204	482 430 122 435
3205	3 60 304 144
3206	242 467 45 114
3207	292 166 34 98
3208	402 186 156 117
3209	4 404 53 65
3210	267 279 326 359
3211	346 227 91 386
3212	377 500 53 397
3213	341 34 408 271
3214	193 417 142 69
3215	334 115 330 82
3216	54 350 472 295
3217	185 251 280 231
3218	315 352 45 174
3219	74 323 282 301
3220	265 186 267 445
3221	242 102 411 402
3222	243 340 360 405
3223	285 396 170 128
3224	201 235 449 95
3225	197 67 218 152
3226	440 423 221 380
3227	270 485 244 95
3228	236 195 112 61
3229	230 355 157 304
3230	205 206 249 226
3231	46 410 33 40
3232	404 376 315 364
3233	255 406 39 335
3234	437 35 191 94
3235	396 403 235 452
3236	179 479 93 477
3237	179 318 339 415
3238	112 331 486 2
3239	438 306 127 23
3240	300 333 355 172
3241	97 45 213 79
3242	57 462 355 107
3243	456 135 495 298
3244	41 21 90 126
3245	461 332 484 462
3246	214 145 116 84
3247	325 40 186 382
3248	422 469 381 46
3249	394 495 78 138
3250	216 13 75 472
3251	31 331 41 328
3252	13 178 402 211
3253	434 254 420 242
3254	220 92 435 415
3255	373 331 72 444
3256	68 415 154 444
3257	126 469 13 175
3258	79 73 344 399
3259	85 486 373 375
3260	399 317 358 159
3261	12 252 472 309
3262	32 376 253 174
3263	223 255 401 448
3264	478 444 6 245
3265	165 49 470 248
3266	260 130 462 208
3267	305 440 346 388
3268	418 5 255 195
3269	81 415 136 317
3270	225 329 291 109
3271	300 237 479 156
3272	77 33 400 477
3273	326 317 99 75
3274	393 35 472 111
3275	204 417 465 242
3276	189 492 365 303
3277	495 456 478 278
3278	20 132 473 318
3279	37 178 260 436
3280	10 338 199 59
3281	132 181 242 339
3282	323 255 103 47
3283	266 313 337 150
3284	139 250 266 298
3285	417 235 19 468
3286	2 154 337 211
3287	237 484 109 64
3288	244 347 372 288
3289	32 165 12 270
3290	159 358 476 337
3291	350 15 46 422
3292	107 303 247 293
3293	240 371 342 252
3294	333 149 339 412
3295	342 227 101 499
3296	474 461 404 327
3297	349 398 243 264
3298	458 480 322 398
3299	130 481 191 316
3300	364 109 27 281
3301	354 175 177 62
3302	204 65 299 357
3303	353 209 107 375
3304	83 241 151 452
3305	171 62 31 285
3306	265 43 449 281
3307	306 340 337 238
3308	329 246 58 96
3309	496 169 222 277
3310	290 211 214 322
3311	147 161 430 469
3312	414 84 390 293
3313	473 41 133 295
3314	287 439 235 261
3315	340 258 141 32
3316	206 139 144 3
3317	439 436 434 277
3318	441 43 225 153
3319	445 337 226 383
3320	93 70 322 333
3321	187 31 474 478
3322	421 469 367 254
3323	474 320 384 126
3324	308 88 131 165
3325	266 45 54 388
3326	371 306 454 418
3327	183 254 463 205
3328	163 236 265 404
3329	498 348 499 485
3330	410 254 96 289
3331	261 188 174 262
3332	308 349 420 238
3333	492 309 106 497
3334	89 285 482 267
3335	30 316 181 380
3336	272 22 302 439
3337	91 196 132 471
3338	369 394 250 299
3339	383 264 65 80
3340	182 10 56 335
3341	260 126 133 71
3342	329 424 214 220
3343	310 91 282 64
3344	166 140 116 224
3345	119 140 94 159
3346	423 105 259 473
3347	491 130 344 296
3348	69 413 138 130
3349	382 142 399 330
3350	220 50 376 146
3351	68 473 120 189
3352	247 117 288 404
3353	133 30 316 194
3354	223 95 435 430
3355	313 2 225 221
3356	325 383 294 328
3357	474 4 329 341
3358	446 466 391 184
3359	48 492 127 2
3360	425 264 272 483
3361	218 136 209 25
3362	74 428 271 448
3363	303 455 221 380
3364	1 490 267 413
3365	434 426 253 161
3366	142 405 353 307
3367	7 228 328 38
3368	318 337 92 104
3369	231 40 68 434
3370	122 486 12 47
3371	157 424 480 6
3372	170 403 396 399
3373	389 414 455 391
3374	286 178 98 241
3375	57 307 296 72
3376	6 193 240 477
3377	389 156 414 36
3378	235 94 430 211
3379	380 456 466 205
3380	245 120 379 345
3381	52 360 384 178
3382	8 129 33 255
3383	90 450 295 440
3384	281 68 331 260
3385	224 319 304 374
3386	185 221 253 250
3387	27 329 427 186
3388	444 404 79 352
3389	395 26 242 223
3390	356 253 114 336
3391	342 239 393 69
3392	493 485 178 110
3393	351 387 147 311
3394	60 442 273 157
3395	420 479 97 477
3396	324 293 164 36
3397	81 202 376 276
3398	464 173 8 275
3399	107 338 479 38
3400	216 485 267 369
3401	285 103 325 54
3402	159 367 325 471
3403	112 212 203 429
3404	41 257 94 427
3405	443 255 60 8
3406	54 89 398 292
3407	151 110 379 29
3408	16 41 26 233
3409	60 237 18 252
3410	26 250 156 327
3411	465 314 407 38
3412	174 191 236 214
3413	289 179 438 140
3414	53 346 483 308
3415	14 35 191 335
3416	382 432 345 387
3417	292 328 326 459
3418	216 342 113 270
3419	245 84 92 449
3420	334 471 349 79
3421	295 348 378 60
3422	77 395 410 119
3423	463 163 85 165
3424	85 300 97 344
3425	453 286 412 218
3426	48 268 388 95
3427	484 24 251 386
3428	328 335 204 364
3429	221 267 477 186
3430	16 390 398 220
3431	326 364 332 19
3432	208 168 415 257
3433	99 91 441 14
3434	91 155 84 471
3435	363 453 211 272
3436	128 339 76 330
3437	210 43 484 319
3438	486 167 305 30
3439	479 111 302 361
3440	106 142 462 437
3441	304 351 41 346
3442	147 275 344 80
3443	357 280 463 274
3444	374 129 365 250
3445	419 336 372 246
3446	396 357 382 268
3447	221 61 174 347
3448	31 71 463 335
3449	42 458 53 168
3450	456 443 289 39
3451	401 203 328 32
3452	190 293 96 226
3453	36 321 336 366
3454	386 463 227 291
3455	175 133 371 188
3456	397 236 240 287
3457	103 311 453 400
3458	426 27 343 324
3459	57 230 318 42
3460	29 36 57 270
3461	424 365 374 267
3462	105 351 202 280
3463	124 271 152 464
3464	460 469 436 56
3465	389 211 115 434
3466	118 476 84 301
3467	101 304 382 393
3468	389 205 148 67
3469	57 438 399 115
3470	317 140 312 182
3471	245 469 142 75
3472	489 6 74 164
3473	306 307 65 10
3474	214 247 198 67
3475	449 103 222 415
3476	342 498 159 467
3477	133 86 278 82
3478	422 223 483 345
3479	283 495 481 394
3480	52 383 10 433
3481	295 191 125 231
3482	153 344 485 158
3483	431 156 41 492
3484	414 190 187 174
3485	84 79 277 363
3486	457 246 319 51
3487	171 79 262 197
3488	195 366 345 100
3489	184 411 64 499
3490	65 432 155 411
3491	115 117 135 271
3492	145 73 12 111
3493	150 192 378 157
3494	273 251 132 4
3495	107 199 354 91
3496	35 237 442 192
3497	210 164 9 393
3498	482 412 146 486
3499	246 257 457 21
3500	120 460 54 361
3501	176 385 87 8
3502	86 250 370 452
3503	171 344 30 355
3504	40 90 148 95
3505	410 35 465 34
3506	55 65 479 155
3507	348 56 126 34
3508	326 324 174 428
3509	396 143 487 262
3510	176 498 196 200
3511	226 498 151 461
3512	271 371 477 83
3513	101 3 212 190
3514	34 13 372 107
3515	250 144 100 322
3516	77 312 58 99
3517	434 230 289 380
3518	458 203 465 275
3519	371 94 158 21
3520	306 425 12 54
3521	225 492 317 367
3522	254 239 390 23
3523	268 326 294 371
3524	263 380 444 111
3525	296 93 120 361
3526	200 422 351 469
3527	178 184 119 403
3528	122 293 266 214
3529	291 204 20 127
3530	385 422 370 168
3531	309 466 376 187
3532	166 317 431 421
3533	81 179 309 34
3534	113 398 383 40
3535	469 89 272 173
3536	9 256 472 174
3537	479 231 410 190
3538	342 368 246 141
3539	458 492 396 111
3540	383 133 291 177
3541	410 423 454 87
3542	90 117 294 390
3543	260 12 310 405
3544	156 43 293 15
3545	444 403 73 39
3546	94 380 282 77
3547	48 174 137 175
3548	334 412 456 180
3549	66 281 161 308
3550	140 223 318 20
3551	115 449 347 485
3552	413 478 246 476
3553	193 25 430 442
3554	368 97 263 325
3555	245 182 11 229
3556	67 457 130 293
3557	325 233 57 3
3558	24 208 96 274
3559	98 346 182 462
3560	366 423 15 98
3561	250 477 21 332
3562	43 423 297 255
3563	84 25 319 42
3564	146 448 82 458
3565	209 416 131 83
3566	155 57 280 349
3567	205 119 319 136
3568	312 168 114 13
3569	69 9 369 361
3570	349 31 49 333
3571	486 415 363 220
3572	454 56 45 463
3573	196 261 308 409
3574	161 3 341 454
3575	231 289 373 367
3576	315 329 54 258
3577	307 90 473 461
3578	337 183 182 471
3579	455 401 29 206
3580	221 30 209 275
3581	233 497 153 447
3582	114 217 371 90
3583	490 429 409 87
3584	275 443 219 445
3585	145 375 289 406
3586	417 84 72 36
3587	376 437 435 106
3588	181 132 43 355
3589	409 394 188 60
3590	444 138 274 115
3591	257 166 452 253
3592	233 37 193 32
3593	378 40 445 141
3594	214 6 45 287
3595	166 127 364 92
3596	101 143 190 201
3597	37 2 69 183
3598	289 203 103 349
3599	172 487 413 3
3600	189 407 295 451
3601	50 234 444 117
3602	483 441 369 471
3603	3 411 256 120
3604	447 223 201 372
3605	394 133 377 131
3606	41 234 282 477
3607	378 102 201 258
3608	170 354 70 334
3609	361 408 103 386
3610	338 28 277 333
3611	419 422 493 223
3612	413 350 346 231
3613	370 342 266 293
3614	327 217 480 488
3615	118 120 253 19
3616	296 143 480 98
3617	118 257 477 205
3618	51 4 249 296
3619	478 281 236 128
3620	91 95 252 181
3621	271 145 229 463
3622	181 238 373 400
3623	60 273 233 110
3624	104 415 58 129
3625	461 28 22 407
3626	161 430 316 58
3627	302 69 57 445
3628	7 495 127 115
3629	40 238 217 52
3630	157 318 47 41
3631	90 452 165 127
3632	368 321 258 325
3633	127 457 239 269
3634	149 450 125 350
3635	195 240 126 174
3636	291 255 308 358
3637	122 451 377 437
3638	124 396 295 103
3639	321 298 231 172
3640	109 266 237 493
3641	68 65 150 427
3642	313 34 114 107
3643	204 192 291 219
3644	39 393 322 250
3645	210 145 195 13
3646	213 59 252 86
3647	99 498 191 493
3648	436 16 66 160
3649	90 235 137 392
3650	428 463 350 203
3651	346 111 151 386
3652	102 203 159 382
3653	227 456 472 245
3654	350 262 18 136
3655	247 318 17 22
3656	128 159 263 309
3657	249 395 446 291
3658	198 263 365 269
3659	232 180 464 254
3660	8 321 121 50
3661	199 310 233 94
3662	159 281 235 319
3663	494 147 89 1
3664	168 237 485 99
3665	176 194 337 158
3666	369 364 211 217
3667	239 14 97 329
3668	188 464 418 363
3669	240 457 151 254
3670	355 317 263 478
3671	276 49 390 298
3672	139 313 149 347
3673	181 109 290 62
3674	161 425 14 436
3675	370 223 441 207
3676	80 434 290 424
3677	313 430 382 333
3678	499 407 262 313
3679	332 108 472 1
3680	374 309 345 235
3681	154 266 186 409
3682	426 267 490 241
3683	3 137 111 259
3684	115 401 68 398
3685	405 205 468 38
3686	133 321 244 476
3687	388 30 276 245
3688	86 290 351 310
3689	326 492 250 80
3690	77 307 361 160
3691	315 337 207 188
3692	286 263 455 494
3693	193 212 130 306
3694	321 112 177 124
3695	143 156 157 55
3696	192 466 499 8
3697	158 346 8 114
3698	44 277 451 328
3699	144 220 405 205
3700	53 334 290 107
3701	463 460 198 120
3702	336 55 377 201
3703	316 159 351 438
3704	114 136 147 465
3705	89 404 495 212
3706	5 446 185 215
3707	30 382 116 96
3708	343 122 44 357
3709	11 24 419 260
3710	244 222 435 190
3711	494 154 140 468
3712	285 350 3 368
3713	414 12 479 313
3714	144 119 264 457
3715	190 30 470 404
3716	380 427 283 300
3717	295 144 404 254
3718	148 461 444 79
3719	39 493 465 140
3720	119 11 57 72
3721	26 288 446 469
3722	183 148 251 34
3723	168 209 370 497
3724	109 23 375 37
3725	86 182 459 259
3726	321 10 261 307
3727	306 478 236 207
3728	198 358 269 273
3729	103 90 302 440
3730	216 321 36 425
3731	68 372 257 454
3732	167 161 489 349
3733	194 52 139 1
3734	1 61 423 409
3735	245 88 283 418
3736	433 404 430 191
3737	303 63 258 161
3738	130 437 283 107
3739	432 131 145 165
3740	198 365 72 134
3741	362 161 473 77
3742	119 437 221 305
3743	78 340 444 348
3744	157 377 280 353
3745	411 240 441 381
3746	393 179 35 240
3747	412 175 400 4
3748	452 476 38 198
3749	36 263 262 429
3750	139 283 94 419
3751	395 390 74 54
3752	160 489 61 89
3753	78 241 249 53
3754	283 498 49 119
3755	328 250 109 18
3756	266 363 219 133
3757	142 201 70 168
3758	114 221 356 94
3759	155 320 227 134
3760	220 175 322 321
3761	4 459 86 212
3762	207 131 236 112
3763	171 483 405 149
3764	311 365 431 224
3765	192 189 357 29
3766	453 326 290 82
3767	440 224 216 188
3768	394 3 273 105
3769	350 376 410 67
3770	439 156 162 364
3771	125 44 432 5
3772	112 288 318 168
3773	203 250 161 145
3774	378 162 351 465
3775	30 270 173 290
3776	283 35 293 168
3777	240 152 169 398
3778	400 116 208 78
3779	111 105 37 252
3780	321 169 422 3
3781	6 2 67 370
3782	420 455 446 255
3783	35 306 293 375
3784	411 243 52 236
3785	380 454 227 23
3786	28 109 297 340
3787	189 74 386 267
3788	329 99 304 440
3789	54 396 447 254
3790	345 82 153 252
3791	449 374 166 369
3792	391 265 358 483
3793	18 293 289 470
3794	454 350 118 196
3795	382 44 121 227
3796	90 285 335 483
3797	43 331 191 24
3798	282 311 227 91
3799	151 234 41 192
3800	94 265 335 325
3801	228 430 70 416
3802	422 160 228 168
3803	12 305 151 4
3804	419 63 327 229
3805	336 352 272 292
3806	19 161 420 302
3807	442 471 380 368
3808	213 177 230 16
3809	252 215 352 392
3810	455 441 202 260
3811	48 50 44 228
3812	195 497 111 295
3813	28 373 284 244
3814	217 25 70 188
3815	19 372 390 100
3816	439 226 85 482
3817	98 251 325 4
3818	429 500 468 268
3819	36 463 500 427
3820	309 393 115 117
3821	390 327 395 467
3822	169 259 492 122
3823	156 288 260 47
3824	478 495 25 140
3825	150 107 447 429
3826	325 471 75 133
3827	333 435 164 5
3828	80 469 183 354
3829	459 22 431 163
3830	344 491 432 21
3831	327 262 364 51
3832	186 260 419 457
3833	34 362 81 422
3834	384 77 134 94
3835	434 154 33 289
3836	405 433 384 158
3837	500 421 376 16
3838	475 404 323 246
3839	29 146 172 79
3840	44 368 160 486
3841	4 201 160 95
3842	440 488 207 395
3843	103 322 190 414
3844	384 215 77 52
3845	110 123 16 447
3846	442 239 97 168
3847	47 482 132 110
3848	248 399 312 150
3849	73 330 126 207
3850	158 34 359 281
3851	92 253 137 288
3852	177 117 455 172
3853	205 278 480 6
3854	188 266 307 168
3855	428 375 257 236
3856	142 354 378 4
3857	165 457 391 231
3858	449 1 156 55
3859	166 92 456 382
3860	337 111 346 115
3861	144 190 442 166
3862	431 476 305 300
3863	387 126 181 210
3864	263 132 439 241
3865	25 86 80 431
3866	291 282 336 421
3867	216 416 66 103
3868	371 53 500 157
3869	235 365 212 252
3870	419 250 224 391
3871	420 359 423 203
3872	236 37 404 170
3873	131 372 292 210
3874	220 117 417 387
3875	186 460 312 2
3876	283 47 124 74
3877	373 243 483 269
3878	468 240 19 300
3879	365 409 116 22
3880	273 72 140 452
3881	378 299 144 473
3882	243 187 484 459
3883	69 219 145 49
3884	341 227 411 329
3885	71 374 478 365
3886	52 225 314 114
3887	153 203 452 16
3888	23 264 214 298
3889	263 412 332 404
3890	292 406 390 234
3891	176 140 254 326
3892	189 311 370 121
3893	278 247 197 174
3894	191 305 7 15
3895	400 84 460 29
3896	267 6 427 329
3897	373 478 407 281
3898	388 240 220 321
3899	414 101 356 8
3900	338 297 286 135
3901	250 364 427 282
3902	371 472 32 376
3903	27 244 124 38
3904	10 441 490 130
3905	73 490 435 134
3906	209 61 376 456
3907	346 1 349 102
3908	384 378 81 230
3909	353 276 122 481
3910	20 344 80 209
3911	376 324 308 414
3912	118 92 243 437
3913	67 206 17 482
3914	240 476 57 40
3915	325 18 81 448
3916	257 100 300 94
3917	346 50 286 275
3918	149 74 269 75
3919	388 171 78 403
3920	369 398 205 475
3921	66 65 163 339
3922	286 72 181 366
3923	386 400 195 176
3924	171 300 275 181
3925	307 271 299 112
3926	484 68 496 114
3927	305 341 463 4
3928	435 258 43 403
3929	245 41 444 367
3930	381 38 122 297
3931	353 421 136 97
3932	104 344 228 302
3933	194 341 480 460
3934	400 423 431 239
3935	315 70 344 190
3936	161 232 457 311
3937	122 119 479 195
3938	303 233 1 273
3939	92 179 498 66
3940	431 115 485 341
3941	96 431 58 179
3942	66 420 163 264
3943	450 206 317 238
3944	113 129 290 476
3945	243 36 444 154
3946	423 415 271 395
3947	117 477 446 88
3948	463 498 53 360
3949	418 325 281 435
3950	71 323 289 247
3951	488 352 241 408
3952	177 196 133 129
3953	432 45 340 184
3954	158 425 356 319
3955	345 39 472 386
3956	155 101 310 339
3957	264 428 411 404
3958	263 238 164 103
3959	477 257 227 430
3960	188 158 481 367
3961	465 286 142 267
3962	30 82 234 214
3963	327 228 211 208
3964	478 51 300 253
3965	158 372 13 62
3966	275 82 386 22
3967	237 3 126 43
3968	52 443 252 202
3969	248 79 296 243
3970	216 170 155 433
3971	178 191 122 340
3972	89 149 63 29
3973	4 284 477 494
3974	267 127 113 434
3975	254 287 181 477
3976	483 32 475 18
3977	323 265 216 49
3978	153 7 289 108
3979	44 405 497 463
3980	262 77 396 203
3981	473 142 376 196
3982	300 448 485 393
3983	120 467 207 202
3984	97 484 293 335
3985	469 487 345 453
3986	94 490 231 498
3987	61 57 25 11
3988	391 43 285 497
3989	191 384 24 139
3990	292 214 163 482
3991	349 282 459 207
3992	473 149 28 434
3993	456 343 479 206
3994	451 145 219 142
3995	210 129 425 187
3996	136 481 104 315
3997	411 108 371 323
3998	388 479 185 476
3999	55 390 179 36
4000	314 444 252 247
4001	221 14 413 314
4002	316 318 224 117
4003	315 388 138 360
4004	359 159 407 9
4005	157 176 211 195
4006	402 240 189 253
4007	85 361 253 114
4008	483 351 125 64
4009	310 414 7 163
4010	145 142 101 174
4011	125 444 259 376
4012	64 147 117 85
4013	284 462 416 35
4014	72 401 322 216
4015	368 378 221 100
4016	147 415 233 296
4017	353 99 417 233
4018	391 73 75 496
4019	243 147 437 22
4020	69 391 338 99
4021	176 497 469 65
4022	370 420 95 454
4023	224 389 386 29
4024	300 469 197 64
4025	309 200 234 157
4026	307 212 286 340
4027	134 63 9 402
4028	182 159 58 486
4029	355 247 39 24
4030	121 379 445 421
4031	392 461 282 485
4032	401 346 283 341
4033	242 122 305 384
4034	185 180 166 298
4035	473 278 109 468
4036	121 85 488 89
4037	228 293 341 469
4038	169 228 235 349
4039	13 101 242 53
4040	381 333 277 418
4041	362 261 454 175
4042	275 291 384 441
4043	85 280 11 464
4044	418 89 283 118
4045	249 149 43 46
4046	367 448 455 180
4047	332 270 321 312
4048	270 106 364 428
4049	107 485 377 208
4050	143 277 112 90
4051	219 179 445 23
4052	81 394 397 304
4053	216 473 460 478
4054	103 397 371 239
4055	359 356 321 103
4056	195 405 277 187
4057	484 140 454 19
4058	195 305 369 457
4059	410 497 141 176
4060	237 413 325 488
4061	484 422 293 26
4062	151 68 369 409
4063	248 356 172 340
4064	490 190 443 100
4065	449 315 223 45
4066	151 54 181 421
4067	180 296 361 16
4068	30 250 479 408
4069	315 398 151 174
4070	68 33 248 131
4071	8 414 91 184
4072	38 397 378 53
4073	129 272 4 186
4074	75 316 179 328
4075	383 145 272 7
4076	49 450 412 135
4077	437 126 277 398
4078	303 208 15 171
4079	128 35 207 106
4080	27 207 326 117
4081	289 297 385 12
4082	215 342 19 55
4083	342 50 43 251
4084	472 398 375 442
4085	491 149 439 361
4086	291 156 79 408
4087	409 223 353 354
4088	150 439 185 157
4089	75 269 135 334
4090	256 478 178 156
4091	103 437 2 22
4092	342 44 110 352
4093	391 351 311 128
4094	11 192 337 412
4095	92 295 384 438
4096	410 67 496 93
4097	107 253 49 65
4098	435 118 185 142
4099	249 369 33 490
4100	66 77 351 470
4101	456 361 80 89
4102	438 54 389 32
4103	218 427 481 262
4104	21 387 238 310
4105	169 221 108 383
4106	160 188 373 488
4107	10 269 11 255
4108	421 25 66 410
4109	111 7 195 357
4110	476 342 47 144
4111	249 218 329 200
4112	336 454 323 498
4113	37 206 334 216
4114	463 406 326 99
4115	139 444 106 198
4116	264 497 358 208
4117	314 273 476 401
4118	89 21 354 228
4119	330 406 463 81
4120	242 48 438 469
4121	126 103 397 359
4122	45 119 482 39
4123	487 356 92 480
4124	271 268 437 361
4125	272 316 408 201
4126	224 111 160 180
4127	497 435 339 241
4128	395 102 126 64
4129	291 469 43 432
4130	16 98 36 293
4131	365 48 195 429
4132	396 74 182 219
4133	303 414 497 78
4134	182 136 172 93
4135	489 310 269 306
4136	203 432 134 80
4137	47 184 140 210
4138	195 433 113 117
4139	488 435 283 206
4140	353 98 10 231
4141	382 429 446 185
4142	68 199 233 410
4143	488 481 467 336
4144	41 292 467 457
4145	187 436 83 316
4146	141 197 196 185
4147	63 206 58 358
4148	165 423 267 70
4149	212 284 237 394
4150	27 376 474 500
4151	41 38 487 477
4152	229 171 39 435
4153	77 331 362 91
4154	213 348 438 399
4155	488 361 263 455
4156	61 143 390 259
4157	185 59 257 117
4158	487 90 439 254
4159	368 390 200 95
4160	274 253 455 208
4161	301 460 236 386
4162	33 158 20 241
4163	367 29 233 38
4164	135 149 103 176
4165	196 252 202 471
4166	224 376 93 152
4167	177 285 239 474
4168	428 396 215 208
4169	183 300 74 247
4170	237 495 74 341
4171	169 439 326 469
4172	22 298 57 202
4173	60 243 113 240
4174	275 23 44 232
4175	4 299 255 467
4176	304 426 115 59
4177	475 363 345 278
4178	1 182 454 353
4179	473 221 439 75
4180	126 321 71 32
4181	237 493 177 144
4182	140 297 277 23
4183	243 374 228 69
4184	287 85 328 252
4185	192 7 465 103
4186	367 446 160 415
4187	231 94 366 496
4188	455 16 265 296
4189	16 357 5 11
4190	441 215 347 374
4191	183 134 146 249
4192	40 130 94 140
4193	114 180 331 455
4194	435 402 49 77
4195	322 388 429 140
4196	159 345 196 184
4197	244 447 370 194
4198	489 434 423 290
4199	328 163 292 110
4200	199 5 57 80
4201	414 476 494 59
4202	394 499 125 163
4203	453 483 275 325
4204	264 430 353 79
4205	378 481 113 151
4206	481 394 245 43
4207	344 56 156 423
4208	500 472 412 257
4209	108 45 423 314
4210	421 201 23 16
4211	301 113 17 66
4212	41 207 197 341
4213	457 207 3 22
4214	353 161 393 223
4215	214 274 425 248
4216	99 337 325 471
4217	405 403 30 266
4218	480 11 385 19
4219	210 67 212 230
4220	466 492 215 493
4221	419 367 135 57
4222	293 78 38 299
4223	347 77 181 473
4224	105 185 307 138
4225	360 420 143 281
4226	345 306 3 463
4227	454 331 10 271
4228	446 326 111 166
4229	345 466 280 167
4230	30 12 382 95
4231	483 493 425 311
4232	274 300 447 381
4233	473 65 500 396
4234	345 183 236 60
4235	384 83 370 5
4236	250 217 361 6
4237	1 134 184 28
4238	215 249 316 323
4239	129 70 466 80
4240	226 93 331 71
4241	149 420 126 36
4242	113 380 176 463
4243	123 284 261 29
4244	136 315 497 62
4245	350 4 291 354
4246	320 1 486 431
4247	408 252 308 152
4248	363 397 279 220
4249	388 262 27 492
4250	292 312 451 268
4251	125 154 303 34
4252	131 137 366 496
4253	485 291 464 380
4254	235 273 397 84
4255	393 261 105 445
4256	64 427 188 307
4257	28 455 12 226
4258	94 79 190 272
4259	340 282 90 269
4260	202 76 111 337
4261	246 325 468 314
4262	328 331 296 3
4263	167 249 425 176
4264	390 155 212 284
4265	287 421 383 272
4266	415 203 392 218
4267	247 120 461 409
4268	59 457 120 49
4269	248 269 443 491
4270	202 21 93 429
4271	385 452 81 147
4272	64 354 39 12
4273	351 432 267 468
4274	304 345 455 284
4275	494 114 455 67
4276	367 378 190 151
4277	89 291 139 4
4278	414 194 62 456
4279	59 106 279 307
4280	462 56 19 384
4281	263 471 310 287
4282	488 254 115 71
4283	398 220 211 213
4284	87 95 178 151
4285	487 437 146 35
4286	393 484 75 480
4287	338 370 325 331
4288	374 175 379 371
4289	358 422 8 489
4290	251 183 38 332
4291	63 51 48 241
4292	218 203 354 25
4293	80 442 383 157
4294	318 191 123 20
4295	16 19 150 488
4296	284 48 292 260
4297	6 324 411 379
4298	371 47 326 193
4299	348 412 496 432
4300	174 345 236 16
4301	156 245 78 347
4302	197 15 362 159
4303	39 131 399 21
4304	417 141 39 316
4305	388 456 454 392
4306	405 51 180 125
4307	460 468 7 75
4308	65 227 144 477
4309	58 450 13 456
4310	407 392 454 351
4311	233 45 335 312
4312	302 172 13 126
4313	86 486 163 266
4314	41 51 466 402
4315	399 299 111 482
4316	104 162 223 31
4317	11 483 261 405
4318	429 191 431 345
4319	30 330 306 65
4320	102 398 322 381
4321	213 447 497 56
4322	290 389 445 307
4323	17 90 259 159
4324	427 415 187 280
4325	121 196 180 330
4326	53 8 346 491
4327	427 1 26 272
4328	466 321 241 332
4329	345 287 52 238
4330	250 461 413 335
4331	434 200 106 373
4332	34 78 31 328
4333	300 172 407 448
4334	270 312 460 145
4335	428 263 423 196
4336	144 56 251 182
4337	2 234 407 145
4338	206 260 489 134
4339	79 371 483 369
4340	142 248 474 352
4341	365 471 106 384
4342	136 201 205 461
4343	224 496 302 137
4344	124 120 434 158
4345	425 241 336 497
4346	307 153 322 444
4347	72 326 311 493
4348	166 236 358 485
4349	61 79 212 209
4350	327 7 190 293
4351	365 267 64 222
4352	27 382 452 17
4353	407 250 153 261
4354	72 126 451 283
4355	238 488 200 456
4356	102 74 278 259
4357	256 302 437 445
4358	163 5 480 469
4359	161 86 252 460
4360	37 433 386 231
4361	415 28 432 108
4362	482 272 75 116
4363	464 99 493 11
4364	46 57 182 345
4365	58 357 269 277
4366	323 480 415 182
4367	69 187 156 343
4368	76 120 156 102
4369	272 325 353 202
4370	395 243 479 285
4371	182 464 492 268
4372	112 82 186 358
4373	116 407 227 235
4374	26 387 211 252
4375	324 54 225 199
4376	20 494 298 65
4377	126 103 429 79
4378	42 441 370 417
4379	203 84 131 418
4380	485 23 363 466
4381	331 304 118 83
4382	409 378 93 10
4383	49 469 57 90
4384	163 432 331 417
4385	474 96 352 363
4386	362 183 371 84
4387	170 422 337 102
4388	374 401 257 54
4389	249 266 43 174
4390	370 419 210 40
4391	105 312 194 473
4392	210 164 469 229
4393	488 427 225 69
4394	404 94 423 459
4395	367 52 322 182
4396	105 92 361 195
4397	378 260 409 16
4398	103 273 87 58
4399	424 376 485 390
4400	34 472 434 191
4401	380 61 415 249
4402	66 482 346 213
4403	140 451 80 166
4404	102 329 315 181
4405	175 329 194 302
4406	100 81 358 141
4407	84 435 260 438
4408	452 310 110 137
4409	76 325 288 218
4410	417 436 306 403
4411	183 164 305 30
4412	16 238 86 360
4413	462 115 202 154
4414	352 290 30 90
4415	365 332 77 256
4416	265 76 292 3
4417	434 246 61 123
4418	342 411 442 109
4419	430 113 18 185
4420	248 177 352 21
4421	6 336 89 328
4422	4 196 35 155
4423	41 314 270 293
4424	321 315 288 465
4425	260 472 45 100
4426	273 29 400 66
4427	314 284 115 359
4428	107 373 101 39
4429	450 377 131 220
4430	335 310 380 165
4431	390 75 100 340
4432	80 107 12 373
4433	1 3 268 244
4434	374 29 37 133
4435	57 120 115 370
4436	252 69 432 433
4437	275 220 305 500
4438	476 167 317 84
4439	435 63 400 260
4440	208 496 195 474
4441	497 392 307 33
4442	500 479 179 278
4443	412 363 273 475
4444	310 78 311 315
4445	302 183 121 202
4446	470 186 361 439
4447	319 137 177 352
4448	267 81 312 56
4449	417 229 384 131
4450	430 462 155 73
4451	277 363 490 114
4452	447 33 111 344
4453	455 262 432 18
4454	204 406 454 411
4455	283 345 46 347
4456	418 339 276 120
4457	218 334 153 288
4458	375 418 245 481
4459	251 136 232 466
4460	335 303 212 423
4461	52 408 449 161
4462	401 29 403 440
4463	330 263 146 336
4464	435 177 408 433
4465	379 201 106 393
4466	437 345 191 409
4467	478 202 398 322
4468	478 465 479 71
4469	208 309 472 497
4470	35 430 77 193
4471	375 181 311 186
4472	157 353 420 91
4473	1 246 3 437
4474	38 26 43 389
4475	386 26 347 353
4476	84 240 53 232
4477	440 167 332 392
4478	91 180 213 8
4479	409 364 262 220
4480	89 493 323 125
4481	229 178 146 294
4482	328 429 250 359
4483	79 155 73 270
4484	223 151 192 252
4485	217 230 306 8
4486	428 368 95 81
4487	412 121 79 421
4488	430 451 19 416
4489	240 257 234 99
4490	320 2 240 313
4491	100 284 281 129
4492	33 151 429 276
4493	204 325 235 307
4494	4 445 359 138
4495	291 441 192 401
4496	262 269 325 141
4497	64 166 62 438
4498	7 133 249 55
4499	335 24 116 25
4500	205 475 275 328
4501	465 145 109 10
4502	194 355 151 341
4503	61 443 157 383
4504	159 483 182 39
4505	466 269 307 138
4506	203 18 141 324
4507	306 96 286 431
4508	24 458 235 306
4509	345 36 363 254
4510	470 204 424 181
4511	50 392 450 456
4512	458 17 284 208
4513	158 493 149 366
4514	369 185 474 18
4515	87 230 343 431
4516	187 81 382 158
4517	316 37 143 220
4518	178 202 87 109
4519	355 27 37 349
4520	446 434 405 215
4521	81 88 481 327
4522	157 427 57 293
4523	114 487 359 90
4524	174 475 233 476
4525	12 418 270 449
4526	175 152 282 156
4527	315 452 470 463
4528	218 272 146 240
4529	6 10 460 275
4530	447 395 258 261
4531	131 283 255 221
4532	400 160 184 265
4533	212 478 187 120
4534	62 205 30 280
4535	231 349 263 436
4536	448 236 364 36
4537	215 188 139 122
4538	99 96 297 57
4539	11 346 30 297
4540	416 247 253 141
4541	23 339 96 40
4542	278 164 494 207
4543	115 247 287 459
4544	322 476 42 419
4545	495 413 446 361
4546	189 51 293 15
4547	222 368 137 249
4548	393 360 376 198
4549	4 491 83 75
4550	291 63 110 9
4551	177 108 442 121
4552	392 215 327 76
4553	210 101 243 77
4554	477 362 293 205
4555	174 85 267 408
4556	158 32 14 296
4557	497 342 431 299
4558	149 281 340 163
4559	343 481 359 17
4560	98 477 13 407
4561	197 194 228 289
4562	347 436 60 83
4563	196 64 274 349
4564	7 319 313 31
4565	398 23 413 89
4566	128 437 293 350
4567	16 465 368 374
4568	197 152 171 226
4569	426 419 369 481
4570	116 340 498 408
4571	411 10 361 72
4572	391 73 122 126
4573	185 296 431 238
4574	324 465 241 353
4575	242 2 449 371
4576	164 369 184 293
4577	219 485 289 7
4578	474 386 316 217
4579	182 301 325 474
4580	330 272 476 39
4581	58 297 178 332
4582	120 349 14 308
4583	420 272 433 238
4584	480 182 311 475
4585	466 156 457 377
4586	9 467 403 204
4587	230 332 225 10
4588	417 397 173 55
4589	7 264 13 64
4590	136 160 365 172
4591	442 461 137 34
4592	218 161 9 116
4593	422 477 372 228
4594	2 126 215 149
4595	233 175 55 145
4596	122 335 129 206
4597	343 315 371 460
4598	344 437 249 383
4599	308 205 186 220
4600	98 82 170 79
4601	492 144 366 464
4602	286 432 259 429
4603	177 222 371 34
4604	81 63 179 404
4605	129 189 58 332
4606	443 257 111 344
4607	367 92 485 237
4608	492 292 8 323
4609	132 185 175 321
4610	163 472 156 61
4611	14 268 229 339
4612	276 402 335 142
4613	248 61 336 299
4614	201 321 350 495
4615	417 37 197 192
4616	314 207 251 52
4617	132 223 89 162
4618	243 342 71 130
4619	267 491 273 86
4620	204 75 473 403
4621	464 71 202 169
4622	341 159 276 401
4623	371 183 498 206
4624	15 241 380 188
4625	25 79 433 243
4626	427 381 248 344
4627	326 88 209 317
4628	255 322 183 7
4629	243 314 130 413
4630	198 205 293 99
4631	239 82 339 174
4632	412 420 162 411
4633	376 466 125 219
4634	309 397 416 480
4635	175 308 427 273
4636	60 320 52 159
4637	68 43 16 499
4638	416 490 78 450
4639	177 392 484 193
4640	124 421 240 26
4641	195 14 70 118
4642	234 138 301 462
4643	317 131 12 383
4644	68 159 120 449
4645	9 337 75 327
4646	430 202 492 258
4647	341 357 63 411
4648	343 301 14 403
4649	223 388 128 48
4650	255 259 493 329
4651	134 359 399 278
4652	90 132 253 41
4653	301 480 447 23
4654	475 370 392 317
4655	311 386 37 213
4656	153 77 235 356
4657	245 419 385 266
4658	32 438 327 441
4659	345 421 108 57
4660	71 198 313 163
4661	304 256 328 384
4662	414 184 174 357
4663	455 290 262 43
4664	442 445 370 435
4665	271 197 184 24
4666	48 278 398 469
4667	130 499 398 260
4668	497 59 197 127
4669	242 377 344 416
4670	316 110 268 186
4671	159 233 363 120
4672	276 339 468 167
4673	70 69 71 343
4674	168 314 295 53
4675	229 222 184 303
4676	325 441 462 118
4677	347 152 390 366
4678	155 435 339 116
4679	45 426 199 373
4680	358 268 226 428
4681	122 277 368 190
4682	462 320 85 245
4683	316 76 209 29
4684	373 30 195 27
4685	316 201 214 269
4686	380 219 231 91
4687	218 399 124 370
4688	150 428 181 100
4689	329 186 441 396
4690	474 289 125 57
4691	58 393 167 430
4692	334 232 63 380
4693	235 49 282 276
4694	321 384 8 4
4695	441 189 34 248
4696	68 284 255 191
4697	259 43 17 151
4698	403 48 353 441
4699	353 447 135 358
4700	282 54 366 211
4701	338 35 245 138
4702	85 256 146 404
4703	420 77 115 140
4704	290 417 154 327
4705	246 337 371 324
4706	53 82 220 422
4707	211 444 399 445
4708	6 68 156 75
4709	4 151 161 459
4710	161 237 179 450
4711	212 31 90 497
4712	409 388 494 301
4713	268 290 425 329
4714	40 384 80 418
4715	447 379 152 47
4716	279 479 232 383
4717	494 474 109 7
4718	119 359 305 52
4719	318 163 267 409
4720	244 66 269 227
4721	421 380 231 240
4722	17 270 199 258
4723	33 156 131 165
4724	418 317 174 388
4725	61 236 256 342
4726	408 58 232 472
4727	118 442 70 2
4728	33 191 5 284
4729	16 395 81 102
4730	48 214 20 9
4731	125 355 484 218
4732	89 106 273 95
4733	20 421 476 330
4734	330 488 184 73
4735	293 269 263 115
4736	165 310 353 74
4737	303 386 409 288
4738	305 48 160 203
4739	23 458 425 77
4740	178 462 247 115
4741	428 142 342 394
4742	273 159 181 79
4743	159 407 360 269
4744	483 93 252 45
4745	419 31 186 197
4746	150 97 290 199
4747	198 39 202 38
4748	343 183 180 236
4749	117 49 239 240
4750	451 129 350 108
4751	175 496 452 185
4752	413 272 445 262
4753	310 156 60 82
4754	350 500 178 444
4755	88 176 113 448
4756	26 105 416 441
4757	328 28 343 334
4758	408 25 5 220
4759	357 424 232 103
4760	164 461 75 242
4761	397 166 491 231
4762	178 477 132 373
4763	445 332 339 277
4764	157 443 169 135
4765	203 425 220 354
4766	29 112 258 232
4767	367 285 442 148
4768	248 97 116 130
4769	201 127 124 258
4770	148 277 81 202
4771	476 464 321 346
4772	304 403 100 324
4773	372 56 295 384
4774	311 189 401 52
4775	11 192 6 500
4776	77 265 400 448
4777	212 268 167 258
4778	134 79 76 365
4779	19 91 460 490
4780	26 275 97 500
4781	405 252 441 95
4782	145 45 317 281
4783	411 174 90 101
4784	377 143 477 180
4785	227 132 3 76
4786	129 63 421 343
4787	9 95 355 386
4788	165 300 26 486
4789	358 187 435 156
4790	355 227 164 330
4791	82 431 347 177
4792	180 334 64 431
4793	422 139 300 428
4794	377 441 222 133
4795	491 480 362 316
4796	340 18 193 479
4797	175 234 32 140
4798	254 377 83 308
4799	186 175 95 292
4800	129 312 332 422
4801	400 305 369 147
4802	157 163 71 114
4803	423 366 207 92
4804	391 383 270 49
4805	198 111 414 158
4806	446 379 187 424
4807	196 322 174 217
4808	367 254 277 60
4809	468 373 9 278
4810	432 67 146 52
4811	11 440 397 415
4812	14 375 428 349
4813	25 59 252 486
4814	155 76 69 159
4815	226 278 234 334
4816	241 496 439 342
4817	394 96 101 288
4818	152 220 446 500
4819	350 139 198 396
4820	351 362 439 274
4821	475 296 138 426
4822	298 296 90 456
4823	279 73 209 346
4824	79 369 197 338
4825	386 436 193 145
4826	426 200 439 340
4827	93 292 416 18
4828	264 464 493 329
4829	403 18 141 150
4830	80 445 188 177
4831	161 85 215 38
4832	289 155 409 499
4833	63 414 334 495
4834	341 57 350 213
4835	417 497 231 251
4836	76 176 466 448
4837	120 166 225 287
4838	340 413 470 73
4839	309 115 140 329
4840	34 428 138 56
4841	138 376 396 210
4842	153 230 360 101
4843	31 455 346 111
4844	487 481 417 20
4845	172 242 295 489
4846	414 48 318 33
4847	288 58 154 379
4848	225 14 217 239
4849	91 405 147 47
4850	128 139 444 295
4851	469 34 181 375
4852	459 225 33 375
4853	212 400 101 239
4854	249 442 281 334
4855	201 414 411 495
4856	87 339 399 80
4857	70 155 310 159
4858	254 221 123 4
4859	433 298 386 237
4860	280 493 301 464
4861	236 67 271 143
4862	36 277 488 177
4863	266 403 178 80
4864	52 389 351 45
4865	262 336 371 232
4866	96 163 348 361
4867	419 261 401 120
4868	85 227 127 7
4869	412 360 208 459
4870	98 497 336 225
4871	311 416 143 388
4872	213 62 224 252
4873	2 106 385 471
4874	32 62 305 73
4875	388 110 329 429
4876	76 360 182 335
4877	274 19 107 110
4878	287 32 201 419
4879	432 72 159 322
4880	117 135 78 5
4881	357 125 16 203
4882	127 280 356 455
4883	226 145 362 463
4884	179 193 205 10
4885	142 344 438 143
4886	342 433 304 69
4887	112 170 37 113
4888	118 377 425 435
4889	16 81 338 389
4890	244 382 115 250
4891	200 13 262 412
4892	276 17 249 108
4893	434 478 439 61
4894	28 366 130 247
4895	394 64 83 35
4896	225 336 401 178
4897	481 332 448 156
4898	425 286 32 494
4899	270 409 124 185
4900	42 2 54 108
4901	253 128 238 220
4902	255 110 464 233
4903	232 211 357 449
4904	229 350 121 382
4905	332 233 198 382
4906	267 382 265 52
4907	122 388 39 314
4908	440 297 208 196
4909	189 467 50 22
4910	236 366 72 363
4911	329 434 97 229
4912	443 256 437 193
4913	174 488 398 38
4914	292 449 73 195
4915	119 150 309 466
4916	324 450 484 421
4917	411 85 376 285
4918	35 18 323 275
4919	60 157 176 200
4920	76 194 308 333
4921	497 49 406 415
4922	163 174 158 43
4923	19 219 86 315
4924	344 283 155 243
4925	72 470 184 451
4926	435 249 352 321
4927	347 490 444 106
4928	216 298 74 307
4929	431 384 153 50
4930	418 249 317 20
4931	489 462 80 133
4932	82 229 276 205
4933	472 362 332 57
4934	115 430 246 382
4935	378 490 377 147
4936	192 475 311 335
4937	403 227 19 46
4938	155 374 227 353
4939	98 408 194 91
4940	198 368 169 445
4941	270 221 470 206
4942	398 41 499 363
4943	430 361 258 347
4944	59 26 8 264
4945	457 79 331 16
4946	401 399 123 358
4947	22 131 341 495
4948	326 440 369 314
4949	478 67 183 307
4950	312 361 479 89
4951	29 325 177 480
4952	467 351 341 206
4953	478 200 212 424
4954	426 380 125 275
4955	228 438 166 227
4956	470 62 272 353
4957	480 441 120 320
4958	206 187 169 382
4959	208 437 63 333
4960	149 497 257 161
4961	77 348 48 51
4962	239 271 451 389
4963	371 109 464 134
4964	148 409 231 370
4965	341 230 359 260
4966	199 326 421 39
4967	114 73 26 30
4968	292 285 154 363
4969	388 9 317 352
4970	30 274 186 166
4971	451 500 106 53
4972	109 372 367 149
4973	116 256 215 174
4974	116 476 488 206
4975	350 240 186 30
4976	283 384 104 11
4977	369 20 440 297
4978	365 475 314 482
4979	400 25 112 445
4980	104 351 77 136
4981	392 31 122 101
4982	217 9 357 305
4983	236 129 128 318
4984	365 333 290 377
4985	291 489 468 416
4986	386 35 75 401
4987	440 194 422 64
4988	217 324 348 339
4989	396 346 47 416
4990	431 438 203 229
4991	77 104 442 431
4992	107 340 473 263
4993	23 289 132 397
4994	406 318 207 4
4995	70 176 291 279
4996	190 370 138 33
4997	319 112 238 217
4998	301 243 165 288
4999	323 94 88 342
5000	269 190 113 218
