Course	Room	Teacher	Time	Students
12	34	110	2	541 591 619 981 998 1233 1464 1691 1698 1752 1836 1839 1891 2063 2099 2103 2152 2266 2306 2345 2560 2620 2762 2788 2815 2912 3169 3306 3357 3369 3735 3799 3810 3999 4045 4088 4116 4134 4359 4564 4583 4691 4761 4909 4923
69	17	169	2	65 74 296 308 346 382 389 423 424 458 481 597 690 807 894 984 1049 1083 1152 1170 1197 1270 1288 1304 1422 1433 1570 1586 1620 1758 1774 1868 1981 1982 2360 2507 2545 2747 2800 2814 3224 3305 3368 3508 3609 3677 3864 4365 4392 4693 4739 4755 4793
257	27	122	2	152 315 318 780 821 877 1039 1162 1194 1212 1218 1362 1435 1455 2041 2060 2113 2173 2192 2255 2259 2431 2613 2722 2950 2958 3047 3263 3385 3690 3702 3835 3848 3983 4008 4078 4097 4240 4276 4306 4457 4542 4562 4581 4643 4729 4762 4764 4777 4855 4887
473	2	185	2	13 136 160 161 177 361 546 675 1017 1053 1072 1073 1456 1509 1540 1633 1703 1850 1870 1926 2013 2043 2112 2190 2196 2224 2327 2565 2592 2696 2740 3197 3290 3301 3337 3367 3390 3490 3788 3833 3941 4202 4303 4687 4850 4995
500	36	177	2	38 104 164 214 228 519 565 605 646 677 814 900 1000 1006 1396 1484 1780 1883 1953 1967 2004 2016 2037 2186 2214 2317 2418 2496 2585 3053 3220 3307 3317 3529 3547 3614 3964 4158 4343 4358 4515 4578 4603 4683 4697 4818 4926
71	18	143	2	292 360 412 459 507 643 693 743 764 884 932 1127 1209 1545 1610 1762 1784 1853 1863 2025 2249 2307 2458 2463 2478 2499 2757 2840 2936 3061 3084 3117 3183 3259 3457 3482 3542 3748 3772 3890 3937 4067 4090 4128 4163 4167 4274 4384 4604 4869 4905 4965 4981
434	19	27	2	20 51 86 122 337 392 469 504 745 1046 1091 1259 1266 1298 1344 1345 1459 1686 1742 1875 1915 1939 2254 2279 2299 2308 2396 2572 2576 2597 2858 2864 2913 2937 3033 3054 3526 3556 3563 3589 3730 3908 4140 4314 4388 4403 4831 4994
86	12	150	2	154 253 367 378 445 483 490 545 612 797 827 904 969 1330 1348 1470 1495 1721 1788 1814 1842 2267 2284 2688 2761 2964 3181 3202 3223 3249 3267 3330 3378 3599 3601 3740 3778 3949 3951 4024 4073 4079 4103 4143 4153 4215 4304 4514 4558 4891 4945
165	22	71	2	35 83 109 185 498 624 657 704 754 892 1064 1149 1181 1203 1428 1502 1522 1571 1576 1624 1720 1748 1797 1808 1904 2003 2205 2262 2449 2617 2714 2760 2927 2987 3525 3658 3806 4012 4030 4184 4245 4523 4593 4617 4744 4898 4932 4947 4976
382	23	19	2	314 418 629 897 941 1025 1316 1374 1445 1493 1557 1631 1657 1673 1702 1759 1847 1885 2026 2056 2115 2162 2207 2567 2631 2663 2770 2775 2884 3116 3289 3312 3327 3661 3699 3706 3809 3856 4013 4076 4114 4227 4295 4475 4830 4889 4903 4921 4963
420	33	24	2	200 268 368 540 549 824 862 873 876 909 957 985 994 1052 1059 1136 1142 1390 1474 1516 1546 1638 1807 1827 2088 2261 2265 2346 2587 2829 3273 3350 3440 4053 4072 4106 4191 4196 4360 4418 4438 4466 4646 4663 4840 4862 5000
142	3	106	2	6 147 195 348 384 587 722 730 816 988 992 1069 1099 1154 1310 1437 1494 1527 1533 1806 1956 2238 2395 2417 2657 2817 2820 2861 3107 3274 3364 3415 3443 3851 3904 3948 4003 4189 4218 4266 4463 4470 4521 4588 4662 4885 4962
192	6	109	2	269 332 631 638 652 711 794 802 852 878 1066 1478 1713 1716 1934 2331 2334 2445 2459 2558 2785 2830 3288 3309 3323 3363 3579 3605 3682 3765 3787 3899 3977 4433 4613 4810 4811 4942
204	10	144	2	64 178 380 434 692 725 739 983 1009 1167 1409 1436 1603 1804 1976 2002 2064 2156 2296 2344 2409 2679 2710 2721 2812 3095 3096 3108 3160 3361 3403 3517 3546 3647 3715 3933 4000 4048 4111 4112 4156 4200 4231 4268 4367 4443 4636 4682 4907 4920
439	13	226	2	81 218 358 717 1090 1338 1555 1614 1665 1783 1786 2032 2048 2200 2273 2711 2787 2803 2854 2942 3019 3146 3322 3405 3491 3555 3630 3638 3771 3812 3853 3921 3943 3959 4224 4395 4493 4502 4600 4659 4747 4750
25	20	26	2	88 179 383 457 573 599 974 1122 1299 1453 1599 1623 1635 1676 1775 1799 1962 2179 2263 2348 2351 2643 2664 2930 3028 3115 3280 3366 3680 4007 4049 4058 4091 4129 4172 4265 4312 4352 4416 4452 4560 4667 4719 4806 4937 4972
46	7	173	2	62 140 196 336 341 400 421 642 696 800 968 1044 1102 1295 1333 1399 1581 1622 1936 1950 2022 2107 2187 2291 2302 2330 2421 2611 2694 2795 2960 3015 3156 3186 3522 3588 3759 3885 4051 4398 4675 4684 4809 4824 4989
118	34	150	4	546 568 603 645 648 793 877 1161 1267 1326 1812 1841 1920 2040 2288 2353 2380 2428 2457 2574 2582 2608 2628 2692 2717 2753 2833 3009 3225 3295 3300 3441 3567 3688 3787 3901 4323 4397 4413 4610 4715 4758 4793 4805 4914 4957
189	37	158	2	220 247 279 485 515 593 844 956 1080 1138 1186 1290 1375 1434 1472 1561 1776 1947 2086 2087 2393 2401 2514 3132 3320 3470 3550 3559 3624 3691 3698 3880 4204 4253 4310 4424 4465 4550 4734 4740 4774 4798 4860 4883
238	5	85	2	129 255 265 267 278 379 439 456 805 1054 1113 1200 1491 1609 1625 1740 1750 1817 1920 1944 2031 2047 2257 2329 2357 2635 2992 3227 3261 3384 3394 3422 3521 3655 3683 3713 3965 4208 4300 4366 4394 4453 4705 4786
389	4	28	2	56 77 422 576 674 953 1126 1143 1220 1481 1562 1583 1608 1825 2065 2119 2174 2188 2211 2314 2325 2520 2615 2704 2751 2756 3189 3236 3326 3447 3570 3574 3643 3665 3674 3681 3832 3886 3911 4040 4259 4529 4616 4742 4826 4896 4992
395	40	202	2	166 170 297 425 486 543 684 699 982 1036 1311 1386 1458 1511 1568 1569 1704 1902 1935 2070 2082 2135 2425 2426 2477 2675 2725 2826 3057 3185 3221 3283 3376 3423 3430 3504 3545 3617 3712 3723 4138 4363 4483 4530 4537 4612 4658 4738 4756
82	25	142	2	46 115 202 204 263 285 300 322 461 650 773 926 1062 1289 1523 1528 1646 1671 1918 2236 2280 2285 2304 2337 2371 2456 2512 2737 2849 2862 2898 2935 3102 3247 3433 3465 3494 3571 4193 4317 4399 4490 4554 4727
101	38	118	2	370 446 454 594 640 663 737 804 847 940 1002 1042 1301 1394 1530 1535 1587 1951 2287 2420 2482 2719 2755 2807 2934 3343 3386 3397 3458 3695 3747 3795 3849 3858 3945 4505 4630 4645 4692 4766 4782
146	28	14	2	289 316 331 385 554 667 750 1024 1141 1444 1465 1532 1566 1887 2042 2194 2213 2278 2390 2667 2699 2724 2890 3114 3260 3476 3802 3821 3829 3990 4230 4313 4349 4835 4851 4927 4968 4974
216	11	130	2	87 192 320 615 846 999 1093 1258 1262 1276 1278 1283 1722 1805 1892 1960 1984 2006 2155 2178 2181 2533 2690 2706 2818 2889 3082 3134 3135 3276 3468 3553 3717 3824 3888 4017 4087 4183 4270 4480 4491 4567 4640 4660 4816 4823 4867
300	1	125	2	45 75 219 338 404 534 683 1107 1207 1346 1372 1488 1541 1593 2073 2229 2282 2454 2494 2616 2961 3092 3147 3179 3362 3404 3596 3781 4020 4056 4286 4316 4431 4689 4787 4834 4868
464	26	235	2	184 381 480 499 524 610 633 832 848 902 996 1313 1579 1615 1813 2165 2198 2286 2590 2904 3040 3067 3269 3271 3381 3576 3896 3897 3925 3998 4264 4296 4305 4372 4498 4631 4647 4669 4849 4946 4988
468	14	1	2	339 563 582 659 830 1373 1473 1552 1637 1680 1765 1769 1789 1945 1955 1975 1980 2051 2134 2301 2495 2513 2602 2780 3026 3052 3246 3272 3348 3401 3519 3697 3961 4133 4198 4302 4319 4545 4599 4690 4791 4904 4943
488	31	108	2	19 124 176 334 509 553 649 905 1105 1178 1223 1240 1339 1503 1506 1537 1542 1632 1697 1872 2349 2400 2411 2440 2633 2668 2810 3083 3315 3339 3356 3510 3640 3670 3975 3987 4089 4159 4239 4333 4577 4584 4751 4765 4790 4820 4836
64	30	197	2	167 252 319 394 415 585 724 731 1023 1103 1114 1192 1204 1560 1575 1678 1841 2085 2367 2381 2437 2501 2529 2569 2584 3103 3168 3203 3387 3413 3467 3573 3663 3863 4082 4086 4102 4174 4481 4527 4694 4726 4882 4901 4985
117	39	22	2	66 89 145 156 211 343 352 518 602 973 1022 1068 1075 1085 1133 1250 1297 1305 1392 2069 2117 2125 2735 2809 2911 2988 3001 3277 3400 3645 3678 3694 3755 3779 3798 3854 3994 3996 4064 4171 4175 4192 4275 4285 4439 4615 4757
137	35	67	2	175 226 436 577 620 921 1112 1281 1448 1449 1592 1744 1866 1924 2036 2138 2189 2630 3059 3085 3089 3131 3340 3434 3445 3472 3763 3836 3914 4099 4164 4237 4423 4473 4544 4579 4650 4731 4749 4983
187	32	182	2	125 132 203 305 312 530 590 686 911 1021 1026 1067 1086 1229 1347 1359 1370 1477 1846 1923 1999 2191 2202 2272 2354 2594 2614 2621 2634 2666 2736 2853 2996 3075 3407 3427 3493 4278 4362 4495 4534 4580 4737 4800 4952
294	21	234	2	131 248 272 324 326 406 705 747 823 928 1008 1016 1213 1265 1268 1277 1300 1641 1753 2052 2137 2169 2172 2303 2497 2579 2583 2607 2677 2734 2805 2980 3213 3354 3463 3557 3641 3797 4602 4609 4736 4789 4931
301	16	119	2	41 560 1169 1271 1280 1766 2081 2083 2102 2338 2369 2487 2680 2720 2765 2771 2797 2806 2900 2954 2971 3039 3044 3055 3257 3450 3501 3578 3612 3775 3869 4350 4390 4400 4450 4533 4919
319	29	233	2	27 130 153 578 645 665 708 723 779 944 1065 1115 1322 1354 1507 1563 1849 1929 2244 2352 2380 2408 2624 2901 2949 3206 3208 3380 3426 3720 3734 3841 3939 4060 4066 4069 4100 4110 4232 4492 4522 4524 4838 4913 4917
380	9	166	2	76 256 397 669 688 702 767 843 958 1206 1554 1708 1725 1859 2053 2161 2429 2460 2549 2878 2924 3120 3148 3167 3373 3473 3657 3751 3754 3785 3804 3842 3989 4188 4229 4518 4575 4702 4984
443	24	18	2	42 193 304 323 521 556 584 753 883 1158 1239 1363 1534 1585 1675 1865 1979 2090 2141 2223 2428 2443 2492 2500 2543 2600 2748 2881 2921 3016 3041 3233 3281 3451 3777 3815 3823 3966 4028 4081 4221 4610 4629
460	17	185	4	395 527 715 730 859 1196 1431 1520 1640 1776 1833 2029 2038 2441 2482 2597 2618 2711 2755 2794 2843 2975 3010 3345 3380 3610 3819 3914 3960 3986 4250 4256 4427 4429 4502 4823 4873 4902
33	8	174	2	80 464 760 798 831 858 868 934 1221 1457 1513 1826 1879 1909 1946 2049 2059 2315 2402 2436 2469 2480 2843 2956 3190 3196 3503 3687 3894 4039 4098 4146 4168 4216 4401 4500 4582 4714 4759
110	15	152	2	137 205 223 232 290 471 473 536 589 838 995 1172 1234 1356 1415 1450 1559 1701 1734 1828 2018 2030 2227 2251 2546 2553 2556 2563 2966 2985 3104 3191 3328 3358 3396 3582 3708 3729 3789 3929 4511
198	27	84	4	611 652 773 824 874 980 2004 2259 2324 2343 2439 2528 2541 2571 2663 2750 2779 3015 3256 3266 3394 3483 3559 3569 3744 3777 3861 3868 3996 4009 4022 4106 4226 4269 4481 4704 4816
239	2	93	4	32 198 212 359 424 438 476 746 785 844 868 876 1049 1080 1441 1478 1494 1601 1778 1805 1881 1991 2314 2323 2790 2883 3018 3060 3146 3242 3324 3417 3775 3818 3862 3883 3884 3889 3950 3995 4379 4410 4568 4732 4818
261	36	229	4	59 361 412 477 622 818 1021 1027 1054 1079 1179 1181 1344 1495 1595 1727 1749 1930 1936 2245 2310 2389 2514 2537 2538 2632 2804 3180 3224 3419 3939 3978 4287 4307 4340 4378 4580 4582 4609 4835 4845 4906
284	18	217	4	68 157 195 494 535 759 1066 1252 1373 1490 1565 1629 1706 1725 1741 1765 1828 1925 1937 2022 2059 2105 2149 2189 2351 2414 2713 2916 3041 3042 3073 3119 3421 3561 3649 3781 4044 4442 4624 4959
296	19	88	4	223 458 634 692 860 999 1000 1019 1043 1062 1081 1360 1393 1411 1460 1798 1835 1902 2008 2052 2055 2365 2392 2431 2591 2623 2706 2848 2981 2987 3069 3305 3313 3879 4140 4149 4393 4417 4432 4516 4675 4739 4940
308	12	203	4	1 72 155 320 789 1114 1395 1440 1509 1528 1885 1926 1942 2051 2150 2177 2256 2331 2523 2557 2580 2607 2665 2751 2817 2831 2922 3020 3114 3207 3255 3302 3427 3491 3725 3736 3829 4105 4255 4315 4480 4756 4986
391	22	204	4	104 266 449 637 649 661 686 811 895 986 1144 1150 1291 1309 1319 1388 1404 1408 1410 1620 1636 1650 1966 2065 2377 2877 3014 3130 3169 3375 3646 3656 3817 3849 3975 4010 4232 4275 4288 4400 4640 4662 4694 4785 4955
14	23	221	4	93 116 162 232 245 276 292 348 456 493 555 744 751 822 929 1026 1051 1095 1184 1296 1298 1334 1453 1859 2222 2415 2566 2835 2881 2964 3056 3244 3669 3711 3729 3756 3926 3952 4012 4258 4443 4455 4771
70	33	223	4	64 151 258 317 352 647 662 689 791 815 1063 1226 1606 1675 1743 1746 1871 1988 2277 2312 2349 2480 2526 2581 2718 2802 2834 2865 3477 3482 3591 3604 3749 3770 4261 4289 4394 4557 4761 4797 4895
135	3	219	4	298 329 375 452 499 506 865 880 1061 1085 1186 1418 1463 1672 1678 1810 1886 1916 2144 2182 2201 2293 2346 2379 2423 2467 2756 2983 3024 3230 3336 3518 3528 3531 3548 3666 3935 4182 4194 4230 4257 4486 4533 4661 4689 4979
181	6	61	4	6 60 111 199 526 599 624 762 906 908 914 945 981 1007 1055 1294 1303 1668 1677 1781 1845 1960 2003 2391 2778 2914 2979 3164 3430 3454 3562 3871 3906 3929 4068 4180 4403 4507 4535 4612 4781 4849 4880 4929
270	10	154	4	255 589 714 721 748 1087 1284 1504 1532 1657 1670 1735 1808 1832 2048 2084 2275 2290 2302 2382 2614 2719 3021 3072 3095 3189 3203 3229 3344 3368 3474 3632 3712 3931 3940 3954 4218 4298 4316 4461 4558 4577 4660 4820 4862
274	13	167	4	22 110 144 147 190 235 308 392 418 596 828 933 997 1084 1272 1289 1307 1346 1449 1492 1624 1738 1750 1848 2009 2242 2455 2466 2497 2690 2947 3099 3168 3318 3390 3735 4271 4360 4407 4411 4551 4633 4753 4904
278	20	33	4	11 50 241 315 427 625 646 782 813 1082 1107 1209 1385 1461 1464 1529 1605 1910 2064 2241 2448 2542 2653 2896 3320 3372 3379 3539 3550 3592 3722 3779 3938 3961 3968 4204 4241 4647 4672 4679 4708 4754 4777 4830 4858
413	7	81	4	451 576 610 806 939 1279 1290 1444 1560 1603 1698 1737 1780 1803 1839 2137 2248 2308 2451 2588 3121 3451 3608 3695 3812 4025 4037 4117 4124 4144 4165 4273 4510 4549 4599 4600 4723 4855 4888
440	37	57	4	143 446 531 644 795 848 1048 1151 1438 1445 1510 1621 1710 1793 2080 2231 2294 2297 2440 2463 2559 2572 2741 2809 2872 2951 3134 3150 3308 3350 3618 3801 4065 4084 4163 4253 4270 4460 4472 4578 4748 4875 4947 4996
463	5	70	4	103 120 474 541 671 788 931 1221 1311 1361 1406 1568 1581 1785 1818 1873 1958 1995 2086 2090 2128 2153 2220 2224 2262 2307 2460 2585 3341 3652 3844 3927 3977 4126 4150 4178 4573 4574 4598
478	4	126	4	105 280 286 382 500 529 532 678 970 1025 1293 1295 1483 1967 1968 1969 2056 2071 2213 2406 2430 2445 2489 2567 2645 2760 2797 2839 2844 3077 3125 3165 3194 3426 3458 3471 3620 3981 4086 4354 4456 4735 4941
29	40	137	4	65 299 460 501 642 651 992 996 1242 1341 1480 1716 1800 1823 2374 2409 2738 3026 3037 3142 3196 3306 3447 3627 3778 3872 4082 4138 4227 4233 4497 4595 4611 4648 4713 4718 4810 4894 4923 4991
68	25	200	4	139 184 229 410 615 638 855 896 1053 1283 1312 1339 1571 1751 1771 1917 1983 2106 2404 2453 2961 2998 3019 3148 3212 3261 3489 3589 3684 3697 3728 3792 3839 4045 4242 4385 4405 4426 4530 4774 4951
83	38	190	4	94 341 425 496 564 695 944 978 1308 1325 1347 1549 1596 1717 1764 1791 2050 2167 2309 2627 2807 2873 2899 2985 3082 3219 3222 3384 3524 3549 3590 3617 3643 3773 3790 3951 4254 4339 4492 4534 4653 4716 4859
158	28	224	4	89 101 196 311 415 481 489 719 935 959 1070 1227 1274 1356 1558 1616 1666 1978 2067 2272 2357 2710 2875 3116 3475 3530 3634 3826 3867 3911 3998 4109 4314 4381 4529 4555 4731 4971 4972
218	11	20	4	440 796 963 995 1022 1146 1155 1244 1391 1526 1610 1762 1878 1893 1962 1979 2030 2359 2673 2788 3178 3250 3389 3435 3685 3909 4002 4057 4172 4284 4351 4434 4437 4670 4769 4863 4961
247	1	164	4	366 371 402 414 711 901 947 1099 1106 1110 1205 1219 1248 1281 1353 1838 2170 2295 2347 2429 2464 2737 2749 2820 2970 3025 3043 3413 3438 3677 3893 3987 4157 4305 4373 4424 4503 4587 4836
347	26	41	4	167 234 492 510 515 588 1056 1683 1684 1782 1822 2239 2281 2605 2620 2657 2726 2836 2962 3271 3309 3579 3719 3784 4021 4023 4036 4052 4089 4206 4430 4505 4506 4572 4584 4597 4692 4729 4900
353	14	159	4	56 126 217 239 302 360 384 573 579 616 839 845 869 1050 1198 1340 1372 1500 1538 1639 1720 1860 1984 2384 2506 2789 2878 3027 3058 3120 3204 3228 3737 3957 4121 4185 4199 4213 4474 4540 4579 4954
385	31	211	4	136 182 246 376 975 1185 1194 1548 2376 2470 2487 2598 2747 2918 3238 3339 3407 3587 3645 3673 3747 3791 4005 4014 4064 4090 4116 4222 4249 4303 4326 4567 4634
400	30	43	4	55 95 289 497 1001 1038 1132 1210 1213 1218 1236 1328 1525 1588 1613 1863 1876 1889 2007 2313 2516 2547 2596 2768 3195 3262 3410 3704 3876 3905 3934 4128 4262 4604 4705 4728 4798 4928 4983
418	39	62	4	49 97 127 290 431 528 598 886 937 1212 1403 1632 1901 2021 2035 2114 2138 2164 2225 2227 2234 2364 2401 2421 2500 2522 2586 2679 2735 2743 2852 2888 3353 3397 3582 3774 3813 4048 4087 4092 4696 4720 4790 4833 4973
430	35	89	4	42 215 641 658 670 858 956 1034 1182 1457 1824 1868 2053 2087 2195 2435 2662 2744 2793 2847 2854 2871 3124 3138 3185 3193 3325 3331 3449 3497 3683 3880 3990 4080 4122 4276 4300 4416 4445 4471 4509 4630 4656
452	32	174	4	96 99 628 709 738 756 857 964 1057 1125 1336 1362 1394 1421 1547 1690 1752 2012 2243 2315 2362 2458 2519 2564 2693 2805 2855 2955 2993 3102 3304 3319 3360 3537 3768 3997 4160 4306 4532 4552 4730 4872
476	21	207	4	75 114 453 591 783 872 961 1108 1220 1569 1730 1802 1897 1987 2027 2037 2192 2210 2368 2483 2490 2529 2531 2702 2944 3094 3215 3294 3466 3554 3595 3606 3718 3730 3743 3969 4104 4171 4536 4563 4712
486	16	55	4	112 189 318 461 518 544 765 1113 1268 1374 1471 1533 1679 1977 2057 2104 2113 2122 2247 2502 2527 2687 2800 3036 3133 3166 3201 3367 3507 3533 3580 3682 3895 4061 4281 4334 4347 4369 4524 4539 4541 4684 4948
494	29	44	4	44 119 121 154 166 264 303 1178 1402 1519 1688 1813 1891 1898 1900 2058 2165 2173 2532 2552 2570 2599 2609 2897 3000 3023 3128 3144 3420 3455 3603 3732 3836 4062 4259 4267 4404 4517 4523 4751 4934
62	9	175	4	7 244 525 650 771 1139 1241 1359 1617 1858 1923 2068 2073 2129 2147 2257 2387 2474 2625 2669 2708 2724 2774 2923 3032 3117 3129 3352 3365 3392 3450 3523 3551 3726 3932 4118 4488 4815 4998
80	24	51	4	15 61 369 563 570 602 604 772 775 1487 1508 1555 1695 1788 2221 2319 2328 2335 2496 3346 3414 3496 3525 3738 3833 3966 4013 4320 4367 4396 4409 4518 4586 4654 4655 4724 4773 4921 4980
88	8	15	4	41 201 228 256 275 485 655 698 801 803 804 873 1104 1124 1266 1299 1338 1351 1407 1531 1649 1664 1840 1869 1931 2006 2372 2606 2636 3145 3245 3406 3472 3665 3822 3865 4003 4019 4027 4073 4251 4311
126	15	225	4	24 148 249 332 466 612 946 1012 1040 1121 1166 1384 1645 1907 2082 2260 2318 2355 2518 2525 2560 2575 2583 2629 2631 2689 2780 2785 2819 2864 2901 2915 3499 3509 3540 3686 3920 4246 4362 4886 4893 4901 4967
130	34	50	6	25 105 112 181 311 330 345 403 409 428 547 882 947 1083 1086 1126 1719 1801 1996 2177 2185 2323 2425 3106 3145 3471 3925 3953 4041 4297 4330 4468 4470 4482 4594 4722 4971
163	17	30	6	83 172 236 268 391 711 938 966 1571 1669 1742 1989 2146 2281 2309 2333 2427 2487 2571 2582 2606 2722 2840 3064 3104 3292 3293 3465 3555 3584 3590 3937 3995 4146 4148 4171 4299 4420 4509 4758 4805 4835 4929
203	27	91	6	183 422 653 952 981 1017 1044 1156 1193 1237 1254 1327 1514 1621 1673 1727 1919 1933 2175 2179 2380 2447 2703 2786 2806 2943 3029 3176 3308 3352 3361 3389 3501 3751 3864 3915 4152 4223 4310 4316 4339 4478
240	2	147	6	67 116 131 222 438 630 685 702 873 1099 1162 1168 1195 1253 1607 1619 1629 1905 1954 2266 2420 2511 2575 2705 2742 2863 3068 3678 3810 3916 4108 4519 4604 4620 4665 4674 4784 4822 4849 4867
322	36	1	6	211 260 542 617 622 729 766 1346 1539 1641 2216 2246 2277 2336 2551 2570 2578 2596 2739 2765 2801 2816 3052 3115 3299 3600 3884 4038 4145 4278 4333 4351 4488 4546 4857 4942 4944 4966
326	18	192	6	74 89 328 689 703 709 989 1078 1217 1375 1412 1500 1547 1652 1703 1799 1999 2141 2334 2543 3225 3313 3377 3391 3548 3829 3944 3970 4154 4164 4220 4341 4350 4501 4504 4511 4724 4847 4861 4874
352	19	245	6	85 168 472 875 1066 1100 1120 1613 1705 1731 1841 2321 2478 2770 2771 3077 3152 3199 3407 3476 3497 3527 3560 3574 3601 3605 4005 4107 4111 4115 4188 4193 4380 4507 4561 4572 4741 4761 4824
355	12	34	6	11 445 459 577 602 611 762 863 870 920 1521 1575 1606 1676 1783 1793 1993 2054 2228 2276 2462 2642 2667 2680 2695 2819 2852 2967 3333 3359 3412 3450 3733 3773 3907 4139 4173 4197 4428 4709 4716
356	22	181	6	51 193 225 442 516 836 997 1074 1118 1128 1270 1297 1328 1329 1366 1408 1436 1455 1775 1785 2378 2549 2665 2805 3034 3280 3286 3311 3404 3495 3519 3645 4123 4586 4776 4821 4882
369	23	176	6	171 267 288 406 510 585 696 712 817 1008 1818 1870 1991 2056 2101 2129 2161 2295 2350 2485 2508 2635 3179 3231 3341 3408 3442 3446 3488 3546 3732 3745 3821 3828 3863 3956 3989 4178 4312 4563 4634 4880 4928 4967 4980
442	33	146	6	15 21 32 294 358 607 777 1046 1550 1558 1600 1654 1802 2384 2579 2603 2701 2835 2856 2866 2949 2964 3039 3373 3439 3883 3985 4003 4009 4324 4464 4491 4609 4754 4796
448	3	218	6	347 386 506 588 1225 1355 1465 1531 1672 1697 1754 1780 2068 2244 2269 2502 2664 2693 3035 3320 3358 3382 3436 3484 3516 3639 3640 3666 3712 3908 4101 4159 4364 4421 4475 4508 4755 4799 4931 4981
462	6	145	6	62 123 148 159 273 405 484 658 664 687 752 868 971 1065 1142 1153 1183 1200 1280 1537 1544 1591 2288 2381 2650 2670 2933 2991 3153 3202 3350 3594 3626 3714 3975 4085 4231 4311 4361 4375 4913 4941
2	10	235	6	10 114 237 389 471 657 751 949 1029 1310 1426 1696 1821 1916 2260 2358 2505 2510 2614 2626 2881 2898 2975 2993 3070 3197 3328 3483 3511 3522 3702 3736 4010 4032 4419 4477 4499 4500 4565 4575 4767 4827
22	13	53	6	66 388 402 507 558 613 660 716 1141 1250 1320 1357 1376 1467 1620 1787 2237 2238 2330 2516 2785 2796 2827 2905 2990 3107 3421 3518 3698 3729 3894 3930 4435 4621 4698 4785 4800 4974 4978
28	20	96	6	283 573 625 699 818 886 990 1012 1039 1179 1428 1769 1858 1949 1971 2019 2092 2249 2257 2316 2324 2483 2727 2845 2936 2939 3630 3659 3816 3961 4358 4411 4837 4912 4964
67	7	232	6	5 450 632 700 803 1061 1163 1287 1413 1483 1515 1522 1964 1986 2448 2461 2482 2634 2790 3178 3213 3232 3317 3414 3710 4110 4567 4617 4668 4685 4771 4843 4852 4854
75	37	155	6	78 87 99 113 560 1124 1187 1259 1353 1519 1562 1784 1899 1914 2118 2131 2153 2164 2271 2326 2340 2416 2632 3001 3060 3071 3419 3850 4161 4301 4332 4497 4506 4642 4649 4735 4951
87	5	248	6	164 203 272 468 548 698 1133 1256 1417 1420 1469 1580 1634 1701 2143 2410 2574 2684 2694 2838 2925 2945 3122 3215 3221 3237 3429 3515 3794 3865 3927 4168 4207 4409 4458 4485 4641 4818 4841
180	4	244	6	224 372 393 473 477 486 522 569 773 953 968 1249 1264 1440 1487 1525 1648 1990 2000 2287 2434 2526 2553 3368 3425 3485 3646 3662 3681 3701 3976 4004 4077 4184 4298 4308 4357 4382 4556 4638 4914 4925
212	40	205	6	143 190 603 787 888 977 1303 1331 1497 1572 1576 1595 1698 1732 1859 2018 2072 2375 2383 2491 2540 3031 3061 3094 3216 3281 3593 3820 3994 4080 4131 4142 4371 4391 4456 4639 4807 4870 4987
269	25	56	6	37 70 289 335 339 383 396 589 609 679 756 964 1150 1273 1504 1820 2207 2235 2236 2272 2289 2459 2490 2781 2989 3057 3073 3624 3642 3727 3905 3922 3923 3924 4018 4205 4268 4531 4806 4873 4895
288	38	194	6	92 243 296 349 404 706 887 889 1232 1243 1655 1695 2095 2342 2370 2473 2573 2662 3065 3109 3127 3301 3489 3491 3492 3520 3557 3564 3588 3664 3693 3846 3873 4322 4363 4373 4548 4647 4695 4740
289	28	229	6	103 227 253 280 436 919 927 1332 1612 1757 1888 1998 2005 2168 2527 2539 2752 2753 2909 2974 2984 3066 3190 3357 3748 3895 4022 4165 4166 4240 4282 4319 4327 4473 4496 4590 4825 4826 4938 4963 4977
290	11	246	6	98 251 364 738 768 786 1258 1308 1363 1458 1662 1894 2181 2282 2346 2406 2436 2568 2628 2641 2823 2961 3025 3159 3234 3774 3790 3841 3866 3872 3891 4246 4281 4294 4495 4601 4643 4730 4872 4943
298	1	157	6	39 84 151 271 382 498 500 550 705 1026 1257 1603 1716 1792 1887 2155 2439 2504 2576 2622 2902 2916 2932 3149 3165 3719 3753 3818 3887 3910 4020 4034 4320 4455 4523 4527 4691 4746 4748 4848
368	26	93	6	17 197 748 819 822 884 984 1014 1234 1506 1602 1797 2050 2154 2182 2243 2302 2503 2517 2559 2612 2934 3069 3248 3254 3486 3671 3680 3786 3904 3971 4026 4187 4204 4288 4321 4536 4795 4839
378	14	195	6	250 291 310 374 416 462 633 784 846 923 965 1213 1318 1415 1598 1679 1853 1965 2097 2140 2250 2464 2520 2773 2850 2880 2918 2938 2981 2999 3332 3334 3463 3676 4191 4517 4615 4635 4644
415	31	131	6	106 230 312 373 412 587 760 1109 1286 1299 1482 1490 1553 1630 1657 1681 1767 1974 2083 2230 2317 2489 2851 3021 3217 3224 3349 3370 3498 3505 3523 3836 3929 4352 4410 4457 4715 4727 4864 4955
453	30	228	6	4 69 586 719 758 862 942 1305 1491 1593 1668 1693 1734 1869 1940 2055 2157 2198 2234 2298 2454 2472 2498 2629 2716 2745 2763 2882 3075 3087 3154 3249 3452 3481 3611 3654 3685 3723 4244 4396 4803
459	39	170	6	49 240 341 420 562 645 848 898 996 1015 1229 1451 1639 1895 1921 1953 2419 2958 3007 3088 3097 3146 3201 3214 3257 3353 3766 3767 3806 3912 4040 4095 4229 4283 4489 4700 4744 4926
483	35	127	6	205 210 467 508 554 694 842 987 1028 1148 1239 1269 1278 1590 1615 1803 1833 1850 1889 1952 1973 2116 2414 2698 2746 2995 3045 3105 3141 3222 3319 3473 3583 3585 3759 3928 3980 4170 4238 4701
499	32	52	6	317 399 634 828 924 960 985 1212 1475 1478 1534 1569 1582 1597 1743 1782 1854 1928 1961 2084 2121 2176 2477 2640 2758 2794 2998 3033 3135 3157 3200 3487 3565 3579 3931 4056 4384 4402 4648 4813
3	21	189	6	90 204 306 321 384 505 1138 1185 1306 1931 2320 2583 2692 2874 2968 3005 3103 3121 3330 3411 3479 3811 3823 3999 4158 4222 4426 4442 4461 4513 4573 4597 4640 4663 4680
8	16	123	6	376 435 451 474 557 735 831 866 969 1726 1811 1891 1968 1985 2033 2124 2421 2451 2600 2907 2919 2951 2994 3186 3403 3422 3568 3612 3713 3752 3770 4347 4706 4763 4808 4905 4939
20	29	151	6	2 73 140 180 325 326 455 579 601 643 933 951 1175 1336 1345 1447 1709 2046 2171 2183 2329 2397 2411 2460 2953 3195 3316 3322 3362 3410 3544 3586 4356 4386 4543 4624 4651 4802 4893
21	9	42	6	117 134 379 381 671 675 676 1397 1466 1510 1643 1730 1749 1830 1922 2215 2335 2366 2404 2797 2860 2891 2894 2906 2944 3062 3081 3093 3188 3235 3378 3453 3528 3848 4313 4469 4681 4789 4988
24	24	203	6	58 220 431 571 962 994 1070 1131 1218 1352 1389 1401 1574 1724 1972 2212 2363 2681 2682 2887 2890 2926 3079 3111 3129 3253 3302 3437 3480 3514 3825 3979 4266 4293 4323 4331 4359 4533
58	8	172	6	63 152 188 353 417 540 635 763 816 861 946 1304 1411 1627 1713 1715 1760 1806 2007 2009 2178 2240 2251 2475 2587 3270 3399 3440 3459 3504 3827 3855 3902 4054 4153 4303 4309 4414
105	34	50	8	122 319 422 561 578 971 993 1034 1202 1238 1341 2002 2204 2422 2764 2815 2924 2927 3019 3042 3090 3148 3195 3231 3232 3718 3723 3940 3952 4100 4132 4225 4298 4326 4489 4552 4666 4868
113	15	75	6	48 218 242 293 626 902 905 954 1101 1407 1454 1545 2045 2079 2136 2307 2360 2387 2474 2544 2581 2847 3014 3156 3207 3252 3278 3354 3367 3720 4028 4092 4114 4450 4606 4618 4812
129	17	216	8	138 189 266 424 591 642 695 747 754 1077 1176 1249 1564 1590 1616 1654 1739 1778 1837 1856 2009 2161 2382 2417 2495 2619 2639 2712 2743 2989 3092 3321 3391 3461 3876 3955 4054 4213 4448 4514 4562
139	27	98	8	11 226 278 365 476 485 517 533 777 1005 1156 1208 1409 1615 1807 1929 1953 2049 2098 2106 2118 2235 2970 3091 3142 3229 3300 3312 3482 3696 3814 3830 3870 4049 4294 4390 4557 4852 4865 4978
144	2	126	8	15 51 128 157 256 328 427 619 1010 1174 1255 1432 1572 1720 1825 1831 2023 2116 2536 2772 2838 2852 3003 3484 3493 3545 3648 3785 4369 4673 4687 4703 4706 4779 4797 4999
186	36	72	8	36 68 270 398 474 566 615 808 1235 1443 1508 1648 1843 1993 2079 2333 2352 2455 2530 2565 2686 2732 2738 2796 2920 2931 3129 3152 3388 3480 3725 3726 3742 3749 3780 3963 4001 4062 4081 4723 4770
190	18	136	8	59 209 296 511 699 778 871 915 920 927 989 1313 1421 1497 1631 1915 1982 2125 2221 2253 2640 2692 2855 2880 3068 3166 3188 3411 3568 3789 3800 3822 4098 4435 4581 4892 4897 4942 4994
219	19	8	8	503 707 809 844 881 913 1226 1324 1330 1334 1511 1619 1637 1696 1706 1918 2020 2155 2203 2342 2412 2437 2501 2651 2754 2791 2857 2921 3014 3071 3381 3503 3650 3736 3845 4019 4292 4836 4917
236	12	28	8	48 284 547 660 706 1128 1162 1165 1652 1738 1813 1838 2081 2205 2282 2368 2399 2578 2667 2725 2784 2930 3031 3244 3679 3777 3813 3979 4029 4076 4241 4290 4352 4503 4713 4846 4860 4956
246	22	3	8	22 143 479 491 559 600 837 932 982 1431 1690 1892 1940 1974 1994 2063 2358 2465 2642 2839 2873 2878 2917 3281 3323 3393 3398 3401 3462 3581 4115 4301 4437 4559 4887 4919 4951 4985
264	23	101	8	16 43 174 261 287 307 387 570 610 715 753 975 1002 1029 1037 1488 1531 1547 1614 1705 1754 1893 1935 1965 2418 2588 2670 2826 2877 3173 3302 3337 3459 3537 3687 3912 3921 4124 4347 4535 4921
268	33	165	8	28 67 192 337 397 722 781 807 1064 1252 1260 1370 1436 1596 1653 1694 2016 2064 2284 2413 2647 2781 2859 2953 3035 3044 3111 3151 3472 3635 3864 3942 4002 4198 4303 4517 4645 4655 4901
277	3	76	8	259 279 623 644 806 856 1018 1177 1190 1229 1388 1745 1945 2027 2039 2199 2469 2959 3034 3117 3205 3363 3499 3561 3582 3599 3653 4080 4152 4160 4190 4425 4426 4459 4522 4737 4792 4825
279	6	134	8	60 204 386 442 666 716 725 726 790 978 1081 1876 2032 2035 2115 2212 2749 2750 2960 3048 3409 3416 3695 3757 3758 3768 3842 3854 3988 4168 4466 4487 4690 4858 4931 4998
280	10	102	8	52 61 191 221 408 429 553 958 965 1062 1108 1181 1494 1504 1570 1573 1779 1833 1983 1987 2191 2581 2755 2841 3046 3065 3261 3427 3578 3727 3728 4022 4177 4212 4223 4483 4620 4632
281	13	96	8	7 25 182 343 419 472 889 2130 2379 2384 2504 2618 2683 2804 2840 3094 3100 3180 3372 3717 3761 3807 3902 4036 4045 4055 4167 4176 4210 4258 4512 4540 4734 4841 4996
321	20	13	8	57 183 299 300 443 704 797 882 936 1082 1442 1498 1529 1533 1758 1829 2058 2080 2126 2193 2300 2434 3155 3200 3366 3419 3638 3683 3693 3699 3731 3743 3879 3893 3936 4096 4104 4141 4807 4822 4842
328	7	59	8	66 187 289 330 364 379 423 574 1161 1519 1751 1761 1839 2148 2534 2803 2870 2947 3012 3428 3505 3532 3577 3601 3721 3907 4035 4233 4433 4566 4630 4710 4886 4896 4955 4979
372	37	132	8	577 598 826 922 942 1001 1025 1155 1219 1222 1525 1665 1674 1806 1943 1954 2111 2258 2343 2603 2679 2766 2831 3006 3219 3871 4108 4255 4337 4389 4431 4649 4699 4732 4768 4883
416	5	205	8	35 294 356 492 681 774 841 854 1137 1308 1323 1337 1369 1600 1859 1922 1933 1988 2036 2644 2672 2771 2850 3063 3121 3422 3585 3592 3667 3827 3926 4007 4088 4281 4325 4733
433	4	36	8	10 40 50 234 495 724 757 1114 1280 1392 1400 1447 1561 1567 1579 1784 1832 1883 2029 2094 2124 2479 2783 2983 3143 3245 3423 3533 3652 3737 3805 3982 4075 4093 4412 4478 4697 4724
441	40	113	8	63 375 506 537 824 836 912 960 1043 1134 1217 1438 1645 1646 1710 1941 2051 2057 2720 2888 2910 3127 3272 3392 3651 3689 3720 3756 3949 3956 4110 4256 4387 4454 4736 4788 4859 4967
451	34	8	10	228 542 761 763 825 868 881 1077 1260 1495 1555 1948 1996 2170 2257 2578 2629 2695 2897 2956 3213 3303 3541 3746 3796 3866 4108 4119 4337 4429 4503 4579 4608 4704 4731 4995
480	25	86	8	21 41 631 655 663 895 1022 1122 1342 1650 1721 1724 1804 1932 2109 2301 2776 2952 2990 3243 3255 3602 3606 3688 3767 3788 3935 4078 4125 4413 4592 4800 4893 4936
491	38	176	8	180 206 520 717 814 823 833 1078 1147 1245 1273 1364 1677 1717 1723 1802 1812 1963 2158 2637 2650 2957 3112 3371 3490 3584 3676 3716 3738 3874 3895 3947 4114 4226 4310 4319 4588 4590 4662 4906
30	28	204	8	30 34 238 411 415 572 616 714 749 834 983 1214 1366 1517 1707 1855 1878 2183 2210 2233 2523 2631 2770 2979 2999 3017 3051 3110 3198 3257 3328 3408 3497 3542 3675 3760 4192 4275 4446 4521 4749
36	11	111	8	390 1129 1140 1261 1708 2001 2017 2151 2215 2225 2270 2336 2361 2515 2576 2705 2737 2823 2911 2977 3178 3207 3296 3322 3341 3566 3572 3658 4044 4148 4178 4201 4278 4331 4335 4438 4614 4790 4870
53	1	214	8	81 634 693 838 949 995 1257 1423 1426 1563 1736 1740 1755 1770 1880 1903 2266 2295 2426 2814 2908 3032 3464 3475 3531 3707 3772 3835 3862 3906 4245 4254 4341 4553 4684 4744 4913 4924
56	26	110	8	12 96 222 302 416 448 805 828 946 1289 1403 1526 1689 1728 1731 1766 1928 2366 2410 2472 2480 2531 2793 2925 3226 3535 3560 3616 3663 3752 4106 4184 4349 4355 4527 4646 4851 4863
93	14	160	8	306 426 603 905 1049 1207 1350 1397 1451 1659 1756 1757 1776 1801 1914 2164 2241 2481 2756 2799 2851 2886 2905 2972 3359 3448 3553 3619 3715 3824 3882 4094 4095 4200 4237 4307 4344 4526 4623
122	31	247	8	108 161 332 718 739 767 794 997 1321 1551 1788 1913 1942 1946 2031 2296 2428 2526 2919 3008 3049 3460 3487 3506 3593 3898 3903 3981 4119 4214 4635 4670 4743 4834 4871 4908 4959 4997
152	30	52	8	148 252 367 421 463 514 545 554 678 938 1045 1240 1468 1477 1478 1506 1618 1655 1911 1977 2025 2154 2178 2376 2648 2752 3081 3348 3361 3538 3733 3763 4012 4203 4234 4251 4279 4365 4501 4707 4816 4912
156	39	103	8	33 98 230 263 351 661 680 830 857 1060 1063 1079 1085 1103 1419 1601 1651 1995 2297 2443 2616 2676 2699 2794 2906 3541 3706 3834 4414 4457 4539 4694 4721 4728 4905 4976
206	17	59	10	187 329 469 574 635 841 849 886 924 938 950 951 1441 1476 1492 1533 1740 1750 1985 2199 2245 2503 2708 2726 3013 3089 3268 3434 3664 3698 3912 3944 4351 4508 4628 4862
217	35	49	8	146 301 437 465 640 973 1008 1180 1275 1339 1536 1644 1727 2022 2092 2142 2365 2398 2641 2745 2985 2996 3167 3172 3269 3374 3402 3474 3502 3575 3654 3837 3844 3918 3984 4146 4197 4380 4570 4616 4704
227	32	77	8	117 353 528 701 748 1009 1058 1172 1210 1352 1683 1824 1938 2119 2254 2269 2313 2387 2392 2539 2782 2809 2835 2871 2973 3069 3138 3278 3520 3570 3673 3764 3916 3965 4032 4113 4418 4762 4773 4847
237	21	122	8	170 177 240 245 414 420 436 688 779 924 1083 1099 1115 1135 1230 1269 1325 1667 2008 2735 2900 3135 3171 3518 3766 3917 3990 4042 4181 4242 4262 4329 4404 4589 4775
265	16	230	8	73 227 283 339 630 852 992 1104 1216 1270 1304 1329 1353 1513 1626 1715 1730 1763 1873 1919 2000 2322 2626 2958 3037 3126 3141 3403 3595 3905 4059 4150 4163 4183 4263 4379 4677
299	29	56	8	213 590 673 795 862 1285 1371 1412 1452 1516 1662 2071 2110 2113 2202 2207 2268 2558 2748 2887 3033 3177 3457 3563 3608 3623 3811 3850 3881 3972 4038 4170 4477 4700 4701 4837
303	9	40	8	56 210 217 281 464 765 1192 1425 1524 1537 1679 1753 1789 1817 1948 2139 2397 2623 2652 2762 2922 2928 3182 3196 3222 3228 3260 3417 3440 3666 3750 3992 4260 4415 4471 4787 4930 4982
318	24	25	8	126 236 257 264 298 452 587 593 740 802 847 1206 1224 1505 1528 1585 1639 1695 1853 1861 1904 2133 2231 2522 3139 3396 3636 3900 4030 4474 4621 4657 4780 4817 4920
323	8	227	8	196 543 606 691 732 734 1011 1123 1492 1634 2038 2085 2197 2312 2326 2452 2453 2592 2633 2655 2802 3118 3233 3256 3444 3603 3928 3931 4247 4476 4528 4554 4609
345	15	65	8	229 342 369 796 851 865 878 940 1087 1088 1112 1282 1331 1379 1604 1735 2012 2446 2550 2653 3130 3179 3240 3351 3406 3661 3719 3754 3793 3959 4005 4267 4563 4576 4578 4628 4742 4752 4763 4971
367	27	115	10	29 75 359 421 724 765 819 880 988 1097 1140 1156 1263 1337 1391 1469 1499 1607 1627 1690 1737 1877 2011 2045 2088 2120 2610 2941 3452 3934 3956 3992 4033 4183 4395 4537 4803 4852 4875 4925
375	2	145	10	27 69 70 141 208 311 467 856 984 1057 1945 1997 2094 2106 2156 2292 2391 2593 2701 2707 2929 2933 3184 3210 3477 3799 3904 4072 4094 4164 4175 4188 4367 4422 4480 4599 4678 4854
406	36	166	10	391 512 730 781 854 870 1060 1119 1195 1216 1265 1588 1613 1680 1772 1952 1972 2226 2372 2512 2625 2769 2889 3010 3075 3228 3383 3386 3395 3485 3592 3672 4091 4180 4394 4430 4464 4749
431	18	27	10	63 162 167 324 439 556 682 842 918 1133 1174 1201 1203 1326 1378 1462 1486 1767 1814 1890 2047 2286 2289 2476 2883 3088 3113 3347 3370 3615 3970 4141 4205 4245 4327 4363 4441 4739 4838
435	19	38	10	21 168 660 665 770 858 940 1354 1382 1845 1990 2028 2031 2131 2147 2229 2283 2389 2577 2748 2825 2847 2937 3158 3279 3607 3644 3710 3743 3752 3917 3954 4115 4162 4179 4284 4354 4468 4562 4754 4760
484	12	49	10	490 598 702 1231 1512 1554 1636 1830 2190 2209 2364 2630 2870 2917 2925 3048 3084 3123 3198 3292 3380 3662 3717 3797 3897 3967 4003 4149 4169 4296 4459 4467 4469 4607 4618 4621 4758 4876
9	22	168	10	251 386 669 928 991 1027 1124 1164 1226 1513 1711 2017 2184 2376 2533 2575 2645 2660 2777 2796 2829 2918 3063 3173 3209 3753 3854 3955 3962 3991 4054 4085 4232 4412 4428 4446 4751 4961
23	23	29	10	139 183 199 323 788 894 921 1031 1243 1489 1505 1518 1587 1591 1764 1803 1860 1974 2185 2363 2554 2623 2723 2775 2801 2872 2939 3036 3199 3561 3775 3877 4273 4386 4432 4496 4638 4820 4899
34	33	128	10	152 375 470 670 710 908 1151 1321 1431 1691 1878 1886 1926 2136 2602 2652 2923 2977 3111 3215 3432 3433 3508 3540 3703 3804 3935 4100 4260 4332 4391 4454 4479 4498 4517 4814 4853 4964
42	3	53	10	94 546 614 659 696 755 996 1168 1293 1320 1534 1699 1854 1933 2123 2307 2319 2579 2588 2648 2788 2863 2892 3039 3203 3346 3351 3621 3633 3830 3867 4006 4034 4113 4224 4570 4912
52	6	9	10	106 235 338 347 631 1117 1189 1232 1340 1364 1443 1477 1549 1556 1581 1805 1822 2206 2350 2398 2598 2622 2671 3053 3079 3314 3675 3682 3889 3932 4172 4499 4726 4982
91	10	216	10	190 193 414 423 987 1223 1229 1368 1523 1526 1543 1951 1975 2214 2218 2267 2317 2383 2473 3035 3083 3144 3147 3321 3355 4010 4024 4362 4425 4451 4460 4493 4670 4745 4795 4829
102	13	214	10	166 231 392 496 748 953 1166 1262 1630 1667 1950 1959 2230 2381 2468 2595 2694 2808 2912 3049 3091 3127 3187 3256 3334 3417 3496 3652 3654 3933 3945 3964 4087 4474 4539 4680 4972
107	20	141	10	179 260 345 629 651 692 790 799 1002 1014 1175 1205 1247 1405 1548 1609 1848 1958 2061 2075 2152 2525 2647 2696 2763 3054 3174 3327 3504 3562 3640 3694 3840 4014 4065 4340 4510 4756 4769 4896 4958
125	7	208	10	197 401 502 615 754 786 809 812 919 945 1171 1215 1517 1530 1535 1781 2026 2066 2177 2332 2417 2517 2899 2997 3250 3552 3625 3630 3886 4016 4030 4098 4104 4400 4414 4444 4614 4673 4843 4908
134	37	109	10	129 215 328 344 365 372 495 1170 1302 1395 1401 1459 1766 1836 1855 1981 2128 2236 2423 2540 2606 2672 2720 3031 3097 3266 3289 3335 3431 3580 3685 3733 3764 3813 3989 4606 4942
143	5	236	10	45 58 333 580 628 811 935 954 1234 1425 1496 1942 1994 2005 2385 2841 2938 2949 2951 2996 3061 3096 3473 3569 3587 3825 3990 4199 4243 4247 4295 4349 4448 4466 4601 4828
148	4	249	10	142 244 388 399 413 461 713 742 784 850 864 1238 1421 1536 1863 2021 2070 2329 2386 2632 2785 3008 3218 3238 3350 3439 3543 3784 3881 3894 4138 4163 4374 4421 4551 4668 4686 4789
162	40	199	10	53 242 429 569 704 898 1037 1290 1294 1372 1604 1669 2001 2328 2730 2744 2860 3243 3308 3446 3486 3493 3527 3560 3901 3986 4192 4213 4542 4591 4691
171	25	114	10	85 93 407 808 836 1024 1147 1160 1279 1319 1656 1934 2059 2151 2481 2495 2782 2784 2859 2902 3095 3107 3302 3468 3739 3812 4004 4011 4018 4089 4308 4309 4344 4550 4586
188	38	175	10	80 213 410 578 768 793 913 1111 1142 1460 1689 1791 1834 1894 2009 2097 2121 2429 2438 2529 2621 3149 3391 3492 3507 3629 3656 3712 3768 3842 3898 3984 4137 4209 4292 4902
194	28	243	10	33 147 156 1035 1047 1301 1318 1648 1747 2194 2261 2298 2384 2396 2450 2849 2898 3313 3342 3360 3559 3665 3831 4074 4187 4289 4475 4554 4616 4643 4721 4799
210	11	65	10	169 334 383 418 609 893 941 1269 1352 1379 1612 1815 1861 1867 1904 2220 2290 2310 2685 2729 2819 2989 3194 3488 3545 3737 3769 3771 3939 4190 4434 4447 4625 4658 4752 4788 4887
221	1	241	10	508 545 637 700 815 1013 1114 1180 1358 1552 1605 1724 1947 1961 1987 2025 2239 2275 2373 2430 2500 2590 2940 3006 3020 3234 3524 3679 4032 4202 4207 4280 4613 4622 4796 4812
222	26	95	10	9 31 88 92 125 217 282 517 728 745 1080 1335 1398 1646 1763 1835 2691 3030 3050 3070 3282 3293 3336 3474 3519 3704 3761 3960 4171 4272 4282 4298 4372 4396 4842 4909
273	14	62	10	98 107 118 163 274 276 279 369 434 606 639 903 907 1116 1144 1284 1343 1479 2111 2134 2241 2437 2456 2530 2609 2846 3103 3500 3730 3744 3806 3845 4102 4221 4286 4343 4389 4561
275	31	220	10	37 130 161 178 297 435 445 468 507 522 769 830 1085 1149 1278 1291 1434 1567 1664 1722 2107 2366 2461 2535 2618 2739 2905 2920 2971 3193 3274 3297 3554 3701 3783 3803 4052 4219 4528 4833
310	30	240	10	176 191 457 487 493 694 750 929 978 1000 1017 1317 1451 1640 1770 1798 1957 2093 2658 2787 2806 2838 2856 3015 3022 3206 3359 3731 3732 4099 4134 4779 4813 4866
317	39	46	10	137 153 222 623 749 828 912 1007 1046 1090 1687 1868 1925 1993 2405 2485 2550 2566 2626 2780 2798 2865 2931 3566 3568 3699 3759 3760 4216 4458 4844 4919 4927 4950
329	35	12	10	32 259 504 583 654 875 917 966 1125 1208 1259 1274 1413 1439 1634 1759 1852 1900 1922 2003 2077 2096 2196 2280 2345 2584 2656 2684 3371 3603 3811 3882 3888 4051 4544 4846 4863 4922 4933
337	32	201	10	131 283 389 448 548 735 901 1309 1521 1586 1625 2046 2122 2171 2189 2202 2321 2344 2348 2581 2649 2655 2705 2998 3131 3278 3337 3353 3499 3637 3919 4026 4166 4197 4627 4747 4782 4938
342	21	47	10	114 126 149 174 304 440 633 789 930 1040 1255 1424 1429 1452 1707 1741 1864 2250 2582 2594 2608 2826 2972 3017 3276 3375 3591 3627 3707 3957 4028 4346 4398 4595 4602 4615 4633 4775 4873 4897
350	16	11	10	43 78 101 186 621 890 1367 1384 1404 1417 1501 1621 1685 1884 1916 1919 2024 2032 2237 2359 2399 2474 2586 2640 3027 3329 3655 3692 3918 3950 4017 4046 4109 4195 4249 4287 4832
358	29	94	10	164 295 355 377 818 855 944 1176 1276 1597 1643 1649 1688 1749 1780 1792 1809 1883 1906 1963 2076 2395 2465 2521 2834 2895 3101 3288 3366 3385 3470 3585 4462 4541 4592 4884
370	9	90	10	3 7 52 127 463 483 530 662 732 757 759 1056 1123 1466 1566 1708 1713 1819 1910 1921 2082 2357 2431 2544 2704 2764 3021 3349 3381 3680 3920 4329 4426 4488 4635 4764 4804 4983
393	24	89	10	62 247 354 475 564 566 771 899 1268 1314 1402 1601 1733 1753 1927 2103 2160 2197 2252 2285 2715 2779 3183 3257 3285 3316 3441 3523 3632 3908 3972 4031 4152 4252 4660 4911 4990
397	8	161	10	248 255 403 432 450 720 862 998 1033 1038 1256 1271 1626 1672 1768 1777 1851 2078 2105 2258 2433 2515 2908 2980 3046 3109 3280 3558 4133 4211 4314 4318 4345 4355 4437 4632 4840 4952
450	15	153	10	71 76 189 363 378 462 513 565 581 782 1082 1094 1211 1557 1913 2135 2483 2567 2603 2688 2709 2743 2967 3356 3415 3435 3462 3546 3689 3770 3821 3870 3879 4402 4672 4703 4709 4725 4953
461	34	239	12	71 73 329 359 456 552 640 846 871 1113 1346 1480 1835 1918 2081 2146 2160 2264 2552 2577 2639 2761 2857 2984 3005 3041 3287 3367 3390 3535 3716 3928 3936 4052 4135 4151 4354 4567 4715 4907
477	17	60	12	38 81 105 265 572 585 668 755 866 967 1117 1742 1978 2033 2356 2404 2486 2729 2806 2968 2986 2999 3004 3047 3175 3183 3538 3548 3578 3581 3612 3877 4034 4408 4412 4440 4775 4801
479	27	29	12	246 281 282 426 459 650 720 962 964 1300 1369 1838 1890 1898 2204 2649 2819 2934 3043 3140 3164 3240 3378 3387 3576 3670 3842 4286 4300 4374 4556 4643 4780 4783 4846 4958
50	2	66	12	188 377 505 529 575 681 721 847 910 972 1005 1011 1023 1118 1124 1455 1484 1618 1627 1651 1893 2050 2188 2287 2416 2610 2715 2719 2808 2867 2941 3224 3244 3489 3543 3761 4122 4405
74	36	35	12	134 547 821 1017 1161 1241 1381 1757 1775 1920 1967 2074 2151 2427 2454 2553 2572 2843 2969 3032 3077 3119 3177 3674 3692 3893 3924 4189 4238 4337 4376 4501 4538 4729 4995
100	18	71	12	90 288 342 378 497 727 822 845 850 932 1027 1035 1262 1475 1637 1708 2002 2226 2383 2391 2548 2710 2834 2873 2975 3105 3167 3306 3839 4229 4318 4425 4593 4655 4663 4840 4843 4890
106	19	38	12	4 46 119 221 362 460 760 919 1453 1512 1556 1842 1949 1960 2304 2340 2701 2866 2909 3128 3150 3233 3451 3571 3579 3595 3623 3768 3926 3935 4037 4046 4244 4309 4313 4389 4505
112	12	30	12	131 166 219 223 537 566 626 712 879 1355 1374 1439 1510 1539 1754 1795 1808 2117 2196 2305 2604 2669 2676 2708 2800 2844 3023 3195 3438 3585 3743 4248 4340 4383 4626 4999
128	22	151	12	324 467 578 659 685 739 753 807 1002 1050 1320 1383 1440 1441 2108 2216 2392 2477 2491 2555 2597 2598 2772 2910 3170 3405 3437 3497 3696 3736 3786 3899 3982 4101 4614 4669 4754 4881 4985
213	23	134	12	388 521 523 722 763 792 890 1063 1238 1391 1567 1772 1881 1997 2102 2137 2241 2492 2675 2876 2892 3369 3423 3472 3570 3572 3586 3671 3722 3977 3997 4107 4332 4378 4485 4702 4716
283	33	37	12	194 334 371 414 442 476 611 675 781 789 1059 1810 1840 2249 2250 2265 2270 2271 2349 2731 2744 2837 2875 3036 3091 3139 3207 3633 3708 3817 3862 3878 3884 4236 4491 4499 4628 4993
324	3	213	12	19 477 762 921 1116 1170 1276 1318 1434 1584 1607 1726 1976 1992 2015 2465 2700 2711 2824 2893 3136 3219 3241 3346 3600 3605 3669 3672 4077 4140 4147 4287 4413 4667 4787 4882 4920
332	6	188	12	44 58 104 135 343 417 491 576 732 803 950 1018 2004 2014 2080 2107 2121 2299 2608 2617 2623 2645 3325 3406 3432 3668 3709 3728 3983 4071 4130 4224 4397 4416 4436 4439 4771 4987
336	10	105	12	17 37 287 427 489 561 744 1122 1508 1561 1823 1906 2159 2400 2449 2627 2957 3001 3056 3122 3252 3534 3564 3826 3941 3961 4081 4187 4233 4264 4513 4621 4763 4891 4965 4981
341	13	206	12	887 905 1195 1470 1538 1878 1888 1940 2100 2320 2348 2419 2672 2697 2792 2895 2988 3028 3065 3099 3169 3271 3295 3345 3396 3479 3693 3756 3794 3798 3946 4009 4212 4225 4419 4500 4591 4731
343	20	45	12	31 149 313 349 374 717 766 791 957 1310 1459 1487 1494 1656 1796 1865 1882 2094 2301 2343 2364 2372 2571 2705 2828 3108 3181 3268 3289 3382 3510 3815 3852 4119 4204 4393 4561 4642 4784
344	7	72	12	91 244 405 958 1185 1461 1521 1546 1896 1944 2166 2217 2237 2251 2456 2502 2535 2696 2736 2757 2889 3526 3550 3609 3613 3695 3808 3874 3930 4020 4156 4208 4375 4415 4562 4608 4777 4940
351	37	210	12	33 79 85 118 229 248 404 538 595 672 826 1032 1472 1586 1797 1825 1956 2000 2096 2195 2263 2470 2561 2573 2886 2917 3045 3130 3296 3557 4019 4093 4427 4484 4583 4795
366	34	37	14	197 854 1071 1082 1148 1215 1379 1397 1401 1418 1638 1923 2028 2182 2274 2501 2726 3132 3295 3418 3537 3597 3648 3663 3677 3943 3968 4054 4090 4100 4270 4374 4484 4646 4677 4759 4890
374	5	47	12	344 387 608 851 992 1072 1292 1732 1781 1826 1870 2088 2098 2128 2422 2807 2904 3072 3304 3434 3667 3850 3958 3974 4058 4144 4291 4317 4387 4468 4580 4607 4837 4945
376	4	67	12	205 224 232 245 356 447 581 1013 1187 1214 1590 1748 1908 2001 2105 2302 2366 2367 2396 2461 2498 2530 2605 2644 3191 3197 3247 3310 3558 4013 4025 4293 4360 4371 4455 4479 4555 4631 4939
447	40	40	12	18 72 494 638 772 1021 1060 1141 1190 1200 1287 1540 1542 1610 1768 2024 2167 2206 2260 2440 2468 2545 2773 2798 2947 3174 3401 3766 3793 3833 3991 4268 4399 4458 4764 4815 4976
467	25	138	12	171 236 290 350 690 734 896 953 1091 1171 1237 1253 1363 1573 1594 1597 1851 1957 2020 2141 2227 2565 2810 2880 2928 3011 3789 3909 4028 4064 4070 4073 4124 4249 4307 4352 4361
469	38	2	12	28 66 160 162 478 662 761 801 918 970 979 1096 1110 1231 1657 1664 1720 2062 2145 2197 2208 2531 2768 3263 3266 3326 3513 3560 3774 4014 4039 4173 4324 4355 4373 4490 4744 4935
482	28	63	12	559 594 618 641 676 757 758 1206 1223 1228 1373 1703 1764 1844 1864 1901 1959 1980 2132 2174 2368 2407 2592 2663 2671 2779 3449 3702 3814 4638 4651 4658 4678 4688 4926 4932 4962 4986
493	17	63	14	153 208 231 285 455 567 723 737 883 1077 1097 1161 1468 1559 1581 1669 1842 1867 2138 2481 2566 2631 2855 2978 3003 3078 3720 3874 4161 4342 4589 4634 4832 4877 4936
1	11	162	12	12 61 64 208 318 508 510 777 903 1089 1216 1354 1499 1580 1588 1685 2496 2584 2590 3225 3747 3867 4094 4321 4328 4386 4553 4657 4664 4772 4861 4918
13	1	146	12	99 133 139 770 870 1073 1109 1201 1250 1361 1550 1568 1932 1939 1977 2185 2246 2333 2373 2413 2589 3073 3111 3495 3618 3639 3721 3919 3947 4004 4157 4410 4791
31	26	200	12	43 276 323 466 514 522 915 1384 1424 1426 1482 1602 2023 2038 2095 2378 2510 2815 2882 2978 3145 3276 3279 3733 3763 4311 4334 4532 4625 4654 4867 4933 4956
47	14	79	12	100 273 432 488 1092 1097 1477 1599 1712 1903 1969 2043 2311 2395 2619 2673 2698 2964 3124 3206 3220 3270 3273 4075 4219 4285 4452 4529 4662 4683 4883 4952 4991
73	31	33	12	270 351 580 1422 1481 1577 1583 1697 1745 1834 2049 2247 2313 2569 2801 2884 3227 3395 3411 3530 3555 3632 3657 3751 3830 3843 4155 4166 4370 4384 4402 4792 4798 4937 4948
77	30	61	12	54 97 159 173 354 509 546 558 1067 1142 1213 1526 1769 1857 1879 1925 2219 2347 2390 2420 2457 2662 2813 2913 3248 3365 3440 3661 3795 3807 4049 4105 4161 4477 4542 4564 4990
79	27	162	14	656 672 826 936 943 1293 1389 1592 1731 1746 1891 1950 2126 2252 2256 2300 2385 2641 2763 2968 2995 3192 3785 3796 3980 4027 4059 4099 4206 4291 4569 4721 4842 4909
119	39	41	12	34 123 143 158 172 210 428 646 691 819 1015 1090 1222 1230 1236 1339 1515 1674 1931 2361 2587 2940 2991 3049 3180 3293 3602 3679 3734 3800 3875 4041 4162 4250 4453 4648
131	35	80	12	23 146 198 291 327 346 397 451 796 1150 1157 1682 1711 1721 1809 1845 2306 2359 2371 2532 2723 2781 2916 3042 3358 3473 3750 3781 4084 4136 4301 4353 4575 4745 4778 4969
140	32	179	12	45 331 695 810 863 1003 1130 1245 1378 1557 1667 1815 1899 1907 2026 2119 2149 2200 2312 2323 2355 2415 2626 2689 2784 2845 3132 3135 3160 3185 3347 3465 3598 3838 3967 4719 4884
145	21	183	12	168 605 684 785 886 916 982 1153 1199 1239 1274 1485 1522 1563 2106 2201 2444 2448 2563 2853 3060 3067 3086 3141 3551 3594 4207 4589 4762 4781 4794 4988
147	2	80	14	18 60 165 446 588 915 1470 1551 2177 2268 2282 2797 2811 2946 2956 2982 3010 3079 3199 3319 3483 3523 3611 3683 3740 3881 3919 4216 4302 4588 4810 4830 4845 4856
170	16	21	12	48 560 604 692 705 834 906 1198 1293 1376 1570 1624 1633 1811 2376 2446 2637 2646 2749 2881 2961 2973 3297 3402 3453 3652 3985 4027 4359 4487 4548 4579 4656 4799 4826 4877
175	29	149	12	50 77 138 264 438 627 688 775 881 1322 1403 1493 1600 1872 2211 2213 2228 2472 2601 2777 2953 3088 3309 3474 3477 3831 3882 4031 4059 4179 4257 4903
193	9	74	12	333 337 840 1001 1026 1272 1283 1418 1437 1465 1503 1541 1963 1970 2041 2129 2233 2325 2397 2403 2409 2494 2658 3210 3820 4008 4015 4033 4172 4266 4489 4519 4740 4910 4934
202	36	66	14	137 144 286 380 409 457 623 893 1052 1055 1159 1741 1964 2940 3011 3133 3412 3629 3667 3791 3805 4088 4153 4289 4395 4545 4570 4592 4639 4687 4706 4719 4808 4828 4892 4918
235	24	186	12	286 326 524 776 816 891 1204 1258 1295 1344 1632 1702 1831 2406 2508 2534 2666 2879 2946 3082 3093 3209 3265 3285 3360 3399 3431 3509 3566 3711 3825 4348 4508 4671 4970
252	8	234	12	212 216 240 411 551 600 679 943 1030 1592 1662 1692 1739 1909 1971 2029 2351 2405 2746 2894 2897 3363 3425 3445 3488 3740 3785 4261 4331 4422 4541 4807 4822 4845 4873 4874 4924 4971
259	15	125	12	69 163 393 710 832 1084 1255 1263 1315 1483 1677 1700 2034 2254 2322 2330 2551 2841 2980 3184 3344 3461 3478 3694 3942 4001 4152 4271 4336 4368 4377 4418 4451 4875 4902
267	18	55	14	307 669 697 904 987 1032 1331 1358 1440 1485 1540 1685 1799 2020 2127 2239 2264 2296 2338 2648 2893 3032 3095 3643 3780 3826 3911 3922 4001 4039 4360 4767 4871
291	19	192	14	44 129 140 366 373 453 494 551 653 677 1000 1219 1367 1400 1421 1544 1635 1721 1820 1974 2088 2146 2152 2561 2619 2701 2715 2727 2815 2816 3000 3050 3114 3673 3755 3808 4553 4580
306	12	246	14	167 506 570 621 694 771 797 961 990 1057 1065 1080 1275 1381 1579 1612 1701 2119 2135 2184 2343 2514 2535 2775 3009 3048 3092 3196 3311 3318 3356 3569 3864 4344 4555 4821
309	22	100	14	274 308 310 313 487 746 867 901 929 957 964 986 1081 1193 1255 1316 1609 1711 1983 2616 2659 2821 2914 3123 3138 3211 3461 3910 4044 4126 4128 4143 4208 4274 4452
327	23	135	14	79 236 304 458 1030 1100 1167 1261 1318 1600 1725 1870 2085 2130 2344 2457 2680 2912 3055 3090 3104 3158 3175 3340 3390 3457 3753 3966 4008 4035 4388 4645 4682 4696 4801
405	33	226	14	13 118 120 186 358 527 630 701 799 800 859 927 1093 1178 1206 1619 2018 2183 2225 2266 2425 2446 2700 2955 3037 3080 3201 3398 3739 3772 4201 4509 4732 4895 4964
425	3	212	14	47 184 303 581 842 847 1120 1157 1394 1433 1653 1757 1880 1929 2173 2494 2538 2615 2690 2731 2746 3290 3360 3388 3703 3838 3885 4108 4118 4127 4222 4293 4560 4615 4714
426	6	45	14	101 355 432 456 512 525 568 780 789 979 1402 1543 1800 1864 1906 1980 2098 2284 2356 2369 2400 2470 2563 3062 3266 3321 3613 3745 3918 3924 3940 4179 4258 4322 4376 4640 4884 4898
427	10	124	14	269 555 687 742 951 1014 1035 1130 1228 1231 1273 1613 1726 1819 1934 2318 2469 2492 2542 2652 2661 2885 3030 3118 3293 3324 3938 4018 4026 4350 4387 4496 4636 4698 4733 4829
454	13	230	14	188 566 727 848 869 872 1047 1069 1173 1382 1388 1406 1565 1978 2011 2069 2389 2448 2922 3096 3190 3194 3381 3614 3786 3872 3899 4282 4338 4470 4548 4566 4584 4594 4641
471	20	148	14	185 225 284 387 515 1160 1182 1372 1405 1530 1788 1851 1894 1911 1941 2010 2033 2179 2765 2903 2924 3332 3444 3453 3564 3758 3773 3800 3837 3889 3942 4165 4422 4514 4598
475	7	191	14	77 105 181 331 356 894 930 965 1129 1151 1164 1292 1313 1326 1639 1719 2044 2100 2402 2943 3193 3205 3303 3320 3345 3518 3609 3799 3976 4405 4427 4637 4747 4783 4814
5	37	149	14	10 444 665 866 916 1074 1107 1188 1654 1848 1857 1871 1984 2066 2123 2465 2519 2524 2650 2841 3097 3343 3365 3400 3465 3508 3591 3841 3892 4033 4083 4253 4334 4695 4712 4736 4962
17	5	123	14	96 133 203 295 365 449 540 604 977 1039 1335 1341 1457 1566 1693 1771 2074 2075 2112 2392 2508 2599 3018 3443 3536 3552 3728 3776 3814 3871 3973 3982 4267 4325 4435 4515 4708 4993
26	4	133	14	392 423 557 735 1068 1134 1146 1208 1338 1535 1663 1910 1946 2166 2488 2555 2646 2686 3292 3382 3405 3519 3539 3788 3810 3845 3977 4149 4491 4516 4664 4681 4750 4945
41	40	180	14	224 324 460 495 617 926 1337 1584 1633 1666 1706 1723 1900 2065 2325 2442 2562 2925 2929 2939 2979 3071 3136 3162 3631 3731 3801 3857 4175 4196 4317 4421 4854
49	25	172	14	82 514 628 707 712 1175 1251 1445 1994 2092 2178 2339 2467 2496 2607 2965 3084 3086 3140 3182 3327 3376 3414 3416 3464 3787 4113 4140 4385 4492 4502 4683 4711 4723
98	38	215	14	168 370 853 963 1040 1365 1404 1484 1617 1744 1796 1952 1955 1975 2031 2042 2218 2471 2499 2525 2527 2532 2630 2728 3073 3164 3166 3177 3428 3541 3711 3794 4006 4507 4730 4735 4774 4989
150	28	78	14	257 336 499 619 1075 1187 1248 1265 1380 1393 1682 1765 1862 1874 2015 2253 2412 2692 2739 2742 2960 3059 3088 3098 3409 3653 3654 3979 4159 4162 4250 4343 4444 4807 4880
159	11	44	14	6 302 330 532 565 575 708 709 741 781 831 907 995 1362 1432 1524 1745 2185 2224 2423 2669 2718 2779 2935 3265 3307 3387 3521 3565 3851 3996 4060 4261 4371
164	1	242	14	93 117 249 703 891 1024 1098 1616 1623 1790 2142 2614 2625 2636 2741 2923 2997 3007 3124 3151 3282 3492 3749 3751 3824 3830 3873 4107 4142 4631 4650 4700 4745 4796 4864
174	26	132	14	477 690 772 802 849 1037 1139 1324 1593 1594 1661 1722 1876 1908 1993 2235 2297 2346 2418 2534 2595 2832 2948 3506 3527 3854 4188 4368 4459 4528 4686 4857 4876
176	14	42	14	115 191 400 475 774 876 1111 1171 1387 1813 1914 1920 1981 2039 2228 2281 2447 2490 2578 2642 2687 3143 3469 3475 3524 3595 3670 3686 4235 4255 4383 4472 4494 4819
182	31	144	14	108 176 340 420 636 740 994 1103 1117 1345 1398 1705 1816 1882 2375 2381 2404 2464 2580 2891 3383 3460 3466 3468 3533 3542 3715 3765 3900 4023 4063 4136 4596 4654 4669 4848 4874
201	30	225	14	134 194 280 435 602 616 947 1300 1416 1479 1582 1645 1712 1856 1888 1924 2089 2113 2305 2452 2651 2799 2868 3285 3331 3593 3759 3823 3868 4169 4176 4269 4377 4436 4625 4939
208	39	64	14	214 245 393 480 582 734 760 1222 1327 1356 1636 1939 2114 2133 2278 2396 2660 2770 2803 2804 2849 3020 3183 3235 3255 3263 3299 3481 4066 4137 4411 4477 4480 4671 4676 4717 4859 4888
214	35	7	14	158 625 680 691 785 817 923 1078 1144 1211 1392 1772 1877 1899 2144 2172 2188 2209 2345 2379 2405 2528 2721 2945 3231 3431 3486 3583 3913 4047 4304 4461 4526 4619 4672 4784 4802
225	32	16	14	4 103 159 171 259 353 492 673 731 739 861 933 1060 1277 1438 1456 1553 1773 1808 2064 2574 2613 2622 2723 2875 3189 3305 3329 4124 4181 4190 4210 4667 4679 4704 4987
226	21	86	14	71 424 441 528 969 1250 1266 1287 1309 1377 1473 1714 2076 2191 2211 2232 2277 2591 2732 2776 2839 2901 3122 3364 3572 3635 3640 3762 3820 3839 3886 3920 4057 4157 4541 4577 4688 4778
233	16	98	14	14 206 217 361 439 518 541 643 664 877 1242 1290 1301 1315 1374 1419 1425 1492 1589 1869 2269 3155 3216 3580 3586 3705 3897 4031 4043 4194 4245 4665 4666
242	29	97	14	156 679 874 1088 1110 1155 1267 1671 1937 2080 2125 2248 2358 2408 2509 2685 2827 2873 2926 3113 3187 3286 3463 3467 3515 3646 3708 3722 3954 4051 4370 4543 4593 4601 4656 4694 4741
263	9	187	14	40 124 262 314 466 539 683 892 902 1010 1291 1325 1587 1873 1898 2040 2162 2424 2672 2842 2877 2888 2981 3002 3116 3181 3335 3855 3931 4129 4150 4407 4449 4520 4797 4972 4991
285	24	39	14	9 175 531 681 1137 1399 1420 1912 1970 2071 2298 2386 2769 2822 2962 3058 3154 3434 3559 3632 3634 3737 3790 3856 3951 4072 4148 4320 4440 4441 4465 4510 4627 4652 4670 4927
295	8	112	14	357 450 668 736 782 1066 1076 1493 1577 1586 1658 1683 2013 2103 2150 2159 2175 2217 2244 2679 2954 3107 3128 3531 3835 4017 4145 4299 4572 4614 4623
302	15	107	14	229 536 676 794 850 975 1177 1179 1186 1349 1386 2139 2242 2259 2536 2585 2671 2759 2771 2824 2947 2966 3171 3375 3628 3684 3742 3769 3974 3983 4156 4189 4364 4547
307	34	19	16	10 150 449 464 502 840 927 1028 1120 1235 1333 1675 1857 1890 2153 2322 2408 2591 2798 2802 2865 3156 3188 3211 3859 3892 3893 3898 3962 4126 4236 4272 4608 4827 4865
330	17	210	16	92 260 524 680 909 1004 1381 1408 1601 1631 1678 1978 2010 2290 2315 2795 2807 2849 2997 3056 3151 3429 3438 3590 3619 3660 3937 4132 4137 4218 4423 4850 4984
333	27	102	16	179 292 394 934 983 1106 1256 1308 1544 1628 1656 2077 2100 2101 2134 2172 2215 2288 2625 2729 3018 3182 3335 3706 3851 3952 4085 4209 4404 4484 4605 4770 4817 4821 4994
363	2	237	16	82 226 239 345 501 920 1019 1130 1220 1228 1315 1572 1652 2018 2360 2422 2605 2661 2751 2767 2827 3059 3143 3384 3708 3871 4032 4127 4219 4365 4465 4494 4535 4720 4768 4773 4961
377	36	245	16	165 242 459 500 517 654 664 700 729 800 1105 1191 1282 1429 1647 1824 2029 2394 2695 2822 2835 3144 3297 3602 3920 3981 3993 4027 4499 4522 4815 4867
390	18	85	16	59 121 277 325 403 492 523 535 595 622 767 1271 1379 1604 1773 1854 1977 2243 2311 2561 2570 2670 2799 2955 3273 3283 3284 3742 3799 4377 4388 4523 4629 4653 4685 4812 4957
408	19	60	16	248 347 639 857 1101 1182 1214 1289 1419 1592 1752 1764 1777 1936 2156 2157 2438 2549 2754 2907 3007 3133 3316 3494 3502 3633 3891 3913 3950 3985 4131 4147 4329 4345 4431 4518 4883
409	12	69	16	50 71 113 116 328 479 488 504 544 1108 1126 1189 1488 1516 1763 1840 2169 2637 2812 2920 3010 3202 3215 3441 3447 3490 3638 3876 3906 4014 4318 4336 4839 4851 4966 4989
444	22	211	16	34 400 436 697 795 896 970 1076 1337 1357 1446 1548 1748 1751 1927 2008 2688 2862 3040 3265 3356 3424 3456 3541 3791 3832 3887 4057 4220 4464 4591 4718 4811 4825 4903
474	23	215	16	88 439 473 532 812 813 844 1334 1368 1414 1537 1542 1802 1837 2013 2393 2594 2884 2928 3339 3513 3576 3675 3731 3769 3778 3801 3806 4357 4418 4555 4576 4692 4794
32	33	116	16	75 252 354 401 624 745 994 1094 1176 1215 1240 1642 1756 1962 2111 2136 2339 2387 2435 2560 2609 2651 2914 3260 3267 3837 3926 3975 3983 4229 4277 4328 4476 4620 4627
39	3	247	16	569 607 608 707 856 880 1058 1296 1298 1299 1514 1559 1689 1719 1765 1767 1856 1916 1932 2296 2303 2813 3081 3137 3234 3235 3287 3313 3765 3803 4042 4046 4195 4506 4782 4790
40	6	178	16	52 138 529 610 875 1033 1072 1143 1461 1485 1645 1709 2114 2600 2703 2715 3026 3030 3169 3333 3423 3798 3967 4167 4243 4290 4332 4358 4504 4520 4642 4845
51	10	222	16	199 937 1210 1236 1239 1348 1438 1594 1761 1828 1834 1981 1990 1992 2089 2108 2198 2504 2828 2885 2965 3110 3140 3294 3376 3526 3686 3700 3812 3846 3883 3915 4765
65	13	76	16	205 278 516 539 784 902 985 1050 1129 1551 1792 1826 1876 1913 2246 2280 2442 2518 2559 2656 3147 3240 3286 3310 3449 3476 3658 3739 3923 4414 4424 4492 4536 4566 4637 4797
84	20	198	16	49 137 708 833 946 959 993 1112 1233 1286 1331 1462 1579 1843 2443 2472 2509 2644 3083 3176 3264 3353 3608 3624 3705 3868 4474 4521 4644 4677 4686 4722 4753 4892
96	7	223	16	24 195 202 251 491 548 626 627 656 713 1041 1145 1159 1625 2283 2324 2395 2451 2456 2638 2659 2824 2949 2976 3152 3496 3607 3611 3762 3835 3994 4040 4514 4585
114	37	171	16	281 484 577 740 838 869 1018 1241 1354 1459 1580 1807 1818 1873 1979 2131 2291 2712 2801 2987 3078 3274 3543 3553 3726 4176 4306 4570 4588 4760 4836 4868
115	5	184	16	47 348 395 416 712 741 783 893 1032 1067 1275 1276 1306 1362 1430 1513 1718 1775 2011 2063 2250 2619 2681 3126 3218 3327 3461 3696 3808 3933 4067 4199 4317 4668 4853
136	4	183	16	96 241 330 481 620 974 1039 1279 1301 1450 2034 2090 2102 2354 2410 2497 2568 2720 3029 3205 3374 3455 3522 3678 3818 4083 4130 4490 4557 4624 4939
149	40	136	16	57 80 254 408 839 910 1065 1249 1390 1411 1486 1835 1855 2057 2096 2163 2232 2432 2875 2898 3063 3074 3161 3236 3275 3415 3459 3556 3572 3885 3946 4052 4202 4370 4711 4813
157	25	32	16	234 353 443 686 786 855 940 1012 1051 1291 1349 1509 1606 1611 1659 2721 2730 3086 3131 3442 3662 3692 3987 4225 4288 4364 4445 4699 4772 4786 4788 4861 4891
178	38	152	16	51 249 293 426 444 635 761 957 969 997 1015 1184 1314 1511 1555 1735 1738 1772 1778 1797 1921 1971 2158 2294 2403 2601 2897 3061 3155 3439 3501 3998 4226 4391 4636 5000
183	34	184	18	39 100 254 489 718 798 1093 1100 1163 1236 1264 1307 1546 1644 1850 1858 1999 2164 2668 2882 2931 3003 3055 3085 3292 3721 3974 4073 4287 4433 4472 4571 4775 4820 4848
185	28	83	16	86 397 454 511 545 559 612 670 952 966 1056 1474 1734 1853 2074 2127 2197 2323 2489 2678 2716 3241 3270 3282 3359 3369 3784 4062 4151 4374 4546 4889
191	11	17	16	46 154 300 678 867 1086 1104 1164 1483 1622 1715 1744 1796 1862 2030 2076 2139 2486 2536 2599 2673 2700 2704 2943 3483 4050 4291 4346 4437 4631 4752 4908 4954 4975
207	1	54	16	120 291 603 951 1079 1091 1095 1565 1892 1968 2117 2190 2279 2388 2462 2493 2602 3009 3068 3099 3165 3190 3208 3342 3485 3550 3551 4125 4155 4274 4284 4524 4712 4780 4781 4929
231	26	206	16	38 53 65 84 106 145 200 386 413 553 590 674 755 1100 1115 1125 1132 1148 1172 1549 1774 1961 2142 2525 2571 2691 3024 3057 3149 3340 3512 3532 4047 4679
250	14	5	16	496 538 609 775 860 914 1323 1377 1435 1442 1490 1497 1736 2133 2206 2335 2879 2887 2917 3066 3220 3298 3586 3750 3863 3888 4092 4383 4454 4495 4512 4673 4973 4978
251	31	159	16	103 147 313 440 776 820 824 1248 1332 1758 1768 1819 1947 2150 2274 2338 2371 2407 2411 2523 2649 2821 2978 3201 3209 3291 3573 3574 3623 3860 3943 4888
256	30	154	16	16 115 163 294 369 581 660 911 941 1389 1398 1469 1619 1633 1882 1995 2162 2204 2505 2714 2718 2915 3331 3394 3626 3707 3717 4007 4023 4311 4478 4500 4599 4878 4935
266	39	92	16	2 37 211 288 315 528 667 774 1266 1287 1618 1716 1998 2379 2390 2450 2455 2498 2524 2782 2831 2984 3013 3080 3217 3237 3517 3566 3614 3992 4239 4501 4607 4941
272	35	103	16	230 240 319 351 370 381 593 662 903 1454 1480 1694 1811 1889 2019 2022 2253 2556 2610 2639 2674 2682 2791 3022 3410 3621 3971 4071 4084 4467 4569 4590 4806 4846 4866 4943
292	32	217	16	107 269 305 384 478 687 726 792 976 1144 1343 1361 1383 1434 1875 1996 2083 2128 2192 2224 2289 2488 2707 2709 2793 2910 3251 3433 3594 3829 3858 3865 3944 3978 4160 4910
293	21	221	16	91 637 807 843 1084 1157 1668 1737 1928 2037 2058 2115 2171 2374 2612 2698 2706 2713 2740 2850 2856 2990 3119 3125 3227 3305 3844 4342 4406 4463 4703 4727 4874 4916 4965
313	16	95	16	39 111 349 362 450 793 917 948 1043 1119 1243 1415 1608 1691 1698 1867 1904 2219 2309 2342 2550 2563 2593 2869 2919 3106 3134 3206 3412 3804 3909 3958 4271 4618 4622 4838
314	29	220	16	3 133 367 551 613 710 787 872 1165 1582 1847 2086 2167 2330 2474 2535 2766 2786 3351 3425 3478 3637 4117 4231 4497 4592 4698 4795 4798 4819 4894
325	9	58	16	227 374 399 453 460 720 827 1020 1370 1387 1412 1670 1852 1966 2188 2258 2312 2314 2537 2589 2725 2784 2858 3034 3436 3605 3639 3942 3963 4186 4292 4496 4789
334	17	222	18	64 623 917 1020 1504 1816 2226 2304 2378 2501 2511 2555 2602 2666 2677 2686 2728 2906 3137 3160 3204 3339 3364 3475 3657 3857 3959 4038 4116 4285 4295 4553 4560 4831 4911
349	24	196	16	160 274 275 409 550 1007 1031 1378 1424 1471 1484 1598 1623 1641 2050 2122 2319 2402 2618 2765 2903 3246 3279 3636 3828 3847 3879 3980 4038 4366 4386 4527 4649 4748 4925 4949
360	8	75	16	55 169 218 377 470 480 564 1242 1251 1292 1693 1822 1905 2091 2143 2816 2994 3006 3076 3153 3249 3644 3689 3710 3973 4016 4262 4356 4401 4534 4574 4597 4808 4864 4885
361	15	240	16	142 181 356 562 728 925 1096 1933 1958 2231 2247 2414 2546 2717 2783 2833 2926 3098 3222 3334 3336 3411 3481 3598 3628 3734 3991 4000 4019 4079 4338 4348 4379 4515 4596 4707
365	27	189	18	146 216 582 661 817 1034 1181 1475 1476 1605 1758 1881 2028 2158 2458 2634 2796 2867 2902 3239 3343 3531 3604 3617 3870 4226 4266 4335 4485 4586 4676 4741 4940 4959
371	2	7	18	70 219 393 411 430 499 538 558 870 900 1047 1188 2160 2363 2624 3161 3251 3253 3264 3463 3574 3611 3739 3885 3901 4053 4062 4127 4151 4197 4315 4462 4587 4819 4950
379	36	91	18	367 398 415 427 728 878 1019 1286 1371 1598 1725 1907 2172 2258 2412 2421 2502 2514 2813 2818 2840 3028 3037 3108 3272 4037 4134 4243 4344 4540 4770 4868 4994
388	18	187	18	135 259 298 322 335 410 497 519 986 1109 1227 1427 1479 1558 1663 1710 1741 1976 2044 2199 2382 2481 2904 3017 3139 3153 3233 3282 3504 3544 3674 3724 3946 4212 4701 4879
403	19	227	18	207 213 281 299 331 341 638 648 714 774 778 790 1414 1456 1618 1941 2436 2445 2462 2609 2643 2885 2973 3000 3379 3814 3819 3839 4095 4111 4191 4565 4858 4890 4968
404	12	117	18	241 658 701 715 733 857 950 960 971 972 976 1176 1313 1321 1469 1615 1896 1980 2073 2090 2184 2273 2526 2697 2962 3158 4265 4333 4863 4865 4899 4980 5000
456	22	114	18	74 191 218 303 380 644 1045 1295 1435 1681 1791 2212 2222 2326 2681 3173 3220 3241 3296 3449 3583 3596 3679 3811 3985 4185 4207 4242 4434 4709 4948
466	23	124	18	29 209 314 404 646 682 756 825 854 855 923 954 1406 1505 2070 2232 2265 2491 2537 2577 2836 2862 2909 3376 3532 3558 3573 3945 3984 4121 4525 4613 4675 4755 4787
496	33	177	18	18 55 113 121 549 572 616 632 654 723 779 1119 1192 1342 1885 2243 2320 2340 2486 2972 2982 3041 3188 3660 3668 3947 4133 4264 4366 4814 4896
4	3	237	18	42 86 122 183 719 850 890 910 916 973 1058 1396 1419 1420 1556 1680 1954 2362 2477 2519 2733 2782 3512 3517 3629 3684 3876 3964 4093 4441 4861 4870 4910
19	6	161	18	133 177 243 268 502 678 1262 1294 1305 1348 1552 1724 1729 2035 2209 2373 2424 2707 2729 3152 3283 3335 3507 3540 3701 3891 3929 3968 4170 4349 4611 4781 4809 4871
97	10	140	18	132 196 344 363 527 580 751 1347 1460 1658 1740 2010 2015 2168 2210 2349 2388 2583 2645 3023 3030 3262 3377 3495 3571 3594 3696 3862 4102 4139 4186 4569 4572 4576 4838
121	13	194	18	154 172 198 431 561 747 1010 1044 1059 1132 1244 1597 1936 2163 2324 2328 2391 2482 2510 2520 2521 2918 3258 3419 3618 3955 3960 4252 4263 4516 4606 4685 4710 4894
124	20	43	18	109 441 819 1179 1193 1365 1694 1875 1929 1955 2023 2063 2229 2255 2262 2439 2580 2627 2824 3004 3177 3325 3450 3455 3607 3779 3861 3914 3927 4506 4956
138	7	39	18	465 493 505 806 907 939 952 1245 1292 1296 1368 1470 1781 1889 2573 2736 2745 2767 2860 2983 3074 3387 3520 3522 3552 3832 3894 4006 4180 4382 4652 4802 4900
141	37	2	18	5 31 49 120 180 194 345 597 637 726 736 991 1237 1377 1576 1860 1969 1986 2054 2143 2165 2217 2264 2270 2394 2676 2833 2959 2970 3930 4125 4664
223	5	197	18	8 101 235 624 636 889 922 948 1015 1191 1851 1902 2478 2503 2541 2710 2804 2936 3106 3371 3428 3714 3725 3792 3877 3972 4211 4223 4682 4729
229	4	17	18	227 1087 1116 1508 1617 1696 1771 1847 1949 1964 2174 2274 2401 2441 2547 2582 2757 2903 3051 3159 3329 3653 3906 3969 4025 4026 4067 4154 4200 4296 4602 4824
232	40	158	18	76 144 151 152 267 379 510 568 841 1110 1113 1496 1874 1892 2030 2040 2042 2093 2216 2238 2608 2876 2886 2923 2995 3151 3162 3513 3647 3655 3767 3994 4345 4718
243	25	139	18	92 197 246 279 586 625 643 925 929 1281 1284 1410 1428 1446 1498 1668 1868 2041 2068 2075 2144 2500 2742 2922 2950 3077 3230 3295 3386 3626 3659 3805 3951 4036 4148 4779
304	38	4	18	829 904 1073 1096 1118 1146 1154 1189 1383 1423 1448 1733 1748 1843 1864 2114 2413 2446 2826 2846 2953 3278 3396 3619 3631 3874 3889 3896 4189 4241 4244 4684 4739
335	28	48	18	1 266 375 452 628 1180 1554 1630 1659 1832 2189 2435 2687 2718 2792 2872 2884 2889 3033 3314 3673 4250 4327 4373 4401 4457 4483 4539 4655 4827 4927 4938
339	11	241	18	24 141 149 277 340 737 918 982 1006 1727 1963 2047 2148 2208 2240 2245 2513 2682 3038 3058 3372 3500 3858 3987 4022 4169 4259 4273 4277 4461 4526 4574 4645 4743 4918 4960
359	1	112	18	9 224 271 594 731 835 1051 1083 1128 1481 1520 1587 1747 1903 2062 2079 2294 2447 2657 2848 2907 2971 3043 3254 3391 3393 3521 3670 3741 3800 3827 4118 4313 4717
381	26	82	18	357 466 574 872 1309 1430 1666 1742 1833 1854 1866 1912 2077 2107 2115 2132 2170 2195 2678 3170 3385 3526 3637 3690 3801 4021 4120 4132 4446 4449 4487 4902 4906 4915 4936
396	14	35	18	53 282 476 668 743 785 1521 1938 2104 2253 2488 2665 2798 2847 2877 2890 2963 2978 3101 3249 3267 3337 3577 3813 3821 4194 4280 4323 4372 4430 4568 4659 4963
399	31	113	18	606 874 876 888 1147 1450 1536 1786 1818 1838 1852 2187 2434 2438 2593 2635 2738 3100 3168 3347 3471 3480 3510 3757 3988 4048 4091 4142 4331 4494 4600 4692 4818
422	30	36	18	95 124 592 647 730 1169 1177 1248 1355 1358 1380 1624 1649 1754 2097 2459 2518 2524 2595 2636 2805 2888 3218 3383 3575 3705 3844 4041 4055 4146 4329 4368 4511 4532 4575 4844
472	39	18	18	136 350 434 498 601 689 861 863 909 1028 1135 1207 1464 1551 1646 1755 2058 2112 2287 2342 2493 2942 3012 3223 3323 3348 3503 3622 3671 4247 4338 4512 4954
495	35	138	18	301 677 804 1203 1204 1628 1746 1779 1782 1795 2007 2066 2072 2129 2303 2377 2690 3311 3437 3691 3735 3847 3856 3933 4234 4256 4399 4584 4641 4680 4708 4830 4869
498	32	25	18	87 115 142 307 529 587 959 1053 1102 1502 1514 1884 2167 2175 2180 2242 2263 2960 3014 3025 3031 3615 3762 4097 4101 4109 4392 4522 4596 4721 4776 4793 4898
6	21	129	18	17 48 69 387 503 618 892 968 998 1075 1413 1711 1768 2298 2308 2422 2473 2515 2628 2659 2832 2871 3064 3494 3516 3525 3562 3645 3744 3903 3941 4064 4177 4728 4933
43	16	120	18	6 14 85 178 238 433 583 963 1033 1068 1089 1235 1240 1310 1452 1553 1626 2218 2375 2427 2731 2933 3013 3059 3157 3284 3307 3662 3663 4248 4290 4841
55	29	74	18	23 111 371 403 425 547 769 894 1412 1449 1688 1704 1743 1770 2540 2864 3066 3094 3136 3146 3198 3317 3333 3749 3826 3873 3938 4149 4357 4408 4549 4608 4908 4946
57	9	190	18	11 285 332 513 1009 1442 1692 1865 1935 2016 2181 2475 2740 2768 2957 3300 3318 3603 3650 4050 4305 4369 4423 4442 4479 4528 4626 4629 4742 4816 4904 4953
81	24	196	18	63 130 338 567 579 672 752 926 945 1522 1566 2039 2137 2159 2205 2694 2874 2976 3209 3454 3537 3549 3616 3734 3818 3887 3934 4233 4283 4302 4632 4702 4725 4766
85	8	133	18	428 487 537 685 974 1052 1061 1071 1103 1134 1225 1277 1439 2194 2200 2347 2558 2788 2853 3369 3421 3432 3466 3599 3646 3649 3860 3944 4000 4552 4860
95	15	64	18	110 262 385 511 852 988 1376 1973 2061 2084 2087 2123 2233 2316 2440 2507 2892 3026 3062 3126 3246 3275 3404 4035 4082 4322 4452 4476 4481 4498 4947
99	34	12	20	59 125 482 1046 1126 1211 1288 1350 1394 1622 1787 2138 2534 2624 2882 3006 3109 3116 3184 3243 3816 3925 4001 4060 4126 4294 4488 4999
104	17	228	20	20 165 270 294 410 718 745 1004 1038 1191 1507 1652 1728 1959 2196 2264 2444 2453 2505 2663 2778 3159 3227 3248 3273 3954 4174 4297 4350 4354 4372 4623
120	27	156	20	84 305 371 430 488 719 1021 1254 1371 1388 1396 1465 1589 1714 1968 2024 2175 2390 3208 3252 3330 3395 3460 3715 3756 3847 4021 4076 4448 4612 4710
179	2	68	20	264 639 887 900 1378 1516 1567 1671 1710 1751 1762 1830 1924 2146 2245 2321 2561 2673 3040 3110 3277 3291 3392 3554 3606 3701 3908 3940 4011 4067 4147 4162 4178 4413 4681
195	36	83	20	316 682 931 1183 1467 2134 2261 2341 2360 2567 2664 2837 2895 3119 3255 3284 3321 3322 3326 3539 3644 3732 3882 4074 4081 4096 4432 4468 4664 4833 4862
248	18	131	20	243 614 631 742 763 1037 1475 1596 1605 1880 1905 2036 2120 2192 2230 2268 2327 2707 2752 2831 2999 3067 3399 3716 3832 4018 4214 4280 4315 4462 4910
258	19	15	20	21 277 536 574 664 690 821 883 1071 1640 1773 2061 2181 2521 2683 2711 2754 2860 2867 3205 3226 3334 3409 3443 3577 3866 3896 3948 4048 4195 4574 4653
338	12	79	20	391 680 859 1140 1210 1245 1405 1427 1437 1446 1491 1610 1625 1647 1660 1985 2027 2091 2136 2176 2195 2256 2471 3314 3317 3478 3487 3612 3651 3981 4324 4651 4705
340	34	68	22	297 321 325 421 535 933 1163 1519 1644 1651 1893 1966 2126 2206 3171 3308 3342 3347 3565 3599 3625 3626 3642 3703 3969 4236 4483 4603 4689 4772 4984 4999
348	22	121	20	252 503 606 725 1013 1030 1302 1457 1520 1655 1736 1752 2187 2594 2852 2905 2954 3444 3511 3558 3641 3834 4029 4071 4102 4157 4326 4342 4378 4487 4525 4986
394	23	100	20	128 312 530 706 783 839 884 911 970 1070 1134 1332 1518 1588 1602 2060 2142 2283 2311 2319 2817 3005 3132 3298 3859 4049 4122 4548 4594 4663 4690 4733 4949
417	33	20	20	209 335 402 429 589 937 967 974 1036 1184 1257 1690 1729 1761 2054 2339 2540 2739 2773 2776 2787 3192 3204 3386 3698 3754 3919 3971 4388 4419 4706 4870
432	3	243	20	198 417 472 608 620 717 851 891 932 1216 1297 1570 1806 1816 2151 2239 2293 2415 2872 3011 3163 3268 3286 3857 4135 4217 4230 4237 4443 4449 4743 4811 4891 4961 4975
438	6	188	20	22 470 571 776 914 980 1092 1165 1167 1280 1436 1498 1500 1840 1907 2309 2538 2543 2738 2758 2829 3016 3038 3118 3385 3534 3903 4348 4587 4869
465	10	212	20	56 261 358 389 433 630 726 895 1367 1472 1679 1837 1998 2001 2222 2407 2662 2802 2844 3133 3176 3297 3355 3454 3653 3939 3993 4039 4531 4701 4780 4959 4985
35	13	97	20	91 174 329 382 486 567 873 991 1298 1445 1810 2310 2365 2484 2536 2830 2832 2866 3008 3362 3648 3681 3724 3738 3792 3875 3938 3943 4097 4248 4543 4676 4767
48	20	186	20	57 457 569 723 922 1201 1230 1306 1366 1514 1595 1695 1917 2159 2385 2551 2713 2958 3154 3174 3186 3225 3394 3413 3453 4103 4257 4277 4289 4806 4929
66	7	88	20	121 246 278 307 541 618 758 837 871 1180 1489 1982 2171 2255 2416 2473 2524 2810 2982 2990 3022 3150 3397 3533 3764 3776 4061 4083 4391 4772 4784 4791 4945 4973
108	37	116	20	342 454 663 835 864 1048 1089 1145 1634 1676 1755 1785 1827 2350 2512 2569 2612 3002 3063 3136 3264 3583 3666 3750 3772 3900 4173 4409 4571 4590 4719 4757 4796
116	5	199	20	295 478 520 810 877 907 1550 1723 1777 1829 1903 1906 1992 2332 2633 2733 2811 3090 3180 3535 3741 3965 4056 4155 4227 4265 4310 4453 4823 4857 4934 4996
154	4	119	20	187 258 296 407 519 686 768 879 897 956 1119 1319 1386 1628 1845 1901 1928 2034 3004 3156 3591 3697 3793 4105 4321 4347 4424 4433 4485 4556 4632 4636 4882
160	40	139	20	605 674 1042 1074 1150 1200 1583 1722 1861 1865 1989 2252 2348 2520 2675 2678 2727 2825 3157 3212 3254 3412 3543 3544 3805 4072 4216 4234 4253 4674 4765 4824
169	25	143	20	139 162 568 954 1054 1641 1677 1795 2055 2067 2104 2413 2467 2562 2611 2674 2931 3112 3179 3597 3665 3746 3810 3878 3916 4063 4069 4143 4220 4381 4436 4450 4774
172	38	168	20	73 79 150 189 669 689 700 771 950 1005 1209 1424 1635 1843 1899 2039 2150 2274 2394 2554 2613 3055 3162 3287 3536 3659 3815 4119 4585 4750
199	28	16	20	173 208 385 521 597 634 1252 1380 1525 1704 1800 1962 2052 2130 2297 2420 2455 2516 2591 2657 2677 2939 3402 3589 3613 3910 4002 4187 4228 4239 4254 4290
254	11	117	20	349 437 629 744 998 1064 1159 1168 1574 2174 2210 2374 2399 2475 2653 2714 2748 2916 2934 3025 3259 3289 3379 3631 3963 3972 4120 4302 4748 4769
271	1	163	20	80 201 632 1047 1138 1357 1431 1474 1561 1700 2078 2337 2885 2929 3145 3197 3312 3604 3635 3649 4040 4121 4206 4235 4341 4385 4560 4595 4610 4866 4978 4998
276	26	219	20	12 122 177 327 463 782 814 1300 1476 1577 1680 1682 1684 1759 2013 2355 2361 2519 2656 2689 2731 3078 3175 3784 3819 3957 4005 4013 4065 4365
297	14	244	20	237 390 406 703 829 1122 1232 1497 1649 1701 1712 1718 1828 1908 2109 2356 2894 3316 3336 3341 3458 3703 4094 4193 4330 4463 4652 4665 4760 4766
481	31	128	20	172 223 311 399 757 775 833 1285 1382 1407 1669 1674 2234 2306 2347 2517 2642 2774 2986 3029 3253 3290 3506 3615 3913 4090 4564 4644 4851 4901 4970
487	30	239	20	83 309 533 619 642 716 811 816 830 867 878 1363 1462 1515 1606 1737 1912 2044 2193 2398 2546 2564 2734 2907 3213 3223 3338 3807 3870 4357 4510 4657 4826 4878
37	39	250	20	18 46 186 192 592 1115 1249 1385 1848 1863 2068 2299 2417 2430 2432 2616 2717 2862 3024 3045 3372 3530 3837 3843 3915 4101 4156 4263 4558 4624 4762 4963
38	35	173	20	87 225 290 534 1097 1108 1185 1202 1268 1369 1481 1617 1693 2320 2869 3354 3505 3700 3860 3890 3970 4024 4080 4538 4722 4856 4906 4930 4992
45	32	232	20	321 400 919 1045 1151 1190 2127 2213 2329 2452 2476 2620 2740 2970 3246 3251 3303 3584 3621 3647 3752 3755 4325 4569 4658 4770
59	21	137	20	127 263 508 584 647 728 780 917 1463 1482 1844 2053 2100 2140 2180 2345 2364 2393 2599 3125 3216 3344 3389 3477 3704 3796 3803 3918 4203 4215 4408
63	16	3	20	531 1197 1260 1460 1630 1642 1661 1803 2098 2157 2169 2209 2248 2276 2548 2759 3245 3262 3622 4058 4359 4417 4438 4551 4619 4671 4697 4916 4924 4928 4940
76	29	105	20	8 155 380 440 501 507 746 1102 1499 1501 1542 1743 1821 2148 2285 2685 2764 2823 2950 2959 2965 3288 3448 3516 3545 3628 3901 4066 4363 4881 4897
109	9	24	20	141 287 314 465 559 583 590 1160 1352 1387 1544 1860 1953 2051 2205 2308 2388 2637 3087 3099 3239 3269 3315 3508 4015 4085 4170 4278 4776 4792 4829
151	24	141	20	68 102 214 233 339 447 483 544 808 820 885 1364 1817 1961 1965 2014 2313 2643 2792 2845 3296 3403 3422 3758 4070 4106 4376 4804 4853
153	8	120	20	36 364 832 989 1137 1204 1224 1413 1771 1783 1988 2066 2069 2132 2790 2828 3076 3091 3097 3117 3596 3846 4047 4145 4151 4383 4494 4603 4605 4714
166	15	26	20	207 394 445 480 823 949 1003 1414 1502 1623 1731 1763 2043 2079 2194 2200 2370 2386 2634 2789 3480 3514 3571 3705 3828 3955 3974 3979 4768 4794 4905
184	17	94	22	47 502 668 683 722 993 1162 1237 1323 1463 1627 1660 1814 2023 2103 2358 2736 2937 2945 2969 3044 3089 3124 3357 3649 3672 4128 4158 4346 4557 4601 4641 4828 4922
234	27	238	22	68 653 720 1155 1251 1284 1288 1360 1429 1498 1552 2060 2170 2416 2531 2566 2851 3159 3210 3214 3382 3547 3551 4008 4069 4333 4697 4738 4801 4938
255	2	167	22	83 897 973 976 1004 1246 1247 1416 1585 1702 2067 2077 2362 2415 2516 2556 2668 2674 2712 2766 2818 3300 3311 3352 3383 3457 3660 3745 4275 4314 4377 4734 4982
311	36	115	22	54 102 140 303 352 652 753 948 1009 1274 1389 1531 1653 1796 1816 1884 1971 2992 3290 3306 3534 3824 3860 4155 4568 4839 4967
316	18	23	22	14 408 561 784 888 959 1016 1052 1443 1667 1744 1827 1890 2095 2207 2479 2842 2883 2972 3069 3144 3283 3452 3588 3658 3685 3686 3707 4345 4421 4707 4747 4989
354	19	31	22	158 266 741 788 893 904 916 966 1209 1573 1599 1700 1874 2019 2230 2231 2290 2597 2667 2695 2728 2948 3309 3651 3849 3949 4093 4725 4855 4914 4954
387	12	104	22	28 475 673 1167 1327 1395 1450 1648 1654 1658 2180 2388 2447 2486 2518 2564 3072 3115 3223 3232 3529 3582 3725 3859 3945 4070 4271 4611 4626 4699 4769 4944
392	22	209	22	201 291 526 648 654 743 766 891 903 906 913 1164 1174 1307 1495 1499 2086 2507 2596 2899 3049 3108 3109 3491 3554 3556 3694 3702 3852 4099 4519 4832
407	23	164	22	41 91 275 276 429 441 612 1045 1135 1158 1189 1256 1681 1682 1746 1901 2101 2369 2542 2817 3016 3189 3451 3459 3848 4320 4375 4493 4540 4693
410	33	242	22	76 308 899 1055 1068 1349 1626 1793 1862 2163 2216 2453 2484 2767 2908 3054 3100 3380 3454 3609 3635 3700 3776 4020 4259 4605 4620 4812 4857 4923
411	3	11	22	206 253 360 407 534 985 1010 1194 1270 1408 1650 2110 2419 2438 2521 2550 2622 2854 3114 3368 3669 3916 4046 4114 4125 4135 4306 4507
424	6	181	22	112 797 802 843 972 1072 1212 1221 1520 1582 1589 2097 2139 2236 2407 2952 3285 3354 3430 3464 3803 4024 4075 4376 4460 4587 4613 4736
429	10	57	22	165 199 219 462 681 945 1102 1728 1798 1832 2005 2040 2082 2132 2830 3130 3405 3446 3567 3978 4074 4217 4440 4545 4745 4785 4904
437	13	148	22	383 428 773 908 947 1022 1041 1172 1502 1564 1569 1603 1684 1972 2353 2374 2468 2644 2742 3398 3507 3606 3610 3623 4086 4167 4282 4295 4409 4447 4975 4979
458	20	153	22	13 316 381 472 500 756 836 880 1094 1253 1317 1390 1458 1674 1866 2002 2093 2341 2768 2967 3511 3596 3636 3690 3761 3777 3834 3924 3980 4403 4583
485	7	10	22	209 524 975 1090 1433 1643 1954 2059 2078 2232 2377 2629 2649 2697 2781 2783 3087 3878 3904 4055 4096 4139 4210 4242 4379 4638 4642 4740 4885 4966
490	37	73	22	89 94 98 110 136 174 366 754 856 1165 1223 1776 1824 1846 1945 2557 2820 3035 3053 3237 3262 3373 3575 3782 3923 4193 4273 4318 4387 4513 4550 4565 4911 4987
27	5	22	22	710 967 986 1304 1719 1871 2038 2186 2334 2527 2574 2665 2848 3112 3194 3362 3462 3549 3693 3710 3783 3984 3993 4185 4254 4269 4322 4335 4392
44	4	182	22	182 271 357 713 764 809 871 1003 1098 1127 1325 1336 1562 1912 1955 2173 2220 2314 2579 2836 2866 3102 3442 4123 4328 4364 4423 4633 4877 4949
61	40	213	22	72 185 301 315 468 632 770 823 869 937 1011 1042 1048 1139 1410 1540 1572 3142 3208 3680 3716 3958 4023 4462 4757 4761 4865 4995
132	25	193	22	32 363 368 592 1079 1196 1332 1486 1538 1894 1986 2016 2237 2475 2554 2641 2887 2929 2973 3009 3015 3093 3242 3568 3746 3780 4042 4061 4556 4651
133	38	163	22	2 31 262 280 351 515 601 666 762 865 1006 1049 1169 1665 1943 2601 2834 2896 3046 3226 3230 3301 3358 3448 3988 4308 4420 4471 4623 4666 4935
196	28	106	22	270 608 613 1233 1342 1396 1455 1507 1578 2124 2281 2590 2604 2615 3036 3122 3254 3303 3418 3793 4116 4490 4756 4854 4930
205	11	4	22	90 106 155 179 235 419 562 586 738 791 806 944 1217 1355 1357 1515 1672 1882 1896 2385 3622 3641 3809 4112 4201 4378 4458 4489 4634
215	1	5	22	95 190 220 374 490 494 552 621 852 1358 1687 1908 2034 2429 2505 2706 3121 3191 3238 3907 4068 4129 4276 4676 4952
220	26	32	22	233 283 454 826 1023 1198 1534 1663 1729 1790 2254 2643 2651 2654 2724 3012 3389 3400 3655 3721 4077 4145 4235 4533 4674 4779 4783 4804 4821 4915
228	14	14	22	473 550 571 849 1035 1273 1549 1678 1699 1879 2240 2405 2573 2685 2811 2867 2956 3377 3795 3816 3932 4063 4238 4384 4525 4546 4629 4710 4834 4899
253	31	249	22	320 514 922 924 1202 1409 1760 1777 1976 1983 2037 2214 2294 2506 2539 2932 2944 3163 3304 3395 3408 4095 4153 4337 4509 4671 4898 4900 4932 4969
286	30	202	22	250 309 698 837 892 1131 1267 1324 1471 1480 1548 1659 2089 2091 2338 2375 2436 2747 2786 2870 3235 3245 3349 3467 3817 4203 4211 4411 4700 4735 4977
346	39	160	22	127 346 405 409 767 769 1069 1129 1184 1335 1676 1705 1723 1831 2219 2340 2450 2648 2653 2675 3065 3275 3436 3676 4296 4486 4650 4964
383	35	101	22	27 164 746 912 1232 1261 1398 1420 1563 1734 1756 2283 2373 2442 2457 2522 2702 2725 2758 2777 2994 3043 3051 3070 3126 3178 3370 3718 4136 4330 4622 4782 4992
386	32	135	22	86 394 839 1040 1125 1146 1149 1173 1359 1809 1930 2045 2109 2504 2612 2812 2868 2876 2915 2971 3329 3363 3407 3420 3487 3692 3741 3755 4326 4443 4573 4960
402	21	208	22	350 516 733 955 1265 2094 2553 2678 2693 2714 2774 2879 2942 3082 3217 3371 3426 3456 3478 3509 3535 3608 3719 3925 3995 4166 4355 4690 4786
419	16	170	22	67 132 204 372 860 1089 1524 1628 1714 1753 1767 2140 2148 2292 2424 2495 2790 2913 2927 3498 3714 4181 4547 4578 4675 4737 4767 4916 4950 4962
421	29	99	22	8 242 258 284 778 898 1029 1145 1177 1333 1496 1789 2165 2569 2684 2795 2988 3221 3428 3482 3678 3875 3921 4007 4015 4246 4252 4686 4723
436	9	207	22	1 20 272 310 542 605 697 744 1112 1188 1263 1539 1604 1735 1794 2293 2451 2656 2661 2759 3310 3691 3713 3724 3937 3976 3982 4176 4251 4687 4766 4943
455	24	87	22	30 254 340 479 482 607 721 980 1091 1541 2221 2233 2276 2336 2350 2469 2587 2859 2941 2955 3013 3433 3706 4043 4228 4367 4450 4467 4559 4625 4713 4998
167	8	48	22	194 433 448 521 570 579 583 636 1774 1804 1887 1895 2108 2332 2499 2822 3259 3338 3484 3729 3887 4247 4446 4711 4773 4809 4976
173	15	233	22	413 584 749 1334 1338 1442 1673 1691 1812 2099 2425 2586 2660 2703 2996 3211 3479 3614 3671 3858 4084 4154 4180 4382 4649 4659 4892 4957 4974
211	34	165	24	253 359 360 426 655 980 1193 1326 1399 1427 1855 2285 2460 2577 2661 2769 3546 3631 3691 3802 3911 4292 4341 4442 4456 4459 4619 4722 4893 4956
230	17	6	24	736 794 801 820 930 942 1019 1084 1190 1306 1704 1790 1794 1913 1975 2221 2414 3515 3542 3598 3711 3827 3841 3890 4136 4300 4419 4545 4713 4829
249	27	77	24	234 368 444 470 520 713 1018 1107 1163 1302 1439 1529 1946 2300 2328 2386 2419 2489 2846 2896 3154 3272 3349 3552 4305 4381 4563 4661 4909
260	2	147	24	39 78 134 247 431 485 552 1158 1350 1472 1546 1927 1949 1958 2289 2427 2874 3074 3418 3498 3881 3932 4221 4605 4715 4716 4837 4869 4903
262	34	6	26	463 509 552 617 808 1152 1219 1401 1612 1686 1812 1884 2070 2095 2351 2756 3039 3098 3388 3528 3539 3861 3923 4137 4182 4264 4321 4786 4941
282	36	201	24	203 231 430 649 729 815 858 1194 1441 1692 1762 2006 2108 2361 3212 3348 3753 3921 4045 4150 4234 4368 4425 4470 4537 4544 4583
331	18	178	24	222 585 734 831 882 1033 1214 1254 1532 1583 2055 2099 2155 2203 2613 2659 2911 3288 3344 3413 3687 3689 3742 3792 4453 4469 4841 4895 4918 4977
364	19	13	24	36 119 336 609 695 733 1006 1041 1361 1392 1395 1496 1717 1992 2149 2617 2730 2854 2868 2948 3066 3100 3346 3965 4092 4241 4415 4571 4581
398	12	224	24	261 563 599 1247 1264 1403 1611 1804 1897 2123 2166 2262 2650 2808 2980 3023 3187 3242 3431 3634 3900 3956 4265 4504 4538 4728 4833
401	22	10	24	448 523 551 740 796 813 1081 1243 1278 1756 1786 2085 2126 2533 2759 2762 2968 2992 3019 3038 3275 3479 3581 3899 4407 4412 4524 4856
414	23	157	24	30 90 99 125 130 144 257 265 301 416 525 573 804 881 977 1071 1602 2020 2439 2548 2903 2921 3138 3650 3748 3971 4143 4209 4672 4805 4970
446	33	238	24	158 319 452 481 530 636 875 925 931 1635 1638 2144 2211 2215 2412 2549 2780 2821 2988 3234 3484 3532 3613 3651 4293 4375 4738 4886
457	3	84	24	43 149 188 195 226 835 898 915 921 1118 1385 1409 2426 2855 3113 3200 3270 3512 3588 3823 3998 4037 4078 4141 4174 4225 4417 4432 4611 4935
11	6	73	24	57 575 673 715 956 1132 1257 1578 1655 1779 2154 2214 2315 2339 2367 2506 2589 2702 2833 3064 3137 3310 3989 4252 4392 4549 4650 4915
16	10	58	24	23 175 309 691 805 840 1057 1074 1133 1215 1512 1564 1580 1647 1732 2722 2812 2894 2951 3123 3355 3625 3637 3973 4035 4056 4097 4177
18	13	248	24	322 512 758 821 883 1152 1415 1452 1503 1553 1576 1637 1644 2201 2311 2382 3181 3600 3782 3840 4025 4336 4440 4536 4627 4717 4847 4911
54	20	31	24	239 562 582 701 934 989 1076 1312 1316 1444 1565 1681 1699 1823 1887 2242 2423 2763 2895 3027 3118 4297 4582 4733 4802 4925 4988 4997
78	7	142	24	13 61 135 282 334 618 899 962 1400 1411 1614 1915 1932 2075 2109 2176 2240 2545 2607 2967 3417 3490 3660 3741 4217 4230 4348 4463 4476 4688
90	37	21	24	2 72 251 498 549 659 765 812 936 1423 1917 1973 2062 2184 2267 2273 2466 2538 2541 2595 2681 2708 2974 3087 3163 3253 3416 3783 4044
94	5	111	24	40 667 716 910 990 1056 1187 1244 1282 1347 1454 1536 1665 1683 2061 2433 2660 2787 3469 3592 3786 3809 3843 3895 4160 4224 4595 4720 4969
103	4	23	24	207 211 468 576 627 838 1128 1157 1468 1473 1517 1575 1811 1846 1862 2279 2335 2480 2539 2546 3004 3158 3263 3538 3589 3697 3936 4530 4711 4753
123	40	127	24	52 100 200 273 292 401 408 787 825 1547 1622 1938 3247 3260 3466 3593 3610 4121 4198 4255 4260 4393 4434 4554 4737
161	25	231	24	128 138 255 365 475 798 1025 1055 1092 1094 1944 1951 2353 2755 2823 3003 3048 3141 3258 3460 3620 3822 3828 3898 4123 4346 4481 4593 4752
197	38	92	24	237 419 442 555 557 752 1320 1687 1834 2005 2198 2217 2278 2734 2851 3129 3199 3238 3298 3392 3408 3580 3644 4068 4356 4427 4447 4451 4550 4589 4696
200	28	155	24	35 93 110 398 449 471 503 867 885 1031 1042 1153 1527 1784 2003 2331 2383 2592 2709 2994 3098 3160 3167 3439 3597 3629 3704 4147 4215 4397
241	11	121	24	3 82 212 215 284 317 434 703 866 1345 1414 1937 1943 1957 2118 2248 2341 2603 2842 2943 3259 3379 4203 4205 4389 4482 4900
244	1	104	24	141 262 335 348 895 1029 1106 1448 1487 1991 2010 2047 2112 2199 2301 2699 2727 2778 2893 3366 3442 3853 3953 4088 4130 4637 4693 4827
287	26	209	24	153 163 193 238 326 372 911 1034 1230 1384 1598 1684 1688 1874 2355 2362 2604 2829 3399 4004 4186 4339 4380 4448 4486 4866
315	14	156	24	298 462 651 776 861 961 1183 1196 1224 1234 1288 1323 1658 1836 1883 2125 2228 2235 2322 2463 2745 3883 3897 3914 3917 4353
320	31	70	24	286 396 617 833 955 1145 1225 1242 1246 1697 1934 2299 2444 2638 2698 2757 2902 3080 3410 3470 3495 3656 4000 4444 4974 4981
357	30	82	24	45 109 447 501 513 879 1020 1123 1143 1500 2014 2406 2498 2530 2900 2966 3001 3217 3251 3265 3536 3947 4055 4210 4399 4429 4683 4809
362	39	34	24	455 639 759 939 999 1201 1349 1432 1489 1528 1558 1702 1713 2012 2327 2357 2371 2522 2811 2985 3284 3553 3700 3905 4566 4763 4810 4913 4965
428	35	198	24	102 511 626 750 822 1166 1608 1967 2389 2397 2537 2758 2789 2938 3424 3445 3576 3709 3869 3949 4033 4050 4104 4165 4639 4783 4876 4878 4948
449	32	218	24	250 295 297 465 540 1195 1275 2261 2479 2529 2647 2876 2904 3161 3170 3314 3567 3724 3771 3922 3963 4120 4194 4222 4473 4698
489	21	108	24	26 97 263 533 542 718 890 928 1348 1393 1671 1858 1898 1919 1923 2046 3076 3106 3214 3471 3529 3587 3738 3767 4011 4512 4591 4758
7	16	171	24	181 407 543 656 1178 1259 1574 1718 1871 1982 2487 2693 3172 3192 3279 3299 3511 3838 4262 4286 4366 4439 4547 4678 4685 4778 4953
72	29	129	24	34 202 1073 1595 2226 2411 2430 2468 2565 2632 2760 2761 2800 2848 3332 3414 3502 3563 3856 4127 4441 4497 4508 4525 4695 4815
92	9	130	24	169 187 484 914 1001 1199 1417 1430 1458 1736 1869 2091 2168 2869 2957 2962 3083 3232 3489 3831 4398 4561 4958 4975
155	24	140	24	42 81 347 354 437 571 584 979 981 1105 1353 1787 1997 2492 2664 2837 2998 3219 3627 3713 3819 3852 3907 3915 3993 4079 4602 4726
168	8	180	24	108 268 536 653 674 721 727 768 912 1426 1543 1650 1821 2202 2275 2543 2733 2930 3008 3016 3324 3456 3525 3544 3547 3657 3760 4343 4598 4831
209	15	250	24	150 306 755 777 918 984 1098 1159 1317 1366 1422 1782 1895 2326 2513 2551 2774 2861 2944 3244 3524 3528 3664 4294 4327 4445 4813 4960
497	17	87	26	596 665 693 818 1373 1393 1489 1709 1773 1886 1944 2043 2072 2272 2331 2394 2511 2636 2734 2977 3143 3237 3794 3892 3946 4323 4618 4973
15	27	236	26	16 54 117 435 572 733 1003 1088 1137 1376 2166 2201 2700 2861 2969 3075 3103 3319 3330 3398 3420 3468 3948 4161 4168 4213 4219 4717 4915
127	2	9	26	202 388 413 580 1031 1053 1364 1474 1493 1609 1661 1810 1918 2284 2434 2493 2523 2924 2965 2986 3085 3162 3530 3859 3950 4043 4516 4633 4844
305	36	46	26	340 398 479 486 516 556 595 655 805 1224 1246 1383 1416 1596 1707 1730 1849 2249 2730 3187 3299 3556 3650 4129 4223 4315 4339 4600 4653
492	18	54	26	38 150 237 302 327 522 685 934 987 1365 1799 1959 2006 2019 2021 2056 2310 2611 2737 2869 2987 3242 3515 3774 3802 4681 4828 4856
111	19	107	26	396 467 657 803 829 1131 1317 1329 1451 1501 1692 1700 1988 2145 2393 2517 2621 2717 3563 3714 4185 4272 4406 4531 4746 4860
177	12	78	26	249 1014 1095 1166 1463 1486 1820 1875 2267 2850 2863 2890 2976 3052 3218 3355 3470 3610 3776 3808 4079 4304 4576 4759 4764
245	22	69	26	55 318 537 799 923 958 1447 1466 1479 1577 1590 1927 2336 2470 2528 2547 2680 2843 3264 3682 3863 4061 4141 4214 4585 4771 4777
312	23	191	26	36 256 487 684 732 845 967 1093 1221 1264 1518 1578 1911 1956 2225 2449 2510 2683 2942 3198 3790 3853 3869 4356 4503 4926
373	33	195	26	19 29 373 882 885 1096 1745 1867 1986 1996 2370 2409 2506 2669 2741 2891 2997 3071 3120 3402 3782 3986 4009 4133 4209 4369 4521 4957
445	3	179	26	58 82 306 385 482 591 1136 1156 1211 1400 1673 2654 2691 3011 3012 3110 3236 3338 3549 3641 3795 3852 3966 4031 4232 4390 4445
10	6	90	26	128 182 495 1063 1199 1377 1485 1527 1591 1664 1794 2118 2259 2353 2437 2585 2983 2991 3193 3548 3570 3865 4238 4544 4879 4990
60	10	169	26	274 800 1154 1173 1272 1611 1879 2402 2485 2544 2638 2712 2879 3101 3204 3229 3393 3401 3500 3607 3833 3855 3960 4408 4451 4876
89	13	118	26	216 378 390 505 725 737 787 1036 1203 1344 1351 2130 2180 2269 2295 2726 2993 3053 3139 3172 3210 3432 4186 4473 4932
412	20	193	26	5 65 221 513 711 1098 1101 1593 2025 2403 2476 2584 2750 2927 3027 3064 3287 3624 4195 4211 4256 4529 4594 4805 4817
423	7	81	26	26 310 604 849 1149 1296 1543 1614 1696 1998 2076 2083 2883 2899 2975 3150 3324 3757 3962 4405 4502 4788 4922
384	37	231	26	215 241 325 483 853 2219 2354 2432 2459 2479 2562 2604 2791 2839 2871 2932 3447 3498 3709 4279 4362 4371 4564
224	5	51	26	126 173 206 884 1283 1302 1305 1381 1535 1584 1660 2291 2825 2901 3060 3062 3567 3880 4174 4467 4534 4656
470	4	99	26	361 1070 1208 1303 1560 1629 1778 1815 1925 2337 2483 2658 2963 3976 3991 4173 4227 4417 4519 4635 4718
