Course	Room	Teacher	Time	Students
253	7	226	2	172 250 332 430 487 542 607 629 633 636 651 659 1030 1063 1079 1136 1243 1344 1443 1571 1612 1776 1819 1850 1972 2138 2264 2551 2610 2636 2924 3083 3188 3189 3369 3509 3534 3596 3683 3774 3935 4031 4176 4207 4221 4497 4535 4553 4806 4853 4859 4934
354	4	242	2	46 194 339 355 393 410 507 703 843 918 982 1169 1311 1395 1470 1540 1834 1947 2026 2055 2134 2303 2312 2396 2512 2579 2590 2625 2676 2958 3061 3071 3143 3239 3357 3377 3409 3608 3706 3832 3934 3978 4092 4133 4166 4460 4521 4528 4548 4622
201	22	206	2	64 103 229 409 511 515 535 549 570 665 669 828 877 938 995 1027 1058 1097 1146 1153 1155 1159 1662 1814 1840 1964 1996 2102 2129 2132 2546 2718 2749 2754 2784 3244 3250 3672 3963 4020 4153 4156 4275 4329 4494 4674 4833 4858 4913 4977
122	39	26	2	19 325 534 674 692 730 731 743 751 915 1218 1651 1805 2000 2030 2104 2401 2555 2648 2655 2673 2741 2911 3105 3162 3164 3177 3279 3389 3455 3691 3805 3854 3888 3958 4019 4160 4410 4531 4588 4654 4783 4954 4999
171	16	33	2	119 129 210 255 454 592 598 861 1454 1476 1607 1619 1732 1904 1921 1991 2274 2507 2524 2714 2755 2769 2888 3002 3033 3243 3280 3398 3604 3619 3801 3835 3940 3987 4116 4149 4538 4632 4801 4865
182	3	41	2	43 67 202 223 446 805 1175 1357 1475 1480 1502 1525 1534 1535 1596 1811 2012 2133 2220 2310 2329 2523 2584 2792 3115 3155 3482 3503 3562 3662 3715 3748 3781 4140 4433 4442 4476 4547 4561 4566 4581 4709 4828 4862
436	7	41	4	112 196 284 304 321 323 398 766 798 858 1235 1337 1427 1437 1460 1561 1811 2374 2406 2752 2754 3040 3063 3097 3169 3337 3380 3428 3457 3553 3634 3673 3738 3922 4010 4101 4170 4285 4291 4303 4428 4568 4598 4792 4830
477	10	8	2	69 237 249 320 489 631 678 939 1350 1683 1711 1856 1869 1941 2214 2233 2282 2287 2530 2603 3004 3060 3079 3090 3112 3229 3252 3254 3283 3288 3334 3437 3440 3559 4193 4241 4412 4697 4704 4711 4816 4834 4942 4952 4974
135	25	205	2	106 133 208 230 309 361 518 574 1089 1103 1264 1300 1614 1618 1664 1677 1718 1829 1976 1986 2176 2300 2347 2391 2395 2494 2511 2678 2680 2708 2745 2761 2897 3275 3346 3508 3565 3620 3898 4048 4187 4223 4235 4557 4646 4650 4811
158	19	169	2	35 190 346 502 580 777 807 819 865 890 1000 1241 1251 1479 1566 1586 1613 1939 1955 2018 2064 2252 2563 2565 2593 2649 2929 3087 3150 3224 3471 3500 3765 3779 3885 3977 4302 4342 4344 4559 4573 4695 4750
161	1	168	2	81 163 196 316 367 373 433 713 852 887 940 984 989 1277 1342 1492 1518 1703 2001 2033 2119 2142 2256 2265 2304 2564 2566 2719 2813 3012 3146 3284 3878 3921 3961 4183 4220 4291 4635 4682 4765 4856 4872 4896 4975
168	20	65	2	348 395 468 573 810 820 1044 1064 1122 1406 1446 1555 1627 1657 1690 1706 2113 2516 2535 2550 2810 2824 2865 3001 3096 3306 3414 3459 3603 3799 3806 3846 3904 3946 4354 4373 4450 4475 4525 4543 4595 4633 4818 4851 4933
215	29	160	2	6 101 290 411 482 571 642 643 712 842 1268 1339 1369 1375 1526 1621 1774 1853 1924 2032 2079 2234 2422 2687 2807 2859 2866 2908 3009 3173 3183 3763 3918 4061 4202 4340 4396 4481 4665 4748 4823 4830 4837 4838 4839 4863 4873 4985
325	31	109	2	87 125 181 314 343 374 382 729 759 889 900 941 1195 1301 1623 1631 1671 1825 1903 2038 2628 2691 2855 2902 2962 3057 3069 3259 3379 3429 3456 3693 3768 3833 3839 4303 4503 4571 4760 4763 4819 4854 4867 4959
360	33	124	2	52 176 280 358 452 506 662 675 719 855 870 996 1336 1403 1543 1768 1816 1995 2331 2352 2358 2366 2399 2432 2756 2914 3054 3067 3092 3152 3156 3159 3213 3313 3358 3712 3831 3985 4028 4040 4188 4353 4367 4508 4802 4821
9	38	153	2	121 212 351 566 634 664 715 792 800 879 920 1269 1303 1542 1745 2208 2338 2402 2435 2444 2654 2657 3038 3046 3217 3339 3352 3383 3483 3588 3602 4198 4200 4214 4363 4384 4425 4457 4463 4562 4597 4641 4904 4926 4928 4949 4965 4996
33	14	240	2	76 148 451 608 685 725 726 737 804 1381 1394 1509 1590 1661 1663 1813 1843 2087 2122 2268 2298 2339 2343 2388 2393 2577 2595 3050 3116 3131 3144 3310 3315 3515 3708 4280 4355 4359 4427 4542 4826 4887 4894 4944 4968
131	13	98	2	139 265 333 431 443 547 552 613 684 707 752 849 1206 1383 1405 1427 1580 1923 2002 2351 2567 2669 2776 2912 3062 3151 3165 3412 3430 3543 3641 3654 3655 3694 3699 3893 3901 4055 4395 4583 4619 4874 4908
264	32	180	2	302 623 708 793 1082 1139 1161 1215 1363 1514 1529 1705 1760 2013 2067 2105 2121 2245 2314 2529 2604 2656 2686 2705 2757 2773 2820 2832 2841 2907 3049 3735 3782 3879 3920 4023 4114 4281 4332 4798 4895 4976
412	4	153	4	43 270 514 610 709 712 883 1131 1245 1314 1682 1790 2021 2023 2057 2095 2109 2324 2362 2405 2940 2976 2986 3283 3319 3406 3549 3707 3773 3794 3885 3897 3919 3932 3969 4376 4547 4630 4711 4882 4893 4899
446	24	42	2	159 246 306 526 553 735 815 911 1015 1104 1180 1224 1272 1432 1659 1963 1993 2060 2068 2211 2280 2333 2394 2499 2609 2615 2643 2830 2943 2944 3273 3375 3634 3789 3818 4034 4072 4131 4173 4308 4337 4414 4510 4703 4864 4907
485	30	234	2	111 126 131 156 519 540 584 588 663 834 991 1166 1168 1345 1404 1482 1578 1945 2031 2538 2696 2724 2733 2876 3291 3333 3367 3485 3521 3567 3826 3903 4091 4127 4376 4451 4670 4790 4846 4986
129	12	170	2	274 327 388 473 492 509 563 564 621 851 914 1120 1230 1249 1308 1453 1503 1587 1682 1696 1702 1769 1815 1857 1895 1988 1990 2839 3531 3557 3563 3647 3698 3725 3730 3823 3855 3932 3992 4270 4530 4615 4677 4889 4919
237	6	127	2	57 113 347 498 603 706 732 795 1157 1253 1313 1335 1422 1484 1616 1767 1817 2151 2421 2475 2621 2658 2875 2921 3018 3153 3206 3424 3544 3550 3631 3679 3797 3827 3834 3842 3863 3991 4328 4372 4392 4491 4577 4693 4878
309	40	16	2	175 234 261 462 466 545 1068 1246 1326 1331 1356 1425 1632 1949 2115 2189 2199 2230 2426 2429 2442 2575 2583 2642 2817 2819 2833 2846 2848 2952 3214 3506 3585 3590 3749 4286 4420 4500 4555 4584 4634 4966 4991
331	36	76	2	63 71 90 238 331 386 427 577 582 614 806 905 976 1048 1073 1162 1411 1426 1447 1448 1461 1762 1928 1958 2143 2487 2753 2862 2873 3042 3137 3400 3573 3979 4075 4212 4257 4292 4391 4621 4626 4728 4745 4824 4906 4948
389	35	131	2	22 95 389 597 772 860 1052 1124 1257 1510 1643 1944 1946 1961 1989 2149 2322 2344 2375 2713 2885 2896 3008 3016 3123 3324 3350 3426 3492 3665 3745 3754 3868 3908 3972 4389 4490 4507 4549 4738 4937
411	9	143	2	85 155 243 245 282 324 464 479 686 896 1110 1282 1472 1473 1520 1573 1691 1717 1779 1820 1849 1873 1912 2006 2045 2123 2321 2689 2715 2768 2915 2940 2966 3014 3145 3327 3742 3770 3900 4068 4136 4264 4645 4649 4731 4767
459	34	86	2	94 108 300 369 705 758 770 832 937 1023 1026 1138 1639 1650 1689 1818 2269 2276 2466 2640 2709 2904 2990 2999 3029 3056 3091 3093 3180 3384 3533 3732 3743 3812 4179 4208 4228 4356 4467 4630 4651 4663 4672
476	26	68	2	130 197 222 228 252 359 474 500 710 734 963 1095 1299 1402 1644 1761 1791 1974 2005 2039 2198 2221 2380 2469 2476 2599 2659 2877 2934 3307 3487 3519 3713 3819 4123 4234 4240 4459 4506 4788 4955 4960
69	37	129	2	48 49 65 145 173 204 490 579 765 839 960 1294 1499 1524 1723 1786 1900 2305 2390 2490 2508 2531 2552 2758 3179 3262 3270 3303 3354 3514 3687 3769 3856 3871 3887 3965 4158 4307 4323 4368 4600 4717 4740 4998
107	28	92	2	51 276 531 618 667 875 951 1235 1327 1633 1638 1686 1707 1907 2043 2194 2247 2266 2334 2572 2974 2977 3286 3294 3330 3442 3580 3581 4026 4093 4178 4313 4443 4512 4533 4648 4732
141	17	6	2	390 414 497 602 639 876 983 1170 1209 1211 1316 1371 1698 1743 1796 1836 1909 1911 2217 2241 2501 2661 3035 3037 3080 3194 3221 3266 3312 3338 3449 3457 3791 3803 3927 4059 4143 4315
153	2	194	2	257 260 294 536 681 727 859 954 966 1019 1020 1173 1552 1595 1708 1896 2003 2083 2175 2350 2373 2623 2646 2726 2766 2951 2964 2970 2973 2980 3299 3418 3481 3486 3848 3882 3892 4049 4219 4253 4284 4300 4304 4411 4455
211	5	217	2	54 219 405 612 638 649 661 908 1245 1463 1660 1867 1885 1892 1957 2170 2185 2240 2336 2337 2484 2520 2570 2602 2617 2677 2706 2903 3208 3241 3395 3697 3793 3796 3969 4261 4306 4322 4736 4803 4877 4929 4943
268	27	207	2	29 293 439 763 883 916 1001 1141 1142 1296 1400 1458 1562 2086 2216 2405 2427 2436 2505 3148 3203 3211 3458 3465 3469 3496 3497 3784 3814 4267 4274 4283 4285 4351 4390 4419 4434 4471 4544 4546 4638
282	18	99	2	61 626 846 1323 1352 1636 1736 1927 2016 2034 2066 2091 2324 2392 2438 2470 2547 2556 2573 2730 3041 3247 3359 3368 3373 3568 3618 3677 3788 3837 3862 3917 4085 4225 4382 4513 4712 4716 4772 4836 4843 4891 4893 4918
293	11	214	2	216 329 354 406 546 560 578 893 978 1087 1102 1210 1318 1418 1605 1860 1893 2050 2126 2182 2291 2486 2514 2633 3065 3185 3191 3220 3340 3402 3582 3695 3757 3762 4036 4052 4095 4120 4290 4743 4744 4910 4931
297	23	104	2	3 99 115 244 303 403 774 814 1114 1116 1172 1260 1285 1998 2092 2197 2491 2693 2744 2793 2892 2910 2919 3025 3051 3068 3106 3134 3142 3511 3595 3645 3913 3983 4279 4365 4405 4564 4669 4831 4920
322	8	49	2	42 53 75 107 349 799 836 891 969 1126 1256 1281 1507 1797 1847 1883 1889 1970 2072 2204 2290 2431 2560 2777 2823 3082 3141 3319 3391 3399 3406 3520 3648 3684 3758 3777 4154 4269 4441 4526 4536 4781 4941 4969
365	21	223	2	18 39 123 134 514 524 625 930 935 985 1190 1397 1421 1670 1714 1826 1935 2073 2167 2411 2455 2699 2849 2989 3122 3212 3316 3614 3632 3669 3734 3792 3864 3973 4051 4211 4404 4488 4572 4668 4683 4746 4784 4956 4962
416	15	87	2	137 151 198 235 263 310 653 1140 1202 1274 1340 1486 1572 1681 1994 2248 2425 2533 2737 2759 2872 2994 3102 3111 3343 3432 3807 3811 3895 4144 4236 4309 4489 4590 4611 4660 4694 4758 4786 4932
418	22	49	4	83 225 472 484 545 579 774 828 913 1091 1208 1226 1278 1491 1497 1586 1701 1739 1974 2478 2540 2555 2697 2698 2769 2832 2885 3131 3247 3335 3623 3660 4032 4223 4328 4370 4554 4606 4627 4741 4769 4917 4979
443	39	40	4	142 361 391 501 671 726 826 1387 1466 1540 1564 1677 1787 1847 1983 2113 2175 2185 2271 2604 2864 2906 3032 3053 3082 3148 3217 3321 3397 3468 3502 3874 3926 4553 4623 4704 4729 4739 4791 4820 4849 4914
454	16	79	4	116 280 288 779 806 872 955 1153 1261 1385 1508 1541 1702 1748 1988 2078 2138 2178 2218 2506 2524 2646 2765 2788 2871 2965 3026 3181 3593 3620 3813 3957 4103 4155 4241 4534 4641 4648 4718 4907
468	3	186	4	125 211 346 422 459 512 848 922 973 1040 1213 1215 1308 1328 1476 1482 1969 2013 2061 2096 2154 2220 2323 2760 3005 3007 3269 3278 3343 3435 3475 3548 4120 4192 4302 4429 4527 4658 4721 4807 4913 4957
127	10	1	4	44 353 498 672 723 1057 1149 1183 1240 1309 1592 1900 1914 1932 1949 2016 2025 2116 2183 2245 2632 2867 3014 3089 3440 3494 3537 3672 3747 3906 3960 4024 4178 4275 4444 4500 4637 4651 4755 4936 4987
154	25	156	4	122 240 400 454 603 614 768 906 954 996 1007 1299 1472 1524 1617 2166 2514 2619 2818 3013 3066 3085 3222 3340 3365 3543 3814 3937 3971 4013 4147 4230 4258 4315 4329 4332 4619 4759 4761 4906 4929
156	19	13	4	84 99 221 416 418 689 1122 1260 1297 1340 1341 1359 1402 1641 1733 1973 2247 2321 2392 2471 2505 2517 2625 2670 2722 2783 2842 3229 3231 3317 3364 3547 3594 3838 3841 3993 4072 4131 4177 4197 4321 4354 4501 4674 4968
219	1	35	4	34 146 201 528 576 685 1137 1597 1786 1828 1985 2038 2273 2322 2368 2525 2637 2702 2795 2851 2887 2899 2914 2919 2973 3112 3381 3571 3618 3780 3793 3916 3959 3976 4011 4145 4505 4511 4875
284	20	100	4	223 268 269 296 328 358 531 596 641 716 1104 1127 1158 1182 1185 1311 1322 1396 1519 1575 1588 1690 2349 2391 2447 2713 2741 2932 3092 3127 3133 3596 3783 3869 3955 4146 4256 4358 4385 4418 4496 4931
285	29	175	4	24 120 558 670 690 855 876 963 1054 1075 1470 1526 1608 1741 1755 1843 2173 2251 2440 2573 2608 2776 2791 2947 3087 3099 3202 3245 3252 3329 3449 3526 3610 3727 3848 4078 4166 4193 4206 4640 4652 4659 4678 4743 4757
342	31	76	4	78 131 246 263 387 455 595 710 722 788 849 864 917 1531 1584 1815 1936 2083 2171 2233 2367 2387 2509 2968 3164 3227 3326 3615 4135 4221 4480 4549 4589 4861 4998
385	33	242	4	331 423 745 825 871 885 926 1026 1041 1154 1171 1268 1316 1362 1370 1532 1536 1878 1951 2027 2042 2335 3011 3030 3194 3451 3554 3636 3726 3833 3883 3958 3992 4041 4298 4304 4365 4394 4465 4474 4562 4848 4935 4991
391	38	177	4	59 97 113 128 206 446 517 533 613 701 874 1012 1330 1577 1634 1683 1709 1885 1899 1916 2056 2085 2126 2446 3171 3262 3376 3525 3569 3770 3853 3905 4057 4227 4251 4284 4380 4397 4457 4529 4938
447	14	89	4	161 216 308 379 401 581 753 790 800 821 856 919 970 993 1082 1303 1335 1357 1416 1650 1723 1774 1889 1940 1941 2287 2343 2378 2614 2699 2877 3075 3363 3410 3452 3657 3757 3915 4222 4247 4620 4698 4737 4996
456	13	173	4	11 186 229 317 448 565 770 835 887 927 1011 1046 1050 1553 1678 1720 2159 2163 2282 2399 2451 2532 2650 2738 2759 2890 2915 2920 3354 3466 3822 3854 3859 3901 4067 4115 4209 4212 4287 4519 4583 4612 4924
32	32	198	4	129 363 654 817 957 1068 1413 1431 1781 1789 1922 2066 2112 2157 2382 2416 2499 2503 2850 2909 3031 3039 3046 3382 3398 3454 3539 3617 3676 3856 4053 4059 4095 4107 4265 4401 4524 4901
46	24	191	4	136 311 315 476 520 523 577 590 695 762 965 1388 1452 1629 1707 1929 2135 2221 2244 2545 2778 2981 3023 3114 3216 3300 3350 3455 3531 3626 3677 3948 3991 4006 4172 4305 4435 4450 4682 4715 4940
63	30	58	4	119 238 435 440 549 852 873 936 1201 1203 1345 1468 1729 1875 1925 2064 2327 2580 2714 2796 2869 3019 3101 3165 3168 3183 3204 3443 3486 3730 4083 4105 4163 4324 4360 4398 4407 4541 4692 4708 4724 4781 4922
74	12	46	4	156 231 436 541 554 677 731 1035 1300 1404 1432 1442 1550 1810 1855 2133 2212 2215 2257 2357 2430 2454 2562 2565 3009 3100 3224 3608 3625 3654 3670 3750 4126 4142 4204 4323 4427 4513 4517 4701 4829
169	6	98	4	31 222 230 351 412 463 660 704 771 804 881 912 939 1191 1234 1258 1295 1372 1471 1600 1953 1956 2105 2296 2437 2886 2984 3050 3062 3163 3238 3510 3566 3844 3938 3989 4045 4123 4301 4364 4472 4810 4933
232	40	189	4	30 40 104 138 199 248 488 489 1159 1272 1448 1582 1743 2158 2172 2204 2222 2401 2482 2495 2617 2804 3144 3190 3199 3256 3312 3501 3592 3789 4049 4108 4202 4224 4225 4238 4335 4466 4470 4754 4895 4905
249	36	159	4	9 135 297 408 437 464 629 652 878 910 916 1239 1317 1475 1646 1648 1812 1903 1937 2024 2231 2275 2408 2477 2597 2606 2655 2802 2858 2904 2959 3176 3258 3320 3465 3687 3737 4040 4117 4215 4312 4559 4768 4833
272	35	106	4	5 41 46 352 378 536 544 684 743 983 1129 1469 1693 1887 2302 2315 2448 2470 2473 2553 2574 2587 2669 2695 3338 3366 3415 3489 3528 3639 3815 4082 4119 4391 4631 4707 4779 4782 4786 4896 4953
277	9	25	4	21 155 551 755 854 924 1197 1220 1377 1488 1620 1649 1685 1913 1944 1963 1992 2089 2093 2186 2198 2300 2393 2400 2639 2725 2816 2822 3266 3276 3399 3552 3661 4125 4201 4306 4359 4536 4586 4804 4961
345	34	210	4	66 182 194 334 734 767 1142 1194 1393 1494 1534 1726 1853 2319 2533 2570 2652 2653 2772 2836 2954 3574 3601 3680 3892 3913 4000 4174 4184 4341 4411 4528 4576 4579 4869 4920 4984
368	26	230	4	226 227 312 453 639 720 725 905 956 968 1055 1083 1124 1144 1212 1249 1435 1495 1767 1826 1971 2240 2360 2512 2644 2734 3016 3042 3327 3346 3504 3534 3798 3952 3990 4060 4199 4479 4555 4614 4615 4697 4803 4854
380	37	36	4	170 492 502 513 575 587 833 950 1173 1276 1350 1792 1851 1948 2006 2047 2094 2184 2288 2304 2320 2420 2472 2742 2974 3135 3375 3470 3481 3556 3598 3647 3653 3662 3711 3778 4046 4152 4168 4188 4190 4944
403	28	152	4	232 388 607 645 879 987 1069 1071 1143 1151 1166 1254 1512 1567 1573 1819 1824 1846 1864 2202 2410 2415 2458 2703 2913 2991 3174 3193 3284 3360 3371 3516 3559 3840 3911 4047 4281 4361 4396 4400 4750 4942
425	17	65	4	185 337 383 605 656 836 877 1017 1296 1329 1661 1674 1750 1802 2097 2098 2196 2353 2730 2798 2846 2936 2996 3180 3198 3307 3322 3392 3434 3448 3581 3824 4022 4231 4243 4375 4439 4461 4633 4770 4774 4918 4923
431	2	3	4	33 256 478 540 668 674 945 977 1078 1106 1156 1259 1652 1721 1808 1920 1947 2077 2134 2209 2346 2582 2667 2686 2879 2881 3233 3273 3308 3487 3492 3493 3629 3640 3772 3944 3985 4044 4249 4263 4383 4650
484	5	69	4	100 132 591 748 857 867 896 929 1022 1062 1135 1238 1270 1277 1415 1547 1580 1618 1751 1942 2084 2214 2538 2576 2688 2872 2907 3098 3186 3275 3614 3942 4008 4033 4297 4327 4514 4581 4645 4805 4813 4999
53	27	92	4	8 166 281 377 769 1002 1262 1527 1635 1675 1742 1757 1784 2008 2051 2177 2229 2299 2342 2500 2588 2589 2618 2638 2672 2743 2811 2847 3439 3572 3699 3709 3760 3832 3857 3909 3954 4056 4068 4425 4676 4904
55	18	105	4	82 91 118 530 679 787 1021 1073 1325 1347 1559 1793 1833 2052 2129 2188 2194 2246 2427 2575 2666 2880 2883 2929 2970 3136 3210 3370 3413 3471 3524 3804 3862 3872 3875 3928 4034 4322 4415 4613 4766
80	11	204	4	53 115 141 262 778 1008 1047 1162 1196 1271 1282 1355 1399 1593 1621 1727 1756 1926 2074 2213 2263 2265 2519 2860 2966 2985 3024 3034 3045 3251 3401 3460 3733 3784 3871 4054 4139 4164 4182 4765 4787 4855 4962
96	23	104	4	95 179 217 274 1088 1126 1265 1273 1287 1310 1986 2190 2326 2491 2668 2854 2924 3083 3213 3488 3546 3679 3692 3902 3994 4293 4531 4752 4796 4822 4874 4884 4888
111	8	52	4	302 395 529 534 602 609 611 700 744 830 1015 1365 1392 1655 1704 1804 1845 1895 2106 2259 2285 2356 2541 2569 2611 2945 3041 3212 3218 3232 3234 3305 3351 3385 3790 3974 4482 4492 4503 4632 4649
132	21	112	4	73 294 342 424 458 537 633 740 781 972 1070 1087 1184 1227 1229 1233 1518 1615 1680 1746 1832 2022 2080 2207 2419 2501 2502 2627 2995 3060 3175 3211 3295 3427 3522 3558 3694 4129 4371 4515 4570 4823 4912 4950
148	15	231	4	62 149 253 291 570 706 724 823 870 891 1059 1307 1380 1395 1401 1576 1663 1747 2255 2258 2316 2453 2489 2537 2561 2971 3015 3035 3155 3274 3605 3633 3652 3678 3704 3715 3791 3981 4132 4402 4423 4687 4793
150	7	138	6	2 17 36 294 642 752 809 819 1155 1207 1528 1575 1720 1765 1849 1918 2040 2060 2312 2428 2435 2598 2671 2899 3033 3071 3166 3297 3331 3376 3436 3443 3902 4050 4132 4201 4215 4421 4705 4742
251	4	237	6	4 381 386 429 567 583 589 609 961 1177 1428 1498 1633 1674 1739 1820 1845 2034 2065 2281 2385 2508 2517 2541 2582 2891 2962 3141 3326 3369 3495 3622 3675 3993 4479 4521 4758 4759 4867 4884
266	22	122	6	164 208 326 400 419 558 595 631 776 791 931 996 1236 1304 1429 1899 1926 1959 2154 2274 2313 2473 2528 2577 2692 2751 3116 3309 3571 3716 3860 4032 4052 4131 4200 4218 4435 4481 4602 4782 4901
273	39	246	6	200 270 600 764 855 977 1011 1051 1185 1382 1411 1438 1458 1515 1520 1532 1794 1808 1929 2103 2665 2853 2978 3110 3160 3290 3610 3760 3774 3831 3868 3968 4092 4244 4441 4740 4774 4827 4995
287	16	233	6	38 91 801 1032 1037 1092 1222 1380 1445 1610 1623 1684 1749 1863 1983 2019 2135 2177 2239 2462 2513 2643 2688 2715 2789 2984 2992 3180 3227 3295 3445 3617 3660 3933 3969 4164 4358 4533 4662 4808 4876
314	3	217	6	13 56 69 252 354 415 472 695 891 968 1071 1117 1166 1414 1437 1496 1836 2163 2238 2276 2442 2681 2798 2995 3084 3232 3322 3386 3422 3917 3953 3979 4086 4343 4367 4485 4584 4604 4667 4801
352	10	230	6	135 195 203 228 442 517 1034 1044 1139 1158 1589 1626 1750 1783 1818 1954 2228 2301 2492 2750 2884 2887 2976 3214 3313 3403 3569 3586 3793 3803 4058 4363 4476 4488 4601 4623 4760 4898 4900
491	25	115	6	57 68 238 546 713 721 798 987 997 1141 1171 1205 1447 1511 1673 1840 2088 2147 2404 2578 2664 2755 2793 2826 2968 3113 3137 3435 3573 3773 3887 4071 4121 4135 4392 4492 4499 4642 4845 4972
498	19	154	6	368 483 693 899 936 1013 1106 1258 1387 1430 1456 1830 1868 1887 2042 2441 2478 2496 2700 2757 2765 2832 2844 2977 3072 3076 3105 3125 3337 3363 3523 3730 3893 4231 4265 4301 4417 4425 4454 4689 4771 4812
1	1	139	6	126 178 192 511 670 1063 1067 1113 1134 1257 1358 1908 1934 1936 2002 2145 2422 2534 2669 2939 3025 3542 3564 3629 3663 3814 3842 3914 3971 4319 4438 4443 4554 4850 4862 4889 4897 4927 4929
26	20	213	6	83 268 283 927 1008 1096 1120 1305 1315 1338 1486 1540 1679 1919 2007 2383 2431 2590 2608 2620 2743 3097 3220 3280 3333 3365 3444 3807 4048 4105 4272 4372 4459 4578 4585 4713 4878
54	29	155	6	37 105 213 357 451 458 688 808 1125 1191 1280 1436 1709 1901 1974 2015 2210 2401 2662 2923 2928 2933 3063 3240 3296 3314 3316 3514 3541 3551 3575 3742 3799 3819 3977 4038 4074 4242 4308 4344 4415 4928 4957
70	31	27	6	75 222 264 376 512 597 825 1079 1116 1252 1288 1450 1454 1587 1656 1864 2008 2146 2215 2487 2612 2695 2788 2845 3044 3139 3292 3532 3556 3643 3662 3666 3694 3722 3783 3888 3998 4045 4080 4114 4159 4449 4856
79	33	171	6	138 223 284 673 907 930 1309 1332 1401 1460 1468 1490 1607 1738 1790 1967 2080 2162 2284 2376 2395 2607 2727 3570 3637 3654 3678 3727 3808 3990 4100 4117 4233 4509 4520 4572 4600 4725 4952 4955
81	38	67	6	35 96 130 136 157 279 650 712 865 874 1198 1289 1327 1465 1700 1770 1897 2068 2168 2272 2354 2501 2682 2697 2799 2830 3075 3246 3281 3384 3580 3583 3632 3703 3761 4057 4073 4076 4362 4844 4971
120	14	135	6	66 167 318 365 391 521 587 592 933 1040 1095 1132 1142 1312 1325 1379 1495 1522 1598 1796 1956 2000 2005 2164 2174 2477 2519 2674 2747 2771 2818 3192 3243 3299 3469 3685 4331 4351 4378 4677
142	13	107	6	18 266 428 749 877 1069 1119 1196 1240 1314 1609 1813 1846 1872 1884 1994 2036 2123 2236 2332 2480 2556 2629 2794 2857 2893 2932 3027 3042 3080 3159 3204 3302 3563 3567 3701 3947 4723 4800
164	32	189	6	182 527 739 744 946 956 962 964 981 1182 1192 1255 1340 1398 1530 1777 1859 2089 2291 2540 2542 2635 2648 2772 2778 2955 3185 3516 3661 3668 3846 4145 4222 4254 4315 4652 4923 4967
173	24	19	6	152 154 171 273 367 437 522 827 863 921 1406 1562 1597 1665 1927 1992 2046 2078 2209 2289 2292 2326 2437 2650 2863 2892 3176 3238 3448 3540 3764 4294 4455 4552 4631 4688 4731 4904
213	30	118	6	42 244 348 474 584 594 762 834 861 934 1109 1168 1284 1294 1359 1363 1464 1648 1806 1937 2362 2370 3056 3351 3441 3453 3500 3681 3697 3850 3853 4230 4332 4352 4664 4680 4757 4963
258	12	32	6	45 85 307 344 362 658 732 794 847 896 898 928 942 1033 1052 1229 1256 1375 1592 1671 1695 1895 1905 1928 2016 2029 2250 2268 2543 2626 2724 2773 2784 2810 2953 3589 3590 3674 3690 4386 4467 4671 4910
261	6	130	6	28 181 396 465 728 966 1005 1010 1279 1451 2130 2544 2571 2716 2761 2841 3015 3054 3147 3178 3228 3398 3476 3608 3627 3667 3828 3869 3906 4009 4147 4247 4439 4621 4721 4832 4838
262	40	172	6	153 271 322 431 610 782 854 908 1041 1300 1397 1434 1466 1894 2028 2237 2323 2521 2533 2728 2834 2847 2864 3188 3194 3208 3258 3367 3548 3603 4191 4316 4350 4357 4398 4412 4518 4741 4959
296	7	67	8	442 559 625 982 1383 1409 1419 1814 1879 2044 2260 2343 2345 2529 2604 2628 2666 2690 2842 2943 3187 3256 3262 3418 3419 3668 3800 3840 3881 3977 4022 4143 4259 4295 4364 4668 4906 4927
311	36	148	6	27 190 215 240 363 881 935 975 1070 1452 1689 1890 2020 2091 2113 2423 2456 2484 2553 2787 2889 3055 3124 3184 3437 3527 3557 3689 3714 3940 4029 4030 4246 4373 4430 4512 4881 4930 4950 4951 4977
316	35	239	6	74 95 128 142 623 665 727 971 1060 1098 1099 1594 1599 1881 1941 1995 2041 2107 2217 2270 2394 2927 2949 2956 3030 3068 3167 3407 3462 3646 3994 4007 4157 4175 4217 4390 4397 4556 4622 4809 4814 4921 4980
319	9	78	6	12 50 127 134 177 501 551 998 1029 1324 1449 1551 1717 1952 1965 2133 2143 2166 2294 2430 2498 2781 2870 2905 3009 3293 3294 3306 3555 3834 3851 3852 3928 3938 4185 4261 4310 4346 4571 4708 4899 4990
361	34	232	6	8 321 940 1053 1462 1501 1556 1948 2084 2248 2465 2574 2684 2705 2709 2720 2729 2916 2930 2998 3140 3207 3424 3428 3439 3639 3705 3866 3931 4025 4104 4239 4311 4387 4456 4635 4672 4783 4932 4935 4940
370	26	83	6	6 168 260 487 624 666 723 1691 1814 1817 1841 1888 2227 2455 2505 2509 2942 3095 3630 3801 3872 3890 3895 3904 4053 4129 4151 4189 4251 4442 4529 4624 4649 4724 4887 4983
384	37	6	6	114 133 174 404 494 550 569 618 761 779 1027 1086 1233 1518 1568 1584 1628 1640 1867 2021 2096 2101 2195 2421 2450 2679 2753 2815 2886 2895 2921 3130 3348 3362 3752 3821 4028 4088 4406 4460 4599 4618 4719 4911 4934
392	28	114	6	122 310 445 485 656 826 869 939 1046 1087 1180 1696 1718 1866 2223 2260 2299 2388 2525 2572 2770 2969 3081 3150 3161 3237 3304 3344 3388 3466 3561 3631 3826 3908 4008 4245 4486 4625
417	17	34	6	107 409 443 538 629 704 833 876 897 1108 1281 1346 1360 1509 1596 1661 1798 1861 1933 2153 2225 2320 2655 2796 2861 2875 2878 2918 2960 3094 3117 3421 3533 3755 3790 3837 3879 3939 4249 4461 4484 4609
421	2	96	6	162 305 327 341 480 655 702 720 797 817 929 1043 1189 1254 1329 1576 1906 2673 2877 2911 2957 2987 2990 3012 3102 3157 3452 3677 4280 4309 4341 4359 4576 4581 4647 4778 4848 4866 4916
428	5	248	6	507 559 615 806 811 889 1409 1467 1566 1902 1907 2022 2048 2213 2263 2297 2436 2535 2666 2725 2919 2996 3017 3149 3234 3534 3903 3956 3978 4183 4322 4489 4497 4626 4657 4701 4772 4877 4954 4960
442	27	186	6	5 158 221 292 397 590 802 816 820 944 1115 1169 1318 1367 1657 1835 1914 2184 2307 2776 2782 2971 3416 3591 3664 3712 3746 3845 3918 3919 3995 4126 4300 4342 4558 4732 4807
445	18	14	6	315 359 453 743 892 988 1025 1042 1483 1557 1834 1984 2055 2097 2157 2206 2314 2550 2657 3099 3111 3242 3277 3479 3614 3788 4000 4243 4286 4532 4617 4698 4722 4869 4920 4938
478	11	161	6	371 619 700 822 918 922 1066 1160 1242 1248 1548 1692 1978 2050 2131 2719 2816 3006 3029 3153 3206 3279 3335 3347 3366 3370 3719 3874 3949 4221 4290 4317 4527 4536 4565 4589 4676 4883 4994
480	23	84	6	7 103 180 184 210 473 736 773 1004 1381 1423 1760 1791 1875 1932 2057 2059 2108 2483 2594 3118 3259 3271 3781 4063 4111 4122 4137 4253 4321 4401 4418 4639 4777 4839
494	8	97	6	41 199 219 343 356 378 694 864 1028 1085 1102 1190 1362 1554 1591 1715 1909 1920 2071 2173 2181 2315 2647 2828 3058 3088 3092 3181 3209 3450 3577 3628 3785 3923 3975 4174 4493 4577 4685 4961 4965
2	21	15	6	92 226 234 286 293 334 349 456 469 470 557 1247 1560 1580 1581 1636 1807 1911 1980 2224 2328 2353 2414 2459 2531 2691 2780 2879 3357 3380 3459 3574 3700 3806 3864 4107 4566 4610 4796
3	15	163	6	242 463 904 909 970 1121 1143 1151 1218 1226 1267 1514 1569 1617 1680 1693 1757 1843 1960 2047 2680 2839 2866 3201 3320 3408 3464 3624 3680 3822 3873 4125 4270 4428 4487 4592 4823 4885 4892
13	4	151	8	199 323 420 684 693 1216 1224 1225 1237 1416 1771 1772 1829 1880 2123 2254 2330 2437 2465 2663 2914 3091 3261 3322 3433 3727 3772 3796 3882 4129 4173 4213 4303 4353 4417 4660 4794 4952
29	22	77	8	513 522 573 689 695 756 934 1098 1173 1174 1249 1513 1568 1616 1637 1894 2132 2183 2557 2565 2619 2635 2674 2864 3081 3110 3186 3268 3472 3616 3633 3786 3819 3849 3982 4093 4205 4341 4361 4504
118	39	193	8	14 154 232 471 730 778 831 842 1024 1195 1449 1500 1507 1571 1629 1634 1920 2070 2131 2646 2779 2841 2852 2876 2884 2967 2996 3370 3422 3426 3673 3737 3783 3802 3916 4190 4241 4593 4727
121	16	51	8	144 237 406 466 532 1025 1131 1325 1331 1487 1501 1606 1826 1873 1973 2001 2336 2456 2466 2594 2735 2764 2803 2836 3215 3280 3612 3710 3989 4081 4149 4157 4189 4280 4452 4475
124	3	202	8	57 204 335 345 367 376 377 429 678 718 722 832 1257 1931 2012 2032 2228 2321 2347 2399 2530 2676 2759 2866 2894 3059 3069 3502 3509 3549 3659 3886 3999 4005 4021 4335 4346 4526 4805 4930
136	10	141	8	235 439 682 1058 1302 1345 1745 1757 1773 1805 1891 2189 2319 2548 2804 2838 2920 3023 3034 3047 3504 3528 3578 3594 3684 3997 4017 4170 4250 4252 4404 4495 4508 4567 4644 4689 4702 4793 4829 4981
145	25	56	8	45 297 401 503 696 698 731 998 1019 1902 2088 2107 2111 2184 2325 2397 2660 3082 3119 3278 3310 3562 3567 3575 3655 3876 3897 4217 4229 4331 4471 4537 4632 4647 4749 4766 4797
170	19	93	8	347 392 404 443 491 539 618 737 850 853 1033 1034 1382 1450 1457 1734 1841 2210 2317 2840 2874 3118 3188 3207 3449 3499 3644 3843 3939 3995 4041 4169 4187 4311 4433 4675 4684 4767 4800 4994
188	1	194	8	18 21 60 510 598 665 820 888 1062 1138 1512 1562 1614 1793 1953 1970 2025 2163 2415 2491 2515 2622 2630 2917 3351 3478 3559 3732 3926 4255 4366 4490 4622 4667 4743
204	20	86	8	50 147 162 343 350 658 1113 1478 1784 1817 2156 2234 2289 2294 2348 2450 2479 2511 2682 2833 2916 3126 3172 3265 3297 3318 3330 3542 3653 3683 3752 3767 3970 4473 4690 4776 4945
206	29	5	8	31 44 136 250 326 338 561 648 765 863 979 1338 1715 1718 1782 1965 2090 2472 2964 3070 3098 3218 3267 3303 3341 3423 3760 3884 3893 3894 3962 4020 4092 4151 4204 4240 4386 4789 4851 4958
244	31	204	8	93 239 379 489 515 551 828 1041 1056 1109 1344 1495 1543 1552 1950 2122 2149 2181 2269 2373 2480 2671 2723 2825 2859 2983 3156 3407 3510 3611 3708 3759 3816 3938 4349 4472 4511 4577 4931
260	33	71	8	7 34 120 157 251 255 299 535 614 655 770 783 1037 1163 1332 1558 1881 1921 1946 2237 2371 2540 2647 2960 3204 3212 3385 3402 3470 3482 3493 3541 3838 3867 3891 4248 4310 4339 4464 4636
270	38	60	8	175 407 461 518 764 940 944 1330 1443 1586 1698 2051 2112 2277 2620 2767 2868 3236 3339 3381 3401 3535 3626 3807 3860 3879 4066 4287 4354 4378 4463 4545 4666 4826 4854 4884 4939
334	14	50	8	23 47 101 384 400 426 531 608 716 948 993 1190 1217 1255 1439 1467 1635 2029 2048 2315 2490 2546 2739 3257 3284 3386 3389 3530 3585 3845 3984 4273 4284 4288 4362 4487 4581 4670 4688 4795 4948
336	13	144	8	61 220 364 475 541 548 564 750 837 860 864 1130 1349 1442 1460 1631 1727 1811 2171 2261 2378 2439 2543 2795 2835 2861 2918 3021 3133 3359 3447 3593 3596 3643 3820 4077 4142 4313 4938
350	32	44	8	143 295 310 373 380 836 892 963 1072 1096 1223 1251 1399 1430 1804 1822 1867 1877 2026 2152 2282 2481 2495 2748 3015 3090 3209 3251 3393 3637 3716 3728 3855 4134 4663 4804 4944 4973
369	24	13	8	349 669 813 869 911 1070 1161 1214 1292 1320 1402 1459 1604 1828 2164 2208 2221 2285 2334 2500 2580 2887 2905 2922 3008 3228 3276 3309 3392 3505 3704 3756 3851 3862 3991 4065 4203 4221 4377 4482 4564 4676 4870
386	30	248	8	9 233 291 300 383 581 672 932 990 1154 1371 1494 1703 1759 1791 2067 2082 2318 2449 2457 2643 2680 2698 2786 2897 2951 3288 3602 3623 3777 4019 4115 4138 4176 4389 4397 4440 4468 4597 4893 4900
424	12	133	8	58 142 194 372 505 537 845 872 933 989 1121 1181 1297 1317 1326 1373 1390 1579 1607 1825 1905 2338 2582 2661 2791 3010 3222 3285 3304 3396 3595 3677 3878 4000 4253 4483 4510 4714 4820 4908
437	6	142	8	5 371 396 763 941 1003 1516 1731 1812 1883 2052 2098 2103 2175 2414 2428 2631 2720 2855 2942 3014 3143 3223 3522 3570 3580 3654 3824 3850 4113 4119 4268 4277 4324 4411 4522 4550 4595 4986
453	40	88	8	158 293 399 418 605 747 867 882 909 1036 1222 1271 1431 1493 1542 1560 1581 1713 1852 1866 2081 2117 2279 2364 2752 2758 2850 2888 2953 3025 3040 3052 3162 3266 3316 3511 3924 4103 4333 4610 4824
471	36	221	8	90 231 290 298 833 881 984 1111 1203 1764 1833 1918 1988 1991 2078 2094 2115 2350 2637 2732 2746 2797 2806 2807 3048 3078 3332 3425 3738 3753 3844 3892 3944 4090 4400 4568 4612 4816
496	35	28	8	1 16 33 542 580 752 769 903 957 1209 1348 1481 1564 2010 2062 2268 2308 2407 2411 2474 2632 2685 2699 2834 2846 3019 3085 3210 3821 4256 4381 4446 4460 4474 4646 4653 4901 4922 4969
8	9	132	8	218 524 725 801 826 866 885 925 985 1009 1031 1051 1211 1366 1427 1694 1695 1923 1987 2049 2096 2129 2358 3517 3526 3755 3965 4198 4210 4297 4469 4640 4802 4954
22	34	105	8	12 64 85 86 116 242 309 878 1230 1354 1611 1837 2036 2313 2354 2601 2607 2948 3009 3174 3335 3846 3960 3964 4030 4116 4317 4448 4470 4579 4619 4695 4710 4768 4806 4880 4980
28	26	203	8	56 305 366 402 410 456 793 880 1038 1127 1417 1463 1474 1479 1529 1565 1580 1621 1675 1803 1847 1954 2097 2284 2383 2419 2492 2527 2934 3250 3383 3395 3441 3584 4237 4251 4299 4360 4477 4624 4751 4787
30	37	209	8	126 417 736 1136 1198 1336 1928 2043 2108 2420 2513 2522 2591 2828 2976 3096 3597 3778 4003 4018 4133 4180 4391 4422 4639 4754 4858 4894 4907
35	28	160	8	568 585 646 660 706 791 817 844 969 1102 1184 1456 1480 1524 1667 1671 1722 2079 2110 2165 2207 2307 2331 2342 2464 2603 2811 2822 2935 2961 2991 3124 3226 3342 3589 3624 3927 4146 4457
39	17	116	8	20 127 464 584 599 673 1150 1164 1464 1545 1569 1934 2248 2370 2403 2572 2697 2773 2830 2986 3198 3315 3328 3368 3475 4008 4096 4220 4260 4363 4410 4431 4501 4819 4850 4897 4997
50	2	196	8	6 179 241 287 506 533 812 912 1270 1323 1352 1486 1563 1697 1789 1850 1862 2197 2349 2353 2356 2497 2650 2789 2814 2950 2979 3290 3324 3554 3639 3723 4244 4261 4437 4902 4961 4971
65	5	126	8	102 146 391 482 529 847 886 919 991 1043 1245 1455 1490 1688 1730 2160 2388 2493 2800 2826 2984 2993 3184 3274 3277 3361 3411 3500 3707 3789 4070 4332 4447 4516 4587 4726 4731 4784 4890
82	7	50	10	114 160 232 416 485 717 721 1089 1232 1436 1900 2078 2127 2344 2736 2920 3064 3070 3297 3434 3613 3676 3748 3783 3843 4026 4069 4162 4412 4415 4607 4718 4886 4916
103	27	207	8	243 337 457 523 923 1050 1082 1527 1544 1649 1922 2007 2176 2191 2271 2287 2558 2944 3190 3219 3238 3458 3483 3495 3576 3619 4027 4035 4039 4071 4120 4206 4429 4518 4551 4753 4799 4842
119	18	7	8	149 183 538 591 612 649 943 1077 1149 1207 1231 1391 1840 1844 1919 1989 2053 2351 2410 2424 2483 2503 2564 2599 3073 3302 3343 3717 4079 4124 4135 4137 4225 4274 4358 4409 4560 4681 4770 4972
123	11	173	8	588 644 647 841 914 947 961 981 1110 1176 1259 1549 1595 1603 1705 1725 1830 2055 2368 2521 2763 2792 2962 3007 3166 3167 3216 3246 3550 3663 3719 3749 3826 4100 4104 4635 4687 4745 4834 4886 4993
151	23	58	8	43 375 499 856 997 1080 1129 1145 1157 1267 1394 1473 1643 1680 1796 1801 2033 2219 2385 2387 2574 2783 2988 3057 3104 3264 3689 3809 3919 3958 4525 4712 4831 4868
229	8	243	8	311 590 818 871 887 904 938 942 1202 1280 1295 1310 1367 1658 1700 1848 1872 2283 2621 2623 2712 2856 3071 3208 3377 3466 3666 3671 3763 3770 3790 4276 4530 4627 4724 4759 4921
233	21	169	8	84 132 156 212 476 550 810 901 1001 1081 1233 1241 1288 1458 1600 1666 1809 2262 2510 2624 2711 3089 3103 3286 3455 3476 3552 3622 3690 3718 3731 3782 4029 4336 4609 4716 4732 4937
252	15	195	8	96 203 642 915 916 952 1386 1483 1714 1823 1911 1939 1982 2003 2109 2186 2195 2418 2452 2573 2588 2665 2675 2702 3271 3356 3779 3795 3852 3998 4078 4181 4264 4449 4489 4611 4707 4919
263	4	72	10	110 200 616 748 802 817 839 1010 1114 1245 1687 1713 1874 1917 1935 1985 1986 2139 2254 2365 2435 2466 2700 2802 2827 2998 3022 3271 3301 3961 4014 4244 4338 4466 4657 4696 4808 4943
291	22	85	10	32 66 291 311 385 534 555 849 961 992 1050 1285 1323 1474 1511 1555 1558 1697 1715 1855 1886 2166 2278 2463 2917 2965 3005 3440 3456 3725 3880 3887 3981 4211 4432 4575 4889 4987
303	39	236	10	38 64 181 195 286 580 587 746 843 1263 1564 1601 1821 1928 1959 1968 2146 2232 2257 2357 2445 2933 3017 3269 3311 3314 3325 3368 3432 3478 3531 3974 4001 4170 4314 4330 4395 4717 4735 4847
312	16	220	10	848 885 950 1004 1240 1311 1439 1458 1510 1611 1829 1913 1997 2011 2199 2201 2419 2446 2537 2625 2687 2715 2867 2962 3161 3259 3272 3488 3597 3909 4016 4024 4041 4320 4347 4408 4410 4539 4669 4814 4865 4988
320	3	53	10	68 71 77 497 541 654 875 1068 1099 1428 1525 1644 2009 2073 2114 2290 2292 2328 2384 2440 2807 2857 2969 3035 3234 3373 3413 3498 4021 4392 4418 4601 4852 4934
321	10	162	10	34 263 1025 1268 1286 1308 1373 1384 1399 1406 1407 1493 1566 1751 1848 1871 1994 2000 2014 2017 2057 2238 2258 2295 2366 2459 2550 2563 2914 2983 3004 3200 3324 3430 3672 3674 3896 4685 4792 4888
338	25	134	10	1 31 166 302 341 413 428 543 687 708 735 780 915 971 1273 1732 1824 1950 1987 2121 2150 2608 2806 3121 3123 3138 3210 3378 3610 3734 3825 3841 3925 3946 4336 4517 4549 4598 4761
387	19	121	10	128 209 350 500 560 669 775 813 952 1063 1081 1391 1674 1906 1962 1977 2069 2369 2387 2527 2679 2711 3111 3425 3798 3842 3911 4264 4358 4374 4422 4535 4639 4786 4841 4896 4898 4994
408	1	27	10	279 320 349 375 436 608 1088 1250 1275 1278 1309 1443 1619 1820 1865 2096 2153 2305 2363 2516 2564 2609 2677 2701 2871 3043 3117 3556 3657 3726 3907 4144 4386 4444 4592 4616 4697 4785 4853
409	20	9	10	21 182 208 313 361 399 463 472 610 995 1115 1160 1294 1651 1669 1929 2100 2168 2289 2475 2855 2967 2972 3006 3226 3535 3568 3625 3723 3845 3942 3958 3995 4062 4232 4233 4258 4399 4797 4900
413	29	140	10	123 312 380 401 422 536 561 574 767 789 888 891 931 1228 1377 1387 1495 1630 1801 1944 2031 2188 2197 2640 2830 2927 3143 3492 3607 3658 3694 3970 4174 4237 4313 4340 4440 4522 5000
419	31	59	10	6 127 192 259 277 321 354 544 696 1130 1149 1212 1334 1389 1866 2076 2259 2499 2716 2726 2740 2796 3225 3264 3617 3722 3817 4169 4177 4327 4388 4467 4571 4658 4674 4784 4923
472	33	216	10	147 217 247 271 727 859 1227 1338 1351 1453 1519 1579 1694 1788 1854 2048 2444 2536 2547 2660 2854 2895 3062 3102 3130 3255 3281 3469 3648 3659 3662 3957 4044 4153 4285 4346
475	38	175	10	35 59 189 194 374 483 583 588 701 740 744 1248 1378 1485 1512 1536 1537 1742 1807 1885 1937 2276 2376 2848 2901 2907 3040 3047 3206 3436 3463 3470 3579 3633 3751 4108 4239 4316 4353 4765 4908
487	14	174	10	174 324 474 499 635 646 680 801 871 1101 1144 1230 1543 2001 2010 2035 2351 2472 2538 2542 2925 2936 3059 3061 3353 3433 3913 3959 3997 4061 4099 4164 4325 4514 4654 4692 4769 4882
56	13	196	10	132 283 336 657 662 749 752 787 1304 1573 2012 2162 2271 2285 2361 2489 2497 2525 2570 2865 2898 3000 3074 3240 3252 3511 4037 4252 4434 4644 4835 4880 4924 4953
66	32	7	10	78 86 159 168 284 373 408 638 709 738 976 1102 1164 1288 1435 1570 1645 1777 1827 2402 2675 2743 2764 2831 2980 2988 3175 3185 3455 3665 3763 3898 4112 4349 4643 4810 4832
115	24	218	10	398 490 523 527 648 682 781 1085 1096 1104 1226 1260 1640 1753 1835 1898 2467 2589 2614 2791 2805 2840 2985 3114 3152 3158 3244 3405 3953 3984 4106 4453 4530 4541 4631 4909 4940 4969 4971
130	30	120	10	173 357 382 426 542 640 897 1009 1119 1229 1413 1707 2028 2138 2309 2314 2412 2425 2436 2779 3037 3142 3527 3591 3643 3747 3978 4029 4042 4273 4292 4447 4480 4730 4932
138	12	94	10	47 75 214 389 498 627 827 847 894 948 959 1216 1841 1878 2085 2118 2280 2565 2782 3020 3026 3101 3135 3171 3475 3548 3555 3835 3840 4224 4458 4666 4716 4763 4938
183	6	22	10	46 100 351 455 558 644 702 882 1022 1066 1126 1219 1368 1964 2007 2063 2452 2456 2645 2705 2712 2844 2981 3003 3008 3471 3476 3554 3588 3637 3740 4141 4228 4318 4380 4482 4690 4990
210	40	23	10	24 129 427 496 742 821 863 958 1065 1073 1198 1504 2196 2623 2668 2822 3340 3354 3417 3508 3518 3806 3813 3816 3932 4091 4110 4130 4165 4226 4393 4456 4498 4505 4580 4672 4707
214	36	178	10	111 113 522 724 757 773 1254 1356 1457 1492 2049 2064 2080 2122 2218 2222 2242 2458 2493 2654 2684 2757 3086 3308 3309 3735 3920 3930 4063 4084 4413 4540 4713 4766 4905 4996
224	35	211	10	105 228 585 733 898 1055 1072 1117 1220 1297 1312 1344 1575 1639 1749 1763 1915 2104 2134 2198 2266 2306 2482 2558 2635 2723 2974 3306 3900 4009 4197 4259 4369 4527 4613 4802
228	9	176	10	206 407 442 551 672 884 1225 1628 1970 2093 2165 2183 2464 2498 2664 2688 2926 3118 3282 3634 3772 3830 3857 3937 4094 4118 4227 4269 4293 4431 4603 4638 4679 4681 4818 4982
243	34	117	10	288 434 449 666 691 812 1012 1193 1256 1348 1362 1394 1425 1515 1856 1916 2044 2492 2519 2587 2680 2720 2753 2891 3036 3235 3318 3620 3756 4184 4335 4344 4493 4510 4551 4986
245	26	136	10	184 198 219 366 372 554 941 1003 1206 1292 1302 1556 1714 1735 1844 2142 2354 2379 2586 2643 2653 2744 2846 2858 2892 2959 2963 2994 3015 3087 3168 3387 3889 4097 4196 4283 4312 4405 4566 4574 4890
248	37	103	10	432 445 508 606 741 993 1014 1030 1062 1170 1199 1200 1419 1424 1471 1548 1914 1993 2186 2403 2576 2602 2730 3172 3181 3758 3808 3818 3941 4289 4426 4651 4705
255	7	23	12	76 88 89 119 214 229 340 552 630 699 843 865 952 972 1643 1982 2225 2445 2466 2476 2600 2654 2696 2811 2883 3185 3355 3395 3441 3935 4109 4232 4356 4366 4421 4594 4595 4805
274	28	182	10	220 392 440 747 829 1217 1243 1289 1321 1517 1533 1656 1849 1957 2081 2256 2286 2426 2479 2532 2593 2710 3010 3362 3371 3480 3562 3787 3859 3949 4300 4376 4570 4610 4754 4800 4917 4960
292	4	53	12	82 171 185 367 416 590 999 1302 1436 1910 1958 1976 2066 2111 2383 2518 2581 2590 2797 2820 2968 3034 3104 3194 3235 3248 3264 3731 4003 4145 4150 4185 4423 4451 4647 4658 5000
346	17	57	10	158 602 803 1021 1361 1513 1593 1725 1731 2101 2179 2251 2380 2400 2438 2762 2820 3165 3182 3184 3253 3293 3451 3467 3529 3652 3707 4013 4342 4352 4417 4423 4565 4671 4848 4902 4977 4978
373	2	200	10	338 342 577 634 887 913 1152 1165 1176 1422 1497 1612 1705 1999 2102 2135 2206 2220 2432 2507 2588 2592 2613 2722 2758 2930 3236 3315 3352 3968 4085 4087 4465 4469 4502 4546 4558 4844 4915
378	5	61	10	180 287 511 514 679 711 850 1020 1329 1339 1388 1446 1535 1652 1932 2086 2212 2308 2347 2534 2566 2578 2627 2772 2921 3001 3068 3077 3592 3609 3675 3716 3838 3951 4470 4780
379	27	152	10	107 164 221 285 453 716 762 797 819 997 1107 1205 1598 1750 1752 1775 1832 1893 2149 2223 2302 2562 2755 3178 3232 3276 3474 3577 3670 3715 3935 4138 4296 4403 4553 4555 4677 4798 4894 4975
381	18	2	10	93 102 169 191 486 521 726 750 771 1181 1239 1386 1487 1503 1724 1764 1843 2033 2068 2106 2110 2585 2694 2774 2864 2893 3189 3360 3397 3646 3999 4057 4077 4619 4789 4794 4965
399	11	84	10	303 394 457 866 890 1204 1238 1501 1943 2156 2158 2172 2236 2249 2350 2485 2667 2731 2849 2928 2942 3013 3092 3140 3179 3374 3394 3717 3733 3774 3948 4004 4306 4357 4366 4747 4752
451	23	133	10	54 230 297 467 506 591 686 1084 1090 1167 1188 1237 1306 1365 1624 1737 2342 2487 2508 2756 3055 3057 3170 3296 3344 3403 3499 4023 4064 4090 4356 4379 4394 4523 4764 4850 4963 4966
455	8	131	10	48 80 97 248 484 507 626 967 1008 1162 1498 1760 1768 2018 2037 2341 2359 2611 2787 2910 3303 3307 3497 3546 3628 3682 3689 3757 3766 4002 4073 4104 4213 4245 4294 4524 4543 4775
21	21	107	10	289 454 786 934 988 1359 1831 1880 2024 2046 2070 2568 2631 2752 3277 3404 3533 3544 3587 3860 3945 3963 4015 4040 4102 4246 4261 4375 4504 4702 4722 4739 4778 4903 4918
25	15	221	10	36 254 421 423 525 622 684 824 1042 1173 1343 1420 1449 1581 1771 1852 2077 2337 2766 2909 2949 3186 3218 3390 3739 3744 3983 4010 4142 4148 4267 4488 4714 4734 4821
41	22	198	12	38 104 206 342 409 433 488 539 643 663 743 816 923 1162 1177 1318 1654 2049 2306 2358 2390 2433 2450 2485 2623 2731 2746 2748 2973 2997 3073 4056 4112 4286 4507 4767 4914
68	39	250	12	2 108 145 224 285 295 358 391 417 739 790 904 1093 1150 1253 1299 1497 1504 1510 1578 1794 2045 2361 2377 2477 2479 2617 2672 2922 2987 3096 3177 3219 3289 3309 3896 4095 4304 4493
71	16	74	12	138 370 619 778 1147 1170 1219 1335 1724 1942 1946 2056 2172 2227 2291 2522 2717 2815 2871 2954 3250 3361 3582 3830 4002 4036 4128 4163 4347 4445 4526 4573 4832 4969 4989 4992 4997
85	3	163	12	34 169 197 319 913 919 1085 1092 1148 1291 1342 1472 1528 1792 1874 2001 2379 2467 2656 2957 2970 3193 3218 3480 3520 3597 3832 3959 4083 4213 4257 4328 4462 4624 4710 4883
95	10	167	12	120 701 728 854 878 942 1036 1061 1118 1308 1313 1554 1741 1759 1797 2015 2626 2642 2686 3065 3101 3376 3416 3671 3771 3996 4295 4385 4569 4601 4666 4688 4697 4734 4785 4837
109	25	162	12	11 216 269 288 299 347 563 586 760 1038 1057 1608 1832 2218 2263 2355 2599 2620 2639 2662 2691 2763 2780 2892 3720 3794 4209 4283 4456 4691 4701 4703 4789 4859
117	7	74	14	68 258 316 354 579 831 907 953 978 1482 1570 1605 1860 1869 1875 1895 1912 2017 2119 2335 2467 2786 2986 3072 3100 3336 3353 3506 3627 3685 3776 3779 4142 4229 4249 4258 4379 4474 4524
128	19	205	12	19 478 585 622 1031 1255 1331 1379 1506 1802 1933 1984 1997 2293 2457 2491 2712 2739 2840 2903 2981 3043 3094 3112 3414 3418 3478 3625 3825 3881 3955 3963 3964 4317 4565 4584 4718 4808 4843
166	1	17	12	40 55 245 375 410 890 949 1145 1406 1445 1452 1550 1672 1864 1896 2155 2195 2224 2316 2332 2398 2451 2523 2549 2828 3114 3144 3196 3317 4121 4125 4285 4394 4481 4755 4978
181	20	93	12	26 36 39 70 152 267 369 502 524 704 724 933 959 971 1047 1542 1587 1793 1795 1964 2416 2460 2468 2480 2618 3047 3091 3106 3372 3646 3922 4102 4127 4157 4171 4349
186	29	94	12	144 189 274 445 477 636 803 905 997 1627 1669 1717 1749 1937 1951 1967 2185 2206 2557 2612 2994 3186 3348 3444 3544 3547 3659 3765 3787 3995 4071 4298 4350 4369 4457 4860 4913 4935
197	31	164	12	336 434 441 718 769 785 962 1120 1461 1496 1565 1598 1609 1769 1918 1930 2040 2211 2338 2346 2444 2539 2569 2603 2737 2900 3397 3699 4246 4343 4364 4415 4424 4632 4694
202	33	56	12	94 160 294 514 553 806 991 1026 1186 1269 1358 1781 1968 2201 2409 2552 2602 2826 2884 3037 3121 3189 3246 3356 3507 4017 4042 4072 4084 4288 4382 4605 4681 4699 4875
239	38	37	12	25 331 402 527 578 675 859 1197 1233 1390 1513 1763 1819 2086 2099 2148 2275 2277 2393 2571 2611 3352 3503 3723 3764 3766 3810 3870 4043 4081 4237 4628 4671 4814 4820 4946
246	14	72	12	21 87 251 353 451 601 609 645 882 1105 1178 1211 1355 1398 1825 1869 1870 2423 2502 2704 2744 2747 2923 2938 2956 2989 3021 3052 3231 3386 3501 3734 3863 4061 4227 4346 4905 4947
280	13	199	12	157 235 307 458 463 534 719 780 866 961 1090 1268 1289 1295 1422 1507 1732 2142 2151 2199 2371 2417 2616 2648 2805 2821 2928 3187 3390 3786 4077 4089 4444 4729 4807 4822 4870
294	32	34	12	20 23 78 247 508 788 871 1386 1514 1515 1689 1842 1889 1949 2098 2170 2226 2267 2317 2512 2587 2678 2719 2801 3083 3257 3310 3333 3487 3805 4099 4278 4362 4384 4478 4514 4607
295	24	142	12	10 180 304 352 484 810 948 992 1523 1635 1693 1743 2047 2506 2583 2708 2753 2881 2919 3054 3075 3270 3328 3436 3467 3877 3961 3982 4141 4155 4405 4436 4711 4738 4825 4829 4919 4998
335	30	110	12	187 233 651 777 954 988 1112 1362 1437 1556 1562 1834 1866 1886 1911 1962 2003 2161 2182 2258 2352 2953 3160 3197 3420 3516 3938 3957 4034 4073 4216 4333 4646 4788 4889 4988
337	12	181	12	92 172 525 565 613 733 858 873 895 1075 1467 1478 1561 2044 2076 2127 2152 2359 2381 2435 2901 3374 3411 3635 3675 3698 3702 3802 3929 4116 4193 4219 4300 4413 4609 4661 4764 4869
390	6	178	12	327 462 469 596 794 987 1137 1231 1293 1539 1761 1858 2187 2339 2374 2443 2726 2819 2969 3003 3048 3074 3243 3275 3280 3529 3621 3831 3886 4318 4371 4479 4715 4841 4912 4971
420	40	225	12	386 393 483 623 792 1028 1078 1083 1172 1351 1833 2005 2042 2122 2250 2760 2992 3006 3132 3163 3211 3427 3776 3880 3934 3940 4027 4164 4228 4268 4437 4495 4543 4591 4839
449	36	4	12	268 317 400 575 611 690 781 832 899 925 1058 1065 1081 1208 1370 1403 1451 1535 1684 1736 1850 2026 2192 2194 2385 2431 2469 2568 2697 2905 2961 3067 3705 4050 4123 4402 4562 4587 4858
452	35	89	12	159 218 311 390 421 661 842 1032 1044 1411 1441 1582 1859 1905 1955 1956 2075 2345 2415 2514 2526 2628 2823 2824 2851 2947 3345 3346 3384 3696 3976 4103 4448 4496 4554 4617 4777
18	9	52	12	579 604 608 660 680 804 946 1123 1149 1200 1251 1270 1480 1649 1667 1701 1844 1908 1991 2046 2177 2424 2529 3202 3415 3506 3717 4079 4203 4494 4736 4737
23	34	129	12	204 220 305 543 751 1360 1440 1477 1683 1783 1837 1891 2004 2029 2288 2494 2661 2862 2893 2950 2974 3331 3638 3666 3695 4004 4060 4159 4242 4348 4464 4563
34	26	201	12	225 280 301 329 479 493 561 686 822 1446 1841 1863 2208 2234 2311 2396 2400 2486 2517 2879 2880 2927 3088 3168 3224 3282 3482 3945 4039 4136 4197 4307 4475 4602 4644 4667 4719
43	37	127	12	49 572 765 911 1014 1140 1418 1423 1484 1718 1737 1791 1860 2092 2175 2331 2340 2579 2790 3227 3299 3484 3502 3673 3747 3980 4074 4338 4339 4599 4604 4683 4762 4862
51	28	64	12	9 13 117 333 440 471 974 1051 1069 1098 1100 1433 1450 1533 1585 1620 1634 1950 2057 2100 2126 2209 2714 3064 3108 3149 3252 3454 3612 3663 3744 3827 3930 4675 4756 4775 4850
62	17	228	12	177 486 492 632 633 679 776 907 1096 1260 1508 1530 1998 2432 2498 2584 2622 2734 2740 3129 3145 3230 3431 3737 3753 4075 4098 4158 4165 4180 4206 4430 4466 4522 4620 4771 4772 4995
64	2	237	12	179 236 426 472 571 791 1189 1676 1738 1839 2019 2144 2190 2193 2255 2624 2728 2793 3031 3120 3222 3363 3536 3571 3988 4058 4076 4195 4217 4262 4275 4442 4482 4582 4974
98	5	227	12	259 371 435 562 720 901 924 1138 1212 1416 1438 1558 1640 1664 1796 2069 2372 2430 2470 2773 2842 3079 3347 3468 3528 3685 3953 3966 3968 4033 4080 4192 4381 4469 4856 4871
100	27	39	12	425 556 683 762 823 903 1013 1130 1156 1780 1847 1904 2229 2348 2447 2605 2685 2758 2831 3036 3049 3217 3586 3688 3709 3797 4065 4093 4173 4325 4686 4705
114	18	111	12	475 589 914 1623 1716 1762 1815 1855 2087 2090 2137 2213 2281 2488 2629 2641 2693 2908 2937 3154 3260 3321 3624 3778 3788 3912 4044 4184 4230 4449 4831 4861 4890
147	11	168	12	17 193 411 438 912 1124 1199 1227 1373 1571 1574 1596 1694 2290 2315 2333 2573 2806 3002 3210 3335 3407 3439 3442 3460 3496 3739 3775 3816 3852 3858 4226 4243 4579 4621 4707 4865
157	23	185	12	91 452 825 1221 1459 1525 1532 1845 1940 1973 2035 2058 2136 2378 2504 2615 2677 2768 3023 3214 3228 3371 3465 3471 3632 3847 3857 3937 3994 4019 4067 4092 4250 4334 4982
159	8	218	12	45 72 533 549 898 900 1059 1132 1187 1206 1279 1469 1475 1487 2072 2106 2119 2363 2510 2601 2681 2798 3030 3134 3159 3311 3339 3432 3889 3902 4138 4210 4272 4713 4795 4893
172	21	109	12	3 209 219 277 628 642 650 710 727 862 1322 1372 1522 1589 1668 1740 1969 1971 2022 2364 2550 2718 2752 3055 3349 3430 3821 3853 3891 4266 4287 4414 4468 4559 4623 4776
175	4	164	14	81 133 151 218 364 379 426 593 824 894 1021 1095 1237 1266 1423 1561 1703 1982 2060 2418 2429 2957 3012 3124 3374 3417 3597 3785 4117 4171 4383 4477 4620 4706 4964 4983
176	22	250	14	162 163 413 480 519 617 786 967 1023 1277 1461 1470 1939 2212 2232 2242 2298 2306 2659 2729 3094 3205 3458 3515 3523 3572 3809 3903 4136 4462 4501 4540 4842 4851 4963 4997
195	15	157	12	47 427 593 598 741 902 973 980 1045 1052 1099 1194 1287 1521 1721 1765 1799 2073 2091 2124 2240 2246 2249 2610 3066 3102 3375 3584 3678 3836 4205 4248 4568 4589 4936
196	39	17	14	89 143 1229 1234 1264 1579 1723 1800 1878 1943 2014 2031 2039 2163 2187 2500 2731 2823 2876 2990 3002 3107 3195 3259 3265 3358 3473 3647 3702 4076 4348 4770 4784 4975
222	16	117	14	305 380 389 409 449 602 657 777 787 962 1232 1694 1855 2002 2139 2174 2193 2263 2537 2750 2821 2952 2976 3345 3516 3599 3631 3821 4046 4287 4340 4828
223	3	170	14	122 207 508 874 884 945 950 1209 1329 1350 1376 1428 1466 1965 2070 2155 2289 2300 2301 2405 2408 2497 2581 3032 3036 3278 3509 3577 3645 3908 3950 4012 4088 4278 4302 4485 4557 4727
226	10	208	14	79 161 555 595 792 850 955 1003 1018 1054 1306 1419 1654 1668 1675 1770 1771 1917 2303 2392 2579 2606 2683 2947 2982 3010 3576 3929 3944 3959 4647 4662 4720 4778 4989
236	25	126	14	298 304 576 846 1083 1223 1336 1378 1541 1544 1840 1868 1884 1972 1975 2274 2425 2454 2784 2787 2937 3388 3616 3643 3798 3838 3874 4100 4195 4319 4322 4849
242	19	179	14	430 447 448 616 618 783 959 1120 1601 1854 1898 1977 2241 2440 2536 2568 2588 2930 3081 3138 3187 3331 3394 3556 3755 3875 3922 4003 4013 4208 4291 4588 4659 4668 4687 4714 4900 4950 4956
276	1	46	14	19 74 148 753 830 1113 1402 1405 1523 1527 1589 1842 1981 2080 2085 2130 2134 2368 2439 2510 2514 2540 2569 2642 2843 2870 3059 3073 3362 3641 3686 3914 4382 4499 4552 4640 4751 4879
279	20	241	14	188 211 266 292 503 785 800 1090 1257 1319 1642 1865 2077 2176 2602 2634 2762 2808 2809 2934 2956 3079 3405 3524 3636 3661 3696 3890 3923 4007 4152 4614 4666 4683 4693 4855 4965
281	29	137	14	27 129 232 252 355 671 1007 1180 1202 1304 1361 1646 1683 1695 1915 1996 2252 2364 2455 2461 2913 3091 3114 3122 3135 3349 3419 3479 3630 4016 4043 4338 4350 4431 4577 4703 4829
315	31	165	14	77 360 456 501 653 736 910 987 1081 1097 1168 1169 1382 1509 1783 1788 2030 2041 2459 2570 2584 2618 2794 2923 3039 3281 3359 3600 3884 4309 4373 4685 4740 4785
329	33	215	14	87 102 224 238 410 694 1079 1093 1099 1154 1400 1638 1643 1653 1775 1838 2125 2133 2145 2361 2485 2604 2610 2910 2911 3222 3546 3741 3943 3949 3952 3962 4094 4105 4353 4463 4497
341	38	143	14	13 100 144 160 201 255 365 1078 1187 1221 1343 1364 1560 1608 1798 1857 1926 2101 2318 2348 2533 2997 3080 3242 3787 3966 4397 4403 4432 4555 4576 4838 4873 4892
355	14	106	14	141 319 661 717 739 864 867 982 991 1026 1046 1298 1418 1733 2035 2116 2214 2220 2322 2406 2427 2434 2661 3004 3024 3033 3179 3256 3273 3328 3635 3669 3714 4198 4253 4413 4553
363	13	55	14	29 99 164 165 418 543 632 952 1012 1413 1484 1494 1559 1645 1773 2156 2310 2409 2419 2745 2774 2853 2890 3068 3111 3355 3426 3891 3894 4064 4080 4114 4542 4713 4737
364	32	77	14	72 73 117 149 340 594 620 861 1132 1314 1330 1602 1766 2079 2141 2226 2272 2307 2363 2411 2720 2833 2955 3181 3581 3583 3650 3655 3767 4194 4339 4369 4454 4515 4802 4940
367	24	236	14	373 754 809 895 926 984 1056 1303 1341 1485 1590 1647 1874 1896 1966 1979 2270 2279 2327 2585 2706 2975 3093 3105 3413 3558 3613 3724 3817 3979 4025 4150 4238 4380 4826
383	30	200	14	124 170 237 462 1032 1047 1080 1100 1960 2082 2114 2159 2247 2441 2474 2488 2577 2814 2889 3041 3136 3287 3305 3367 3377 3403 3498 3525 3578 3790 4004 4184 4407 4533
398	12	119	14	14 98 296 303 353 489 548 667 789 862 1426 1599 1613 1637 1688 2207 2283 2386 2413 2824 2972 3030 3052 3298 3873 3909 4008 4024 4354 4468 4617 4791 4815 4840 4925 4973
414	6	147	14	359 470 585 606 645 1116 1127 1177 1604 1706 1858 2233 2384 2417 2732 2778 2785 2953 3060 3140 3150 3170 3227 3306 3412 3420 3553 4005 4335 4498 4564 4587 4591 4613 4864 4871 4948
422	40	14	14	26 121 267 279 282 745 960 1001 1172 1320 1370 1525 1530 1569 1907 1978 2389 2391 2761 3048 3300 3380 3409 3565 3939 3972 3981 4000 4214 4456 4543 4566 4790 4854 4928
423	36	249	14	158 193 330 586 588 625 639 844 848 930 986 1067 1191 1224 1412 1506 1631 1633 1971 2502 2507 2978 3011 3028 3115 3463 3720 3759 3850 3983 4121 4167 4780 4899
433	35	79	14	32 268 324 597 775 868 972 1013 1207 1444 1480 1609 1644 1799 1822 1823 2091 2120 2188 2259 2314 2453 2563 2721 2799 2940 3071 3246 3746 3753 3846 4227 4355 4416 4574 4773 4809
465	9	24	14	47 344 581 601 715 823 980 1049 1133 1134 1218 1720 1756 1990 2102 2138 2167 2180 2374 2420 2531 2651 2803 2858 2950 2973 3206 3249 3531 3574 3956 4086 4471 4912
479	34	83	14	46 326 363 372 635 796 1009 1040 1044 1253 1301 1317 1548 1685 2087 2612 2897 3127 3211 3393 3449 3615 3736 3905 4031 4054 4330 4419 4522 4715 5000
497	26	247	14	130 516 552 622 630 637 680 764 885 1084 1092 1249 1433 1852 2132 2160 2254 2395 2494 2622 2631 2813 2873 3526 3566 3700 3728 3820 3921 4110 4124 4144 4156 4521 4644 4725 4769 4886
31	37	62	14	76 202 217 281 403 429 459 578 872 943 1292 1457 1660 2038 2367 2590 2660 2826 2842 2900 2901 3166 3408 3435 4010 4078 4099 4486 4628 4642
36	28	20	14	312 318 504 713 776 933 1037 1109 1156 1275 1666 2161 2205 2227 2317 2372 2396 2595 3078 3169 3320 3372 3495 3703 3722 3864 4035 4244 4276 4433 4451 4680 4712 4795
42	17	10	14	290 387 421 465 547 592 662 677 695 735 766 901 1290 1293 1338 1385 1882 2121 2486 2822 3018 3074 3539 3589 3786 3812 4022 4282 4318 4385 4408 4547 4604 4629 4673 4914
49	2	115	14	9 278 441 641 741 820 837 1029 1121 1243 1276 1286 1374 1531 1636 1806 2147 2265 2619 2637 2692 3183 3325 3775 3780 3867 3930 3933 4235 4241 4247 4255 4860 4967 4979
94	5	110	14	58 62 1119 1262 1265 1316 1448 1848 1999 2062 2063 3126 3321 3500 3508 3532 3538 3550 3829 3861 3920 3940 4106 4180 4273 4372 4421 4609 4717 4866 4885 4945 4993
101	27	125	14	86 138 346 370 416 567 732 838 1039 1247 1440 1463 1658 1699 1877 2021 2086 2201 2253 2465 2498 2652 2939 2941 3586 3957 3975 4139 4154 4155 4160 4201 4271 4326 4420 4528
146	18	190	14	108 172 173 251 371 397 580 643 714 1022 1076 1115 1165 1213 1351 1407 1505 1698 1748 1813 1818 2341 2775 2888 3104 3137 3182 3462 3769 3777 4277 4328 4684 4857
179	11	235	14	22 444 500 1759 1817 1897 1945 2505 2663 2678 2728 2737 2769 2827 2878 3133 3153 3196 3215 3221 3347 3438 3549 3561 3658 3699 3986 4052 4389 4447 4569 4625 4922 4924 4930
189	23	177	14	254 271 348 509 679 759 1002 1016 1365 1369 1620 1670 1905 1998 2118 2235 2379 2442 2633 2723 2724 3044 3109 3573 3651 3673 3680 3896 4015 4163 4439 4502 4733 4749
191	8	130	14	120 257 272 374 502 711 749 919 1000 1089 1125 1192 1459 1785 1835 2269 2501 2526 2640 2707 2965 2994 3288 3296 3302 3421 3483 3638 3687 3795 3961 4345 4428 4567 4603 4661 4853
241	21	184	14	25 50 215 342 428 477 563 751 829 856 880 925 1404 1619 1727 1786 2309 2457 2525 2605 3027 3103 3129 3148 3173 3200 3352 3439 3745 4047 4236 4461 4495 4507 4635 4805 4883
250	15	29	14	65 167 325 383 479 481 666 690 719 772 805 998 1135 1334 1397 1549 1551 1632 1784 1893 2073 2135 2749 2835 3077 3118 3132 3155 3223 3464 3606 3910 3936 4030 4118 4781
269	7	31	16	37 97 172 328 682 955 1009 1366 1426 1567 1724 1753 2004 2014 2100 2206 2241 2244 2589 2636 2685 2706 2852 2881 3253 3651 3775 3923 4069 4071 4160 4384 4783 4993
278	4	188	16	29 154 198 205 262 306 336 582 946 980 1101 1204 1315 1455 1811 1868 2205 2288 2389 2437 2473 2902 2995 3128 3134 3147 3156 3164 3197 3233 3320 3385 3530 4271 4298 4836 4945 4995
308	22	128	16	10 79 286 315 346 388 734 746 843 851 886 1500 1708 1838 2199 2290 2423 2644 2731 2965 2999 3467 3584 3603 3637 3642 4045 4172 4202 4254 4275 4306 4401 4689 4846
327	39	3	16	2 33 184 547 738 824 1201 1371 1492 1745 2008 2097 2227 2261 2444 2543 2627 2870 3000 3245 3664 3899 3954 4097 4169 4217 4270 4453 4503 4525 4607 4764 4835 4949
366	16	78	16	137 348 530 629 667 729 769 951 956 1227 1415 1679 2153 2182 2502 2554 2591 2683 2783 2874 3162 3346 3409 3498 3773 3942 3981 3989 4013 4018 4067 4288 4478 4579 4861 4970
377	3	75	16	196 425 599 627 921 939 1152 1313 1392 1599 1617 2245 2346 2375 2608 2735 2867 2975 3130 3318 3394 3433 3690 3735 3750 4011 4173 4188 4191 4337 4587 4654 4655 4660 4937 4948
397	10	201	16	25 279 284 526 768 811 907 1000 1179 1286 1301 1460 1635 1673 1731 1740 1777 1813 1885 1888 1995 2234 2320 2331 2405 2531 2559 2585 2775 2841 3314 3779 3866 3912 4138 4240 4538 4588 4847
402	25	63	16	7 12 95 106 252 276 374 418 581 648 1010 1266 1321 1328 1333 1473 1563 2299 2506 2596 2622 2653 2703 2833 2895 2926 3428 3837 3974 3998 4046 4053 4154 4199 4606 4720 4793 4977
410	7	188	18	180 330 512 518 535 717 805 929 1084 1180 1517 1574 1578 1664 1704 1729 1770 1842 2034 2170 2310 2376 2380 2493 3025 3313 3505 3518 3600 3626 3794 3928 3988 4233 4251
434	19	100	16	76 201 253 421 626 764 794 1185 1352 1400 1419 1776 1870 2124 2130 2144 2382 2439 2486 2738 3093 3163 3178 3363 3656 4028 4047 4080 4086 4224 4248 4568 4682 4746 4935 4999
438	1	29	16	593 680 691 755 889 994 1097 1132 1135 1355 1365 1427 1546 1910 2169 2249 2436 2866 3072 3293 3538 3545 3601 4098 4165 4196 4223 4276 4320 4368 4705 4730 4773 4871 4882 4964
439	20	24	16	153 393 870 1055 1171 1191 1442 1515 1517 1533 1542 1605 1641 1642 1696 1751 1930 2089 2203 2239 2733 3223 3349 3532 3697 3722 3812 3904 4388 4507 4514 4747 4885
444	29	238	16	58 72 332 513 604 708 1236 1466 1557 1559 1634 1655 1949 1952 2059 2151 2330 2576 2612 2801 2900 3298 3622 3627 3666 3825 3865 3877 4171 4266 4872 4919
467	31	229	16	4 283 438 491 813 1089 1479 1516 1538 1626 2013 2259 2302 2313 2323 2355 2534 2741 2771 2896 3136 3323 3327 3611 3823 4009 4016 4019 4123 4247 4267 4586 4894 4946 4960
473	33	197	16	48 65 314 414 460 553 583 1122 1305 1380 1383 1482 1729 1812 1876 1979 1993 2327 2418 2448 2454 2605 2762 2901 2937 3052 3120 3330 3334 3489 3501 3905 3931 4015 4293
12	38	134	16	91 237 351 431 461 560 844 953 1049 1215 1299 1327 1672 1678 1735 1738 1982 2398 2463 2817 3020 3215 3329 3537 3635 3696 3710 4214 4560 4738 4880
16	14	245	16	235 398 465 715 719 978 1409 1412 1478 1541 1889 2219 2243 2279 2308 2383 2474 2629 2666 2696 3081 3438 3510 3644 3772 3839 3967 3990 4066 4112 4585 4665 4693 4825
20	13	113	16	435 467 645 688 838 853 1307 1444 1512 1519 1645 1657 1759 1999 2202 2257 2281 2620 2766 2997 3269 3445 3800 3809 3883 4007 4413 4443 4578 4583 4608 4708 4958
24	32	213	16	156 223 249 341 437 635 772 850 1005 1218 1320 1787 1861 1934 2125 2262 2425 3160 3519 3674 3701 3737 3742 3802 3948 4006 4120 4303 4377 4592 4826 4990
37	24	122	16	70 157 169 185 301 724 852 949 1177 1182 1805 2592 2651 3051 3359 3401 3474 3650 4038 4296 4327 4347 4351 4458 4518 4582 4770 4779 4799
44	30	140	16	144 382 603 721 879 1289 1357 1574 1624 1713 1721 1963 2069 2071 2190 2193 2332 2637 2639 2845 2931 3263 3333 3473 3692 3815 3861 4282 4549 4596 4706 4855 4873 4951
45	12	228	16	114 165 186 413 681 1024 1047 1183 1214 1490 1491 1493 1588 1665 1766 1774 1782 1972 2795 2812 3001 3056 3260 3795 3836 3870 3914 4096 4192 4210 4268 4396 4765 4888
48	6	146	16	16 473 509 637 910 936 965 995 1166 1169 1184 1783 1877 1922 2158 2358 2740 2809 3026 3107 3432 3683 3930 3976 4042 4088 4159 4321 4357 4636 4710 4755 4976
73	40	43	16	32 110 187 344 494 548 815 1039 1056 1146 1197 1545 1784 2095 2240 2256 2264 2345 2558 2945 3108 3236 3375 3593 3629 3702 3749 4109 4239 4520 4591 4881 4921 4959
77	36	210	16	175 369 419 511 651 763 1107 1123 1424 1765 1830 2039 2250 2704 2756 2850 2875 2891 2942 2954 3125 3395 3568 3687 3785 3915 4407 4480 4516 4532 4911 4956
106	35	209	16	109 150 327 478 542 549 614 664 748 1027 1108 1160 1224 1521 1668 1797 2081 2438 2517 2518 2597 2687 2785 2813 3078 3191 3267 3372 3413 3541 3628 3799 3810 3987 4428 4502 4628 4659
110	9	244	16	335 403 436 450 705 737 782 920 1143 1602 1611 1726 1733 1758 2154 2275 2521 2707 2814 3254 3284 3355 3539 3564 3570 3619 3716 3858 3884 4201 4367 4418 4513
134	34	37	16	69 273 504 611 771 830 1077 1210 1457 1471 1565 1618 1752 1810 2043 2224 2388 2410 2412 2476 3249 3514 3540 3606 3658 3856 3862 3876 4460 4461 4563 4819 4844 4899
149	26	249	16	207 385 424 536 538 571 657 927 977 1029 1157 1255 1410 1441 1456 1625 1872 2449 2482 2535 2536 2898 3173 3265 3332 3361 3425 3463 3653 3941 3984 3997 4158 4211 4273 4603
185	37	64	16	139 231 406 443 552 698 845 1267 1447 1499 1587 1710 1755 1931 2020 2312 2465 2542 2788 2941 3011 3192 3219 3235 3257 3393 3599 3820 4150 4216 4590 4741 4822 4974
187	28	111	16	145 389 402 616 710 742 823 856 970 1018 1389 1909 2140 2213 2648 2679 2726 2838 2927 3311 3507 3681 3771 3811 3873 3934 4034 4134 4314 4540 4624 4648 4777 4875 4973
194	17	235	16	211 228 338 407 441 647 678 833 947 969 1137 1188 1619 1734 1821 1983 1985 2066 2152 2364 2413 2805 2918 3104 3472 3560 3753 3759 4127 4257 4360 4508 4551 4650 4678
283	2	59	16	42 45 197 209 239 261 784 793 809 990 1045 1164 1199 1231 1256 1322 1372 1388 1414 1942 2105 2663 2955 3063 3142 3234 3453 4044 4106 4403 4416 4455 4548 4598 4643 4696
330	5	38	16	471 527 801 829 868 935 1015 1175 1394 1644 1654 1837 2155 2340 2401 2490 2609 2710 3454 3533 3575 3649 3951 4062 4265 4483 4484 4629 4811 4884 4982 4984
358	27	191	16	15 226 350 570 612 908 1142 1572 1862 1874 2074 2128 2145 2191 2284 2372 2650 2664 2747 2751 2943 2998 3205 3457 3663 3684 3736 3760 3791 3872 3898 4291 4350 4677 4927
406	4	31	18	25 69 73 669 742 796 965 1049 1152 1159 1449 1576 1606 1745 1758 1773 1776 1830 1833 2017 2128 2318 2523 2781 2894 3170 3261 3434 3474 3682 3829 3986 4642 4748
407	18	96	16	1 68 104 505 652 673 904 993 1006 1291 1360 1650 2111 2185 2394 2574 2837 2844 2853 2872 2972 3041 3272 3287 3477 4051 4064 4103 4143 4833 4863 4915
415	11	90	16	170 447 476 644 703 716 964 986 1017 1079 1163 1298 1488 1804 1962 2088 2194 2690 2691 2770 3006 3086 3312 3442 3461 3490 3867 3988 4055 4194 4400 4634 4722
427	23	22	16	84 405 559 828 1168 1247 1250 1276 1374 1416 1613 1747 1768 1919 2165 2287 2754 3075 3157 3158 3336 3563 3632 3640 3686 3693 4014 4107 4129 4334 4438 4597 4692 4792
435	22	197	18	15 94 275 414 537 841 865 869 1094 1222 1280 1454 1555 1698 2084 2255 2428 2551 2625 3065 3154 3163 3268 3305 3452 3555 3598 3616 4101 4146 4192 4263 4282 4355 4648 4885
440	8	61	16	98 233 334 433 589 659 932 1030 1082 1130 1334 1435 2009 2139 2297 2503 2759 2829 2857 2862 2959 3248 3261 3484 3818 4229 4262 4348 4398 4817 4879
450	21	40	16	140 202 353 404 709 807 1053 1205 1240 1275 1513 1778 1986 2201 2309 2561 2767 3019 3155 3199 3279 3300 3365 3448 3566 3713 3740 3973 4022 4026 4182 4408 4661 4762 4807 4812 4909
464	15	135	16	27 171 203 330 355 780 1091 1271 1349 1532 1551 1648 1662 1864 1887 2018 2075 2303 2443 2504 2736 3356 3404 3678 3828 4161 4534 4539 4556 4664 4670 4902 4962
482	39	87	18	23 176 490 562 677 795 874 886 1200 1477 1546 1583 1597 1933 2026 2203 2359 2448 2544 2829 2906 3040 3389 3433 3489 3579 3681 3710 3896 4161 4427 4602 4684 4754 4925 4941
489	16	121	18	145 217 256 293 406 481 599 999 1170 1194 1658 1809 2141 2233 2239 2371 2392 2907 2936 3174 3175 3364 3378 3479 3686 3696 3708 3876 4175 4190 4425 4563 4747 4847
500	3	154	18	20 36 112 142 319 325 525 587 756 898 1127 1626 1969 2042 2046 2309 2341 2408 2526 2591 2669 2670 2738 2912 3327 3332 3368 3769 3836 3937 4265 4289 4476 4806
7	10	215	18	8 87 150 1105 1588 1750 1899 1939 2082 2162 2171 2196 2267 2402 2547 2725 2764 3056 3456 3472 3607 3748 3788 4097 4167 4187 4218 4255 4326 4377 4661 4664 4946
11	25	192	18	698 745 845 1023 1537 1660 1810 1940 2148 2166 2167 2416 2583 3242 3272 3298 3620 3754 4018 4156 4163 4165 4411 4463 4556 4564 4698 4753 4876
60	19	166	18	74 224 249 276 390 495 615 1034 1036 1059 1125 1133 1465 1500 1531 1558 1591 1682 1868 1890 1923 1987 2143 2394 2598 2989 3943 4511 4818 4878 4903 4984
75	1	203	18	204 258 428 652 793 913 1064 1230 1307 1393 1604 1627 1968 1975 1992 2390 2489 2578 2671 2877 2897 2909 2911 3225 3317 3480 3543 3665 3691 3697 3784 3947 4924 4957
76	20	99	18	109 181 521 758 816 953 989 996 1024 1100 1341 1415 1618 1622 1700 1772 2058 2072 2225 2543 2611 2629 2690 2983 3476 3487 3954 4325 4422 4494 4570 4594 4610 4833
78	29	26	18	281 332 1137 1186 1274 1438 1446 1747 1760 1762 2020 2044 2180 2447 2709 2837 3053 3400 3494 3560 3669 3787 3861 4100 4236 4368 4565 4622 4939 4985 4999
93	31	47	18	125 244 269 477 480 564 597 772 963 1358 1922 2295 2751 2880 2952 3047 3152 3254 3348 3485 3611 3692 3701 3814 3893 4072 4310 4419 4506 4656 4665 4728 4846 4958
102	33	21	18	39 115 273 340 504 981 1190 1374 1440 1549 1553 1625 1667 2032 2146 2503 2613 2727 2874 3046 3360 3382 3419 3503 3566 3634 3993 4052 4109 4157 4586 4686 4917
108	38	176	18	75 78 106 620 627 692 1042 1061 1107 1147 1160 1179 1493 1655 1775 1818 2336 2338 2700 2701 2827 3145 3447 3468 3551 3863 4541 4546 4685 4781 4801 4813 4936
125	14	227	18	77 175 398 831 1252 1321 1689 1925 2024 2025 2092 2264 2286 2463 2561 2581 2861 2961 2978 3027 3214 3285 3782 4027 4324 4539 4736 4809 4987
140	13	82	18	55 61 368 451 531 621 697 721 786 1048 1228 1801 2179 2432 2483 2572 2630 2641 2806 3045 3062 3203 3275 3612 3872 4048 4118 4122 4197 4379 4497 4723 4775 4780
155	32	42	18	17 42 233 364 407 646 844 1118 1263 1464 1927 2125 2325 2478 2722 2735 2945 2979 3158 3161 3431 3602 3805 3877 3880 3980 4128 4134 4181 4186 4280 4688 4700
200	24	71	18	164 167 308 316 550 872 909 1324 1448 1596 1710 1806 2247 2273 2285 2329 2459 2682 2699 2740 2785 2852 2975 3357 3517 3674 3713 3762 4537 4589 4601 4691 4742 4821
225	30	141	18	4 63 67 80 236 386 498 522 958 1066 1129 1165 1292 1426 1702 1897 2011 2212 2322 2324 2692 2790 2800 3010 3117 3139 3189 3828 3878 4009 4035 4561 4638
254	12	145	18	162 189 260 575 668 1090 1376 1417 1544 1577 1738 1846 1898 2056 2098 2115 2181 2193 2298 2706 2760 3116 3216 3351 3588 3592 3979 4139 4232 4298 4430 4500 4815 4852
256	6	224	18	380 405 457 494 784 840 1060 1106 1128 1212 1827 1828 1862 1880 2211 2369 2373 2424 2520 2553 2849 2865 3142 3484 3564 3569 3585 3956 4315 4406 4486 4505 4583 4733 4778
290	40	132	18	188 345 592 759 857 951 1077 1281 1348 1473 1603 1780 1879 2202 2229 2524 2658 2742 2908 2946 2949 3097 3108 3291 3409 3446 3617 3755 3844 4126 4168 4468 4799 4862
305	36	95	18	35 124 404 415 670 860 985 1261 1399 1526 1582 1870 1950 2068 2375 2433 2633 2636 2746 2856 2860 2903 2999 3017 3055 3239 3240 3358 3366 3572 3936 3945 4485 4548 4864 4996
313	35	55	18	147 335 586 722 728 760 827 895 1003 1019 1057 1196 1502 1541 1851 1978 2019 2027 2088 2294 2854 2968 2988 3123 3207 3339 3486 3613 3855 4380 4973 4980 4989
332	9	208	18	111 166 700 928 1002 1339 1346 1351 1373 1400 1475 1506 1708 1835 1865 2093 2114 2192 2200 2330 2567 2632 2747 3088 3373 3411 3527 3624 3757 3868 4023 4290 4405 4596
333	34	10	18	163 306 396 411 655 783 858 921 922 1270 1337 1690 1739 1892 2245 2366 2496 2717 2794 3018 3082 3290 3355 3372 3410 3420 3739 4016 4113 4124 4487 4657 4680 4760
344	26	30	18	200 323 417 438 485 633 853 975 1074 1489 1524 1703 2111 2117 2136 2159 2174 2280 2381 2422 2586 2609 2732 2882 3167 3270 3557 4079 4459 4532 4629 4706 4745
371	37	118	18	152 358 376 459 908 966 970 1219 1291 1408 1585 2085 2197 2217 2248 2254 2377 2733 2836 2843 3198 3423 3817 3925 4082 4153 4333 4420 4571 4643 4669 4791 4956
376	28	48	18	355 732 768 773 902 937 1008 1242 1267 1305 1356 1377 1451 1711 2266 2403 2596 2745 2780 2913 2964 2997 3169 3465 3707 3999 4047 4160 4371 4378 4441 4452 4837
382	7	48	20	32 56 258 314 565 694 943 974 994 1060 1095 1150 1228 1236 1477 1484 1588 1711 1891 1924 2034 2881 3094 3140 3383 3803 3834 4111 4616 4702 4966
393	17	144	18	448 528 594 637 739 754 779 1011 1136 1203 1353 1453 1646 1659 1799 1959 2215 2398 2557 2628 2791 2857 3230 3245 3727 3815 3860 4204 4347 4612 4756 4916
460	2	44	18	222 499 561 572 757 815 892 1319 1452 1647 1669 1716 1914 1970 2089 2105 2417 2515 2519 2546 2616 2644 2656 2797 3042 3223 3282 3764 3843 3987 4462 4464 4631 4743
470	5	138	18	33 230 234 556 995 1020 1193 1744 1944 1981 2039 2054 2209 2236 2316 2495 2506 2545 2638 2859 3021 3022 3084 3301 3387 3412 3509 3587 4006 4191 4277 4825 4827
5	27	139	18	83 247 419 460 606 778 912 926 1005 1006 1028 1054 1148 1333 1754 1785 2037 2238 2461 2535 2549 2779 3263 3289 3523 3671 3721 3907 3951 3970 4388 4393 4598 4617 4870 4915
52	18	179	18	84 300 356 496 569 789 821 1259 1283 1312 1326 1368 1692 1924 2109 2113 2484 2716 2813 2848 3099 3149 3399 3421 3536 3725 3897 4119 4426 4440 4761
57	11	18	18	272 339 347 466 837 935 1220 1367 1547 1763 1800 2002 2216 2242 2460 2792 2863 2902 2981 3079 3396 3729 3851 3888 4137 4295 4320 4404 4551 4560 4663 4729 4865 4942
72	23	246	18	397 493 811 814 818 884 979 1098 1317 1749 1777 1894 1915 2875 3330 3342 3473 3561 3638 3705 3731 3856 3884 4038 4089 4302 4384 4396 4402 4446 4499 4774 4782 4812
86	8	245	18	169 245 336 619 628 674 776 785 868 890 1383 1709 1764 2036 2230 2235 2452 2600 2642 2668 2948 3244 3273 3450 3490 3745 3761 3922 3960 4107 4491 4788 4868
87	21	222	18	301 395 427 532 574 617 654 986 1145 1192 1389 1609 1610 1821 1839 2335 2360 2528 2689 2817 2839 2932 3005 3020 3253 3427 3502 3522 3590 3889 4229 4399 4492 4558 4679
92	15	81	18	287 298 436 467 624 876 1161 1286 1328 1752 1795 1989 2112 2120 2232 2253 2379 2597 2958 3193 3438 3854 4403 4435 4483 4573 4576 4611 4636 4735
137	4	11	20	1 149 159 372 384 577 598 600 751 1393 1436 1534 1630 1728 2104 2349 2407 2467 2991 3005 3022 3215 3491 3723 3762 3842 4082 4216 4424 4696 4734 4910 4934
180	22	62	20	11 257 362 782 842 894 962 980 1332 1879 2317 2512 2569 2693 2700 2896 3154 3317 3364 3399 3459 3613 3736 3767 4021 4050 4065 4231 4293 4365 4870 4941
217	39	193	20	67 148 302 330 1056 1439 1489 1583 1672 1710 1712 1748 1872 1890 2278 2296 2451 2547 2828 2987 3018 3088 3293 3521 3623 3763 4182 4445 4813 4867 4926
227	16	21	20	168 378 435 468 624 663 758 848 1016 1405 1521 1553 1589 1965 2157 2237 2243 2443 2537 2582 3116 3221 3567 3718 3910 4355 4410 4530 4750 4944
257	3	113	20	292 303 515 566 649 840 944 1223 1276 1422 1486 1523 1550 1713 1774 1858 2072 2326 2458 2551 2596 2649 2675 2825 3343 3361 3477 3548 3669 3911 3996 4232 4596 4600 4720 4925
259	10	43	20	191 269 714 1061 1186 1301 1378 1407 1585 1731 1787 1827 1863 2015 2460 2541 2665 2671 2847 2869 2893 3122 3237 3303 3474 3483 3915 4025 4268 4393 4961
265	25	119	20	15 60 225 259 827 847 923 971 1124 1154 1221 1312 1652 2071 2116 2307 2549 2644 2811 2829 3151 3294 3431 3614 3691 3795 3955 4110 4214 4238 4857
286	19	238	20	266 356 387 792 877 926 1253 1410 1476 1679 1687 1809 1930 2205 2277 2369 2454 2485 2787 3173 3466 3579 3649 4035 4262 4312 4316 4472 4548 4726 4927
288	1	167	20	121 192 482 567 761 909 1042 1293 1423 1453 1645 1667 1995 2065 2417 2453 2899 2956 3016 3087 3103 3209 3272 3340 3389 3489 3761 4336 4574
302	20	125	20	16 131 152 208 461 484 875 1074 1128 1647 1904 2219 2703 3199 3247 3481 3517 3591 3644 3660 3751 3794 4087 4389 4500 4691 4745 4795 4835 4928 4979
306	29	171	20	573 693 802 803 868 1036 1211 1273 1325 1842 2028 2382 2455 2493 2686 2851 2906 2931 3410 3438 3512 3647 3899 3936 4058 4186 4195 4488 4608 4673 4815 4840
326	31	232	20	30 253 1234 1238 1297 1311 1403 1414 1614 1781 1918 2095 2189 2266 2658 2905 2910 3172 3238 3324 3345 3405 3417 3424 3792 3813 3954 4011 4146 4172 4178 4222 4519 4773
353	33	158	20	118 938 1046 1048 1108 1265 1642 1658 1884 1947 2050 2129 2253 2267 2630 2672 2868 2882 3038 3513 3538 3570 3670 3690 3700 3713 3835 4043 4152 4294 4313 4429 4558 4681 4816
374	38	85	20	150 220 329 546 686 730 1006 1139 1176 1272 1305 1653 1741 1780 1906 2033 2229 2457 2788 2809 2946 3132 3310 3325 3334 3609 3822 3858 4083 4151 4176 4215 4538
457	14	219	20	82 105 187 282 317 977 1328 1353 1375 1431 1722 1740 1803 1876 1902 2286 2305 3051 3070 3276 3336 3394 3434 3504 3565 3804 3895 3974 4012 4219 4615 4645 4863 4890
458	13	45	20	64 201 462 491 517 610 664 895 976 1203 1216 1313 1438 1686 1736 1903 2005 2043 2192 2273 2324 2365 2652 3290 3348 3414 3440 3542 3720 4343 4544 4690 4808
461	32	80	20	28 103 390 460 742 832 975 1676 1812 2391 2473 2539 2746 2963 2970 3353 3636 3750 3808 3810 3924 3985 4055 4113 4433 4545 4604 4751 4779 4810 4853
481	24	234	20	115 385 516 616 1094 1125 1151 1235 1295 1369 1434 1527 1533 1684 2141 2472 2564 2634 2708 2751 2885 2926 2977 3076 3446 3886 3890 3943 4290 4299 4374 4738
486	7	158	22	70 286 368 399 545 609 643 759 782 1131 1231 1261 1324 1450 1481 1516 1844 1961 2053 2286 2393 3053 3311 4081 4143 4438 4483 4490 4578 4592 4682
495	30	91	20	10 167 412 601 631 650 774 1199 1345 1651 1669 1758 1859 1910 2118 2158 2270 2462 2554 2606 2883 2967 2983 3258 3604 3819 3851 3925 3956 4091 4098 4148 4722
89	12	150	20	415 447 605 697 816 1064 1708 1727 1729 1823 1870 2291 2423 2509 2792 2859 3001 3182 3279 3418 3499 3703 3733 3823 4090 4452 4557 4641 4656 4901
97	6	73	20	528 537 784 800 903 1005 1187 1266 1593 1794 1975 2054 2131 2433 2594 3123 3212 3291 3292 3313 3535 3615 3797 3926 4108 4155 4168 4234 4466 4573 4725 4786 4970
104	40	5	20	41 108 333 596 880 932 1148 1396 1552 1594 1654 1925 2421 2471 2583 2638 3119 3156 3388 3519 3621 3732 3740 4045 4085 4136 4140 4180 4270 4535 4740 4822 4825
133	36	244	20	1376 1504 1547 1656 1743 1764 1857 1878 1883 2074 2276 2330 2468 2585 2619 2774 2814 3113 3202 3260 3601 3629 3780 3865 3967 4381 4700 4746 4897 4921 4972
143	35	75	20	101 486 699 799 824 852 979 1045 1105 1153 1250 1316 1379 1392 1408 1424 1498 1785 1792 2328 2528 2587 2662 2790 2934 3074 3153 3523 3545 3605 3626 4132 4177 4606
162	9	35	20	29 272 296 318 688 736 888 998 1071 1165 1254 1387 1389 1398 1444 1500 1565 1961 2241 2464 2673 2678 2695 2765 2856 2978 3561 3976 4002 4331 4525 4718 4906 5000
165	34	102	20	20 213 423 432 665 692 708 796 983 1121 1207 1333 1337 1429 1633 1692 2179 2203 2226 2705 2725 2776 2920 3067 3138 3576 3773 3912 4105 4162 4255 4709 4721
174	26	16	20	88 132 251 255 381 620 628 720 1101 1141 1157 1284 1441 1551 1649 1706 1955 2231 2413 2761 2925 3698 3800 3948 4323 4491 4498 4509 4531 4804 4916 4978
203	37	183	20	90 93 98 312 584 901 931 1013 1144 1219 1239 1344 1624 1861 2264 2461 2621 2704 2839 2982 2988 3157 3337 3391 3680 3864 3882 3983 4206 4320 4651 4714
207	28	212	20	188 273 343 419 425 576 659 676 1057 1208 1323 1412 1433 1517 1528 1563 1567 1640 1836 1936 1989 1999 2021 2178 2200 2258 2409 2845 3230 3812 3916 4063 4307 4340
209	17	120	20	22 481 999 1179 1194 1204 1251 1496 1595 1615 1886 1979 2496 3321 3536 3585 3599 3682 3971 4271 4272 4434 4633 4652 4675 4964 4983 4991
220	2	81	20	113 538 632 788 910 950 1086 1483 1577 1739 1753 1935 2004 2037 2045 2114 2593 2595 2948 3044 3453 3555 3600 3661 4064 4074 4094 4345 4446 4450 4462 4716
230	5	70	20	92 178 740 906 955 1282 1488 1503 1607 1628 1631 1757 1921 2009 2029 2127 2153 2262 2592 2728 3263 3316 3379 3381 3547 3859 4477 4582 4866 4880 4951
299	4	11	22	135 288 308 326 550 647 932 936 1087 1459 2545 2652 2929 3228 3258 3353 3354 3495 3496 3711 3717 3927 4033 4101 4257 4262 4378 4450 4686 4700 4796 4914
301	27	202	20	40 63 114 183 246 450 572 583 809 1053 1073 1131 1138 1688 1730 1821 1966 2155 2265 2903 3264 3526 3711 3743 3768 3836 3990 4348 4755 4891
304	18	241	20	267 299 465 476 781 1100 1118 1368 1557 1666 1744 2027 2225 2694 2804 2805 2827 2876 2972 3525 3894 3950 4049 4204 4235 4625 4860
307	11	82	20	51 55 240 270 337 433 634 756 757 766 804 1052 1290 1359 1693 1981 2110 2295 2717 2742 3058 3429 3569 3608 3630 3869 3964 4329 4427 4454 4605
356	23	2	20	96 155 186 370 377 434 504 640 1769 1851 2128 2557 2586 2607 2641 2889 2902 2986 3282 3341 3369 3978 3997 4001 4118 4245 4266 4305 4326 4777
405	8	12	20	110 117 352 449 532 835 1146 1183 1303 1363 1390 1499 1673 2062 2150 2281 2853 2933 3078 3109 3131 3463 3490 3574 4278 4580 4761 4981
463	21	9	20	71 332 399 474 683 701 814 928 945 1217 1296 1366 1471 1538 1622 2356 2377 2645 2687 2785 2794 2992 3085 3145 3200 3450 4314 4412 4479 4515 4859
466	15	88	20	139 328 397 747 760 958 1028 1164 1342 1822 1887 2030 2058 2121 2191 2294 2386 2598 2849 2874 2898 2985 3045 3128 3137 3178 3251 3308 3728 3758 3898 4561 4828 4939
492	22	145	22	143 946 1159 1395 1405 1487 1522 1692 1912 1929 1951 2187 2215 2508 2801 2818 2896 3378 3425 3521 3554 3618 3706 4205 4260 4295 4537 4711 4735
38	39	19	22	128 239 249 321 533 704 755 799 1192 1341 1615 1691 1776 1816 2140 2404 2721 2799 2837 2941 2955 3231 3260 3350 3508 3633 3887 4056 4339 4669 4709
47	16	39	22	119 190 264 818 846 1061 1080 1084 1361 1746 1990 2007 2018 2050 2137 2148 2333 2346 2389 2560 2645 2670 3251 3408 3435 3611 3964 3977 4003 4758 4763
58	3	184	22	365 408 444 900 1114 1357 1381 1401 1407 1437 1529 1725 1726 1766 1770 1792 1993 2386 2735 2890 3073 3190 3220 3256 3390 3452 3811 3829 3907 4199 4222
59	10	8	22	178 242 922 1064 1201 1282 1420 1594 1742 1797 1894 2093 2222 2282 2325 2378 2445 2596 2698 3017 3479 3921 4054 4170 4186 4352 4416 4518 4575 4584 4675 4882 4898
99	25	123	22	51 205 285 345 566 964 1118 1385 1605 1690 1831 1917 2126 2161 2278 2360 2431 2718 2727 2834 2850 2935 3201 3427 3895 3973 3987 4212 4307 4533 4767 4817
184	19	136	22	125 256 488 1039 1263 1433 1768 1852 1854 1891 1966 1980 2141 2293 2468 2710 2713 2891 3329 3446 3456 3511 3586 3642 3756 4330 4585 4605 4611 4841 4957
234	1	224	22	130 215 274 509 554 601 1210 1306 1719 1722 1775 1820 1916 2244 2298 2363 2446 2626 2683 2963 3557 4082 4284 4379 4436 4744 4845 4860 4877 4892 4947
235	20	199	22	103 191 487 611 619 807 808 1307 2075 2076 2081 2099 2118 2339 2488 2658 2912 2966 3166 3257 3421 3493 3503 3641 4050 4130 4366 4679 4737 4828 4902
247	29	182	22	101 291 718 729 1031 1193 1274 1337 1470 1603 1679 1873 1997 2292 2592 2936 3176 3301 3308 3412 3658 4116 4141 4237 4361 4550 4831 4915 4958 4980
317	31	95	22	163 278 329 546 676 717 812 906 1213 1315 1340 1347 1396 1648 1702 2559 3002 3377 3980 4094 4111 4259 4292 4491 4630 4656 4723 4861 4876 4970
328	33	181	22	14 116 322 334 696 709 854 1000 1152 1349 1519 1650 1754 2108 2203 2434 2729 2789 2923 2975 3022 3028 3171 3751 3903 4061 4124 4154 4407 4593
343	38	32	22	88 195 491 605 683 699 705 734 1134 1140 1469 1474 1668 2130 2216 2219 2230 2507 2723 3061 3157 3382 3415 3778 3800 4193 4448 4694 4775 4981
348	14	66	22	250 370 420 1243 1627 1665 1699 1787 1814 1886 2052 2221 2408 2779 3050 3139 3243 3248 3338 3494 3506 3683 3741 3996 4226 4311 4368 4434 4673 4849 4963
372	13	223	22	495 596 735 841 1034 1258 1283 1497 1896 2260 2370 2407 2414 2733 2865 3124 3177 3261 3262 3292 3312 3388 3901 3986 4215 4235 4289 4542 4627 4715 4776 4937
394	32	54	22	171 254 564 593 644 760 862 924 1002 1018 1035 1546 1557 1601 1832 1919 2011 2188 2303 2709 2809 3011 3553 3604 3789 4108 4140 4321 4334 4431 4739 4871
430	24	20	22	79 261 471 512 648 985 1491 1499 1554 1779 1938 2308 2447 2690 2749 2816 2922 3033 3064 3076 3239 3805 3823 3962 4005 4102 4122 4398 4595 4787
448	30	212	22	80 297 432 448 486 697 750 937 1023 1174 1322 1508 1871 1935 2061 2679 2696 2878 3096 3172 3274 3341 3460 3605 3638 4014 4243 4773 4858 4976
474	12	30	22	81 117 165 170 221 259 307 467 1043 1076 1088 1196 1921 2006 2117 2142 2381 2676 2685 2734 2852 2870 2982 3249 3587 4051 4629 4701 4757 4903 4918
488	6	69	22	49 231 382 385 431 515 541 703 797 1244 1348 1494 1622 1642 1710 1900 1904 2178 2200 2374 2411 2689 2781 2894 3083 3429 3652 4449 4931
499	40	90	22	263 275 352 861 958 1070 1115 1663 1716 1744 1907 2003 2496 2815 2831 2835 2915 2969 3120 3403 3443 3580 3593 3820 3900 4070 4148 4179 4510 4532 4618
6	36	156	22	316 473 555 767 1215 1555 1882 1902 2184 2343 2614 2657 2755 2786 3032 3058 3106 3127 3560 3726 3770 4161 4223 4233 4281 4282 4523 4552 4678 4733 4832
67	35	240	22	26 236 650 873 1011 1217 1232 1417 1430 1503 1534 1569 1789 1838 2223 2226 2613 2638 2707 2823 2863 2950 3051 3168 3304 3322 3891 3942 4031 4804
112	9	80	22	516 575 879 992 1038 1139 1479 1653 1728 1824 1883 2087 2156 2327 2357 2715 2998 3000 3199 3230 3331 3445 3583 3688 3752 3853 4256 4296 4541 4597 4827
139	34	51	22	357 894 920 930 1033 1122 1326 1509 1568 1604 1670 1735 1860 1890 1954 1960 1974 2054 2243 2548 2939 3026 3090 3203 3205 3247 3461 4301 4310 4360 4911
144	26	211	22	82 123 519 715 802 837 1250 1462 1869 2147 2337 2438 2760 2943 2944 2949 3174 3380 3398 3651 3861 4017 4216 4327 4408 4502 4545 4667
177	37	195	22	28 137 364 493 796 1004 1086 1181 1408 1801 1992 2055 2058 2120 2169 2561 2716 2763 3095 3132 3147 3497 3866 3885 3985 4458 4567 4653 4790 4834
193	28	116	22	65 124 377 535 723 777 849 1189 1597 1730 1734 1778 2297 2499 2990 3048 3295 3342 3393 3488 3501 3547 3576 3667 3714 3797 3849 3899 3917 4218 4370
208	17	229	22	1309 1681 1861 2145 2261 2304 2651 2750 2777 3115 3268 3314 3867 3890 3967 4069 4099 4132 4181 4200 4271 4274 4336 4364 4634 4691 4717 4730 4933
212	2	15	22	184 310 459 530 707 893 1178 1547 1785 1794 1893 2015 2110 2356 2365 2461 2475 2646 3089 3414 3537 3571 3609 3748 3766 4098 4191 4498 4499 4843
216	5	18	22	197 289 479 641 1287 1310 1510 1549 1913 1945 2283 2367 2469 2632 2744 2991 2993 3119 3143 3512 3744 4012 4383 4591 4710 4852 4869
218	27	47	22	425 464 974 1101 1150 1155 1242 1488 1616 1806 1857 1958 1977 2586 2663 2898 3196 3200 3323 3491 3655 3668 3839 3915 4279 4637 4692 4693
240	18	220	22	74 331 675 730 1369 1602 1717 2065 2104 2123 2136 2174 3146 3193 3400 3575 3601 3869 3876 4020 4150 4203 4254 4420 4569 4582 4734 4742 4943
271	11	57	22	265 466 594 599 674 790 969 1024 1109 1167 1188 1434 1451 1897 2056 2128 2361 2627 2771 2812 3039 3112 3287 3362 4149 4162 4319 4683 4702 4789 4992 4993
298	23	70	22	213 384 691 878 1075 1246 1412 1521 1685 1769 1892 1908 2020 2450 2782 3013 3045 3160 3277 3307 3736 3796 3965 4053 4175 4521 4607 4824
324	8	33	22	44 202 298 557 563 568 805 857 917 1072 1371 1489 1598 1610 1621 1646 1737 1901 2397 2979 3066 3406 3513 3515 3534 3695 3731 3776 4409 4952
339	21	38	22	86 360 392 638 671 1091 1111 1284 1799 1804 2180 2251 2443 2481 2921 3007 3084 3108 3422 3453 3477 3762 3888 3993 4333 4382 4402 4626 4659 4727 4904
347	15	226	22	53 417 624 687 990 1318 1354 1590 1637 1808 1815 1839 1877 2329 2399 2429 2513 2938 3195 3326 3598 3676 3721 4007 4018 4037 4337 4535 4546 4614 4967
357	7	12	24	44 211 693 785 786 822 863 1080 1391 1443 1674 2045 2047 2255 2382 2396 2495 2639 2659 2701 2884 2887 3021 3428 3486 3780 4283 4432 4531 4756 4817 4995
359	4	192	24	482 560 658 917 994 1019 1572 1641 1716 1790 2092 2406 2558 3374 3582 3603 3642 3656 3688 3693 3818 3828 4065 4172 4308 4517 4545 4606 4618 4751
362	22	60	24	543 586 622 653 678 858 966 1029 1228 1353 1579 1625 2102 2160 2270 2647 2702 2824 3445 3530 3606 3640 3803 3830 3900 3918 3950 4208 4209 4556 4643 4780
388	39	25	24	161 381 746 851 1112 1380 1388 1465 1469 1916 1933 2041 2094 2168 2195 2321 2518 2539 2935 2939 3058 3698 3777 3907 4060 4085 4323 4652 4836
395	16	112	24	16 24 248 458 520 562 607 655 925 1941 2389 2403 2542 2580 2645 2745 2860 2890 2933 3347 3396 3615 3934 4004 4055 4264 4678 4695 4749 4776 4945
400	3	114	24	122 177 493 620 740 959 1004 1016 1481 1699 1715 1789 2040 2164 2210 3020 3198 3315 3469 3578 3616 3692 3827 3871 4240 4459 4484 4575 4656 4748 4920
441	10	247	24	313 452 453 477 690 957 1083 1248 1290 1442 1567 1660 1882 2318 2555 2765 2812 3405 3573 3724 3932 4113 4200 4258 4324 4524 4593 4664 4798 4873
462	25	68	24	22 244 320 1186 1214 1763 1927 2053 2329 2339 2489 2545 2665 3410 3550 3568 3711 3759 3833 3844 3882 4006 4182 4252 4540 4557 4742 4772 4932
469	19	147	24	51 89 212 420 444 981 1300 1378 1384 1610 1628 1681 1803 1876 2243 2273 2810 3216 3255 3300 3326 3577 3719 3796 3944 4376 4489 4694 4771 4840 4849
14	1	233	24	437 630 685 722 1158 1246 1274 1363 1381 1620 1879 2107 2150 2186 2500 2509 2515 2523 2724 3063 3296 3323 3623 3835 3885 3916 4026 4246 4590 4626
15	20	187	24	52 193 289 366 738 815 964 1076 1110 1123 1637 1732 1943 2024 2131 2775 2815 2858 3131 3233 3402 3865 3897 3966 3967 4017 4087 4345 4406 4440
17	29	159	24	379 615 703 1017 1043 1163 1202 1285 1375 1377 1826 1938 2180 2777 2838 2971 3110 3167 3191 3266 3468 3609 3771 3782 4218 4698 4703
19	31	172	24	11 190 495 529 595 638 881 1058 1239 1275 1277 1428 1675 1735 1800 1947 1953 2468 3085 3165 3226 3520 3551 3738 3745 3792 4046 4708 4762 4763
126	33	214	24	243 322 517 927 1117 1334 1622 1724 1862 1967 2173 2463 2616 2711 2730 2882 3115 3525 3621 3785 3852 3926 3999 4574 4699 4779
163	38	149	24	31 50 318 440 780 897 1306 1355 1564 1753 1934 2083 2242 2377 2957 3207 3240 3319 3517 3519 3754 3807 3875 3910 3941 3968 4179 4189 4198 4409 4515 4947
198	14	63	24	176 187 365 375 430 468 589 603 682 744 1065 1408 1420 1576 1871 1962 2256 2522 3107 3219 3358 3653 3741 3801 3988 4486 4560 4627 4750
199	13	151	24	59 94 179 361 412 761 791 1151 1606 1930 1996 2292 2536 2566 2579 2803 2871 3046 3477 3558 3886 3972 3975 4115 4205 4501 4847 4974
221	32	150	24	141 276 835 967 975 1197 1464 1566 1677 2310 2434 2448 2462 2757 2763 2816 2964 3007 3180 3220 3450 3462 3587 3868 4037 4465 4520 4992
275	24	66	24	140 697 928 1247 1283 1421 1511 1548 1556 1754 1997 2014 2032 2067 2103 2601 2630 2770 2796 3151 3341 3493 3706 3735 3996 4023 4213 4286 4448
289	30	73	24	54 227 308 338 497 834 892 1315 1372 1410 1584 1678 1706 1802 2284 2672 3072 3113 3371 3406 3600 3691 3902 3920 4048 4239 4504 4645 4690
310	12	97	24	153 325 446 478 557 1261 1468 1898 1906 2246 2413 2599 2808 2825 3067 3125 3169 3382 3390 3441 3460 3596 4414 4424 4478 4942 4984
323	6	36	24	267 439 714 1015 1128 1178 1262 1279 1850 1908 2272 2384 2395 2415 2554 2802 2837 2912 3019 3077 3109 3225 3464 3721 3911 4014 4430 4495 4774 4930
396	40	219	24	19 301 544 1063 1141 1330 1385 1528 1632 1728 1747 1788 1853 2063 2119 2235 2297 2445 2451 3031 3241 3461 3507 3594 4024 4177 4318 4639 4662 4668 4731
432	36	128	24	111 275 403 569 954 965 1661 1744 1807 1824 1952 2061 2074 2084 2591 2766 2772 2872 2916 2932 2958 3249 3473 3485 3681 3859 3909 4030 4733 4989 4997
27	35	206	24	174 241 264 671 677 700 1143 1200 1244 1364 1483 1502 1629 1705 1767 1875 2170 2768 2868 2889 3043 3135 3498 3921 4126 4279 4519 4752 4887
61	9	190	24	61 71 621 647 676 899 1030 1129 1148 1630 1695 1736 1985 2179 2977 3004 3028 3034 3192 3579 3607 3651 3883 3917 3924 4110 4181 4477 4608 4797
91	34	155	24	207 317 333 941 1086 1397 1425 1505 1592 1602 1697 1742 2075 2154 2251 2253 2527 2613 3154 3179 3863 3912 3960 4001 4127 4140 4174 4260
105	7	149	26	30 109 299 503 670 1176 1178 1336 1810 1827 2053 2205 2249 2462 2483 2539 2580 2784 2855 2951 3578 3708 3998 4075 4087 4185 4238 4245 4414 4567 4909
178	26	123	24	165 384 539 631 662 1066 1354 1600 1691 1756 1901 2023 2302 2516 2862 3195 3552 3710 3729 3845 3889 3929 4234 4511 4602 4653 4689 4874 4949 4951
429	37	45	24	73 394 555 818 867 1103 1153 1333 1441 1831 1846 1976 2151 2293 2412 3127 3217 3379 3565 3639 3765 3847 3906 3965 4152 4167 4266 4801 4827 4991
493	28	108	24	206 278 507 803 862 1147 1284 1825 1980 2008 2095 2385 2464 2469 2487 2607 2780 2798 2900 2904 3159 3250 3700 3766 4706 4728 4796 4814 4953
4	17	101	24	93 290 523 578 612 706 905 947 960 1059 1264 1324 1376 1434 1591 1719 1903 2520 2843 2878 2917 3366 3784 4220 4311 4438 4550 4753 4868
83	2	1	24	41 62 339 1485 1529 1926 2325 2657 2689 2767 2908 2989 3244 3281 3378 3604 3813 4196 4269 4341 4446 4671 4806 4970
84	5	239	24	106 253 277 319 362 718 853 896 1055 1111 1144 1205 1520 1888 2208 2252 2381 2422 2577 2918 3843 3849 4089 4393 4911 4917
90	27	103	24	262 265 654 737 1225 1346 1614 1955 2230 2269 2497 2560 2605 2879 3053 3147 3188 3391 3676 3730 4158 4642 4783 4864 4896 4897
192	18	54	24	60 146 154 481 757 893 937 1188 1216 1269 1356 1430 1538 1603 2278 2452 3038 3093 3136 3411 3646 3947 4168 4207 4794 4843 4844 4857
351	11	222	24	151 287 292 415 600 1134 1321 1673 1733 1958 2051 2064 2147 2189 2202 2250 2656 2673 2786 3000 3014 3138 3146 3345 3560 3595 3667 4185 4487
401	23	137	24	369 414 687 918 1161 1951 2022 2124 2334 2446 2571 3490 3497 3701 3742 3850 4049 4070 4074 4349 4426 4439 4476 4481 4506 4665 4809
404	8	216	24	12 43 55 92 450 582 639 713 1074 1331 1349 1682 1805 2398 2426 2532 2847 2863 2915 3121 3269 3376 3939 4374 4387 4469 4946
10	4	108	26	105 137 147 413 623 728 795 888 1014 1133 1201 1232 1238 1881 2739 2886 2945 3254 3447 3695 3752 3879 3931 4314 4394 4594 4686 4744
152	21	185	24	3 37 314 360 795 948 1085 1241 1462 1492 2071 2157 2305 2631 2834 2836 2931 3049 3106 3129 3422 3539 3543 3605 4095 4145 4166
160	15	28	24	109 304 573 814 1252 1287 1396 1663 1924 2149 2204 2228 2832 3336 3524 3714 3802 4128 4297 4437 4586 4657 4985 4988
167	22	148	26	339 667 685 748 761 1045 1210 1290 1327 1647 1746 1748 2013 2366 2894 3024 3283 3342 3635 3815 4090 4096 4441 4588 4816 4895 4975
238	39	102	26	66 210 247 360 547 663 691 838 960 979 1094 1767 2311 2655 2851 2869 3182 3385 3461 3559 3667 3738 3929 4097 4186 4351 4636 4726
267	16	225	26	166 324 657 694 733 943 1093 1392 1653 1720 2296 2328 2355 2362 2380 2426 2428 2711 2800 3265 3522 3883 3914 4038 4073 4196 4370 4492
318	3	165	26	216 430 505 775 1364 1477 1786 1790 1876 2183 2192 2368 2840 2926 2959 2987 3305 3702 3980 4005 4102 4472 4527 4605 4719 4866 4879 4913
483	10	157	26	13 368 468 540 617 660 869 1158 1183 1346 1366 1539 1719 1751 1779 2668 2961 3097 3128 3582 3918 3943 4037 4059 4388 4523 4684 4845 4950
490	25	91	26	261 422 640 707 731 899 1335 1367 1393 1616 1782 1952 2010 2164 2211 2369 2904 2996 3187 3233 3286 3446 3462 3689 4799 4910 4985 4988
116	19	231	26	525 556 656 676 726 994 999 1140 1163 1241 1278 1413 1504 1601 1726 1836 3054 3328 3733 3994 4025 4372 4391 4436 4496 4534 4727 4800
190	1	166	26	60 234 424 729 745 807 810 1279 1384 1681 2041 2280 2347 2375 2560 2835 2844 3190 3325 3540 3657 4027 4757 4813 4817 4836 4903
205	20	101	26	212 248 280 499 510 628 699 911 924 1010 1018 1612 1623 1960 2177 2210 2414 2624 2737 3095 3255 3423 3806 4399 4453 4517 4529 4536
375	29	174	26	859 1021 1072 1246 1421 1440 1505 1848 1923 2048 2051 2137 2397 3213 3237 3297 3467 3642 3675 3804 3824 3847 4122 4147 4263 4279 4749 4857
88	31	146	26	97 148 1198 1624 1638 1712 1758 2136 2470 2617 2717 2727 2736 2778 2958 2966 3077 3184 3202 3664 3719 3775 3776 3801 4051 4137 4297
113	33	243	26	250 651 741 749 750 882 889 1435 1699 1781 2159 2360 2482 2566 2703 2721 2804 3086 3480 3563 3668 4242 4387 4421 4570
340	38	161	26	4 168 207 469 768 774 945 1126 1354 1411 1417 1507 1963 2575 2615 2660 2909 3545 3630 3649 3706 3919 4066 4537 4673 4912 4943
40	14	183	26	309 315 942 1213 1401 1516 1688 1938 2169 2207 2277 3101 3110 3294 3451 3631 3841 4011 4069 4130 4352 4613 4616 4748
300	13	124	26	49 67 70 982 1269 1398 1523 1639 1728 1828 1888 2236 2239 2337 2556 2873 3100 3430 3781 4369 4509 4526 4842 4878 4972
349	32	180	26	98 199 264 320 1067 1077 1594 1704 1761 2353 2404 2434 2471 2511 2568 3292 3337 3426 3621 3751 3848 4032 4299 4312 4363
231	24	187	26	136 270 668 766 1054 1701 1957 2439 2562 2593 2701 2722 2790 2795 3175 3231 3416 3798 4058 4250 4445 4746 4811
426	30	4	26	185 198 205 808 839 973 1559 1722 2232 2441 2947 3012 3148 3236 3622 3923 3963 4374 4390 4578 4662 4663 4672
