Course	Room	Teacher	Time	Students
255	9	67	2	2 122 417 462 463 591 636 744 934 1018 1138 1245 1317 1373 1481 1534 1701 1728 1798 1819 1835 1836 1957 2010 2112 2135 2156 2163 2252 2266 2317 2481 2500 2524 2568 2604 2692 2772 2814 2822 2905 2974 3025 3051 3106 3123 3309 3310 3698 3835 3849 3899 3993 4097 4145 4415 4470 4527 4547 4756 4903
129	21	242	2	445 472 530 843 846 852 880 1106 1135 1232 1465 1522 1670 1848 1924 1930 1999 2079 2186 2220 2258 2298 2314 2368 2425 2438 2446 2640 2657 2684 2762 2831 3064 3134 3287 3339 3522 3679 3878 3880 4151 4335 4403 4469 4616 4802 4809 4821 4824 4858 4886 4963
195	3	7	2	95 251 430 492 649 669 739 757 766 794 861 1153 1223 1351 1355 1363 1396 1495 1536 1578 1579 1702 1853 1878 1955 1970 1987 1996 2206 2218 2261 2461 2621 2683 2824 2937 2980 3045 3113 3272 3279 3356 3371 3436 3459 3831 3891 3902 3913 4989
382	27	213	2	111 121 341 377 509 824 831 879 896 945 947 1014 1136 1190 1268 1338 1362 1523 1797 1932 1934 1988 2157 2287 2441 2630 2677 2715 2727 2757 2811 3103 3209 3415 3509 3586 3624 3670 3945 3959 4065 4154 4205 4297 4380 4407 4483 4500 4561 4608 4714 4723 4880
496	5	77	2	17 257 488 544 549 607 735 767 1647 1673 1732 1816 1827 1884 1890 2113 2183 2321 2664 2801 2836 2843 2951 3023 3028 3081 3188 3418 3443 3674 3728 3822 4012 4203 4228 4310 4317 4399 4481 4612 4620 4679 4735 4774 4791 4861
179	1	182	2	1 68 101 335 455 529 532 565 572 695 716 727 765 776 797 806 952 1065 1161 1206 1653 1771 2140 2148 2180 2227 2511 2676 2792 3019 3044 3097 3218 3267 3406 3452 3846 4248 4258 4314 4388 4455 4687 4691 4703 4793 4796 4924 4928 4960
312	15	63	2	131 367 434 485 784 891 923 941 1004 1045 1112 1264 1332 1502 1566 1648 1861 1898 1918 1938 1971 2042 2176 2221 2278 2404 2522 2648 2705 3229 3231 3369 3528 3771 3818 3852 3943 4013 4055 4079 4207 4210 4673 4897 4946 4992 4994
376	9	242	4	120 389 410 415 568 650 674 720 912 1095 1103 1301 1351 1418 1420 1507 1622 1779 1920 1963 2031 2135 2194 2349 2516 2675 2973 3134 3164 3340 3368 3563 3566 3826 3903 3907 4084 4309 4413 4458 4477 4547 4645 4651 4663 4944 4980
387	30	1	2	84 138 526 579 595 704 922 1067 1092 1164 1312 1343 1364 1445 1446 1520 1631 1672 1679 1756 1876 1990 2038 2344 2345 2436 2553 2775 2823 2852 3142 3199 3367 3780 3802 3875 3893 3929 4195 4307 4332 4633 4881 4930 4936 4943
41	31	214	2	153 331 460 480 534 542 580 589 659 791 990 994 1068 1262 1689 1697 2137 2166 2541 2708 2724 2952 3221 3293 3478 3609 3630 3702 3785 3841 3884 3977 3981 4021 4156 4214 4463 4535 4577 4696 4818 4845 4849 4853 4953
43	18	249	2	45 199 365 520 533 582 955 988 1171 1188 1310 1367 1742 1904 1920 1943 1954 2090 2128 2136 2350 2378 2489 2868 2940 3014 3036 3238 3242 3545 3761 3865 3965 4056 4075 4315 4433 4562 4908 4957 4982 4990
83	34	79	2	274 351 410 611 661 837 856 981 983 1060 1115 1132 1220 1477 1680 1733 1807 1945 2005 2118 2175 2178 2357 2383 2588 2627 2655 2675 2860 3399 3591 3598 3635 3776 3876 4368 4397 4517 4560 4871 4883 4922
238	33	133	2	8 226 283 382 412 610 1082 1291 1382 1855 2004 2203 2315 2328 2340 2353 2360 2384 2414 2472 2602 2669 2847 2947 3070 3077 3189 3285 3301 3421 3433 3461 3521 3562 3762 4048 4127 4241 4254 4405 4425 4658 4850
341	36	20	2	21 30 183 190 320 627 667 815 965 1162 1197 1426 1519 1696 1783 2078 2208 2223 2300 2528 2631 2698 2734 2741 2953 2954 3204 3381 3413 3449 3530 3602 3662 3672 3693 3695 3747 3894 4330 4393 4413 4452 4604 4617 4683 4744 4757 4836 4839 4962
384	17	6	2	127 250 300 368 552 644 710 1069 1088 1476 1499 1572 2242 2320 2399 2686 2739 2759 2891 2935 3053 3230 3250 3283 3376 3429 3499 3775 3800 3842 3861 3892 3924 3928 3964 4036 4062 4160 4193 4259 4360 4396 4453 4611 4807 4973
460	28	39	2	225 325 330 359 375 483 525 881 999 1015 1131 1211 1352 1365 1923 2026 2233 2301 2303 2311 2390 2478 2512 2564 2959 3254 3318 3335 3579 3856 3862 4008 4223 4389 4402 4410 4445 4477 4594 4627 4675 4699 4700 4704 4765 4823 4933
473	40	88	2	7 264 337 366 423 428 502 581 668 780 785 1124 1155 1179 1297 1342 1377 1504 1569 1609 1865 1921 2095 2744 2797 2827 2882 2965 2998 3208 3244 3360 3585 3708 3725 3784 3956 4115 4266 4431 4602 4706 4741 4974 5000
5	29	68	2	62 416 446 560 679 731 950 979 1150 1588 1635 1640 1760 1874 1886 1900 1936 2027 2075 2127 2185 2255 2268 2307 2427 2547 2556 2616 2810 2972 3223 3307 3347 3450 3464 3607 3753 3868 4211 4238 4302 4435 4466 4556 4642 4822
194	10	108	2	14 112 147 221 254 260 290 339 657 847 898 929 995 1272 1337 1439 1722 1750 1806 1951 2120 2379 2380 2576 2623 2714 2730 2779 2967 3017 3256 3409 3448 3549 3837 3895 4023 4108 4290 4299 4629 4690 4721 4925
225	22	248	2	217 273 521 559 596 601 664 700 804 908 1282 1322 1389 1486 1557 1676 1992 2008 2158 2167 2430 2523 2544 2668 3003 3084 3132 3135 3158 3286 3340 3385 3526 4003 4005 4016 4028 4037 4084 4273 4283 4462 4464 4559 4622 4685
314	26	93	2	236 248 389 741 771 772 909 916 1032 1044 1235 1391 1545 1617 1621 1838 2219 2236 2341 2395 2679 2687 2719 2720 2745 2802 2867 2936 2981 3139 3289 3370 3457 3573 3574 3589 3992 4087 4174 4243 4490 4551 4654 4656 4729
327	12	86	2	238 241 242 258 421 598 743 857 863 951 975 1141 1169 1571 1623 1634 1960 2014 2015 2049 2129 2530 2872 3041 3110 3275 3477 3516 3558 3782 3825 3994 4170 4489 4516 4610 4638 4693 4754 4900 4942
3	39	10	2	294 402 578 812 821 830 836 895 943 996 997 1101 1114 1254 1576 1791 1982 2039 2067 2210 2412 2560 2589 2862 2950 3027 3156 3219 3322 3378 3427 3500 3503 3647 3656 3717 3736 4010 4067 4354 4418 4544 4624 4799 4910
106	14	185	2	91 186 376 713 753 798 862 953 980 986 1270 1288 1524 1727 1871 2318 2373 2374 2376 2421 2593 2732 2941 3089 3182 3210 3575 3584 3628 3645 3716 3805 3907 3990 4001 4020 4121 4177 4437 4543 4767 4794 4859 4902
183	32	95	2	57 66 268 291 326 345 383 419 623 709 712 1062 1284 1394 1506 1510 1552 2006 2280 2306 2596 2680 2702 2709 2728 2833 2938 3200 3357 3387 3423 3638 3706 3732 3750 3881 4261 4456 4660 4725 4747 4898 4991
200	11	135	2	54 105 152 163 164 172 348 425 508 562 683 719 1175 1252 1358 1517 1744 1910 2040 2096 2117 2241 2445 2510 2537 2622 2743 3072 3166 3240 3280 3442 3551 3633 3673 3838 3911 3927 3940 4029 4078 4128 4216 4423 4661 4769
293	2	192	2	210 218 467 698 851 915 926 935 1151 1306 1309 1466 1639 1660 1665 1708 1764 1956 2439 2581 2712 2840 2904 3590 3688 3786 3817 3860 3901 4064 4279 4358 4440 4458 4585 4734 4797 4856 4885
302	23	136	2	72 212 399 435 646 1030 1285 1376 1554 1737 1857 1888 1961 2012 2051 2319 2385 2787 2841 2970 3024 3031 3037 3155 3252 3290 3320 3402 3440 3485 3587 3636 3756 3830 3869 3963 4239 4280 4539 4711 4753 4863 4956 4997
345	38	186	2	205 333 682 762 808 872 907 1177 1473 1616 1690 1768 1887 2033 2063 2174 2272 2348 2433 2443 2497 2742 3056 3145 3146 3249 3258 3294 3445 3490 3646 3650 3652 3853 3877 3946 3948 4025 4049 4236 4468 4571 4868 4948
449	4	175	2	99 279 401 436 456 567 813 931 1079 1100 1174 1318 1356 1381 1383 1397 1543 1706 1741 2011 2238 2240 2364 2909 3245 3248 3349 3394 3566 3572 4061 4179 4340 4546 4600 4745 4746 4778 4825 4838 4843 4958
27	24	179	2	13 89 227 395 431 498 510 564 660 754 810 853 956 982 1019 1107 1419 1757 1776 1985 2205 2409 2460 2479 2546 2780 2838 3071 3315 3458 3469 3515 3559 3640 3704 3824 3926 4118 4271 4443 4724 4830 4964
137	20	51	2	16 200 281 479 763 790 992 1165 1234 1275 1390 1400 1581 1792 1824 1839 1983 2050 2254 2308 2473 2559 2637 2722 2826 2962 3039 3093 3138 3175 3191 3513 3525 3918 4124 4256 4336 4391 4503 4668 4671 4698 4875 4929
196	7	218	2	364 440 454 459 728 844 1046 1057 1142 1198 1320 1421 1559 1563 1714 1840 2267 2464 2651 2689 2837 3069 3115 3117 3190 3214 3489 3554 3569 3592 3683 3703 4068 4165 4309 4552 4574 4601 4640 4743 4777 4966
260	35	224	2	232 277 478 597 673 681 717 723 749 845 882 1111 1146 1208 1303 1568 1667 1693 1927 2023 2029 2084 2091 2119 2382 2451 3227 3345 3541 3773 3900 3904 3931 3997 4041 4319 4343 4603 4715 4749 4848 4947
264	8	208	2	28 134 393 466 584 630 827 885 924 993 1035 1145 1159 1172 1209 1333 1540 1603 1655 1767 1864 1883 2124 2188 2265 2389 2432 2624 2673 2767 3269 3281 3604 3709 3777 4063 4202 4209 4287 4347 4356 4364 4739 4899
280	25	17	2	11 49 51 178 182 203 244 278 465 672 677 854 1105 1195 1227 1273 1494 1654 1810 1911 1981 2107 2251 2336 2614 2690 2786 2861 3153 3284 3372 3523 3667 3729 4244 4321 4326 4362 4366 4386 4614 4940
310	37	146	2	181 215 265 313 497 501 571 799 905 1157 1403 1449 1487 1649 1691 1901 1950 1965 2099 2101 2413 2465 2532 2646 2800 2851 2880 2919 3111 3225 3358 3390 3404 3455 3582 3803 3922 4070 4198 4253 4482 4914
319	19	181	2	216 289 296 328 356 385 489 514 570 960 1450 1719 1736 1738 1786 1842 1912 2093 2115 2182 2295 2554 2628 2638 2977 3296 3300 3492 3682 3797 3888 3950 4019 4089 4467 4472 4549 4623 4681 4798 4857 4896
328	21	135	4	159 177 363 402 753 863 880 1031 1033 1184 1261 1284 1378 1399 1717 1742 1975 2069 2105 2313 2417 2754 2892 3015 3071 3144 3226 3392 3442 3510 3555 3568 3881 4192 4225 4313 4350 4411 4666 4805
406	16	87	2	202 306 347 495 512 760 792 991 1002 1126 1300 1393 1560 1683 1843 1994 2053 2116 2153 2164 2299 2764 2865 2983 3271 3337 3411 3501 3547 3718 3821 3834 3978 3996 4009 4059 4072 4147 4618
71	6	160	2	92 658 848 984 1130 1244 1263 1512 1558 1642 1775 1790 1809 2132 2248 2358 2452 2504 2542 2618 2813 2890 3034 3125 3157 3177 3282 3410 3524 3826 3867 4091 4126 4295 4305 4359 4373 4879 4970
136	13	174	2	94 230 321 352 420 441 605 612 725 1246 1276 1289 1369 1508 1509 1535 1699 1749
211	3	177	4	141 182 199 361 482 532 715 782 953 1059 1091 1154 1358 1494 1859 1981 2101 2140 2253 2341 2472 2494 2642 2711 2727 2789 2807 2918 3023 3159 3225 3456 3627 3644 3821 3864 4252 4738 4847 4962 4969
257	27	74	4	51 121 216 230 236 253 426 698 717 783 997 1013 1035 1061 1234 1362 1375 1498 1590 1737 1907 1969 2176 2217 2290 2502 3209 3606 3635 3749 3836 3848 3923 4014 4022 4059 4571 4583 4785 4786 4914
308	5	212	4	5 197 239 440 611 647 1179 1321 1396 1549 1602 1660 1686 1817 1995 2415 2467 2475 2574 2584 2671 2700 2806 2845 2876 3018 3108 3166 3204 3298 3517 3623 3625 3639 3751 4000 4008 4143 4260 4668 4709 4859 4915
342	1	225	4	56 301 318 492 558 635 725 746 759 804 1056 1094 1142 1278 1381 1394 1443 1547 1596 1816 1996 2023 2028 2211 2214 2229 2387 2898 3021 3060 3383 3512 3550 3794 3966 4545 4575 4757 4895 4898 4941 4956 4994
443	15	197	4	249 273 310 371 387 675 855 949 1102 1233 1425 1462 1638 1703 1831 2039 2077 2165 2404 2497 2589 2607 2766 2872 2895 3058 3178 3245 3309 3518 3619 3902 4037 4109 4182 4217 4341 4449 4453 4641 4899 4911
174	30	200	4	13 15 172 345 508 545 662 840 942 1072 1252 1313 1429 1496 1656 1663 1940 2330 2406 2411 2430 2477 2614 2763 2863 3062 3111 3219 3269 3425 3460 3486 3593 3641 4093 4111 4179 4242 4263 4713 4772
297	31	193	4	328 332 360 370 691 826 879 1026 1251 1283 1536 1580 1740 1800 1822 1847 1852 2061 2209 2447 2461 2593 2639 2708 2830 2982 3011 3154 3514 3812 3830 3962 4205 4308 4320 4352 4520 4613 4931 4954 4999
307	18	151	4	232 295 621 1069 1173 1231 1265 1307 1380 1457 1609 1612 1619 1696 1715 1787 1941 1958 2284 2602 2723 2799 2827 3036 3194 3221 3317 3320 3410 3548 3660 3688 3786 3832 4029 4117 4196 4656 4676 4715 4963
354	34	195	4	72 86 106 164 395 652 907 998 1064 1163 1167 1204 1238 1239 1340 1441 1568 1892 2065 2129 2226 2245 2381 2823 2887 2913 3201 3680 3950 3972 4072 4104 4269 4400 4432 4596 4610 4660 4723 4730 4736 4763 4817
405	33	146	4	219 352 468 522 959 1073 1185 1771 1799 1927 2004 2022 2106 2207 2246 2503 2555 2605 2656 2824 2933 2944 3101 3112 3183 3326 3398 3561 3643 3734 4246 4256 4272 4354 4794 4842
408	36	70	4	39 347 439 500 550 607 700 1111 1434 1524 1579 1658 1667 1732 1767 1770 2145 2196 2389 2391 2501 2511 2707 2839 2841 2886 3105 3160 3278 3419 3423 3603 3657 3712 3735 3752 3761 3811 3844 4221 4274 4740 4776 4812
415	17	221	4	104 286 298 340 353 435 665 724 916 1149 1573 1683 1785 2092 2323 2374 2426 2440 2523 2771 2801 2820 2859 3306 3330 3757 3766 3778 3963 4089 4090 4334 4358 4416 4475 4523 4606 4614 4682 4684 4725
439	28	139	4	32 278 379 413 591 625 770 903 1263 1479 1518 1577 1692 1700 1751 1848 2047 2050 2063 2392 2413 2916 2934 3137 3168 3176 3267 3372 3509 3557 3594 3604 3653 3664 3673 3687 3722 3764 3850 3872 3971 4004 4096
441	40	235	4	211 322 418 485 562 587 714 748 808 820 1029 1502 1564 1591 1606 1719 1815 1998 2275 2448 2591 2611 2693 2874 2926 2986 3054 3128 3374 3470 3554 3580 3787 3845 3855 3886 3957 4026 4276 4392 4506 4508 4588 4681
450	9	221	6	29 50 113 116 355 380 437 516 577 697 790 1382 1567 1611 1650 1658 1717 1889 1901 2029 2086 2103 2372 2459 2579 2762 2948 3146 3441 3530 3561 3819 3875 3925 4323 4371 4377 4594 4615 4759 4792 4949
454	29	241	4	25 59 185 280 350 354 588 811 819 964 992 1016 1083 1110 1298 1370 1440 1508 1687 1951 2335 2493 2514 2728 2844 2899 3006 3200 3335 3491 3796 4074 4132 4145 4157 4286 4301 4306 4515 4524 4540 4710 4851 4950 4987
481	10	207	4	99 374 388 443 632 671 711 732 989 1188 1253 1266 1352 1629 1668 1739 1952 1997 2147 2186 2200 2343 2377 2449 2575 2598 2610 2901 2975 2996 3193 3266 3700 3834 3888 3961 4642 4701 4795 4846
4	22	95	4	539 542 559 859 1177 1319 1356 1467 1676 1896 1914 2187 2232 2367 2400 2418 2434 2533 2732 2906 3140 3412 3475 3613 3731 3799 3839 3895 4067 4245 4280 4347 4565 4798 4937 4949
99	26	4	4	4 111 160 552 576 623 696 721 841 842 962 1196 1458 1459 1514 1758 1766 1836 1934 2062 2263 2360 2641 2814 2817 2870 3094 3210 3393 3474 3553 3656 3984 4048 4291 4363 4546 4721 4766
111	12	97	4	18 195 339 533 794 954 960 1022 1402 1442 1468 1633 1662 1854 1899 1953 2002 2133 2373 2515 2746 2747 2967 3041 3126 3291 3352 3438 3706 3856 3874 4023 4124 4304 4393 4615 4616 4646 4844
146	39	211	4	57 250 325 412 871 938 1028 1189 1281 2052 2243 2481 2491 2535 2608 2749 2978 3009 3114 3151 3237 3308 3495 3790 3863 3900 3996 4279 4466 4484 4638 4727 4746 4748 4779 4901 4986
181	14	48	4	78 170 217 288 346 477 503 586 937 973 1084 1127 1325 1527 1565 1587 2057 2074 2369 2543 2679 2928 2969 2970 3005 3046 3213 3348 3380 3402 3472 3654 3762 3782 3802 3817 3835 4172 4300 4465 4770 4807
270	32	72	4	43 307 344 729 830 838 987 1280 1377 1383 1584 1678 1991 2076 2372 2409 2489 2509 2532 2717 2729 3033 3203 3283 3304 3407 3488 3521 3775 3823 4125 4194 4362 4390 4405 4407 4529 4569 4662 4706 4916 4927 4952
289	11	142	4	42 52 193 221 548 634 655 716 884 1211 1224 1603 1657 1966 2000 2203 2282 2490 2499 2842 2875 3008 3057 3090 3175 3576 3876 4187 4339 4404 4495 4528 4563 4643 4754 4796 4896 4905 4907
320	2	111	4	96 129 166 214 381 498 649 693 710 933 950 1038 1119 1120 1150 1282 1464 1560 1778 1960 2167 2545 2562 2821 2881 2920 3093 3268 3290 3424 3541 3648 3959 4129 4186 4206 4316 4373 4374 4456 4463 4501 4697 4955 4979
326	23	239	4	61 255 305 362 404 1324 1363 1470 1515 1688 1809 1827 1971 2040 2116 2132 2155 2278 2337 2816 3026 3078 3113 3259 3414 3426 3461 3490 3504 3538 3715 3890 4139 4287 4414 4672 4674 4828
340	38	51	4	158 342 493 604 617 653 755 1000 1050 1303 1893 2144 2292 2316 2465 2504 2521 2529 2557 2572 2626 2745 2750 3161 3248 3339 3363 3467 3803 3995 4191 4243 4247 4305 4342 4544 4557 4562 4764 4835 4845 4853 4906
364	4	209	4	349 445 560 744 774 776 864 1065 1129 1195 1236 1525 1535 1558 1611 1618 1813 2099 2122 2270 2458 2544 2558 2740 2752 2784 3048 3073 3428 3595 3689 3797 3808 3859 4002 4060 4208 4440 4522 4790 4826 4912 4932
396	24	52	4	7 204 308 870 966 1042 1203 1219 1228 1413 1781 1870 1947 2058 2110 2157 2312 2580 2833 2924 2955 2966 3136 3483 3511 3546 3612 3667 3730 3769 4082 4353 4372 4561 4601 4704 4717
417	20	165	4	31 58 69 227 341 405 584 636 706 734 935 1141 1147 1653 1664 1733 1875 1879 2302 2308 2386 2525 2552 2703 2718 2831 2921 3063 3117 3530 4047 4071 4284 4389 4448 4507 4600 4670 4685 4686 4872 4876
14	7	26	4	29 126 263 279 312 466 572 789 791 833 1202 1245 1346 1500 1672 1760 1876 1980 1989 2171 2578 2772 2793 2812 2999 3132 3141 3350 3389 3480 3768 3883 3979 4011 4255 4409 4890 4939
138	35	63	4	36 44 46 50 76 79 223 357 517 610 629 640 689 701 923 1079 1182 1223 1344 1763 2032 2083 2283 2286 2347 2456 2482 2486 2792 2813 2837 2849 3052 3143 3388 3408 3544 3709 3827 3941 4137 4567 4577 4700 4958
145	8	187	4	561 648 844 934 976 1040 1047 1081 1171 1408 1478 1659 1725 1795 1814 1982 1992 2087 2527 2534 2618 2621 2682 2779 2942 3232 3445 3575 3747 3804 3810 4100 4106 4128 4173 4210 4237 4365 4532 4705 4811 4964
159	25	167	4	84 156 324 563 619 895 902 940 1480 1608 1650 1850 1869 1988 2036 2173 2359 2550 2609 2741 2744 2790 2838 3214 3228 3302 3417 3588 3611 3622 3806 3911 4181 4229 4476 4479 4550 4850 4885
163	37	131	4	130 464 511 546 694 807 832 1390 1598 1641 1702 1710 2080 2231 2329 2338 2375 2435 2635 2667 2697 2778 2794 2980 3124 3171 3202 3385 3413 3522 3533 3545 3608 3630 3683 3789 4160 4171 4329 4560 4897
167	19	65	4	17 124 137 162 209 222 518 544 1453 1576 1601 1769 1818 1900 1976 2254 2260 2309 2379 2777 2877 3084 3327 3331 3346 3377 3431 3792 3906 3944 3985 4121 4126 4142 4175 4176 4267 4401 4593 4718
227	16	106	4	82 428 543 845 854 868 1336 1345 1357 1729 1735 1911 1945 2033 2097 2206 2321 2429 2568 2583 2696 2787 3102 3185 3211 3334 3336 3508 3695 3825 4052 4136 4264 4821 4827 4920
239	6	223	4	65 71 233 309 390 531 592 601 695 786 821 847 1096 1175 1176 1216 1405 1666 1689 1777 2009 2268 2298 2420 2471 2585 2647 2676 2695 2706 3153 3379 3418 3824 4097 4537 4678 4818 4923 4960 4975
245	13	143	4	246 254 285 427 551 1089 1199 1300 1343 1369 1466 1483 1517 1823 1841 1881 2356 2421
276	21	115	6	421 424 430 643 838 891 931 1243 1623 1760 2059 2209 2313 2410 2678 2743 2869 3010 3250 3273 3347 3500 3523 3715 3757 3777 3870 3887 3900 3942 4112 4233 4280 4283 4523 4728 4984
395	3	8	6	1 464 1020 1182 1187 1236 1259 1501 1555 1586 1608 1709 1716 1840 1862 1924 2070 2098 2369 2439 2557 2723 2739 2932 2934 3090 3124 3159 3282 3305 3426 3444 3487 3718 3905 3944 4222 4333 4924
419	27	46	6	174 299 397 407 418 444 565 777 932 1079 1242 1785 1810 2031 2237 2403 2415 2455 2578 2600 3022 3040 3144 3338 3412 3730 3764 3844 4073 4126 4160 4378 4398 4408 4427 4528 4552 4619 4783
497	5	77	6	128 340 500 523 622 632 687 693 834 899 913 1354 1442 1988 2142 2181 2193 2380 2453 2490 2540 2554 2572 2644 2785 2953 3332 3349 3429 3534 3548 3648 3721 3929 4054 4247 4338 4445 4621 4810 4932
8	1	74	6	504 736 756 884 908 1146 1238 1304 1418 1597 1664 1678 1815 1929 2020 2126 2341 2545 2673 2745 2912 2993 3060 3139 3162 3226 3295 3374 3381 3394 3503 3733 3798 3801 4203 4212 4296 4301 4517
36	15	122	6	72 110 257 538 633 674 676 680 758 893 1040 1043 1232 1282 1301 1530 1649 1973 2137 2169 2243 2269 2409 2505 2519 2972 3174 3318 3545 3761 4139 4176 4268 4284 4400 4569 4578 4860
38	30	151	6	287 292 531 571 600 602 866 905 977 1508 1620 1645 1670 1684 1802 1838 1944 2081 2682 2693 2879 2933 3064 3290 3439 3443 3498 3774 4217 4257 4292 4488 4555 4693 4719 4800 4836 4978 4995
90	31	228	6	84 87 107 208 476 670 692 833 926 936 1044 1139 1331 1437 1525 1534 1613 1669 1730 1758 1895 2016 2082 2141 2232 2291 2492 2647 2698 2735 2781 2809 3035 3246 3287 3392 3533 3686 3746 3786 4270 4294
91	18	173	6	88 204 383 450 456 802 842 887 921 1231 1338 1353 1373 1782 1949 2006 2175 2230 2270 2641 2911 2968 3005 3006 3118 3234 3395 3570 3610 3612 3657 3690 3745 4162 4197 4202 4433 4630 4732 4960
116	34	88	6	20 85 104 289 315 372 787 801 892 950 1063 1088 1329 1656 1714 1770 2109 2184 2214 2288 2324 2414 2476 2532 2731 2900 2902 3119 3129 3579 3646 3647 4133 4263 4392 4477 4527 4624 4773 4779 4832
150	33	230	6	98 207 330 520 532 928 933 987 1023 1024 1197 1299 1308 1326 1402 1453 1581 1922 1930 2021 2274 2447 2596 3056 3249 3422 3506 3701 3707 3814 3829 4063 4076 4430 4497 4589 4597 4918 4930
190	9	173	8	241 288 440 469 474 491 769 873 883 960 1099 1222 1337 1375 1376 1447 1814 1896 2222 2274 2391 2470 2654 2831 2971 3031 3271 3296 3301 3478 3682 3809 3975 4009 4153 4178 4196 4459 4512 4524 4584 4713
192	36	217	6	52 510 665 909 918 1008 1246 1274 1417 1495 1523 1644 1705 1759 1805 1948 1983 2132 2163 2239 2702 2789 2832 2890 2896 2929 2962 3103 3325 3326 3481 3717 3858 4148 4660 4665 4705 4765 4851
224	17	179	6	73 127 134 616 696 706 778 852 1208 1209 1258 1363 1464 1691 1731 1757 1834 1879 1894 1903 2222 2484 2510 2522 2524 2710 2792 2986 3743 3949 4218 4224 4259 4295 4368 4677 4689 4708 4889 4894
321	28	62	6	155 471 590 745 873 890 944 971 1080 1171 1429 1535 2102 2159 2247 2284 2334 2432 2549 2671 2769 2822 2853 3017 3051 3082 3252 3257 3364 3788 3922 3923 3964 4003 4083 4098 4206 4533 4606 4694 4814 4975
323	40	216	6	34 222 261 381 400 705 715 764 773 992 1055 1098 1186 1393 1478 1505 1509 1511 1578 1580 1628 1822 2348 2358 2397 2440 2546 2651 2724 3003 3386 3389 3499 3501 3771 4208 4345 4538 4595 4972
349	29	66	6	38 228 323 485 681 810 1200 1216 1539 1667 1712 1925 2032 2111 2431 2605 2684 2846 2926 3216 3275 3306 3311 3340 3359 3360 3376 3504 3876 3968 4144 4277 4307 4441 4491 4676
375	10	220	6	226 274 310 747 868 994 1065 1122 1487 1532 1595 1704 1780 1958 2010 2412 2460 2493 2544 2659 2748 2958 3128 3184 3456 3642 3699 3711 3821 3848 3971 4309 4421 4463 4609 4670 4888
386	22	61	6	262 269 368 375 384 409 490 637 677 828 929 1029 1265 1345 1371 1407 1515 1675 1676 1728 1735 2218 2468 2473 2611 2875 3573 3620 3702 3775 3783 3920 4035 4188 4475 4506 4698 4734 4834 4835 4882 4893
394	21	216	8	10 133 204 221 291 455 499 609 701 814 1322 1389 1444 1592 1608 1665 1745 2325 2522 2561 2582 2902 2953 3114 3171 3257 3321 3578 3624 3940 3970 4115 4511 4666 4786
425	26	197	6	234 294 720 767 813 849 1144 1168 1203 1303 1319 1389 1572 1695 1796 1818 1991 2024 2306 2386 2478 2634 2833 3086 3095 3224 3229 3756 3758 3768 3868 4077 4285 4322 4425 4461 4648 4686 4771 4824 4859 4955
15	12	199	6	327 455 469 482 580 628 750 805 858 904 1061 1212 1422 1458 1551 1694 1826 1923 1975 2424 2649 2701 2989 3043 3057 3380 3619 3628 3834 3991 4141 4426 4509 4620 4688 4809 4816 4821
30	39	19	6	112 453 759 812 919 923 1068 1094 1210 1310 1463 1589 2252 2345 2699 2753 2855 2876 3001 3298 3316 3366 3408 3551 3626 3675 3738 3896 3988 4027 4100 4213 4302 4607 4673 4744 4781 4986
31	14	105	6	154 167 325 883 1129 1211 1814 1926 1928 1942 2043 2071 2150 2591 2808 2943 2981 3106 3222 3253 3465 3623 3894 3938 3941 4014 4143 4251 4369 4454 4548 4672 4750 4805 4906
39	32	233	6	24 141 177 190 514 529 752 882 1054 1184 1191 1287 1456 1873 1919 1974 2028 2149 2420 2500 2508 2612 2615 2622 2827 2897 3011 3108 3264 3372 3663 3955 4045 4155 4204 4340 4471 4521 4833 4843 4996
54	11	109	6	220 336 562 685 956 1047 1051 1133 1189 1217 1241 1248 1394 1681 1801 2055 2089 2139 2213 2366 2561 2580 2633 2665 2774 3049 3102 3109 3665 3779 3822 3833 3947 4173 4384 4718 4838
74	2	168	6	45 53 60 117 186 451 995 1042 1251 1467 1556 1585 1900 2042 2179 2205 2273 2377 2451 2475 2501 2765 2824 3416 3649 3754 3803 3880 3934 3996 4049 4123 4428 4446 4535 4714 4826 4868 4933 4943
112	23	215	6	10 554 785 879 1014 1045 1249 1263 1311 1406 1627 1632 1639 1729 1789 1946 2088 2359 2894 2952 3065 3279 3337 3473 3540 3683 3704 3847 4033 4041 4064 4104 4288 4311 4396 4397 4653 4919
119	38	237	6	77 157 231 388 641 666 878 910 991 1041 1361 1526 1565 1966 1998 2172 2548 2563 2625 2761 2877 2928 3069 3535 3616 3645 3727 4043 4070 4114 4348 4394 4468 4486 4573 4622 4905 4916
128	4	7	6	181 270 331 690 704 780 1137 1167 1188 1443 1550 1591 1607 1734 2017 2160 2238 2411 2571 2722 2733 2760 2964 3085 3286 3334 3341 3546 3797 3970 4009 4356 4564 4590 4651
149	24	36	6	39 97 329 334 443 546 683 1019 1123 1227 1296 1349 1420 1440 1445 1452 1490 1536 1754 2162 2281 2856 2927 3181 3371 3375 3493 3669 3867 4002 4046 4080 4137 4358 4520 4829 4909
197	3	109	8	170 216 243 253 620 658 897 956 974 1018 1125 1179 1241 1315 1865 2018 2059 2267 2321 2455 2504 2521 2584 2614 2720 2774 2843 2924 3127 3172 3266 3349 3423 3431 3475 3726 3727 3906 4010 4055 4085 4501 4788
210	20	193	6	74 206 246 374 557 695 754 864 935 1028 1470 1582 1698 1896 2068 2104 2151 2328 2515 2531 2541 2570 2697 2752 2780 3050 3317 3346 3597 3600 3884 3981 3997 4012 4028 4056 4134 4731
212	7	174	6	199 567 644 917 993 1145 1170 1474 1617 1788 1816 1888 2204 2235 2367 2444 2538 2834 2901 2979 3016 3507 3572 3593 3629 3633 3723 3736 3837 3937 4099 4125 4367 4599 4627 4669 4801
216	35	198	6	651 763 880 1138 1270 1444 1545 1615 1637 1690 1823 2056 2066 2217 2422 2663 2883 3020 3096 3255 3495 3513 3843 3895 3980 4069 4264 4282 4351 4393 4399 4493 4498 4562 4602 4603 4635 4664 4855
217	8	204	6	26 70 145 223 425 470 543 963 1015 1017 1076 1292 1424 1990 2077 2114 2245 2255 2339 2536 2656 2750 2826 2858 2889 3278 3297 3419 3502 3559 3679 3722 4030 4223 4314 4362 4447 4699 4706 4841 4936
266	25	232	6	93 282 304 420 446 596 803 925 1155 1192 1215 1228 1920 2044 2094 2229 2244 2326 2542 2666 2829 3172 3191 3258 3388 3841 3849 3854 3855 4146 4151 4306 4359 4514 4566 4692 4944
272	37	188	6	103 214 281 454 465 755 796 1009 1093 1173 1226 1491 1647 1706 1771 2296 2626 2680 2768 3054 3110 3197 3281 3383 3609 3673 3808 3889 4227 4236 4254 4436 4455 4458 4797 4806 4929
273	19	42	6	33 152 153 159 176 200 237 314 478 642 748 916 1118 1521 1583 1600 1784 1872 1931 1939 2844 3013 3026 3067 3348 3454 3793 3813 3976 4335 4422 4490 4638 4661 4724 4738
309	16	180	6	28 119 291 317 709 839 867 1066 1108 1143 1237 1388 1403 1740 1798 1871 2207 2471 2784 2818 3044 3239 3280 3370 3407 3466 3486 3599 3714 3888 4138 4248 4361 4472 4510 4761 4852 4962
324	6	59	6	17 63 224 243 468 663 863 1097 1314 1325 1721 1794 1817 1943 2011 2035 2657 2817 3073 3079 3291 3320 3390 3417 3575 3578 3637 3748 3770 3781 3862 4085 4625 4782 4831 4964 4998
344	13	33	6	146 162 278 502 727 1271 1378 1404 1518 1542 2123 2130 2154 2164 2335 2342 2437 2608
348	27	35	8	83 329 517 545 1109 1121 1321 1700 1708 1726 2174 2201 2348 2361 2388 2457 2547 2605 2913 2925 2928 2958 3059 3142 3221 3288 3333 3365 3697 3741 3791 4163 4298 4502 4556 4663 4931
350	5	53	8	47 132 378 412 429 482 509 724 746 781 807 889 1017 1120 1212 1278 1439 1605 1846 1874 2170 2187 2303 2589 2625 2888 2979 3008 3496 3610 4255 4375 4451 4495 4567 4635 4758 4840
372	1	14	8	125 148 173 362 371 616 841 962 1011 1036 1043 1218 1252 1473 1841 2015 2025 2273 2383 2540 2555 2760 2830 2942 3049 3303 3311 3415 3419 3577 3735 3815 3865 3948 4515 4554 4739 4760 4954
389	15	31	8	187 249 566 639 852 947 1229 1417 1692 1761 1844 1864 2171 2172 2203 2285 2343 2396 2410 2520 2538 2682 2803 2857 2961 2983 3138 3168 3170 3196 3299 3343 3789 4086 4140 4285 4353 4385 4403 4558 4762
402	30	55	8	581 730 938 1010 1143 1175 1307 1323 1561 1675 1686 1687 1944 2056 2165 2344 2602 2718 2786 2859 3105 3163 3189 3226 3242 3298 3342 3385 3485 3520 3690 3696 3714 3793 3795 4095 4179 4346 4544 4751 4935 4941
426	31	103	8	235 369 668 729 859 990 1070 1206 1290 1364 1550 1576 1631 2020 2033 2055 2198 2220 2234 2254 2352 2722 2756 2765 2908 3060 3120 3319 3405 3418 3460 3522 3544 3573 3669 3879 4419 4630 4798
431	18	200	8	90 317 386 672 739 827 829 855 1413 1520 1531 1593 1655 1698 1765 1790 1821 1830 2382 2442 2519 2529 2543 2565 2662 2978 3132 3339 3373 3413 3529 3766 3839 4529 4745 4777 4888 4891
461	34	120	8	77 193 462 553 657 801 804 1257 1285 1556 1728 2132 2412 2435 2474 2517 2628 2630 2639 2870 2871 2949 2991 3070 3079 3259 3383 3567 4147 4227 4262 4281 4371 4373 4434 4443 4686 4801
470	33	175	8	50 168 242 304 601 795 884 927 1085 1088 1158 1280 1715 1748 1845 2089 2367 2537 2549 2573 2719 2848 2869 2939 3030 3033 3361 3427 3508 3758 4102 4252 4253 4273 4332 4387 4424
26	36	37	8	19 160 311 384 453 550 815 911 971 1007 1052 1113 1486 1522 1562 1796 2226 2357 2407 2489 2608 2652 3139 3169 3336 3565 3692 3694 3710 3802 3855 3868 4349 4620 4631 4866 4970
28	17	13	8	278 461 554 671 777 1086 1239 1320 1332 1617 1836 1906 1978 2085 2113 2247 2590 2728 2766 2787 2889 2911 3087 3123 3428 3509 3737 3828 3852 3891 3907 3953 4428 4699 4817 4915
33	28	159	8	140 530 547 592 928 1067 1130 1336 1339 1528 1549 1630 2049 2078 2322 2488 2851 2882 2940 2951 2957 3012 3235 3537 3552 3677 3774 4012 4017 4060 4114 4365 4433 4494 4571 4578 4592 4658 4889
50	40	82	8	116 177 380 421 1093 1156 1162 1182 1349 1452 1493 1539 1717 1724 1912 1995 2061 2210 2360 2551 2634 2842 2929 3109 3292 3295 3553 3555 3581 3592 3668 3949 3999 4249 4573 4579 4679 4965
58	29	104	8	100 296 298 400 483 969 1090 1230 1272 1518 1575 1677 1773 1817 2052 2126 2140 2190 2443 2533 2604 2726 2800 2891 2985 3141 3180 3432 3526 3557 3608 3976 4088 4239 4391 4466 4629 4749 4939 4984
65	9	82	10	42 234 367 415 570 699 703 1018 1022 1162 1286 1429 1475 1491 1955 1960 2014 2041 2104 2120 2124 2230 2272 2471 3467 3567 3634 3671 3935 4119 4148 4158 4258 4287 4413 4583
85	10	201	8	55 103 513 593 888 1025 1084 1260 1347 1353 1387 1534 1964 1986 2042 2173 2350 2408 2586 2789 2994 3048 3354 3384 3605 3617 3798 4004 4408 4422 4555 4591 4665 4672 4815
94	22	110	8	75 452 690 828 1092 1223 1261 1450 1479 1484 1552 1762 1781 1880 1899 2110 2149 2256 2295 2335 2606 2684 2685 2687 2824 3032 3096 3157 3344 3712 3807 3910 3958 4233 4288 4559 4792 4812
98	26	161	8	32 346 401 617 778 784 924 966 1107 1359 1546 1862 1927 1973 2041 2141 2156 2255 2297 2669 2675 3025 3089 3100 3199 3273 3293 3481 3724 4216 4321 4351 4417 4471 4704 4735 4909
121	12	28	8	142 151 189 205 273 354 598 679 711 920 981 1335 1385 1392 1507 1560 1600 1641 1701 2277 2331 2426 2434 2759 3129 3312 3505 3515 3603 3622 3857 3885 4212 4266 4333 4406 4645 4913 4977 4994
147	39	107	8	131 322 411 479 630 665 670 681 799 800 900 901 951 972 1078 1144 1233 1511 1635 1707 1742 1840 2019 2071 2109 2454 2483 3444 3645 3648 4068 4174 4229 4437 4458 4586 4621 4651 4785 4844
155	14	134	8	6 14 66 161 611 1001 1064 1149 1457 1544 1666 1868 2031 2219 2324 2364 2644 2695 2788 2806 2904 2995 3027 3083 3092 3596 3796 3919 4019 4135 4208 4226 4389 4420 4582 4775 4851 4959
172	32	191	8	38 519 551 906 1737 1837 1902 2092 2127 2283 2449 2620 2713 2931 3037 3088 3150 3436 3680 3916 3923 4039 4119 4131 4228 4278 4282 4514 4637 4850 4865 4867 4902 4979 4999
184	11	176	8	122 258 367 516 706 810 849 890 953 1080 1294 1304 1380 1538 1667 1671 1681 1697 1892 2021 2054 2080 2096 2716 2754 3064 3073 3590 3832 3982 4146 4213 4352 4390 4442 4525 4811 4973
201	2	113	8	70 102 108 334 645 749 843 844 1139 1163 1273 1286 1491 1588 1714 1803 2048 2128 2372 2626 2636 2858 3058 3061 3113 3258 3458 3548 3619 3845 3873 3890 4053 4342 4344 4538 4799 4829 4846
206	23	137	8	115 194 220 226 360 481 514 612 903 922 1041 1372 1489 1501 1656 1682 1751 1922 1993 2136 2138 2314 2346 2642 2694 2832 3003 3435 3451 3747 3755 3783 3908 4044 4050 4065 4469 4545 4789
213	38	160	8	30 97 272 302 359 561 615 796 931 982 1075 1152 1224 1275 1365 1458 1625 1690 1819 1967 2460 2476 2805 2866 2932 2948 3212 3304 3397 3583 3759 3772 3816 4308 4341 4539 4687 4921 4946 4949
229	4	149	8	80 191 245 489 698 719 772 1258 1472 1569 1615 1873 2026 2094 2095 2103 2116 2227 2249 2315 2530 2683 2724 2804 2864 3062 3133 3179 3268 3322 3347 4130 4155 4684
235	24	163	8	62 415 518 998 1047 1123 1333 1795 2104 2306 2427 2610 2627 2672 2737 2755 2778 2822 2862 2910 2955 2988 3002 3034 3047 3159 3636 3681 3713 3721 3734 3914 4007 4040 4311 4444 4487 4780
240	20	26	8	165 408 643 973 985 1006 1033 1069 1430 1474 1616 1832 1925 2158 2205 2384 2405 2419 2458 2505 2645 2705 2732 2791 3282 3463 3601 3746 3861 3903 3990 4058 4388 4508 4563 4628 4787 4864 4962
277	7	190	8	26 344 638 718 967 1351 1402 1419 1443 1554 1792 1797 1842 1950 1952 1976 2250 2487 2825 2956 3042 3197 3421 3623 3625 3896 3917 3969 3972 3986 4479 4527 4625 4714 4744 4778 4800 4874 4981
286	35	142	8	326 423 757 771 848 886 929 997 1426 1475 1526 1626 2289 2327 2663 2777 2863 2886 2959 3038 3097 3136 3253 3310 3317 3396 3514 3634 3778 4367 4608 4646 4654 4668 4862 4877 4982
290	8	244	8	95 548 549 632 742 1234 1295 1306 1578 1589 1764 1769 1883 1908 1918 1962 2398 2563 2748 2845 2966 3101 3119 3181 3262 3353 3632 3657 3678 3773 3880 3902 4128 4268 4315 4379 4440 4710
299	25	247	8	88 239 283 949 989 1002 1045 1185 1343 1414 1580 1587 1673 1749 1860 1877 2007 2076 2598 2680 2865 3051 3323 3366 3471 3556 3691 3871 3979 4091 4183 4234 4336 4531 4816 4892 4967
318	37	155	8	188 208 405 493 569 603 613 656 775 936 1062 1279 1648 1937 2290 2509 2613 2743 2776 2808 2853 2877 2926 2992 2999 3056 3236 3291 3534 3570 3956 4438 4496 4598 4603 4703 4752 4863
325	19	9	8	237 256 276 385 565 570 826 984 1005 1148 1242 1485 1596 1847 2225 2239 2262 2365 2437 2507 2567 2621 2912 2920 3165 3183 3272 3494 3563 3853 3872 4190 4204 4370 4382 4618 4636 4719 4743 4813 4833
329	16	84	8	25 179 267 337 605 999 1042 1112 1362 1506 1530 1577 2029 2178 2235 2312 2492 2658 2735 2852 2915 3044 3077 3220 3281 3564 3653 3675 3740 3883 3941 4038 4172 4250 4325 4377 4738 4953 4968
332	6	75	8	198 300 342 544 571 577 587 760 1168 1508 1753 1774 1849 1999 2066 2287 2356 2536 2829 2919 2969 3095 3135 3162 3412 3642 3786 3805 3814 3863 3893 3935 4030 4215 4244 4585 4626 4761 4763
357	13	29	8	37 224 255 439 578 839 1056 1199 1388 1433 1435 1517 1547 1629 1639 1744 1825 1926
358	21	130	10	23 56 63 275 630 640 676 726 738 768 892 977 1082 1115 1260 1337 1344 1384 1598 1917 2022 2564 2588 2609 2811 2925 2936 3121 3148 3314 3818 3871 4149 4164 4379 4526 4579 4838 4969
363	3	38	10	96 106 136 303 324 515 522 799 809 890 893 921 1071 1215 1290 1350 1707 1806 1844 1978 2024 2180 2553 2660 2779 2900 3067 3074 3152 3228 3672 3751 4111 4126 4199 4245 4251 4593 4656 4692
416	27	154	10	66 151 171 285 331 411 553 558 608 745 1105 1341 1433 1460 1464 1575 1642 1668 1713 2043 2346 2353 2395 2570 2678 2998 3029 3094 3313 3411 3419 3593 3822 4328 4536 4716 4981
428	5	86	10	266 561 1055 1135 1201 1262 1323 1440 1496 1549 1587 2219 2307 2368 2423 2516 2549 2738 2760 2762 3261 3493 3732 3748 3922 3967 4223 4404 4570 4671 4734 4876 4879 4883 4897 4940
436	1	32	10	43 93 436 445 500 527 618 914 1067 1194 1270 1272 1357 1398 1405 1569 1621 1969 2105 2375 2464 2599 2700 2800 2876 2927 3007 3504 3507 3531 3809 3867 3936 4230 4364 4733 4816 4907
455	15	2	10	110 362 461 497 526 779 912 983 1027 1235 1404 1482 1563 1610 1644 1654 1674 1711 1913 1942 1998 2233 2333 2819 2863 2950 3439 3543 3744 3950 4053 4165 4188 4611 4627 4689 4748 4828 4856
456	30	43	10	121 173 468 520 539 573 688 827 872 877 1239 1257 1340 1416 1486 1510 1591 1722 1910 2046 2112 2115 2154 2310 2354 2355 2361 2794 2901 3021 3400 3927 3977 4227 4229 4301 4317 4411 4567 4756 4904 4964
462	31	64	10	138 396 546 569 666 718 847 908 933 1021 1274 1345 1623 1651 1868 1964 2264 2428 2446 2586 2976 3011 3039 3197 3198 3212 3273 3303 3350 3666 3892 4035 4219 4444 4532 4548 4576 4737 4766
10	18	215	10	21 89 374 505 537 949 1030 1121 1412 1603 1856 1930 1967 2025 2191 2405 2506 2733 2813 2852 3062 3125 3143 3235 3611 4074 4102 4202 4210 4438 4461 4496 4641 4857 4952
19	34	203	10	65 111 158 240 293 377 620 660 719 732 803 846 1094 1128 1293 1380 1498 1808 1877 2172 2494 2561 2785 2795 2946 2958 3023 3082 3345 3499 3527 3549 3659 3897 4464 4755 4819
45	33	3	10	41 225 250 357 470 568 584 674 777 788 1064 1347 1443 1512 1770 1833 2097 2179 2293 2438 2840 2842 3004 3131 3331 3600 3646 3930 4193 4201 4322 4687 4826 4846 4878 4961
59	9	203	12	48 113 385 504 1126 1127 1470 1747 1781 1850 1869 2121 2165 2181 2311 2382 2727 3022 3149 3166 3302 3395 3440 3644 3812 3892 4025 4136 4337 4457 4610 4653 4714 4722 4780 4818
76	36	191	10	164 317 518 649 761 1050 1207 1244 1466 1785 1905 2088 2222 2279 2373 2476 2490 2902 2961 3042 3114 3142 3169 3210 3227 3254 3378 3501 3563 4138 4396 4452 4604 4609 4657 4971
78	17	11	10	102 147 163 353 564 752 776 956 1011 1208 1367 1435 1544 1832 1837 2048 2127 2262 2326 2634 2642 2821 2971 3066 3133 3162 3213 3386 3393 3724 3743 3767 3825 3909 4198 4263 4293 4315 4468
92	28	227	10	14 28 117 393 416 419 704 969 982 1093 1176 1449 1558 1600 1630 1688 1850 1858 1867 1943 2060 2187 2221 2289 2416 2418 2465 2827 2983 3325 3498 3607 3718 3848 4086 4170 4200 4640 4801
100	40	110	10	35 81 230 237 462 557 624 652 750 850 895 1148 1202 1317 1410 1455 1673 1805 1889 1935 2298 2325 2371 2583 2629 2686 2718 2736 2775 2776 3104 3216 3299 3596 3624 3665 4036 4241 4283
122	21	227	12	38 171 276 329 515 686 730 798 1271 1356 1522 1600 1853 1859 2016 2033 2179 2190 2229 2352 2659 2692 2849 2905 3201 3330 3454 3604 3617 4094 4175 4232 4264 4275 4344 4398 4517 4595 4959
126	29	75	10	450 488 502 513 600 689 744 919 1006 1026 1175 1448 1718 1970 2305 2467 2635 2637 2992 3078 3184 3202 3294 3486 3723 3934 3965 4080 4177 4481 4483 4588 4654 4688 4852 4906
169	10	238	10	57 58 179 195 207 277 309 363 422 437 727 917 1145 1160 1204 1492 1714 2063 2164 2596 2757 2798 2884 3173 3317 3476 3508 3617 3631 3656 3752 3776 3982 4062 4115 4601 4697 4988
209	22	180	10	1 180 238 313 487 587 720 731 926 1052 1161 1264 1395 1612 1618 1627 1779 1783 2004 2019 2314 2318 2624 2693 3462 3506 3539 3547 3691 3821 3857 4169 4186 4216 4549 4575 4776
218	26	73	10	301 385 386 684 711 716 805 869 1251 1546 1757 1826 1843 1912 2394 2458 2478 2566 2796 2815 2999 3014 3047 3145 3244 3276 3279 3333 3473 3552 3742 3757 3840 3998 4081 4303 4402 4475 4720 4843
223	12	208	10	101 233 327 442 474 511 628 638 818 857 1110 1326 1386 1652 1738 1804 1827 2215 2339 2521 2816 2866 3059 3363 3582 3932 3958 4010 4151 4163 4247 4275 4335 4439 4660 4666 4954 4987 4993
268	39	159	10	76 113 215 472 491 963 1127 1156 1259 1454 1676 1692 1890 2201 2251 2344 2402 2631 2648 2664 2671 3357 3403 3684 3694 3705 3791 3838 3962 4120 4250 4355 4359 4454 4505 4870
295	14	186	10	36 265 335 407 631 712 1103 1116 1154 1218 1288 1472 1662 1959 1974 2421 2427 2433 2616 2711 2715 2753 3000 3203 3477 3496 3660 3849 3916 4297 4410 4542 4746 4757 4787
315	32	30	10	69 239 894 951 1058 1119 1134 1146 1628 1731 1810 2228 2485 2613 2940 3368 3416 3601 3847 4057 4075 4162 4280 4318 4424 4512 4652 4709 4760 4762 4775 4924 4968
333	11	169	10	150 222 456 662 780 899 967 1085 1191 1249 1346 1428 1570 1681 1792 1984 2189 2299 2426 2529 2880 2918 2929 3022 3102 3238 3327 3436 3479 3983 4076 4113 4195 4596 4705 4939
339	3	3	12	136 392 990 1157 1240 1299 1335 1490 1509 1623 1672 1755 1884 1915 2216 2606 2610 2783 2791 2797 2804 2806 2934 3389 3469 3608 3615 3728 3741 3849 3879 4151 4172 4369 4385 4430 4474 4808
356	2	92	10	248 336 361 366 707 708 808 1059 1066 1225 1331 1626 1636 1799 1897 2118 2147 2170 2199 2327 2782 3036 3217 3371 3394 3468 3697 3960 4017 4067 4487 4507 4513 4537 4905
362	23	15	10	25 61 165 231 316 428 540 991 1034 1267 1305 1438 1562 1584 1599 1655 1895 1949 1957 1991 2034 2300 2398 2448 2450 2600 2790 2831 3091 3376 3387 3711 3740 3974 4095 4099 4399 4433 4806
366	38	131	10	107 226 417 498 536 859 1232 1311 1392 1509 1516 1682 1715 1939 1973 1980 2021 2267 2396 2628 2850 2908 3108 3120 3241 3348 3449 3524 3937 3940 3954 3978 4004 4016 4271 4457 4528 4820 4887 4912 4963 4995
399	4	165	10	30 34 59 78 92 135 175 209 247 252 306 560 599 627 819 988 1213 1276 1583 1650 1845 1849 2297 2746 2777 2818 2847 2923 2990 3270 3635 3933 3939 3952 4296 4476 4563 4696 4763
418	24	136	10	521 701 728 853 1172 1484 1567 1772 1997 2064 2349 2365 2379 2422 2461 2646 2690 2801 2862 2883 3076 3297 3525 3580 3782 3864 3993 3994 4181 4235 4393 4493 4743 4754 4855 4950
421	20	99	10	146 480 626 861 1095 1165 1190 1254 1324 1339 1418 1504 1561 1839 1972 2505 2515 2632 2704 2969 3205 3219 3440 3459 3797 3866 3917 4042 4046 4139 4529 4637 4643 4700 4788 4813 4892 4930
430	7	103	10	108 320 369 414 501 532 556 595 941 1053 1100 1143 1541 1830 1977 2156 2258 2579 2909 3155 3256 3274 3650 3669 3924 4114 4143 4294 4366 4395 4599 4648 4779 4914 4983
438	35	22	10	287 349 358 376 380 589 913 1005 1047 1268 1773 1923 2007 2065 2184 2240 2630 2667 2688 2751 2770 2867 2921 2947 2997 3103 3232 3505 3558 3638 3790 3919 3955 3992 4129 4590 4717 4827 4917 4998
465	8	209	10	26 31 350 512 577 694 748 887 946 976 1078 1102 1130 1205 1400 1513 1686 1735 1787 2153 2193 2551 2741 2875 3257 3310 3637 3663 4132 4152 4270 4383 4701 4934 4972
471	25	223	10	103 187 464 473 881 936 1151 1287 1467 1528 1729 1755 1800 1882 2070 2196 2236 2452 2495 2540 2712 2749 2817 2828 2989 3243 3382 3446 3649 3827 3896 4063 4213 4376 4759 4778 4784
472	37	79	10	176 290 625 691 937 975 1592 1821 2168 2294 2393 2512 2559 2627 2699 2791 3107 3130 3194 3222 3245 3285 3344 3417 3795 3920 3980 4117 4276 4347 4608 4631 4647 4655 4860 4862
1	19	128	10	94 495 749 834 875 1318 1376 1607 1700 1745 2081 2134 2195 2249 2740 2788 2799 2808 2872 2965 2985 3519 3561 3667 3715 3725 3731 4118 4150 4212 4499 4612 4622 4624 4626 4913 4966
2	16	8	10	75 134 255 457 614 648 680 772 848 876 958 1020 1149 1169 1174 1227 1359 1620 1661 1765 1803 2047 2057 2090 2288 2296 2591 2928 3154 3185 3555 3557 3770 3860 4255 4510
40	6	231	10	506 878 932 1199 1291 1401 1458 1529 1532 1864 1904 1981 2161 2214 2441 2496 2683 2710 2716 2764 2829 2856 2954 2991 2994 3343 3517 3760 3870 3989 4334 4339 4730 4741 4795
52	13	181	10	154 281 447 797 815 1159 1229 1308 1477 1489 1632 1720 1752 2008 2087 2192 2220 2301
56	27	168	12	104 228 382 541 661 832 1089 1136 1144 1266 1333 1505 1791 1933 2150 2156 2195 2250 2365 2526 2652 2685 2740 2763 2839 2885 2910 3035 3181 3247 3699 3893 3921 4154 4294 4580 4596 4614 4804
66	5	49	12	102 319 327 602 637 742 745 961 1055 1169 1186 1316 1454 1741 1858 1897 1901 2000 2259 2369 2411 2497 2784 2788 3303 3472 3787 3916 3959 3974 4027 4031 4787 4793
81	1	91	12	236 618 688 750 793 795 860 895 987 1040 1263 1323 1564 2027 2152 2281 2469 2491 2897 3028 3115 3122 3155 3294 3498 3559 3590 3774 4108 4314 4324 4440 4774 4783 4855
95	15	47	12	40 145 370 394 537 590 646 682 709 722 858 901 1027 1091 1410 1517 1934 1968 2138 2201 2357 2394 2701 3121 3160 3286 3309 3378 3497 3979 3997 4087 4099 4343 4360 4429 4827 4934
96	30	59	12	24 37 70 452 694 821 952 1019 1025 1221 1313 1354 1408 1586 1661 1784 1829 1832 2024 2049 2084 2215 2577 2761 2887 2895 3771 4028 4072 4255 4446 4454 4503 4508 4552 4698 4856
97	31	44	12	108 155 358 398 576 734 784 789 942 1254 1404 1709 1984 1997 2148 2297 2424 2566 2644 2670 2676 2706 2738 2795 3014 3080 3425 3944 3952 3967 4050 4412 4455 4813 4844 4847 4926 4935
123	18	137	12	2 14 78 174 449 707 814 829 1147 1301 1497 1670 1872 1972 2139 2168 2264 2383 2459 2460 2656 2764 2805 3182 3236 3414 3614 3621 3713 3784 3796 4521 4656
125	9	49	14	18 277 289 364 437 448 694 726 954 1254 1273 1283 1327 1391 1523 1775 2105 2300 2310 2771 2954 2975 3021 3112 3123 3280 3289 3702 3793 3932 3960 3984 3994 4066 4286 4414 4488 4659 4773 4986
139	34	141	12	85 417 733 1004 1192 1219 1315 1364 1368 1444 1527 1690 1728 1943 2171 2271 2307 2409 2439 2540 2672 2712 2960 3231 3363 3390 3494 3749 3880 4015 4177 4233 4317 4425
154	33	65	12	314 538 678 1038 1054 1139 1170 1353 1406 1427 1469 1485 1611 1674 1762 1851 1932 1955 2046 2047 2257 2401 2870 2936 3017 3199 3433 3455 3568 3587 3807 3968 4159 4315 4520 4553 4715 4762 4889
191	36	42	12	847 910 1072 1250 1431 1550 1595 1607 1721 1724 2154 2301 2339 2388 2457 2623 2793 2835 3011 3081 3218 3412 3544 3574 3643 3883 3998 4301 4415 4441 4491 4510 4513 4659 4807 4823 4824 4912 4951
207	17	229	12	220 221 267 316 371 534 564 948 963 1090 1137 1451 1659 1825 1959 2387 2583 2635 2688 3124 3197 3251 3415 3479 3772 3800 3810 3863 3912 4327 4500 4602 4636 4640 4716 4984
220	28	11	12	100 121 243 258 484 676 871 915 930 954 992 1189 1267 1402 1871 1903 1964 1974 2131 2189 2362 2393 2552 2573 2938 2993 3027 3054 3234 3314 3589 3606 4073 4149 4387 4507 4865
222	40	246	12	41 80 505 539 703 773 897 1028 1050 1105 1133 1334 1392 1491 1559 1573 1707 1929 2173 2286 2546 2651 2945 3038 3091 3100 3111 3362 3506 3565 3683 4475 4504 4810
226	29	241	12	98 340 387 599 656 663 751 997 1010 1101 1204 1258 1325 1342 1361 1395 1513 1736 1804 1916 2107 2197 2242 2506 2748 3230 3263 3352 3594 3602 3719 4092 4103 4131 4258 4420 4673 4918
234	10	149	12	25 170 188 218 249 275 481 503 579 593 1058 1176 1222 1426 1598 1909 2098 2122 2180 2392 2397 2529 2531 2619 2932 3006 3032 3099 3488 3702 4038 4165 4206 4266 4470 4525 4832 4842 4943
248	22	117	12	51 753 893 1178 1196 1304 1604 1790 1876 1879 2166 2241 2308 2436 2881 3098 3114 3128 3129 3207 3212 3393 3556 3798 3867 4076 4109 4366 4466 4645 4805 4900 4929 4987
250	26	172	12	101 119 264 308 332 363 700 805 890 1312 1374 1546 1555 1946 1967 2036 2628 2746 2820 3104 3172 3261 3321 3345 3475 3605 3627 3887 4155 4290 4357 4362 4481 4677 4691
251	12	5	12	60 144 303 583 685 921 1210 1331 1350 1399 1539 1542 1544 1566 1885 1930 2018 2226 2391 2403 2539 2677 2722 3096 3583 3591 3640 3645 3881 3915 4183 4214 4217 4625 4788
258	39	125	12	408 494 691 788 898 976 1008 1309 1553 1610 2208 2279 2400 2416 2624 2762 3015 3061 3184 3278 3405 3453 3655 3721 3740 3864 3889 4090 4903 4923 4985
261	14	240	12	77 151 180 512 575 927 1024 1253 1289 1385 1416 1634 1815 1846 1898 1926 2037 2378 2612 2744 2886 2952 3130 3135 3539 3842 3857 4019 4234 4372 4431 4569 4727 4739 4790 4833
263	32	29	12	163 179 321 642 1122 1213 1384 1484 1794 1812 1949 2020 2129 2145 2188 2371 2377 2545 2554 2557 2678 2699 2786 2851 2883 2893 2996 3020 3034 3365 3445 3622 3980 4043 4696 4767 4839 4881
281	11	195	12	535 797 851 881 894 1035 1048 1087 1158 1237 1246 1264 1481 1928 2147 2429 2456 2474 2498 2609 2616 2813 3260 3295 3319 3398 3482 3492 3836 4064 4071 4226 4416 4494 4548 4573 4915 4988 4997
300	2	148	12	36 118 159 172 200 212 318 428 439 585 596 904 1118 1220 1324 1493 1675 2060 2066 2248 2336 2415 2713 2930 2976 3050 3195 3503 3598 3636 3666 3935 4339 4422 4591 4662 4665 4870 4927
317	23	14	12	22 240 280 343 345 864 911 925 932 936 1217 1268 1281 1403 1597 1811 2146 2261 2700 2709 2767 3075 3126 3176 3249 3505 3707 3727 3854 3898 4082 4152 4531 4541 4874
351	38	236	12	5 433 710 1097 1228 1232 1255 1424 1488 1739 2160 2244 2374 2418 2485 2518 2907 3120 3146 3158 3474 3516 3632 3953 3981 4295 4436 4499 4532 4572 4605 4658 4936
403	4	157	12	61 206 256 471 985 1423 1734 1767 1907 2038 2385 2423 2569 2754 2989 3186 3328 3361 3369 3382 3391 3456 3457 3509 3511 3551 3966 4023 4084 4246 4530 4667 4706 4802 4829 4993
409	24	83	12	32 432 467 469 473 581 669 869 892 1305 1387 1716 1738 1776 1820 2001 2058 2143 2376 2386 2574 2967 2987 3118 3152 3406 3444 3560 3586 3626 3908 4039 4267 4379 4380 4495 4664 4919
420	20	127	12	50 137 184 225 283 346 506 558 573 868 1003 1156 1191 1318 1414 1499 1870 1906 2050 2437 2501 2847 2911 3041 3543 3552 3712 3988 4080 4249 4286 4394 4628 4773 4794 4795
424	7	139	12	35 92 133 196 315 373 499 672 764 781 1229 1565 1605 2193 2231 2249 2743 2850 2906 2923 3185 3244 3485 3495 3515 3658 3936 4037 4146 4171 4302 4402 4492 4669 4821 4841 4989
464	35	161	12	95 105 140 252 261 268 290 442 867 887 928 1043 1195 1230 1257 1272 1279 1425 1557 1643 1658 2003 2021 2093 2389 2733 2750 2950 3449 3490 3634 3737 3765 3840 4020 4899 4950 4998
486	8	53	12	224 366 459 490 825 943 1001 1095 1160 1319 1352 1411 1437 1538 1614 1645 1866 2023 2068 2079 2192 2289 2353 2430 2982 3001 3029 3292 3327 3684 3813 4299 4445 4627 4697 4931 4957
489	25	80	12	131 272 438 446 633 721 765 1053 1077 1115 1248 1288 1516 1635 1893 2072 2100 2223 2723 2729 2862 3248 3376 3467 3525 3680 3698 3711 3873 3992 4176 4225 4329 4435 4534 4637 4740 4814
493	37	76	12	211 288 453 580 658 689 711 850 875 1083 1397 1503 1533 1902 1919 2055 2172 2233 2562 2705 2919 3246 3264 3465 3674 3806 3946 4101 4261 4353 4449 4469 4680 4731 4776 4974
46	19	21	12	229 260 294 415 427 510 530 857 886 965 1256 1447 1665 1923 1942 2056 2108 2127 2292 2825 2834 3055 3252 3816 3949 4107 4130 4220 4386 4471 4590 4732
62	16	16	12	107 192 295 645 737 1037 1379 1482 1512 1657 2177 2182 2202 2408 2892 2997 3211 3277 3416 3447 3577 3685 3717 3905 3910 3941 3943 4088 4328 4542 4550 4730 4996
105	6	210	12	126 232 310 426 460 507 755 918 1428 1524 1536 1540 1750 1759 2366 2484 2511 2565 2657 2814 2882 3013 3173 3300 3519 3630 3654 3725 3735 3755 3954 4022 4102 4141 4341 4349
173	13	228	12	76 81 167 416 822 835 859 937 1092 1609 1910 2077 2222 2480 2582 2704 2715 2725
176	21	45	14	33 166 327 407 668 778 792 909 1046 1396 1465 1521 1612 1682 1780 1815 1894 2002 2075 2079 2194 2396 2413 2837 3220 3227 3274 3441 3450 3576 3632 3676 3772 3904 4068 4120 4479
193	3	124	14	139 343 819 865 937 952 959 1428 1592 1607 1837 1855 1875 2073 2742 2870 2943 3032 3511 3693 4024 4058 4103 4161 4246 4299 4314 4493 4508 4540 4541 4634 4874
230	27	47	14	16 99 105 191 265 267 373 592 697 737 1077 1124 1167 1250 1293 1583 1624 1674 1685 1974 2123 2528 2558 2830 2930 3761 3876 3911 3959 4097 4133 4211 4322 4431 4655 4793
241	5	55	14	52 124 284 389 515 540 873 1023 1074 1241 1367 1477 1497 1503 1581 1593 1723 1776 1823 2016 2223 2494 2653 3012 3065 3186 3239 3355 3549 3596 3665 4083 4291 4647 4740
246	1	17	14	6 129 547 855 1143 1184 1405 1802 1863 2110 2175 2283 2328 2450 2636 2908 3109 3356 3512 3527 3781 3808 3927 3947 4303 4370 4503 4548 4632 4653 4674 4683 4848
267	15	126	14	119 261 280 395 512 620 623 900 904 996 1119 1140 1205 1328 1379 1525 1554 1820 1902 1971 2178 2243 2421 2468 2608 2654 2979 3342 3362 3366 3558 3726 3885 4089 4351 4613 4819 4844
294	30	56	14	151 299 566 747 782 813 946 968 1056 1076 1166 1302 1480 1731 1782 1987 2000 2136 2333 2531 2617 2816 3010 3168 3244 3431 3538 3618 3873 4008 4219 4536 4570 4978
371	31	24	14	111 702 1021 1190 1312 1449 1573 1707 1750 1761 1794 2403 2463 2488 2520 2537 2860 3024 3120 3390 3397 3437 3460 3587 3851 3957 3973 4148 4269 4271 4324 4377 4412 4426 4967
401	18	121	14	1 64 434 582 584 665 800 834 869 1000 1253 1306 1378 1383 1579 1595 1606 1699 2305 2378 2652 2675 2676 2844 2942 3192 3296 3749 3889 3980 4091 4222 4248 4307 4375 4578
407	34	112	14	138 276 419 438 498 852 1114 1350 1437 1462 1476 1625 2090 2157 2337 2721 2797 2802 2937 3030 3137 3167 3208 3448 3482 3540 3637 3732 3813 3816 3860 3913 4409 4567 4657 4780 4901 4995
410	33	101	14	48 82 297 406 643 1091 1207 1215 1297 1519 2100 2118 2153 2452 2560 2576 2632 3045 3095 3136 3154 3172 3284 3328 3343 3436 3461 3497 3659 3917 4188 4221 4268 4760 4803 4861
435	36	202	14	77 147 400 1039 1104 1375 1848 2024 2030 2166 2208 2224 2499 3144 3254 3330 3476 3586 3591 3681 3716 4001 4047 4267 4357 4581 4583 4668 4717 4855 4858 4869 4926 4975
467	9	124	16	63 128 157 239 360 738 1135 1200 1301 1464 1493 1803 1940 2171 2266 2411 2783 2945 3028 3093 3149 3205 3268 3326 3451 3544 3642 3663 3930 3953 4140 4161 4320 4623 4648 4710 4877
482	17	98	14	10 161 659 686 767 921 932 966 1294 1390 1553 1706 1756 2115 2317 2343 2433 2473 2518 2607 2706 2810 3163 3270 3611 3733 4272 4361 4502 4526 4872
484	28	102	14	88 118 338 556 644 781 866 886 933 1730 1764 1842 1918 1927 2119 2126 2339 2493 2794 3055 3104 3207 3404 3568 3617 3814 3839 3847 4235 4320 4568 4676 4753 4867 4992
490	40	57	14	23 227 301 426 449 999 1089 1201 1460 1660 1720 1740 1758 1860 2277 2323 2362 2544 2759 2920 3247 3349 3457 3542 3686 3700 3898 3943 3983 4231 4517 4626 4678 4878
12	29	224	14	9 328 653 731 1011 1037 1153 1381 1561 1827 1832 2037 2265 2342 2479 2711 2800 2873 2947 2984 3058 3310 3324 3601 3629 3697 3859 4012 4045 4122 4326 4327 4398 4530 4692 4805 4923
23	10	4	14	19 91 214 257 422 695 742 856 877 1096 1648 1830 1911 2391 2486 2592 2620 2733 2878 2917 2955 3156 3339 3372 3435 3526 3643 3746 4020 4459 4579 4809 4866
24	22	122	14	22 315 729 746 888 978 1075 1258 1406 1448 1516 1568 1680 1694 1703 1789 1973 2297 2370 2949 3115 3118 3147 3151 3534 3788 3828 3871 3933 4187 4194 4230 4251 4690 4694 4785
42	26	9	14	458 518 535 618 874 876 930 1229 1242 1490 1504 1589 1695 1759 1801 2181 2285 2330 2514 2516 2633 2773 2826 3830 3920 4065 4106 4260 4355 4775 4938 4961 4980 4985
44	12	248	14	67 128 185 200 331 744 860 922 1054 1255 1329 1549 1847 2004 2011 2107 2266 2471 2487 2572 2642 2806 2861 2889 2987 3004 3489 4318 4417 4444 4491 4757 4840
82	39	167	14	254 543 574 804 957 1030 1228 1240 1276 1423 1719 1817 1818 1916 2228 2272 2316 2334 2530 2914 3078 3443 3719 3841 4061 4274 4340 4344 4348 4454 4489 4642 4921
109	14	226	14	372 494 517 606 683 927 944 1239 1463 1570 1594 1887 1938 1940 2129 2211 2398 2509 2783 2985 3009 3152 3198 3308 3420 3442 3541 3641 4115 4132 4293 4338 4430 4576 4782
110	32	245	14	49 114 187 245 262 380 612 651 672 674 754 1131 1398 1721 1746 2009 2355 2410 3165 3241 3382 3389 3446 3532 3600 4044 4135 4152 4157 4321 4382 4470 4482 4499 4702 4931
113	11	41	14	15 84 130 180 391 432 664 870 878 885 914 931 961 1048 1112 1343 1359 1407 2046 2111 2714 2778 2941 2959 3066 3083 3183 3531 3626 3729 3868 4057 4485 4680 4788 4909
124	2	120	14	74 113 269 311 652 713 768 777 1130 1133 1226 1630 1647 1713 1828 1904 1970 2177 2215 2238 2565 2630 2768 2798 2846 2922 3048 3101 3288 3507 3757 3759 3820 3987 4118 4136 4423 4708 4908
131	23	217	14	89 197 312 358 390 408 541 766 812 835 1128 1373 1436 1506 1518 1605 1627 1638 1640 1752 1766 1961 2404 2480 2638 2659 2790 3373 4229 4354 4385 4597 4768 4781 4841 4951
144	38	89	14	125 173 306 555 740 911 958 970 1214 1408 1636 1852 1877 1948 2086 2444 2466 2477 2648 2694 2855 2950 2964 2966 2967 3080 3486 3720 4046 4087 4330 4669 4910
151	21	41	16	37 88 299 339 607 646 728 1072 1153 1243 1311 1571 1783 1857 1884 1909 2265 2282 2288 2399 2588 2595 2721 2892 3182 3217 3243 3245 3456 3620 3805 4236 4403 4916
157	4	185	14	112 357 404 680 758 820 1540 1773 1811 1925 1965 2095 2366 2454 2534 2752 2884 2894 2946 2988 3056 3057 3188 3466 3548 3833 4079 4257 4566 4736 4977
171	24	192	14	85 521 536 587 687 1360 1559 1891 2051 2058 2087 2286 2496 2730 2981 3035 3209 3255 3369 3501 3722 3784 3924 4016 4035 4149 4342 4427 4462 4635 4799 4854 4876 4905 4971
214	20	67	14	21 158 489 571 605 666 771 793 1288 1422 1430 1471 1531 1637 1985 2045 2085 2293 2441 2982 3002 3033 3116 3396 3424 3453 3653 3878 3887 3942 4043 4075 4166 4167 4184 4442 4559 4966
249	7	93	14	170 288 403 588 599 734 920 1026 1194 1427 1489 1657 1677 1809 2250 2361 2838 2980 3141 3205 3216 3287 3631 3798 3800 3922 3925 3967 4018 4123 4153 4285 4334 4533 4853 4976
285	35	166	14	90 330 369 486 549 945 983 1012 1032 1060 1106 1165 1305 1316 2010 2065 2083 2102 2401 2780 2899 3000 3019 3041 3433 3584 3610 3615 3647 3804 4199 4552 4640 4982
287	8	230	14	303 399 508 631 941 993 1031 1109 2704 2749 2811 2895 3077 3099 3117 3321 3399 3409 3547 3564 3582 3679 3712 3803 3823 3879 4029 4174 4399 4413 4434 4942 4945
303	25	12	14	575 836 840 1309 1338 1424 1546 1569 1586 1609 1619 2349 2482 2526 2597 2599 2731 2960 3122 3318 3353 3364 4105 4138 4265 4277 4283 4306 4429 4554 4582 4644 4728 4784 4849 4918 4929
445	37	48	14	136 334 355 565 621 728 773 798 1138 1188 1404 1456 1524 1528 1743 1824 1960 2106 2415 2822 2924 3020 3265 3272 3554 3589 3795 3801 3905 3936 3951 4006 4178 4687 4748 4981
453	19	46	14	40 44 281 319 614 894 972 1071 1710 2005 2071 2183 2406 2435 2660 2689 3018 3086 3088 3215 3269 3323 3408 3550 3581 3609 3621 3703 3783 3952 4010 4189 4279 4381 4439 4955
469	16	34	14	35 194 201 206 307 491 516 597 629 979 1231 1527 1602 1704 2067 2076 2096 2197 2198 2259 2615 2735 2896 3351 3472 3484 3520 3605 4093 4125 4240 4406 4587 4733 4914
6	6	60	14	8 59 68 86 715 1411 1450 1684 1772 1928 2204 2273 2304 2313 2318 2595 2686 2707 2747 2956 3143 3300 3365 3613 4060 4270 4386 4389 4638 4801 4871 4891
7	13	153	14	4 248 445 527 736 816 974 1358 1361 1520 2099 2212 2218 2508 2542 2571 2668 2786
11	3	229	16	71 143 271 736 961 1240 1434 1501 1751 1843 1858 1897 2045 2225 2429 2679 2952 3192 3212 3327 3356 3566 3790 3801 3829 3950 4026 4180 4289 4506 4529 4546 4575 4598 4657 4792
13	27	138	16	148 178 381 398 486 739 888 987 1131 1235 1406 1433 1743 1777 1807 2346 2703 2730 3037 3052 3071 3164 3214 3266 3539 3695 3724 4055 4074 4103 4298 4312 4374 4455 4777
18	5	231	16	218 447 655 1011 1128 1177 1334 1387 1397 1442 1604 1619 1711 1753 1862 2305 2512 2715 3252 3355 3561 3576 3705 3708 3877 3899 4006 4032 4039 4051 4238 4373 4443 4808
32	1	219	16	138 317 324 337 561 593 714 980 1151 1181 1360 1420 1499 1548 1697 1746 1903 1915 2053 2092 2224 2383 2468 2888 2960 2975 3160 3676 4121 4414 4467 4511 4537 4543 4839
57	9	138	18	9 209 234 383 581 791 822 926 1012 1070 1140 1222 1340 1364 1368 1380 1420 1605 1630 1664 2275 2597 2640 2703 2780 3264 3809 3886 4088 4161 4505 4754 4776 4888 4917 4989
60	15	140	16	15 274 391 558 650 708 709 1161 1295 1454 1720 1811 1874 1985 2196 2336 2751 2835 2927 3016 3338 3613 3639 3768 3813 3891 4053 4122 4129 4401 4424 4526 4533 4702
80	30	90	16	284 538 661 702 808 830 951 959 1224 1475 1880 2717 2818 2840 2849 2898 2909 2912 2956 3001 3043 3220 3312 3399 3488 3785 3952 3970 4095 4395 4556 4718 4723 4869
84	31	1	16	17 110 145 422 439 478 589 600 622 887 1142 1159 1221 1487 1543 1891 2117 2371 2587 2603 2796 2930 3167 3203 3307 3322 3323 3422 3707 4192 4679 4700 4813 4922
87	18	100	16	27 38 141 304 491 648 725 1256 1307 2481 2549 2604 2653 2690 2809 2968 3013 3075 3077 3267 3295 3432 3794 3982 4022 4061 4102 4185 4193 4323 4407 4876 4919 4940 4971
89	34	40	16	8 108 789 898 1001 1048 1438 1926 1948 1990 2044 2093 2137 2246 2260 2351 2442 2737 2770 2807 2884 3200 3471 3528 3573 3681 3731 3753 3780 3826 4130 4326 4388 4497 4959
102	33	91	16	156 227 295 312 405 495 547 743 800 1081 1158 1236 1480 1528 1541 1577 2061 2146 2210 2477 2524 2581 2696 2812 2916 3054 3129 3597 3884 3989 4330 4345 4890
134	36	54	16	393 406 751 802 805 865 902 1005 1094 1261 1269 1441 1532 1656 1921 2009 2177 2235 2249 2376 2390 2550 2761 2947 2955 3018 3083 4171 4201 4450 4633 4766 4773 4921 4935
168	17	222	16	632 635 871 1051 1074 1099 1248 1477 1496 1550 1861 1877 1889 1935 1954 2216 2232 2280 2365 2432 2820 3027 3092 3126 3362 3481 3531 3730 3770 3937 3972 4293 4349 4357 4866 4928
177	21	100	18	15 47 231 237 256 297 305 441 474 539 766 769 1259 1292 1347 1506 1578 1811 1902 2013 2092 2134 2155 2204 3059 3584 3921 4195 4219 4460 4709 4942 4945 4995
182	28	158	16	58 144 270 305 541 791 942 966 994 1025 1137 1193 1207 1459 1596 1847 1886 1906 2767 2917 3186 3347 3373 3452 3485 3579 3742 3799 3822 3858 3987 4104 4112 4478 4486 4882
187	40	199	16	29 519 786 790 815 901 1169 1210 1277 1691 1704 2073 2088 2315 2453 2488 2573 2857 3000 3060 3151 3184 3291 3520 3653 3713 3931 3969 4226 4316 4516 4580 4615
203	29	102	16	168 363 462 615 882 938 978 979 1241 1259 1262 1336 1348 1385 2212 2726 2727 2934 2939 3189 3342 3353 3411 3428 3430 3484 3547 3675 3808 3835 3844 4418 4550 4696 4707 4768
204	10	12	16	40 413 429 496 522 619 654 691 727 729 776 1000 1328 1342 1365 1370 1448 1653 1881 1932 1959 2451 2498 2531 2851 3081 3121 3141 3401 3560 3771 3928 4463 4545 4742 4980
215	22	214	16	294 369 386 507 720 1333 1368 1620 1848 1867 1871 1878 2018 2261 2278 2364 2535 2791 2828 3090 3137 3265 3315 3435 3536 3649 3672 3729 3818 4599 4830 4892
219	3	158	18	98 184 292 430 431 526 787 897 934 1093 1173 1233 1271 1502 1533 1745 1800 1863 2012 2142 2311 2350 2548 2705 3193 3240 3413 3677 4131 4209 4265 4303 4423 4586 4752
231	26	170	16	12 31 93 187 219 359 480 508 689 723 750 837 860 957 960 1597 1618 1638 1765 1872 2074 2503 2640 2674 2683 2736 2741 3228 3253 3254 3414 4082 4105 4148 4292 4787 4806
236	12	210	16	298 639 784 1060 1113 1174 1393 1440 1626 1650 1780 2119 2251 2472 2502 2631 2708 2712 2821 2941 3116 3191 3196 3242 3377 3571 3651 3991 4096 4190 4232 4275 4518 4840 4863 4907 4926
244	39	71	16	104 346 396 441 459 465 722 765 870 975 1329 1588 1645 1722 1879 1887 2143 2269 2335 2476 2495 2553 2643 2873 2949 3087 3111 3162 4120 4341 4521 4822 4858 4865
252	14	13	16	117 154 160 182 390 436 513 623 770 843 1146 1314 1322 1649 1979 2076 2563 2590 2599 2667 2691 3222 3300 3559 3588 3678 3696 3837 3874 4116 4170 4337 4749 4836 4934
254	32	206	16	321 443 523 747 799 949 968 1409 1424 1633 1698 1933 2082 2291 2316 2558 2663 2711 2729 3070 3074 3856 3879 3957 4094 4127 4324 4381 4499 4675 4724 4786 4818 4842 4853
262	11	64	16	247 251 427 614 684 964 1089 1125 1471 1931 2060 2075 2102 2128 2673 2710 2918 2948 2987 3383 3535 3739 3898 4211 4354 4437 4566 4605 4613 4804 4870
271	27	40	18	153 190 594 800 1077 1200 1341 1463 1674 1749 1904 2284 2295 2525 3066 3247 3459 3543 3567 3925 3957 3964 4105 4404 4488 4509 4560 4637 4766 4882
291	2	144	16	122 233 293 555 740 1250 1251 1255 1395 1614 1695 1819 2176 2363 2381 2601 2739 2742 2842 3067 3361 3569 3890 3919 3977 4346 4474 4688 4741 4747 4752 4809
304	23	148	16	49 55 149 297 430 527 531 545 756 812 1097 1141 1155 1734 2062 2270 2321 2402 2506 2632 2906 2965 3274 3289 3658 3816 3831 4113 4164 4242 4262 4436 4576 4767 4837
306	38	134	16	46 186 269 482 807 823 948 1119 1283 1323 1425 1479 1574 1599 1677 1708 1896 1913 3246 3357 3483 3583 3992 4300 4327 4383 4447 4712 4732 4860 4932 4953
313	4	33	16	67 142 146 484 525 1057 1191 1192 1349 1594 1610 1646 1771 1875 1901 2027 2253 2425 2622 2639 2651 2814 3354 3787 3934 4030 4083 4108 4176 4178 4547 4820 4915
316	24	133	16	48 308 400 686 737 855 984 1061 1718 1747 1837 1936 2405 2475 2756 2971 2974 3055 3107 3187 3470 3543 3596 3644 3709 3747 3851 3945 4000 4017 4224 4325 4796 4803
322	20	62	16	44 54 433 468 833 835 1087 1147 1166 1249 1432 1500 1672 2002 2038 2180 2259 2474 2923 3053 3061 3201 3324 3381 3633 3638 3700 4042 4133 4400 4493 4626 4726 4798 4913
336	7	129	16	132 235 389 579 667 1049 1281 1502 1651 1702 1928 1937 1983 2175 2281 2287 2424 2612 2868 3112 3150 3215 3299 3518 3553 3984 4184 4649 4884 4917 4945 4947
347	35	45	16	100 165 365 438 474 603 809 825 846 946 950 1085 1372 1382 1572 1601 1821 1996 2248 2499 2537 2825 2832 3491 3516 3616 3693 3720 4207 4221 4250 4333 4365 4390 4453 4562
353	8	118	16	75 109 543 574 616 976 1163 1198 1873 2034 2233 2450 2464 2484 2616 2681 3140 3391 3523 3670 3725 4013 4215 4231 4261 4309 4678 4682 4825 4886
365	25	113	16	53 344 432 449 529 733 772 832 885 944 1399 1492 1537 1882 1900 1919 1955 2785 3004 3233 3418 3500 3527 3714 3885 4107 4336 4492 4504 4765 4854 4908 4984 4988
368	37	127	16	97 279 378 431 479 626 690 753 767 1330 1341 1615 1641 1685 1706 1712 1793 1905 2051 2094 2213 2218 2594 2904 3080 3163 3285 3344 3915 4021 4106 4607 4715 4948
377	19	164	16	176 228 670 1039 1095 1286 1335 1427 1457 1629 1792 1868 2138 2170 2295 2452 2492 3050 3238 3333 3387 3393 3586 3745 3838 4027 4031 4156 4157 4233 4480 4564 4597 4778
379	16	213	16	250 373 379 608 633 783 922 1105 1203 1303 1320 1366 1400 1410 1430 1552 1678 1956 1981 2035 2302 2307 2646 2714 2769 3030 3316 3374 3431 3592 3697 3842 4282 4522
397	6	81	16	62 139 435 578 594 609 986 1063 1122 1371 1481 1579 1968 1994 2145 2366 2389 2407 2542 2569 2584 2611 2848 2990 3133 3379 3529 3682 3792 4123 4162 4234 4540 4604
442	13	18	16	36 493 583 613 763 940 1066 1183 1244 1265 1854 1856 1941 1977 1978 1987 2064 2139
451	5	150	18	347 364 416 535 538 851 1219 1442 1655 1874 1914 2123 2168 2315 2458 2570 2744 2776 2979 3000 3095 3155 3207 3284 3368 3442 3464 4069 4243 4266 4365 4485 4542 4585 4862 4974
475	1	144	18	414 713 732 756 988 1048 1062 1237 1487 1557 1684 1789 2256 2517 2598 2855 2911 3045 3325 3406 3443 3640 3763 3841 3862 4111 4210 4215 4254 4319 4468 4930 4968 4977
485	15	99	18	44 372 418 542 553 735 779 1014 1083 1193 1642 2002 2125 2176 2195 2241 2333 2424 2426 2922 3006 3039 3329 3439 3572 3631 4095 4198 4311 4323 4521 4725 4775
498	30	76	18	13 64 266 425 636 817 909 1076 1090 1242 1633 1899 1935 1953 2543 2582 2643 2662 2888 2942 3277 3628 3689 3701 3866 3977 3985 4002 4181 4245 4316 4401 4584 4607
25	31	169	18	114 242 356 399 426 510 651 836 1044 1111 1238 1382 1413 2072 2294 2507 2510 2792 3010 3012 3157 3391 3463 3535 3595 3750 3990 4368 4476 4581 4992
34	18	237	18	41 169 253 459 548 725 917 1049 1106 1221 1455 1500 1781 1808 1885 1991 2278 2329 2489 2835 3126 3336 3536 3621 3696 4077 4344 4446 4495 4525 4721 4770 4850 4946
49	34	170	18	189 244 302 702 830 841 864 968 1006 1016 1277 2041 2326 2494 2639 2953 2976 3016 3107 3216 3398 3529 3602 3705 4013 4042 4142 4342 4363 4604 4695 4729
63	33	140	18	262 472 519 586 730 786 801 818 840 907 993 1121 1122 1123 1328 1361 1465 1606 1665 1705 2121 2367 2445 2491 2658 2818 3223 3316 3812 3836 4062 4570 4641
64	36	249	18	176 211 245 298 410 422 604 828 898 930 1217 1489 1520 2019 2094 2151 2221 2254 2397 2757 2890 3239 3297 3537 3651 3688 4072 4113 4123 4252 4285 4624 4842
75	17	23	18	127 590 715 871 1013 1086 1179 1513 1688 1696 1831 2158 2317 2323 2357 2499 2550 2828 2845 2848 3063 3085 3177 3352 3362 3382 3440 3471 3616 3685 3947 4056 4646
101	28	187	18	74 533 637 688 788 1007 1293 1415 1812 2091 2137 2345 2370 2405 2480 2645 2649 2692 2778 2974 2977 3024 3119 3363 3476 3484 3499 3531 3635 4238 4260 4997
103	40	37	18	12 21 345 370 614 630 823 862 866 1087 1104 1171 1225 1494 1534 1671 1739 1788 2061 2325 2519 2578 3053 3375 3444 3820 4096 4312 4427 4564 4644 4665 4991
104	29	156	18	139 762 854 970 1147 1652 1727 1786 1932 2009 2082 2217 2340 2571 2637 2659 3089 3091 3243 3337 3358 3767 3989 4157 4355 4392 4467 4515 4633 4678 4683 4701 4772 4834 4952
115	10	97	18	122 323 528 607 613 671 816 889 1068 1236 1541 1566 2230 2322 2334 2384 2431 2567 2879 3151 3179 3560 3904 3998 4031 4058 4178 4348 4479 4595 4661 4690 4728 4909
132	22	205	18	20 55 210 424 576 692 770 967 1075 1118 1321 1372 1574 1638 1701 1895 2079 2101 2442 2534 2674 2915 3008 3113 3371 3523 3606 3753 4320 4550 4717
135	26	125	18	5 133 238 802 940 1036 1052 1310 1353 1354 1565 1568 1892 2086 2119 2276 2438 2871 3064 3267 3386 3510 3733 3899 4432 4483 4792 4847 4871
148	12	90	18	82 91 198 610 824 856 913 1031 1088 1461 1821 2103 2293 2296 2309 2752 2798 2799 2864 2894 2899 3036 3127 3266 3338 3520 3580 3919 3931 4511 4577 4692 4864 4990
189	39	70	18	132 470 515 525 551 555 832 929 1662 1768 2136 2257 2258 2274 2524 2718 2766 2812 2858 3341 3491 3517 3518 3598 3887 4122 4222 4643 4685 4742 4753
259	14	25	18	338 624 696 765 795 973 979 985 1063 1184 1350 1790 1845 1941 1947 2044 2146 2162 2183 2207 2208 2666 2724 2869 2913 2956 3195 3228 3232 3234 3328 4204 4448 4554
269	32	84	18	101 193 289 448 473 759 842 896 1115 1462 1540 1743 1986 2093 2587 2673 2881 3189 3192 3205 3250 3354 3466 3828 4023 4084 4313 4469 4527 4702 4755 4790 4845 4943
283	11	143	18	293 457 524 641 1069 1132 1168 1285 1542 1547 1710 1715 1753 1891 2036 2063 2343 2677 2781 2782 2797 2984 3069 3088 3116 3153 3401 3593 3826 3945 3960 4408 4791 4904
288	2	69	18	333 336 572 698 1054 1186 1269 1282 1460 1503 1514 1610 1712 1809 1956 2211 2273 2336 2527 2585 2595 2960 3025 3213 3402 3669 4093 4166 4214 4541 4630 4657 4722 4920
343	23	78	18	307 402 489 583 654 806 1299 2166 2271 2395 2691 2713 3020 3040 3043 3131 3298 3315 3360 3377 3420 3625 3710 3760 3789 3954 4164 4299 4370 4606 4859 4970 4983
359	38	22	18	73 264 467 550 666 964 980 1155 1172 1206 1370 1548 1622 1766 1982 2135 2239 2759 2917 2929 2931 3030 3031 3455 3482 3738 4207 4244 4416 4502
388	4	198	18	8 109 129 194 398 612 928 1010 1300 1449 1723 1957 2054 2280 2594 2619 2710 2748 2998 3261 3388 4006 4065 4167 4232 4235 4239 4384 4534 4841 4873 4956 4958 4965 4996
422	24	35	18	27 326 545 708 891 1110 1244 1363 1505 1573 1760 1763 1859 2264 2560 2893 3019 3048 3201 3270 3605 3946 3978 3999 4158 4168 4267 4328 4465 4547 4631 4820 4884 4911
459	20	184	18	792 831 1297 1828 1829 1834 2022 2048 2095 2279 2420 2479 2508 2681 3174 3280 3321 3351 3415 3472 3504 3557 3783 3911 4100 4296 4297 4412 4647 4737 4831 4877
474	7	98	18	11 100 106 579 645 740 958 1183 1284 1391 1717 2087 2126 2200 2213 2237 2427 2717 2906 3034 3158 3334 3450 3614 3687 3706 3715 3897 4310 4396 4589 4885 4887
477	35	81	18	123 265 463 465 563 751 761 846 1005 1091 1411 1451 1581 1732 1840 1976 2303 2359 2398 2898 2943 2968 2995 3009 3222 3263 3734 3810 3861 3983 4110 4187 4304 4473 4993
483	8	34	18	86 337 374 437 475 899 1002 1024 1103 1202 1522 1844 1903 1907 1969 2011 2206 2234 2551 2694 2696 2770 2938 3496 3743 3829 4273 4436 4450 4553 4761 4971
487	25	115	18	34 116 161 203 667 829 1160 1161 1176 1256 1468 1681 1729 2042 2149 2161 2302 2509 2577 2613 2701 2793 2804 2836 2874 2902 3050 3304 3323 3324 3872 3882 3986 4083 4664 4973
495	37	157	18	24 94 484 534 585 869 957 1098 1099 1117 1218 1589 1646 1736 1778 2202 2242 2360 2380 2581 2897 2903 3084 3720 3765 3869 4025 4153 4218 4357 4435 4462 4565 4941 4988
499	19	101	18	205 207 379 507 509 1114 1141 1247 1388 1438 1804 1905 1989 1994 2020 2441 2866 3079 3204 3562 3574 3684 3690 3777 3815 3852 3965 4165 4227 4337 4360 4377 4487 4972 4979
29	16	5	18	61 90 394 403 527 541 693 905 1023 1084 1113 1294 1336 1397 1436 1711 1860 1868 2348 2737 3165 3198 3448 3663 3666 3713 3918 4054 4120 4241 4489 4603 4735
48	6	153	18	79 365 837 969 981 1108 1116 1223 1346 1369 2109 2672 2907 2994 3068 3124 3322 3399 3489 3599 4124 4184 4205 4325 4574 4596 4649 4720 4815 4951
53	13	94	18	223 270 341 354 378 384 452 471 845 986 1019 1028 1072 1078 1164 1482 1585 1619
77	9	172	20	144 272 287 448 634 679 1287 1628 1648 1659 1820 1822 1857 2007 2068 2131 2202 2462 2491 2530 2698 2877 3096 3174 3782 4059 4078 4183 4199 4282 4584 4600 4746 4920
86	21	178	20	83 219 231 286 413 429 943 1262 1446 1555 1590 1682 1740 1831 2062 2134 2308 2352 2849 3071 3434 3623 3662 3754 3777 3885 3973 4047 4071 4948
152	3	239	20	29 136 576 722 838 1379 1813 1942 2112 2133 2316 2363 2438 2661 2737 2864 2973 3233 3333 3565 3570 3676 3744 3745 3827 4035 4075 4191 4224 4305 4490 4592 4782 4870
158	27	219	20	233 409 499 523 597 820 972 1050 1297 1298 1374 1431 1483 1523 1666 2014 2065 2473 2779 2823 3210 3608 3687 3691 3943 3976 4048 4169 4325 4336 4644 4649
162	5	246	20	338 876 1051 1059 1074 1108 1344 1348 1366 1384 1490 1936 1975 2111 2443 2658 2775 2788 2998 3001 3221 3231 3285 3437 3439 3760 3995 4015 4114 4119 4168 4623
164	1	232	20	135 213 266 419 464 470 477 602 625 685 867 1049 1213 1495 1634 1643 1680 1734 2331 2434 2556 2574 2595 2758 2887 3208 3480 3677 4750 4836 4867 4888 4969
165	15	234	20	12 117 252 297 420 487 829 1173 1196 1204 1426 1476 1592 1789 1839 2181 2354 2400 2796 2828 2995 3403 3406 3447 3530 3660 3686 3935 4268 4388 4729 4826 4831 4922
256	30	145	20	197 223 401 475 654 1142 1330 1798 1911 1941 1964 2120 2216 2262 2406 2506 2963 3051 3261 3571 4018 4040 4417 4574 4632 4662 4677 4880 4970
274	31	50	20	91 282 440 492 549 678 939 978 1003 1255 1457 1492 1507 1537 1552 1625 1671 2114 2361 2451 2453 2507 2590 2793 2826 3175 3454 3615 4244 4795 4830 4898
278	18	189	20	608 659 891 1383 1401 1472 1679 1705 1756 1922 1951 2091 2143 2161 2169 2212 2517 2871 2991 3160 3178 3538 3562 3591 3634 3901 3988 4073 4156 4514 4581 4643 4751
292	34	129	20	19 81 142 274 314 361 454 497 814 1030 1170 1295 1419 1613 1952 1963 2199 2337 2413 2725 2846 3005 3007 3024 3076 3411 3572 3884 4054 4327 4669 4693 4868 4883
305	33	31	20	175 251 388 671 1071 1113 1220 1335 1389 1554 1841 1852 2154 2325 2592 2640 2885 2944 3307 3378 3391 3564 3710 3763 4000 4150 4278 4439 4639 4810
331	36	240	20	56 99 166 355 692 738 1009 1025 1197 1531 1587 1646 1784 1855 1914 1935 2191 2245 2265 2310 2332 2598 2706 2834 2922 3262 3923 4225 4485 4498 4546 4747
374	9	145	22	258 497 540 1003 1174 1274 1318 1625 1628 1647 1735 1795 2005 2313 2363 2414 2485 2689 2819 3243 3691 3915 3951 4203 4273 4378 4544 4619 4662 4726 4957 4991
390	17	85	20	120 604 693 1033 1038 1199 1260 1304 1321 1461 1693 1701 1966 2055 2145 2292 2300 2511 2734 2880 2917 3287 3539 3823 3912 3927 4431 4434 4473 4541 4582 4608 4864
404	28	132	20	149 152 183 259 296 684 823 1015 1075 1151 1367 1588 1622 1799 1938 2084 2392 3136 3655 4029 4112 4122 4147 4180 4211 4237 4264 4312 4358 4382 4500 4518 4695
412	40	154	20	65 162 432 463 751 908 1004 1163 1421 1441 1567 1584 1944 2319 2433 2488 2713 2768 2833 2861 2869 2895 2968 3014 3348 3502 3576 3603 3804 3836 4032 4297
444	29	126	20	110 318 412 574 626 631 875 913 918 959 1034 1073 1497 1731 1810 2088 2118 2121 2257 2436 2663 2894 3170 3225 3354 3651 3902 4353 4367 4394 4873 4893
448	10	32	20	4 310 402 528 553 690 708 726 741 999 1132 1150 1166 1200 1276 1511 1824 1908 1993 2150 2384 2865 2957 2989 3537 3692 3780 3873 4001 4050 4052 4289 4438 4557
458	22	162	20	67 168 349 373 433 520 643 739 811 874 1085 1178 1602 1980 2280 2448 2811 2863 3094 3332 3877 4240 4575 4612 4658 4663 4670 4736 4769 4947 5000
480	26	202	20	245 653 670 826 834 905 1386 1417 1467 1542 1988 2266 2387 2430 2528 2662 2781 2983 3025 3043 3180 3306 3346 3578 3939 4186 4220 4352 4360 4376 4652 4731 4852 4895 4974 4992
491	12	15	20	271 411 920 1187 1320 1445 1469 1583 1779 1959 2104 2108 2394 2416 2449 2674 2810 2964 3040 3099 3278 3636 3717 3932 4262 4452 4579 4772 4866
79	39	108	20	40 109 451 500 792 1020 1123 1127 1214 1292 1456 1601 1654 1953 2027 2074 2322 2345 2422 2435 2548 2606 2643 3563 3594 3716 3739 3955 4101 4185 4505 4568
107	14	128	20	68 407 662 1000 1016 1060 1103 1114 1291 1409 1708 1866 2116 2393 2447 2482 2513 2562 2754 2921 3068 3173 3215 3251 3429 3756 4011 4021 4350 4356 4694 4735 4935
108	32	36	20	139 260 342 704 835 851 1029 1238 1412 1432 1448 1572 2285 2483 2588 2596 2665 2666 2708 3078 3384 3580 3589 3590 3734 3914 4160 4173 4707
117	11	16	20	54 248 348 357 778 902 914 1309 1750 2003 2006 2078 2269 2736 2868 2992 3398 3420 3494 3698 3726 4129 4363 4374 4478 4536 4659 4674 4737 4771 4858 4983
178	21	178	22	68 69 81 574 647 699 1348 1415 1459 1604 1636 1669 1937 1965 2016 2030 2302 2591 3314 3533 3553 4078 4145 4259 4366 4442 4494 4587 4815 4848 4883 4975
199	2	194	20	43 94 181 376 1013 1058 1202 1473 1527 1627 1753 1851 1898 1909 1992 2043 2072 2160 2306 2408 2446 2636 3256 3302 3416 3463 3805 4005 4019 4024 4539 4648 4749 4937
221	23	123	20	114 525 651 1597 1660 1780 1797 2102 2130 2182 2227 2239 2536 2626 2629 2670 2774 3098 3232 3305 3400 3492 3599 3728 3846 3954 3974 4345 4519 4759 4897
228	38	141	20	87 195 222 335 577 585 638 660 877 903 1265 1365 1553 1652 2152 2277 2299 2358 2621 2765 2844 3260 3328 3900 3925 4118 4333 4381 4606 4628 4796 4985 4990
242	4	68	20	96 351 483 1181 1355 1675 1678 1772 1803 1970 2225 2396 2428 2454 2500 2689 2816 3209 3226 3334 3462 3512 3675 3948 4332 4351 4609 4719 4896 4965
243	24	243	20	89 397 423 540 606 785 1162 1224 1616 1773 1828 2569 2633 2815 3312 3521 3618 3674 3695 3781 3789 4087 4141 4331 4378 4418 4421
284	20	111	20	326 343 391 398 650 809 912 1433 1512 1719 1741 2035 2194 2342 2459 2624 2819 2946 3257 3359 3452 3519 3527 3541 3707 3769 4049 4197 4610 4832 4869
330	7	25	20	130 300 403 635 700 740 783 827 1357 1485 1624 1774 1833 1870 2045 2060 2082 2457 2498 2586 2601 2730 2937 2997 3587 3755 3788 3850 3894 4725
337	35	118	20	450 501 582 858 885 970 1185 1211 1499 1754 1977 2028 2098 2128 2561 2575 2578 2617 2854 2990 3029 3380 3477 3628 3819 4022 4045 4079 4230 4380 4524 4996
361	8	30	20	137 267 377 455 524 563 586 822 1081 1575 1661 1718 1875 1950 2085 2244 2274 2320 2455 2533 2565 2587 2769 2836 2850 3404 3811 4559 4807 4828 4933 4955 4961
373	25	233	20	622 681 842 1144 1305 1615 1633 1788 2347 2402 2604 2878 2914 3066 3135 3238 3264 3335 3350 3446 3524 3652 3933 4034 4107 4159 4203 4419 4461 4465 4509 4516 4617 4718
378	3	189	22	123 382 477 522 598 779 780 1413 1434 1526 1703 1819 1917 1998 2144 2515 2784 3140 3324 3618 3780 3993 4053 4073 4096 4163 4760 4789 4910
380	37	80	20	156 383 676 1027 1180 1475 1514 1796 1878 2097 2219 2231 2571 2723 2763 2770 2874 2996 3042 3187 3313 3367 3629 3741 3947 4109 4372 4460 4862 4903 4977
391	19	238	20	46 123 817 893 1021 1261 1488 1979 2001 2032 2168 2298 2309 2832 2981 3214 3366 3370 3632 3678 3968 3969 4051 4140 4310 4317 4467 4543 4565 4650 4716 4764
432	16	66	20	115 229 247 263 332 657 760 853 1102 1243 1313 1556 1713 1743 1856 1867 1962 2067 2146 2252 2417 2631 2829 2938 3213 3230 3522 4205 4375 4578 4804 4881
437	6	24	20	424 746 911 1126 1156 1560 1746 1768 1795 1818 1939 2038 2472 2554 2607 2959 3438 3506 3585 3588 3637 4088 4142 4198 4347 4480 4503 4538 4634 4726 4936 4981
446	13	116	20	127 143 150 155 163 198 242 507 554 779 1039 1688 1770 1917 1961 1994 2275 2289
466	27	58	22	166 275 351 1057 1080 1150 1360 1651 2205 2263 2326 2552 2617 2805 3294 3305 3438 3562 4013 4021 4142 4158 4194 4254 4383 4982
476	5	61	22	173 211 299 585 758 935 1046 1086 1134 1245 1246 1278 1640 1643 1709 1882 2173 2603 2661 2682 3237 3251 3265 3407 3476 3507 3742 4000 4218 4248 4524 4635 4655 4839
479	1	119	22	150 320 367 436 596 638 821 1096 1762 1772 1831 1846 2152 2185 2186 2253 2290 2347 2481 2645 2736 3065 3097 3263 3357 3604 3755 3820 3859 3955 4213 4625 4898
16	15	130	22	6 263 409 450 608 735 755 1082 1187 1250 1541 2008 2252 2575 2857 2936 3281 3313 3375 3666 3689 3779 3840 4066 4277 4300 4339 4395 4589 4793 4817
35	30	245	22	156 269 318 659 697 733 813 1193 1195 1582 2164 2215 2403 2447 2520 2553 2576 2650 2910 3086 3474 3627 3921 4230 4651 4832
47	31	162	22	194 238 279 447 566 1118 1474 1593 1849 2149 2534 2538 2750 3219 3345 3394 3515 3517 3626 3753 4089 4222 4234 4432 4583 4642 4781 4802 4808 4812 4835 4861
61	18	54	22	53 244 266 434 743 863 1032 1283 1515 1599 1637 1657 1702 1844 1883 1890 2074 2147 2440 2569 3068 3292 3355 3462 3633 3897 4110 4269 4308 4404 4439 4618
73	34	176	22	26 86 215 687 741 902 989 1100 1109 1212 1289 1539 1580 1880 1980 2465 2501 2566 2726 2903 2977 3059 3088 3521 3811 3971 3978 4068 4482 4663 4768
114	33	60	22	161 392 536 669 1035 1339 1460 1556 1575 1944 1947 1983 2423 2559 2707 3217 3542 3581 3776 3819 3975 4032 4081 4101 4274 4338 4422 4634 4736 4759 4825
118	36	96	22	27 309 319 458 506 524 1027 1216 1390 1423 1461 1765 1863 1963 2026 2192 2292 2563 2625 2846 2927 3397 3401 3414 3427 3893 3904 4056 4168 4220 4415 4419
130	17	243	22	185 213 229 606 640 702 872 1076 1137 1308 1319 1328 1371 1387 1687 1699 1732 2099 2240 2286 2605 2734 3047 3104 3171 3365 4009 4017 4098 4240 4786
133	28	235	22	550 677 817 886 915 1078 1325 1662 1777 2304 2807 2916 2970 3015 3180 3361 3468 3526 3625 3722 3758 3856 3990 4144 4184 4391 4553 4734 4783 4860 4900 4937 4967
153	40	163	22	137 557 795 955 1158 1838 2445 2470 2527 2703 2735 2775 2801 2900 3122 3163 3178 3195 3351 3395 3408 3508 3685 3718 3999 4209 4456 4674 4711 4944
188	29	50	22	74 144 184 236 622 823 1052 1408 1566 1652 1726 1755 1768 1814 1995 2204 2294 2466 2556 2688 2753 3568 4004 4033 4125 4192 4429 4450 4886 4933 4999
202	10	147	22	328 377 431 635 771 883 1081 1104 1362 1530 1842 1884 1979 2646 2773 2795 3045 3138 3188 3471 3502 3555 3706 3736 3800 3958 3976 4473 4615 4632 4824 4849 4928
247	22	225	22	7 60 114 404 504 1053 1247 1248 1407 1431 1721 1724 2177 2324 2632 2653 2962 3117 3147 3514 3631 3763 4090 4180 4246 4345 4435 4597 4633 4666 4868 4884 4925
265	26	211	22	79 255 341 435 611 903 1083 1110 1374 1454 1685 1716 1730 1835 1854 1899 2019 2032 2034 2043 2564 2609 2887 2965 3091 3148 4121 4337 4441 4591 4707 4893 4989
282	12	83	22	148 216 487 849 1061 1439 1479 1551 1602 1664 1885 1939 2064 2236 2288 2437 2719 2839 2943 3296 3338 3551 3744 3792 3928 4187 4243 4367 4457 4712
298	39	123	22	247 329 336 418 639 724 870 961 1038 1498 2012 2678 2919 2921 2924 3052 3115 3118 3192 3364 3379 3538 3620 3668 3708 3719 3846 3869 4092 4504 4741 4968
352	14	105	22	590 705 796 1009 1183 1252 1307 1316 1386 1469 1646 1785 1864 2108 2122 2133 2303 2728 2845 2966 3107 3108 3241 3698 3833 3912 4041 4208 4359
355	32	234	22	31 205 240 249 421 582 833 1559 1570 1962 2114 2120 2142 2697 2772 2867 3139 3331 3359 3422 3661 4059 4130 4331 4387 4505 4614 4713 4791 4822
367	11	87	22	24 37 42 554 785 794 942 996 1136 1226 1478 1574 1886 2106 2110 2376 2443 2475 2486 2585 2912 3220 3242 3930 4034 4372 4478 4549 4720 4737
369	2	38	22	3 22 62 220 588 806 1006 1010 1177 1533 1754 1916 2013 2113 2243 2560 2664 2699 2794 2803 2859 3168 3311 3495 3773 3823 3929 4162 4522 4750
414	23	43	22	95 217 285 290 1055 1153 1290 1519 1586 1616 1756 1804 1921 2130 2401 2654 2907 3105 3235 3304 3403 3470 3550 3556 3748 3914 4137 4247 4330 4447 4650 4671 4779
452	38	247	22	280 342 971 1024 1154 1642 1751 1873 1934 2264 2428 2677 3033 3063 3428 3480 3525 3832 3862 3892 3966 3985 4086 4410 4629 4751 4803 4922 4973
51	4	152	22	334 578 939 1022 1327 1611 1723 2054 2085 2230 2281 2284 2370 2782 2861 2976 3103 3218 3735 3843 3903 4093 4135 4141 4307 4486 4705 4797 4976
67	24	78	22	857 934 1315 1332 1366 1775 1958 2125 2159 2256 2269 2378 2381 2431 2594 2809 2931 2988 3319 3639 3671 3720 3863 4239 4350 4381 4639 4856
72	20	27	22	169 219 254 414 774 1020 1231 1275 1277 1455 1713 1866 2356 2375 2601 2658 2729 2796 3156 3185 3607 4153 4518 4594 4652 4770 4865 4873 4953
141	9	58	24	48 207 304 509 603 650 684 737 991 1268 1435 1631 1632 2022 2096 2386 2463 2555 2615 2627 3009 3171 3236 3356 3739 3882 4007 4057 4220 4257 4430 4639 4861
175	7	85	22	57 271 352 475 675 824 954 1145 1468 2155 2513 2592 2957 3206 3236 3659 3871 3908 3942 3945 4150 4226 4241 4636 4774 4819
186	35	250	22	174 454 701 811 1043 1194 1201 1312 1401 1436 1747 1829 2000 2117 2390 2535 2685 2945 3225 3546 3909 4201 4249 4256 4302 4312 4392 4581 4609 4689 4894
198	8	72	22	103 387 505 530 619 649 787 963 1117 1273 1763 1968 2459 2755 2840 3023 3190 3240 3392 4117 4133 4265 4348 4516 4593 4729 4854 4867 4878 4959
275	25	244	22	192 259 314 476 627 793 819 2067 2190 2276 2341 2417 2503 2649 2747 2905 2915 2951 3082 3084 3161 3460 3473 3497 3614 3953 3961 4080 4882 4994
334	37	19	22	164 178 488 567 572 646 662 764 1267 1421 1557 1850 1892 1993 2333 2600 2668 2785 2843 2997 3127 3329 3437 3802 3860 3866 4077 4200 4291 4554 4923
335	19	39	22	73 353 479 745 1140 1225 1300 1878 2025 2057 2214 2259 2502 2597 3061 3087 3211 3765 3807 3848 3910 4085 4185 4397 4420 4512 4533 4576
381	21	119	24	106 302 354 528 534 679 1017 1345 1544 1574 1730 1835 2144 2184 2322 2444 2576 2847 2910 2963 3196 3283 3332 3434 3661 3729 3918 4113 4173 4424 4437 4689
400	3	147	24	54 458 504 531 703 818 1484 1696 1726 1886 1948 2030 2112 2332 2503 2567 2579 2643 2799 3292 3421 3494 3578 3656 3737 3972 4444 4545 4612
463	16	207	22	35 146 157 368 655 896 1543 1618 1661 1812 2053 2247 2261 2394 2456 2469 2545 3202 3306 3667 3890 4104 4170 4196 4405 4446 4496 4534 4568 4772 4913
468	6	188	22	202 356 411 471 575 980 1116 1180 1354 1894 2103 2364 2841 2978 3142 3167 3198 3224 3609 3654 3662 3981 3984 4011 4051 4119 4231 4384 4492 4800 4871 4987
492	13	114	22	191 193 196 451 850 900 974 985 1079 1280 1314 1492 1614 2200 2207 2429 2533 2618
494	27	114	24	22 27 41 168 183 201 410 466 683 914 1172 1311 1317 1794 1798 2130 2206 2400 2687 3070 3505 3537 3549 3673 3765 3968 4031 4161 4489 4587 4617 4956
17	5	196	24	6 291 451 493 552 988 1476 1594 1709 1711 1724 1744 1762 1945 2381 3007 3022 3040 3072 3427 3429 3613 3751 3776 3817 3870 3877 4811
55	1	201	24	192 244 449 617 629 705 1073 1164 1787 1975 2227 2271 2854 3057 3293 3302 3528 3646 4028 4155 4278 4298 4569 4602 4756 4781 4890 4894 4906
88	9	196	26	23 28 696 721 816 839 1046 1058 1149 1212 1266 1296 1386 1419 1594 1839 2075 2359 2406 2450 2461 2681 2773 3528 3664 3760 4071 4457 4507 4591 4747
143	15	152	24	284 724 752 1101 1641 1725 1736 1907 1946 1958 2217 2329 2594 2696 2995 3178 3215 3364 3395 3540 3624 3664 4085 4097 4103 4553 4730
233	30	69	24	133 196 505 686 761 1008 1409 1718 1784 1885 1978 2238 2758 2765 2783 2803 2896 3110 3158 3169 3650 3659 3938 3975 4027 4070 4409 4693 4834 4852 4877
253	31	57	24	128 486 736 1126 1136 1245 1281 1368 1399 1515 1555 1766 1869 2040 2263 2440 2787 3502 3556 3644 3654 3732 4595 4650 4720 4723 4879
360	18	220	24	11 90 417 595 790 796 838 839 930 1217 1352 1455 1478 1722 2272 2478 2587 2654 3016 3105 3224 3388 3483 3514 3601 3703 3741 3913 4128 4191 4224 4758
370	34	206	24	39 347 503 511 566 653 660 663 714 904 1545 1591 1635 2023 2107 2162 2380 2423 2432 2482 2603 2674 2977 3031 3260 3468 3479 3754 4032 4286
433	33	156	24	680 699 945 1275 1564 1637 1786 2174 2237 2270 2388 2500 2518 2602 3122 3230 3550 3688 3795 3829 4110 4199 4623 4647 4683 4822 4896 4900
457	36	155	24	20 59 446 856 962 1067 1222 1438 1531 1710 1989 2109 2209 2330 2355 2574 2600 2766 2769 3202 3255 3603 3696 3934 4197 4414 4755 4937 4991
478	17	150	24	105 256 395 634 640 968 1039 1059 1510 1669 2052 2153 2320 2466 2914 3039 3075 3133 3153 3223 3325 3762 3946 4008 4064 4236 4331 4763
9	28	250	24	379 687 824 853 965 1230 1233 1775 2028 2150 2187 2192 2283 2508 2575 2865 2900 3384 3396 3424 3995 4086 4212 4415 4594 4611 4917 4966
20	40	205	24	253 442 453 480 560 769 836 1037 1712 1733 1824 1849 2521 2539 2756 2925 3029 3063 3262 3299 3316 3430 3772 3820 4054 4189 4560 4742
37	29	183	24	157 323 429 667 743 763 996 1278 1929 1996 2114 2469 2593 2617 2721 2764 2823 2933 2962 2994 3187 3569 4138 4149 4179 4284 4346 4428 4649 4875
180	10	218	24	3 63 179 533 557 573 974 1269 1286 1296 1326 1548 2479 2645 3152 3175 3279 3463 3532 3830 3989 3993 4015 4190 4288 4369 4426 4486 4783
185	22	2	24	235 332 372 613 654 758 878 948 1170 1178 1366 2051 2160 2299 2337 2483 2734 2821 3488 3533 3891 4077 4192 4204 4276 4387 4675 4857 4916 4961
279	26	104	24	301 443 620 775 1537 1654 1663 2018 2185 2287 2573 2644 2693 2700 2701 2738 2858 2897 3148 3170 3331 3452 3791 4329 4558 4872
296	12	194	24	7 169 175 315 862 883 906 1140 1488 1876 2304 2650 2704 3089 3268 3269 3277 3441 3671 3825 4067 4166 4316 4574 4713 4750
311	39	116	24	316 420 697 726 865 1134 1377 1553 1825 1852 1913 1940 2385 2619 2655 2702 3144 3288 3491 3736 3929 4350 4588 4652 4769 4932 4939 4969
440	14	112	24	198 234 408 537 817 1214 1376 1693 1881 1985 2059 2081 2310 2487 2839 3138 3239 3426 3602 3612 3845 3970 4375 4709 4789 4869 4928 4967
70	32	21	24	9 83 268 463 1421 1468 1498 1562 1585 1755 1761 1982 2301 2449 2486 2660 2825 2830 2883 3068 3085 3090 3116 3446 3685 3878 4159 4182 4201
93	11	10	24	60 141 548 770 946 1003 1007 1293 1316 1391 1931 1968 2291 2408 2841 2848 3076 3194 3466 3545 3592 4025 4169 4171 4223 4322 4340 4557 4592
127	2	27	24	152 397 555 644 1226 1570 1606 1806 1830 1963 2083 2397 2399 2445 2714 2755 2969 2986 3565 3752 3835 4092 4304 4334 4543 4634 4670
156	23	89	24	567 624 1160 1257 1279 1334 1441 1451 1584 1820 1833 1834 2881 3409 3679 3785 3832 4066 4074 4094 4324 4496
170	38	190	24	51 252 1166 1209 1355 1384 1398 1673 1763 1857 2267 2448 2525 2562 2648 2740 2939 3315 3921 3962 3988 3991 4033 4076 4090 4193 4460 4654 4710
205	4	73	24	208 282 300 1070 1322 1414 1427 1846 1962 1967 2077 2240 2293 2691 2860 3004 3092 3837 3901 4328 4419 4514 4540 4738 4745 4774 4891 4893
232	24	56	24	55 206 295 356 438 562 716 788 1180 1295 1411 1481 1525 2878 2993 3053 3490 4154 4293 4356 4370 4379 4391 4429 4451 4525 4708 4799 4808 4837
237	20	52	24	2 80 153 213 384 394 448 586 593 718 742 889 897 1315 1645 1778 1801 2047 2148 2886 3005 3167 3960 4291 4585 4631 4681 4831 4941
338	21	183	26	203 376 382 424 675 714 1125 1306 1360 1422 1471 1516 1538 1604 1916 2080 2228 2327 2354 2484 2758 3674 3857 4070 4492 4558 4601 4767 4817 4833
385	7	171	24	16 313 476 738 1152 1434 1723 1754 1767 1856 2069 2124 2296 2390 2453 2495 2685 2720 2996 3263 3330 3337 3529 3728 4081 4290 4335 4371 4703
398	35	18	24	46 296 678 977 1009 1392 1462 1514 1626 1636 1937 1971 2224 2558 2686 2749 2804 2820 2899 3301 3369 3400 3846 4561 4751 4958
411	8	166	24	189 308 773 981 1125 1344 1695 1720 1727 1992 2125 2223 2246 2338 2446 2581 2856 3203 3660 3704 3724 3787 3865 3951 4034 4352 4976
427	25	121	24	155 293 536 594 786 820 1120 1216 1425 2013 2151 2212 2485 2742 2815 3235 3274 3276 3435 3451 3866 4263 4269 4378 4408 4661 4880 4983
429	37	184	24	271 460 757 978 1044 1207 1447 1463 1617 1924 1972 2235 2253 2419 2496 2547 2709 2857 3140 3176 3177 3647 3831 4044 4476 4712 4887 4901
447	3	171	26	16 120 142 246 344 485 781 977 1099 1330 1631 1644 1957 2226 2305 2317 2338 2566 2905 3179 3692 3781 3898 3926 4040 4242 4400 4518 4622 4848
68	19	222	24	102 243 306 391 406 616 825 995 1074 1097 1256 1299 1461 1582 1828 2152 2228 2590 2592 2717 3106 3987 4127 4406 4411 4530 4641 4830 4938
120	16	236	24	33 126 209 333 637 861 1284 1374 1621 1883 2001 2260 2331 2356 2876 3099 3166 3180 3611 3714 4005 4020 4275 4438 4464 4472 4711
142	6	177	24	32 69 149 370 598 692 816 952 1041 1219 1302 1577 1999 2354 2455 2647 2838 2884 2949 2982 3102 3778 4018 4042 4270 4407 4447 4632 4667
161	13	20	24	135 158 496 519 524 843 919 1247 1624 1738 2197 2597 2974 3058 3087 3477 3497 3610
383	27	182	26	171 204 309 368 1129 1198 1446 1530 1890 2029 2263 2285 2377 2520 2620 2662 2694 2871 3188 3275 3297 3579 3750 4532 4555 4619 4628 4902
413	5	132	26	118 124 634 862 1012 1057 1493 1938 2052 2097 2101 2234 2457 2547 2577 3352 3409 3423 3737 3740 3769 3920 4098 4140 4206 4450 4530 4768
500	1	94	26	76 202 215 307 559 628 641 831 874 888 923 944 1108 1208 1412 1881 1961 2189 3072 3146 3512 3726 3809 4005 4287 4461 4679 4904
69	15	71	26	18 487 664 938 1348 1401 1439 1496 1725 1976 2141 2580 2725 2885 2893 3067 3206 3350 3458 3662 3700 3708 3810 3882 3991 4722 4727
140	30	106	26	33 330 425 447 794 1014 1274 1342 1428 1793 1921 2044 2159 2237 2431 2528 2555 2559 3223 3282 3367 3510 4134 4260 4762 4847
488	31	204	26	358 568 589 656 868 1197 1249 1705 1757 1843 1853 1861 1866 2241 2271 2456 2463 2637 2670 2698 2815 2879 2935 3329 3441 3738 3853 4376
22	18	96	26	473 1084 1183 2003 2035 2037 2072 2541 2657 2668 2716 2781 3293 3640 3678 3694 3850 3870 3875 4398 4513 4531 4815 4895 4945
160	34	28	26	130 134 350 423 460 723 1056 1062 1558 1806 1867 1915 1924 2178 2319 2352 2387 2393 3164 3193 3233 3571 3865 4194 4262 4281 4412
208	33	107	26	292 316 688 860 924 1037 1240 1453 1774 2157 2191 2200 2436 2606 2614 2761 3430 3701 3842 3995 4049 4421 4827 4910 4919 4925 4990
301	36	23	26	386 783 941 1372 1613 1685 1748 2209 2221 2331 2351 2412 2523 2567 2589 2789 2805 2854 2890 3101 3620 3621 4181 4253 4572 4695
346	17	44	26	261 563 564 892 1154 1663 1684 1726 1808 2091 2124 2138 2211 2655 2931 3227 3319 3344 3511 3641 3889 4265 4451 4484 4523 4586
423	28	212	26	149 196 210 469 639 798 875 1017 1100 1529 1801 1862 1908 1952 2053 2462 2771 2836 3065 3271 3351 3379 3381 3650 3930 4174 4491
434	40	164	26	160 809 882 894 940 1334 1405 1409 1494 1535 1563 1666 1679 1813 2155 2220 2255 2369 2726 3049 3461 3703 3824 4024 4460 4630 4806
392	29	6	26	45 340 406 706 873 1416 1590 1689 1865 1918 2418 2467 2688 2709 2908 3100 3386 3421 3478 3619 4228 4538 4686 4884
393	10	226	26	79 969 1181 1298 1694 1742 1947 2268 2407 2480 2548 2556 3094 3199 3241 3358 3453 3542 3818 4164 4197 4200 4305 4803
21	22	92	26	20 80 461 775 964 1004 1180 1483 1863 1914 1929 2073 2362 2920 3195 3459 3790 4127 4158 4639 4698 4712 4765 4875
166	26	117	26	381 466 1117 1159 1697 2069 2340 3013 3046 3098 3248 3370 3469 3535 3872 4188 4207 4237 4252 4323 4426 4449 4504
