Course	Room	Teacher	Time	Students
62	4	52	2	47 64 72 288 289 389 390 401 442 500 644 669 819 829 834 903 915 974 1041 1255 1352 1438 1733 1857 1862 2100 2198 2261 2265 2323 2546 2568 2700 2755 2942 3031 3102 3190 3578 3583 3610 3665 3699 3877 4070 4122 4242 4256 4405 4483 4492 4600 4806 4864
194	24	30	2	149 161 303 474 502 504 613 624 705 964 975 1073 1131 1173 1229 1269 1458 1584 1843 1859 1925 1973 2090 2194 2195 2291 2433 2654 2659 2771 2846 2855 3670 3678 3751 3761 3810 3869 3998 4168 4222 4254 4416 4557 4634 4648 4714 4719 4760 4785 4809 4961
409	2	104	2	6 366 437 469 804 961 996 1066 1113 1136 1145 1183 1204 1226 1253 1278 1400 1425 1600 1863 1939 1994 2042 2105 2132 2199 2253 2280 2313 2330 2356 2363 2734 3019 3148 3160 3435 3531 3755 3882 3935 3990 4012 4045 4165 4252 4264 4458 4694 4910 4954
293	15	2	2	44 85 262 297 463 512 593 637 685 717 718 772 822 908 1072 1080 1179 1284 1290 1306 1408 1547 1827 2188 2219 2528 2636 2788 2911 3122 3147 3276 3277 3332 3483 3623 3656 3815 3994 4203 4482 4631 4636 4666 4700 4708 4953 4996
416	5	122	2	7 431 477 534 569 612 752 816 837 845 896 1347 1605 1700 1806 2065 2125 2149 2278 2366 2638 2783 2829 2868 3004 3034 3244 3281 3361 3406 3537 3621 3636 3718 3824 3898 4025 4101 4123 4174 4257 4332 4559 4603 4662 4688 4699 4791 4868
331	32	214	2	22 27 156 220 361 555 725 791 904 920 973 1068 1261 1424 1431 1716 1930 1949 2030 2033 2166 2256 2307 2418 2560 2690 2786 2793 2866 2873 2892 2894 3285 3294 3302 3315 3364 3508 3773 3779 4007 4159 4245 4365 4491 4494 4782 4821 4960 4988
399	29	223	2	13 26 53 113 287 450 452 561 668 729 921 1058 1143 1293 1332 1373 1630 1671 1856 1887 1927 1948 2271 2643 2712 2774 2823 2853 2980 3059 3127 3170 3223 3616 3709 3787 4083 4111 4140 4250 4364 4385 4548 4567 4886 4896
266	3	3	2	230 400 494 570 658 683 710 762 769 927 1011 1055 1354 1401 1520 1619 1660 1730 1789 1880 2070 2133 2249 2289 2477 2551 2617 2902 2962 3027 3041 3286 3337 3448 3591 3707 3762 3813 3967 4089 4129 4189 4351 4352 4838 4854 4863 4952
453	23	169	2	59 538 611 646 696 701 810 813 859 963 1025 1292 1667 1678 1693 1797 2079 2144 2212 2262 2316 2339 2404 2684 2838 3097 3113 3252 3303 3320 3373 3380 3424 3469 3504 3607 3675 3847 4078 4227 4301 4310 4367 4505 4572 4697 4801
94	34	13	2	56 364 412 415 451 802 863 870 873 917 1024 1094 1118 1160 1341 1381 1535 2053 2242 2243 2386 2420 2455 2642 2882 2912 3070 3158 3228 3242 3311 3513 3517 3571 3587 3596 3669 3809 3964 4038 4280 4473 4474 4531 4608 4932
208	8	228	2	39 126 200 329 376 496 540 647 672 681 826 1017 1034 1108 1139 1363 1430 1446 1829 1833 1946 2181 2326 2406 2434 2540 2544 2806 2812 2818 2839 2865 2889 3229 3292 3445 3495 3501 3624 3662 3697 3855 3908 3940 4009 4017 4441 4457 4543 4562 4665 4752
288	4	122	4	174 333 341 806 829 1128 1366 1418 1439 1448 1537 1631 1639 1754 1762 1794 1892 1934 1955 1963 2187 2195 2288 2331 2362 2540 2750 2780 2948 3009 3091 3119 3136 3247 3257 3263 3562 3602 3933 3938 4003 4179 4193 4233 4373 4689 4895 4966
332	11	29	2	241 249 363 418 422 428 446 518 626 761 803 926 995 1015 1048 1545 1596 1604 1740 1872 1971 2148 2379 2407 2423 2437 2488 2508 2803 2863 2933 3085 3093 3225 3255 3512 3823 3914 4060 4118 4238 4322 4480 4623 4637 4691 4754 4861
16	31	80	2	21 24 90 148 202 296 532 616 739 971 1040 1054 1117 1146 1186 1542 1573 1597 1609 1643 1976 2077 2233 2796 3006 3056 3069 3071 3178 3209 3232 3308 3615 3776 3971 4031 4110 4135 4230 4370 4440 4476 4565 4612 4819 4845
178	9	101	2	15 83 203 440 588 628 694 890 891 1053 1069 1178 1211 1405 1640 1755 1874 1875 1893 1894 1990 2011 2155 2187 2255 2575 2608 2802 2903 3312 3350 3411 3617 3622 3664 3722 3997 4294 4299 4320 4439 4547 4584 4613 4964
217	36	139	2	222 300 426 765 934 988 1102 1281 1364 1494 1514 1606 1815 1848 2327 2390 2391 2413 2498 2536 2747 2996 3011 3079 3200 3249 3372 3452 3522 3724 3756 3833 3863 3912 4087 4134 4152 4317 4586 4816 4887 4901 4902
19	10	100	2	405 456 562 571 665 866 900 978 1168 1195 1200 1275 2028 2108 2110 2162 2232 2342 2409 2596 2655 2689 2720 2762 2954 3083 3132 3370 3402 3436 3465 3638 3705 3973 3986 3992 4090 4103 4192 4319 4655 4772 4992 4998
41	22	242	2	14 25 146 175 194 237 460 498 632 651 723 751 792 998 1076 1085 1161 1218 1252 1314 1317 1442 1509 1510 1616 1698 1820 1831 1999 2223 2272 2456 2736 3198 3354 3417 3447 3646 3936 4039 4104 4160 4163 4363 4387 4556 4577 4670 4823
57	38	93	2	282 484 495 543 550 691 906 918 1147 1243 1329 1450 1485 1581 1679 1773 1871 1957 2043 2047 2087 2172 2290 2302 2303 2368 2543 3023 3171 3195 3279 3313 3568 3685 3933 4356 4460 4588 4853 4897 4912 4918 4978 5000
71	39	144	2	81 95 342 744 799 815 838 960 1130 1205 1212 1324 1444 1462 1478 1553 1747 1814 1835 1986 2021 2059 2074 2158 2282 2443 2677 2956 3109 3157 3253 3399 3959 4082 4096 4130 4200 4359 4426 4499 4795 4898
125	16	27	2	187 213 280 479 520 636 642 674 841 849 945 946 1256 1307 1456 1631 1674 1776 1913 2200 2294 2324 2399 2615 2624 2633 2668 2694 2880 2887 3104 3250 3413 3680 3729 4052 4076 4081 4147 4348 4539 4787
356	26	153	2	162 251 373 394 399 438 449 943 1115 1185 1285 1416 1487 1549 1611 1911 1967 2063 2140 2376 2541 2602 2610 2626 3009 3087 3344 3579 3706 3720 4097 4226 4325 4404 4436 4456 4470 4490 4493 4497 4610 4668 4767 4789 4797 4815 4975
361	17	168	2	172 314 713 886 942 1006 1223 1344 1463 1465 1639 1738 1959 2211 2245 2301 2369 2428 2530 2532 2578 2699 2709 2843 2864 2948 3260 3798 3835 3852 3934 4021 4066 4214 4316 4341 4377 4569 4645 4836 4848 4874 4877 4926 4971
391	18	146	2	94 170 465 490 563 564 720 1084 1311 1353 1396 1448 1495 1548 1731 1765 1794 1801 1988 2094 2333 2340 2396 2789 2811 3014 3042 3045 3130 3322 3540 3659 3872 3899 4065 4107 4265 4277 4434 4686 4693 4790 4860 4906 4999
437	24	30	4	48 136 286 409 427 746 966 1150 1164 1218 1375 1475 1521 1569 1746 1812 1847 2024 2363 2515 2561 2641 2664 2770 2904 3242 3284 3517 3553 3817 3853 3858 3952 4211 4390 4407 4424 4479 4483 4570 4680 4749 4781 4803 4967 4984
466	20	68	2	19 30 45 65 253 441 667 675 887 924 1010 1234 1382 1496 1601 1924 2114 2310 2458 2513 2547 2692 3012 3256 3553 3574 3611 3682 3687 3723 3743 3808 3894 3905 3985 4043 4597 4707 4779 4808 4859
485	14	216	2	62 88 448 901 1165 1209 1276 1326 1419 1454 1778 1919 2121 2283 2469 2660 2714 2754 2877 2897 3010 3017 3137 3140 3194 3330 3384 3444 3536 3539 3679 3821 3864 3873 3966 4035 4276 4296 4342 4400 4611 4800 4946
492	21	31	2	186 234 378 435 548 712 855 938 1231 1274 1291 1305 1909 1916 1938 2098 2128 2241 2395 2439 2652 2821 2949 2993 3048 3125 3186 3534 3740 3811 3926 3927 3975 4079 4219 4383 4397 4628 4765 4828 4842
121	6	88	2	79 93 266 331 362 535 736 759 812 899 1119 1385 1612 1742 1753 1836 1866 2268 2878 2905 2966 2974 2988 3013 3061 3168 3216 3273 3283 3490 3691 3758 3784 3800 4215 4472 4521 4746 4851 4852 4899 4922
174	13	109	2	84 91 193 232 276 318 354 464 551 610 721 1238 1247 1737 1823 1824 1941 1983 2163 2202 2632 2647 2717 2730 3052 3381 3394 3427 3524 3564 3803 3893 4001 4032 4102 4216 4291 4419 4500 4606 4722 4873 4980
189	19	28	2	54 66 304 397 404 582 770 933 1110 1411 1421 1512 1517 1580 1594 1972 1985 1989 2004 2032 2061 2220 2497 2501 2525 2663 2726 3143 3145 3173 3213 3329 3360 3570 3711 3825 4540 4620 4724 4736 4755 4764 4989
248	27	240	2	77 286 332 383 556 693 922 932 948 1027 1122 1181 1254 1262 1286 1358 1415 1743 1937 2035 2137 2215 2360 2522 2587 2623 2670 3040 3100 3197 3212 3289 3300 3396 3410 3421 3468 3529 3550 3554 3735 3885 3939 4091 4453
258	37	155	2	143 145 307 344 793 830 858 930 1135 1154 1156 1271 1301 1308 1467 1834 1867 2201 2296 2486 2492 2925 3032 3265 3409 3480 3498 3719 3889 4003 4109 4143 4169 4188 4423 4550 4674 4725 4747 4766 4921 4990
260	12	40	2	23 206 278 416 439 459 706 728 907 1078 1099 1138 1304 1455 1507 1565 1727 1804 2138 2153 2186 2259 2728 2804 3043 3126 3214 3284 3487 3492 3790 3795 3921 4344 4349 4427 4432 4467 4495 4677 4776 4891 4957
267	1	65	2	38 133 236 275 379 432 586 796 1172 1469 1636 1774 1895 2013 2014 2073 2427 2627 2666 2705 2800 2857 3049 3110 3184 3230 3416 3428 3451 3599 3673 3843 3850 3875 4173 4259 4561 4703 4715 4727 4824 4893 4894
289	7	62	2	46 99 309 359 533 542 868 1155 1417 1476 1577 1582 1744 1748 1885 2134 2236 2375 2394 2430 2681 2758 2798 2844 2869 2943 2979 3068 3376 3456 3467 3650 3770 3916 3950 3984 4289 4354 4568 4875 4983
363	33	201	2	98 129 160 176 215 226 501 580 853 931 987 1065 1221 1270 1350 1437 1516 1629 1689 1901 1987 2217 2229 2352 2441 2451 2737 2813 2899 3002 3335 3390 3563 3974 4166 4190 4343 4447 4532 4595 4796 4972
392	30	83	2	92 210 333 341 689 733 743 758 831 1082 1114 1184 1194 1264 1289 1591 1644 1672 1954 2151 2161 2230 2383 2674 2719 2884 2895 2913 3116 3121 3129 3146 3258 3649 3657 3692 3778 3781 3965 4016 4253 4459 4502 4564 4829 4958
469	28	98	2	313 430 462 554 652 670 985 994 1299 1525 1586 1614 1647 1697 1821 2069 2277 2320 2401 2415 2750 2926 3133 3211 3280 3297 3333 3368 3378 3475 3538 3613 3721 3944 4044 4062 4510 4615 4716 4735 4822 4876 4943
176	35	173	2	31 131 147 205 523 767 981 1043 1148 1222 1224 1336 1427 1453 1538 1709 1805 1846 1896 1898 2023 2064 2089 2222 2879 2922 2964 3067 3077 3193 3215 3326 3497 3527 3660 3947 4376 4406 4646 4890 4987 4991
200	25	227	2	73 212 345 377 848 1036 1038 1109 1125 1191 1201 1227 1349 1392 1626 1687 1890 2062 2139 2263 2293 2478 2494 2628 2722 2977 2997 3007 3272 3334 3386 3559 3668 3715 3999 4027 4036 4100 4141 4629 4761 4770 4855 4984
298	40	221	2	89 247 281 351 381 485 649 704 745 884 965 1351 1366 1474 1505 1656 1785 1851 2027 2178 2574 2731 2799 3018 3107 3151 3295 3514 3601 3695 3757 3765 3775 3788 3845 3968 4024 4030 4055 4158 4374 4681 4733 4849
370	2	202	4	105 145 182 585 630 637 674 683 771 836 899 969 1032 1239 1416 1511 1888 1923 1975 2302 2322 2398 2560 2782 2828 2940 3047 3166 3179 3199 3228 3249 3352 3647 3763 3954 4047 4059 4197 4371 4374 4839 4855 4944
395	15	237	4	58 75 87 125 264 274 365 461 474 656 764 797 812 851 902 1009 1181 1202 1212 1272 1325 1449 1716 1764 1929 1986 2213 2454 2526 2876 2889 3054 3118 3218 3251 3527 3741 3774 3814 4256 4319 4402 4436 4466 4559 4924
407	5	126	4	207 403 469 558 631 740 838 930 936 1125 1191 1309 1398 1426 1576 1617 1931 2037 2069 2076 2150 2382 2430 2726 2978 3261 3385 3576 3724 3945 3962 4067 4114 4199 4250 4452 4463 4705 4892 4965
144	32	7	4	183 301 325 445 480 520 733 823 870 890 963 967 1293 1446 1473 1574 1943 2179 2279 2358 2411 2425 2683 2790 2899 3093 3117 3268 3276 3288 3505 3526 3629 3752 3960 4010 4281 4303 4314 4459 4465 4536 4968 4979
157	29	3	4	147 436 592 617 777 876 891 1012 1233 1431 1566 1702 1815 1974 2026 2200 2305 2350 2493 2550 2603 2826 3005 3098 3186 3293 3296 3327 3585 3617 3631 3719 3931 4015 4220 4266 4362 4587 4763 4815
181	3	29	4	161 168 422 472 727 951 1079 1141 1193 1199 1217 1553 1618 1695 1936 1958 1984 2036 2171 2216 2308 2570 2583 3188 3223 3278 3408 3426 3433 3511 3760 3863 3983 3999 4430 4464 4783 4849 4980 4987 4989
306	23	222	4	192 322 353 545 573 721 728 825 1382 1465 1539 1570 1715 1842 1866 2057 2088 2136 2242 2318 2469 2485 2536 2677 2707 2743 2756 2807 2931 3409 3493 3503 3747 3978 4088 4136 4138 4152 4154 4219 4537 4716 4772
403	34	42	4	97 116 463 536 537 539 658 819 871 875 980 1004 1024 1471 1489 1691 1830 2105 2123 2128 2351 2458 2594 2859 3028 3214 3317 3365 3374 3692 3736 3793 3845 3967 4099 4120 4123 4470 4542 4974 4995
439	8	45	4	98 129 142 336 388 504 543 664 824 857 878 907 947 1198 1250 1454 1724 1767 1858 2020 2030 2101 2343 2354 2516 2903 3024 3096 3163 3171 3180 3234 3243 3518 3641 3697 4162 4242 4473 4841
444	11	154	4	107 148 149 153 342 344 402 424 557 600 639 688 701 766 770 904 1317 1361 1385 1656 1703 1798 1826 2005 2092 2138 2280 2400 2555 2778 2810 2834 2902 3187 3300 3380 3419 3423 3563 3609 3905 4336 4365
480	31	208	4	101 177 209 215 466 622 773 832 915 1091 1187 1352 1457 2265 2267 2473 2595 2598 2670 3114 3121 3137 3337 3607 3735 3785 3797 3820 4133 4153 4164 4201 4246 4251 4388 4521 4784 4940
122	9	63	4	78 335 458 487 698 711 787 788 854 898 1160 1372 1420 1445 1662 1820 2144 2210 2405 2815 2934 3040 3200 3539 3696 3768 3780 4145 4187 4267 4282 4286 4652 4659 4663 4770 4773 4821 4920
212	36	246	4	8 11 82 128 391 412 496 820 905 982 1018 1044 1182 1222 1621 1630 1684 1690 1901 2067 2182 2412 2414 2525 2662 2680 3022 3044 3055 3065 3067 3216 3292 3395 3424 3514 3714 4247 4264 4514 4628 4757 4790 4886 4959
216	10	96	4	212 228 319 593 778 786 821 843 912 1103 1567 1629 1685 1778 1860 2009 2045 2072 2108 2208 2379 2423 2457 2829 2937 2981 3174 3298 3373 3375 3593 3916 3928 3992 4115 4142 4182 4432 4446 4586 4786 4796 4846 4996
251	22	50	4	34 110 172 271 634 679 708 846 955 958 964 1263 1337 2016 2033 2056 2186 2274 2559 2562 2578 2675 2939 3152 3205 3653 3791 4030 4087 4170 4186 4433 4475 4528 4747 4782
283	38	66	4	195 249 282 855 880 886 888 984 1066 1223 1277 1374 1605 1670 1982 2002 2156 2489 2527 2530 2534 2547 2749 2793 2841 2890 2945 3210 3425 3446 3532 3542 3546 3567 3582 3625 4084 4206 4489 4802
336	39	46	4	16 415 723 828 877 999 1236 1295 1391 1598 1645 1693 1704 1781 1872 2159 2192 2199 2269 2353 2402 2499 2557 2558 3078 3237 3377 3401 3463 3467 3499 3540 3605 3670 3856 3893 3948 4033 4560 4690 4758 4918 4985 4986
465	16	11	4	65 278 298 364 595 712 881 893 989 1156 1230 1310 1364 1493 1626 1681 1813 1827 1951 2058 2125 2251 2370 2730 3148 3404 3412 3530 3708 3749 3871 3922 4011 4024 4414 4498 4506 4541 4624 4634 4662
5	26	147	4	268 421 473 550 868 933 939 994 1169 1386 1388 1740 1752 1835 1965 1973 2042 2220 2373 2440 2491 2523 2535 2769 2982 3104 3207 3600 3633 3680 3899 3973 4020 4035 4068 4161 4236 4487 4507 4512 4669
31	17	144	4	6 243 261 339 367 484 493 775 865 1061 1235 1403 1486 1505 1519 2221 2436 2521 2576 2723 2732 2949 3146 3302 3355 3441 3464 3528 3588 3601 3840 3924 4071 4320 4482 4500 4501 4732
51	18	48	4	13 331 453 454 497 546 590 724 853 943 1052 1111 1120 1184 1238 1318 1456 1532 1628 1867 1941 2084 2135 2239 2327 2762 2959 2976 2996 3043 3066 3142 3416 3461 3466 3807 3824 3934 4049 4117 4341 4643 4838
67	20	59	4	408 475 521 874 1083 1138 1157 1265 1613 1773 1843 1874 1964 2063 2203 2253 2254 2476 3006 3062 3120 3259 3555 3650 3656 3836 4016 4079 4101 4296 4389 4510 4530 4546 4867 4889
73	14	37	4	131 189 530 532 575 666 802 916 1139 1159 1163 1353 1378 1575 1914 2062 2083 2145 2291 2427 2432 2447 2513 2989 3023 3164 3558 3640 3781 3906 3946 4391 4397 4403 4471 4504 4698 4743 4883 4901
172	21	120	4	29 141 586 1051 1205 1214 1270 1460 1654 1792 1937 2117 2264 2304 2329 2461 2601 2637 2656 2776 2794 2800 3020 3074 3455 3488 3549 3767 3953 3964 4051 4130 4146 4476 4477 4548 4799 4868
220	6	92	4	311 321 438 478 807 945 1393 1464 1522 1732 1783 1816 2163 2667 2802 2853 2867 2916 2943 2993 3128 3235 3280 3344 3383 3685 3689 3874 3884 3896 4132 4148 4218 4224 4280 4513 4691 4837
228	13	24	4	66 211 255 420 468 531 689 861 981 1001 1215 1342 1661 2071 2081 2102 2103 2218 2232 2266 2452 2503 2512 2605 2822 2900 3102 3434 3509 3701 3879 3940 4022 4189 4283 4377 4739 4830 4956 4958
270	19	133	4	76 138 218 236 359 366 369 428 501 580 587 591 651 760 979 1080 1108 1305 1557 1603 1779 1852 1864 1875 2124 2349 2582 2825 2877 2906 2926 3080 3217 3240 3244 3336 3440 3484 3668 3707 3917 4285 4795
322	27	64	4	20 69 109 119 164 217 370 895 1168 1227 1335 1441 1588 1611 1640 1665 1718 1760 2204 2577 2634 2788 2923 3103 3107 3177 3270 3314 3387 3436 3520 3565 3666 3888 3944 4005 4076 4793 4844 4866 4943 4982
364	37	161	4	5 349 551 791 897 919 962 996 1003 1070 1452 1529 1558 1581 1646 1700 1911 1959 2050 2189 2194 2198 2328 2333 2339 2378 2386 2655 2744 2748 2865 2960 3131 3193 3245 3301 3396 3431 3753 3816 4104 4405 4590 4656 4949
378	12	67	4	26 54 221 290 470 492 827 900 1034 1151 1269 1273 1326 1383 1476 1648 1736 2034 2272 2275 2409 2622 2654 2691 2913 2958 3090 3191 3321 3538 3716 3878 3920 4063 4065 4515 4637 4816 4826 4898
418	1	205	4	241 269 275 426 841 873 1011 1134 1216 1345 1410 1480 1555 1689 1869 1910 2107 2235 2341 2385 2456 2477 2517 2689 2760 2786 2801 2833 2955 3089 3421 3465 3626 3628 3901 3963 4037 4060 4139 4169 4339 4620
421	7	199	4	238 251 292 332 405 442 894 1167 1343 1412 1599 1658 1721 1749 1870 1876 1985 2162 2214 2608 2646 2740 2795 2921 2967 3086 3149 3151 3282 3442 3445 3560 3624 3811 3846 4004 4080 4401 4486 4632 4775 4792
450	33	127	4	159 323 514 758 782 809 818 935 990 1074 1090 1106 1339 1556 1722 1774 1786 1954 2323 2326 2553 2696 2763 2789 2832 2909 2936 2998 3029 3161 3353 3366 3438 3473 3536 3579 3883 3895 4268 4364 4478 4640
500	30	79	4	401 642 646 649 672 702 892 1183 1292 1322 1407 1536 1688 1745 1817 1921 1962 2191 2359 2401 2465 2533 2671 2733 2806 2878 2895 2974 3015 3348 3450 3765 3830 3969 4098 4227 4243 4395 4916 4927
21	28	192	4	4 93 132 162 230 254 541 599 635 730 1087 1232 1240 1266 1338 1371 1384 1487 1498 1504 2019 2029 2711 2918 3026 3335 3569 3672 3801 3849 3890 3907 3926 3941 4183 4271 4468 4571 4706 4712 4768 4833
45	35	195	4	139 158 214 226 525 554 556 909 1132 1280 1455 1462 1582 1641 1763 1787 1913 1949 2193 2300 2765 2854 2985 3063 3095 3129 3222 3299 3506 3929 4014 4096 4127 4208 4305 4396 4859
75	25	111	4	68 270 338 410 709 716 856 1060 1148 1447 1647 1828 1967 1994 2068 2097 2233 2299 2337 2348 2716 2792 3428 3470 3537 3786 3812 3980 4244 4288 4312 4355 4375 4411 4472 4491 4511 4525 4730 4819 4913 4919
86	40	160	4	59 320 577 655 850 908 952 1105 1165 1346 1538 1698 1734 1832 2165 2188 2196 2259 2462 2818 2827 2896 3185 3444 3492 3597 3598 3721 3730 3751 3822 4064 4195 4291 4661 4952
104	4	175	6	62 186 189 217 320 326 575 579 697 838 865 1171 1238 1340 1738 2089 2234 2501 2583 2600 2659 2843 3199 3318 3407 3448 3458 3472 3473 3572 3586 3648 3717 3732 3857 3943 4149 4303 4479 4740 4799 4800 4846
142	24	32	6	272 285 314 330 393 610 617 996 1111 1117 1212 1355 1531 1681 1756 1902 2055 2093 2106 2113 2181 2339 2624 2713 2825 3322 3425 3435 3521 3784 3799 3876 4045 4218 4228 4315 4771 4923
147	2	99	6	91 442 572 583 585 691 808 870 875 1150 1267 1395 1777 1983 1989 2210 2219 2238 2378 2611 2620 2785 2810 2857 2968 3008 3148 3329 3617 3647 3683 3794 3800 3809 3921 3948 4021 4180 4183 4308 4749 4826
180	15	72	6	111 233 265 348 859 897 947 1023 1092 1512 1671 1787 1839 1931 2038 2890 2937 3010 3121 3534 3580 3587 3598 3704 3758 3793 3838 3953 4006 4057 4096 4114 4208 4306 4403 4431 4476 4520 4522 4565
192	5	196	6	171 341 440 554 626 725 950 1001 1083 1088 1169 1246 1519 1532 1766 1871 1889 1969 2111 2147 2392 2615 2627 2679 2758 2999 3115 3142 3227 3271 3395 3422 3744 3971 4140 4163 4316 4384 4445 4546 4701 4729 4839 4861 4922
224	32	180	6	868 986 1048 1116 1197 1257 1290 1559 1699 1759 1885 2052 2125 2160 2250 2273 2313 2525 2784 2866 3046 3206 3220 3317 3325 3488 3515 4128 4172 4198 4207 4265 4332 4704 4760 4772 4860 4968
234	29	172	6	41 113 142 185 351 458 490 633 700 990 1174 1198 1310 1448 1618 1833 1864 1940 1951 2095 2118 2131 2268 2278 2560 2630 3030 3094 3253 3381 3401 3731 3805 3815 3897 4041 4058 4078 4305 4451 4466 4670 4671 4876
236	3	151	6	35 166 215 576 672 696 1075 1142 1202 1205 1360 1629 1948 1953 2006 2120 2182 2341 2374 2436 2504 2511 2757 2780 2833 2883 3101 3128 3138 3177 3197 3559 3697 3702 3755 3811 3994 4066 4244 4539 4569
256	23	146	6	99 155 238 399 415 444 494 831 883 1016 1577 1678 1891 1998 2135 2329 2513 2783 3182 3298 3352 3404 3526 3602 3680 3818 3826 3922 4110 4137 4379 4448 4511 4582 4778 4789 4903 4916 4927 4936 4992
269	34	51	6	129 471 557 771 1040 1099 1273 1505 1515 1539 1598 1640 1697 1912 2104 2316 2333 2388 2474 2502 2567 2661 2702 2721 2953 3173 3336 3350 3408 3516 3659 3712 3736 3787 3860 3969 4294 4333 4338 4493 4526 4737 4762 4834
353	8	56	6	70 86 222 293 759 790 849 907 1122 1260 1337 1411 1641 1926 2188 2192 2251 2270 2350 2414 2460 2505 2739 2920 2991 3065 3172 3226 3319 3338 3504 3537 3733 3911 3914 4002 4623 4703 4761
368	11	44	6	135 165 402 421 667 850 970 993 1240 1247 1305 1329 1414 1543 1822 2087 2387 2391 2478 2593 2754 2858 3053 3090 3096 3129 3343 3373 3393 3451 3567 3766 4039 4099 4193 4485 4656 4782 4830 4884
376	31	240	6	114 273 353 428 475 560 562 565 981 1028 1058 1300 1416 1516 1657 1690 1762 1836 1894 2073 2112 2197 2372 2467 2556 3032 3047 3058 3146 3244 3365 3470 3611 3632 3646 3674 3867 4064 4295 4642 4719 4906
377	9	221	6	29 55 97 229 342 453 614 826 842 973 984 1104 1278 1338 1659 1660 1714 1812 1937 2398 2658 2773 2854 2891 3014 3134 3205 3831 3872 3951 3990 4055 4062 4095 4119 4161 4534 4604 4690 4929
423	36	53	6	16 145 176 303 347 368 627 645 707 720 910 1059 1183 1428 1564 1670 1972 2034 2097 2389 2393 2418 2649 2849 2882 2942 2949 3127 3326 3479 3681 3694 3865 3958 3997 4019 4081 4537 4647 4744 4812 4832
488	10	48	6	274 405 416 418 455 513 571 669 926 1022 1277 1393 1450 1460 1463 1610 1868 1977 2007 2137 2241 2352 2394 2597 2793 2838 2922 2973 3076 3097 3254 3556 3618 4090 4177 4268 4515 4786 4852
12	22	217	6	108 149 246 254 629 640 721 855 911 1201 1244 1362 1377 1702 1736 1981 2109 2119 2265 2407 2440 2537 2559 2579 2598 2676 2788 2823 2971 2990 3089 3457 3518 3790 4034 4257 4507 4590 4896
23	38	162	6	54 243 266 394 425 566 600 675 899 959 1037 1054 1112 1284 1538 1541 1556 1582 1712 1831 2027 2257 2360 2506 2547 2735 2778 2851 3295 3439 3645 3822 3982 4113 4324 4336 4392 4695 4745 4984
27	39	159	6	267 419 534 634 661 681 882 1130 1141 1336 1445 1560 1623 1688 1709 2191 2426 2428 2500 2514 2572 2670 2938 2978 3505 3513 3613 3641 3885 3964 4026 4032 4195 4339 4423 4551 4676 4975
70	16	40	6	1 26 271 278 337 350 380 413 489 937 1280 1509 1529 1548 1620 1782 1794 1806 1910 2242 2292 2332 2464 2717 2748 2877 3157 3260 3412 3708 3836 3873 3883 3915 3946 4070 4162 4377 4694 4838 4863 4908
81	26	150	6	28 85 119 121 181 250 390 530 577 738 768 854 881 1140 1751 1793 1844 1870 2248 2320 2367 2566 2633 3135 3236 3388 3606 3685 3739 3768 4181 4233 4307 4352 4576 4652 4909 4981 4997
83	17	234	6	202 389 1041 1087 1196 1405 1433 1522 1746 1811 1922 2200 2267 2421 2496 2623 2814 2900 2915 3099 3275 3292 3367 3403 3649 3713 3725 3753 3806 3842 4215 4217 4219 4220 4276 4292 4354 4404 4474 4944 4950
108	18	45	6	24 53 56 160 184 355 1138 1228 1380 1387 1394 1423 1540 1662 1966 2126 2201 2469 2543 2599 2678 2888 2957 3162 3221 3262 3354 3355 3413 3594 3780 3973 4056 4373 4570 4578 4628 4769 4901
110	20	6	6	94 294 392 480 487 533 574 737 805 1072 1157 1234 1250 1533 1553 1901 2150 2202 2355 2442 3037 3042 3077 3133 3222 3390 3405 3417 3627 3868 4089 4159 4340 4609 4673 4857 4888 4971 4985 4994
126	14	131	6	104 427 430 527 848 1089 1119 1222 1276 1279 1348 1497 1724 1798 1838 1847 2070 2164 2205 2306 2432 2536 2605 2767 2860 3018 3050 3389 3756 3903 3909 3977 4166 4572 4621 4702 4731 4784 4878 4987
128	21	112	6	25 515 520 677 741 816 867 988 1095 1156 1221 1239 1407 1444 1467 1784 2230 2357 2383 2616 2958 3011 3024 3111 3496 3728 3913 4100 4327 4343 4487 4540 4555 4631 4686 4970
254	6	204	6	315 328 388 457 655 716 757 762 1057 1079 1147 1282 1376 1379 1523 1602 1665 1672 1737 1765 1944 1964 2161 2337 2510 2650 2759 2797 2832 2992 3124 3154 3179 3208 3461 3690 3871 3896 4601 4607 4698 4829
263	4	131	8	147 178 340 696 813 884 1016 1036 1176 1217 1304 1421 1501 1661 1699 1772 1808 1879 1891 1954 1996 2080 2129 2285 2429 2453 2567 3327 3427 3640 3670 3852 3918 3923 4204 4445 4802 4824 4888 4903 4976
310	13	94	6	198 223 452 613 792 1020 1061 1193 1223 1385 1475 1804 1916 2085 2213 2386 2405 2422 2431 2592 2774 2901 2951 3078 3305 3308 3310 3334 3356 3525 3551 3644 3650 3706 3742 3777 4011 4190 4312 4532 4672 4750
318	19	145	6	52 115 204 463 546 637 1026 1081 1334 1404 1648 1735 1758 2064 2122 2159 2177 2359 2419 2545 2646 2698 2787 2820 2840 2895 3026 3156 3782 4053 4391 4408 4442 4444 4943 4958
337	27	101	6	232 414 476 508 789 1219 1370 1552 1612 1645 1856 1992 2040 2211 2342 2445 2492 2503 2706 2746 2821 2831 2872 2940 2947 2986 2998 3060 3219 3300 3360 3520 3653 3734 3877 3940 3942 4413 4436 4497 4617 4622 4827 4938
355	37	137	6	209 307 719 731 750 811 1144 1248 1346 1366 1715 1849 1869 1999 2124 2185 2364 2457 2463 2491 2604 2652 2673 2822 2987 3064 3175 3340 3382 3414 3418 3552 3576 3635 3762 4396 4469 4477 4574 4828 4851
387	12	212	6	106 128 144 658 748 763 860 956 1328 1440 1896 1942 2239 2253 2437 2561 2644 2924 3057 3137 3155 3201 3309 3378 3600 3636 3879 4048 4069 4075 4086 4147 4200 4353 4375 4682 4696 4806 4821 4850
435	1	17	6	36 77 123 256 261 417 505 603 632 636 706 1025 1100 1175 1184 1189 1313 1449 1492 1589 1723 1918 1919 2094 2140 2221 2226 2509 2569 2648 3017 3151 3396 3631 3895 3898 4017 4452 4519
445	7	166	6	317 395 754 840 853 974 1158 1245 1287 1534 1544 1796 1818 1961 2157 2167 2284 2287 2765 2855 2862 2946 3255 3476 3536 3622 3667 3812 3823 3843 3992 4043 4144 4156 4157 4187 4368 4405 4611 4666 4759
451	33	41	6	72 323 400 474 559 862 1114 1166 1211 1306 1451 1692 1788 1930 2069 2209 2331 2376 2380 2427 2714 2722 2876 2994 3164 3312 3428 3432 3578 3585 3610 3655 3747 3817 3886 4020 4023 4651 4842 4905 4942
460	30	168	6	39 103 462 551 678 886 934 945 1192 1347 1583 1707 1802 1939 2081 2155 2456 2458 2643 2677 2703 2724 2731 2885 3070 3139 3163 3186 3270 3531 3727 3764 3930 4313 4459 4529 4584 4596 4660
483	28	92	6	95 133 137 552 814 836 872 1055 1375 1431 1551 1753 1813 1952 1984 2180 2252 2323 3071 3250 3574 3615 3892 3962 4007 4042 4139 4185 4226 4297 4409 4502 4545 4591 4773 4887 4955
11	35	39	6	18 42 170 241 264 409 549 673 674 736 915 987 1056 1073 1298 1426 1639 2001 2429 2433 2653 2689 2749 3187 3268 3332 3400 3410 3484 4025 4105 4262 4335 4346 4464 4579 4605 4667 4692 4798 4841 4988
17	25	24	6	3 200 205 245 269 372 606 806 1021 1163 1203 1258 1479 1499 1506 1567 1721 1821 1837 1859 2016 2022 2310 2379 2712 2756 2916 2970 2982 3167 3243 3409 3541 3864 3932 4036 4146 4266 4275 4426 4580
28	40	183	6	7 120 228 376 544 953 1033 1103 1121 1281 1406 1590 1613 1615 1774 1855 2129 2151 2236 2462 2473 2617 2640 2738 2981 3005 3055 3264 3543 3699 3783 4194 4378 4381 4583 4708 4855 4865 4919
68	24	151	8	13 78 189 239 582 630 728 795 1206 1358 1554 1565 1625 1813 1942 2184 2302 2329 2345 2564 2770 3109 3346 3544 3621 3628 3654 4001 4150 4154 4252 4320 4330 4461 4638 4681 4895
87	2	229	8	262 283 310 385 756 1193 1314 1391 1496 1633 1650 1792 1795 1850 1976 2049 2343 2507 2649 2664 2683 2950 2956 3019 3202 3339 3399 3531 3737 3823 3870 4401 4407 4413 4438 4450 4523 4596 4641 4659 4685 4761
90	15	150	8	699 718 772 817 1025 1323 1325 1476 1480 1502 1560 1953 2317 2415 2496 2912 2987 2990 3131 3167 3210 3267 3397 3398 3440 3523 3700 3703 3766 3824 3860 3972 3987 4090 4255 4456 4914 4988
118	5	139	8	118 229 303 398 1240 1313 1390 1628 1659 1862 2013 2109 2159 2176 2247 2544 2733 2816 2842 2881 3098 3188 3382 3406 3409 3527 3727 3812 3899 3938 4139 4244 4405 4594 4684 4696 4801 4959
124	32	140	8	111 295 356 546 558 629 993 1109 1144 1166 1494 1500 1674 1858 2110 2148 2233 2376 2385 2598 2621 2841 3005 3194 3372 3423 3429 3547 3604 3630 3649 3778 3855 4273 4290 4293 4348 4648 4682 4715 4894
149	29	219	8	294 606 1006 1127 1168 1237 1528 1599 1855 1955 2060 2311 2428 2611 2615 2661 2784 2854 3040 3320 3345 3486 3721 3814 4077 4112 4137 4142 4203 4217 4243 4257 4328 4520 4643 4672 4734 4757 4835 4952
156	3	165	8	71 191 422 440 670 714 801 1539 1606 1966 2094 2260 2443 2487 2515 2631 2678 2710 2773 3139 3168 3226 3246 3274 3332 3738 3858 4173 4198 4207 4377 4383 4410 4431 4465 4546 4561 4569 4591 4930
233	23	25	8	177 209 411 548 667 734 786 918 1066 1418 1564 1573 1641 1900 2010 2011 2145 2250 2308 2654 2697 3043 3143 3449 3506 3631 3785 3786 3813 3878 3969 3978 4070 4072 4113 4284 4477 4513 4706 4854 4973
241	34	158	8	63 122 319 354 413 530 807 832 869 905 1113 1196 1526 1569 1839 1860 1934 2054 2068 2195 2206 2542 2748 2790 2918 3015 3273 3371 3442 3519 3801 4037 4046 4052 4111 4161 4305 4434 4623 4626
278	8	163	8	244 279 345 358 395 528 683 686 769 814 836 931 1204 1547 1557 1578 1892 1895 2201 2258 2382 2498 2648 2687 2771 2797 2936 2951 2982 3075 3466 3716 3802 4129 4212 4614 4625 4701 4897 4972
305	11	132	8	38 95 149 154 525 889 1057 1181 1207 1521 1587 1601 1707 1708 1861 2152 2447 2535 2555 2845 2883 3023 3287 3420 3476 3711 3838 3875 3917 4040 4097 4155 4236 4248 4442 4639 4907 4974
309	31	97	8	83 201 407 507 508 679 735 753 920 986 1357 1440 1563 1694 1946 2018 2039 2061 2150 2202 2467 2505 2593 2824 2856 2910 3092 3128 3158 3220 3548 3639 3744 3772 3775 3782 3955 4327 4762 4805 4872
319	4	163	10	40 600 899 1077 1090 1175 1367 1527 1547 1603 1764 1770 1785 2014 2203 2475 2486 2519 2530 2718 2855 2952 3072 3106 3214 3394 3866 3882 3883 3892 3926 3941 4259 4480 4757 4818 4882
350	9	230	8	126 216 238 260 271 406 498 622 693 835 1046 1068 1120 1153 1249 1256 1400 1527 1660 1889 2036 2052 2118 2459 3007 3422 3445 3550 3583 3805 3848 4092 4093 4454 4474 4529 4616 4840 4923
358	36	197	8	1 112 231 566 567 650 747 787 974 978 1169 1258 1264 1287 1422 1593 1852 1936 1997 2147 2332 2338 2408 2612 2827 2847 3100 3299 3329 3386 3492 3515 3709 3806 3873 3959 4188 4201 4844 4887
374	10	226	8	51 386 394 428 635 894 1022 1095 1235 1268 1411 1437 1723 2040 2099 2373 2569 2693 2899 3082 3086 3243 3443 3451 3555 3600 3748 4028 4030 4108 4162 4285 4683 4751 4810 4834 4880
397	22	162	8	11 249 270 502 555 615 676 805 834 897 928 992 1031 1070 1335 1374 1430 1516 2126 2268 2553 2675 3343 3349 3745 4148 4259 4309 4544 4624 4717 4718 4811 4916 4917 4922
400	38	201	8	140 142 315 452 673 1600 1645 2066 2100 2187 2284 2473 2762 2852 2871 2898 3059 3070 3097 3249 3479 3497 3524 3611 3681 3708 4013 4051 4118 4224 4227 4287 4333 4374 4388 4426 4602 4742 4782 4970
427	39	78	8	357 455 480 536 685 1088 1089 1300 1382 1487 1619 1776 1802 1854 1865 1982 2072 2319 2435 2512 2848 2874 2914 2932 2955 2959 3295 3361 3562 3569 4082 4163 4411 4558 4564 4651 4702 4889
446	16	207	8	17 32 218 237 257 318 320 573 599 953 1189 1271 1506 1570 1592 1941 2230 2742 3026 3079 3093 3120 3448 3470 3770 3776 3839 4002 4039 4063 4067 4389 4467 4471 4552 4694 4744 4819
475	26	243	8	652 671 796 1321 1459 1477 1671 1787 1845 2034 2143 2155 2169 2410 2472 2486 2640 2646 2886 2989 3014 3108 3231 3315 3347 3373 3446 3696 3713 3752 3815 3885 3897 3909 4280 4308 4337 4347 4666 4775
476	17	182	8	152 374 382 420 468 711 781 929 1042 1404 1712 1818 1867 1930 2076 2140 2436 2478 2572 2672 2689 2740 2794 3061 3117 3257 3270 3377 3468 3496 3710 3743 4062 4311 4324 4350 4580 4951 4965
482	18	102	8	459 829 871 1107 1366 1432 1826 1841 1905 2012 2154 2189 2243 2261 2293 2296 2304 2394 2494 2620 2633 3487 3689 3819 3832 3859 3911 4107 4262 4283 4318 4372 4390 4402 4443 4547 4589 4652 4699
486	20	89	8	55 76 114 167 290 553 648 651 1081 1083 1099 1250 1417 1443 1514 2063 2225 2326 2335 2521 2596 2724 2801 2812 3029 3032 3063 3228 3705 3757 3777 3937 3940 4138 4179 4267 4300 4554 4575 4593 4822 4885
494	14	149	8	42 349 351 664 680 810 828 1001 1115 1339 1353 1561 1683 1695 1815 2289 2306 2349 2389 2434 2446 2500 2590 2799 2811 2828 3106 3180 3277 3288 3707 3764 3810 3926 4180 4277 4351 4486 4543 4886
13	21	65	8	136 157 162 533 616 653 697 722 736 778 779 867 1033 1187 1483 1677 1726 2282 2390 2481 2577 2592 3080 3094 3436 3676 3986 4045 4274 4292 4298 4357 4512 4585 4597 4692 4768 4793 4860 4869
15	6	36	8	74 121 524 614 715 858 911 939 944 1010 1270 1439 1451 1488 1489 1595 2057 2078 2112 2347 2381 2449 2552 2737 2864 3165 3507 3612 3651 3685 3693 4123 4297 4504 4549 4658 4804
18	13	41	8	47 69 86 224 429 431 458 495 1094 1158 1170 1236 1303 1333 1532 1609 1742 1991 2032 2226 2576 2690 2746 2876 2960 2975 3003 3017 3195 3291 3863 3944 4234 4457 4670 4720
97	19	227	8	156 268 325 331 333 423 469 481 511 604 744 1026 1104 1259 1344 1389 1544 1571 1904 1921 1925 2384 2442 2595 2671 2702 2739 3113 3135 3623 4202 4223 4345 4379 4553 4604
101	27	183	8	2 9 328 426 486 531 588 659 760 876 976 1174 1233 1312 1349 1388 1395 1546 2015 2028 2043 2095 2103 2130 2220 2540 2897 3162 3439 3494 3522 3658 3956 4098 4325 4346 4406 4489 4799
146	37	244	8	7 31 40 188 375 392 641 692 742 751 815 842 879 1007 1386 1470 1518 1701 1706 1724 1814 1992 2023 2038 2803 2919 3187 3223 3269 3535 3542 3967 4422 4462 4464 4510 4548 4565
148	12	195	8	117 131 306 466 657 710 824 949 969 1002 1040 1163 1402 1550 1572 1711 2538 2543 2651 2665 3224 3266 3289 3483 3484 3545 3560 3647 3656 3844 3984 3990 4091 4094 4355 4758 4826 4865 4942
150	1	174	8	327 644 839 902 1279 1397 1472 1481 1632 1769 1922 1999 2046 2048 2119 2194 2493 2529 2565 2632 2760 2986 2996 3154 3219 3306 3333 3357 3460 3501 3567 3763 3896 4012 4022 4164 4210 4439 4710 4748 4896
164	7	71	8	180 316 601 638 642 864 977 1510 1636 1662 1700 1722 1758 1803 1883 2146 2212 2262 2499 2642 3064 3233 3513 3722 3724 3827 3856 3975 3988 4074 4165 4167 4199 4369 4451 4539 4595 4992
171	33	193	8	5 36 198 210 240 287 388 482 826 1173 1208 1302 1482 1536 1626 1713 1725 1751 1965 2005 2207 2227 2585 2623 3309 3368 4191 4247 4266 4306 4501 4695 4732 4825
253	30	58	8	299 716 777 837 1261 1289 1377 1385 1394 1511 1607 1993 1998 2047 2073 2092 2111 2114 2209 2232 2324 2363 2393 2519 2908 3066 3105 3324 3344 3405 3593 3749 4272 4342 4444 4488 4605 4765 4784 4948
334	28	167	8	64 128 176 187 235 251 301 350 539 563 1008 1077 1343 1492 1495 1915 1950 2091 2236 2604 2619 2913 3006 3134 3278 3322 3606 3642 3803 4015 4080 4081 4222 4795 4883 4905
335	35	211	8	414 492 523 598 607 626 925 955 1714 1909 1958 2089 2142 2183 2579 2688 2706 2915 2965 3197 3212 3236 3834 3842 3976 4049 4073 4088 4174 4175 4231 4256 4303 4394 4640 4929 4947 4950 4969
346	25	88	8	225 371 494 619 873 1112 1159 1365 1466 1642 1676 1717 1771 1929 1975 2024 2257 2267 2492 2723 2745 2849 3054 3087 3102 3144 3176 3379 3633 3761 3982 4048 4258 4752 4792
422	24	226	10	522 596 752 880 989 1133 1185 1188 1200 1214 1317 1509 1739 1826 1878 1946 2228 2354 2439 2537 2744 2896 2907 2911 3270 3325 3408 3452 3453 3502 3828 3895 3955 4016 4018 4088 4387 4561 4586 4620
449	40	17	8	529 605 823 833 877 878 895 914 946 1242 1473 1622 1692 1752 1912 1989 2008 2695 3160 3437 3826 3883 3925 3936 4151 4265 4435 4437 4449 4516 4764 4876 4881 4927 4986
489	2	182	10	17 22 50 161 256 544 707 755 806 906 1164 1199 1362 1600 1699 1747 1807 1968 2108 2304 2451 2580 2616 3048 3084 3184 3328 3422 3794 3942 4052 4085 4210 4361 4408 4495 4654 4776
495	15	172	10	10 166 193 430 813 1025 1080 1132 1263 1353 1796 2005 2010 2090 2154 2254 2366 2378 2534 2698 2762 2867 2872 3220 3330 3349 3381 3477 3535 3583 3627 3832 3989 4190 4216 4412 4670 4775 4871
2	5	138	10	30 98 105 116 143 163 283 348 492 587 937 943 1008 1054 1781 1882 1910 1914 1948 2091 2106 2260 2309 2334 2434 2759 2953 2957 3045 3282 3676 3741 3860 4245 4345 4643 4650
3	32	69	10	3 12 342 367 379 446 465 726 956 963 988 1583 1589 1649 1767 1929 2146 2157 2344 2465 2599 2735 2805 2983 3123 3237 3522 3677 3712 3728 3867 3995 4697 4699
4	29	193	10	210 278 349 411 621 645 739 741 797 1143 1429 1585 1673 1832 1875 2136 2285 2620 2651 2664 2682 2827 3065 3111 3112 3233 3350 3441 3613 3862 4233 4311 4378 4394 4854 4870 4975
25	3	142	10	176 194 519 548 936 1663 1679 1691 1741 1755 1782 1803 2019 2036 2152 2497 2522 2547 2809 2818 3150 3175 3207 3507 3607 3651 3927 3978 3991 4050 4129 4347
48	23	245	10	171 248 261 456 526 804 885 1013 1574 1809 1947 2176 2191 2287 2290 2550 2608 2657 2713 2777 2811 2954 3075 3101 3162 3261 3286 3362 3459 3688 3904 4008 4187 4278 4315 4914
103	34	54	10	118 200 275 378 612 636 701 905 1275 1286 1291 1528 1621 1949 1951 2011 2066 2158 2205 2249 2721 3122 3280 3539 3561 3565 3683 3743 3765 3931 3960 4027 4093 4268 4368 4380 4624 4701 4839
106	8	18	10	92 112 115 122 213 373 618 712 723 763 890 1136 1248 1269 1381 1479 1541 1653 1990 2171 2220 2317 2979 2982 3038 3251 3275 3393 3657 3669 3864 3923 4655 4679 4834 4888 4899
111	11	109	10	190 277 437 513 690 785 846 1047 1123 1148 1318 1587 1748 1771 1887 1995 2047 2315 2387 2691 2968 2976 3071 3125 3195 3340 3392 3602 3929 4007 4056 4438 4449 4481 4569 4797 4925 4930 4946
113	31	81	10	85 395 545 897 928 1002 1036 1267 1568 1616 1684 1693 1708 1865 1989 2082 2162 2255 2324 2403 2424 2612 2710 2828 2940 3227 3455 3588 3937 4049 4235 4386 4606 4657 4739 4748 4787 4860
145	9	23	10	71 322 346 424 730 749 867 896 1004 1241 1273 2009 2346 2445 2463 2495 2645 2660 2753 2834 3221 3284 3419 3485 3549 3562 3656 3745 3788 3888 3899 3966 4289 4404 4842 4909 4924
158	36	192	10	186 308 387 390 581 593 608 783 784 848 910 953 1122 1127 1137 1220 1258 1469 1491 1498 1926 2077 2107 2118 2259 2397 2483 2584 2658 2781 3375 3437 3516 3720 4043 4461 4935 4936
195	10	215	10	273 414 441 464 663 930 944 1232 1281 1294 1340 1348 1373 1718 1784 1889 2033 2100 2273 2511 2588 2622 3060 3172 3512 3563 3687 3690 3874 4398 4400 4601 4623 4807 4858
196	4	23	12	46 168 184 480 562 598 773 1016 1121 1257 1715 1763 1848 1959 2007 2082 2361 2484 2584 2678 2822 3047 3198 3349 3394 3598 3609 3638 3728 3870 4106 4205 4274 4435 4789
202	22	106	10	181 321 734 743 854 968 1210 1229 1361 1419 1590 1634 1744 1828 2134 2303 2361 2393 2417 2749 2752 2874 2948 2966 2999 3608 3976 4301 4375 4388 4417 4597 4653 4847
205	38	95	10	96 111 152 172 502 691 807 1131 1191 1427 1537 1545 1706 1799 2189 2269 2338 2438 2604 2703 3022 3037 3119 3272 3475 3585 3626 3984 4001 4038 4117 4323 4437 4711 4752 4967 4971
235	39	228	10	153 223 286 335 448 471 518 985 1085 1194 1337 1432 1449 1457 1460 1824 1922 1939 1953 1959 2001 2039 2156 2197 2272 2887 2972 2978 3153 3168 3290 3358 3592 3604 3733 3998 4619 4700 4814 4915
275	16	239	10	13 258 403 532 535 615 706 760 962 1045 1049 1051 1055 1264 1775 2099 2112 2238 2351 2398 2498 3057 3222 3359 3463 3474 3530 3648 3723 3842 4059 4284 4425 4469 4562 4813 4861 4878
279	26	210	10	103 288 514 525 800 939 957 1074 1101 1359 1481 1486 1745 1751 1884 1977 2264 2270 2485 2500 2554 2669 2994 3027 3182 3442 3493 3509 3543 3617 3824 4349 4663 4693 4864
292	17	167	10	180 360 744 745 856 869 1050 1119 1326 1342 1456 1940 1945 1962 2078 2168 2201 2244 2520 2557 2764 3266 3525 3571 3597 3678 3782 3889 3949 3961 3980 4074 4541 4550 4687
294	18	137	10	19 28 67 306 391 451 769 791 833 958 959 964 1048 1118 1180 1282 1288 1368 1369 1783 1815 1821 1840 1906 2813 2902 3024 3039 3170 3242 3872 3969 4184 4270 4466 4725 4850 4875 4997
343	20	56	10	120 268 433 843 852 883 995 1124 1171 1518 1524 1536 1554 1965 2041 2064 2085 2174 2337 2504 2702 2769 2821 2837 2846 3034 3077 3312 3506 3581 3831 3884 3887 3896 4144 4193 4271 4492
344	14	16	10	167 328 340 385 392 429 507 563 625 720 754 970 1014 1319 1371 1458 2102 2506 2562 2637 2843 3000 3042 3529 3650 3928 4121 4275 4290 4350 4518 4521 4576 4625 4726 4738 4872
345	21	25	10	37 79 81 436 682 697 716 886 1035 1153 1192 1531 1565 1635 1668 1753 1873 2037 2141 2340 2357 2606 2648 2819 2836 3169 3248 3262 3537 3950 4126 4273 4505 4573 4640
349	6	203	10	291 294 574 814 871 923 1005 1249 1266 1308 1315 1453 1454 1963 2083 2096 2105 2185 2274 2427 2455 2493 2779 3005 3076 3160 3590 3621 3876 4066 4178 4635 4646 4658 4972
359	13	238	10	312 722 830 878 1112 1129 1172 1299 1435 1517 1730 1893 2470 2476 2480 2531 2621 2665 2741 2864 3086 3199 3276 3311 3316 3429 3684 3694 3761 3846 3871 4162 4415 4428 4599 4632 4766 4923 5000
372	19	74	10	114 144 214 747 832 1003 1247 1262 1284 1413 1598 1735 1879 1980 2494 2569 2899 2990 3179 3257 3491 3494 3584 3735 3912 3954 3959 4058 4108 4322 4355 4455 4498 4722 4774 4816 4823
398	24	238	12	595 611 881 1559 1711 1746 1772 1780 1807 1942 2050 2057 2293 2436 2535 2575 3526 3558 3569 3640 3651 3744 3924 4367 4393 4472 4481 4619 4671 4756 4953 4965 4968
408	27	178	10	179 422 435 594 787 793 914 1089 1105 1114 1378 1399 1563 1862 1899 1934 2022 2055 2204 2295 2432 2553 2686 2815 2817 2826 2893 2912 3131 3318 3439 3517 3523 3620 3947 4077 4124 4547 4685 4889 4980
414	37	224	10	192 358 398 399 538 694 700 766 951 1177 1415 1452 1570 1640 1677 1734 2231 2281 2348 2502 2593 2666 2923 2941 3088 3118 3132 3231 3460 3630 3783 4171 4264 4536 4587 4993
440	12	118	10	23 46 89 242 417 582 584 673 860 912 1065 1227 1234 1530 1750 1841 1856 1976 2088 2300 2420 2594 2613 2680 2849 3036 3186 3225 3700 3852 3890 3974 4116 4583 4618 4695 4977
442	1	42	10	4 20 42 205 217 233 252 564 604 695 776 780 894 969 994 1016 1285 1520 1987 1988 2000 2002 2131 2207 2473 2728 2734 2860 2995 3089 3430 3595 3786 3859 3977 3982 4508 4772
468	7	136	10	62 324 585 620 627 840 889 1028 1043 1064 1316 1395 1407 1448 1546 1795 1881 1917 2013 2245 2382 2816 2871 2956 3117 3391 3411 3564 3785 4003 4054 4092 4177 4272 4314 4496 4563 4692 4804
26	33	4	10	94 154 191 259 265 371 396 440 623 836 1038 1110 1206 1255 1274 1290 1363 1780 1810 1866 2183 2464 2576 2681 3114 3293 3533 3570 3689 3823 3981 4012 4094 4149 4418 4702
34	30	9	10	69 353 376 633 748 782 1211 1322 1474 1523 1596 2048 2314 2321 2453 2487 2499 2516 2629 2704 2742 2969 3051 3267 3374 3421 3489 3541 3553 3572 3825 3934 4333 4413 4517 4557 4615
72	28	66	10	304 329 413 449 488 510 568 638 696 799 1388 1513 1576 1902 1942 2021 2046 2234 2307 2807 2833 2868 2886 2967 3196 3260 3451 3722 3795 3833 4004 4100 4107 4123 4258 4432 4450 4808 4962
85	35	87	10	368 381 657 727 809 934 940 1446 1542 1823 1933 1935 1950 2426 2444 2582 2674 2696 2766 3306 3367 3401 3468 3481 3726 3830 3879 3900 3956 3975 4564 4676 4688 4706 4820 4934
112	25	148	10	93 595 654 909 1328 1387 1610 1725 1762 1837 1868 1924 2087 2230 2478 2568 2591 2841 2873 2882 2992 3105 3183 3279 3307 3577 3603 3693 3729 3834 4063 4091 4454 4499 4556 4709 4723 4734 4976
115	2	18	12	80 143 287 339 379 757 760 847 860 968 1049 1077 1149 1210 1543 1571 1769 1820 2000 2141 2404 2472 2551 2637 2807 2820 2936 3048 3485 3805 3820 3822 3928 4159 4996
134	40	119	10	264 300 363 818 824 887 1015 1357 1638 1659 1789 1801 2035 2056 2263 2481 2529 2739 2908 2955 3053 3246 3426 3447 3612 3682 3738 3793 3918 4165 4228 4229 4519 4856 4907 4920
141	15	4	12	1 24 192 273 284 345 447 567 980 1133 1327 1392 1497 1512 1569 1592 1890 2372 2585 2632 2824 2995 3026 3027 3073 3189 3567 3747 4110 4267 4690 4740 4774 4807 4879 4912
155	5	38	12	157 312 401 607 734 885 1166 1272 1639 1651 1683 1759 1905 1906 1981 1996 2031 2148 2237 2291 2390 2731 2734 3153 3310 3413 3490 3643 3800 4005 4272 4378 4627 4663 4963 4978 4997
162	32	170	12	43 164 360 365 419 619 794 1069 1096 1103 1435 1436 1806 2088 2162 2429 2785 2894 2947 3056 3208 3248 3425 3486 3655 4033 4060 4066 4213 4234 4549 4829 4868 4928
175	29	244	12	136 362 771 884 1014 1225 1292 1344 1682 1791 1883 1913 1930 2204 2373 2400 2412 2515 2646 2716 2752 2813 2831 2997 3000 3105 3216 3279 3422 3560 3592 4241 4527 4530 4836 4885 4926 4977
179	3	247	12	248 324 337 521 687 713 768 1012 1060 1463 1502 1530 1618 1737 1741 1907 2276 2495 2572 2706 3036 3053 3203 3586 3673 3704 3803 3835 3987 4092 4117 4157 4198 4314 4921 4956
191	23	121	12	140 254 355 439 519 591 799 861 1039 1050 1425 1611 1637 1667 1774 1978 2027 2305 2397 2466 2526 2791 2835 3103 3179 3265 3307 3342 3837 3855 4075 4086 4144 4270 4275 4350 4573 4867 4936
199	34	210	12	108 158 234 268 308 624 725 784 1188 1484 1515 1549 1615 1862 1936 2090 2564 2565 2988 3062 3063 3389 3415 3431 3688 3703 3769 3807 4057 4058 4172 4358 4603 4738 4938 4991
215	8	141	12	109 539 640 741 984 1092 1311 1337 1594 1928 2018 2314 2460 2680 2768 2814 2862 2931 2961 3059 3129 3191 3442 3502 4085 4115 4118 4224 4326 4451 4726 4825
219	11	107	12	12 314 326 361 375 795 803 929 1115 1720 1866 1876 1891 2289 2324 2341 2347 2368 2548 2554 2594 2729 2751 2886 2905 2944 3119 3149 3247 3304 3580 3623 3663 3698 4022 4278 4685
287	31	119	12	45 188 216 285 549 623 916 1052 1190 1314 1343 1496 1499 1533 1641 1666 1877 1927 2345 2399 2737 3057 3134 3141 3172 3230 3605 3976 4047 4214 4342 4356 4444 4485 4708 4809 4905 4972
307	9	187	12	51 197 417 438 526 596 639 743 863 1161 1440 1577 1646 1680 1719 1856 1880 1974 2044 2157 2164 2168 2273 2294 2384 2414 2420 2908 3011 3462 3801 3884 3930 3959 4179 4434 4722 4745 4766 4839
312	36	13	12	53 71 89 117 396 671 738 874 985 1021 1319 1627 1633 1668 1945 2060 2074 2119 2130 2524 2774 2861 3225 3464 3618 3955 4104 4120 4240 4285 4362 4382 4664 4954
315	10	134	12	9 276 448 503 547 564 989 1062 1254 1256 1565 2309 2514 2619 2742 2819 2963 3234 3314 3421 3477 3635 3739 3906 4176 4189 4202 4216 4243 4290 4473 4633 4657 4725 4858 4874
379	22	235	12	14 295 302 592 722 755 761 1269 1871 1897 1903 2170 2195 2319 2496 2625 2811 3174 3224 3322 3500 3505 3534 3693 3710 3818 3907 3908 4053 4101 4146 4160 4168 4211 4771 4894 4933 4989
386	38	85	12	61 906 952 1013 1064 1150 1275 1354 1443 1675 1684 1701 1881 2096 2173 2343 2629 2684 2805 3076 3239 3286 3294 3386 3430 3437 3733 3840 4041 4083 4298 4456 4459 4496 4525 4718 4869
396	39	248	12	332 352 648 798 1551 1634 1735 1844 1869 1954 1971 2054 2080 2098 2459 2664 2775 2853 3142 3155 3461 3465 3579 3740 3828 3881 3932 4042 4067 4177 4379 4460 4716 4859 4913
413	16	125	12	247 281 400 424 653 660 775 864 953 1243 1483 1490 1831 2064 2067 2240 2333 2337 2796 2816 2880 2970 2994 3210 3231 3326 3528 3620 3634 3745 3854 4212 4336 4446 4503 4557 4763
420	26	26	12	150 201 213 296 658 702 704 1306 1721 1958 2174 2242 2295 2468 2544 2708 2733 2875 3215 3221 3271 3276 3333 3370 3416 3619 3890 3947 4000 4068 4239 4248 4337 4476 4508 4767
430	17	78	12	444 445 550 659 686 1107 1270 1610 1718 1797 1816 1852 1909 1940 2068 2077 2344 2371 2968 3351 3568 3802 3918 3925 4130 4164 4295 4511 4529 4732 4749 4792 4819 4962
496	4	85	14	45 130 214 267 516 557 635 688 711 845 1078 1426 1863 2062 2115 2580 2685 2948 3213 3384 3430 3496 3580 3606 3612 3692 4047 4145 4238 4254 4315 4328 4361 4689 4723 4840 4910
10	18	185	12	87 120 391 499 509 697 766 865 889 1202 1900 2108 2110 2196 2248 2328 2358 2369 2448 2520 2872 2973 3040 3480 3482 3496 3510 3763 3771 4038 4150 4254 4563 4721
40	20	91	12	37 60 259 483 682 1002 1005 1008 1341 1420 1527 1540 1563 1704 2355 2507 2540 3272 3331 3719 3889 4136 4206 4279 4318 4353 4441 4462 4517 4558 4580 4833 4910
53	14	34	12	22 59 179 218 451 565 583 764 986 1295 1450 1717 1754 1789 2004 2037 2287 2438 2545 2736 3037 3094 3101 3474 3572 3720 3845 3919 3939 3942 4029 4141 4158 4300 4518 4585
61	21	110	12	76 486 655 944 1006 1511 1531 1553 1695 1726 1964 1968 1988 1995 2013 2178 2271 2533 2644 2758 2782 2847 2989 3001 3319 3622 3798 4124 4209 4217 4397 4634 4776 4783 4999
65	6	239	12	214 255 487 675 758 821 831 950 1339 1664 1784 1956 1987 1990 1998 2256 2463 2837 2879 3013 3098 3241 3274 3472 3521 3577 3755 4020 4306 4307 4380 4433 4516 4656 4951 4994
82	13	80	12	63 261 319 574 698 703 797 822 862 1098 1136 1399 1422 1501 1548 1653 1702 2340 2406 2408 2489 2510 2757 2954 2985 3088 3750 3973 4023 4475 4506 4931
88	19	94	12	208 370 628 1146 1298 1387 1525 1597 1658 1800 1917 2049 2071 2221 2231 2298 2362 2392 2431 2476 2601 2971 3259 3372 3543 3552 3902 3988 4269 4410 4415 4582 4647 4677 4717
95	27	164	12	110 808 919 1045 1196 1274 1428 1697 1817 1926 2014 2131 2239 2320 2482 2606 3352 3604 3628 3686 3718 3829 3841 4037 4131 4218 4220 4258 4401 4784 4803 4932 4937
119	37	1	12	48 139 235 515 516 841 895 1056 1067 1320 1470 1595 1604 1709 1908 2167 2267 2422 2635 2653 2682 2773 3192 3355 3362 3383 3467 3523 3722 4093 4203 4249 4443 4644 4736 4741 4831 4837
120	12	103	12	469 500 693 776 983 1037 1046 1063 1584 1642 2065 2190 2251 2377 2859 2962 3008 3209 3251 3309 3341 3356 3391 3419 3455 3582 4175 4219 4222 4361 4391 4665 4680 4735 4743 4838
151	1	73	12	100 199 374 406 489 506 544 615 620 1030 1036 1141 1322 1361 1372 1383 1507 1854 1963 1967 2029 2920 2925 3033 3180 3185 3533 3784 3821 3903 4221 4523 4568 4948
154	7	127	12	380 383 769 921 966 1219 1242 1296 1350 1479 1761 1822 2211 2449 2506 2588 2763 2871 2916 2933 2969 3050 3460 3557 3667 3775 4034 4199 4498 4842 4955 4967
184	33	44	12	169 174 207 579 928 1160 1199 1230 1441 1513 1568 1799 1853 1888 1952 2318 2457 2519 2527 2852 2980 3238 3675 3905 3965 4054 4261 4354 4370 4515 4559 4626 4871 4884 5000
188	30	108	12	34 269 434 467 535 785 825 879 893 1137 1326 1330 1458 1674 1747 1975 2106 2172 2226 2389 2556 2645 2679 2839 2958 2974 3159 3361 3365 3661 3683 4289 4639 4832
198	28	209	12	39 68 104 236 286 378 600 936 1020 1026 1134 1391 1517 1732 1751 1846 2019 2136 2442 2534 2549 2641 2727 2750 2794 2941 3082 3202 3376 3590 3756 4167 4650 4898 4941
209	35	19	12	124 258 517 1000 1047 1079 1177 1315 1554 1575 1829 2113 2177 2325 2405 2892 2928 2984 2993 3025 3163 3253 3254 3399 3463 3516 3676 3869 3878 4226 4372 4442 4466 4686 4930
214	25	106	12	27 47 107 810 1351 1430 1444 1845 1950 1992 2006 2052 2301 2688 2720 2891 2927 3028 3235 3359 3367 3388 3458 3499 3549 3671 3760 3886 4186 4325 4452 4599 4600
227	40	242	12	279 394 485 668 735 1100 1304 1389 1396 1576 1656 1873 2015 2370 2410 2421 2543 2841 2856 2867 3197 3535 3630 3700 3985 4201 4489 4588 4608 4615 4753 4893 4925 4966
229	24	157	14	171 413 654 707 780 801 1207 1379 1441 1508 1525 1564 1624 1673 1879 2122 2207 2403 2557 2578 2606 2655 2686 3464 3557 3725 3808 4043 4214 4252 4273 4539 4892 4965 4968
259	2	133	14	101 289 305 457 485 590 815 833 852 971 1064 1250 1799 1828 1991 2040 2056 2192 2282 2590 2719 2901 2947 3078 3432 3459 3762 3938 4061 4142 4310 4426 4443 4528 4705 4721 4844 4866
281	15	218	14	140 150 372 401 588 623 847 1009 1143 1266 1294 1372 1561 1655 1691 1764 1779 2042 2074 2086 2217 2246 2568 2970 3156 3277 3412 3532 3712 4025 4072 4103 4265 4512 4518
311	5	235	14	47 61 133 183 236 380 919 935 1024 1029 1098 1475 1506 1556 1562 1623 1733 1973 2148 2304 2450 2546 2750 2825 2846 2964 3043 3481 3583 3673 3739 3961 4000 4360 4802 4810
342	32	90	14	196 225 621 624 695 778 909 1179 1182 1364 1455 1882 1992 2203 2328 2589 2755 2859 3006 3227 3254 3324 3371 3416 3527 3796 3856 3970 4062 4150 4231 4300 4535 4812 4831 4963
348	29	173	14	173 259 423 449 542 718 869 877 1007 1021 1044 1203 1522 1664 1675 1707 1880 2033 2082 2147 2259 2385 2696 2697 3055 3079 3229 3306 3336 3514 3634 4237 4407 4613 4849
351	3	190	14	25 41 135 293 323 522 663 743 954 1436 1523 1628 1677 1852 2296 2350 2414 2528 2538 2786 3000 3100 3126 3193 3491 3731 3821 3880 4178 4484 4500 4587 4618 4920 4948
352	23	86	14	28 66 296 430 465 583 592 601 619 774 967 1246 1251 1592 1904 2077 2100 2247 2483 2690 2836 2890 2914 3120 3569 3657 3769 4014 4181 4529 4694 4794 4820 4848 4885 4945
367	34	161	14	71 389 400 759 862 1082 1170 1248 1345 1617 1703 1738 1850 1979 2131 2184 2218 2349 2738 2898 2904 2977 3061 3124 3240 3603 4017 4032 4048 4116 4132 4519 4731 4768 4809 4828
371	8	249	14	356 1127 1215 1527 1607 1632 1698 1770 1819 2116 2229 2364 2490 2548 2596 2649 2741 2751 2906 2975 3008 3058 3456 3575 3659 3744 3956 3994 4040 4263 4371 4438 4439 4523 4594 4767
388	11	171	14	167 393 432 537 755 781 872 942 952 1265 1323 1620 1652 1885 2081 2206 2307 2442 2518 2767 3143 3149 3335 3467 3487 3614 3711 3715 3797 3841 3943 4283 4325 4363 4502 4614 4774 4858 4958
410	31	154	14	95 110 157 328 512 524 573 904 913 991 1283 1497 1944 1993 2071 2365 2474 2566 2657 2673 2691 2778 3390 3629 3636 3683 3690 4006 4418 4453 4538 4581 4628 4780 4835 4995
426	9	199	14	97 288 292 538 659 937 1018 1071 1073 1154 1352 1358 1420 1460 1599 1635 1670 2017 2182 2255 2522 2963 3142 3166 3439 3478 3648 4134 4331 4428 4552 4709 4728 4911
431	36	212	14	18 82 117 496 501 640 750 960 1187 1221 1322 1536 1555 1963 2092 2137 2429 2432 2581 2607 2613 2858 3218 3679 3892 3978 4094 4197 4242 4286 4372 4711 4713 4762 4935
459	10	113	14	43 74 162 220 398 735 1032 1483 1492 1507 1593 1594 1809 2213 2224 2321 2392 2497 2559 2647 2783 2804 2815 2935 3266 3368 3423 3471 3545 3604 3618 3765 4071 4151 4176 4630 4939
484	22	153	14	33 60 232 311 804 955 957 1116 1362 1410 1597 1765 2075 2103 2234 2360 2370 2466 2472 2753 2776 2953 3222 3250 3414 3443 3495 3801 3835 4128 4359 4471 4506 4899
487	38	21	14	99 107 313 402 676 1088 1119 1206 1456 1520 1587 1614 1705 1788 1844 1884 1925 1938 2020 2078 2085 2621 2651 2809 2984 3044 3472 3479 3488 3490 3566 3637 4437 4572 4902 4962
497	39	79	14	68 78 547 790 889 1093 1167 1397 1678 1791 2025 2381 2397 2479 2503 2831 3049 3077 3108 3123 3236 3310 3330 3353 3445 3904 4256 4381 4450 4479 4786 4803
499	4	113	16	127 281 381 412 454 459 709 1229 1342 1972 2031 2216 2268 2281 2349 2550 2736 2770 2776 2779 2781 2846 3091 3112 3200 3403 3638 4009 4065 4089 4293 4370 4384 4629 4856 4945
1	16	225	14	138 243 410 471 536 605 731 866 940 982 1042 1059 1239 1387 1584 1805 2171 2567 2722 3004 3012 3017 3155 3167 3239 3431 3494 4050 4095 4255 4605 4804 4836 4864 4869 4915
7	26	121	14	5 179 283 551 568 625 639 860 863 864 1067 1123 1195 1267 1399 1474 1610 1649 1789 1792 2166 2286 2302 2524 2679 3183 3385 3395 3632 3667 3743 3981 4352 4357 4434 4672 4674
30	17	70	14	210 473 634 690 855 857 859 1053 1110 1148 1230 1297 1461 1540 2011 2143 2225 2228 2357 2404 2455 2727 2892 3375 3853 3993 4069 4075 4085 4285 4420 4468 4545 4742
37	18	39	14	126 315 325 366 494 747 938 989 1220 1671 1888 2222 2395 2419 2424 2650 2695 2745 2781 3090 3106 3169 3521 3576 3586 3785 3849 3972 4205 4294 4430 4469 4514 4680 4743 4791
47	20	124	14	246 511 514 645 686 844 965 1126 1183 1276 1303 1895 2241 2366 2444 2475 2618 2718 3081 3407 3730 3868 3957 4044 4323 4580 4684 4759 4882 4983
69	14	189	14	158 174 317 355 383 406 618 698 1023 1351 1370 1425 1622 1718 1731 1811 2003 2008 2026 2216 2504 2701 2766 2789 2820 2889 2945 2968 3189 3512 3890 3934 4008 4262 4429 4943
91	21	206	14	32 35 381 470 558 732 1146 1289 1327 1424 1468 1559 1728 1761 1785 1846 2140 2164 2408 2639 2693 2839 3016 3087 3140 3530 3702 3768 4063 4501 4737 4771 4862 4960
99	6	5	14	463 509 746 751 1043 1095 1156 1287 1360 1393 1689 1752 1945 2053 2183 2235 2573 2616 2674 2844 2845 3064 3110 3114 3541 3703 3746 3990 4080 4188 4190 4239 4246 4590 4592 4678
102	13	103	14	102 154 190 330 454 843 880 885 918 1409 1859 1966 1986 2067 2452 2708 2724 2946 3268 3304 3531 3660 3772 3776 3951 4100 4102 4334 4551 4616 4758 4817
132	24	189	16	63 280 367 794 882 927 1146 1408 1601 1618 1696 1961 2042 2104 2130 2708 2806 2865 2985 3207 3710 3729 3734 3751 3792 3804 3859 3982 4025 4164 4344 4567
138	19	74	14	197 481 505 730 1027 1141 1432 1521 1544 1572 1745 1947 1981 2149 2153 2263 2468 2471 2508 2710 2950 2965 3141 3264 3283 3363 3540 3816 3912 4051 4271 4376 4588 4627 4788 4805 4857 4913
159	27	130	14	164 227 280 329 517 525 798 887 901 1201 1288 1568 1570 1760 1790 1898 2072 2197 2459 2834 2938 2980 2998 3045 3111 3287 3449 3551 3556 3564 4010 4028 4248 4346 4750
161	37	247	14	55 242 467 560 565 775 816 1094 1118 1186 1279 1404 1439 1488 1795 1968 2344 2439 2464 2730 2835 2847 2923 2972 3158 3654 3662 3915 4057 4147 4153 4167 4281 4752 4753
166	12	53	14	308 792 1106 1162 1180 1190 1191 1386 1680 1766 1949 2016 2107 2330 2449 2575 2668 2764 2792 2817 3009 3297 3519 3686 3851 3992 4019 4312 4366 4606 4863 4880
187	1	209	14	30 131 239 373 396 411 611 789 875 1396 1430 1563 1591 1669 1730 1748 1826 2001 2051 2388 2711 2790 2824 3073 3187 3410 3424 3913 4419 4522 4601 4602 4608 4690
201	7	69	14	191 208 272 541 647 699 796 870 958 987 1030 1152 1331 1543 1665 2290 2375 2447 2448 2603 2629 2737 2782 2907 2942 3499 3520 3589 3647 3732 3750 3864 4653 4761 4918
203	33	204	14	70 206 387 433 823 1413 1490 1694 1768 2501 2505 2604 2785 2851 2857 2905 2910 3138 3153 3246 3663 3829 3900 4039 4139 4172 4296 4326 4355 4392 4412
218	30	215	14	217 559 603 738 861 868 1653 1704 1719 1841 1858 1891 2058 2354 2421 2434 2609 2663 2791 3435 3754 3798 3946 4042 4082 4175 4194 4269 4356 4440 4889 4956
221	28	158	14	50 202 204 447 615 928 1033 1166 1228 1422 1459 1596 1679 1883 1961 2193 2237 2415 2423 2520 2644 2806 2875 3071 3695 3906 3910 4373 4417 4704 4754 4822 4875 4929 4971
225	35	194	14	146 159 794 1002 1085 1086 1097 1384 1647 2102 2160 2252 2285 2299 2645 2865 2912 3074 3095 3101 3200 3281 3387 3592 3721 3757 3761 3908 3948 3979 4112 4135 4170 4521 4537 4856
230	25	1	14	91 161 386 444 643 678 766 908 948 1039 1208 1686 1726 1742 1750 1975 2179 2308 2309 2326 3088 3094 3323 3516 3525 3795 3799 4109 4182 4196 4301 4463 4464 4578 4847
249	40	8	14	182 252 337 348 1145 1149 1315 1369 1381 1464 1793 1902 2215 2260 2426 2565 2714 2726 2917 3214 3230 3288 3362 3376 3511 3610 3891 4241 4287 4398 4571 4647
282	2	207	16	144 229 232 338 555 691 725 741 917 964 1063 1262 1784 2050 2142 2188 2266 2416 2597 2699 2875 2924 3157 3249 3321 3511 3528 3712 3723 4141 4206 4524 4597
299	15	222	16	84 617 708 822 922 1144 1208 1325 1443 1792 2121 2210 2246 2265 2367 2488 2571 2614 2658 3004 3122 3554 3574 3746 3768 3933 4132 4159 4421 4585 4598 4696 4807 4914 4916
303	5	28	16	100 257 346 384 501 654 999 1101 1255 1338 1376 1434 1575 1663 1775 1786 2087 2425 2626 2804 2917 2975 3042 3059 3291 3417 3460 3504 3547 3717 3781 4232 4740 4791 4961
316	32	89	16	526 586 632 668 675 732 877 892 1031 1109 1445 1497 1596 1832 2053 2123 2213 2393 2552 2715 2772 2812 3126 3165 3260 3313 3388 3500 3632 3915 3971 4197 4399 4447 4795 4816 4843
327	29	26	16	70 171 275 299 311 518 597 622 666 687 714 737 1022 1086 1360 1405 1634 1887 2059 2258 2441 2450 2767 2908 2965 3115 3133 3526 3737 3902 3949 4127 4207 4456 4649 4657
338	3	90	16	148 358 717 988 1071 1116 1139 1341 1356 1960 1995 2039 2055 2169 2410 2553 2625 2725 2741 2837 2873 2969 3166 3180 3507 3681 3887 4059 4086 4274 4376 4422 4579 4688 4949
362	23	84	16	54 64 204 798 812 1029 1043 1179 1260 1268 1393 1755 1988 2152 2346 2348 2466 2818 2928 2935 3320 3666 3844 3923 3941 3953 4026 4092 4309 4326 4487 4570 4637 4705 4852 4917
390	34	55	16	42 88 132 201 326 406 441 684 685 1180 1312 1318 1572 2127 2358 2454 2465 2472 2826 2877 3127 3206 3430 3491 3515 3736 3771 3985 4253 4497 4664 4744 4845
393	8	99	16	497 609 611 852 1014 1091 1165 1560 1638 1643 1685 1776 1804 2027 2041 2111 2161 2168 2356 2541 2748 2809 2933 3136 3176 3345 3533 3700 4013 4145 4382 4711 4746
415	11	166	16	374 495 653 842 904 1348 1355 1477 1654 1885 1915 2126 2240 2288 2386 2523 2622 2759 2764 2777 2939 2950 3301 3340 3453 3488 3611 3670 4224 4660 4781 4939 4953 4954
417	31	114	16	17 304 474 502 616 676 982 992 1217 1265 1412 1621 1664 1883 2180 2317 2365 2375 2510 2891 2997 3001 3018 3072 3411 3494 3544 3825 3997 4056 4499 4503 4607 4692 4749
467	9	243	16	45 98 124 739 871 941 1152 1160 1383 1710 1781 1958 2054 2101 2221 2339 2527 2551 2761 2967 3016 3089 3149 3177 3196 3283 3293 3341 3588 4084 4136 4143 4225 4574 4861
478	36	21	16	212 221 256 488 883 978 1084 1209 1471 1791 2183 2257 2334 2479 2545 2734 2792 3130 3152 3188 3323 3434 3663 3682 4194 4235 4435 4441 4517 4600 4675 4777 4793 4956
491	10	98	16	446 473 493 522 911 925 1056 1128 1720 1765 1822 1899 1943 2086 2297 2372 2417 2654 2705 2823 2930 2952 3570 3839 3851 3855 3995 4036 4386 4595 4656 4780 4802 4847 4921 4931
9	22	57	16	80 481 499 513 598 961 1081 1242 1418 1864 1867 1900 2117 2208 2225 2374 2411 2556 2802 3033 3113 3116 3375 3441 3634 3841 3846 3857 3910 4105 4553 4557 4635 4794
22	38	37	16	277 386 565 589 707 862 891 984 1134 1150 1228 1571 1608 1769 1904 1955 1976 2096 2119 2144 2539 2542 3204 3253 3393 3830 3861 4339 4394 4489 4687 4726 4850 4903
36	4	57	18	166 334 455 472 572 781 1106 1233 1253 1278 1397 1442 1594 1913 2320 2385 2586 2683 2785 2795 2862 3020 3036 3274 3414 3534 3599 3668 3791 3993 4246 4284 4409 4462 4676 4739 4988
58	39	75	16	67 90 142 150 251 607 827 845 924 1161 1192 1419 1655 1737 1857 1865 1973 2175 2276 2336 2355 2532 2920 3050 3199 3278 3281 3514 3716 3799 3822 3979 4000 4245 4311 4756 4788
127	16	132	16	152 160 235 310 366 397 414 485 983 1065 1200 1284 1323 1649 1683 1690 1835 1981 2026 2051 2638 2718 2747 2833 2887 3084 3239 3299 4271 4496 4589 4650 4728 4754 4937 4951
140	26	218	16	5 21 507 1034 1100 1142 1238 1271 1293 1306 1309 1329 1349 1442 1586 1605 1764 1939 2082 2843 3190 3252 3495 3620 3625 3703 3945 3981 4074 4133 4679
160	17	129	16	207 305 307 462 1019 1154 1223 1235 1479 1635 1876 1894 2024 2179 2344 2681 2735 2934 2959 3348 3614 3911 3996 4005 4368 4531 4543 4566 4609 4718 4773 4814 4893 4973
169	18	141	16	31 194 334 500 724 866 1196 1216 1310 1324 1361 1661 1922 1924 1978 2058 2116 2279 2423 2452 2609 2665 2918 3003 3245 3390 3483 3714 3730 4054 4155 4760 4778 4872
173	20	93	16	97 558 605 665 677 780 1066 1097 1117 1390 1396 1437 1908 2079 2114 2323 2623 2805 2889 2977 3068 3415 3530 3680 3726 4317 4330 4480 4495 4680 4911 4946
193	14	64	16	118 157 192 336 420 443 517 1047 1245 1263 1358 1675 1677 1749 1944 1965 2007 2138 2368 2460 2816 3314 3454 3457 3502 3616 3629 3691 3698 3820 3834 3888 4392 4648 4950
207	21	22	16	126 137 155 189 360 479 603 686 811 923 1042 1380 1530 1534 1744 2030 2196 2227 2321 2480 2929 2958 3010 3125 3192 4019 4057 4181 4260 4610 4734
210	6	246	16	6 779 957 1058 1135 1253 1451 1491 1549 1839 1881 2048 2069 2226 2248 2309 2706 2858 2964 3144 3408 3466 3497 3550 3655 3661 3718 3732 3754 4080 4169 4417 4631
211	24	129	18	435 496 506 1206 1267 1280 1370 1449 1655 1665 1778 1971 2145 2675 2695 2708 2885 2964 3161 3198 3237 3303 3308 3328 3440 3472 3609 3725 3825 4243 4504 4622 4714 4890 4917
223	13	105	16	38 163 670 793 1243 1373 1392 1464 1495 1871 1940 2019 2094 2134 2274 2763 2778 2961 3021 3023 3364 3372 3407 3426 3674 3829 3924 3925 3986 3999 4186 4398 4642
232	19	76	16	26 130 206 429 614 749 784 1087 1302 1454 1508 1545 1564 1740 2443 2583 2596 2744 2786 2915 3027 3038 3169 3181 3989 4596 4614 4638 4798 4918 4934
240	27	249	16	37 356 398 415 768 1045 1151 1251 1532 1552 1692 1717 1731 1777 2135 2371 2605 2733 2824 2850 3173 3316 3327 3433 3777 4034 4204 4288 4315 4331 4360 4369 4551 4593 4990
244	37	157	16	10 69 106 324 449 477 540 584 926 1215 1317 1612 1701 1969 2061 2311 2325 2599 2632 3150 3220 3267 3298 3337 3360 3595 3694 3795 3903 3965 4137 4184 4191 4536 4812 4999
250	12	32	16	164 369 544 671 825 902 916 1687 1766 2098 2151 2187 2199 2245 2419 2526 2669 2670 2900 3312 3643 3684 3831 3880 3892 3913 3962 4149 4199 4295 4329 4353 4381 4849 4940
273	1	202	16	125 133 222 255 1000 1482 1896 1901 1927 2212 2353 2448 2537 2555 2563 3074 3342 3429 3519 3633 3774 4040 4108 4305 4440 4461 4465 4633 4891
296	7	169	16	260 322 403 529 630 773 942 997 1079 1155 1371 1422 1504 1631 1735 1743 2109 2160 2402 2897 2925 3183 3586 3665 3838 3919 4229 4299 4323 4425 4565 4653
304	33	175	16	40 673 1038 1062 1164 1288 1433 1537 1715 1842 1858 1875 2070 2080 2588 2643 2746 2771 2857 2863 3073 3103 3164 3205 3238 3254 3400 3469 3568 3740 3750 4076 4081 4371 4805 4978 4979
330	30	50	16	102 185 245 250 512 591 631 650 783 874 1121 1244 1535 1682 1726 2035 2484 2525 2692 2830 2861 2979 2996 3182 3208 3232 3259 3374 3577 3669 3741 3832 4070 4532 4541 4616
354	28	52	16	32 82 91 515 657 733 823 900 1021 1157 1429 1480 1483 1493 2591 2633 2768 2859 3159 3211 3294 3762 3806 3975 4052 4212 4234 4259 4393 4485 4848
360	35	102	16	85 96 115 153 472 595 1005 1122 1207 1397 1684 1819 2178 2241 2294 3147 3235 3356 3385 3489 3596 3858 3874 3943 4010 4073 4255 4427 4463 4515 4544 4562 4769
381	25	200	16	49 219 407 570 647 788 901 1140 1188 1321 1327 1554 1898 2025 2255 2283 2350 2389 2874 2991 3013 3226 3307 3315 3601 3756 3920 4171 4193 4319 4358 4509 4641 4673 4689
389	40	152	16	61 65 298 553 561 613 662 695 895 1054 1197 1368 1513 1657 1668 1869 1886 2342 2437 2482 2483 2956 2963 3035 3269 3522 3618 4221 4528 4627 4658 4823 4830 4835 4883
433	2	149	18	351 416 598 910 1227 1281 1312 1356 1633 1646 1723 1859 1983 2020 2050 2209 2291 2314 2372 2597 2923 3686 3857 3911 4087 4172 4454 4549 4553 4592 4689 4801 4920 4921 4963
436	15	205	18	265 802 827 1015 1218 1420 1477 1593 1669 2043 2107 2181 2212 2275 2452 2517 2578 2698 2850 3015 3196 3377 3691 3844 3971 4079 4366 4455 4509 4527 4552 4603 4604 4726 4869
456	5	142	18	302 443 896 972 1225 1987 2059 2066 2338 2352 2422 2522 2827 2838 2894 2935 2995 3031 3172 3369 3637 3726 3748 4221 4424 4526 4576 4581 4684 4708 4827 4877
20	32	232	18	158 185 252 341 643 737 782 857 914 1169 1342 1743 1936 2227 2299 2631 2703 2938 2967 2970 3079 3096 3119 3582 3746 3760 3866 4174 4668 4674 4945 4973
42	29	112	18	92 113 299 613 679 1251 1617 1711 1977 2010 2024 2038 2078 2123 2685 2694 2819 2868 2910 2941 3083 3087 3147 3152 3212 3400 3798 3860 3904 4169 4210 4531 4585 4787 4875
50	3	61	18	78 212 287 483 1155 1159 1178 1324 1468 1503 1624 1681 1941 1960 2113 2116 2467 2579 2635 2745 2817 2934 2976 3662 3738 3996 4004 4109 4422 4458 4482 4533 4775
74	23	135	18	368 476 629 762 774 790 937 982 993 1072 1175 1482 1498 1666 1713 1734 1757 1893 2016 2206 2957 2972 3018 3046 3861 4331 4488 4589 4607 4629 4729 4902
93	34	245	18	70 284 338 374 432 460 753 892 922 1172 1303 1327 1602 1823 1878 2215 2438 2562 2761 2929 3013 3049 3111 3171 3389 3434 3455 3478 3589 3927 3986 4059 4069
98	8	233	18	23 114 807 1215 1386 1390 1478 1502 1809 2223 2334 2407 2412 2413 2909 2971 3135 3226 3331 3348 3474 3664 3718 3742 3781 3880 4113 4126 4161 4298 4395 4891 4904 4931 4964 4985
153	11	186	18	31 52 160 220 543 752 859 996 1055 1061 1545 1890 1932 2003 2156 2315 2319 2395 2453 2546 2837 3291 3457 3807 3979 4122 4400 4490 4530 4852 4983
168	31	181	18	57 108 223 238 246 475 702 808 814 938 1097 1154 1165 1402 1487 1592 1895 1908 1967 1980 2168 2236 2244 2335 2370 2471 2499 2832 2991 3062 3504 3707 4267 4520
186	9	16	18	67 272 344 459 517 1012 1398 1486 1541 1579 1914 2021 2070 2095 2594 2650 2753 2788 3035 3118 3184 3321 3356 3394 3621 3916 4148 4276 4350 4362 4614 4640 4687 4993
206	36	71	18	16 117 156 182 196 231 549 602 1003 1200 1207 1266 1300 1800 1928 2154 2557 2568 2602 2639 2759 3219 3804 3919 3961 4029 4137 4173 4398 4416 4429 4566 4666 4806
247	10	170	18	50 216 478 505 589 754 1001 1391 1557 1663 1909 1933 2141 2240 2249 2341 2482 2507 2531 2687 2688 2766 2993 3138 3156 3759 3826 4131 4322 4382 4587 4641 4727 4751 4900
271	22	188	18	62 151 221 247 277 402 425 447 561 584 638 809 1017 1076 1100 1118 1203 1576 1670 1911 1944 2101 2211 2276 2362 2527 2591 2618 2720 3427 3702 3713 3773 4106 4263 4662
308	38	178	18	103 119 134 200 266 279 289 560 768 817 1107 1164 1194 1204 1311 1313 1519 1604 1814 2091 2488 3021 3063 3353 3379 3581 3587 3615 3797 3952 4125 4491 4544 4639 4773
317	39	97	18	18 159 198 352 570 665 688 1067 1093 1283 1957 2045 2052 2139 2509 2709 2840 2946 2947 3202 3272 3341 3482 3580 3766 3808 4111 4365 4418 4865 4884 4944 4962 4981
324	16	197	18	27 65 195 224 257 491 579 616 670 906 925 1029 1195 1515 1706 1854 2444 2914 2966 2975 3215 3532 3566 3753 3771 3848 3906 3917 3957 4121 4249 4612 4745 4989
325	26	43	18	554 644 979 1069 1087 1182 1645 2068 2224 2303 2409 2504 2613 2661 2777 2807 3008 3287 3415 3509 3519 3543 3644 3853 3936 4026 4030 4037 4046 4097 4412 4522 4582
333	17	73	18	36 282 473 662 709 801 804 1030 1123 1224 1947 2455 2514 2530 2581 2775 3069 3265 3506 3572 3675 3792 3954 3988 4024 4528 4723 4812 4947 4960 4987
341	18	111	18	9 172 1018 1336 1444 1490 1688 1761 2073 2277 2500 2503 2614 2719 2724 2802 2888 2906 3338 3601 3987 4016 4192 4327 4453 4467 4555 4579 4675 4780 4830
373	20	82	18	75 90 466 599 844 861 1053 1680 1888 2332 2377 2390 2558 2849 2884 3052 3181 3208 3239 3290 3359 3605 3678 3950 3951 4053 4130 4186 4278 4293 4343
375	14	134	18	291 464 729 745 872 983 995 1047 1167 1450 1817 1850 1907 2030 2115 2132 2142 2273 2560 2659 3145 3246 3380 3525 3616 3688 3868 3983 4094 4102 4209 4669 4907 4908
394	21	248	18	10 64 193 199 357 627 664 713 726 727 1534 1659 1676 1824 1834 2173 2391 2400 2700 2723 2784 2808 3256 3318 3481 3794 4038 4446 4818 4833
401	6	115	18	99 127 141 410 527 587 748 850 881 888 949 975 1237 1288 1294 1296 1374 1389 1480 1484 1694 1724 1736 2297 2450 2986 3058 3250 3381 4484 4505 4577 4645 4678
405	13	96	18	44 300 858 950 1241 1431 1499 1638 1714 1720 2138 2298 2301 2325 2336 2430 2440 2690 2699 3258 3443 3462 3705 3819 3871 4128 4288 4320 4532 4550 4636 4705 4822 4928
406	19	160	18	87 222 312 621 649 837 956 1020 1056 1363 1447 1451 2054 2083 2411 2495 2692 2845 2882 2911 2939 3319 3448 3684 3862 4272 4344 4698 4713 4748 4790
412	27	203	18	446 660 689 755 812 834 935 940 1117 1252 1466 1493 1526 1613 1782 1830 2129 2190 2208 2294 2847 3159 3191 3281 3469 3573 3652 3777 3789 4155 4156 4403 4513 4562 4681 4697 4731
419	37	12	18	58 297 403 521 523 590 609 701 736 757 1259 1699 1712 1721 1728 1804 1813 1848 2380 2384 2498 2603 2844 2875 2983 3153 3233 3235 3406 3837 3894 4410 4654 4663
432	12	231	18	498 592 946 1060 1637 1840 2065 2152 2196 2203 2271 2404 2518 2749 2789 2796 2830 3047 3227 3412 3450 3458 3568 3666 3701 3960 4442 4710 4791 4808 4835 4961 4995
457	1	60	18	135 377 421 530 742 820 908 990 1254 1429 1622 1982 2086 2589 2638 2681 2707 2803 2942 3030 3067 3107 3203 3316 3367 3806 3984 4269 4347 4431 4574 4774 4919
463	7	116	18	19 350 488 516 604 903 1120 1603 1607 1652 1993 1997 2074 2418 2641 2826 3066 3144 3261 3311 3398 3590 3778 3930 3991 4140 4183 4205 4568 4817 4846 4857
472	33	184	18	3 309 537 612 698 728 843 849 869 952 1101 1152 1320 1325 1584 1841 1978 2017 2127 2590 2787 2951 3352 3418 3515 3575 3608 3735 4292 4334 4399 4486 4730
473	30	136	18	178 450 562 693 700 791 793 863 962 1102 1198 1297 1316 1558 1733 1787 2357 2548 2554 2842 2878 3041 3143 3174 3297 3404 3501 3626 3754 4217 4408 4508 4720
490	28	211	18	86 179 396 445 526 578 678 705 929 943 1090 1193 1244 1349 1504 1805 2009 2345 3115 3388 3533 3562 3577 3830 3893 3920 4015 4105 4250 4380 4433 4465 4781 4824
8	35	165	18	347 596 1035 1168 1380 1421 1648 1650 1780 1810 1851 2090 2128 2219 2243 2279 2281 2396 2642 2677 3056 3078 3139 3383 3544 3854 4158 4213 4338 4340 4598 4649 4652 4746 4750
32	25	180	18	96 205 226 250 307 375 387 740 1121 1352 1559 1979 2151 2330 2896 2987 3019 3392 3459 3677 3882 3948 4060 4234 4302 4447 4493 4534 4561 4815 4959 4992
39	40	124	18	77 82 237 361 484 542 1049 1070 1256 1378 1461 1588 1678 1719 1808 2439 2470 2532 2571 2732 2919 3039 3241 3342 3432 3646 3671 3673 3949 4559 4564 4854 4941
52	4	47	20	80 244 511 539 810 1096 1461 1669 1863 1985 2015 2109 2197 2400 2403 2492 2628 2979 3025 3048 3181 3415 3862 4134 4215 4223 4312 4399 4444 4591 4610 4642 4879 4927
66	24	217	20	150 375 436 535 930 997 1093 1134 1681 1707 1796 1884 2076 2167 2425 2461 2729 2983 3022 3168 3248 3404 3584 3708 3916 4299 4458 4873 4924 4934
123	2	27	20	2 72 155 230 575 597 684 1092 1291 1355 1401 1417 1478 1523 1625 1627 1642 1763 1793 1802 1894 1934 2311 2493 2611 2814 2873 3106 3354 3589 3802 4712 4976
131	15	225	20	175 408 488 495 504 628 636 785 1023 1080 1373 1406 1517 1700 1728 1829 1920 1938 2460 2506 2584 2888 3021 3053 3402 3998 4031 4487 4495 4522 4673
163	5	75	20	6 141 143 298 483 541 621 643 677 712 756 1006 1140 1276 1336 1758 2176 2305 2398 2680 2693 3379 3398 3657 3720 3767 3789 4303 4737 4794 4851 4959
238	32	7	20	4 188 227 239 294 404 581 681 805 1202 1491 1561 1580 2450 2490 2545 2606 2728 2744 2745 2767 2848 2887 3109 3124 3145 3289 3606 4115 4178 4509 4622 4768 4798
255	29	213	20	542 1522 1652 1783 1984 2029 2084 2193 2327 2376 2441 2886 2901 2920 2926 2971 3135 3247 3365 3392 3891 3983 4042 4095 4103 4349 4560 4779
268	3	33	20	101 102 253 528 799 1017 1111 1231 1368 1634 1752 1917 2127 2282 2290 3061 3301 3339 3508 3710 3963 4027 4157 4301 4388 4506 4632 4662 4760 4836
277	23	19	20	240 269 437 441 486 704 740 1035 1105 1216 1427 1855 1961 2165 2228 2238 2295 2634 2643 2800 3096 3151 3211 3432 3605 3764 3902 4015 4581 4636 4657 4949
291	4	213	22	434 824 983 1069 1075 1076 1159 1394 1466 1662 1865 2190 2238 2574 2961 3001 3024 3044 3366 3462 3535 3626 3658 3847 4203 4367 4654 4779 4922 4933 4980
295	34	232	20	167 786 1126 1192 1262 1307 1309 1416 1753 2406 2471 2489 2799 2959 2973 3123 3144 3369 3574 3807 3887 3972 3980 4018 4127 4144 4275 4383 4534 4582 4740
313	8	14	20	332 388 452 671 753 801 998 1153 1258 1332 1388 1970 2175 2541 2573 2607 2660 2944 3044 3652 3655 3696 3815 4185 4351 4393 4469 4543 4792 4944
326	11	117	20	163 431 838 939 974 1061 1313 1331 1518 1636 1722 1937 2047 2065 2115 2356 2508 2711 2740 2751 3173 3217 3279 3573 3738 4056 4409 4608 4613 4969
365	31	125	20	106 263 357 363 478 578 582 835 1185 1546 1675 1687 1688 1729 1818 1833 2468 2650 2685 2950 2981 3315 3405 3725 3837 4324 4422 4533 4700 4723 4730 4744 4783 4874 4939
402	9	194	20	606 662 708 765 789 795 806 898 1028 1116 1197 1253 1298 1526 1644 1843 2026 2117 2377 2531 2542 2587 2928 3033 3056 3163 3449 3869 4232 4277 4357 4746 4938 4982
428	36	82	20	44 566 591 731 1132 1162 1209 1242 1434 1691 1797 1893 2044 2166 2266 2592 2609 2630 2707 2902 3081 3203 3331 3363 3555 3607 3901 4146 4341 4617 4904
452	10	216	20	16 32 211 418 467 518 524 746 783 923 1138 1315 1442 1529 1749 1757 1927 1947 2012 2032 2322 2360 2374 3298 3644 3699 3746 4114 4198 4247 4436 4452 4478 4729 4810
461	22	104	20	49 57 503 580 903 963 1074 1086 1097 1259 1303 1367 1502 1505 1632 1673 1704 1759 1861 2688 2699 2951 3161 3182 3425 3444 4124 4360 4411 4733 4859 4935 4953
464	38	229	20	81 338 491 587 602 1135 1225 1428 1513 1606 1653 2185 2269 2373 2445 2686 2772 2779 2881 3000 3582 3591 3819 3828 3939 3996 4048 4209 4226 4788 4867
479	39	135	20	343 362 650 737 1040 1089 1186 1236 1321 1533 1604 1608 1716 1807 1921 2085 2258 2306 2351 2583 2640 2870 3052 3130 3209 3446 3628 4009 4143 4177 4524
63	16	143	20	178 233 272 382 620 967 972 1020 1243 1453 1458 1503 1550 1602 1695 1979 1983 2397 2454 2648 2801 2917 3165 3230 3338 3529 3538 3715 3817 4128 4286 4531 4691
105	26	83	20	104 425 482 546 648 947 973 977 1033 1212 1268 1409 1516 1741 1767 1798 1836 2104 2476 2574 2697 2739 3454 4076 4208 4302 4329 4646 4811 4850
114	17	43	20	271 281 552 1113 1282 1382 1435 1566 1579 1712 1966 1974 2101 2135 2388 2401 2595 2726 2884 2915 2924 3238 3886 3897 3924 4554 4824 4862 4926
117	18	55	20	15 820 913 1019 1062 1511 1630 1926 2231 2232 2507 2701 2954 2994 3092 3231 3317 3413 3478 3485 3528 3689 3974 4500 4519 4624 4631 4719 4880
183	20	6	20	8 151 306 772 1615 1770 1814 1835 1849 2002 2194 2301 2410 2479 2600 2647 3039 3305 3438 3549 3598 3711 4109 4125 4291 4335 4384 4566
197	14	38	20	34 59 196 352 427 559 576 666 1042 1232 1414 1481 1535 1785 1886 2000 2122 2312 2361 2369 2636 2657 2663 2852 2869 2929 3343 3420 3608 3619 4473 4669 4758 4994
231	21	164	20	83 347 361 500 667 976 1106 1220 1360 1403 1489 1620 1779 1842 2565 2809 2909 2927 3262 3285 3559 3714 3791 3813 3836 3881 3966 4240 4270 4273 4514 4626 4945
239	6	145	20	124 139 291 359 409 433 465 665 929 949 1240 1324 1359 1470 1696 1709 1768 1786 1791 2046 2559 2718 2904 3551 3759 3859 3875 4321 4348 4639 4964
265	13	77	20	12 74 154 327 384 622 811 936 1067 1295 1334 1433 1472 1811 1932 2287 2898 2930 3036 3229 3275 3418 3489 3866 3995 4008 4236 4279 4431 4492 4633 4951
297	19	35	20	316 876 901 1593 1690 1739 1915 2006 2169 2204 2359 2533 2618 2819 3162 3259 3351 3395 3558 3594 3810 3952 4156 4276 4386 4643 4667 4817 4870 4937
320	27	62	20	288 292 808 966 1283 1548 1646 1777 1782 1853 2066 2129 2157 2270 2315 3031 3035 3334 3731 3751 4231 4310 4318 4338 4353 4486 4583 4693 4837 4908
340	37	250	20	169 216 456 609 699 1530 1742 1906 1943 2237 2832 2880 2988 3104 3269 3286 3346 3382 3641 3649 3672 3706 3734 3861 3907 4006 4106 4194 4210 4241 4574 4637
380	12	84	20	112 297 340 730 821 955 956 1130 1260 1424 1703 1819 1912 2366 2392 2672 2683 2747 2765 2839 3072 3178 3273 3321 3922 4406 4470 4664 4731
443	1	219	20	21 556 694 717 788 1482 1552 1583 1710 1834 2316 2484 2502 2995 3198 3206 3364 3393 3450 4102 4176 4180 4334 4395 4634 4713 4785
458	7	179	20	364 464 516 632 641 660 1129 1241 1261 1407 1650 1705 1740 2060 2298 2343 2426 2773 2861 2960 3391 3476 3505 4072 4345 4453 4575 4724 4834
14	33	107	20	412 1022 1072 1176 1280 1462 1750 2089 2093 2214 2365 2597 2725 2769 3028 3075 3213 3493 3697 3745 4002 4126 4282 4414 4468 4526 4558 4755 4882 4887
38	30	236	20	132 234 260 721 723 920 1394 1496 1551 1651 1839 1903 2155 2170 2300 2537 2666 2715 2797 3190 3681 3687 3782 3993 3999 4122 4313 4518 4568 4625
60	28	128	20	52 389 1073 1365 1452 1950 1996 2120 2399 2601 2625 2704 2780 2798 2850 3503 3742 3788 4077 4222 4261 4455 4523 4605 4674 4853
79	35	58	20	63 75 285 547 682 794 888 1305 1493 1840 2028 2058 2161 2307 2332 2353 2421 2477 2787 2893 3150 3204 3299 3324 3458 3498 4535 4750 4777 4877 4884
84	25	108	20	190 318 553 663 918 978 1077 1296 1356 1408 1649 1725 1957 1991 2319 2501 2539 2558 2934 3112 3115 3207 3470 3566 3667 3919 4171 4220 4230 4352 4702 4753
116	24	128	22	36 249 250 252 467 594 979 1140 1170 1239 1580 1960 2022 2254 2510 2972 3112 3148 3161 3369 3540 3552 3644 3653 3734 3881 3920 4154 4185 4215 4338 4382 4867
133	40	130	20	317 319 468 839 919 980 1013 1044 1108 1125 1178 1252 1350 1375 1383 1426 1485 1591 1738 2318 3542 3575 3856 4044 4119 4214 4237 4467 4644 4808
135	2	147	22	190 369 439 641 800 832 990 1149 1174 1333 1910 2015 2163 2180 2233 2247 2402 2627 2644 2663 2684 2822 3020 3338 3420 3875 4287 4538 4595 4602 4722 4796
137	15	236	22	33 128 292 304 477 684 933 1004 1275 1302 1494 1560 1566 1648 1651 1654 1674 1786 2158 2275 2381 2589 2757 2999 3237 3737 3837 4609 4683 4684 4707 4963
143	5	15	22	49 163 248 435 612 1233 1316 1668 2088 2215 2244 2746 2776 2829 2932 3082 3335 3446 3624 3749 4227 4451 4510 4612 4661 4811 4826 4871
243	32	47	22	298 397 607 837 995 1133 1311 1627 1986 2104 2477 2539 2605 2830 3080 3251 3590 3665 3674 3996 4004 4091 4235 4419 4455 4599 4735 4827 4868 4931
245	29	200	22	411 1680 1711 1800 2146 2235 2250 2279 2462 2480 2536 2538 2760 2791 2870 2903 2983 3075 3170 3396 3518 3816 4335 4411 4545 4549 4584 4667 4671
261	3	231	22	34 515 601 630 1060 1101 1328 1329 1331 1447 1970 2136 2198 2435 2444 2533 3176 3325 3524 3988 4029 4068 4112 4160 4229 4409 4474 4537 4560 4626 4778
262	23	9	22	56 270 321 710 780 821 853 1226 1230 1277 1310 1503 1692 1861 2034 2075 2178 2181 2682 2694 2727 2898 3304 3314 3347 3357 3561 3963 4116 4262 4542 4563
285	34	185	22	50 245 784 977 1078 1167 1308 1347 1406 1589 1609 1686 1768 1778 2017 2144 2399 2524 2885 3051 3303 3693 3763 3888 4022 4024 4475 4494 4733 4806
301	8	46	22	181 264 457 548 631 758 767 781 900 1131 1189 1289 1299 1356 1421 1574 1643 2407 2431 2612 2628 2642 2714 2717 2815 2871 2930 3007 3081 3363 3542 3612 4374 4395
302	11	241	22	664 932 997 1155 1176 1231 1436 1571 2023 2167 2246 2449 2637 2758 3223 3529 3659 3789 3870 3977 4218 4233 4365 4511 4524 4573 4709 4832 4926 4983
323	31	91	22	57 925 948 991 1120 1126 1379 1417 1599 1831 2071 2116 2142 2312 2487 2722 2801 3038 3330 3466 3679 3876 4087 4095 4117 4286 4327 4762 4941 4977
329	9	208	22	228 492 610 775 1175 1925 2044 2111 2177 2240 2516 2587 2652 2657 2866 2925 3118 3138 3206 3288 3402 3473 3476 3834 3902 3935 4270 4554 4840 4883 4892 4925
383	36	176	22	399 438 482 926 1003 1211 1297 1579 1962 2008 2160 2192 2288 2451 2471 2490 2562 2563 2598 2667 3132 3167 3271 3307 3587 3613 3931 3974 4078 4385 4482 4901
384	10	214	22	27 109 247 690 754 1107 1335 1419 1471 1473 2025 2045 2387 2396 2446 2585 2813 3255 3258 3500 3595 3627 4074 4213 4248 4249 4289 4337 4415 4577 4668 4809
429	22	140	22	191 371 509 608 773 796 851 1104 1213 1434 1614 1615 1703 1896 2165 2217 2518 2738 2921 3031 3155 3209 3232 3240 3400 3867 4230 4378 4617 4783 4864 4936
493	38	68	22	263 267 327 541 687 818 970 1244 1389 1514 1616 1625 1759 1916 1917 1993 2331 2521 2635 2755 2808 2990 3102 3113 3205 3510 3615 4195 4304 4437 4460 4636 4686 4712
35	39	2	22	244 346 634 734 865 1208 1558 1562 1664 1968 2021 2208 2346 2464 2515 2835 3085 3093 3290 3333 3592 3645 3701 4017 4033 4064 4212 4245 4311 4534 4714
46	16	138	22	92 140 208 382 432 578 732 756 947 1600 1873 1899 1997 2081 2121 2292 2329 2380 2433 2497 2772 3002 3015 3447 3566 3758 4163 4196 4516 4665 4947
49	26	5	22	86 197 318 586 638 785 934 1059 1162 1268 1414 1423 1457 2483 2620 2639 2698 3084 3218 3368 3791 3802 4036 4237 4238 4520 4687 4878
54	17	105	22	354 376 550 577 604 722 790 1005 1064 1245 1301 1348 1485 1810 1877 1882 2223 2229 2413 2577 2922 3019 3181 3265 3317 3336 3456 4055 4141 4866 4969
56	18	143	22	206 483 489 654 749 882 894 927 1090 1123 1357 1405 1581 1626 1710 2408 2505 2617 2897 3695 3760 4067 4180 4330 4354 4570 4571 4742 4751 4755 4873
78	20	22	22	203 379 408 811 846 960 975 1369 1756 2012 2517 2863 2937 2988 3050 3145 3194 3548 3570 3642 3675 3787 3814 4046 4280 4493 4555 4598 4677 4902
89	14	233	22	219 719 777 966 1008 1312 1533 1713 2099 2115 2185 2277 2395 2481 2965 3095 3117 3419 3423 3608 3713 3913 3961 3983 3987 4050 4443 4765 4995
165	21	187	22	137 365 443 553 874 954 1199 1257 1637 1874 1886 1898 1923 1978 2020 2619 2723 2735 3012 3523 3539 3619 3897 4061 4232 4450 4556 4725 4911 4928
182	6	63	22	125 169 196 479 561 1157 1173 1263 1729 1821 1956 2154 2218 2278 2378 2448 2571 2582 2715 2721 2854 2917 3234 3547 3671 4260 4505 4525 4853 4905 4938
185	13	49	22	48 241 309 368 510 531 911 980 1096 1151 1279 1339 1693 1903 1952 1969 2049 2063 2072 2313 2542 2602 2973 3114 3122 3829 3925 3958 3991 4054 4106
213	19	35	22	393 431 661 715 1112 1377 1500 1727 1911 1932 1933 1998 2037 2526 2529 2716 2743 2768 2976 3037 3046 3383 3677 3831 3872 4189 4201 4302 4601 4841 4843 4890
222	27	72	22	72 123 134 418 560 835 857 1046 1617 2315 2401 2512 2704 2836 2939 3060 3296 3345 3594 3603 3865 4085 4384 4449 4575 4578 4594 4620
237	37	191	22	80 847 965 1439 1465 1586 1657 1770 1823 1848 1850 1853 2002 2377 2509 2600 2678 2701 3217 3327 3349 3384 3471 3950 4228 4291 4420 4645 4721 4763 4998
290	12	237	22	51 94 173 178 1011 1143 1293 1750 2055 2173 2207 2412 2514 2564 2609 2614 2672 3196 4073 4183 4184 4281 4596
328	1	20	22	581 584 650 679 692 757 885 1409 1459 1824 1912 2003 2264 2314 2653 3264 3371 3398 3407 3643 3780 4174 4204 4250 4284 4448 4498 4621
357	7	36	22	359 419 450 569 771 819 913 1246 1249 1334 1350 1652 2028 2438 2513 2570 3033 3358 3672 3851 3874 3889 3891 3921 3943 4115 4369 4552 4590 4679
385	33	190	22	24 461 703 803 840 1608 1897 2076 2243 2283 2335 2336 2383 2673 2960 3070 3492 3752 3966 4135 4279 4323 4396 4414 4635 4862 4914
411	30	250	22	105 116 221 235 349 626 633 643 680 828 1528 1567 1719 1914 1920 2079 2356 2675 2769 3355 3556 3639 3736 3819 3887 4205 4553 4649 4966
425	28	123	22	28 320 533 772 1346 1365 1403 1578 1701 2061 2130 2175 2534 2610 2671 2842 3068 3313 3863 4041 4125 4149 4202 4236 4644 4701 4711 4756
438	35	60	22	23 60 259 358 733 830 951 1085 1332 1892 1918 2153 2260 2580 2686 2740 2931 3140 3284 3287 3508 3691 3796 3853 3964 3965 4023 4079 4098 4389 4406 4984
447	25	188	22	73 107 147 165 257 512 788 1000 1111 1222 1309 1467 1943 2057 2172 2182 2310 2535 3158 3224 3242 3554 3631 3753 4014 4379 4483 4507 4672
455	40	67	22	106 185 290 471 540 998 1124 1188 1747 1812 1919 2305 2325 2416 2636 2711 2712 2974 3100 3263 3386 3479 3755 3779 3818 3848 4191 4216 4332 4664
462	4	171	24	134 136 194 219 276 362 425 427 1301 1466 1588 1827 1842 1931 2322 2736 3016 3663 3862 4168 4288 4550 4591 4693 4881 4894 4908 4909 4993
471	24	70	24	3 79 260 752 767 818 992 1818 2248 2354 2486 2574 2674 2716 2848 2911 3002 3014 3028 3091 3282 3676 3773 3909 4034 4082 4113 4230 4282 4481
474	2	241	24	111 123 273 347 1213 1347 1380 1438 1447 1882 2075 2614 2831 3201 3324 3717 3749 3895 3957 3994 4107 4329 4344 4648 4649 4870 4877 4974
24	15	76	24	49 404 528 557 800 816 999 1015 1032 1049 1210 1319 1423 2132 2358 2731 2957 3341 3370 3471 3778 4296 4333 4412 4423 4485 4514
43	5	81	24	33 267 329 748 813 847 1057 1170 1299 1376 2092 2134 2532 2544 2561 3166 3545 3573 3597 3702 3900 3927 4145 4293 4397 4403 4420 4602 4727 4814
44	32	123	24	77 240 291 305 524 830 1161 1216 1644 1838 2231 2280 2572 2665 2697 3010 3076 3212 3292 3340 3348 3497 3637 3848 3962 4001 4297 4302 4659 4682 4817
92	29	176	24	15 43 130 195 309 651 710 842 1296 1395 1654 1682 2067 2428 2621 2691 3001 3134 3354 3475 3596 3682 4124 4138 4252 4340 4483 4633 4759 4844 4847
167	3	14	24	168 199 409 571 633 731 786 1095 1171 1257 1436 1619 1628 1638 2031 2409 2496 2795 2952 3434 3790 3809 4040 4073 4176 4261 4359 4718 4742 4851
177	23	223	24	84 355 461 609 1273 1698 1863 1878 2266 2345 2367 2424 2603 2647 2721 2946 3022 3256 3449 3457 3585 3591 3705 3867 4014 4251 4392 4813 4846
226	34	10	24	151 209 335 380 382 433 439 489 579 1334 1585 1757 1771 1775 1851 2308 2440 2554 2582 2599 2624 2992 3554 4237 4700 4786 4986
257	8	198	24	193 356 377 556 713 1295 1381 1401 1427 1500 1526 1544 1837 2083 2556 2581 3065 3189 3248 3502 3510 3595 3658 3839 3901 3930 4361 4424 4491 4879 4991
280	11	152	24	350 470 724 763 1219 1429 1918 1919 2079 2292 2384 2467 2523 2709 2855 2856 2869 2919 3020 3175 3614 3737 3977 4140 4242 4440 4490 4788 4981
404	31	8	24	127 138 231 316 846 1234 1304 1453 1486 1531 1830 1982 2193 2284 2629 2763 2798 2936 3064 3546 3558 3833 3946 4206 4278 4328 4448 4579 4720 4741 4946
441	9	54	24	237 334 384 447 705 1124 1320 1679 1951 1977 1985 2924 3011 3323 3337 3374 3397 3627 3779 4279 4310 4342 4607 4617 4715 4823
76	36	177	24	20 146 284 325 336 457 825 907 921 948 954 1027 1307 1379 1402 1829 1847 1924 2124 2381 2702 3025 3052 3642 3648 3970 4400 4603 4939 4952
80	10	196	24	225 277 933 973 1272 1362 1550 1555 1741 1788 1816 1860 1996 2488 2618 2707 2984 3152 3548 3820 3879 3956 4055 4567 4660 4833 4998
190	22	234	24	204 270 493 567 589 602 845 902 1182 1203 1330 1547 1676 1729 1886 1905 2732 2821 3034 3072 3097 3099 3513 3690 4616 4845 4913 4915
252	38	148	24	41 331 545 702 777 864 1108 1142 1367 1861 1899 2312 2458 2485 2645 2717 2725 2803 2851 2893 3062 3843 3898 4051 4238 4461 4780 4900
274	39	117	24	295 451 453 509 854 1031 1591 1731 1763 1783 2046 2127 2334 2353 2361 2511 2610 2860 2932 3332 3357 3538 3750 3775 3865 4255 4281 4630 4655
284	16	174	24	96 153 155 783 1137 1176 1249 1412 1470 1494 1642 1868 2164 2419 2435 2509 2520 2539 2573 2626 3133 3164 3450 3500 3622 4266 4613 4941
300	26	87	24	118 385 570 597 789 805 1365 1369 1471 1540 1558 1566 1748 1794 1952 2117 2257 2791 3103 3116 3347 3748 3772 4122 4151 4351 4393 4427 4645 4907
369	17	184	24	152 312 527 618 649 681 798 815 923 976 1044 1052 1435 2355 2369 3275 3478 3588 3638 3876 4099 4192 4197 4321 4356 4414 4618 4650
55	18	120	24	173 175 223 233 265 510 566 677 938 1096 1136 1461 1656 1713 2035 2261 2286 2754 2808 2829 3454 3619 3730 4160 4274 4416 4797
96	4	198	26	151 256 383 458 514 596 961 1498 1611 1756 2091 2205 2295 2669 2861 2927 3016 3215 3303 3489 3660 3832 3970 3980 4011 4044 4239 4254 4497 4695
100	20	77	24	100 227 234 344 703 1177 1462 1607 1800 2080 2169 2576 2705 3029 3236 3480 3836 3849 4221 4240 4360 4536 4673 4707 4820 4893 4961
109	14	59	24	183 662 684 694 761 817 916 920 941 1113 1331 1403 1457 1485 1506 1781 1840 1864 1980 2402 2425 2491 3003 3465 3754 3968 4182
204	21	95	24	73 170 203 610 841 867 991 1019 1041 1623 1651 2137 2229 2274 3039 3178 3294 3306 3358 3420 3474 3524 3696 4045 4114 4454 4661 4710 4957
242	6	15	24	53 1082 1282 1512 1762 1822 1923 1928 2391 2528 2630 2913 3473 3634 3668 3706 3935 3960 4078 4120 4463 4475 4502 4619 4843 4970 4979
321	13	118	24	37 242 254 293 421 680 879 924 1024 1086 1285 1477 1490 1955 2139 2199 2612 2676 3184 3399 3431 3629 3633 3884 4223 4228 4362 4606
59	24	177	26	184 197 340 391 648 657 1145 2022 2227 2263 2700 2842 2885 2901 2986 3127 3240 3285 3301 3555 3958 4049 4072 4192 4516 4779 4789
107	19	61	24	8 108 116 313 776 987 1277 1410 1578 1632 1849 1956 2225 2417 2661 2863 3219 3433 3652 4154 4410 4538 4642 4716
139	27	110	24	148 311 506 585 640 683 688 699 827 1127 1573 2466 3030 3054 3073 3225 3976 4184 4349 4363 4484 4496 4675 4770 4897
170	37	186	24	213 367 534 538 568 577 839 1070 1245 1577 1935 2272 2297 2336 2461 2704 2878 3057 4020 4116 4152 4457 4501 4685 4818
264	12	49	24	55 285 372 532 603 852 968 1181 1465 2171 2244 2313 2321 2751 2780 2868 3126 3238 3263 3366 3482 3645 3651 4428 4611 4930
314	1	20	24	61 180 258 491 774 1359 1374 1510 1579 1582 1855 2040 2216 2246 2667 2712 2755 3169 3257 3793 3827 3850 4028 4125 4253 4610 4745
339	7	156	24	333 608 714 1158 1567 1948 2099 2106 2595 2600 2613 2961 3557 3878 4035 4119 4425 4439 4545 4577 4651 4763 4882 4966
470	33	179	24	245 456 833 883 1473 1575 1666 1727 1754 2133 2446 2447 2489 2669 2752 2787 2966 3049 3051 3060 3441 3589 3674 3847 4225 4899
477	30	31	24	44 444 614 856 913 1102 1246 1478 1508 1597 1846 2084 2214 2433 2470 2586 2631 2944 3131 3313 3724 3786 3813 4309 4366 4394 4873
77	2	10	26	719 851 873 1019 1050 1307 1581 1771 1772 2018 2271 2403 2703 2862 2916 2938 3067 3107 3271 3469 3759 3796 3827 3936 3963 4182 4803
136	28	220	24	187 244 477 490 661 692 876 949 1046 1051 1063 1609 1717 1790 1845 1945 2555 2684 3032 3346 3727 3797 4071 4200 4330 4609
152	35	206	24	224 330 753 1247 1509 1524 1743 1825 2250 2422 2445 2838 2935 3379 3581 3600 3635 3885 4108 4153 4407 4478 4551 4566 4747 4935
246	25	33	24	25 88 569 726 890 971 1583 1635 2053 2143 2549 2830 2883 3274 3382 3641 3904 3931 4155 4156 4629 4709 4848 4925 4929 4940 4942
276	40	34	24	1501 1557 1803 2056 2342 2351 2502 2551 2558 2580 2619 3128 3245 3728 4299 4304 4339 4429 4533 4738 4880 4933 4934 4982
366	15	230	26	795 1323 1367 1415 1463 1472 1476 1843 1972 2049 2051 2190 2382 2528 2662 2914 3156 3185 3191 3353 3501 3518 3584 3593 3684 4053 4166 4554
129	5	114	26	17 262 360 450 618 782 1071 1321 1398 1801 1923 2184 2566 2962 3084 3216 3508 3788 3842 3877 4241 4277 4300 4917 4950 4982
272	32	126	26	81 202 434 594 746 1065 1084 1221 1598 1728 1790 1795 1880 1900 2102 2640 3034 3268 3357 3610 4000 4249 4371 4728 4895 4932
347	29	51	26	339 1226 1319 1320 1543 1935 2017 2044 2086 2124 2141 2348 2443 2461 2666 2682 3092 3188 3190 3565 4484 4540 4586 4698 4736 4778 4865
448	3	224	26	144 337 735 756 972 1004 1028 1053 1492 1779 1946 2098 2252 2653 2676 2793 3159 3264 3302 3609 3772 4046 4096 4364 4781 4813
481	23	86	26	8 424 519 645 655 914 917 1185 1197 1686 1696 1723 1739 2170 2508 2761 2937 3437 3571 4101 4157 4204 4367 4424 4462 4592 4814
498	34	11	26	744 888 950 993 1068 1128 1294 1546 1552 1606 1644 1802 1811 1960 2103 2133 2143 2742 3012 3150 3599 3717 3810 3865 4678 4977
29	8	159	26	73 370 491 742 826 1126 1201 1210 1255 1515 1578 1907 2387 2775 2949 3083 3108 3512 3561 4150 4269 4428 4445 4588 4892 4976
33	11	220	26	182 302 384 656 1345 1433 1452 1489 1528 1877 2322 2529 2573 2607 2692 2840 2856 2881 2928 3085 3189 3323 3679 3779 4179 4937
424	31	12	26	14 101 258 310 478 572 761 858 946 1931 2224 2292 2743 2764 2782 2884 2943 3104 3141 3300 3452 4084 4589 4594 4903
6	9	191	26	11 293 503 792 912 941 976 1338 1766 1825 1879 2172 2214 2479 2575 2794 3201 3228 3771 3792 3814 3893 3910 4572 4955
286	36	116	26	336 365 575 625 629 779 1217 1542 1633 1889 1933 2112 2228 2981 3004 3099 3658 4013 4209 4391 4796 4843 4906
130	10	156	26	372 552 637 1469 1499 1508 1710 2174 2482 2589 2656 2730 2879 2907 3069 3120 3204 3329 3331 3564 3709 4421 4655 4671
64	22	100	26	468 540 1094 1237 1377 1658 1758 2331 2549 3046 3081 3403 3552 3639 3664 3843 3995 3997 4287 4660 4703 4912
382	38	181	26	327 652 1287 1335 1667 1827 1905 2093 2139 2394 2658 2687 2719 2932 3009 3266 3643 3665 3769 4494 4769 4897 4947
454	39	115	26	84 100 357 529 573 578 588 1098 1129 1198 1292 1330 1390 1631 2234 2388 4527 4575 4576 4730 4764 5000
434	16	155	26	283 481 531 747 893 1404 1697 1999 2180 2275 2800 3080 3459 3941 4008 4167 4383 4704 4975 4979
