Course	Room	Teacher	Time	Students
280	19	206	2	51 128 205 235 248 260 346 405 673 920 1088 1320 1350 1410 1525 1528 1684 1997 2001 2027 2204 2272 2294 2474 2667 2668 2783 2915 2943 3026 3039 3064 3433 3571 3599 3686 3709 3737 3897 4166 4219 4327 4346 4455 4549 4559 4569 4656 4691 4790 4814 4966
99	5	176	2	163 261 463 615 634 635 642 741 941 1086 1129 1149 1163 1170 1190 1230 1260 1398 1419 1429 1527 1540 1598 1708 1882 1915 2014 2118 2135 2187 2514 3120 3149 3216 3380 3406 3473 3536 3592 3702 3805 3838 3862 4161 4171 4342 4353 4397 4477 4658 4660 4732
238	18	200	2	5 90 357 413 523 797 815 847 892 945 953 1064 1107 1139 1408 1647 1859 1875 1907 2025 2073 2120 2421 2774 2818 2907 2987 3175 3190 3298 3349 3382 3387 3565 3580 3688 3839 3988 4001 4232 4423 4469 4566 4703 4740 4802 4913 4997
177	26	136	2	384 507 781 950 1052 1053 1137 1164 1294 1328 1420 1499 1552 1625 1677 1700 2060 2068 2111 2114 2284 2306 2538 2886 2890 2925 3195 3306 3476 3498 3505 3523 3545 3556 3600 3666 3703 3830 3948 4075 4169 4170 4359 4450 4522 4744 4779 4831
325	37	69	2	122 140 169 696 789 809 957 985 1055 1115 1155 1232 1367 1532 1716 2089 2210 2327 2392 2400 2402 2588 2743 2806 2896 2931 3171 3283 3399 3583 3662 3876 3993 4140 4224 4227 4275 4307 4367 4391 4550 4678 4733 4805 4843 4914
18	2	53	2	85 198 494 605 651 787 863 955 1151 1215 1340 1439 1664 1674 1780 1856 2379 2461 2506 2687 2714 2938 2985 3071 3077 3089 3217 3292 3319 3335 3665 3823 3831 3947 4043 4073 4143 4555 4572 4581 4796
55	13	55	2	48 75 129 199 224 267 284 294 354 414 608 737 810 1198 1318 1467 1501 1545 1604 1657 1754 1863 1871 1950 2209 2217 2289 2310 2485 2694 2731 2916 3022 3062 3170 3191 3584 3706 4200 4453 4489 4542 4624 4697 4900
110	28	20	2	230 452 453 459 564 626 656 732 780 826 938 981 993 1154 1273 1284 1479 1488 1587 1696 1789 1801 1845 2106 2807 2822 2973 3236 3266 3381 3418 3493 3497 3597 3901 3963 3975 4034 4087 4130 4165 4293 4584 4613 4634 4812 4905
114	39	125	2	177 484 648 880 897 977 1200 1415 1435 1486 1504 1575 1640 1785 1982 2096 2174 2229 2343 2447 2710 2762 2795 2992 3038 3097 3166 3243 3362 3452 3537 3557 3560 3629 3974 4057 4174 4320 4329 4693 4766 4774 4836 4848 4964 4983
93	17	212	2	13 50 93 188 203 229 276 461 606 852 1125 1148 1177 1259 1449 1623 1809 1978 2360 2604 2656 2848 2908 2981 3167 3225 3480 3509 3525 3549 3653 3659 3684 3687 3873 3917 4439 4482 4647 4749 4762 4889
269	36	167	2	334 351 365 502 680 687 807 814 940 1041 1092 1204 1280 1365 1369 1768 1786 2040 2041 2103 2243 2314 2671 2949 3111 3131 3254 3464 3478 3685 4097 4118 4191 4214 4217 4233 4297 4344 4365 4410 4448 4467 4524 4539
389	9	159	2	2 54 89 279 309 361 407 480 568 653 893 946 976 1059 1195 1345 1359 1456 1461 1576 1989 2175 2419 2520 2598 2628 2705 2825 2830 2947 3024 3155 3293 3325 3329 3896 3915 4060 4124 4325 4422 4520 4536 4679 4735 4818 4995
39	25	109	2	102 127 313 577 579 668 1077 1292 1538 1634 1890 2045 2094 2115 2236 2265 2479 2489 2558 2605 2637 2688 2738 2969 3199 3328 3395 3456 3492 3515 3611 3638 3722 3973 4109 4184 4552 4737 4753 4754 4839 4912 4932 4960
85	33	209	2	7 373 381 460 583 681 726 752 765 859 894 1395 1417 1424 1556 1947 2039 2341 2357 2426 2451 2490 2777 2819 2880 3178 3248 3488 3692 3767 3812 4008 4017 4054 4261 4315 4340 4442 4494 4652 4798 4884 4950 4958
130	31	13	2	23 91 223 312 511 584 618 621 846 853 939 968 1239 1347 1380 1381 1637 1660 1683 1835 1844 1911 1934 1995 2162 2186 2467 2546 2560 2597 2844 2892 3256 3363 3449 3475 3491 3690 3809 3921 4049 4204 4348 4352 4437 4540 4627 4683 4757 4921
376	32	241	2	19 68 69 81 101 215 566 595 755 1210 1261 1302 1343 1478 1562 1630 1643 1799 1818 1866 1896 2048 2279 2316 2429 2543 2545 2797 2872 3006 3104 3117 3233 3235 3261 3300 3345 3447 3718 3840 3847 3950 4123 4286 4366 4640 4653 4739
404	19	167	4	95 205 424 447 723 737 1058 1144 1153 1267 1346 1398 1443 1492 1645 1657 1782 1942 2047 2250 2295 2356 2526 2683 2837 2884 2914 2988 3061 3305 3418 3663 3848 3986 4007 4225 4364 4456 4523 4530 4605 4634 4928 4993
32	1	101	2	176 515 628 631 709 866 907 1105 1181 1281 1311 1541 1563 1692 1724 1905 2019 2273 2322 2389 2606 2629 2709 2782 2843 2933 2940 3183 3340 3640 3698 3851 3919 3927 4585 4625 4677 4685 4698 4821 4830 4894 4942
89	27	221	2	108 310 329 393 587 769 773 794 908 1000 1007 1044 1046 1141 1199 1268 1323 1405 1507 1515 1932 2299 2342 2488 2785 2869 2990 3044 3048 3202 3552 3782 3866 4132 4281 4289 4403 4673 4675 4862 4923 4953 5000
115	21	154	2	287 396 435 550 592 723 730 776 1081 1150 1222 1246 1285 1336 1384 1827 1846 1984 2252 2541 2614 2751 2757 2763 2871 3085 3562 3710 3755 3935 3999 4020 4030 4136 4196 4332 4350 4594 4750 4841 4947
180	35	82	2	32 60 61 201 412 740 871 889 999 1035 1225 1338 1581 1661 1678 1723 1860 1994 2134 2251 2278 2304 2477 2742 2749 2899 2927 2954 2988 3361 3507 3510 3668 3747 4252 4267 4304 4314 4470 4535 4695 4922
363	14	203	2	112 166 321 356 468 811 868 918 1158 1219 1291 1470 1521 1719 2100 2152 2226 2232 2339 2366 2425 2531 2547 2829 2858 2898 2936 3057 3153 3770 3772 3846 4016 4078 4206 4345 4361 4379 4433 4475 4484 4512 4978
364	12	150	2	4 25 110 290 417 429 527 735 923 1078 1309 1454 1757 2093 2159 2530 2569 2579 2666 2780 2897 3196 3240 3294 3343 3448 3468 3512 3576 3651 3700 3727 3878 3959 4045 4173 4222 4231 4278 4331 4375 4502 4589 4968
498	29	189	2	135 143 207 298 479 483 525 711 869 997 1080 1182 1237 1362 1494 1524 1613 1996 2067 2405 2471 2568 2690 2720 2996 2997 3121 3312 3409 3454 3522 3641 3647 3661 3790 3934 4248 4318 4409 4561 4676 4742 4781 4845
162	34	174	2	57 87 167 232 241 415 416 474 629 1317 1361 1400 1427 1514 1555 1579 1589 1729 1779 1980 2090 2189 2307 2571 2663 2989 2991 3031 3061 3145 3200 3417 3425 3529 3622 3625 3731 4117 4605 4669 4672 4857
267	24	62	2	17 79 94 252 316 441 504 551 639 646 771 937 963 1072 1252 1386 1659 1864 1880 1910 2196 2240 2268 2433 2562 2841 2942 3096 3373 3427 3460 3532 3674 3758 3759 3763 3768 4084 4285 4380 4545 4994
384	20	121	2	109 371 599 744 887 903 971 1032 1114 1255 1382 1680 1714 2059 2249 2286 2334 2625 2670 2711 2952 3040 3055 3234 3457 3743 3746 3757 3766 3826 3870 3929 4027 4113 4472 4570 4595 4940 4976
429	4	26	2	97 190 206 409 438 455 518 974 1002 1029 1245 1287 1306 1339 1390 1550 1699 1745 1891 1933 2133 2297 2521 2732 2744 2754 2770 2821 2840 2920 3188 3231 3438 3445 3677 3719 3720 3783 3925 4148 4239 4336 4615 4705 4813
432	38	163	2	132 258 400 422 424 430 503 774 825 924 1015 1202 1666 1689 1886 1993 2169 2198 2318 2859 3015 3068 3072 3128 3316 3322 3332 3603 3637 3691 3928 3966 3998 4065 4197 4364 4426 4443 4495 4607 4657 4687 4869
446	22	248	2	77 446 509 822 929 1242 1444 1593 1611 1639 1790 1792 1836 1983 2128 2233 2291 2311 2529 2542 2633 2646 2655 2767 2775 3042 3222 3263 3317 3357 3519 3540 3570 3655 3872 4362 4401 4488 4513 4702 4803 4806 4866 4907 4925
471	16	37	2	92 222 227 395 567 749 841 1023 1034 1040 1226 1428 1443 1667 1833 1878 1951 1998 2242 2349 2413 2417 2635 2639 2814 2911 2937 2945 3074 3193 3285 3303 3404 3573 3585 3705 3802 3877 4039 4151 4277 4400 4576 4854 4937 4965
33	10	48	2	21 36 149 162 442 476 477 496 580 660 698 832 931 1024 1431 1502 2037 2178 2197 2203 2230 2257 2362 2418 2450 2483 2615 2716 2846 3119 3197 3250 3479 3658 3680 3961 4564 4736 4936
79	23	216	2	64 146 289 456 536 722 806 898 1026 1098 1099 1203 1517 1519 1641 1649 1663 1731 1746 1825 1855 2123 2143 2225 2274 2387 2393 2414 2455 2470 2472 2482 2561 2636 3066 3164 3277 3280 3595 3854 3946 4095 4240 4354 4417 4562 4767
91	40	224	2	53 185 249 306 345 561 563 667 954 988 1019 1135 1189 1407 1409 1448 1463 1535 1690 1697 1772 1808 1963 1970 2030 2054 2430 3017 3203 3416 3530 3546 3996 4011 4185 4245 4425 4434 4498 4671 4783 4856 4901
155	6	22	2	137 165 172 303 305 324 341 380 428 487 812 961 1033 1378 1396 1498 1713 1771 2170 2391 2642 2708 2772 3076 3208 3354 3441 3543 3972 4089 4211 4225 4319 4369 4415 4492 4563 4575 4688 4810 4816 4840 4849
209	11	34	2	35 40 83 179 447 493 585 589 591 855 1039 1221 1256 1297 1460 1526 1627 2129 2245 2572 2580 2617 2640 2684 2693 2746 2791 3135 3138 3214 3279 3372 3419 3673 3811 3858 4007 4018 4051 4081 4374 4496 4518 4573
241	15	52	2	111 317 398 421 576 724 762 831 873 934 1142 1307 1394 1447 1518 1549 1582 1737 1755 1767 1774 1889 1999 2099 2172 2309 2368 2403 2436 2894 2972 3023 3147 3213 3342 3435 3455 3605 3986 4290 4515 4651 4899
332	3	116	2	150 335 491 573 622 704 909 965 1122 1269 1430 1485 1596 1618 1653 1748 1781 2016 2228 2346 2374 2404 2408 2415 2765 2808 2865 2866 2957 3184 3355 3472 3513 3829 3967 4019 4102 4119 4265 4323 4378 4390 4532 4577 4832 4952
396	8	157	2	65 645 692 885 1184 1228 1474 1533 1537 1728 1902 1938 1969 2083 2110 2185 2199 2422 2428 2610 2862 2950 3050 3118 3126 3711 3780 3784 3808 3892 4093 4203 4280 4543 4604 4612 4616 4620 4665 4765 4865 4882 4928
403	7	122	2	104 123 136 337 374 489 593 756 772 1060 1110 1211 1218 1220 1266 1465 1511 1577 1628 1769 1967 2121 2171 2302 2401 2512 2975 3311 3643 3751 3869 3907 4192 4229 4333 4473 4499 4525 4809 4871 4979
414	30	107	2	45 119 333 485 522 545 669 690 697 702 1012 1049 1109 1134 1402 1423 1698 1812 1922 2074 2224 2256 2321 2510 2511 2519 2874 2910 2999 3162 3734 3852 4005 4068 4100 4106 4262 4558 4844 4853 4909
415	5	248	4	86 375 671 709 710 747 780 941 955 965 1047 1050 1243 1356 1456 1545 1668 1981 2033 2329 2373 2396 2413 2605 2636 2675 2894 3048 3205 3227 3364 3549 3611 3700 3839 3879 3912 4431 4438 4632 4657 4726 4883
9	18	247	4	16 134 147 188 233 275 485 570 702 717 1066 1120 1134 1252 1282 1615 1694 1728 1837 1933 2241 2280 2302 2574 2630 2688 2790 2870 3030 3355 3494 3501 3529 3596 3603 3628 3630 3724 3793 3913 4296 4767 4814
124	26	215	4	57 338 403 442 443 473 479 481 573 728 793 1425 1480 1502 1736 1797 1874 1925 2070 2108 2170 2326 2370 2528 2599 2657 2711 2963 3107 3209 3654 3980 4066 4122 4126 4187 4590 4837 4994
184	37	25	4	154 211 251 591 814 1247 1281 1327 1779 1806 1870 1948 2172 2288 2315 2549 2623 2685 2736 3018 3186 3282 3287 3388 3472 3510 3520 3602 3651 3849 3954 3972 4038 4162 4215 4310 4360 4392 4719 4735 4757 4974
242	2	225	4	44 182 387 421 824 875 1257 1313 1433 1437 1570 1607 1705 1710 1992 2192 2333 2497 2600 2897 2958 3276 3297 3358 3458 3469 3486 3496 3606 3615 4164 4210 4277 4278 4350 4614 4645 4745 4980 5000
256	13	30	4	145 166 192 243 317 446 453 469 480 689 787 1018 1054 1062 1127 1167 1220 1261 1377 1677 1729 1830 1900 1911 2158 2361 2782 2833 2836 2902 2957 3001 3518 3671 3751 3777 3855 4091 4197 4224 4258 4519 4903
266	28	142	4	107 201 432 450 650 724 1109 1111 1168 1201 1271 1463 1550 1711 1761 2075 2082 2234 2443 2576 2631 2707 3005 3049 3056 3069 3350 3534 3874 4015 4016 4077 4093 4099 4131 4254 4309 4352 4413 4465 4806 4881 4908 4978
273	39	34	4	68 93 128 163 646 904 918 1171 1193 1248 1381 1943 2115 2164 2277 2319 2395 2492 2532 2760 3105 3244 3652 3760 3937 4079 4088 4094 4136 4154 4349 4361 4515 4617 4724 4817 4873 4929 4947 4961 4979
318	17	22	4	337 494 504 514 536 557 740 803 835 837 842 887 1063 1065 1179 1460 1495 1522 1546 1839 1906 2011 2050 2083 2441 2459 2475 2750 2751 2791 2908 2912 2913 2955 3323 3347 3471 3619 3733 3753 3845 4362 4430 4626 4701 4865
418	36	45	4	206 207 355 517 535 681 703 743 846 986 1064 1331 1361 1384 1395 1688 2061 2341 2433 2450 2607 2648 2895 2961 3113 3193 3269 3399 3748 3868 3883 3903 3922 3933 3962 4755 4766 4855 4888 4955 4971
479	9	130	4	136 138 539 575 781 980 1099 1372 1473 1524 1549 1558 1770 1888 1954 1978 2317 2467 2478 2551 2584 2813 2864 3017 3055 3097 3271 3365 3454 3500 3524 4092 4108 4247 4270 4536 4540 4650 4709 4739 4765 4867
486	25	86	4	6 89 120 468 490 588 625 720 767 815 823 1004 1008 1113 1115 1244 1539 2063 2092 2156 2351 2394 2883 3116 3124 3190 3324 3334 3541 3616 3728 3854 3958 3978 4041 4060 4137 4415 4641 4655 4875 4906
36	33	59	4	367 416 526 693 732 850 989 1159 1262 1414 1426 1482 1496 1636 1674 1780 1953 2022 2150 2162 2209 2215 2562 2647 2753 2754 2823 2989 3082 3191 3481 3487 3590 3693 3782 4083 4269 4435 4647 4682 4804 4932
46	31	117	4	209 239 270 365 369 452 639 754 838 899 914 949 1389 1423 1500 1507 1652 1719 1804 1850 1975 2056 2206 2226 2354 2426 2434 2527 2674 2802 3460 3819 3968 4004 4073 4218 4354 4385 4487 4667 4824 4965
116	32	210	4	66 114 226 268 388 594 697 927 1052 1342 1396 1679 1698 1841 1937 1940 1947 2038 2157 2194 2216 2602 2681 2942 3027 3201 3316 3506 3743 3754 3763 3812 4256 4288 4416 4439 4598 4608 4713 4802 4871
140	1	75	4	79 117 119 254 277 314 354 362 559 567 659 817 948 1163 1216 1661 1702 1760 2072 2182 2193 2195 2423 2627 2659 2705 2827 3206 3412 3550 3563 4085 4239 4257 4429 4479 4521 4784 4858 4926 4927
154	27	11	4	130 148 217 390 546 885 1118 1462 1471 1868 2059 2109 2212 2220 2297 2350 2488 2819 2998 3059 3159 3180 3217 3327 3390 3627 3765 3895 3932 3999 4098 4110 4180 4283 4381 4453 4512 4581 4583 4822 4825 4950
163	21	89	4	84 418 460 521 599 606 691 738 968 1043 1223 1481 1718 1814 1854 2053 2673 2726 2873 3026 3296 3321 3495 3498 3545 3593 3712 3915 3992 4121 4389 4553 4592 4661 4663 4693 4725 4924
178	35	246	4	102 273 423 739 913 990 1485 1530 1730 2017 2069 2122 2537 2656 2781 2834 2849 2939 2983 3182 3207 3260 3536 3613 3694 3985 4011 4165 4223 4281 4291 4420 4503 4652 4900 4939 4942 4995
203	14	145	4	52 99 326 665 886 1003 1112 1454 1513 1557 1594 1709 1901 1941 2019 2130 2147 2427 2766 2784 2807 2863 3020 3058 3168 3173 3254 3255 3789 4064 4236 4345 4347 4388 4408 4520 4638 4933 4945
211	12	197	4	181 220 222 278 434 555 556 571 686 716 1012 1160 1183 1291 1813 1843 2214 2844 3033 3041 3126 3171 3354 3361 3369 3532 3675 3738 3847 3862 3876 3943 4109 4217 4264 4339 4711 4722 4748 4752 4830 4886
216	29	144	4	29 142 223 349 488 569 745 1009 1069 1166 1203 1253 1314 1375 1584 1923 1931 2098 2207 2637 2755 2838 2925 3021 3032 3042 3120 3265 3415 3562 3778 3835 3859 4036 4566 4601 4625 4807 4815
257	34	234	4	204 550 880 1034 1057 1070 1130 1142 1205 1379 1647 1682 1749 1955 2089 2126 2179 2375 2721 2723 3125 3185 3195 3215 3268 3300 3474 3649 3695 3762 3861 3891 4063 4119 4289 4443 4446 4988
265	24	46	4	78 216 242 372 502 543 682 952 1013 1038 1408 1662 1773 1972 1987 2107 2125 2144 2187 2360 2453 2454 2468 2618 2696 2926 3002 3092 3137 3309 3425 3565 3707 3820 4025 4181 4228 4262 4386 4575 4580 4589 4750 4772 4838
287	20	7	4	7 42 155 177 491 845 1202 1899 2035 2119 2211 2233 2608 2697 2808 2984 2995 3308 3318 3329 3372 3429 3438 3561 3772 3792 3840 3865 3870 3909 4044 4068 4313 4379 4471 4541 4628 4780 4782 4787 4923
310	4	17	4	315 636 641 652 891 969 1178 1229 1355 1391 1431 1468 1553 1648 1774 2076 2386 2431 2449 2469 2507 2583 2638 2764 2853 3004 3096 3133 3150 3275 3351 3419 3685 3757 4558 4672 4936
347	38	217	4	51 83 100 248 307 405 648 707 808 866 1103 1622 1926 1935 2100 2165 2293 2380 2383 2417 2713 2915 3202 3289 3306 3312 3554 3670 3838 4169 4177 4226 4318 4414 4440 4501 4721 4729 4779 4868 4878 4895 4998
393	22	50	4	133 249 300 475 583 805 981 993 1089 1124 1568 1604 1656 1759 2026 2411 2489 2586 2843 2855 2879 2978 3078 3153 3465 3470 3537 3857 3925 3971 4425 4505 4526 4548 4811 4819 4872 4962 4973 4982
405	16	150	4	73 333 345 422 466 505 524 531 547 551 708 768 868 928 983 1088 1093 1101 1245 1511 1812 2018 2235 2299 2388 2513 2774 2835 2976 3204 3337 3453 3806 3896 4118 4199 4330 4366 4407 4441 4508 4525 4840
428	10	170	4	572 615 673 688 851 900 1007 1014 1084 1173 1300 1332 1374 1442 1455 1573 1704 1753 1903 2051 2289 2335 2438 2439 2606 2652 2735 2738 2771 3102 3233 3436 3900 4009 4106 4140 4160 4202 4216 4237 4287 4864 4911
438	23	31	4	18 230 276 376 435 518 774 962 996 1123 1140 1310 1362 1483 1556 1865 1949 2024 2149 2228 2372 2376 2384 2481 2594 2660 2739 2762 2850 3037 3090 3099 3158 3824 4023 4241 4648 4676 4771
439	40	171	4	11 22 72 113 441 464 482 631 657 1148 1349 1383 1565 1589 1595 2113 2154 2269 2425 2444 3134 3174 3370 3431 3527 3744 3764 3802 3914 3942 3949 4050 4115 4306 4384 4452 4459 4662 4690 4954
441	6	219	4	5 348 363 412 843 946 973 1022 1345 1450 1827 1889 2078 2285 2374 2377 2479 2632 2664 2676 2985 3013 3066 3108 3181 3226 3274 3569 3798 3810 3825 3841 3894 3923 4200 4243 4332 4348 4630 4740
456	11	127	4	58 87 164 409 433 549 620 623 658 701 711 776 1026 1044 1094 1121 1125 1289 1416 1464 1515 1536 1960 1990 2868 2890 3183 3229 3257 3466 3788 3948 3994 4054 4205 4311 4331 4338 4419 4433 4454
472	15	194	4	20 173 274 302 487 507 951 1041 1217 1306 1692 1750 1752 1929 2140 2169 2480 2502 2567 2601 2747 2758 2816 2935 2968 3009 3111 3132 3184 3426 3566 3573 3661 3804 3829 3834 4031 4312 4343 4460 4599 4934
483	3	160	4	271 667 770 844 872 1010 1016 1175 1488 1501 1654 1857 1962 2128 2218 2260 2332 2534 2544 2643 2665 2682 2686 2687 2699 3085 3091 3157 3213 3214 3245 3294 3559 3579 3730 3989 4146 4382 4476 4486 4554 4699 4794
490	19	170	6	26 36 133 331 474 559 618 700 760 957 958 1008 1040 1276 1508 1563 1646 1663 1704 1759 1829 2129 2505 2575 2980 3367 3372 3509 3741 3744 3800 3864 3914 4089 4122 4265 4402 4573 4618 4831 4863
12	8	41	4	25 37 183 566 601 782 839 1108 1114 1172 1756 1788 1875 1880 1967 2034 2043 2477 2589 2825 2877 3043 3084 3139 3442 3456 3692 3725 3944 4102 4221 4579 4708 4749 4797 4876 4910 4919 4930 4986
70	7	35	4	62 370 586 674 725 879 1031 1404 1904 1919 2004 2048 2103 2511 2572 2573 2719 2728 2773 2832 2888 2891 3147 3155 3660 3731 3756 3783 4367 4372 4393 4552 4596 4606 4618 4683 4738 4946 4949
73	30	168	4	35 40 202 208 328 334 408 471 954 959 987 1074 1087 1189 1371 1602 1740 1851 1873 1934 2145 2148 2203 2263 2305 2460 2474 2775 2893 3064 3073 3514 3572 3659 3833 3889 4013 4303 4514 4528 4778 4964
84	5	13	6	121 136 156 209 268 288 337 418 428 603 688 747 1037 1146 1452 1479 1709 1883 2155 2471 2586 2626 2732 2740 2850 3070 3148 3236 3558 3592 3654 3792 3831 4028 4076 4128 4219 4266 4282 4406 4563 4789 4859
96	18	12	6	14 159 318 569 657 823 990 1172 1392 1467 1492 1559 1632 1673 1750 1822 2219 2261 2294 2361 2632 2770 2881 2920 2964 3030 3307 3469 3487 3513 3672 3811 4015 4095 4254 4292 4347 4427 4508 4556
109	26	211	6	129 259 457 670 808 907 1263 1726 1898 1992 2048 2054 2191 2464 2822 2826 2974 3020 3072 3137 3174 3432 3446 3593 3648 3868 3933 3937 4013 4145 4203 4293 4720 4722 4799 4957 4961 4967
129	37	238	6	278 329 911 924 962 1013 1147 1268 1323 1434 1439 1640 1778 1785 1851 1966 1978 2181 2186 2271 2332 2426 2872 2878 3567 3798 3837 3907 3928 4022 4050 4218 4304 4365 4463 4511 4766 4860 4882 4934 4956
235	2	119	6	123 160 283 291 491 744 1303 1328 1406 1480 1568 1782 1793 1848 1948 2044 2199 2376 2445 2465 2547 2583 2676 2807 2821 2867 2946 3019 3269 3442 3455 3470 3900 4010 4141 4142 4165 4255 4271 4485 4885 4893
259	13	36	6	111 168 389 397 617 678 690 733 767 1072 1176 1386 1387 1516 1572 1574 1609 1671 1787 1970 2086 2101 2194 2379 2390 2618 2722 3051 3087 3207 3309 3667 3844 3879 3956 4034 4097 4226 4277 4335 4446 4482 4579 4611
271	28	138	6	131 165 255 385 490 541 629 686 750 917 985 1004 1113 1497 1626 1685 1951 2200 2257 2345 2623 2759 2761 2909 3350 3360 3386 3492 3618 3839 3967 3992 4156 4182 4205 4418 4448 4578 4586 4941 4945
274	39	24	6	56 232 333 451 513 564 672 683 761 771 936 1285 1330 1365 1519 1538 1548 1730 1847 1856 1916 1940 1980 2148 2297 2596 2785 2803 2987 3123 3336 3407 3409 3480 3530 3629 3786 3885 4370 4654 4765 4842
276	17	239	6	71 115 187 199 228 488 533 612 716 841 1339 1360 1407 1564 2046 2063 2064 2247 2331 2510 2550 2749 2810 2834 2869 3192 3529 3604 3666 3855 3951 4006 4256 4263 4334 4614 4748 4907
286	36	21	6	55 149 157 273 282 298 309 324 399 505 597 759 832 1070 1255 1364 1477 1482 1715 1872 2144 2259 2282 2423 2452 2474 2595 2658 2691 2836 2888 3094 3102 3195 3481 3881 3904 4059 4250 4317 4488 4569
298	9	134	6	184 377 391 443 512 607 731 748 843 926 998 1029 1036 1177 1179 1234 1458 1798 1800 2123 2377 2516 2523 2552 2661 2672 3041 3068 3100 3252 3514 3517 3636 3877 3983 4043 4391 4495 4510 4644
336	25	39	6	6 148 154 189 398 483 1044 1050 1162 1272 1334 1413 1615 1660 1696 1963 2005 2017 2097 2321 2391 2420 2800 2804 3001 3169 3355 3462 3622 4058 4115 4378 4468 4528 4705 4909
379	33	217	6	46 246 781 836 897 967 980 1161 1205 1232 1294 1304 1336 1451 1513 1806 1827 1837 1997 2061 2080 2093 2165 2243 2384 2499 2593 2833 2886 2965 3031 3437 3490 3645 3826 4289 4309 4689 4874 4944 4949 4976
480	31	6	6	100 238 327 412 666 708 816 986 1301 1535 1578 1598 1607 1731 1880 1984 2329 2355 2585 2612 2640 2745 3053 3198 3271 3436 3523 3568 3781 3799 3807 3830 3867 3958 4047 4074 4260 4524 4649 4843 4933
491	32	235	6	194 225 361 616 698 805 1270 1343 1440 1449 1505 1557 1614 1752 1891 2060 2079 2554 2563 2680 2683 2852 2924 3162 3196 3226 3282 3408 3502 3625 3755 3818 3858 3973 4044 4160 4527 4883 4978
495	1	185	6	245 380 401 854 857 956 1058 1126 1223 1352 1408 1522 1858 1877 1931 2028 2136 2249 2832 2877 2982 3062 3075 3126 3197 3806 3884 4007 4168 4675 4733 4841 4890
499	27	171	6	15 39 349 500 520 593 640 705 752 802 947 1104 1203 1243 1348 1469 1514 2069 2113 2350 2475 2559 2795 2839 2865 2876 2960 3028 3229 3353 3366 3773 3882 3895 4620 4888 4899 4935 4971
4	19	24	8	49 82 106 246 304 522 524 745 768 793 1221 1233 1264 1291 1358 1465 1471 1473 1717 1733 1743 2065 2755 3130 3348 3370 3390 3393 3517 3580 3620 4039 4072 4408 4421 4490 4561 4565 4567 4586 4944
35	21	182	6	25 61 253 588 766 872 995 1135 1214 1219 1808 1881 1972 1990 2103 2147 2160 2291 2648 2690 2710 2791 3056 3083 3495 3503 3745 3797 3809 4098 4112 4132 4161 4237 4328 4523 4655 4686 4918
45	35	135	6	94 409 447 1552 1596 1597 1687 1701 1741 1744 1779 1850 1885 2341 2342 2442 2522 2718 2720 2875 2906 3101 3304 3341 3427 3467 3633 4002 4014 4048 4339 4470 4661 4887 4898 4998
77	14	191	6	3 308 330 343 364 378 498 503 558 660 699 1101 1152 1315 1573 1841 2206 2303 2334 2513 2629 2704 2792 2854 2922 2966 3389 3419 3550 3591 3921 4062 4064 4162 4312 4432 4716 4780 4852
112	12	143	6	130 226 383 572 674 714 856 1009 1025 1171 1260 1262 1269 1485 1504 1561 1810 1994 2089 2152 2211 2287 2348 2581 2916 3078 3088 3110 3145 3211 3400 3555 3693 3736 3925 4474 4619 4717 4723 4761 4804 4833 4881
158	29	183	6	19 297 448 535 538 667 702 765 772 848 984 1120 1369 1405 1901 1914 1946 2049 2234 2437 2540 2620 2742 3006 3122 3124 3404 3468 3494 3608 3801 3999 4105 4148 4465 4630 4977
196	34	221	6	7 16 162 319 444 548 764 909 966 1128 1258 1521 1666 1754 1765 1878 1995 2035 2092 2223 2292 2646 2694 2757 2853 2938 3038 3095 3163 3187 3272 3570 3640 3753 4051 4264 4281 4434 4453 4522 4571 4621 4691
207	24	162	6	213 220 243 425 440 475 737 810 896 959 969 1015 1093 1105 1915 1967 2105 2233 2372 2553 2592 2729 2819 2840 2943 3131 3146 3612 3713 3762 3771 3935 4066 4214 4243 4251 4330 4403 4443 4473 4529 4544 4574 4639
218	20	63	6	192 292 587 703 782 1133 1160 1349 1500 1676 2010 2020 2031 2176 2197 2254 2278 2326 2580 2597 2730 2793 2873 2936 3235 3392 3435 3444 3571 3760 3959 3988 4036 4079 4157 4387 4464 4584 4872 4877 4931
219	4	234	6	1 8 109 295 410 449 623 637 844 902 1030 1488 1686 1802 1839 1912 1939 2139 2308 2752 2778 2831 3120 3159 3256 3301 3381 3382 3704 3714 3966 4055 4120 4213 4300 4303 4353 4668 4855 4861 4953 4982
237	38	41	6	110 302 346 679 712 780 827 858 952 1065 1292 1400 1404 1517 1922 2016 2143 2461 2673 2717 2737 2758 2830 3047 3084 3218 3785 3817 3898 4053 4152 4343 4478 4598 4684 4700
328	22	100	6	32 145 214 395 421 510 600 613 671 825 1047 1116 1549 2091 2111 2251 2290 2767 2880 2889 2907 3224 3225 3579 3727 3822 3912 3940 4242 4321 4362 4409 4653 4664 4756 4776 4973 4994
335	16	5	6	43 54 174 339 476 542 571 717 865 927 944 1182 1241 1427 1650 1937 2166 2284 2398 2449 2515 2660 2772 2895 3008 3164 3379 3559 3691 3788 4042 4146 4200 4388 4438 4460 4517 4600
343	10	83	6	151 277 460 929 987 1059 1095 1318 1495 1711 1727 1742 2027 2034 2134 2145 2363 2472 2500 2603 2619 2645 2855 3257 3356 3395 3405 3426 3508 3524 3880 4341 4421 4564 4685 4814 4847 4921 4990
352	23	218	6	73 534 755 859 955 1002 1148 1299 1376 1418 1444 1490 1781 1919 2062 2108 2486 2708 2724 2859 2933 3080 3300 3311 3315 3376 3607 3681 3768 3845 3863 4026 4150 4173 4262 4518 4667 4922 4986
378	40	81	6	49 371 374 492 652 762 933 964 1007 1353 1579 1588 1908 1909 2008 2037 2142 2318 2458 2476 2953 3096 3149 3221 3294 3383 3415 3474 3548 3737 4000 4030 4230 4246 4311 4451 4472 4580
385	6	180	6	106 320 433 749 818 975 1054 1080 1100 1225 1251 1253 1664 1953 2032 2077 2121 2207 2489 2509 2611 2686 2841 2989 3154 3273 3425 3808 3893 3942 4176 4326 4368 4428 4475 4502 4516 4728 4812 4932 4983
463	5	180	8	149 289 400 417 552 574 709 846 1100 1107 1335 1500 1974 2114 2183 2246 2353 2408 2435 2591 2646 3125 3202 3256 3267 3516 3568 3628 3659 3690 4210 4376 4447 4448 4449 4616 4714 4832 4895
478	11	141	6	119 359 387 552 650 913 914 937 1188 1267 1363 1658 1706 1757 1764 1823 1869 2012 2050 2394 2679 2766 2973 3103 3424 3546 3611 3660 4241 4274 4284 4440 4596 4749 4943 4997
487	15	105	6	57 67 105 379 482 928 999 1082 1094 1154 1220 1371 1379 1611 1743 1925 1956 1986 2133 2301 2323 2378 2435 2589 2774 2864 3003 3176 3303 3440 3601 3602 3787 3841 3869 3987 4025 4310 4383 4431 4939
494	3	148	6	250 487 589 596 620 622 649 1282 1358 1373 1380 1507 1643 1655 1682 1712 1784 2137 2232 2305 2469 2487 2490 2607 2700 2705 2707 2747 3193 3239 3259 3694 3849 3916 3995 4279 4280 4367 4551 4805 4817
50	8	60	6	30 171 215 315 470 830 970 994 1028 1209 1295 1346 1528 1648 1670 1695 1791 1815 1846 1917 1936 1993 2220 2241 2386 2564 2851 2948 3181 3201 3363 3410 3451 3850 4151 4154 4272 4290 4466 4567 4884
57	7	112	6	205 241 663 665 979 1086 1137 1206 1354 1555 1565 1719 1824 1864 1884 1944 1958 2013 2094 2195 2265 2328 2360 2406 2556 3007 3151 3248 3276 3563 3576 3860 4011 4075 4077 4670
58	30	188	6	9 158 369 681 784 807 1453 1665 1722 1753 1831 1840 1969 2173 2193 2448 2796 2809 2963 2977 3116 3144 3241 3634 3650 3735 3784 3823 3910 3922 4130 4191 4257 4351 4520 4589 4659 4696 4955 4959
83	18	183	8	15 171 217 332 609 636 838 913 1318 1366 1620 1627 1638 1691 1903 2120 2593 2596 2624 2748 2778 3029 3167 3276 3299 3332 3401 3440 3589 4009 4073 4077 4323 4325 4556 4719 4772 4822 4993
104	26	228	8	69 79 221 419 700 804 818 1188 1235 1276 1287 1331 1353 1413 1755 1848 2023 2084 2184 2316 2344 2438 2575 2660 2945 2967 2986 3121 3179 3702 3752 3786 3793 4150 4232 4386 4394 4428 4477 4498 4657 4863
106	37	75	8	334 427 469 571 592 619 701 750 844 925 1059 1145 1160 1270 1351 1420 1450 1548 1564 1595 1862 1872 1973 2052 2111 2200 2396 2666 2716 2729 3056 3693 3951 3977 4116 4160 4375 4541 4670 4723 4787 4846
123	2	10	8	263 267 326 394 510 772 906 1027 1720 1804 1814 2081 2156 2401 2590 2655 2861 2905 2910 3019 3047 3254 3306 3342 3431 3626 3794 4302 4338 4512 4644 4659 4692 4784 4868 4906 4987
159	13	128	8	185 255 294 528 577 661 685 796 1057 1127 1308 1355 1509 1570 1646 1664 1784 1959 1975 2006 2240 2348 2521 2768 2979 3016 3215 3248 3371 3614 3625 3769 3826 4177 4271 4319 4578 4808
185	28	38	8	143 502 565 861 1021 1157 1210 1305 1490 1571 1606 1640 1654 1798 1858 1887 2109 2126 2325 2400 2427 2567 2787 2885 3066 3407 3409 3528 3609 3851 3892 3912 3945 3947 4010 4144 4267 4489 4516 4599
220	39	131	8	445 450 542 663 747 943 1122 1222 1340 1421 1783 1802 2071 2163 2170 2280 2300 2340 2433 2463 2514 2533 2678 2779 2789 2838 3176 3223 3375 3535 4022 4040 4087 4138 4774 4781 4877 4910
243	17	106	8	206 383 481 529 599 780 813 864 1039 1071 1136 1139 1298 1391 1669 2110 2210 2349 2390 2492 2493 2511 2512 3095 3134 3151 3381 3417 3578 3615 3671 3842 4057 4207 4292 4326 4379 4699 4756 4777 4879
245	36	186	8	44 182 237 300 506 607 855 1192 1196 1373 1462 1708 1842 1928 1964 2044 2141 2161 2674 2686 2806 2932 2952 3081 3485 3502 3629 3838 3849 3922 3949 4000 4127 4638 4691 4947 4990
247	9	2	8	576 688 751 756 799 1183 1232 1240 1245 1273 1322 1337 1494 1546 1685 2094 2191 2237 2270 2386 2393 2524 2669 2805 2853 2916 3173 3315 3378 3597 3675 3874 4026 4139 4266 4380
250	25	134	8	72 183 266 327 699 882 997 1209 1236 1304 1477 1684 1772 1856 1930 1988 2116 2250 2367 2628 2715 3160 3358 3386 3396 3421 3598 3661 3662 3681 3878 4080 4168 4180 4487 4507 4568 4783 4850 4970
289	33	61	8	231 293 422 733 734 749 783 802 909 1217 1457 1597 1626 1666 1748 1938 2073 2168 2482 2557 2809 2985 3041 3050 3123 3269 3326 3367 3377 3537 3590 3779 4074 4101 4198 4335 4647 4671 4748 4839
337	31	250	8	148 403 425 538 646 726 834 1048 1189 1357 1569 1605 1957 2201 2303 2323 2363 2556 2642 2770 2884 2887 2972 3112 3128 3399 3505 3561 3911 4060 4110 4187 4418 4455 4468 4597 4799
355	32	232	8	117 174 191 812 849 930 1117 1185 1238 1296 1469 1668 1861 1864 1919 2315 2321 2407 2616 2731 2756 2799 2875 3104 3360 3524 3672 3731 3749 3844 3875 3943 4250 4324 4530 4767 5000
362	1	89	8	245 346 433 434 634 740 841 1038 1158 1191 1225 1290 1293 1721 1873 1920 2138 2216 2279 2376 2385 2464 2579 2617 2904 3097 3452 3461 3867 3941 3954 4001 4016 4287 4532 4952
365	27	218	8	32 244 299 441 517 647 797 872 1061 1103 1289 1301 2007 2098 2273 2664 2786 2808 2810 3063 3091 3249 3673 3813 3820 4004 4070 4081 4172 4269 4298 4419 4483 4497 4513 4681 4948
372	21	102	8	121 194 199 281 301 344 722 1055 1108 1152 1280 1385 1458 1629 1826 2090 2291 2298 2441 2468 2726 2814 2878 3141 3230 3392 3778 3860 4052 4153 4178 4194 4204 4215 4458 4853 4867
406	35	129	8	98 735 763 788 888 970 1032 1034 1101 1478 1655 1737 2202 2347 2399 2422 2634 2657 2891 2943 2982 3204 3244 3263 3347 3385 3559 3684 3745 3891 3938 4103 4443 4602 4666 4759
419	14	9	8	17 100 196 261 342 377 651 684 862 963 1116 1379 1443 1476 1732 1991 2219 2420 2506 2536 2582 2627 2819 2840 3257 3472 3543 3760 3762 3803 3819 3837 3873 3953 4096 4504 4562 4755 4831 4876 4925 4938
421	12	143	8	24 142 254 256 401 612 962 1180 1182 1216 1506 1543 1631 1738 1971 2317 2822 2928 3040 3252 3345 3577 3594 3972 3978 4053 4126 4227 4297 4373 4378 4397 4402 4609 4741 4820 4999
423	29	105	8	41 168 213 280 319 438 488 499 548 654 666 708 927 995 1042 1604 1744 1855 2047 2443 2488 2695 2699 2737 2919 2959 3070 3303 3585 3596 3897 4273 4316 4492 4577 4635 4851 4927 4976
433	34	181	8	70 85 163 203 406 415 431 493 505 731 1078 1186 1338 1497 1632 1816 1838 1897 1952 2061 2518 2535 2539 2542 2727 3100 3147 3264 3450 3555 3564 3726 3970 4136 4201 4396 4431 4763 4792 4979 4981
440	24	184	8	101 341 369 429 467 530 562 778 787 911 948 1000 1001 1124 1131 1536 1608 1670 2195 2654 2909 2998 3093 3297 3339 3588 3640 3668 3732 3788 3960 4002 4336 4715 4804 4835 4880
473	20	86	8	58 155 211 212 308 376 566 676 789 835 867 916 1155 1359 1382 1452 1701 1820 1830 1877 1937 2087 2132 2496 2689 3210 3213 3554 3593 3750 4308 4371 4470
481	4	178	8	501 516 543 706 753 762 1198 1224 1229 1459 1487 1527 1578 1656 1734 2135 2560 2585 2595 2892 2898 2970 3423 3617 3644 3877 3965 4035 4185 4196 4208 4209 4359 4444 4462 4603 4687 4740 4991
1	38	192	8	151 189 269 275 368 444 514 678 785 794 912 973 1343 1823 1879 2079 2190 2404 2485 2638 2717 2764 3319 3504 3533 3601 3621 3652 3776 3821 4356 4491 4573 4688 4698 4743 4773 4818
23	22	18	8	4 103 181 186 247 250 295 414 457 591 739 786 830 1313 1321 1621 1637 1650 2217 2371 2630 2857 3043 3157 3403 3486 3810 4049 4055 4170 4231 4286 4579 4592 4631 4737 4903 4912
25	16	175	8	553 604 615 617 655 675 1200 1354 1414 1520 1523 1586 1614 1780 2121 2136 2327 2361 2665 2801 2848 2866 3132 3163 3587 3657 3679 3697 3789 3812 4123 4167 4261 4400 4684 4801 4974
71	19	18	10	96 203 262 432 699 745 747 852 1272 1301 1524 1659 1693 2003 2038 2135 2160 2521 2666 2862 2906 3345 3710 3738 3919 4003 4183 4387 4415 4504 4511 4705 4716 4729 4828
82	10	118	8	86 264 331 791 860 922 1119 1190 1208 1311 1505 1575 1598 1612 1662 1795 2014 2106 2296 2304 2413 2498 2555 2621 2724 2879 2994 3116 3137 4094 4108 4137 4173 4233 4387 4412 4450 4716 4726 4914
87	23	223	8	111 202 349 584 631 652 718 759 811 870 918 1045 1277 1517 1562 1803 1870 1902 2091 2140 2375 2811 2846 2874 2990 3092 3314 3388 3530 3654 3696 3729 4063 4175 4442 4718 4852
113	40	64	8	137 178 579 717 894 1150 1295 1377 1423 1596 1893 2038 2253 2459 2504 2530 2545 2562 2570 2776 2837 2860 2941 3024 3338 3359 3483 3695 3719 3824 3850 4156 4334 4514 4515 4547 4636 4892 4959
133	6	71	8	22 23 139 164 187 439 523 560 657 873 1339 1447 1460 1547 1727 2102 2272 2448 2658 2820 2918 2951 3032 3038 3253 3268 3374 3448 3553 3827 3859 4071 4157 4268 4309 4559 4847 4891
173	5	10	10	170 174 322 598 614 687 707 864 1089 1095 1217 1574 1634 1767 1825 1845 1853 2180 2402 2582 2679 2711 2986 3059 3223 3280 3349 3370 3443 3568 3574 3718 3905 3949 4014 4323 4327 4636 4682 4713 4761
182	11	27	8	31 253 298 355 578 600 601 736 784 883 984 1014 1147 1334 1412 1512 1739 1766 1950 2157 2580 2675 3136 3279 3284 3317 3438 3518 3572 3603 3836 4017 4255 4300 4320 4382 4511 4661
234	15	23	8	160 219 242 365 686 695 932 953 1051 1169 1239 1498 1800 2181 2259 2262 2495 2517 2522 2702 2740 2815 2825 2877 3103 3296 3398 3469 3534 3583 3624 3660 3754 3950 4006 4158 4212 4409 4479 4754
252	3	207	8	20 61 169 240 402 473 558 581 903 935 1214 1279 1431 1526 1648 1932 1976 2002 2053 2153 2432 2529 2594 3255 3281 3391 3439 3453 3481 3699 3756 3774 3872 4046 4149 4234 4744 4911
254	8	15	8	34 353 363 399 625 758 968 1130 1195 1572 1601 1745 1794 1835 1859 1895 1946 2000 2057 2238 2249 2276 2359 2445 2614 2667 2844 2925 2935 3191 3369 3372 3595 3725 3741 3765 3864 4135 4146 4251 4460 4758
262	7	172	8	10 46 614 658 727 744 746 919 961 1258 1707 1710 1850 2033 2078 2293 2455 2577 2680 2684 2718 2723 2841 2975 3155 3212 3478 3622 3683 3822 4007 4051 4061 4190 4452 4502 4611 4627 4738 4750 4902
297	30	222	8	43 385 714 910 1109 1179 1348 1350 1368 1370 1397 1446 1592 1750 1841 1852 2009 2045 2421 2563 2605 2995 3207 3337 3366 3456 3464 3730 3733 3801 3863 3981 4069 4076 4166 4293 4717 4732 4951
302	18	93	10	136 166 466 467 806 831 975 1055 1497 1647 1660 2223 2285 2337 2338 2675 2842 2988 3086 3165 3287 3320 3338 3432 3555 3581 3804 3867 3954 4118 4163 4272 4314 4372 4445 4495 4660 4669 4832 4921 4934 4980
309	26	8	10	56 251 409 651 970 1191 1525 1566 1571 1815 1939 1986 2034 2183 2281 2518 2528 2949 2982 3021 3070 3161 3375 3465 3478 3523 3734 3739 3755 3857 3920 4026 4109 4215 4514 4728 4855 4918
356	37	44	10	191 486 838 940 982 1006 1213 1513 1649 1702 1893 1971 2369 2503 2565 2570 2581 2886 3071 3106 3148 3294 3615 3687 3694 3741 4104 4202 4229 4259 4270 4302 4308 4431 4433 4435 4455 4632 4720 4812 4833 4845
377	2	66	10	5 116 213 253 350 388 469 522 632 730 800 830 966 1042 1151 1193 1401 1412 1518 1916 1963 2009 2186 2190 2657 2752 2861 3105 3378 3386 3387 3542 3600 3617 3991 4198 4274 4306 4481 4710 4836 4849
407	13	61	10	92 256 488 700 895 976 995 1002 1192 1304 1359 1404 1456 1830 1833 2006 2035 2117 2276 2534 2537 2743 2767 2880 2883 3080 3337 3433 3522 3548 3715 3740 3855 3986 4154 4190 4436 4963
410	28	205	10	7 234 294 400 452 537 539 555 728 922 1270 1368 1465 1491 1808 1877 2029 2045 2163 2437 2446 2482 2540 2548 2631 2907 2913 3077 3420 3429 3520 3981 4100 4571 4681 4823 4841 4913
436	39	120	10	319 358 435 458 526 602 604 710 792 1083 1261 1286 1289 1356 1440 1474 1715 1766 1809 2119 2157 2408 2411 2496 2553 2663 2987 3134 3196 3256 3652 3788 3993 4181 4482 4701 4758 4782 4839 4954
445	17	133	10	39 228 259 289 405 478 821 1024 1100 1117 1288 1389 1733 1892 1921 1927 2208 2532 2804 2919 2980 3482 3494 3736 3793 3828 3861 4056 4080 4113 4184 4284 4356 4374 4421 4726 4825 4862 4966
447	36	70	10	3 114 171 178 245 299 617 623 908 1028 1063 1120 1439 1470 1489 1648 1690 1819 1862 1920 1968 2264 2335 2433 2460 2549 2824 3126 3259 3266 3304 3310 3638 3794 4029 4189 4480 4742 4760
458	9	240	10	180 261 307 917 984 999 1030 1097 1155 1206 1464 1613 1663 1747 2070 2312 2410 2524 2778 2779 2945 2960 3004 3194 3201 3235 3353 3803 3858 3911 4167 4297 4313 4404 4465 4486 4591 4772 4943
469	25	94	10	122 410 516 851 953 1112 1294 1377 1521 1777 1836 2058 2224 2230 2313 2324 2361 2494 2579 2721 3037 3104 3237 3413 3551 3797 3864 4088 4157 4305 4352 4440 4462 4562 4572
488	33	220	10	36 165 270 315 436 535 775 1133 1235 1256 1697 1790 1905 1962 2064 2093 2260 2292 2353 2398 2403 2440 2560 2598 2712 2759 2788 2815 2863 3023 4096 4099 4156 4317 4528 4563
11	31	104	10	64 68 155 205 645 673 760 892 896 942 1129 1173 1181 1269 1296 1409 1782 2059 2092 2287 2298 2342 2508 2789 2881 2887 3115 3291 3352 3674 3944 4031 4546 4692 4698
17	32	84	10	31 312 346 735 956 1351 1385 1453 1510 1563 1580 1676 1917 1960 2050 2101 2137 2205 2277 2305 2307 2612 2694 2984 3109 3140 3321 3404 3467 3706 3744 3748 3837 3884 3922 3961 4145 4639 4848
47	1	68	10	140 403 640 668 876 906 1070 1106 1140 1259 1333 1610 1635 1725 1731 1843 1975 2078 2269 2372 2618 2624 2699 2762 2850 3392 3403 3448 3693 3764 3899 3951 4129 4389 4509 4732 4940 4957
66	27	95	10	197 218 225 856 945 952 986 1048 1102 1123 1138 1200 1276 1281 1434 1451 1653 1698 1762 1915 2188 2450 2547 3177 3211 3305 3666 3686 3756 3789 3853 4098 4125 4394 4410 4422 4485 4622 4706 4937 4992
76	21	187	10	2 181 344 492 647 719 857 868 1179 1203 1361 1468 1588 1855 2069 2219 2441 2476 2497 2784 2901 3166 3445 3592 3632 3729 3784 3845 3913 3918 3946 3984 4565 4958
78	35	90	10	88 202 330 459 618 882 921 923 1050 1105 1210 1221 1222 1335 1365 1558 1742 2020 2378 2620 2701 2823 2992 3063 3103 3107 3178 3477 3792 4207 4298 4361 4450 4473 4519 4822 4884 4912
126	14	165	10	34 70 250 501 542 588 589 644 732 742 820 877 992 1174 1199 1322 1367 1817 2004 2030 2071 2105 2112 2971 2999 3001 3232 3331 3754 3761 3767 3940 4058 4186 4244 4369 4454 4539 4986
128	12	103	10	91 176 357 382 448 808 811 1023 1045 1284 1325 1577 1826 1834 1867 2168 2218 2365 2536 2929 2958 3018 3128 3137 3179 3221 3301 3377 3713 3826 3866 3906 4703 4731 4869 4956
134	29	33	10	63 127 512 568 573 624 714 1035 1060 1575 1583 1606 1609 1807 2416 2576 2590 2651 2753 2773 2878 2888 2997 3027 3100 3261 3339 3485 3499 3557 3661 3668 3723 4257 4281 4351 4427 4471 4942
138	34	27	10	104 257 333 342 384 489 494 549 638 702 740 837 1166 1218 1407 1428 1586 1760 1821 2095 2100 2121 2347 2595 2634 2698 2739 2864 2950 2954 3806 3926 3936 4159 4175 4383 4550
146	24	97	10	360 885 1111 1212 1422 1437 1582 1612 1670 1686 1820 1924 2099 2507 2568 2616 2678 2707 2993 3014 3016 3228 3247 3395 3538 3567 3626 3709 3774 3802 4193 4334 4411 4461 4564 4628 4712
153	20	45	10	12 375 397 524 886 1016 1283 1483 1570 1624 1793 1945 2154 2319 2526 2577 2801 2828 2942 3000 3245 3391 3401 3535 3677 3816 3833 3976 4021 4063 4337 4467 4544 4985
165	4	163	10	67 217 538 712 846 865 1375 1576 1622 1666 1672 1857 2086 2151 2525 2714 2810 2827 3150 3234 3258 3275 3286 3431 3543 3586 3589 3664 3894 4037 4338 4517 4559 4635 4642 4647 4785 4843 4891
168	38	236	10	172 233 620 671 715 721 900 958 1033 1338 1391 1720 1789 1818 2290 2311 2383 2405 2938 3043 3069 3264 3437 3504 3732 3851 3996 4044 4081 4282 4390 4449 4510 4542 4664 4730 4738 4776 4914 4944 4975
186	22	136	10	10 19 143 232 243 817 879 919 1228 1264 1396 1430 1436 1578 1734 1996 2104 2366 2639 2655 2682 3185 3205 3344 3365 3466 3605 3606 3821 3974 4025 4497 4520 4645 4690 4763 4871 4900
214	16	67	10	338 643 676 833 871 1196 1287 1442 1620 1701 1705 1966 1991 2153 2465 2615 2703 2720 2812 2973 2976 3114 3285 3341 3368 3775 3852 3863 3871 4041 4135 4235 4624 4771 4786
278	10	182	10	52 94 541 795 850 1090 1132 1397 1461 1587 1597 1707 1824 1923 2488 2495 2517 2573 2592 2837 2930 3203 3324 3610 3656 3742 3790 3887 3956 4087 4253 4279 4668
281	23	244	10	121 139 367 560 790 842 957 1290 1529 1532 1629 1652 1840 1874 1888 2026 2428 2470 2484 2625 2653 2790 2802 2849 3097 3396 3533 3619 3678 3772 3978 4177 4376 4589 4662 4795 4939 4965
292	40	76	10	24 135 263 359 439 1056 1088 1274 1786 1904 2023 2255 2266 2309 2317 2962 3045 3156 3226 3382 3578 3691 3711 3785 3805 3904 4017 4046 4594 4650 4678 4683 4780 4807 4827 4931
294	6	141	10	265 297 392 464 533 737 1073 1167 1185 1340 1382 1425 1842 2002 2284 2628 2641 2912 3173 3253 3497 3512 3525 3872 3888 3929 4053 4072 4139 4395 4396 4403 4654 4708 4858
353	11	31	10	508 649 902 1032 1067 1076 1122 1198 1502 1534 1654 1687 1758 1997 1998 2256 2274 2473 2509 2747 2826 2873 2899 3031 3250 3449 3552 3634 4128 4236 4365 4434 4607 4619 4641 4704 4818 4920 4932
388	15	213	10	173 198 390 570 881 938 971 1071 1130 1144 1569 1791 1844 1977 2017 2084 2166 2350 2392 2458 2468 2501 2724 2733 2756 2835 2860 2965 3035 3046 3130 3152 3777 3908 4275 4328 4800 4909
408	3	247	10	16 144 204 836 1153 1560 1573 1585 1665 1799 1885 1894 2171 2356 2412 2423 2430 2554 2574 3052 3083 3102 3239 3262 3704 3731 3813 3814 3824 3850 3874 3881 3968 3985 4070 4248 4477 4674 4882 4993
409	8	229	10	59 156 502 890 978 988 1005 1162 1303 1357 1363 1376 1415 1740 2331 2593 2606 2783 2794 3065 3200 3274 3302 3376 3450 3544 3818 3859 4006 4169 4260 4534 4709 4824 4846
443	7	173	10	99 305 462 574 1110 1332 1445 1592 1611 1712 1717 1737 1738 1784 1933 1936 2088 2533 2587 3540 4038 4092 4152 4241 4326 4439 4491 4621 4747 4889 4951
457	30	87	10	190 398 430 528 577 578 764 822 853 869 883 1247 1450 1481 1681 1837 1957 1983 2235 2258 2330 2394 2419 2459 2571 2654 3160 3318 3780 4068 4162 4343 4398 4466 4478 4493 4567 4693
468	19	214	12	9 658 752 781 801 861 895 978 1054 1097 1265 1398 1444 1561 1674 1720 2167 2371 2717 3013 3083 3449 3533 3630 3683 3688 3795 4033 4088 4101 4310 4515 4537 4773 4928
477	5	140	12	423 470 589 779 894 954 1124 1154 1424 1560 1624 1801 2126 2271 2525 2579 2585 2799 2937 2992 3374 3477 3482 3590 3861 3897 3935 4246 4491 4598 4654 4784 4811 4830
43	18	74	12	142 169 201 249 662 984 1013 1111 1189 1246 1288 1389 1391 1703 1735 1842 1957 2124 2201 2227 2553 2589 3098 3115 3172 3397 3513 3556 3650 3664 3918 3938 3989 4158
44	26	129	12	63 291 335 352 814 841 876 1274 1427 1432 1435 1528 1634 1672 1684 1702 1783 1835 2058 2081 2340 2409 2531 2767 3238 3344 3353 3598 3642 3747 3985 4150 4566 4610 4675 4952 4989
64	37	63	12	233 340 545 892 1068 1352 1355 1520 1746 1883 2281 2334 2427 2563 2576 2682 2769 2824 2868 2970 3180 3181 3341 3645 3829 3835 3955 4298 4363 4388 4597 4652 4686 4694 4701 4844 4904
67	2	124	12	339 720 776 830 1110 1148 1357 1369 1474 1530 1712 1818 1866 1921 2077 2226 2350 2353 2359 2448 2847 2939 2981 3186 3723 3743 3982 3993 3997 4069 4187 4416 4434 4455 4747 4962
80	13	191	12	116 179 343 406 509 532 611 633 755 818 1166 1207 1255 1843 1894 2096 2490 2882 3035 3106 3230 3262 3302 3379 3412 3665 3726 3805 3808 4004 4084 4397 4549 4607 4751
81	28	4	12	62 258 411 874 1000 1211 1226 1254 1323 1358 1406 1573 1725 1827 2005 2024 2676 2735 2829 2966 3144 3417 3498 3578 3816 3919 4057 4120 4674 4681 4788 4793 4826 4923
101	39	111	12	83 141 296 473 520 608 680 1141 1228 1491 1555 1757 1810 1973 2044 2295 2434 2457 2491 2616 2664 2766 3028 3037 3209 3243 3515 3701 3840 3886 4301 4384 4444 4462 4548 4731 4992
125	17	82	12	75 288 426 522 541 757 1322 1449 1480 1484 1570 1607 1867 2161 2265 2282 2312 2444 2646 2831 3023 3221 3224 3259 3281 3677 3682 3939 3942 3944 4059 4175 4178 4529 4866 4881 4926 4985
156	36	57	12	55 241 325 437 659 850 1137 1244 1326 1353 1438 1838 1873 1935 1956 2067 2120 2650 2878 2921 3303 3349 3463 3538 3543 3576 3758 3931 3972 4142 4380 4484 4689 4753 4796 4943
183	9	246	12	415 731 1096 1175 1465 1678 1907 2150 2206 2308 2346 2523 2652 2929 2988 2996 3025 3486 3781 3909 4034 4070 4255 4337 4369 4370 4391 4392 4565 4733 4953 4991
208	25	54	12	101 222 271 364 391 428 670 878 928 1298 1345 1537 1743 2068 2141 2508 2565 3328 3406 3608 3687 3689 3880 3980 4304 4350 4413 4422 4613 4724 4938
212	33	88	12	107 144 175 912 976 1029 1031 1125 1496 1741 1809 1832 1918 2000 2303 2307 2517 2606 2861 2949 3189 3484 3914 3977 4012 4061 4119 4131 4164 4207 4354 4633 4640 4721 4797 4924 4925
228	31	39	12	143 191 218 272 389 392 626 728 773 1185 1368 1522 1541 1652 1679 1871 1951 2094 2222 2736 2778 2993 3011 3049 3257 3377 3491 3658 3716 3853 4276 4303 4309 4420 4458 4713 4722
248	32	65	12	92 232 311 350 459 575 613 834 848 1011 1312 1372 1554 1559 1567 1773 1974 2287 2322 2443 2460 2519 2786 2802 2951 2956 3052 3384 3430 3462 3529 3627 3676 3770 3825 4022 4029 4505 4875
255	1	184	12	40 197 246 490 563 597 634 696 996 1212 1242 1339 1374 1393 1430 1953 1961 1979 2133 2159 2258 2275 2365 2542 2857 2985 3663 3901 3916 4028 4047 4062 4078 4461 4550 4578 4609 4682 4760
261	27	44	12	38 192 431 455 664 987 1080 1337 1493 1630 1675 2110 2247 2263 2301 2311 2428 2458 2763 2768 3034 3131 3241 3282 3335 3526 3798 4048 4182 4189 4231 4266 4318 4450 4494 4684 4707
270	21	29	12	33 50 353 630 648 681 694 725 796 964 989 1146 1197 1233 1308 1332 1619 1694 1811 1868 2363 2373 2569 2584 2897 2924 3009 3074 3101 3132 3139 3170 3889 4194 4234 4336 4508 4521 4879 4917
299	35	226	12	81 324 692 754 792 934 1005 1045 1106 1481 1513 1736 1865 1981 2079 2236 2462 2611 2750 3003 3295 3305 3370 3490 3495 3746 4082 4228 4273 4395 4530 4601 4605 4765 4836 4901 4998
307	14	232	12	112 126 491 516 544 852 869 992 1578 1593 1733 1798 2231 2324 2344 2497 2551 2555 2568 2598 2620 2917 3058 3071 3266 3362 3639 4003 4083 4110 4172 4373 4406 4631 4678 4920 4942
311	12	42	12	11 216 466 602 650 805 826 905 1112 1114 1161 1247 1310 1572 1609 1869 2367 2385 2977 2986 3079 3267 3277 3312 3332 3373 3585 3833 3847 3995 4245 4547 4676 4695 4873
319	29	99	12	275 446 456 518 554 679 1038 1224 1896 1949 2013 2019 2097 2172 2225 2266 2723 2783 3116 3229 3346 3376 3605 3646 3659 3856 4095 4179 4267 4315 4335 4368 4399 4482 4519 4636 4725 4963
320	34	245	12	10 97 138 200 323 454 539 789 804 855 965 1103 1327 1418 1673 1689 2055 2090 2319 2395 2396 2538 2792 3014 3258 3285 3313 3359 3371 3508 3948 4043 4076 4285 4622 4766 4779
321	24	36	12	78 134 195 252 537 685 689 1132 1732 1755 1762 1834 1889 1964 1999 2014 2138 2309 2323 2702 2855 2918 2923 3015 3210 3274 3283 3320 3356 3360 3480 3725 3846 3871 4009 4017 4092 4357 4781 4840
326	20	192	12	21 156 610 813 994 1136 1263 1302 1454 1617 1928 2039 2062 2210 2502 2696 3027 3087 3154 3247 3422 3499 3546 3619 3685 4001 4114 4134 4159 4560 4704 4775 4823 4831
345	4	242	12	14 123 132 266 587 746 1121 1303 1324 1329 1333 1459 1461 1466 1802 2046 2049 2239 2432 2562 2932 3092 3205 3228 3427 3671 3959 4052 4216 4572 4711 4770 4865
350	38	66	12	42 242 306 383 527 623 769 771 938 944 1082 1128 1540 1723 1758 1841 1965 2117 2591 2732 2871 2899 3055 3059 3199 3385 3441 3720 3783 3953 4209 4213 4463 4469 4534 4814 4907 4975
359	22	9	12	447 492 603 710 1037 1220 1470 1622 1633 1680 1765 1813 2131 2151 2195 2215 2336 2354 2504 2628 2629 2781 2862 2909 2967 3086 3443 3504 3764 4215 4593 4617 4643 4754 4877
375	16	56	12	221 257 270 279 408 614 1250 1400 1669 1698 1752 1788 1955 1996 2691 3012 3133 3237 3311 3464 3494 3705 3708 3814 4104 4206 4236 4302 4325 4424 4671 4768 4888 4949
386	10	230	12	207 896 898 917 972 1134 1169 1176 1238 1257 1380 1469 1594 1667 1954 2066 2261 2424 2514 2603 2728 2741 3325 3596 3610 3615 3691 3750 3957 3963 4116 4181 4259 4291 4344 4346 4616 4769 4771 4886
390	23	3	12	137 497 514 525 568 581 1043 1052 1222 1411 1551 1658 1662 1879 1992 2048 2205 2561 2662 2721 3060 3280 3364 3414 3545 3768 3812 3830 3875 3895 3907 3911 4481 4506 4563 4649 4896 4961
461	40	94	12	303 416 477 663 803 857 884 911 1126 1174 1227 1509 1532 1908 1942 1990 2031 2242 2333 2528 2714 2825 2987 3173 3330 3531 3710 3807 3823 3887 3928 4218 4545 4608 4794 4834
5	6	176	12	29 237 244 286 419 907 931 1316 1700 1898 1960 2010 2173 2419 2515 2758 2903 3089 3099 3334 3348 3450 3669 3738 3748 3818 3834 3964 4058 4090 4587 4590 4673 4798
16	11	80	12	592 683 766 775 1202 1229 1446 1452 1980 2162 2180 2245 2327 2447 2593 2658 2704 3051 3078 3253 3799 3910 4113 4124 4149 4180 4253 4274 4296 4333 4650 4801 4903
22	15	208	12	30 84 226 247 295 553 601 758 791 819 862 883 1024 1305 1511 1539 1542 1602 1805 1890 1995 2002 2015 2248 2349 2590 3249 3975 4155 4205 4249 4329 4602 4959
48	3	53	12	74 302 1098 1252 1317 1388 1467 1922 2188 2260 2368 2557 2756 2797 2906 3108 3203 3255 3273 3292 3473 3547 3718 4032 4045 4188 4817 4948 4996
52	8	138	12	213 472 546 977 1187 1370 1399 1502 1558 1655 1903 2051 2076 2212 2255 2352 2397 2481 2550 2708 2832 3187 3240 3321 3331 3623 3695 3926 3945 4154 4174 4183 4282 4390 4744 4908
54	7	28	12	3 22 36 436 495 556 628 924 1033 1144 1170 1588 1715 1782 2128 2208 2220 2286 2451 2601 2927 3054 3109 3211 3219 3402 3580 3582 3763 4123 4195 4586 4646 4791 4854 4857 4885 4958
74	30	199	12	28 300 452 585 695 820 900 919 1262 1807 1849 1853 1893 1900 1985 2185 2417 2535 2688 2875 2936 2983 3142 3459 3607 3800 3862 3877 3885 3930 4496 4543 4582 4623 4848 4965
75	19	73	14	69 374 436 449 510 580 705 835 1560 1628 1795 1820 1864 1929 2033 2216 2306 2495 2650 2665 2753 2990 3001 3122 3140 3307 3416 3424 3519 3521 3641 4039 4226 4290 4644
90	5	14	14	87 88 116 274 439 557 676 692 845 862 1319 1334 1476 1601 1988 2077 2087 2193 2227 2497 2542 2571 2588 2651 2982 3166 3236 3299 3551 3630 3995 4128 4574 4827 4922
97	18	23	14	161 198 208 229 240 285 368 506 666 689 769 1141 1207 1526 1693 1727 1756 1896 2232 2266 2381 2567 2582 2816 2917 2942 3196 3624 3635 3637 3682 3716 4305 4527 4705 4746
118	26	210	14	132 275 367 389 525 1110 1131 1406 1472 1514 1752 1778 1948 2152 2321 2373 2503 2803 3079 3168 3473 3479 3642 3704 3751 4090 4094 4131 4247 4306 4509 4514 4710 4842 4844 4880
120	37	116	14	42 185 227 366 619 812 876 1116 1184 1588 1614 2147 2415 2555 2687 3042 3128 3197 3359 3525 3677 3749 3846 4107 4122 4133 4435 4465 4712 4819 4884 4896 4988
121	2	193	14	82 186 688 700 840 920 1457 1749 2009 2106 2357 2442 2478 2521 2524 3154 3309 3423 3484 3496 3698 3710 3774 3844 3856 3870 4036 4127 4164 4237 4375 4585 4627 4970
135	13	151	14	18 292 704 785 803 1142 1316 1395 1412 1495 1606 1633 1641 2036 2113 2209 2395 2439 2475 2491 2903 2969 3338 3415 3712 3726 3904 3952 4186 4207 4239 4307 4400 4402 4538 4588 4617
139	28	195	14	316 431 455 590 593 763 893 1390 1851 1884 1904 1947 2027 2061 2172 2343 2364 2392 2507 2557 2612 2678 2694 2722 2793 2842 3020 3263 3575 4015 4082 4345 4678 4739 4868 4887 4900 4926
142	39	2	14	34 107 112 267 770 801 980 1143 1299 1531 1639 1642 1751 1787 1946 2260 2270 2276 2304 2599 2820 2860 3639 3820 3896 4191 4533 4537 4604 4629 4642 4764
161	17	43	14	72 250 550 566 633 826 942 990 1205 1231 1324 1432 1506 1708 1768 1853 2114 2203 2214 2228 2787 2792 3293 3503 3718 3750 3888 4089 4197 4222 4294 4690 4724 4778 4859
197	36	164	14	27 265 887 1003 1011 1069 1122 1157 1485 1554 1589 1651 1811 1828 1949 2051 2057 2278 2313 2330 2340 2410 2652 2714 2836 2901 2927 3040 3157 3417 3459 3482 3753 3878 4654
206	9	67	14	151 152 355 403 839 1237 1486 1569 1629 1673 1788 1918 2080 2177 2199 2472 2558 2655 2696 2702 3068 3408 3422 3621 3653 3657 3852 3923 3957 4193 4268 4505 4600 4626 4862
224	25	231	14	286 432 696 767 927 1047 1128 1135 1267 1353 1421 1566 1675 1688 1803 1809 2072 2105 2166 2215 2250 2403 2508 2953 3871 4021 4115 4338 4468 4803
275	33	40	14	81 212 223 310 477 531 779 915 1215 1241 1438 1571 1858 1893 2012 2044 2075 2129 2194 2566 2689 2719 2848 3499 3587 3680 3728 3822 4047 4111 4167 4292 4459 4551 4919 4961
282	31	96	14	20 93 105 118 178 236 517 529 611 898 948 1042 1076 1159 2042 2127 2149 2189 2394 2430 2732 2925 3167 3170 3296 3336 3383 3436 3739 3742 3787 4018 4103 4499 4639 4666 4804
283	32	196	14	150 238 280 467 565 670 682 777 849 940 943 991 1167 1378 1379 1474 1599 1605 1932 2155 2191 2339 2382 2513 2736 2919 2963 3071 3215 3284 3401 4285 4661 4786 4927 4959
291	1	226	14	9 268 361 640 727 741 908 996 1104 1177 1219 1306 1618 1724 1943 2107 2112 2263 2332 2456 2578 2669 2745 2926 2960 3112 3377 3478 3490 3804 3874 3903 4132 4426 4741
296	27	240	14	67 77 260 356 429 435 530 551 637 690 873 1081 1435 1469 1568 1607 1699 1983 2006 2179 2417 2498 2642 2661 3077 3295 3477 3506 3634 3670 4250 4264 4278 4553 4606 4625 4883 4913
305	21	242	14	182 301 341 576 594 624 713 978 1031 1058 1352 1659 1703 1753 1815 1849 1866 1951 1977 2222 2426 2672 2818 3000 3105 3308 3357 3402 3581 3913 4433 4633 4776 4977
313	35	153	14	235 656 693 757 847 874 1312 1388 1429 1620 1735 1933 1938 2066 2100 2229 2314 2359 2600 2730 2805 2877 2904 3129 3160 3226 3556 3594 3864 4249 4408 4476 4568 4718
348	14	16	14	423 425 1194 1256 1544 1627 1696 1705 1944 2154 2237 2261 2434 2449 2882 3082 3175 3192 3270 3434 3500 3707 3734 3775 3828 3993 4083 4274 4288 4593 4908 4984
400	12	77	14	56 139 381 407 497 642 875 928 947 971 1151 1204 1254 1650 1981 2047 2096 2338 2401 2499 2616 2941 2957 3127 3139 3351 3400 3588 3675 3702 3810 3924 4142 4232 4322 4500 4594
401	29	202	14	110 133 197 296 338 561 786 790 1175 1272 1297 1400 1477 1574 1632 1868 2202 2235 2292 2390 2619 3019 3151 3169 3262 3318 3759 3930 4126 4148 4357 4445 4575 4785 4853 4933 4995
422	34	145	14	925 949 1746 2053 2281 2516 2741 2972 3004 3075 3279 3289 3346 3622 3667 3689 3866 3893 4032 4284 4316 4340 4367 4447 4472 4523 4620 4680 4728 4769 4885 4898
452	24	235	14	125 145 336 492 677 729 753 795 972 1230 1285 1350 1366 1600 1747 1763 1807 2039 2184 2356 2659 2748 2918 2971 3067 3124 3586 3655 3686 4488 4870 4951 4971 4996
455	19	196	16	364 691 734 1018 1063 1167 1236 1646 1775 1888 1969 2194 2470 2581 2765 2779 2937 2947 3044 3421 3566 3628 3839 4078 4188 4260 4339 4356 4399 4503 4666 4742 4861 4915
462	20	166	14	357 838 894 1169 1448 1451 1516 1722 1765 1989 2436 2533 2613 2644 2653 2674 2683 2775 2879 2914 2920 3451 3647 3723 3796 3939 4129 4258 4295 4355 4377 4466 4609 4792 4860
482	4	140	14	314 321 426 480 496 558 754 883 1225 1235 1286 1372 1384 1397 1585 1591 1695 1739 1847 2283 2486 2595 2701 2712 2909 3471 3785 3859 3932 4685 4837 4886 4972
492	38	178	14	284 571 903 945 992 1156 1275 1365 1445 1529 1542 1611 1892 1987 2355 2443 2559 3007 3089 3272 3483 4003 4064 4081 4135 4371 4395 4457 4578 4608 4659 4733 4940
37	22	175	14	230 272 340 342 542 570 582 765 805 1074 1318 1336 1510 1647 1718 1800 1905 1907 1959 2146 2168 2420 2500 2515 2592 2693 2795 2934 2946 3199 3384 3387 3427 3947 3961 4037 4703
41	16	216	14	28 258 549 859 998 1041 1174 1314 1321 1387 1442 1450 1499 1644 1857 2049 2164 2198 2236 2363 2481 2609 3085 3463 3492 3656 3861 3899 3953 4199 4492 4583 4605 4758
59	10	26	14	43 97 146 244 534 775 897 910 916 974 1161 1248 1730 1776 2013 2097 2117 2293 2318 2467 2854 2881 2956 2964 3515 3562 3692 3776 3960 3976 4109 4360 4549 4775 4905
65	23	186	14	210 325 437 471 553 591 595 1246 1354 1859 1954 1963 2268 2411 2761 2939 3014 3152 3158 3188 3292 3391 3454 3737 3832 3936 4042 4050 4120 4238 4302 4378 4547 4707 4759 4982
111	40	227	14	80 247 513 746 788 1077 1153 1315 1726 1833 1935 1955 2068 2245 2378 2437 2457 2610 2944 3130 3319 3498 3516 3609 3620 3931 4240 4327 4576 4788
179	6	187	14	6 83 420 537 813 921 1023 1059 1064 1268 1493 2098 2169 2300 2333 2352 2587 2648 2698 2699 2824 2892 3030 3111 3411 3447 3518 3673 3963 4035 4490 4708 4722 4893 4899 4986 4993
192	11	137	14	214 768 967 994 1112 1494 1512 1772 1980 2136 2178 2296 2561 2911 2912 2995 3036 3125 3165 3239 3250 3297 3475 3489 3572 3627 3697 3724 3842 3891 3912 3956 4184 4265 4406 4458 4791 4812
213	15	152	14	278 305 393 469 602 621 748 800 1018 1521 1876 1985 2273 2289 2715 2763 2910 2930 2979 2980 3144 3264 3778 3782 3789 4155 4163 4168 4430 4438 4782 4824 4985
236	3	92	14	85 99 113 609 652 895 1025 1118 1182 1187 1422 1523 1552 1665 1790 1821 1882 2088 2295 2480 2544 2735 2962 2998 3217 3523 3584 3633 3997 4008 4141 4603 4615 4902 4939
268	8	135	14	62 219 234 323 394 798 809 819 1056 1061 1075 1209 1428 1433 1757 2010 2156 2302 2677 2734 2782 2983 3363 3410 3565 3628 3721 4044 4052 4635 4684 4857
279	5	14	16	68 177 225 329 1098 1188 1919 2018 2021 2122 2198 2543 2667 2930 3084 3170 3313 3314 3608 3727 3797 3858 3927 4079 4117 4232 4475 4509 4542 4574 4627 4836 4989
284	7	120	14	304 319 454 574 604 645 817 905 909 1040 1216 1284 1402 1403 1636 1685 1930 2218 2380 2406 3022 3047 3163 3245 3352 3412 3438 3758 4152 4166 4220 4368 4506 4687 4794
317	30	56	14	31 111 196 290 653 778 885 1539 1910 1917 1971 2041 2131 2387 2520 2695 2709 2759 2760 2811 2873 2905 3025 3099 3203 3329 3439 3442 3886 4194 4481 4731 4774 4945
333	18	76	16	26 56 98 366 489 520 635 821 963 1075 1176 1517 1591 1641 1726 1845 2016 2085 2254 2534 2594 2725 2845 2882 3340 3444 3539 3571 3787 3816 4096 4238 4474 4553
357	26	1	16	208 332 503 594 626 1147 1283 1546 1688 1742 1896 1940 1944 2031 2054 2063 2101 2204 2740 2926 2980 3046 3074 3270 3282 3291 3526 3593 3644 4031 4523 4686 4764
358	37	37	16	94 266 314 322 493 708 774 834 920 1069 1260 1643 1835 1887 1929 2466 2472 2505 2549 2663 2813 2815 3029 3194 3208 3414 3600 3676 3952 4091 4389 4517 4638 4964
373	2	159	16	644 743 833 966 1021 1040 1046 1118 1194 1208 1498 1545 1551 1682 1716 1740 1863 2113 2213 2231 2362 2450 2755 2994 3123 3216 3397 3411 3706 3800 3890 3983 4266 4639 4664 4984
382	13	87	16	298 406 440 454 508 536 552 712 802 915 1136 1390 1697 1748 1921 1931 2150 2251 2405 2636 2764 2856 3011 3220 3290 3501 3685 3703 3887 3895 4000 4071 4510 4525 4845 4849 4869 4902
397	28	169	16	209 270 274 462 581 706 721 794 1152 1227 1342 1431 1515 1685 1689 1978 2064 2073 2118 2119 2316 2343 2531 2966 3064 3416 3591 3607 3698 3830 3865 4171 4609 4689 4720 4878 4979
425	39	206	16	41 175 272 279 291 313 458 670 678 755 804 1102 1195 1383 1409 1462 1484 1581 1732 1852 2015 2320 2578 2604 2613 2649 2859 2889 2923 3272 3407 3504 3849 4494 4535 4777 4910 4949
427	17	7	16	16 210 411 442 973 1211 1301 1376 1625 1675 1681 1979 2043 2200 2599 2631 2665 2756 2826 3088 3169 3213 3433 3463 3836 3938 3986 4050 4357 4393 4643 4829
450	36	91	16	301 307 309 360 427 953 1261 1302 1778 1795 1939 2005 2255 2356 2641 2710 3054 3094 3327 3514 3621 3711 4151 4170 4322 4349 4581 4615 4704 4891 4992
474	9	204	16	141 187 347 771 788 942 1095 1381 1476 1597 1829 1881 1958 2385 2428 2462 2475 2703 2907 3063 3093 3152 3210 3246 3378 3391 3505 3606 3745 3827 3862 4233 4544 4938 4948
496	25	46	16	118 168 170 227 287 369 407 621 641 1217 1231 1392 1471 1751 1817 2132 2165 2230 2308 2487 2624 2713 3033 3073 3112 3479 3546 3598 3885 3960 4187 4364 4427 4711
7	33	21	16	27 251 348 485 569 651 718 991 1036 1287 1366 1459 1518 1616 1620 1741 1780 1799 2089 2239 2387 2402 2503 2800 3036 3235 3322 3441 3452 3490 3892 4221 4292 4604
20	31	146	16	40 292 428 464 526 598 684 1116 1119 1277 1417 1512 1537 1621 1771 1924 2223 2307 2529 2573 2680 2788 2992 3049 3143 3649 3742 3883 3931 3939 3965 4230 4369 4406 4803 4928
26	32	203	16	229 268 390 413 500 761 828 832 844 871 999 1165 1312 1645 1744 1792 2369 2602 2643 2722 2796 2959 2969 3273 3304 3527 3873 4277 4362 4501 4531 4667
28	1	92	16	150 193 330 453 1214 1272 1642 1699 1766 1796 1836 2078 2110 2288 2653 2692 2798 2799 2998 3015 3118 3297 3323 3350 3483 3899 4006 4032 4095 4554 4773 4856 4918 4930 4981
56	27	162	16	93 190 248 373 716 867 961 1047 1298 1842 1916 2028 2286 2324 2328 2446 2452 2473 2946 3343 3493 3517 3602 3678 3909 4019 4037 4538 4677 4756 4795 4801 4973
102	21	208	16	11 126 167 265 437 474 519 545 563 1049 1248 1368 1372 1427 1473 1479 1662 1718 2358 2396 2491 2515 2517 2597 2757 3181 3435 3620 3701 3709 3907 4214 4301 4324 4706 4917 4946
132	35	99	16	184 185 600 733 823 1015 1266 1401 1600 1875 1912 2029 2127 2248 2376 2575 2748 2903 3124 3166 3187 3308 3369 3466 3655 3984 4111 4347 4583 4737
147	14	58	16	37 228 530 1094 1181 1333 1436 1630 1859 1879 2041 2175 2247 2389 2481 2548 2717 2743 2976 3003 3284 3362 3408 3511 3567 3632 3770 4358 4437 4471 4479 4513 4587 4651 4762 4905 4956
160	12	57	16	80 117 470 752 764 840 1005 1081 1091 1190 1196 1961 2004 2065 2262 2644 2706 2785 2827 3012 3275 3422 3560 3976 4060 4090 4100 4128 4321 4404 4726 4758 4809
174	29	123	16	54 160 531 951 1048 1338 1352 1527 1603 1794 1819 1908 1926 1965 2020 2337 2375 2504 2648 2654 2883 3127 3384 3385 3420 3541 3616 4024 4159 4294 4337 4674 4717
176	34	190	16	86 367 480 572 574 639 677 745 1037 1426 1550 1714 2176 2253 2612 2728 2795 2843 2895 3010 3398 3637 3648 4155 4410 4421 4451 4663 4715 4748 4785
199	24	104	16	65 337 506 819 881 1080 1085 1160 1337 1508 1554 2023 2076 2221 2455 2484 2730 2749 2775 3045 3198 3562 3572 3784 3881 3920 3971 4035 4127 4284 4381 4555 4888
253	20	113	16	6 75 281 559 586 843 850 886 944 983 1273 1320 1394 1503 1605 1622 2052 2123 2447 2496 2666 2691 2847 2921 3023 3329 3656 3730 3778 4147 4419 4591 4668 4669 4712 4721
258	4	100	16	264 396 504 654 657 842 935 1296 1566 1619 1706 1710 1738 1826 2143 2224 2397 2398 2454 2565 2619 2662 2831 2929 3032 3148 3245 3387 3522 3904 3905 3981 4004 4192 4211 4633 4745
263	38	243	16	196 335 354 393 394 711 836 870 1237 1464 1470 1914 2134 2228 2715 2747 2781 2893 2981 3057 3265 3278 3638 3850 3955 4143 4269 4411 4426 4490 4571 4740 4887 4909 4952
295	22	244	16	47 59 221 351 583 659 798 899 936 939 979 985 1026 1073 1295 1499 1968 2541 2702 2890 3402 3457 3462 3475 3512 3561 3613 3636 3739 3855 3924 3934 3958 3969 4212 4548
344	16	12	16	21 114 179 578 1076 1264 1590 1680 1822 1962 2086 2412 2467 2544 2627 2697 2834 2839 2879 2986 3172 3412 3540 3577 3651 3996 3997 4002 4114 4743 4854 4999
360	10	11	16	249 277 325 456 561 655 726 865 1146 1219 1492 1734 1976 2380 2527 2528 3098 3339 3506 3554 3744 3825 3896 3906 3982 3998 4226 4265 4335 4428 4596 4687 4695 4725 4799 4897
366	19	190	18	29 115 323 426 699 806 878 973 1468 1697 1804 1948 1992 2256 2343 2422 2456 2520 2575 2625 2830 3078 3107 3252 3586 3887 3980 4055 4105 4143 4185 4379 4456 4607 4757 4776
367	23	93	16	29 84 306 724 1039 1092 1207 1331 1348 1487 1489 1700 1725 1735 1946 2275 2323 2516 2867 2876 2899 3110 3165 3471 3542 3650 3733 3886 3936 4113 4222 4276 4798 4851 4937
369	40	98	16	67 154 214 669 673 777 941 1323 1529 1653 1831 1882 2261 2482 2563 2600 2669 2908 2924 2951 3039 3232 3261 3301 3430 3569 3574 3635 3803 3866 4244 4331 4363 4373 4787 4916
371	6	25	16	326 661 1027 1090 1133 1364 1378 1403 1449 1814 1972 2047 2215 2327 2409 2712 2737 2900 2935 2979 3240 3508 3558 3702 4067 4080 4200 4239 4464 4582 4610 4659 4694 4700 4718 4783 4839
416	11	111	16	262 596 614 696 715 861 874 879 1011 1233 1567 1760 1818 1901 2180 2468 2678 2851 2881 2911 2940 2955 3022 3106 3135 3206 3238 3916 3988 4386 4558 4746 4770
460	15	69	16	625 849 1127 1138 1149 1418 1496 1506 1544 1728 2133 2161 2183 2225 2304 2410 2532 2630 3209 3440 3491 3530 3786 3979 4040 4326 4650 4656 4793 4797 4872
489	3	250	16	12 194 258 328 395 668 895 1315 1548 1608 1856 1860 1899 1905 1913 2116 2142 2181 2539 2552 2716 2804 2869 3129 3418 3455 3669 3713 3940 3992 4069 4153 4227
2	8	109	16	131 507 582 605 960 1062 1201 1559 1671 2167 2386 2570 2577 2677 2746 2793 2904 3115 3156 3334 3443 3681 3707 3740 3946 4160 4190 4291 4752 4860 4890 4941
29	7	179	16	9 280 829 908 993 1089 1212 1275 1457 1478 1618 1668 1848 2095 2162 2201 2348 2622 2780 2817 3034 3113 3224 3285 3317 3903 3964 3990 4204 4254 4417 4595 4670 4731 4840 4874
31	30	188	16	128 188 288 554 610 1104 1175 1216 1297 1300 1341 1344 1442 2042 2244 2271 2352 2381 2546 2733 2758 2932 2954 3067 3401 3618 3746 3843 3879 4058 4129 4271 4383
34	5	207	18	13 495 899 1075 1082 1113 1565 1765 1814 1833 1854 1939 2004 2148 2177 2789 2816 2875 3029 3302 3471 3575 3649 3754 3817 4125 4312 4358 4567 4598 4807 4825 4990
68	18	8	18	310 386 518 521 818 875 889 906 1106 1241 1251 1432 1678 1953 1999 2015 2064 2124 2188 2636 2733 2934 2938 3065 3206 3288 3310 3635 3948 3979 4033 4189 4430 4464 4845
94	26	78	18	540 1156 1244 1271 1483 1559 1657 1683 1906 1971 2160 2191 2264 2461 2627 2768 2790 2833 2863 3022 3037 3317 3371 3477 3656 3894 4048 4643 4746 4773 4974
127	37	117	18	12 24 158 182 404 511 1199 1204 1319 1335 1656 1687 1886 1968 2016 2139 2309 2370 2454 2500 2618 2885 3050 3244 3342 3359 3697 3955 4036 4150 4238 4323 4560 4736 4895
141	2	139	18	25 71 381 464 964 1393 1580 1667 1840 1914 2176 2246 2254 2600 2607 2663 2905 3008 3366 3501 3521 3620 3670 3797 3822 3978 4078 4172 4295 4594 4630 4828 4921
144	13	68	18	336 353 498 601 756 782 921 958 1010 1062 1123 1238 1255 1418 1472 1776 1903 2024 2179 2270 2609 2906 2911 2928 3033 3121 3488 3531 3961 4157 4191 4416 4429 4752 4854
148	28	212	18	28 72 107 135 169 204 242 300 302 725 902 915 1066 1556 1798 1862 1952 2459 2493 2530 2584 2727 2820 3079 3423 4163 4193 4299 4355 4537 4720 4724 4783 4941
149	39	155	18	76 122 176 738 828 991 1057 1061 1097 1139 1309 1561 1852 1961 1991 2070 2141 2284 2290 2669 2701 2902 2984 3219 3298 3426 3503 3651 3690 4401 4539 4555 4613 4730 4906
150	17	110	18	45 189 267 285 316 693 967 969 978 1325 1380 1509 1540 1560 1584 1592 1637 1941 1944 1958 1973 2164 2207 2339 2835 3290 3440 3453 3500 3527 3564 3570 3773 4769
152	36	215	18	8 38 47 172 383 527 980 1151 1277 1357 1486 1703 1851 2067 2158 2235 2564 3048 3090 3270 3522 3842 3947 3965 4076 4161 4263 4405 4446 4546 4641 4745 4889 4962
191	9	158	18	140 154 289 578 600 695 865 1171 1192 1563 1564 2052 2258 2274 2407 2700 3194 3287 3295 3515 3553 3951 4164 4234 4288 4490 4786 4967
202	25	148	18	79 594 634 685 784 802 1029 1476 1510 1616 2132 2336 2358 2438 2444 2485 2630 2838 2889 3046 3072 3299 3432 3436 3519 3532 3612 3643 3720 3752 3804 4071 4086 4398
215	33	72	18	37 90 214 373 627 665 766 840 941 1027 1330 1482 1688 2003 2013 2281 2298 2348 2412 2588 2633 2659 2876 2950 3057 3202 3236 3276 3636 3669 4013 4018 4054 4498 4619
221	31	38	18	255 299 528 877 910 917 1068 1436 1454 1586 1676 1706 2165 2377 2509 2667 2681 3051 3470 3574 3587 3654 3687 3863 3893 4041 4219 4235 4554 4591 4822 4834 4838 4969 4982
230	32	144	18	80 109 328 465 636 721 872 982 1103 1146 1373 1675 1693 1874 2362 2421 2512 2652 2975 3013 3035 3119 3193 3447 3484 3647 3758 3791 4343 4438 4658 4759 4813 4835 4850
231	1	108	18	106 155 195 451 599 825 960 1016 1243 1248 1617 2011 2330 2479 2546 2644 2690 2782 3198 3721 3766 4145 4366 4386 4422 4503 4673 4761 4791 4843 4892
306	27	81	18	31 231 266 393 413 635 783 816 852 1078 1269 1359 1370 1799 1990 2001 2313 2346 2455 2545 2932 3056 3708 3901 3983 4031 4117 4130 4424 4502 4624 4719 4951
315	21	115	18	125 180 235 311 387 417 596 611 829 842 1006 1079 1107 1658 1674 1803 2250 2314 2492 2668 2814 2958 3225 3389 3610 3680 4023 4283 4471 4556 4648 4816
316	35	42	18	46 48 144 225 303 368 406 616 719 1001 1074 1534 1568 1771 2102 2247 2302 2319 2465 2601 2670 2689 2731 3076 3141 3255 3316 3658 3698 3747 3868 4297 4660 4894
322	14	28	18	153 677 718 791 822 901 925 1121 1381 1411 1421 1775 1970 1982 2289 2420 2638 2706 2856 2896 3096 3117 3157 3229 3304 3374 3902 4198 4525 4545 4796 4827 4960
351	19	155	20	17 312 718 749 880 1102 1234 1383 1410 1832 1989 2107 2177 2331 2437 2526 2660 3032 3052 3145 3325 3375 3509 3518 3551 3712 3721 4182 4310 4382 4586 4711 4885
399	12	233	18	157 306 437 461 500 567 800 1444 1639 1723 1837 1965 2296 2483 2664 2687 3011 3039 3113 3146 3212 3431 3513 3581 3597 3646 3898 4065 4469 4913
413	29	131	18	145 273 379 425 487 536 753 764 786 1178 1236 2219 2285 2463 2523 2532 2649 2823 2923 3242 3474 3540 3652 3668 3722 3883 4019 4162 4533 4588 4635 4788 4819
431	34	181	18	52 55 78 348 390 1083 1145 1227 1416 1583 1786 2390 2922 3075 3179 3211 3410 3458 3499 3538 3557 3595 3897 4030 4039 4085 4124 4220 4307 4357 4820 4937
444	24	225	18	26 104 632 669 727 744 815 935 1542 1631 1651 1878 1899 2055 2183 2248 2393 2457 2529 2550 2910 3230 3748 3915 3957 4093 4140 4248 4372 4387 4445 4821 4933
454	20	51	18	223 230 555 795 926 1067 1180 1274 1446 1702 1729 1738 1860 1928 1949 2006 2014 2205 2691 2745 3085 3505 3592 3665 3675 3729 3860 4311 4374 4404 4486 4593 4694 4833
467	4	17	18	96 218 257 361 638 656 739 1046 1051 1150 1197 1226 1275 1314 1364 1716 2038 2071 2991 3330 3340 3717 3761 3801 3913 4147 4242 4507 4553 4602 4611 4689 4777 4794
14	38	73	18	170 193 424 532 617 898 932 1186 1413 1433 1959 2213 2283 2526 2640 2662 3012 3136 3262 3272 3461 3517 3782 3795 3905 4190 4480 4492 4880 4907
40	22	220	18	54 62 91 196 641 729 809 890 1077 1344 1492 1550 1567 1717 2106 2354 2761 3049 3060 3064 3163 3246 3325 3476 3751 3780 4225 4506 4535 4597 4610 4665 4970
42	5	110	20	108 334 347 426 570 630 683 769 1084 1321 1342 1475 1585 2073 2189 2263 2335 2613 2748 2812 2867 3212 3803 3824 3869 3891 4046 4245 4393 4420 4645 4761 4954
49	16	113	18	35 110 385 618 912 1177 1193 1195 1286 1531 1681 1739 1947 2021 2040 2109 2853 2870 2970 3249 3251 3378 3757 3781 4230 4308 4342 4411 4521 4536 4696 4815 4837 4917
51	10	122	18	3 124 345 654 950 1360 1402 1516 1518 1747 1890 2108 2244 2904 2981 3123 3143 3253 3283 3350 3383 3535 3671 4059 4072 4146 4228 4252 4327 4328 4351 4582 4640 4727 4734 4824
53	23	79	18	58 103 161 245 471 547 630 763 970 1262 1543 2074 2245 2317 2374 2759 2772 2776 2933 2963 3028 3159 3322 3428 3604 3799 4155 4188 4348 4540 4870 4976
88	40	161	18	281 288 320 443 519 525 595 597 662 937 1101 1132 1358 1415 1475 1819 2383 2391 2571 2621 3131 3394 3579 3588 3695 4144 4403 4428 4679 4775 4972 4989
108	6	195	18	234 476 533 653 663 879 1022 1170 1249 1298 1320 1541 1694 1927 1979 2478 2791 2800 2940 3367 3567 3657 4011 4316 4505 4570 4795 4808 4842 4856 4973
143	11	165	18	11 108 175 199 760 768 1004 1012 1191 1234 1406 1453 1608 1936 2057 2091 2120 2540 2913 3073 3214 3589 3833 3835 3933 4020 4121 4186 4633 4700 4710 4768 4800 4968
166	15	239	18	50 212 237 262 633 674 820 871 979 1020 1043 1119 1278 1321 1525 2257 2608 2692 2725 2847 3081 3120 3516 3528 3623 3767 3991 4240 4672 4693 4802 4896 4901 4958 4988
167	3	174	18	349 376 414 945 1127 1159 1206 1228 1280 1594 1623 1652 1668 1672 1787 1892 1945 2029 2173 2368 2734 2917 3017 3177 3364 3541 3582 3682 3760 3867 4246 4324 4699
171	8	193	18	18 113 282 359 401 496 759 837 1387 1437 1832 1880 1904 2104 2131 2537 2794 3044 3069 3174 3265 3888 4005 4192 4236 4425 4509 4580 4606 4614 4826 4924 4991
175	7	49	18	66 77 112 322 355 697 870 930 1017 1089 1105 1363 1736 1926 2022 2065 2105 2209 2442 2466 2677 2760 2796 2867 3067 3087 3139 3832 3984 4069 4195
181	30	98	18	30 360 377 397 486 543 827 959 1173 1376 1425 1429 1634 1680 1781 1823 1850 2093 2249 2549 2572 2613 2654 3221 3406 3869 4384 4612 4912
194	18	96	20	57 118 132 162 325 329 357 501 730 751 932 1447 1452 1603 1625 1640 1644 1761 1941 2448 2959 2973 3106 3230 3765 3813 4003 4219 4360 4411 4762 4994
198	26	222	20	19 255 283 478 481 896 960 1310 1355 1519 1545 1696 1748 1885 2060 2144 2153 2259 2839 3045 3053 3150 3453 3639 3749 3799 3987 4083 4104 4118 4461 4968
200	37	79	20	386 540 1073 1191 1289 1315 1433 1847 1876 1927 1969 2015 2280 2484 2642 2854 3018 3119 3349 3493 3674 3771 3898 4075 4090 4209 4412 4512 4531 4721 4823 4931
201	2	33	20	69 115 297 1012 1022 1258 1361 1458 1479 1669 1869 2022 2028 2148 2262 2287 2358 2917 3058 3090 3275 3502 3553 3577 3629 3776 3966 4073 4153 4452 4543
217	13	90	20	47 186 455 742 754 967 1053 1056 1455 1581 1601 1879 1912 2054 2187 2452 2719 2754 2914 2931 2941 2968 3035 3165 3179 3307 3679 3918 4276 4321 4377 4489 4683 4842
246	28	32	20	345 545 588 607 904 982 1711 1747 1797 1867 2102 2411 2449 2499 2843 2995 3217 3400 3475 3700 3766 3941 4012 4065 4072 4074 4180 4193 4409 4414 4595 4813
290	39	132	20	65 224 280 438 440 517 583 677 697 765 975 1060 1259 1764 2065 2347 2435 2695 3270 3447 3676 3848 3952 4198 4456 4504 4618 4626 4743 4877 4924
293	17	156	20	45 379 720 831 949 1096 1190 1388 1524 1555 1604 1863 2055 2643 2657 2872 2896 2978 3335 3619 3831 3893 4015 4112 4121 4172 4267 4324 4396 4483 4628 4640 4943
308	36	139	20	218 472 554 561 848 853 961 1017 1215 1590 1610 1659 2246 2268 2399 2400 2404 2471 2661 2744 3171 3425 3643 3926 4251 4279 4298 4423 4457 4789 4926
312	9	106	20	433 753 956 964 1054 1093 1140 1171 1211 1268 1629 1982 2005 2227 2559 2716 2817 2833 2900 2953 3380 3405 3446 3720 3746 3890 4087 4370 4554 4612 4648 4715 4729 4980
327	25	127	20	59 315 544 1087 1304 1326 1478 1635 2155 2196 2214 2216 2301 2337 2513 2522 2537 2614 2677 2805 3185 3289 3511 3555 3653 3663 3773 3827 4486 4518 4671 4747 4867
334	33	49	20	64 265 394 450 579 833 1068 1121 1325 1344 1414 1670 1817 2040 2059 2294 2297 2584 2753 2845 3161 3510 3688 3697 3733 3775 3841 4029 4397 4405 4557 4780
339	31	238	20	48 915 1774 1909 1981 2075 2167 2507 2520 2594 2598 2706 2856 3007 3293 3410 3596 3621 3708 3779 3999 4055 4062 4067 4137 4363 4427 4447 4793 4841 4855 4984
340	32	114	20	74 286 336 445 513 644 986 1035 1043 1129 1213 1356 1362 1565 1746 1900 2221 2279 2461 2803 3067 3098 3396 3444 3521 3991 4038 4201 4350 4533 4906
368	1	118	20	34 272 372 603 667 761 796 929 931 966 1100 1498 1619 1642 1705 1751 1865 2143 2253 2464 2566 2736 2764 2880 2905 3021 3290 3583 4176 4304 4499 4501 4723 4879
391	27	5	20	55 103 296 613 750 1033 1194 1218 1271 1533 1759 2351 2360 2439 2538 2638 2693 2741 2830 2902 3088 3597 3662 4091 4133 4528 4673 4703 4751 4777 4859 4870
459	21	107	20	60 75 408 430 499 659 856 901 1024 1104 1370 1553 2124 2374 2523 2596 2794 3027 3091 3291 3330 3422 3585 3626 3942 4280 4333 4451 4494 4752
484	35	160	20	161 510 732 793 1052 1108 1295 1791 1829 1846 1942 2349 2372 2518 2713 2952 2961 2999 3315 3320 3361 3381 3534 3581 3728 3738 3794 3881 3970 4061 4389 4440 4617 4716 4717 4999
15	14	19	20	113 363 532 616 668 861 1050 1119 1153 1275 1305 1401 1542 1834 1882 2071 2269 2580 2587 2852 3002 3278 3288 3356 3472 3526 3548 4126 4149 4174 4294 4346 4810 4861
60	12	142	20	13 308 324 449 505 538 792 816 855 1168 1415 1974 2213 2698 2701 2821 2918 3024 3133 3135 3189 3382 3684 3905 3923 4211 4435 4527 4746
137	29	236	20	287 672 706 743 1066 1147 1472 1535 1724 1796 1820 1822 1923 2273 2299 2324 2427 2709 2787 3716 3823 4066 4101 4216 4329 4341 4584 4732 4828 4894
145	34	80	20	109 124 233 238 370 411 475 477 948 1030 1638 1649 1657 1718 2062 2146 2576 2798 2860 3129 3219 3393 3437 3722 3790 3796 4009 4043 4092 4417 4588 4649 4903 4966
187	24	169	20	41 247 257 262 395 565 892 938 972 1081 1164 1292 1422 1667 1715 1931 2082 2151 2296 2583 2681 2797 2840 3251 3428 3699 4040 4115 4142 4359 4376 4849 4987
188	20	84	20	159 207 293 416 423 632 779 903 1046 1253 1283 1420 1742 1956 2000 2032 2066 2333 2662 2722 2801 3274 3717 3962 3971 4144 4208 4224 4375 4436 4510 4898 4963
193	4	168	20	236 662 837 878 1157 1187 1223 1360 1411 1417 2139 2202 2239 2277 3016 3070 3142 3254 3482 3610 3818 3902 3955 4034 4056 4057 4106 4192 4275 4325 4792 4864
205	38	108	20	190 284 422 713 952 993 1006 1091 1180 1240 1384 1396 1672 2017 2086 2174 2492 2635 2828 2885 3277 3364 3565 3570 3835 3989 4242 4454 4493 4497 4606 4755 4955
210	22	55	20	81 90 451 625 847 907 1143 1279 1515 1582 1645 1739 1985 2108 2118 2894 3127 3234 3267 3451 3795 3815 3929 3953 4021 4546 4663 4834 4893 4981 4997
229	16	230	20	362 495 556 664 860 1063 1150 1446 1612 2115 2158 2241 2412 2505 2609 2647 2670 2976 3336 3460 3479 3500 3528 3750 4070 4217 4269 4282 4316 4662 4688 4851 4891 4938
232	19	32	22	20 105 173 736 773 899 1117 1264 1300 1468 1535 1720 1764 1862 2144 2704 3233 3277 3318 3400 3448 3576 3632 3988 4314 4436 4518 4543 4565 4811 4911 4929 4990
233	10	228	20	366 381 629 735 998 1109 1599 1727 1769 1872 1965 2184 2364 2623 2842 2956 3041 3066 3188 3208 3243 3388 3547 3609 3811 3980 3990 4086 4107 4320 4791 4919
244	23	47	20	8 96 120 137 320 503 523 704 707 1042 1065 1075 1242 1244 1293 1551 1773 1884 1962 2112 2342 2510 2671 3025 3177 3281 3373 3617 3624 3973 4028 4084 4158 4555 4615
260	40	123	20	51 424 643 867 1346 1434 1631 1783 1920 1998 2164 2282 2554 2597 2634 3014 3266 3298 3368 3584 3755 3832 3875 3925 3930 4097 4179 4303 4354 4474 4602 4847 4936
288	6	119	20	382 609 620 661 680 712 1239 1430 1508 1520 1758 1812 1886 1970 2096 2190 2292 2432 2445 2617 2739 2743 2884 3445 3487 3666 3707 4005 4441 4468
383	11	62	20	187 628 758 923 981 1014 1049 1270 1438 1493 1679 1861 2070 2408 2416 2603 3008 3043 3062 3183 3353 3506 3507 3514 3644 3854 3943 4295 4390 4574 4646 4927
412	15	146	20	147 269 679 854 983 1579 1828 1897 2166 2322 2338 2391 2480 2569 3017 3520 3882 3883 3934 4125 4138 4283 4348 4591 4623 4665 4807
465	3	130	20	239 402 622 626 884 1013 1235 1288 1290 1432 1777 1895 2137 2382 2629 2773 2799 2857 2891 2912 3084 3186 3231 3333 3439 3614 3834 3868 3996 4163 4204 4220 4439 4730
470	8	50	20	44 53 105 197 231 715 807 882 977 1265 1394 1413 1651 1952 1993 2127 2179 2182 2668 2751 3241 3313 3429 3512 3525 3578 3594 3690 3876 4470 4866 4872
8	7	194	20	260 497 508 527 560 576 877 1045 1375 1557 1690 2099 2330 2440 2733 2750 3152 3156 3192 3347 3631 3645 3759 4116 4206 4388 4484 4529 4599 4710 4972
24	30	112	20	166 338 534 845 863 1021 1159 1208 1299 1503 1602 1770 1816 1845 2352 2769 2851 2922 3042 3604 3767 3906 3945 4130 4223 4287 4394 4460 4576 4829 4835 4920
30	5	85	22	540 596 690 889 934 963 1590 1633 1789 1838 1902 2081 2444 2659 2817 2928 2958 3025 3110 3198 3405 3434 3524 3612 3618 3753 3786 3965 4519 4570 4628 4714 4969
38	18	95	22	38 64 211 335 641 707 777 822 923 1292 1385 1792 1955 2262 2264 2355 2476 2952 3330 3510 3641 3699 4053 4371 4601 4618 4679 4763 4890 4916
100	26	97	22	102 318 359 723 724 779 860 1009 1436 1512 1726 1777 1975 2300 2338 2387 2487 2512 2548 2671 2720 2934 3094 3232 3309 3638 3879 3994 4137 4381 4729
122	37	126	22	194 376 585 608 757 766 884 1401 1439 1624 1661 1695 1964 2021 2265 2381 2494 2621 2647 2965 3008 3346 3411 3672 4258 4483 4497 4846 4864 4947
131	2	147	22	382 458 465 820 944 947 1328 1332 1553 1977 2025 2147 2243 2267 2347 2568 2573 2858 3046 3122 3480 3791 3998 4573 4736
151	13	227	22	140 281 783 824 932 1093 1149 1163 1243 1316 1477 1510 1639 1770 2010 2042 2413 2418 2480 2564 3004 3060 3068 3508 3796 4049 4313 4657 4699
189	28	201	22	147 332 756 931 1102 1206 2056 2237 2378 2466 2588 2772 3183 3210 3313 3646 3667 3838 3981 3984 4103 4288 4476 4487 4542 4550 4587 4808 4999
225	39	211	22	200 285 402 530 675 787 809 881 910 1015 1048 1126 1184 1549 1754 2255 2649 2668 2679 2916 3054 3222 3315 3342 3354 3566 3809 4212 4349 4353 4876
239	17	224	22	14 297 577 1205 1821 1860 2003 2092 2174 2218 2451 2454 2645 2828 2870 3111 3204 3587 3598 3637 3715 3853 4131 4195 4631 4655 4935 4960
240	36	77	22	989 1028 1036 1208 1263 1424 1653 1895 2036 2116 2192 2207 2425 2545 2771 2846 3079 3216 3298 3334 3368 3369 3763 3800 3956 4123 4166 4478 4557 4837
324	9	1	22	153 178 801 858 893 996 1019 1156 1278 1344 1595 1612 1724 1844 2135 2252 2429 2453 2486 2534 2610 2739 2740 2820 3168 3243 3281 3300 3545 4385 4544 4595
329	25	249	22	146 195 293 430 467 468 1131 1169 1173 1405 1447 1509 1603 1825 1870 1907 1929 2128 2212 2400 2440 2734 2913 3034 3080 3171 3192 3260 3299 3663 4101 4569 4816
330	33	3	22	65 495 1064 1106 1395 1487 1537 1556 1591 1600 2037 2269 2291 2306 2462 2596 2752 2865 2908 3267 3599 3917 3927 3928 4027 4290 4300 4646 4944
338	31	229	22	13 180 290 294 375 738 793 794 870 901 1327 1486 1635 1854 2422 2554 2626 2684 2697 2882 3416 3458 3757 4020 4259 4412 4652 4658 4838 4883
342	32	154	22	637 1392 1483 1654 1731 1734 1751 1817 2142 2336 2369 2421 2948 2960 3002 3006 3310 3314 3544 3639 3968 3987 4237 4418 4560 4636 4637 4741 4821 4875
349	19	201	24	82 167 299 444 529 590 762 922 1143 1252 1280 1411 1490 1763 1810 2020 2123 2156 2439 2453 2471 2827 2890 3263 3269 3970 4012 4133 4834
361	1	125	22	246 339 342 662 799 890 1168 1307 1390 1403 1644 1906 1959 1984 2023 2578 2601 2755 2811 3052 3125 3428 3503 3807 3843 3888 3982 4037 4108 4243 4393 4405 4967
370	27	149	22	170 313 420 483 653 705 767 924 1000 1181 1326 1330 1475 1924 1966 2213 2241 2311 2393 2463 2501 2765 2774 2815 2821 3153 3247 3264 3679 4141 4467 4715 4756
402	21	189	22	49 98 309 432 434 462 504 1096 1180 1317 1531 1561 1613 1831 1945 2074 2224 2318 2849 2874 3098 3251 3732 3921 4012 4183 4373 4506 4653 4730 4835 4987
430	35	237	22	209 231 446 590 615 796 930 1250 1265 1383 1557 1587 1755 1863 1876 2049 2085 2175 2204 2506 2604 3200 3397 3569 3700 3969 4098 4345 4577 4622 4775 4975 4998
448	14	137	22	239 344 377 419 489 610 1488 1497 1626 1684 1708 1776 1884 2084 2103 2280 2384 2625 2676 2779 2834 3261 3333 3623 3810 4229 4359 4384 4583 4826 4886 4956 4980
453	12	51	22	622 630 632 797 905 1183 1234 1610 1745 1855 2046 2083 2090 2511 2622 3028 3109 3184 3388 3594 3614 3627 3719 3857 4228 4690 4709 4796 4797 4874 4904
466	29	204	22	45 80 401 843 949 1347 1528 1616 1692 1794 1885 1993 2058 2211 2234 2272 2397 2558 2639 2806 2896 3242 3624 3872 3977 4107 4442 4727 4880 4896 4978
485	34	133	22	66 234 481 739 1092 1423 1530 1543 1655 1771 1839 1873 2490 2502 2902 2944 2991 2997 3127 3155 3158 3323 3442 3894 4056 4104 4216 4254 4503 4634 4945
500	24	185	22	74 126 279 463 500 544 682 689 848 1145 1165 1279 1378 1387 1937 2045 2186 2312 2536 2685 2814 3289 3337 3488 3662 3735 3819 4199 4399 4507 4621 4878
19	5	85	24	195 490 714 790 863 878 900 914 1025 1036 1095 1369 1475 2033 2101 2923 2975 2989 3339 3432 3465 3657 3860 3890 3936 3941 3967 3989 4136 4537 4677
21	20	114	22	1 304 354 360 478 598 619 825 834 854 1249 1325 1797 1987 2126 2365 2574 2709 3208 3220 3301 3348 3380 3626 3908 4125 4499
62	4	172	22	76 97 274 427 499 1213 1231 1389 1399 1463 1520 1721 1767 2193 2354 2407 2703 3108 3141 3228 3414 3459 3689 3902 4445 4572 4697 4707 4762 4764 4922
72	38	40	22	71 457 521 791 937 940 1162 1290 1408 2030 2122 2197 2431 2432 2632 2804 2901 3142 3357 3551 3571 3616 3678 3851 3991 4029 4156 4463 4479 4984
103	22	115	22	95 99 317 449 450 656 849 1448 1700 1958 2125 2301 2351 2672 2826 2933 3048 3072 3075 3081 3366 3613 4144 4177 4210 4319 4402 4444 4771 4905
164	16	74	22	482 515 1085 1772 1796 1976 2082 2221 2288 2401 2469 2483 2540 2599 2605 2737 2803 3384 3898 4024 4045 4102 4222 4372 4401 4526 4545 4817
172	10	209	22	371 392 642 803 971 1201 1410 1429 1547 1583 1619 1656 2187 2496 2609 2644 2900 3223 3271 3386 3424 3468 3563 4110 4143 4213
222	23	219	22	141 183 643 687 851 1020 1363 1441 1732 1887 2007 2107 2196 2785 2787 2862 3143 3161 3344 3433 3435 3591 3772 4112 4174 4208 4245 4272 4620 4792 4798
226	40	47	22	216 227 351 415 541 1135 1276 1445 1457 1507 1636 1716 1824 1840 2276 2414 2556 2572 2681 2788 3187 3332 3740 3941 4000 4181 4613 4734 4757
251	6	200	22	165 514 569 704 706 1207 1544 1691 1781 1915 1923 2184 3005 3031 3065 3195 3379 3390 3701 3717 3768 3785 3837 4077 4299 4340 4457 4629 4708 4725
303	11	243	22	311 680 703 798 810 827 1460 1506 1645 1768 2223 2484 2491 2692 3073 3093 3132 3286 3532 3692 3790 3973 4169 4202 4342 4538 4608 4686
314	15	197	22	152 198 253 418 582 629 1308 1333 1421 1806 1815 1861 1909 1986 2104 2552 3026 3138 3169 3176 3328 3389 3449 3724 4066 4114 4211 4221 4500 4662
331	3	152	22	28 343 484 808 888 1056 1305 1763 1932 1967 2018 2239 2244 2608 2781 2866 3010 3149 3237 3705 3764 3817 3946 4111 4432 4504 4597
354	18	249	24	101 153 431 457 609 904 1302 1440 1719 1789 1797 1811 2222 2353 2592 2643 2690 3099 3286 3344 3428 3544 3557 4112 4249 4263 4351 4904
374	8	173	22	529 564 694 868 916 1053 1074 1480 1562 1637 2026 2132 2930 2939 2947 2993 3058 3077 3182 3268 3603 3682 3730 3820 3880 4085 4116 4307 4641 4704 4856
387	7	101	22	159 264 314 364 519 552 635 891 951 1007 1068 1329 1808 2001 2027 2118 2256 2504 2796 2848 3215 3249 3464 3608 3706 3847 3966 4366 4407 4809 4934
392	30	16	22	508 509 1459 1501 1534 1601 1665 1686 1813 1985 1988 2022 2079 2345 2370 2395 2673 2686 2761 2927 3000 3055 3324 3396 3413 3792 4365 4377 4997
424	26	166	24	23 134 441 943 976 1020 1156 1631 1805 1877 2188 2501 2604 2771 2871 2886 2947 2979 3105 3115 3445 3634 3906 4454 4496 4624 4789 4957
451	37	156	24	1 4 691 1178 1266 1416 1596 1844 1930 2008 2200 2320 2328 2331 2404 2505 2622 2679 2797 3103 3151 3884 3911 3969 3975 4111 4214 4271 4383 4805 4833 4897
13	2	132	24	127 128 157 533 912 1099 1324 1679 1682 1694 2003 2721 2783 2786 2956 3385 3390 3569 3582 3586 3599 3602 3933 4134 4188 4257 4862
27	13	19	24	283 332 584 605 654 751 777 1448 2039 2127 2139 2340 2464 2809 3100 3333 3419 3583 3902 3930 4038 4100 4268 4340 4456 4489 4582 4623 4747 4851
61	28	164	24	483 526 647 650 1347 1356 1410 1630 1785 2150 2151 2310 2893 3194 3220 3271 3280 3293 3307 3343 3368 3714 3740 4334 4446 4529 4593 4651 4696 4844
63	39	43	24	76 125 350 549 603 1170 1200 1405 1595 1644 1710 1711 1976 2130 2149 2308 2381 2969 2972 3161 3234 3536 3643 3762 4010 4042 4223 4887 4953
107	17	177	24	116 292 331 372 404 448 468 933 1230 1331 2829 2894 2936 3044 3061 3164 3250 3469 3612 3664 3703 3742 4014 4477 4580 4596 4823 4826 4930
170	36	20	24	131 152 271 311 911 1018 1107 1901 2082 2085 2197 2236 2335 2389 2602 2624 2725 2944 3185 3238 3403 3467 3553 4023 4353 4472 4485 4493 4658 4714 4871
227	9	205	24	35 98 151 202 236 515 548 562 692 1351 1871 2466 2500 2556 2635 2645 2651 2674 2977 2996 3130 3168 3648 3696 4033 4129 4286 4296 4533
264	25	231	24	217 384 715 789 1165 1307 1329 1466 1658 1707 2034 2116 2692 2818 2858 3246 3278 3450 3549 3670 3752 3871 4178 4184 4380 4560 4702 4858
304	33	157	24	184 219 501 951 960 1017 1500 1889 2406 2431 2487 2935 3288 3485 3631 3739 3791 3974 4135 4208 4276 4394 4561 4764 4955
341	31	198	24	282 411 733 786 891 1078 1094 1538 1554 1577 1878 1986 2077 2141 2171 2229 2345 2451 2673 2955 3033 3430 3537 4377 4484 4745 4810 4975
394	32	153	24	340 760 1071 1149 1214 1251 1412 1676 2046 2221 2371 2477 2478 2614 2946 3062 3114 3175 3182 3321 3673 3827 3886 4085 4283 4346 4552 4734 4832 4992
437	1	179	24	41 106 286 310 682 709 748 817 1142 1197 1285 2332 2367 2446 2849 3118 3279 3326 3423 3574 3669 3780 3932 4127 4279 4301 4437 4461
442	27	70	24	203 694 824 860 897 1198 1310 1663 1704 1769 1854 1950 2037 2373 2582 2611 2704 2994 3188 3311 3459 3817 3880 4305 4419 4656 4848
10	21	124	24	95 439 451 537 995 1010 1088 1186 1441 1593 1713 1956 2050 2278 2518 2675 2693 2951 3336 3645 3650 3813 3943 4328 4476 4539 4546 4646
105	35	151	24	27 121 775 811 934 972 1291 1299 1911 1928 2192 2326 2463 2503 2555 2623 2746 2832 2835 3089 3121 3167 3351 3678 4105 4229 4914 4948 4964
169	14	126	24	278 414 454 497 627 839 853 864 998 1283 1327 1455 1511 1691 1761 1816 1918 2029 2088 2243 2271 2283 2344 2479 2726 2728 2926 3095 3737 4332 4743
204	12	72	24	47 256 465 1066 1194 1484 1525 1576 1592 1774 1935 2002 2230 2703 2984 3086 3231 3258 3331 3345 3836 3845 4046 4139 4182 4299 4599 4706 4866 4950
249	29	245	24	624 649 679 1072 1111 1188 1209 1796 1943 2232 2267 2379 2485 2551 2777 2800 2837 2920 2959 3076 3087 3460 4209 4295 4344 4400 4522 4531 4790
323	34	15	24	33 63 201 810 956 1343 1426 1883 1983 2173 2398 2536 2742 3040 3206 3207 3212 3644 3711 3747 3916 4201 4258 4358 4571 4769 4779 4918
346	24	54	24	70 290 328 631 757 936 1250 1403 1422 1615 1775 2032 2182 2351 2493 2591 3110 3308 3335 3547 3566 3633 3680 4089 4171 4235 4459 4532 4621 4800
380	20	213	24	241 244 857 989 1090 1193 1501 1598 1692 2024 2081 2275 2369 2388 2519 2915 3021 3613 4001 4067 4086 4355 4535 4541 4719 4786 4983
381	4	161	24	159 160 224 229 304 356 482 829 1530 1546 1605 1624 1891 1984 2577 2615 2790 3065 3189 3312 3393 3444 3548 3798 3808 3815 3962 4712 4818
395	38	241	24	307 326 380 633 655 826 1086 1341 1541 1677 1721 1819 1934 2042 2177 2672 2729 2970 3090 3149 3394 3865 4147 4173 4453 4487 4727 4795 4977
497	22	237	24	200 402 478 498 669 778 1249 1709 1803 1853 2040 2527 2633 2705 2707 2978 3882 3901 4024 4151 4196 4407 4441 4548 4564 4592 4642 4738
69	16	48	24	102 387 443 524 608 1204 1309 1683 1887 2111 2462 2637 2727 2805 3456 3591 3632 3715 3998 4108 4175 4233 4313 4322 4467 4820 4864
117	10	128	24	472 580 701 1342 1407 1481 1591 1599 1714 1813 1913 2303 2738 2763 2921 3009 3489 3676 3805 3908 3940 4179 4473 4697 4778 4787
119	23	223	24	254 400 459 783 812 858 893 1120 1145 1409 1753 1812 2030 2270 2366 3365 3476 3843 3938 3987 4097 4138 4149 4203 4210 4259 4557 4759
136	40	78	24	90 358 1001 1044 1082 1281 1336 1828 1938 2007 2163 2211 2238 2337 2392 2418 2424 2447 2547 2715 3724 3793 3950 3992 4148 4186 4551 4803
190	6	52	24	269 343 512 568 637 719 736 889 926 1232 1354 1523 1580 1957 1991 2237 2240 2295 2744 3006 3259 3496 3683 3756 4013 4588 4637 4692 4852 4981
195	11	199	24	259 391 598 866 913 1166 1419 1424 1621 1759 1824 1867 1875 2001 2051 2190 2798 2919 3218 3736 4244 4291 4370 4392 4398 4474 4631 4867 4915
277	15	88	24	73 164 238 240 379 436 727 734 1057 1881 1921 2494 2836 3036 3039 3136 3228 3232 3237 3374 3527 4246 4869 4929
300	3	103	24	362 644 821 833 856 1004 1367 1399 1590 1722 1756 1924 2359 2541 2872 2887 3383 3735 3771 3873 4260 4603 4680 4718 4767 4899 4925
411	8	65	24	144 215 237 535 551 586 741 799 867 1158 1435 1571 1829 1834 2198 2293 2305 2415 2543 3398 3568 3769 3841 3924 4806 4813 4968
435	7	214	24	5 168 520 546 1113 1210 1371 1594 1613 1964 1966 2170 2246 2325 2564 2641 3575 3649 3684 3719 3777 3779 4140 4414 4610 4868 4991
449	30	29	24	51 123 189 226 534 814 962 1031 1152 1174 1196 1199 1496 2257 2314 2752 3000 3174 3190 3420 3717 3722 3963 4018 4570 4713 4863
464	19	58	26	60 103 221 458 485 1079 1130 1138 1330 1533 1846 1998 2084 2146 2299 2458 2570 2619 2724 3142 3146 3260 3618 4250 4255 4263 4874 4875 4892 4911
98	5	158	26	38 173 239 445 555 774 795 1178 1493 1572 1636 1721 1749 2217 2430 2440 2710 2883 2893 3358 3376 3461 3723 3806 3853 4024 4138 4697 4723
223	18	64	26	17 283 350 640 1249 1293 1536 1761 1786 1805 1865 1913 2043 2097 2431 2539 2842 3138 3296 3361 3421 3476 3703 3761 3915 4413 4702 4897 4970
301	26	198	26	193 386 429 606 613 1306 1311 1375 1540 1558 1599 1922 1994 2058 2362 2371 2898 3178 3406 3745 3787 3964 4080 4179 4404 4799 4989
476	37	59	26	276 368 516 539 546 710 716 828 1128 1392 1544 1737 2115 2244 2656 2766 2813 2885 3114 3222 3564 3607 3729 3983 4042 4134 4493 4585 4707
493	2	6	26	186 208 581 678 801 904 958 1164 1240 1671 1695 1756 2041 2171 2780 2977 3010 3112 3214 3355 3483 3582 4224 4655 4674 4789 4915
3	13	60	26	396 698 785 813 1300 1348 1586 1762 2060 2275 2750 3024 3050 3093 3463 3547 3917 3939 3994 4061 4121 4203 4331 4417 4526 4611 4768 4829
272	28	4	26	73 627 628 664 738 919 946 977 1314 1425 2185 2325 2416 2851 2863 2888 2937 3635 3734 3815 3900 4103 4201 4410 4441 4696 4706 4876
285	39	30	26	42 100 287 905 1253 1341 1364 1527 1642 1763 2008 2056 2130 2419 2456 2527 2757 3316 3399 3407 3502 4680 4741 4827
92	17	177	26	26 104 736 1215 1346 1487 1495 1791 2145 2252 2522 2550 2684 2731 2784 2824 2940 3220 3357 3573 4371 4432 4920
95	36	147	26	15 21 158 271 358 1092 1099 1257 1385 1801 2140 2205 2329 2397 2548 2653 2713 3200 3458 4056 4082 4247 4253 4289 4423 4784
157	9	71	26	18 23 327 398 440 695 1019 1704 1736 1750 1952 1974 2080 2288 2473 2509 2544 2685 2698 2727 2788 3439 3696 4205 4449 4893
420	25	121	26	74 78 305 404 484 498 564 638 734 880 901 1871 2326 2388 2589 2680 2841 2968 3903 4059 4299 4622 4656 4666 4744
426	33	149	26	138 277 560 624 782 839 884 1600 1823 1881 1898 2076 2234 2424 2578 2719 2852 2928 2945 3430 3434 4341 4444 4517 4600 4894 4916
434	31	102	26	84 129 352 434 665 1154 1551 1730 2160 2210 2238 2406 2602 2706 2845 3190 3322 3326 3346 3462 3605 3708 3828 4068 4176 4802 4919
475	32	202	26	176 263 365 405 586 1008 1187 1282 1351 1417 1628 1745 2322 2341 2502 2538 2688 2812 3117 3135 3379 3560 3589 3606 4218 4296 4508
6	1	35	26	118 388 544 602 647 675 1141 1279 1316 1584 1713 1822 2138 2226 2320 2583 2700 2974 3258 4088 4124 4275 4527 4785
398	27	91	26	86 115 372 547 742 974 1076 1337 1638 1779 1832 2066 2189 2725 3030 3140 3177 3932 4091 4329 4414 4538 4634
417	21	83	26	691 935 1010 1231 1349 1458 2267 2283 2561 2884 3119 3164 3240 3415 3539 3647 3769 3781 4041 4185 4270 4437 4637 4709
86	35	233	26	59 77 181 236 362 493 719 921 1603 2007 2152 2806 3451 3759 3791 4019 4268 4308 4873
