Course	Room	Teacher	Time	Students
401	14	25	2	53 89 257 306 380 396 486 601 772 910 1066 1072 1106 1201 1296 1332 1410 1464 1515 1551 1635 1645 1822 1880 1949 2035 2040 2092 2105 2221 2292 2424 2629 2648 2982 3121 3203 3267 3606 3835 3883 3889 4073 4087 4159 4174 4296 4527 4748 4832 4861 4870 4920 4924 4994
408	10	185	2	255 374 496 650 680 737 905 946 1029 1073 1215 1260 1403 1450 1614 1778 1834 1846 1877 1927 2074 2150 2253 2291 2377 2421 2655 2828 2874 3014 3151 3266 3296 3345 3377 3565 3595 3748 3759 3761 3919 4058 4141 4272 4344 4557 4559 4830 4842
413	30	51	2	90 259 266 305 335 439 760 912 930 1037 1039 1045 1125 1230 1356 1619 1743 1837 1908 1936 1962 2032 2062 2129 2224 2225 2273 2325 2413 2504 2569 2771 2796 3147 3165 3508 3611 3820 3905 3911 3917 3979 3991 4096 4115 4146 4199 4231 4603 4709 4734 4853 4854 4881 4895 4911
18	28	57	2	164 470 494 695 775 780 1055 1232 1259 1488 1542 1648 1754 1856 1928 1968 2050 2168 2271 2454 2503 2557 2581 2757 2762 2772 2813 3076 3095 3172 3173 3381 3395 3504 3531 3560 3569 3784 3971 3998 4036 4091 4374 4484 4599 4646 4777
32	22	158	2	126 137 284 291 308 391 572 713 743 1102 1127 1339 1352 1504 1567 1575 1597 1617 1664 1881 2043 2044 2355 2369 2383 2394 2410 2560 2686 2724 3103 3210 3323 3548 3597 3617 3671 3884 4023 4040 4109 4147 4452 4542 4563 4574 4597 4666 4713 4838 4987
317	13	179	2	104 189 239 710 744 795 1275 1278 1287 1335 1785 1895 1981 2030 2147 2210 2337 2342 2402 2426 2537 2620 2715 2750 2857 2996 3004 3007 3222 3255 3427 3496 3584 3629 3825 3848 3895 4081 4166 4176 4237 4354 4573 4609 4660 4680 4757 4878 4926
335	19	121	2	95 230 350 561 586 624 636 678 773 777 889 895 1020 1021 1138 1253 1404 1572 1986 2201 2259 2306 2474 2666 2667 2668 2766 2845 2846 2848 2885 3030 3182 3194 3717 3932 4011 4107 4256 4305 4364 4370 4388 4538 4655 4687 4802 4883
388	15	112	2	65 258 333 512 596 616 674 788 932 1034 1216 1245 1270 1431 1432 1474 1481 1500 1555 1749 1817 1878 1904 1913 1953 2036 2048 2059 2148 2165 2763 2853 2863 2927 3283 3333 3477 3562 3680 3684 3801 3927 4201 4358 4458 4488 4671 4765 4816 4885 4890 4899
200	11	139	2	47 244 250 297 455 474 527 590 627 663 673 846 926 1473 1544 1602 1751 1958 2254 2314 2356 2462 2519 2737 2740 3189 3322 3372 3400 3619 3620 3737 3829 3852 3859 3954 4485 4507 4576 4640 4705 4708 4786 4822
398	14	25	4	37 101 372 415 448 494 616 642 661 695 731 951 1132 1230 1608 1612 1617 2043 2285 2317 2337 2381 2403 2468 2482 2718 2758 2766 2893 2935 3047 3161 3182 3339 3502 3827 3881 3967 4002 4070 4101 4310 4376 4583 4598 4642 4799 4823 4837 5000
412	37	87	2	98 238 272 340 351 517 518 681 762 836 1154 1170 1370 1512 1862 1888 2017 2125 2185 2188 2294 2404 2615 2617 2645 2726 2751 2788 3093 3099 3125 3200 3646 3789 3886 3951 4140 4207 4290 4434 4435 4626 4654 4657 4683 4817 4831
49	8	61	2	147 158 232 450 538 679 740 929 1228 1382 1429 1466 1495 1532 1561 1582 1672 1696 1961 1967 2223 2266 2550 2621 3489 3549 3556 3573 3658 3668 3728 3729 3763 3771 3879 3913 3940 4050 4313 4407 4584 4651 4663 4874 4906 4931 4952 4996
269	33	74	2	3 4 169 317 371 382 488 613 717 924 925 1054 1336 1355 1399 1457 1536 1594 1607 1791 1798 1952 1978 1987 2019 2180 2309 2466 2628 3024 3028 3216 3394 3439 3464 3856 3878 3888 3949 4028 4154 4164 4348 4523 4548 4661 4984
395	25	208	2	83 117 463 558 787 978 1077 1371 1568 1576 1663 1905 1934 2012 2117 2335 2465 2495 2527 2578 2591 2827 2888 2930 3032 3034 3132 3264 3324 3371 3543 3626 3652 3744 3794 3860 3967 4224 4235 4346 4649 4793 4798 4801 4921 4971
58	32	119	2	44 125 148 448 481 490 687 696 876 1212 1324 1343 1362 1472 1601 1668 1761 1925 2013 2228 2479 2756 2794 2823 2873 2926 3026 3051 3090 3116 3217 3348 3474 3501 3537 3664 3683 3787 4001 4375 4473 4946
106	29	102	2	191 195 313 610 726 745 809 933 960 1036 1056 1151 1194 1235 1631 1982 2041 2132 2213 2338 2493 2680 2840 2884 2968 2976 3053 3124 3131 3155 3277 3587 3640 4103 4136 4382 4449 4572 4679 4721
195	5	13	2	16 56 160 178 229 292 325 459 560 603 768 801 1141 1152 1184 1233 1315 1363 1425 1569 1587 1705 1868 2116 2124 2295 2319 2344 2385 2475 2736 2899 3070 3098 3233 3238 3391 3471 3885 4047 4316 4549 4562 4778 4804
252	24	219	2	430 499 513 639 655 715 785 815 1516 1637 1661 1839 1859 1970 2310 2340 2526 2579 2658 2719 2879 2974 3029 3049 3062 3214 3223 3510 3559 3601 3752 3807 3984 4113 4203 4221 4260 4464 4718 4756 4775 4859
337	26	155	2	87 149 163 262 353 454 557 881 1018 1149 1206 1338 1372 1593 1633 1775 1836 2297 2360 2440 2547 2639 2652 2752 2914 3041 3046 3058 3089 3483 3523 3665 3804 3926 3934 3978 4005 4013 4114 4185 4329 4352 4421 4514 4608 4635 4737 4769 4975
375	9	153	2	14 84 240 389 429 442 575 689 1015 1070 1089 1237 1461 1588 1887 2020 2023 2056 2138 2215 2592 2613 2641 2692 2713 3244 3382 3424 3526 3591 3615 3623 3760 3912 4030 4076 4120 4168 4282 4321 4331 4372 4568 4605 4889 4958
472	12	24	2	133 202 233 377 431 814 1200 1298 1398 1412 1434 1490 1656 1726 1813 1824 2270 2283 2388 2422 2535 2546 2559 2642 2647 2707 2805 2983 3035 3082 3177 3379 3478 3525 3552 3703 3831 3937 4119 4250 4307 4335 4560 4698 4837 4858 4998
7	2	75	2	12 190 203 210 251 401 592 598 692 877 1112 1123 1213 1305 1452 1525 1692 1896 2011 2166 2289 2400 2622 2627 2721 2859 2891 2952 3068 3139 3281 3485 3648 3765 3933 3988 3996 4381 4403 4518 4564 4814 4897 4954
26	16	140	2	61 72 130 134 140 247 288 400 530 540 600 667 686 731 1134 1266 1579 1586 1628 1794 1933 1943 2142 2173 2470 2533 2609 2659 2697 2815 2821 3065 3220 3246 3429 3779 3898 3910 3928 4026 4097 4598 4619 4761 4959
189	38	5	2	7 121 253 254 309 850 1047 1061 1083 1249 1326 1477 1666 1678 1718 1814 1991 2024 2103 2357 2439 2467 2580 2626 2709 2725 2743 2753 2754 2825 3052 3096 3631 3667 4039 4082 4101 4126 4204 4347 4541 4669
216	17	190	2	25 46 268 269 275 341 369 405 507 532 591 683 735 791 820 1003 1040 1173 1906 2070 2169 2585 2611 2644 2653 2657 2816 2820 2909 3055 3338 3339 3347 3488 3542 3588 3935 4230 4512 4628 4834
302	23	42	2	112 285 461 500 549 637 860 891 1023 1217 1511 1642 1658 1707 1731 1823 1838 2163 2293 2323 2593 2684 2799 3133 3254 3350 3472 3564 3772 3837 3943 4280 4343 4377 4385 4468 4483 4551 4724 4947
349	39	138	2	187 303 589 629 682 863 873 890 922 935 1031 1081 1310 1815 1976 2034 2112 2399 2435 2442 2571 2735 2817 2890 2960 3301 3797 3811 3836 3897 3956 4102 4112 4124 4139 4152 4165 4516 4556 4650 4827 4927
393	7	130	2	408 498 621 641 920 1164 1166 1272 1428 1486 1489 1613 1719 1773 1809 1994 2107 2118 2119 2159 2198 2469 2671 2822 2929 2984 2990 3257 3436 3497 3499 3605 3730 3875 4057 4255 4400 4460 4490 4497 4515 4826 4977
449	18	168	2	108 271 399 483 511 794 862 893 1282 1436 1447 2093 2245 2348 2382 2392 2429 2444 2663 2867 2883 2894 3184 3278 3279 3302 3383 3396 3465 3602 3697 3715 3726 3755 3756 3873 3990 4070 4492 4722 4766 4809 4944
74	27	184	2	142 194 208 310 319 413 521 522 546 723 898 1035 1041 1174 1268 1556 1573 1777 2045 2123 2175 2351 2373 2774 2787 3073 3112 3126 3148 3225 3334 3690 3698 3915 3972 4100 4219 4668 4675 4938 4988
103	21	126	2	21 417 423 631 671 835 867 868 902 1115 1155 1229 1408 1483 1626 1670 1677 1770 1853 1972 2084 2085 2170 2251 2307 2393 2473 2514 2687 2711 2722 2906 3298 3590 3709 3732 4217 4269 4443 4600 4771 4847 4872 4898
251	1	247	2	92 531 563 703 839 939 1010 1065 1143 1171 1192 1361 1491 1584 1634 1831 1889 1919 2051 2114 2137 2277 2328 2358 2397 2450 2458 3018 3224 3586 3621 3714 3959 4010 4090 4095 4328 4720 4876
279	4	187	2	359 485 497 608 635 719 782 985 1062 1219 1285 1476 1552 1595 1673 1711 1755 1769 1780 1787 2021 2042 2069 2193 2375 2898 2944 3100 3156 3308 3520 3622 3647 3753 4044 4048 4066 4284 4395 4415 4575 4636 4727 4760 4808 4917 4929 4950
285	3	235	2	23 144 362 539 571 732 1161 1179 1180 1284 1303 1713 1818 2208 2288 2446 2520 2587 2604 2676 2791 2893 2967 3253 3256 3352 3385 3570 3596 3731 3788 3805 3819 4024 4137 4186 4225 4373 4405 4577 4774 4807 4841
300	31	21	2	219 280 344 418 602 908 913 992 1109 1168 1197 1366 1566 1653 1724 2217 2231 2326 2353 2638 2778 2910 2937 3054 3252 3397 3441 3663 3702 4018 4062 4074 4143 4229 4498 4550 4554 4630 4741 4779 4803 4829 4922
416	36	240	2	197 443 800 859 1079 1128 1378 1379 1424 1521 1533 1578 1681 1725 1922 2026 2145 2155 2477 2492 2576 2630 2664 2731 2732 2777 3001 3274 3299 3340 3547 3582 3613 3780 3968 4075 4080 4265 4311 4469 4509 4785 4806
483	40	171	2	10 159 207 246 568 1097 1108 1118 1165 1271 1441 1683 1884 2088 2153 2256 2262 2437 2455 2530 2570 2781 3061 3325 3493 3718 3768 3828 3939 3961 4051 4061 4122 4127 4158 4171 4211 4261 4319 4480 4578 4864 4866
8	6	198	2	24 281 437 495 503 555 796 826 1063 1093 1203 1392 1485 1753 1830 1835 1950 2018 2128 2239 2275 2584 2747 2881 2933 2948 2993 3128 3134 3374 3444 3707 4002 4292 4308 4419 4672 4863
47	35	136	2	214 216 242 406 738 914 919 982 1225 1345 1435 1520 1606 1721 1767 1885 1898 2161 2218 2250 2500 2553 2925 2964 3016 3183 3235 3416 3469 3563 3577 3642 3803 3842 4486 4553 4637 4716
68	20	234	2	41 186 385 594 706 848 1059 1139 1156 1246 1615 1629 1671 1984 2104 2109 2204 2374 2381
153	34	78	2	6 19 398 476 698 915 1252 1279 1286 1604 1805 1875 1921
179	10	177	4	5 261 539 575 654 668 798 898 942 956 1377 1397 1511 1536 1648 1810 1814 1877 2107 2209 2324 2515 2640 2820 2880 2971 3008 3017 3277 3369 3710 3837 3858 3907 3947 4161 4409 4415 4564 4630 4897 4978
194	30	104	4	12 31 218 395 504 520 629 694 796 839 1355 1502 1744 1835 1860 1925 1947 2088 2244 2323 2447 2492 2613 2750 2866 2891 2957 3279 3347 3560 3766 4138 4337 4461 4500 4511 4513 4529 4578 4771 4839 4917
257	28	19	4	55 75 147 148 149 216 458 518 995 1008 1412 1422 1715 1791 1960 2051 2295 2326 2358 2409 2641 2901 2929 3179 3267 3276 3350 3363 3412 3670 3674 3740 3859 4177 4209 4236 4434 4503
306	22	215	4	114 480 576 662 894 1121 1134 1155 1419 1448 1703 2007 2369 2616 2644 2663 2729 2832 2939 3083 3140 3201 3270 3286 3288 3800 3921 4158 4224 4240 4487 4525 4566 4597 4717 4750
433	13	220	4	29 67 320 380 534 703 752 944 1064 1167 1357 1484 1499 1672 1783 1961 2011 2068 2123 2415 2423 2438 2511 2529 2599 2779 2782 2922 3215 3261 3325 3387 3458 3697 3765 3850 3930 4009 4094 4549 4743 4831 4920
40	19	77	4	74 323 470 515 685 823 981 1142 1222 1370 1841 1997 2096 2228 2260 2470 2543 2544 2565 2664 2780 2874 2996 3123 3269 3280 3801 3944 3981 4021 4193 4302 4352 4451 4476 4589 4738 4767 4898
53	15	69	4	109 161 171 237 241 258 371 428 677 907 990 1531 1711 2268 2308 2506 2524 2765 2788 2794 2904 2930 2951 3114 3656 3669 3879 4034 4093 4194 4201 4214 4245 4333 4453 4534 4643 4690 4751 4914 4965
64	11	79	4	14 94 100 116 322 365 449 502 619 636 710 892 994 1120 1199 1439 1505 1581 1613 1632 2119 2136 2343 2519 2521 2573 2575 2927 2973 3213 3371 3453 3639 3673 3687 3722 4205 4437 4561 4901 4946
87	37	109	4	335 406 443 580 609 612 640 863 934 975 1063 1432 1530 1614 1642 1736 1799 1870 1883 2058 2087 2392 2631 2829 2909 2916 3093 3106 3604 3726 3762 3938 3966 4176 4396 4416 4902 4926
130	8	41	4	132 143 287 376 387 391 419 451 498 536 730 853 917 1156 1317 1430 1442 1903 1985 2098 2205 2386 2406 2429 2690 2702 2934 3064 3088 3174 3353 3494 3567 3654 3754 3863 4078 4084 4242 4609 4798 4948 4964 4992
134	33	54	4	17 61 85 98 129 318 370 528 719 859 1279 1366 1396 1647 2064 2074 2171 2248 2273 2350 2352 2449 2531 2666 2911 2965 2993 3021 3173 3463 3521 3803 3895 3903 3961 4028 4212 4243 4364 4447 4841 4974
159	25	219	4	30 46 127 156 230 579 810 851 870 948 1007 1133 1200 1323 1427 1750 1757 2022 2099 2110 2122 2393 2472 2657 2752 2792 2859 3109 3117 3278 3416 3468 3489 3551 3571 3780 4272 4339 4356 4379 4740 4863
167	32	211	4	538 544 548 790 846 857 897 938 963 1145 1251 1363 1666 1812 2037 2039 2104 2142 2151 2269 2303 2439 2496 2853 2857 2899 2956 2960 3216 3251 3328 3679 3753 3802 3828 3919 3931 4294 4470
199	29	95	4	28 770 802 815 879 889 954 1710 1781 1959 2401 2408 2509 2546 2684 2969 3000 3160 3178 3315 3399 3503 3579 3613 3721 3741 3767 3806 4027 4068 4265 4394 4417 4499 4519 4543 4633 4714 4912 4921 4928
259	5	244	4	53 358 411 413 507 543 587 606 722 833 849 1146 1634 1636 1656 1840 2075 2094 2193 2281 2292 2312 2525 2632 2687 2902 2967 3126 3627 3657 3757 3798 4114 4167 4408 4526 4563 4733 4801 4805
263	24	222	4	163 200 375 672 675 716 761 858 960 966 1013 1106 1462 1601 1688 1739 1760 1962 2196 2440 2538 2587 2659 3095 3271 3272 3407 3515 3598 3851 3876 4060 4091 4174 4279 4286 4506 4560 4607 4739 4913
273	26	133	4	4 96 221 475 718 754 835 988 1004 1181 1389 1512 1766 1778 1899 2047 2105 2126 2176 2278 2366 2434 2458 2476 2498 2601 2618 2710 3020 3058 3112 3164 3187 3316 3688 3736 3867 4052 4185 4443 4586 4702 4716 4758
357	9	83	4	166 199 618 737 763 828 964 998 1270 1309 1440 1683 1712 1756 1761 1763 1967 1982 2036 2073 2332 2348 2431 2466 2551 2808 2869 3252 3257 3447 3544 3580 3592 3664 3785 3902 4032 4173 4689 4824 4880 4933 4934 4960
427	12	188	4	1 153 220 414 577 584 585 599 682 720 831 843 1188 1335 1465 1498 1731 1745 1754 1767 1867 2132 2170 2547 2635 2764 2818 2872 2906 2923 3317 3338 3593 3814 3868 4274 4283 4304 4603 4678
469	2	99	4	26 214 226 324 679 865 1086 1266 1305 1365 1445 1539 1605 1729 1912 1932 2106 2359 2464 2479 2533 2561 2653 2692 2824 2827 3256 3370 3410 3508 3658 3974 4077 4222 4538 4569 4704 4723 4856 4968
12	16	91	4	27 283 368 486 690 773 881 1053 1358 1492 1641 1689 1804 1806 1936 2070 2097 2140 2159 2341 2535 2559 2943 2954 2994 3337 3464 3479 4071 4086 4105 4319 4368 4389 4504 4836
15	38	62	4	77 182 215 253 553 713 876 985 1033 1229 1255 1261 1501 1591 1971 2148 2463 2683 2696 2725 2767 3152 3157 3163 3281 3411 3439 3471 3477 3557 3595 3682 3755 3987 4073 4757 4835 4847 4893 4936 4950 4998
38	17	152	4	489 537 605 834 914 949 1117 1633 1658 1727 2006 2147 2156 2158 2250 2289 2539 2548 2591 2598 2773 2998 3042 3314 3336 3360 3365 3510 3612 3847 3991 4050 4067 4260 4361 4372 4489 4623 4766
65	23	89	4	56 328 348 469 485 974 1124 1283 1351 1566 1827 2028 2102 2128 2349 2563 2637 3027 3101 3249 3362 3414 3415 3504 3511 3568 3599 3692 3746 3865 3999 4054 4090 4255 4366 4484 4496 4654 4850 4861
89	39	48	4	128 255 602 669 689 795 888 1036 1068 1734 1788 1946 2280 2283 2394 2428 2669 2676 2755 2795 3108 3214 3505 3600 3618 3675 3712 3856 4000 4022 4178 4180 4184 4297 4325 4467 4475 4516
97	7	191	4	123 289 727 791 1058 1203 1303 1416 1522 1587 1769 1828 2109 2111 2184 2732 2864 2900 2933 2972 2975 3022 3039 3098 3137 3236 3352 3421 3630 3718 3763 3769 3900 3927 4291 4441 4508 4637 4665 4819 4896
155	18	231	4	42 176 256 432 454 547 597 603 704 814 906 1019 1602 1651 1687 1851 1891 2032 2048 2056 2149 2237 2396 2413 2455 2812 2924 3002 3228 3797 3823 3894 3916 4096 4129 4305 4559 4657 4698 4749
235	27	11	4	84 113 235 300 343 352 473 742 759 767 935 937 972 1084 1166 1263 1297 1391 1429 1824 1863 1942 2060 2108 2120 2368 2370 2407 2410 2661 2727 3430 3441 4156 4227 4469 4621 4810 4904 4947
303	21	226	4	63 191 197 436 560 992 1172 1175 1192 1341 1461 1595 1859 1986 2182 2203 2211 2294 2741 2918 3066 3079 3290 3366 3386 3413 3456 3698 3918 3970 4046 4168 4206 4298 4314 4367 4523 4570 4604 4624 4692 4927
333	1	106	4	210 249 409 426 460 510 541 728 820 918 920 924 950 1065 1426 1918 2040 2214 2247 2316 2336 2405 2432 2488 2545 2582 2583 2671 2756 2958 3056 3113 3466 3583 3705 3887 3899 4025 4234 4263 4338 4833 4849 4997
344	4	65	4	316 569 895 1030 1194 1196 1205 1304 1344 1730 1743 1888 2441 2460 2742 2790 2799 2852 3199 3202 3250 3265 3638 3649 3816 3835 3845 3910 3929 4058 4074 4085 4142 4196 4275 4602 4748 4815 4878 4887 4906
361	3	127	4	19 32 295 827 943 1021 1292 1311 1390 1402 1413 1417 1510 1650 1785 1900 2003 2063 2177 2227 2274 2347 2534 2723 2828 2908 3007 3154 3165 3245 3266 3345 3388 3476 3499 3555 3575 4106 4353 4924 4962
369	31	23	4	165 186 204 265 277 908 1027 1083 1271 1401 1457 1773 1817 1837 1848 1999 2251 2480 2513 2625 2698 2805 2915 3016 3107 3594 3852 3883 3937 4037 4112 4134 4189 4276 4619 4918 4991
379	36	197	4	33 305 561 595 673 797 1071 1179 1371 1449 1780 1893 2015 2181 2265 2282 2331 2418 2487 2505 2712 2885 3005 3072 3077 3118 3319 3364 3461 3774 3874 4072 4120 4197 4369 4382 4420 4421 4481 4542 4595 4986
382	40	245	4	162 266 285 378 648 653 775 855 1057 1131 1451 1526 1832 1887 2054 2207 2335 2706 3009 3081 3086 3125 3255 3357 3375 3376 3425 3485 3488 3535 3563 3640 3690 3789 3817 3861 3923 3972 4020 4354 4875
429	6	7	4	66 72 141 223 402 453 1104 1125 1256 1318 1436 1622 1644 1721 1847 1914 2157 2284 2541 2555 2612 2734 2877 2884 2999 3030 3291 3662 3717 3976 4170 4345 4708 4709 4720 4721
436	35	6	4	401 623 681 941 1026 1170 1190 1204 1236 1291 1312 1320 1380 1535 1639 1838 2131 2240 2672 2801 2844 3060 3082 3142 3303 3311 3531 3633 3748 3810 4003 4076 4102 4116 4132 4267 4321 4422
464	20	171	4	282 702 841 967 1025 1072 1302 1310 1378 1546 1585 1748 1805 1984 2081 2134 2208 2286 2375
473	34	1	4	521 581 664 800 922 926 1005 1087 1150 1244 1388 1464 1478
5	14	95	6	47 183 376 407 543 751 812 1007 1195 1200 1495 1603 1677 1868 2079 2297 2299 2334 2353 2464 2545 2561 2683 2999 3092 3112 3249 3421 3512 3793 3837 3877 3937 4026 4187 4324 4356 4455 4771
48	10	44	6	39 78 206 424 446 921 971 1065 1117 1260 1315 1380 1393 1421 1430 1485 1543 1636 1701 1756 1851 1872 1898 2156 2175 2330 2365 2614 2628 2706 2978 3655 3679 3946 4277 4322 4547 4560 4575 4652
51	30	86	6	11 271 437 699 761 790 837 1001 1073 1141 1165 1324 1436 1487 1686 1698 1916 2139 2188 2197 2222 2289 2363 2599 2603 2789 2830 2877 3022 3211 3354 3539 3753 3849 4085 4412 4748 4772 4809 4919
73	28	35	6	467 630 652 690 762 951 1014 1105 1275 1482 1527 1657 1719 1757 1891 2080 2508 2525 2562 2808 2880 2889 2892 3026 3293 3400 3412 3442 3506 3636 3701 3986 4510 4571 4784 4799 4823 4896 4900 4928
82	22	240	6	168 406 511 693 778 780 937 1151 1194 1245 1294 1304 1335 1565 1639 1827 1963 2014 2204 2472 2490 2569 2640 2837 2991 3129 3177 3234 3523 3727 3779 3953 4505 4558 4579 4614 4743 4764
90	13	225	6	171 228 286 358 526 593 610 739 791 905 933 967 1093 1115 1239 1400 1426 1521 1590 1929 2000 2184 2208 2500 2557 2901 2974 2992 3015 3087 3221 3343 3572 3601 3641 3721 3975 4141 4442 4466 4512 4625 4881 4985
123	19	49	6	4 6 82 209 295 436 485 883 1267 1359 1517 1794 1802 1850 2089 2101 2200 2205 2389 2734 3190 3251 3513 3548 3630 3672 3770 3960 4103 4191 4254 4265 4437 4520 4669 4744 4786
150	15	31	6	270 366 540 1104 1215 1525 1759 1986 2189 2240 2465 2520 2537 2661 2744 2751 2818 2819 2908 3108 3188 3204 3358 3443 3775 3905 3955 3970 3998 4040 4292 4366 4537 4716 4725 4763 4867
162	11	105	6	56 71 94 96 186 254 508 1054 1156 1230 1336 1469 1694 1717 1718 1731 1786 1880 2236 2336 2495 2665 2764 2882 2905 3099 3135 3185 3198 3399 3456 3659 3935 4037 4320 4472 4482 4565 4640 4808 4902 4969
187	37	85	6	7 76 293 381 386 395 631 711 744 1108 1287 1492 1520 1533 1915 2033 2086 2358 2360 2415 2429 2489 2610 2637 2970 3035 3086 3287 3295 3619 3704 3718 3821 4015 4035 4364 4373 4474 4675 4689 4723
225	8	246	6	123 468 505 536 573 635 647 797 831 897 939 1149 1353 1395 1467 1627 1668 1926 2018 2215 2582 2755 2768 2848 3272 3473 3604 3705 3749 4020 4121 4170 4376 4397 4475 4502 4670 4820 4909 4995
265	33	179	6	15 404 452 514 633 697 743 763 817 989 1198 1257 1924 1934 1951 2070 2098 2174 2354 2387 2769 2987 3023 3091 3143 3826 3968 4140 4212 4304 4330 4382 4492 4495 4499 4586 4769 4794
295	14	105	8	178 319 822 872 1074 1441 1611 1700 1797 1807 1815 1936 1996 2037 2153 2279 2371 2391 2443 2448 2569 2592 2745 2747 2895 2991 3031 3096 3160 3704 3730 4209 4271 4289 4390 4394 4467 4537 4591 4671 4859 4943
329	25	34	6	51 118 328 383 483 517 639 882 888 917 991 1050 1190 1207 1628 2275 2293 2743 2856 3134 3186 3364 3434 3550 3577 3708 3720 3739 3769 3828 3914 3963 4091 4200 4312 4334 4346 4544 4901
347	32	30	6	40 129 162 173 394 419 648 659 676 798 996 1008 1592 1626 1646 1774 1793 1842 2108 2149 2532 2577 2707 2788 2876 3312 3378 3450 3498 3717 3809 3868 3890 4203 4353 4708 4816 4904 4940 4957
358	29	161	6	99 136 137 313 655 683 910 928 982 1112 1248 1385 1772 1854 1896 1909 1955 2113 2121 2140 2194 2278 2560 2591 2689 2697 2790 3071 3072 3355 3359 3626 3761 4269 4342 4489 4617 4717 4915 4943 4961
407	5	75	6	124 258 315 411 423 435 669 706 932 1005 1090 1137 1209 1307 1454 1524 1725 1810 1855 1921 2005 2117 2179 2248 2287 2390 2592 2737 2864 2895 2989 3280 3282 3340 3615 3747 3795 3888 4198
478	24	218	6	188 285 675 698 990 1043 1098 1099 1323 1329 1637 1656 1770 1910 2042 2067 2077 2099 2142 2238 2273 2746 2913 3121 3142 3230 3306 3326 3410 3464 3569 3853 3962 4031 4171 4310 4338 4418 4429 4631 4884
3	26	152	6	65 81 225 622 638 1038 1319 1459 1776 1887 1939 1945 2015 2169 2370 2672 2693 2956 2964 2973 3057 3101 3366 3461 3534 3891 4079 4109 4241 4414 4696 4697 4747 4810 4815 4971
6	9	172	6	84 120 266 333 471 657 660 680 760 785 903 952 1122 1131 1261 1302 1310 1316 1511 1692 1908 1979 2021 2201 2593 2623 2708 2966 2981 3059 3162 3174 3419 3446 3540 3706 4392 4557 4642 4729 4779
30	12	214	6	37 54 139 152 319 332 372 418 718 838 1063 1300 1347 1349 1390 1428 1501 1600 1879 2154 2685 2869 3013 3088 3228 3242 3313 3324 3344 3432 3518 3571 3760 3984 4000 4036 4208 4340 4666 4781
115	2	22	6	121 252 273 314 347 364 646 829 863 870 1208 1282 1346 1751 1804 2651 2681 2990 3212 3214 3296 3590 3637 3707 3839 3879 3895 3896 3941 4115 4219 4253 4480 4573 4589 4590 4754 4796
120	16	39	6	170 400 656 733 805 832 833 965 970 1046 1101 1333 1399 1424 1552 1609 1614 1750 1824 1956 1958 1990 2013 2258 2375 2485 2542 2783 2948 3104 3109 3409 3538 3634 3728 3926 4120 4177 4384 4531 4644 4949
132	38	103	6	194 217 226 232 449 587 700 707 1032 1048 1167 1263 1446 1730 1902 2244 2276 2373 2383 2433 2468 2567 2787 2797 2839 2850 2943 3077 3170 3184 3203 3436 3725 3805 3840 4053 4332 4467 4498 4503 4646 4758
161	17	1	6	33 151 165 198 299 489 588 923 954 1078 1240 1274 1497 1732 1779 1849 1953 2056 2417 2431 2571 2906 2916 3166 3240 3314 3495 3521 3554 3631 3649 3892 3977 4134 4295 4311 4362 4485 4518 4886
210	23	81	6	70 112 212 219 237 311 402 456 686 911 960 1373 1670 1708 1720 1792 1860 1892 2103 2135 2185 2280 2646 2828 2875 3490 3587 3632 3765 3850 3869 4290 4378 4521 4567 4648 4692 4795 4965
215	39	18	6	23 55 59 409 493 495 528 552 678 856 872 1041 1253 1293 1413 1564 1684 1808 2044 2143 2305 2374 2470 2522 3241 3258 3319 3459 3522 3806 3912 4025 4179 4285 4386 4390 4490 4501 4536 4554 4624 4665 4706 4790
275	7	27	6	63 155 242 509 547 562 611 641 666 1080 1246 1418 1542 1682 1713 1923 2129 2412 2801 2885 2887 2997 3038 3167 3270 3603 3744 4021 4133 4152 4216 4287 4303 4305 4470 4603 4632 4641 4939 4980 5000
311	18	201	6	62 135 200 201 654 811 878 880 894 1258 1362 1503 1582 1608 1762 1838 1894 1933 2029 2081 2298 2451 2625 3259 3318 3424 3478 3563 3790 3920 4030 4146 4157 4217 4448 4451 4595 4854 4955
318	27	29	6	131 322 518 774 1152 1182 1284 1831 1833 1871 1874 1946 2398 2503 2589 2590 2749 2778 2851 2867 3004 3019 3048 3053 3120 3257 3292 3361 3371 3448 3526 3600 3702 3818 3893 3906 4299 4694 4797
334	21	150	6	164 277 353 481 498 773 793 919 1044 1076 1204 1317 1655 1691 1853 1995 2291 2674 2813 2995 3036 3097 3238 3276 3322 3390 3515 3691 3781 3804 3908 4069 4130 4221 4244 4439 4584 4787 4982
342	1	185	6	3 68 156 267 317 600 615 1133 1136 1528 1593 1737 1785 1796 1823 1920 2075 2146 2405 2474 2498 2594 2668 2985 3052 3275 3862 3992 4023 4052 4214 4380 4405 4581 4618 4695 4914
409	4	8	6	22 477 559 649 650 716 850 1082 1402 1579 1904 1930 2186 2270 2424 2471 2477 2497 2585 2730 2841 2932 3302 3398 3438 3475 3787 4001 4041 4345 4398 4440 4454 4461 4545 4588 4602 4673 4691 4713 4765
415	3	50	6	269 516 564 692 799 958 1018 1075 1250 1355 1555 1667 1765 1927 1959 1966 1993 2001 2078 2254 2285 2407 2849 2852 2946 2949 3065 3090 3133 3467 3505 3646 3819 3874 4317 4363 4959 4989
457	31	182	6	205 300 371 555 644 912 1015 1033 1049 1055 1299 1386 1481 1553 1761 1957 2055 2082 2494 2776 2800 2816 3137 3484 3529 3532 3653 3713 3798 3832 3936 4038 4247 4272 4406 4580 4711 4872
462	36	137	6	21 178 378 454 607 620 684 687 947 1558 1616 1726 1749 2091 2290 2368 2371 2400 2739 2773 2825 2827 2855 2925 2962 3029 3080 3145 3152 3160 3180 3248 3618 3844 4009 4329 4387 4634 4849 4907 4993
491	40	147	6	12 291 302 512 520 626 809 892 940 962 976 1004 1083 1187 1345 1510 1518 1570 1649 1714 2006 2605 2845 3030 3069 3301 3356 3576 3734 3810 3822 3924 3931 4005 4192 4264 4274 4298 4601 4607 4701 4979
27	10	29	8	5 36 65 486 571 878 1013 1119 1294 1595 1833 1845 1923 1933 2001 2119 2781 3346 3637 3812 4154 4297 4349 4421 4465 4573 4587 4602 4792 4833 4842 4942
29	30	34	8	367 384 507 911 972 1062 1255 1445 1476 1514 1748 1862 1890 1924 2071 2083 2187 2276 2363 2421 2557 2661 2723 2877 3073 3153 3283 3387 3766 3815 4110 4158 4270 4321 4422 4440 4548 4620 4789
61	6	143	6	8 13 90 487 532 948 1217 1266 1270 1509 1676 1947 1977 2027 2096 2177 2376 2572 2669 2961 3100 3127 3233 3268 3303 3417 3474 3579 3654 4042 4142 4178 4262 4323 4326 4719 4770 4869
81	35	17	6	180 492 577 645 740 984 1262 1303 1407 1620 1624 1674 1843 2050 2123 2134 2160 2161 2262 2325 2550 2714 2914 2950 3200 3316 3388 3771 3930 4014 4090 4333 4365 4428 4478 4546 4721 4835
86	20	115	6	20 38 181 350 438 571 794 813 1088 1119 1145 1372 1490 1744 1873 1969 1971 2004 2063
139	34	146	6	98 290 497 566 918 1232 1269 1308 1351 1419 1549 1550 1735
147	28	145	8	6 146 342 398 705 779 794 832 905 974 1019 1025 1155 1201 1214 1231 1281 1591 1917 1931 2099 2146 2248 2418 2433 2435 2548 2619 2870 3003 3144 3155 3432 3509 3670 4276 4387 4433 4446 4515 4790
212	22	14	8	13 16 128 644 657 671 678 828 920 1160 1251 1686 1818 2058 2082 2094 2351 2938 2969 3103 3116 3163 3314 3337 3525 3585 3635 3750 3781 3955 3995 4015 4211 4708 4746 4759 4836 4979
220	13	138	8	38 50 427 467 519 701 841 953 1058 1092 1734 1864 1921 2041 2272 2329 2457 2488 2659 2764 2882 3180 3300 3736 3748 3809 3811 3844 3902 4005 4057 4320 4370 4472 4533 4593 4685 4732 4810 4903
267	19	63	8	100 195 426 712 746 907 1100 1144 1165 1184 1276 1337 1458 1646 1825 1861 2160 2313 2439 2647 2778 2878 2915 3295 3394 3454 3884 4124 4129 4203 4253 4345 4696 4787 4825 4884
331	15	164	8	183 355 415 737 836 849 1123 1169 1226 1321 1381 1513 1518 1763 1776 2111 2131 2495 2573 2643 2646 2912 3225 3604 3891 3893 3917 4010 4237 4454 4540 4680 4824 4932 4972
420	11	90	8	29 93 96 138 154 252 287 565 599 818 1640 1703 1803 1865 1939 2006 2185 2249 2385 2530 2645 2731 2736 2930 2971 3173 3414 3468 3803 3825 3918 3975 4019 4238 4306 4688 4704 4845 4868 4887
432	37	175	8	20 157 262 347 431 459 541 578 591 684 776 939 1122 1159 1218 1223 1263 1690 1856 1897 1920 2062 2179 2268 2461 2473 2608 2693 2880 2888 2926 2996 3213 3500 3634 4112 4406 4555 4673 4722 4761
439	8	168	8	10 123 149 193 301 388 622 750 1202 1267 1354 1384 1558 1604 1613 1710 2181 2252 2270 2400 2524 2772 2824 2959 3229 3308 3401 3506 3644 3800 3950 4036 4071 4136 4173 4627 4670 4682 4820 4910 4912 4923
441	33	159	8	188 225 412 454 943 997 1094 1232 1320 1759 1866 1965 2073 2127 2164 2271 2309 2366 2631 2711 2744 2847 2939 2955 2966 3130 3254 3278 3470 3787 4029 4128 4287 4375 4388 4462 4644 4800 4826 4953
448	25	104	8	52 109 198 202 856 877 1129 1193 1497 1846 2025 2106 2152 2210 2220 2237 2514 2719 3135 3191 3240 3428 3512 3651 3655 3700 3707 3833 3941 4227 4250 4341 4692 4827 4844 4916 4958 4963 4989
459	32	221	8	15 19 125 497 585 600 623 672 722 734 816 819 937 957 984 1296 1375 1479 1652 1679 1913 2170 2233 2346 2902 2929 3076 3574 3740 3908 4043 4218 4483 4487 4651 4798 4930
463	29	111	8	48 135 161 164 184 640 660 703 825 1097 1368 1419 1421 1483 1551 1564 1752 1881 2143 2411 2595 2617 2626 3221 3275 3293 3481 3621 3676 3814 3997 4039 4275 4288 4319 4396 4867 4869 4986
85	5	4	8	180 447 770 979 1173 1181 1257 1277 1382 1477 1541 1577 1702 1788 2014 2057 2067 2302 2513 2584 2763 2990 3045 3067 3074 3079 3281 3654 3877 3957 4060 4078 4169 4171 4183 4197 4199 4435 4543 4601
108	24	149	8	22 24 227 349 362 450 646 683 717 732 831 896 990 993 1143 1221 1532 1742 1870 1963 2396 2593 2754 2908 2931 3381 3390 3410 3711 4145 4204 4258 4368 4513 4606 4754 4944
141	26	3	8	105 351 481 494 714 756 1052 1118 1716 1831 1883 1884 1938 1995 2211 2292 2428 2430 2481 2508 2554 2809 3149 3431 3745 3824 3847 4024 4034 4111 4226 4458 4475 4510 4521 4585 4715 4812 4817
148	9	74	8	213 365 430 572 808 1314 1451 1496 1531 1573 2065 2191 2605 2606 2625 2816 2984 2987 3020 3024 3091 3310 3488 3582 3666 3770 3875 4100 4223 4400 4643 4919 4981
174	12	108	8	173 221 261 265 366 469 474 496 509 557 702 826 853 1031 1037 1293 1495 1506 1618 1813 1937 2053 2389 2459 2623 2836 2884 2925 3215 3430 3493 3544 3718 3855 3886 4165 4193 4497 4561 4860 4876
192	2	207	8	111 133 299 339 483 530 562 729 796 892 977 1140 1171 1198 1311 1348 1524 1669 2035 2085 2345 2402 2637 2785 2963 3087 3092 3102 3280 3285 3320 3611 3737 3749 3948 4083 4562 4699 4857 4922
201	16	242	8	91 179 353 404 472 648 663 664 757 852 959 1243 1416 1473 1757 2162 2263 2288 2333 2350 2380 2702 3530 3703 3759 3919 3934 4002 4074 4144 4417 4504 4877 4893 4933
203	38	193	8	25 106 218 293 298 395 544 736 1125 1199 1327 1423 1440 1499 1620 1651 1764 1826 1857 2290 2370 2515 2551 2652 2770 2803 2834 3199 3219 3241 3333 3959 4480 4880 4913 4965 4998
206	17	142	8	7 69 143 163 250 326 735 782 783 1494 1562 1575 1607 1685 1837 1927 2330 2475 2684 2776 2817 2952 2977 2988 3084 3152 3762 3922 4097 4244 4324 4380 4476 4579 4650
208	23	218	8	305 333 503 521 668 810 995 1095 1131 1157 1237 1249 1353 1378 1571 1850 1886 1899 1900 2007 2080 2224 2324 2442 2454 2598 2782 3119 3190 3349 3427 3473 3758 3813 3964 4577 4726 4738 4832
231	39	56	8	80 171 440 464 665 715 1256 1265 1417 1471 1590 1638 1649 1859 2190 2247 2259 2310 2344 2382 2581 2721 3047 3204 3391 3452 3694 3866 3927 3930 3996 3999 4213 4278 4366 4392 4823
270	7	109	8	43 108 281 330 451 473 811 814 887 956 1258 1331 1408 1466 1635 1737 2063 2109 2133 2293 2367 2644 2724 2858 2962 3264 3435 3444 3484 3542 3777 3900 3945 3958 4148 4195 4342 4528 4710 4753 4851
287	18	88	8	2 59 187 260 376 550 601 821 950 1154 1162 1241 1252 1464 1583 2045 2055 2076 2126 2379 2436 2807 2843 2941 3230 3256 3419 3455 3715 3793 3911 4063 4089 4095 4208 4344 4432 4525 4642
292	27	201	8	291 405 547 566 971 1042 1370 1526 1588 1950 2031 2075 2088 2096 2116 2130 2199 2487 2494 2503 2677 2815 2891 3289 3451 3724 3784 4013 4040 4062 4160 4268 4640 4645 4703 4785
315	21	210	8	217 274 410 475 687 753 881 973 1132 1138 1621 1970 2017 2020 2061 2068 2098 2125 2141 2312 2506 2587 2651 2748 2897 2904 3010 3701 3760 3897 3954 4086 4116 4187 4261 4415 4496 4684 4816 4934
321	1	97	8	94 206 212 331 397 444 468 570 625 728 844 847 938 949 1189 1329 1455 1808 1816 1916 2118 2214 2215 2296 2416 2759 2775 3053 3137 3150 3276 3335 3526 4017 4576 4636 4668 4970
322	4	204	8	32 168 337 488 498 596 628 755 772 934 947 958 960 1206 1334 1500 1673 1704 1997 2229 2810 2863 2868 3036 3294 3370 3575 3677 3754 3854 3887 3928 3944 4284 4343 4512 4598 4771 4855
324	3	153	8	249 276 425 533 883 980 1149 1446 1544 1675 2112 2227 2243 2491 2648 2663 2726 2790 2940 3258 3527 3648 3690 3699 3721 3723 3791 3830 3967 4056 4067 4162 4481 4712 4721 4983
345	31	124	8	280 584 766 1015 1197 1282 1308 1376 1616 1980 2183 2225 2353 2521 2634 2856 2860 2867 3271 3456 3515 3592 3669 3678 3714 3792 3851 3978 3985 4042 4445 4551 4678
355	36	192	8	201 216 393 500 624 730 786 838 927 1164 1309 1340 1536 1705 1741 1795 1876 1918 1994 2144 2216 2266 2709 2750 2832 3065 3090 3479 3738 3776 3965 4147 4180 4246 4309 4377 4420 4964
359	14	124	10	26 183 418 1116 1207 1307 1547 1562 1817 1858 1944 2022 2030 2046 2089 2179 2183 2489 2585 2737 2760 3210 3357 3659 3701 3723 3899 4003 4044 4093 4117 4132 4583 4741 4846 4859 4891 4907 4908
362	40	119	8	17 124 203 506 1049 1051 1088 1172 1246 1319 1453 1523 1574 1654 1822 2139 2192 2733 2740 3050 3380 3398 3514 3524 3650 3951 4099 4358 4471 4535 4556 4658 4737 4752 4788
364	6	174	8	45 296 432 529 531 630 932 1067 1135 1204 1259 1387 1438 1736 1787 1919 2132 2355 2452 2699 2814 3027 3107 3145 3480 3691 3832 4157 4190 4313 4468 4506 4660 4755 4892 4909
373	35	180	8	64 269 327 375 418 522 554 605 626 720 809 976 1617 1696 1805 2002 2026 2134 2261 2278 2381 2507 2622 2722 3059 3064 3168 3227 3292 3351 3433 3543 3578 3639 3845 3882 4374 4566
386	20	101	8	72 150 344 350 380 421 595 723 848 1070 1312 1332 1522 1678 1701 1874 1962 2115 2267
391	34	125	8	68 79 115 387 438 627 691 866 1247 1907 1910 2023 2182
397	10	178	10	48 202 287 290 728 771 876 994 1049 1147 1164 1184 1245 1374 1376 1411 1599 1600 2679 2745 2928 3042 3127 3220 3384 3509 3536 3620 3805 3920 3961 4135 4623 4736 4927
399	30	53	10	52 96 459 733 764 845 903 987 1171 1176 1195 1337 1459 1538 1780 1782 1820 1826 2061 2467 2700 2905 2939 2998 3167 3172 3356 3430 3594 3766 3875 3901 4104 4345 4400 4459 4488 4684 4755
414	28	40	10	75 208 652 721 926 957 1482 1545 1781 1796 2138 2199 2228 2388 2416 2427 2459 2713 2800 2823 3211 3341 3379 3402 3865 4160 4175 4443 4591 4611 4648 4686 4737 4773 4822 4843 4953
417	22	125	10	11 188 477 630 637 1092 1134 1212 1373 1881 2130 2166 2834 2987 3197 3335 3401 3476 3729 3815 3853 3914 3942 3959 3989 4283 4508 4511 4534 4541 4568 4647 4862 4883 4890 4901 4911 4952
430	13	224	10	1 240 283 373 567 573 651 910 924 973 1024 1058 1222 1334 1345 1365 1474 1553 2038 2052 2135 2177 2262 2415 2685 2805 2873 2933 3431 3475 3524 3604 3617 3745 3953 4083 4294 4354 4594
450	19	59	10	139 312 332 564 676 698 699 848 890 1130 1326 1572 1647 1717 1805 1845 2105 2226 2252 2390 2630 2670 2871 2959 2963 3064 3104 3226 3460 3667 3783 3921 3965 3984 4092 4365 4371 4803 4832 4894
452	15	27	10	73 383 440 442 756 1169 1276 1422 1521 1571 1823 1914 2082 2114 2159 2174 2189 2382 2536 2563 2601 2953 3010 3077 3224 3342 3373 3395 3681 3841 3941 3952 3977 3988 4192 4412 4711 4752 4837 4909
467	11	181	10	277 356 674 782 941 1032 1217 1219 1296 1325 1352 1550 1569 1607 2020 2075 2311 2361 2574 2633 2791 2815 2822 3022 3065 3128 3136 3472 3644 3679 3695 3863 3950 4016 4030 4410 4610 4651 4740 4939
11	37	157	10	45 189 324 329 375 416 435 472 554 730 746 785 870 1007 1112 1133 1309 1622 1686 1751 1783 2621 2850 2935 3011 3229 3285 3294 3368 3951 4014 4199 4312 4407 4585 4615 4713
13	8	186	10	316 446 513 583 775 823 1118 1225 1267 1280 1366 1584 1645 1853 1953 2181 2329 2437 2577 2628 2634 2793 3067 3123 3202 3287 3418 3455 3567 3628 3757 3860 4145 4863 4933 4968
80	33	199	10	64 174 184 269 407 524 623 824 875 1048 1052 1076 1342 1348 1398 1643 1665 1770 1771 1802 1806 2053 2277 2408 2513 2587 2727 2902 3023 3063 3148 4131 4270 4273 4478 4485 4735 4852 4930 4986
96	25	108	10	244 347 519 545 565 611 850 1028 1386 1681 1762 2165 2318 2607 2841 2975 2980 3043 3110 3280 3434 3448 3496 3558 3579 3714 3829 3872 3957 4299 4336 4456 4535 4633 4683 4965
113	32	4	10	2 198 483 923 1015 1136 1279 1404 1527 1577 1722 1798 2287 2480 2695 2698 2862 2919 2968 3158 3207 3372 3409 3492 3545 3622 3947 4055 4066 4256 4402 4418 4464 4656 4878
133	29	244	10	36 462 481 591 617 693 732 871 900 930 1046 1121 1396 1644 1729 1909 1965 2016 2202 2590 2662 2691 2864 2961 3149 3436 3592 4306 4398 4451 4605 4672
142	5	143	10	104 246 523 748 768 873 1344 1394 1409 1441 1556 1598 1612 1628 1655 1670 1727 1769 1916 2153 2204 2298 2396 2739 2896 3100 3603 4025 4045 4085 4184 4186 4507 4916 4946
170	24	154	10	89 340 535 680 885 1257 1322 1407 1456 1660 1733 1967 2067 2220 2235 2447 2547 2776 2828 2967 3028 3190 3236 3239 3435 3471 3483 3839 3881 3925 3986 4124 4210 4267 4348 4554 4797 4923 4981
181	26	10	10	88 248 279 394 411 420 542 641 684 708 760 789 985 1014 1081 1185 1216 1250 1306 1698 1779 1869 1992 2360 2374 2491 2608 2738 3045 3057 3249 3396 4015 4078 4300 4565 4855 4868
185	9	236	10	306 354 379 525 866 945 1012 1254 1410 1605 1611 1680 1748 1878 1985 2115 2281 2306 2477 2572 2597 2759 2885 3019 3212 3309 3319 3733 4011 4012 4049 4111 4194 4367 4374 4390 4673 4783 4793 4976
218	12	250	10	43 261 343 390 398 639 849 912 1091 1653 1677 1720 1752 1843 1844 1872 1912 1935 2062 2157 2276 2395 2528 2746 2848 2985 3378 3407 3513 3566 3680 3689 3700 3751 3796 3908 4006 4729
226	14	199	12	67 175 337 388 783 997 1003 1039 1073 1302 1307 1376 1478 1745 1800 1937 1987 2122 2259 2327 2531 2745 2748 2760 2911 3083 3325 3330 3335 3422 3745 4045 4123 4169 4517 4621 4703 4787 4896 4970
241	2	135	10	76 116 170 496 643 669 690 864 901 1129 1251 1460 1541 1589 1632 1753 2136 2144 2380 2429 2510 2522 2642 2682 2927 2970 3175 3457 3606 3643 3737 3763 3982 4460 4491 4796 4799 4990
256	16	162	10	245 321 414 499 522 526 553 678 737 1146 1272 1298 1367 2266 2267 2600 2622 2641 2648 2798 2802 2812 3009 3131 3186 3440 3735 3746 3813 3858 3906 4188 4252 4360 4593 4604 4627 4649 4705 4818
298	38	141	10	10 158 176 902 970 1206 1389 1515 1615 1716 2310 2320 2678 2711 2826 2957 3072 3078 3269 3578 3683 3804 3922 3926 4121 4138 4195 4218 4224 4332 4414 4427 4502 4613 4664 4743 4750 4889
380	17	155	10	405 559 844 918 982 1018 1059 1236 1440 1512 1560 1574 1641 1709 1768 1852 1895 2091 2117 2223 2233 2242 2269 2313 2315 2551 2568 3049 3375 3411 4034 4054 4095 4167 4461 4625 4667 4811
384	23	8	10	78 99 112 318 578 644 741 882 944 953 1020 1140 1500 1548 1623 1695 1891 2047 2084 2096 2141 2203 2476 2615 2654 2854 3183 3520 3642 3647 3990 4089 4279 4455 4526 4545
396	39	206	10	27 86 263 367 412 1010 1026 1226 1247 1252 1259 1351 1414 1602 2014 2088 2255 2300 2305 2425 2452 2680 2966 2981 3215 3323 3420 3560 3711 3775 3810 4302 4358 4474 4639 4776 4945
425	7	94	10	4 82 322 456 632 858 931 971 1099 1186 1192 1299 1304 1526 1555 1576 1723 1766 1867 2230 2397 2542 2645 2686 2840 3344 3549 3772 3874 3981 4064 4359 4381 4677 4954 4980
431	18	249	10	466 510 548 588 704 716 816 1098 1168 1283 1470 1534 1672 1810 2367 2580 2853 3040 3150 3339 3389 3451 3494 3542 3568 3831 3987 4108 4251 4254 4338 4679 4697 4719 4950
434	27	246	10	304 417 444 1060 1070 1332 1359 1518 1539 1948 1989 2102 2209 2286 2319 2486 2594 2660 2702 2860 2878 2999 3274 3289 3318 3380 3449 3686 3693 3703 3949 3983 4271 4384 4466 4542 4718 4850 4919
447	21	220	10	35 235 601 722 978 1153 1529 1732 1854 1863 1990 1998 2076 2420 2493 2507 2557 2565 3016 3192 3247 3340 3381 3666 3764 3909 4118 4163 4353 4480 4561 4606 4632 4645 4747 4780 4856 4905
456	10	94	12	229 345 367 373 765 826 1177 1189 1435 1803 2120 2364 2630 2666 3116 3223 3235 3343 3442 3562 3606 3660 3720 3780 3924 4012 4089 4247 4258 4342 4478 4530 4546 4622 4655 4667 4761 4762 4780
477	1	33	10	307 323 552 658 786 827 1041 1050 1187 1451 1595 1630 1938 1941 2027 2167 2401 2611 2753 2814 2845 2962 3025 3114 3317 3466 3780 4043 4101 4287 4323 4510 4522 4525 4714 4768 4828 4860 4866
484	4	32	10	517 659 752 755 1188 1368 1559 1634 1772 1801 1815 1923 2241 2364 2407 2552 2704 2882 2954 3201 3246 3355 3454 3588 3834 3900 3973 4072 4189 4239 4258 4337 4340 4404 4619 4687 4800 4817
489	3	151	10	413 695 727 899 1066 1103 1282 1488 1603 1610 1625 1840 1955 2112 2231 2497 2567 2629 2694 2729 2937 3129 3144 3447 3464 3792 3830 3960 4039 4063 4216 4288 4476 4513 4516 4665 4759
499	31	80	10	190 207 226 374 837 840 961 1085 1086 1177 1273 1349 1380 1537 1620 1829 1882 2000 2338 2673 2718 2843 3225 3277 3284 3353 3537 3562 3719 3743 4024 4062 4293 4308 4438 4453 4498 4666
9	36	63	10	92 119 276 421 493 701 758 954 1343 1423 1442 1531 1591 1674 2092 2263 2308 2838 2914 3124 3171 3185 3511 3682 3756 4065 4262 4411 4425 4449 4482 4580 4942
14	40	134	10	47 150 299 351 396 512 569 667 809 1701 1939 1945 2039 2129 2193 2512 2573 2656 2716 3039 3424 3463 3491 3634 3726 3824 4082 4139 4296 4409 4537 4546 4582 4788 4944 4949 4987
50	6	184	10	135 179 195 260 366 393 441 487 774 956 962 1069 1211 1457 1862 1888 1908 2019 2032 2064 2173 2540 2731 3006 3205 3219 3301 3393 3413 3725 3750 3802 4033 4219 4246 4274 4316 4574
54	35	228	10	41 122 144 326 455 570 635 803 835 1056 1218 1489 1657 2037 2224 2258 2309 2555 2583 2741 2768 2867 3031 3118 3262 3616 3645 3806 3838 3969 4150 4181 4472 4483 4536 4763
62	20	238	10	95 156 211 606 830 933 947 1204 1241 1278 1316 1318 1487 1811 1999 2201 2205 2283 2322
71	34	195	10	42 44 118 180 320 368 501 776 888 916 921 1035 1275
92	30	248	12	23 146 203 335 422 501 546 795 890 999 1002 1151 1331 1403 1596 1790 1938 2045 2268 2318 2324 2446 2614 2638 2650 2809 3108 3348 3361 3603 3622 3911 3994 4114 4291 4349 4380 4608
111	28	203	12	57 346 603 640 804 808 817 965 987 1050 1341 1354 1453 1756 1983 2154 2234 2249 2258 2733 2913 2938 3012 3332 3453 3481 3646 3735 3812 3857 3939 4388 4460
163	22	234	12	112 231 316 463 537 759 936 1034 1284 1432 1857 1998 2017 2036 2264 2288 2369 2523 2667 3109 3144 3147 3163 3245 3265 3507 3630 3838 3870 4198 4248 4305 4365 4813 4907
166	13	103	12	185 423 478 672 911 927 1878 2070 2135 2251 2276 2296 2349 2378 2396 2490 2518 2658 2713 2786 2989 3050 3159 3412 3475 3560 3609 3678 3774 3923 4154 4419 4679 4689 4804 4852 4997
169	19	196	12	110 223 414 526 745 749 764 1180 1214 1273 1484 1649 1740 2151 2284 2427 2428 2544 2584 2616 2708 2753 3107 3140 3166 3202 3355 3402 3520 3918 4195 4233 4516 4577 4792
180	15	121	12	109 248 397 431 822 883 1060 1148 1161 1242 1497 1635 2091 2275 2526 2669 2717 2806 2852 2923 3007 3305 3307 3394 3686 3742 3803 3819 3942 4027 4038 4211 4444 4521 4576 4885
188	11	77	12	3 156 176 424 479 525 543 709 942 967 1222 1520 1715 1802 1870 2108 2147 2185 2196 2392 2543 3010 3132 3259 3549 3624 3713 3899 4079 4156 4157 4300 4357 4493 4553 4937
190	37	132	12	116 151 211 401 535 545 1124 1193 1220 1228 1288 1476 1521 1590 1903 2231 2326 2386 2761 2886 3051 3125 3198 3659 3962 4064 4087 4104 4313 4424 4459 4627 4744 4891
204	8	128	12	127 288 322 505 612 844 989 1064 1456 1567 1679 1714 1724 2144 2190 2233 2537 2674 2821 2822 2895 2898 2986 3035 3169 3190 3315 3535 3541 4110 4119 4376 4446 4532 4729 4856 4898
211	33	176	12	9 138 389 448 482 492 588 725 735 917 925 931 1127 1384 1630 1665 1792 1972 2305 2363 3156 3167 3331 3358 3450 3593 3617 3798 3949 4147 4229 4326 4346 4504 4728 4829 4922 4952
224	25	226	12	355 371 540 582 707 1048 1236 1564 1618 1842 1965 2023 2219 2354 2404 2458 2606 2752 2775 2978 3039 3135 3151 3209 3253 3590 3595 3674 3779 3969 3999 4318 4360 4562 4645 4822
245	32	149	12	167 257 261 447 726 1017 1035 1059 1208 1227 1295 1392 1406 1412 1472 1677 1999 2358 2401 2579 2601 2842 2847 2951 3153 3621 3641 3728 3739 4336 4356 4635 4745 4843
246	29	156	12	154 181 301 311 565 962 1013 1510 1515 1547 1611 1684 1777 2010 2152 2421 2423 2597 2683 2685 2874 2947 3207 3306 3722 3723 3974 4060 4081 4181 4235 4471 4483 4736 4972
258	5	112	12	125 196 339 451 576 647 656 743 840 1029 1114 1269 1627 1643 1725 1746 1812 1818 1844 2675 2694 2825 3350 3386 3459 3500 3697 3700 3738 3792 3882 3981 4311 4676 4768 4793 4797 4933 4966
346	24	13	12	235 310 741 796 1008 1129 1410 1513 1538 1565 1580 1671 1675 1879 1988 2119 2443 2483 2626 3120 3130 3168 3172 3187 3327 3362 3369 3409 3876 4282 4286 4463 4524 4626 4652 4886
356	26	165	12	77 143 251 752 951 981 1080 1394 1539 1561 1719 1958 2038 2054 2139 2283 2673 2720 2888 2944 2952 2985 3387 3441 3460 3585 3730 3752 3768 3971 4220 4225 4389 4610 4842 4865 4975 4988
385	9	137	12	113 209 390 439 652 771 803 1000 1044 1205 1232 1346 1560 1579 1606 1622 1782 1797 1828 1973 2504 2516 2995 3069 3139 3180 3547 3732 3948 4206 4330 4337 4479 4581 4638 4641 4660 4820
437	12	206	12	94 111 202 214 260 480 506 591 614 653 1014 1390 1391 1731 1843 1897 1997 2080 2451 2559 2740 2902 2931 2992 3143 3260 3297 3445 3586 4035 4794
446	2	146	12	26 54 58 810 1154 1271 1362 1455 1475 1546 1597 1935 2247 2345 2482 2566 2582 2684 2840 2910 3230 3251 3328 3354 3392 3486 3536 3570 3709 3832 3980 3993 4284 4490 4618 4694 4815 4848
454	16	182	12	53 595 786 859 894 983 1057 1321 1371 1511 1554 1752 1921 2167 2210 2350 2469 2620 2633 2746 2773 2820 3005 3097 3131 3393 3406 3467 3479 3840 3851 4019 4023 4160 4403 4656 4776
458	38	37	12	270 321 471 592 711 784 819 820 843 1223 1290 1368 1779 1807 2220 2368 3396 3427 3455 3676 3696 3824 3846 4092 4126 4273 4377 4466 4550 4557 4731
479	17	68	12	465 500 528 620 919 1339 1404 1691 1748 1813 1948 2094 2206 2232 2311 2461 2802 2807 2948 3192 3261 3299 3399 3498 3912 4010 4140 4190 4367 4410 4574 4640 4692 4693 4800 4806 4946
496	23	100	12	318 368 523 579 791 939 1030 1090 1107 1265 1333 1540 1816 1882 1980 2100 2111 2254 2346 2536 2826 2965 3002 3175 3178 3379 3384 3405 3449 3556 3596 3849 4069 4307 4734 4991
21	39	247	12	200 331 520 631 940 958 976 1266 1400 1902 2016 2320 2361 2553 2556 2879 3074 3141 3300 3357 3607 3790 3797 3891 3989 4093 4172 4341 4632 4746 4879 4935 4958
25	7	154	12	51 106 220 385 470 529 550 624 824 842 1728 1759 1821 1929 1975 1992 2048 2213 2343 2373 2402 2672 2794 2832 3011 3127 3239 3250 3454 3685 3710 3859 3964 4587 4953
45	18	35	12	86 224 241 428 514 615 649 979 994 1907 1982 2301 2388 2511 2624 2682 2793 2955 3029 3111 3537 3574 3741 3854 4071 4256 4417 4519 4568 4611 4719 4789 4811 4943
46	27	230	12	65 201 207 293 704 1068 1086 1231 1322 1480 1491 1552 1584 1819 1861 1898 2280 2577 2691 2868 3043 3114 3206 3228 3267 3506 3553 3677 3689 3907 3957 4228 4263 4500 4595 4954
59	21	98	12	18 168 262 349 1045 1147 1188 1256 1261 1452 1459 1788 1889 2027 2186 2241 2313 2399 2639 2668 2679 2876 2934 3148 3254 3284 3417 3447 4133 4204 4238 4457 4538 4594 4636 4682 4990
70	1	61	12	103 173 232 336 521 690 916 993 1216 1357 1658 1763 1822 2090 2110 2321 2384 2628 2643 2678 2739 2814 3013 3196 3403 3469 3480 3519 3582 3633 3795 3842 3893 3997 4014 4355 4384 4760
102	4	238	12	41 108 170 291 304 306 396 594 792 807 943 1077 1372 1535 1593 1620 1757 1794 1893 2347 2419 2558 2627 2656 2730 3084 3380 3716 4090 4373 4773 4858
131	3	213	12	184 256 329 421 455 549 663 685 1024 1052 1274 1276 1398 1431 1693 1888 1892 1922 2040 2158 2508 2561 2962 3363 3485 3542 3656 3687 4044 4187 4196 4218 4231 4293 4409 4732
136	31	144	12	89 160 259 434 491 547 563 661 846 871 1051 1138 1143 1278 1485 1652 1901 1960 2018 2044 2160 2893 2998 3174 3248 3802 3940 4191 4276 4456 4534 4631 4758 4814 4940 4976
146	36	210	12	199 252 473 527 758 857 1105 1247 1363 1720 2074 2262 2440 2448 2610 3041 3155 3229 3242 3351 3528 3551 3575 3799 3834 4094 4431 4505 4537 4540 4563 4674 4791 4855 4967
175	40	216	12	49 79 221 581 625 731 779 1327 1498 1688 1855 1856 1873 1976 1985 2008 2061 2475 2564 2851 2860 2950 3274 3418 3599 3668 3770 3966 4236 4374 4473 4616 4657 4796 4973
209	6	239	12	131 161 344 366 740 1012 1074 1221 1314 1396 1629 1696 1742 1895 1925 2163 2184 2307 2359 2398 2670 2703 3059 3287 3368 3382 3545 3754 4029 4043 4057 4328 4362 4420 4659 4702 4818 4938
217	35	123	12	114 148 342 407 583 638 677 1093 1126 1329 1411 1669 1866 1906 1928 1952 2239 2252 2333 2486 2957 3087 3162 3266 3317 3329 3796 4149 4327 4453 4543 4706 4947 4978
227	20	89	12	81 240 308 312 559 604 675 860 970 1190 1374 1424 1537 1600 1644 1660 1662 1883 1926
230	34	178	12	93 97 282 370 462 572 580 713 769 799 865 980 988
282	14	183	14	284 336 397 514 742 788 811 891 1061 1077 1156 1273 1523 1809 2240 2325 2639 2762 3000 3089 3205 3295 3367 3446 3554 3888 4163 4306 4411 4412 4526 4591 4607 4622 4652
288	10	191	14	18 34 152 286 464 476 502 888 977 1072 1182 1197 1425 1669 1730 2836 2963 3140 3189 3330 3408 3527 3644 3645 3812 3997 4054 4107 4199 4322 4386 4398 4399 4462 4517 4589 4719
297	30	47	14	42 186 276 359 585 705 713 778 935 1076 1177 1364 1475 1483 1659 1671 1685 1818 1954 2652 2678 2714 2818 2835 2953 3058 3063 3088 3398 3794 4166 4244 4421 4438 4441 4459 4676
307	28	7	14	430 566 619 812 966 1027 1221 1225 1238 1269 1290 1544 1581 1623 1681 1893 2212 2347 2484 2736 2854 2944 3431 3439 3673 3755 3849 3942 4174 4267 4335 4618 4807 5000
323	22	172	14	91 200 282 363 605 925 996 1165 1186 1280 1742 1816 1876 2157 2308 2364 2529 2688 3005 3105 3581 3725 4032 4043 4236 4332 4470 4488 4646 4798 4885 4886 4928 4973
338	13	20	14	185 228 537 802 813 1067 1224 1297 1450 1543 1729 1889 2036 2077 2116 2328 2648 2798 2990 3074 3335 3432 3514 3572 3580 3592 3627 3709 3762 3777 3817 4295 4497 4788 4834
350	19	194	14	182 525 613 745 777 870 1055 1286 1358 1471 1489 1735 1845 1860 1998 2100 2207 2231 2392 2532 2610 2823 3226 3331 3467 3508 3662 3716 3761 4023 4303 4391 4552 4661 4753 4773 4875
374	15	118	14	124 330 634 711 932 1079 1388 1612 1618 1650 1697 1714 1852 1864 2097 2111 2133 2284 2372 2414 2416 2879 3157 3693 4037 4156 4241 4248 4336 4486 4665 4847 4870 4887
376	11	165	14	95 290 361 593 798 1016 1071 1300 1342 1506 1606 1872 2030 2159 2568 2747 3017 3093 3110 3304 3569 3719 3727 3820 3833 3909 3963 4008 4062 4126 4426 4444 4588 4608 4895
410	37	14	14	232 482 691 720 721 892 1082 1229 1360 1367 1381 1462 1661 1819 1855 1886 1894 1931 2243 2264 2344 2419 2446 2473 2489 2524 2598 2811 2960 3218 3381 4061 4064 4280 4736 4892 4923
419	8	122	14	151 167 187 189 391 456 548 1111 1741 1794 2244 2452 2689 2720 2799 3004 3149 3212 3305 3339 3495 3538 3702 3731 3752 3808 3840 3844 3880 4000 4135 4315 4565 4643 4728
438	33	164	14	516 558 845 1024 1142 1164 1223 1314 1341 1357 1528 1625 1660 1674 1675 1690 1867 1914 1976 2065 2332 2339 2379 2920 3008 3054 3151 3188 3713 3855 3864 3970 4042 4068 4493 4752 4804 4866 4978
461	25	131	14	338 607 739 940 1159 1253 1340 1427 1689 2195 2235 2238 2288 2321 2469 2481 2521 2934 3141 3224 3232 3341 3462 3497 3705 3764 3877 3935 3951 4014 4058 4223 4238 4582 4655 4700 4706
466	32	147	14	17 21 262 275 278 298 500 1043 1163 1325 1369 1397 1493 1699 1766 1871 1957 2554 2604 2699 2748 2847 3215 3284 3301 3320 3344 3830 3915 4086 4177 4519 4586 4650 4664
471	29	24	14	23 100 210 289 706 780 915 929 1507 1615 1640 1858 2054 2304 2362 2494 2546 2553 2576 2590 2645 2894 2899 3118 3483 3609 3759 3784 3900 4161 4264 4296 4301 4323 4585 4604 4625 4628 4672
475	5	223	14	241 279 625 696 1064 1115 1305 1308 1758 2017 2079 2232 2331 2454 2465 2636 2851 2887 2915 3041 3742 3788 3897 3931 3934 3979 4117 4184 4212 4341 4506 4511 4803 4861
481	24	173	14	345 545 561 568 749 784 969 1128 1152 1217 1428 1504 1746 1930 1966 2089 2329 2348 2427 2549 2754 2803 2904 2912 3036 3068 3290 3291 3318 3426 3760 3836 3842 3913 4219 4362 4433 4561 4790
485	26	158	14	62 165 311 441 769 1096 1116 1241 1487 1508 1563 1821 2131 2255 2296 2611 2733 2889 2961 3465 3551 3626 3655 3901 3921 4125 4167 4417 4509 4555 4712
492	9	166	14	831 917 1053 1220 1274 1393 1442 1545 2094 2103 2120 2162 2198 2206 2233 2302 2550 2657 2774 2777 3312 3500 3545 3787 3946 4005 4249 4393 4449 4515 4524 4707 4763 4836
4	12	126	14	30 85 163 382 384 452 549 883 1114 1330 1643 1747 1811 1820 1977 1982 2007 2215 2457 2541 2649 2721 2946 2995 3143 3311 3712 3843 3881 4035 4263 4334 4432 4450 4617 4735 4889 4905
24	2	142	14	428 524 869 1006 1084 1244 1480 1492 1519 1627 1738 2000 2640 2716 2734 2924 3001 3052 3090 3165 3223 3248 3253 3386 3457 3521 3533 3999 4006 4220 4602 4764 4873
34	16	55	14	217 236 271 398 654 902 1175 1227 1723 1870 1877 1917 1962 2345 2365 2478 2544 2674 2710 2755 2784 3092 3203 3345 3534 3804 3885 4423 4525 4553 4703 4863 4927
35	38	46	14	35 326 556 725 880 901 904 1147 1312 1315 1772 1990 2076 2095 2189 2361 2447 2780 2964 2968 3094 3309 3413 3479 3486 3492 3524 3965 4141 4371 4456 4541 4775 4778 4876
56	17	145	14	191 308 329 354 370 532 748 872 972 1288 1350 1409 1420 1486 1575 1709 1796 1989 2341 2444 2474 2579 2691 2701 2745 2913 3055 3233 3288 3369 3394 3779 4154 4551 4609 4782 4906 4914
60	23	232	14	52 190 426 509 570 650 747 1292 1319 1522 1760 1790 2188 2260 2540 2571 2665 2897 3045 3111 3234 3953 4003 4205 4232 4242 4600 4686 4871 4948
72	39	200	14	390 550 673 896 956 986 1030 1119 1125 1499 1516 1911 2042 2113 2438 3015 3021 3034 3081 3338 3363 3470 3737 3938 3981 4448 4479 4547 4566 4634 4745 4852 4890 4999
83	7	26	14	33 84 176 205 250 334 427 504 536 629 684 752 789 953 1160 1316 1391 1470 1704 1800 1952 2340 2620 2653 2771 3075 3126 3418 3531 3566 3584 3597 4101 4246 4429 4723 4791
84	18	140	14	309 413 446 522 602 839 1181 1234 1294 1934 1951 1960 2256 2319 2462 2477 2527 2631 2880 3062 3374 3640 3802 3852 3856 4004 4007 4016 4098 4176 4189 4401 4601 4718
93	27	60	14	61 175 203 272 347 387 458 964 1022 1088 1166 1200 1258 1285 1439 1647 1680 1899 2040 2114 2509 2837 2970 3018 3156 3243 3471 3491 3503 3814 4119 4127 4388 4458 4626 4699
98	21	214	14	490 580 658 688 712 765 931 1158 1201 1435 1495 1755 1936 2046 2299 2424 2570 2617 2642 2680 2727 3102 3164 3222 3266 3528 3574 3857 4088 4153 4169 4865 4962 4969
104	1	243	14	616 628 708 729 800 928 1323 1407 1692 1743 1751 1764 2015 2128 2356 2586 2686 2890 2898 2903 2931 3265 3519 3547 3680 3800 4072 4196 4233 4234 4298 4344 4351 4533 4594 4662 4929
154	4	192	14	88 120 227 569 571 636 645 686 697 1097 1189 1601 1817 1844 2562 2855 2872 3046 3060 3145 3155 3163 3443 3541 3739 3862 3889 4257 4271 4407 4460 4651 4772 4776 4825 4841
160	3	33	14	318 328 541 611 715 992 1101 1208 1334 1385 1455 1517 1578 1825 1828 1839 1932 2072 2092 2543 2621 2942 3166 3249 3255 3263 3303 3407 3453 3778 3821 3865 4641 4744 4797 4842
178	31	41	14	141 192 193 268 356 429 507 710 943 998 1209 1235 1405 1557 1596 1984 1991 2034 2203 2420 2595 3033 3147 3450 3474 3475 3498 3510 3661 3688 3724 4191 4253 4255 4742
240	36	193	14	2 224 252 443 689 700 840 941 968 1011 1087 1089 1532 1631 1750 1848 1854 2029 2112 2132 2191 2297 2303 2671 2958 3469 3480 3734 4143 4317 4397 4527 4730 4769 4828
250	40	150	14	204 256 480 584 670 781 918 1033 1167 1560 1589 1814 1834 2196 2471 2510 2728 3113 3133 3208 3323 3365 3404 3414 3448 3607 3625 3905 3910 4108 4431 4494 4629 4687
278	6	204	14	66 323 694 751 1078 1126 1135 1317 1460 1739 1979 2071 2074 2239 2491 2725 3130 3150 3343 3647 3818 3841 3861 3952 4183 4256 4277 4285 4363 4418 4534 4659 4715 4881 4883
289	35	241	14	150 162 294 297 453 1063 1260 1301 1413 1583 2216 2295 2456 2515 2538 2675 2690 2945 2980 3123 3550 3573 3589 3614 3710 4155 4188 4197 4268 4348 4365 4413 4522 4801
348	20	15	14	139 178 348 459 754 949 1162 1255 1346 1448 1530 1943 1993 2058 2257 2359 2376 3197 3217
360	34	141	14	80 247 258 295 352 403 699 934 1110 1268 1306 1375 1467
370	14	233	16	87 121 159 173 265 301 589 829 1128 1383 1740 1926 2003 2044 2336 2341 2343 2362 2529 2619 2661 2709 2742 2780 2843 2922 3070 3162 3548 3639 3699 3738 3917 4166 4180 4254
394	10	188	16	218 245 275 553 621 626 674 818 864 873 952 1103 1681 1832 1865 2291 2754 2842 2883 3279 3285 3371 3698 3860 4030 4114 4213 4309 4386 4478 4515 5000
421	30	167	16	119 164 206 345 784 848 1155 1181 1196 1467 1598 1667 1880 1924 1978 2022 2265 2526 2940 2965 3273 3412 3427 3539 3643 3736 3783 3827 3872 3888 4127 4485 4520 4572 4704 4715
424	28	12	16	155 357 497 807 1158 1421 1768 2009 2011 2182 2318 2466 2483 2560 2734 2772 2788 3132 3176 3405 3436 3565 3586 3788 3855 3960 4228 4293 4396 4672 4844 4926 4938 4957 4963
445	22	87	16	91 212 256 478 563 904 1289 1354 1454 1679 1702 1721 1784 1820 1869 1935 1998 2016 2041 2357 2469 2518 2522 2707 2952 2986 2993 3118 3181 3388 3426 3519 3663 3728 4288 4563 4890 4897
453	13	78	16	1 38 49 334 469 479 685 702 719 875 1472 1596 1806 2105 2198 2549 2681 2810 2920 2934 3059 3084 3095 3170 3235 3243 3499 3516 3662 3671 3672 3892 3901 4339 4642 4741
470	19	76	16	249 315 921 927 1027 1338 1406 1434 1439 1496 1566 1651 1849 1889 1968 2066 2213 2539 2724 2881 3395 3410 3602 3807 3920 4105 4200 4229 4334 4587 4802 4826 4895 4960
482	15	151	16	60 147 169 526 551 574 1092 1330 1433 1682 1685 1725 1732 1907 1909 2031 2154 2209 2384 2412 2641 2749 3390 3425 3446 3730 3770 3794 3863 3891 4002 4259 4439 4530 4637 4690
490	11	131	16	28 267 270 273 515 646 651 967 1214 1350 1358 1578 1639 1793 2026 2712 2865 2926 2956 3045 3324 3435 3595 3758 3957 3972 4006 4041 4150 4487 4772 4811 4829 4832
44	37	118	16	45 230 748 793 839 861 946 978 1269 1336 1375 1414 1736 1738 1750 1843 1894 2131 2171 2178 2377 2642 3241 3442 3486 3707 3778 3967 4275 4411 4471 4612 4648 4864 4905 4955
57	8	174	16	14 127 181 482 887 1002 1218 1297 1655 1700 1705 1712 2052 2302 2327 2685 2688 2803 3011 3096 3199 3200 3281 3373 3463 3546 3579 4056 4233 4277 4315 4430 4585 4656
79	33	132	16	15 160 373 386 491 508 604 615 670 1038 1529 1538 1997 2306 2456 2783 3012 3206 3229 3789 3932 4038 4185 4467 4620 4707 4714 4717 4817 4825 4850 4928
121	25	215	16	2 63 420 606 934 1117 1195 1209 1237 1257 1293 1446 1543 1580 1803 1938 2034 2241 2337 2663 2762 2786 2892 3540 3680 3704 4129 4350 4546 4553 4605 4724 4902 4948
122	32	212	16	461 560 632 912 955 994 1089 1437 1443 1492 1505 1696 1699 1703 2097 2280 2530 2682 2733 2958 3051 3310 3332 3349 3501 3564 3686 3813 3989 4113 4416 4606 4653 4731
127	29	189	16	177 289 410 647 767 1100 1175 1458 1519 1608 1790 1809 1955 2039 2206 2322 2558 2611 2748 2894 2941 3048 3128 3149 3256 3567 3605 3785 3882 3903 4268 4644 4809 4816 4872
128	5	169	16	124 631 847 1039 1328 1405 1465 1611 1638 1657 1766 1974 2277 2370 2449 2532 2561 2700 2905 2950 3047 3294 3585 3590 3769 4178 4492 4658 4662 4670 4688 4782 4851
137	24	139	16	22 693 899 929 942 1111 1144 1271 1285 1295 1631 1783 1810 2493 2514 2662 3227 3352 3534 3570 3638 3916 4009 4059 4145 4314 4423 4544 4654 4795 4824 4867 4920 4979
151	26	79	16	474 564 588 609 643 1095 1153 1243 1326 1518 1795 2033 2235 2346 2355 2637 2849 2927 3008 3071 3404 4048 4075 4135 4149 4152 4168 4260 4428 4558 4711 4788 4818 4845
193	9	93	16	29 34 255 320 394 404 724 764 799 996 1011 1113 1281 1291 1367 1430 1494 1539 2068 2124 2246 2316 2620 2694 3101 3166 3204 3264 3362 4238 4324 4395 4408 4464 4514
223	12	81	16	172 536 546 576 687 974 1203 1415 1424 1594 2187 2238 2372 2418 2757 2760 2852 2964 2991 3160 3250 3259 3302 3478 3615 3821 3884 3961 4406 4601 4685 4695 4968
228	2	73	16	310 458 460 596 763 792 1060 1361 1440 1528 1630 1745 1821 1863 2043 2152 2289 2521 2800 2862 3080 3081 3263 3389 3461 3660 3954 4333 4475 4486 4535 4571
243	16	248	16	363 382 441 804 867 980 986 1216 1574 1619 1799 2008 2308 2508 2687 2767 2921 2936 3211 3270 3606 3708 3732 3844 3886 4053 4234 4281 4296 4567 4579 4584 4647 4796 4900 4990
254	38	120	16	196 244 324 364 463 744 819 897 1008 1017 1051 1161 1176 1321 1364 1445 1693 1816 1959 2146 2150 2871 3321 3520 3532 3747 3836 4102 4103 4383 4401 4444
255	17	222	16	174 663 741 761 1043 1213 1290 1379 1442 1621 1883 2071 2125 2175 2304 2382 2393 2545 2624 2861 3074 3286 3650 3955 4327 4399 4477 4541 4779 4925
261	23	66	16	90 130 307 316 495 746 770 930 944 1096 1488 1503 1641 2049 2204 2423 2652 3025 3221 3378 3518 3620 3914 4109 4204 4230 4353 4357 4393 4489 4503 4522 4529 4550 4947
271	39	30	16	132 207 236 304 369 399 527 597 754 1028 1082 1183 1223 1360 1386 1562 1830 2232 2426 2612 2697 2915 3144 3300 3384 3582 3596 3791 3936 3968 4094 4131 4207 4225 4450
281	7	52	16	88 517 617 742 825 850 963 1013 1110 1382 1501 1547 1919 1950 1977 2212 2300 2379 2460 2830 2972 2975 3033 3115 3164 3271 3517 3753 3973 4318 4465 4494 4577 4590 4630 4921
286	18	236	16	151 222 280 285 295 757 997 1075 1403 1708 2083 2199 2478 2714 2774 2982 2997 3208 3327 3353 3377 3694 3857 3880 4011 4079 4080 4329 4518 4691 4877 4910
290	27	64	16	113 182 379 490 530 781 1091 1332 1371 1398 1478 1507 1550 1644 1711 1713 1835 1949 2110 2218 2315 2505 2779 2919 2957 3022 3186 3757 3870 3926 4240 4266 4596 4860
301	21	242	16	9 67 199 243 296 377 465 650 914 1022 1215 1238 1704 1752 1765 1983 2395 2797 2844 2935 2953 3110 3341 3397 3721 3765 3777 3792 4008 4151 4170 4528 4652 4846 4888 4966 4982
312	14	120	18	31 140 632 820 879 969 1027 1061 1234 1242 1300 1383 1386 1582 1678 1792 1879 1930 2425 2856 2862 3066 3176 3507 3516 3603 3678 3727 3767 3943 4239 4454 4575 4711 4720 4806
330	1	82	16	39 133 451 505 559 658 679 697 840 882 983 1040 1042 1120 1199 1395 1477 1571 2010 2024 2535 2710 2761 2807 3067 3106 3363 3383 3449 3529 4269 4500 4582 4915 4916
366	4	250	16	47 103 545 856 898 906 1185 1340 1394 1565 1747 1858 2042 2216 2331 2365 2856 2917 2945 2977 2984 3159 3230 3444 3541 3549 3598 3837 3962 4013 4187 4253 4443 4624 4819 4853 4999
390	3	166	16	70 435 519 577 580 845 968 1079 1150 1557 1759 1866 1916 1987 2030 2360 2457 2502 2763 2866 2928 3023 3055 3290 3507 3773 4017 4097 4257 4681 4880 4894 4961 4974
392	31	51	16	8 139 183 424 445 538 614 677 727 733 854 1076 1087 1192 1535 1553 1637 1695 2019 2145 2257 2328 2605 2898 3076 3282 3408 3727 3946 4198 4217 4347
402	36	92	16	74 115 157 293 434 657 695 729 837 868 1159 1180 1186 1193 1426 1438 1541 1568 1627 2101 2225 2403 2696 2875 2912 3306 3496 3554 3956 4033 4512 4830 4899
422	40	50	16	59 168 327 503 598 913 1397 1468 1554 1555 1718 1970 2028 2099 2452 2510 2517 2575 2646 2802 3209 3234 3348 3409 3438 3468 3528 3609 4046 4052 4070 4251 4289 4523 4854
474	6	107	16	117 378 635 736 824 851 969 981 1124 1466 1774 2050 2364 2394 2553 2833 2932 3050 3183 3237 3299 3525 3666 3867 4122 4175 4335 4615 4734 4777 4828
494	35	173	16	126 191 251 471 487 567 582 688 874 1055 1174 1190 1201 1369 1728 1996 2029 2147 2689 2746 2834 2873 3177 3487 3629 3848 3947 4027 4099 4182 4252 4349 4414 4418 4457 4632 4847
2	20	194	16	372 430 534 806 984 1148 1264 1344 1387 1460 1481 1746 1782 2165 2223 2260 2538 2654 2667
10	34	67	16	44 110 841 1116 1160 1220 1249 1609 1659 1822 1860 2414 2455
31	10	67	18	274 278 327 616 693 797 966 1019 1107 1514 1613 1656 1789 1836 2237 2246 2728 2815 2825 2896 3005 3032 3120 3171 3264 3346 3366 3392 3751 3772 3977 4008 4227 4232 4269 4786
39	30	229	18	448 590 607 672 893 1236 1313 1347 1414 1646 1735 1871 2071 2090 2138 2660 2716 2751 2789 2969 3476 3692 3726 3768 3798 3870 4060 4073 4283 4371 4599 4604 4999
42	28	36	18	61 136 234 405 466 534 968 1170 1530 1565 1589 1636 2100 2263 2419 2465 2594 2792 2846 2918 3037 3050 3104 3105 3440 3890 4006 4201 4410 4682 4739 4903
52	22	45	18	15 273 449 1205 1273 1291 1292 1417 1438 1500 1519 1523 2116 2281 2389 2679 2687 2769 2805 2979 3053 3055 3067 3086 3315 3379 3445 3511 4024 4128 4228 4615
66	14	36	20	228 286 457 792 995 1000 1144 1318 1548 1618 1968 2028 2236 2406 2562 2653 2668 2718 2866 2920 2965 3426 3587 3755 3953 4022 4278 4569 4653 4676 4680 4772 4777 4803
94	13	169	18	102 213 250 438 1109 1157 1213 1376 1421 1563 1726 1777 2064 2224 2482 2560 2583 2595 2926 3368 3408 3518 3561 3575 3666 3686 4258 4432 4436 4468 4629 4712 4876
158	19	232	18	542 566 609 825 836 1037 1359 1443 1723 2095 2264 2271 2552 2619 2823 2883 2923 3085 3263 3568 4042 4210 4226 4289 4346 4425 4532 4567 4628
176	15	48	18	122 145 228 360 401 469 955 1022 1077 1254 1473 1526 1585 1604 1632 2004 2032 2060 2203 2591 2732 2804 2989 3131 3187 3218 3279 3397 3482 3743 4110 4122 4130 4304 4315 4427
191	11	128	18	86 92 190 193 336 338 394 554 581 717 794 864 875 878 1195 1506 1974 2012 2192 2411 2886 3391 3530 3636 3789 3831 3937 4151 4331 4411 4442 4477 4710 4760 4776 4830 4925
205	37	91	18	134 260 340 471 489 546 622 877 928 1098 1159 1206 1328 1449 1622 1699 1787 1813 1890 2066 2325 2397 2609 2636 2780 2949 3434 3898 3993 4391 4702 4746 4858
214	8	243	18	133 215 239 348 457 830 959 1094 1478 1571 1804 1910 1954 2158 2168 2169 2293 2300 2426 2677 2703 2839 3006 3835 4077 4430 4507 4716 4868 4940 4942
219	33	209	18	9 105 350 425 579 655 978 1010 1189 1228 1574 1680 1808 1869 1984 2330 2488 2577 2713 2731 2758 2860 2878 2928 3077 3558 4259 4317 4397 4715 4780 4945
239	25	6	18	30 233 242 334 393 477 544 557 649 1020 1081 1467 1507 1556 2020 2176 2331 2527 3001 3003 3115 3360 3405 3613 3811 3892 3894 4370 4386 4439 4490 4784 4984
242	32	99	18	41 209 323 328 659 884 1057 1322 1395 1758 1945 2002 2118 2256 2368 2458 2502 2514 2627 2875 2982 2986 2988 3126 3443 3463 4051 4098 4248 4368 4479 4690 4750 4767 4908
244	29	245	18	283 304 501 576 633 1124 1162 1163 1221 1409 1541 1547 1821 1956 1985 2024 2220 2665 2838 2976 3060 3367 3372 3375 3700 3702 3857 4055 4162 4209 4634 4706 4775
266	5	114	18	28 259 339 362 367 395 513 714 767 787 942 957 1224 1320 1407 1416 1486 1534 1689 2108 2365 2451 2485 2940 3192 3332 3411 3608 3773 3851 4324 4402 4902
276	24	102	18	433 555 594 646 823 924 1199 1247 1263 1468 1469 1590 1594 1682 1885 2394 2404 2501 2710 2744 2786 3196 3244 3282 3487 3557 3960 4068 4243 4350 4429 4677 4792
308	26	65	18	18 33 71 129 222 331 540 582 626 766 988 1339 1406 1499 2124 2173 2332 2870 2900 2992 3042 3111 3136 3599 3602 3869 3965 4069 4385 4481 4670 4678 4778 4785 4917
314	9	202	18	40 95 113 158 231 409 525 570 790 991 1461 1733 1765 1776 2274 2676 2680 3141 3292 3308 3342 3444 3573 3594 3688 3731 4029 4041 4050 4188 4282 4548 4555 4605 4827 4934
339	12	70	18	169 257 400 440 470 905 1139 1262 1437 1570 1809 1872 2041 2083 2123 2136 2155 2450 2797 3117 3147 3157 3220 3274 3417 3421 3552 3578 4179 4184 4413 4435
353	2	163	18	35 144 661 778 900 1006 1238 1494 1554 1597 1739 1753 1806 1915 1980 2197 2486 2586 3231 3237 3328 3406 3673 3747 3799 4020 4072 4086 4224 4465 4653 4726
354	16	235	18	88 263 279 410 634 1028 1065 1444 1800 2021 2354 2377 2421 2490 2513 2564 2566 2567 3206 3458 3491 3822 3923 4048 4139 4177 4295 4347 4569 4717 4802 4918
365	10	209	20	135 138 241 354 383 432 625 790 1039 1226 1333 1341 1342 1437 1694 1734 2095 2101 2327 2398 2603 2714 2829 2868 2983 3497 3597 3639 3660 3662 3771 4020 4128 4831 4850
378	38	189	18	69 82 172 446 598 624 748 845 880 1017 1345 1418 1475 1586 1705 1775 1875 2069 2106 2304 2460 2538 2574 2599 2632 2720 3040 3314 3623 3911 4113 4503 4547 4657 4695 4834 4851
404	17	225	18	843 872 1082 1146 1171 1225 1260 1272 1465 1650 1742 2463 2536 2635 2696 2770 2774 2947 3267 3298 3415 3452 3627 3656 3740 3815 3950 4057 4668 4669 4693 4795 4882
405	23	52	18	374 417 447 620 757 915 1096 1375 1562 1734 1874 1948 2129 2236 2243 2314 2369 2445 2483 2548 2568 2942 2959 3098 3154 3309 3495 3962 4270 4616 4763 4943
426	39	122	18	91 153 154 364 574 667 728 1047 1132 1387 1667 1740 1839 1865 2077 2102 2511 2656 2726 2785 3106 3140 3336 3348 3385 3423 3425 3598 3616 3734 3845 4108 4281 4520 4824 4956
444	7	2	18	34 62 77 464 508 694 801 803 1278 1379 1581 1771 1840 1983 2163 2164 2261 2439 2504 2602 2618 2760 2869 2973 3401 3577 3706 3935 3942 3987 4123 4207 4487 4916
465	18	101	18	272 460 741 869 1102 1182 1202 1218 1244 1587 1598 1702 1811 1937 2043 2162 2211 2265 2457 2555 2799 2811 2937 2980 3139 3712 4012 4044 4099 4206 4235 4550 4683 4700
500	27	80	18	141 212 288 408 423 776 852 1067 1245 1333 1476 1524 1545 2062 2084 2187 2298 2692 2917 3138 3235 3675 3724 3922 3928 4018 4045 4482 4564 4844 4913 4979 4992
22	21	57	18	21 57 79 83 142 502 562 640 641 806 829 916 1034 1142 1549 1833 1841 1884 2255 2551 2647 2871 2894 3164 3283 3321 3404 3510 3990 4003 4357 4892
28	1	135	18	143 467 553 701 745 933 1294 1394 1864 1961 2212 2608 2851 3012 3133 3403 3420 3493 3564 3638 3642 3658 3853 3872 3908 3945 3985 4149 4359 4373 4976
33	4	28	18	264 294 556 637 696 721 1075 1099 1239 1592 1940 1992 2059 2086 2600 3021 3158 3393 3400 3428 3653 3903 4025 4076 4134 4153 4230 4266 4381 4527 4581 4941
37	3	90	18	104 205 656 1004 1044 1045 1046 1053 1133 1275 1513 1947 1973 1975 2137 2279 2312 2519 2601 3031 3061 3232 3238 3469 3927 3988 4131 4292 4437 4556 4595 4735
78	31	160	18	211 292 344 765 858 867 1089 1389 1472 1722 1743 1852 1931 2035 2068 2093 2151 2190 2409 2615 2695 2717 2946 3217 3786 4037 4325 4355 4375 4623 4781 4929
110	36	43	18	298 429 785 1069 1085 1140 1580 1835 1846 1918 1941 1988 2342 2384 2387 2436 2741 3078 3084 3252 3307 3626 3693 3775 3843 3904 4064 4150 4273 4648 4909
116	40	3	18	8 85 126 127 515 807 1100 1502 1662 1711 1832 1946 1996 2172 2213 2302 2326 2444 2509 2518 2784 2798 3116 3343 3355 3382 3612 3906 3932 4517 4643 4742 4810 4893 4920
126	6	117	18	74 118 170 208 710 758 972 1250 1340 1377 1456 1490 1673 2104 2341 2467 2575 2826 3413 3419 3501 3733 3742 3826 4089 4220 4404 4565 4783 4899 4980 4994
138	30	28	20	302 793 807 1032 1214 1244 1527 1904 1914 2135 2172 2590 2665 3014 3071 3206 3293 3433 3512 3521 3546 3552 3571 3684 3894 4080 4382 4486 4494 4697 4735 4836 4865
152	35	216	18	70 107 157 197 271 390 422 506 615 906 982 1337 1558 2117 2417 3014 3199 3253 3378 3383 3451 3473 3504 3661 3677 3790 3846 4022 4031 4096 4132 4613 4681 4755 4959
171	20	183	18	532 805 1072 1151 1166 1178 1186 1287 1321 1420 1471 1579 2420 2542 3186 3278 3483 3584 3607
196	34	73	18	114 229 349 597 1168 1298 1306 1460 1540 1738 1801 1995 2063
236	28	205	20	343 410 851 856 940 1443 1447 1484 1610 1708 2019 2445 2472 2656 2844 3219 3421 3568 3637 3694 3889 4021 4148 4322 4402 4459 4474 4505 4614 4685 4931 4978
268	22	96	20	175 220 253 332 342 384 565 596 676 984 1178 1179 1356 1609 1764 1770 2218 2238 2269 2692 2791 3329 3581 4259 4290 4350 4539 4726 4746 4790 4869 4992
293	13	127	20	278 392 406 447 712 727 750 847 1122 1207 1289 1300 1493 1741 1760 1925 1961 2174 2195 2207 2416 2476 2610 3039 3154 3391 3766 3878 3893 3914 4099 4138 4861 4891 4937
299	19	86	20	31 46 288 484 515 554 770 1098 1137 1292 1328 1655 1695 1767 1841 1885 2069 2787 2804 2807 2941 3123 3175 3376 3534 3896 4168 4261 4277 4536 4707
305	15	26	20	37 248 315 329 645 817 1417 1450 1552 1678 1762 1784 1907 2352 2402 2496 2510 2602 2743 2977 3271 3342 3605 4141 4226 4285 4446 4455 4684 4802 4977 4990
313	11	110	20	131 246 761 812 897 1023 1094 1117 1715 1981 2016 2127 2201 2570 2651 3049 3089 3102 3119 3152 3181 3299 3346 3418 3492 3673 3683 4029 4129 4286 4583 4987
319	37	159	20	92 436 644 694 700 855 946 1135 1432 1517 1649 1740 1774 2182 2681 2700 2932 2938 3062 3162 3225 3247 3502 3601 3866 4155 4301 4462 4556 4558 4599 4766 4846
320	8	59	20	450 455 475 893 1022 1069 1120 1150 1262 1553 1707 2076 2443 2596 2599 2827 3403 3406 3599 3746 3785 3958 4150 4194 4319 4754 4871 4879 4912 4964
327	33	134	20	422 433 674 757 766 1248 1285 1754 1912 2057 2130 2191 2242 2425 2471 2558 2588 2842 2910 3153 3320 3321 3481 3859 3998 4105 4186 4192 4207 4250 4379 4433 4882
343	25	227	20	58 108 199 272 685 783 844 966 1085 1235 1322 1427 1629 1654 1693 1755 1920 1960 2214 2228 2299 2321 2459 2516 2886 2993 3183 3200 3783 3988 4066 4131 4489 4753 4762 4951
367	32	129	20	213 308 420 562 904 989 1014 1024 1062 1102 1227 1296 1335 1364 1560 1567 1643 1858 1963 2003 2082 2897 3226 3716 3976 4170 4195 4311 4428 4616 4932
377	29	161	20	66 89 518 523 869 898 916 926 987 1001 1399 1481 1851 1949 2080 2320 2448 2609 2693 2809 2858 3223 3297 3515 3750 3944 3992 4140 4814 4843 4970
389	5	97	20	60 254 351 499 714 729 886 1044 1057 1091 1095 1212 1350 1842 2167 2436 2481 2542 2722 2756 2786 3216 3243 3489 3527 3733 3860 4639 4952 4956 4991
411	24	217	20	85 144 158 294 630 779 1002 1160 1211 1494 1733 2249 2624 2638 2715 2721 2758 2770 2831 2981 3020 3217 3607 3651 4240 4435 4631 4799 4835
435	26	83	20	19 662 738 927 1385 1395 1419 1449 1570 1680 2179 2188 2275 2395 2488 2592 2683 2849 2944 3044 3075 3198 3665 3751 3948 4068 4121 4750 4813 4848 4914
440	9	221	20	78 155 245 990 993 1028 1110 1196 1233 1272 1348 1469 1531 1559 1944 2072 2290 2415 2466 2980 3208 3326 3484 3508 3553 3572 3824 3880 4026 4117 4125 4416 4698
442	12	10	20	255 317 337 414 567 1005 1463 1744 2049 2124 2278 2281 2306 2322 2487 2771 2785 2963 3026 3085 3111 3115 3134 3197 3269 3743 3918 3991 4004 4054 4287 4369 4734 4873
460	2	163	20	209 237 325 355 363 683 818 1050 1336 1550 1586 1599 1663 1975 2200 2378 2548 2904 3003 3180 3697 3774 3871 3984 4103 4363 4493 4658 4742 4770 4782
488	16	68	20	6 111 360 399 417 1146 1313 1361 1789 1799 1964 1978 2217 2272 2330 2608 2813 3011 3070 3158 3337 3415 3533 3580 4008 4017 4056 4302 4312 4332 4469 4501 4690 4857
23	38	38	20	12 54 75 99 110 169 361 380 472 542 879 1346 1428 2499 2501 3130 3204 3272 3327 3441 3550 3619 3676 3793 3861 3903 4142 4208 4591 4600 4611 4792 4954
67	17	62	20	177 214 416 501 834 863 1357 1461 1568 1702 1834 1838 2086 2417 2531 2578 2600 2632 2757 2879 3002 3057 3222 3377 3616 4041 4049 4119 4202 4589 4718 4941
88	23	207	20	142 356 429 511 513 619 668 841 1009 1037 1327 1374 1422 1863 1911 1994 2245 2247 2539 3446 3696 3865 4120 4143 4145 4213 4306 4385 4414 4629 4748 4976
109	39	49	20	287 486 604 634 647 801 857 871 1054 1163 1173 1176 1246 1347 1353 1393 1684 1880 1971 2183 2285 2434 2739 2889 3066 3124 3231 3390 3608 3628 3635 3854 3873 4996
119	7	186	20	146 204 238 321 372 529 614 733 964 1103 1264 1465 1706 1827 2004 2371 2635 2643 2659 2662 2705 3350 3358 3543 3569 3876 3909 4172 4343 4549 4673 4723 4807
143	18	43	20	9 172 312 345 362 692 902 1136 1172 1621 1906 2376 2627 2870 3332 3519 3671 3710 3843 4144 4252 4378 4497 4508 4775 4811
145	27	224	20	643 802 923 1016 1339 1402 1781 1867 1881 1935 1974 2027 2219 2453 2779 2839 2951 3171 3194 3237 3386 3419 3670 3706 4231 4283 4309 4313 4361 4419 4430 4709 4903
183	21	16	20	102 249 909 1079 1183 1210 1255 1303 1369 1666 1801 1993 2048 2385 2486 2505 2836 3340 3359 3384 3466 3848 3902 3952 4210 4251 4364 4376 4405 4457 4555 4559
184	1	56	20	36 72 130 336 445 597 618 705 928 1025 1187 1544 1626 1647 1917 1928 2171 2180 2605 3038 3060 3389 3540 3661 3796 4032 4243 4342 4617 4856 4942 4966
197	4	157	20	403 437 753 1116 1277 1307 1488 1577 1697 2014 2520 2528 2688 3023 3174 3195 3236 3262 3442 3496 3513 3649 3744 3870 3982 4033 4425 4461 4466 4542 4678
232	3	230	20	82 145 275 300 539 756 970 977 1018 1078 1142 1231 1326 1524 1745 1922 2005 2136 2206 2478 2612 2660 2703 2792 3374 3504 3507 3672 3829 3838 3983 4327 4980
274	31	84	20	627 715 829 936 975 1138 1153 1382 1404 1448 1603 1690 1900 2148 2186 2189 2198 2339 2410 2470 2530 2566 2633 3046 3778 4077 4399 4728 4898
280	36	111	20	32 67 166 234 574 735 742 862 1161 1240 1498 1633 1908 2002 2011 2059 2144 2176 2922 2945 3008 3029 3058 3185 3239 3438 3691 4106 4116 4234 4784
291	40	117	20	68 181 265 408 487 504 589 642 709 1026 1288 1926 2034 2047 2090 2273 2461 2468 2523 2857 2887 3138 3260 3328 3455 4545 4839 4900 4907 4969
316	6	180	20	123 222 259 263 681 722 754 771 799 861 1259 1792 1857 2126 2253 2287 2740 2901 3193 3468 3839 3964 4016 4094 4162 4203 4339 4445 4528 4540 4606 4815 4828
328	35	47	20	140 357 510 541 551 666 781 837 878 1029 1191 1242 1297 1441 1489 1503 1505 1812 2010 2012 2403 2556 2861 2865 3110 3189 3338 3685 3993 4059 4081 4436 4447 4644 4768
336	20	23	20	45 137 333 544 721 1021 1509 1688 1832 2031 2077 2266 2462 2717 2726 2806 2854 2929 2936
363	34	237	20	97 276 578 708 739 776 813 865 1003 1253 1624 2137 2139
368	14	42	22	27 69 233 327 360 556 608 858 977 1130 1202 1277 1554 1592 1797 2464 2625 2735 3117 3365 3772 3864 3936 4127 4355 4436 4596 4726 4858
371	10	229	22	115 302 415 427 475 751 817 818 1463 1509 1645 1706 1795 2154 2671 2771 2781 2968 3080 3555 3610 3745 3814 3933 4016 4327 4336 4463 4491 4573 4731 4821
406	30	110	22	435 623 699 702 786 825 903 951 1279 1557 1605 1788 1897 2121 2122 2155 2230 2300 2333 2487 2534 2614 2743 2917 3220 3227 3303 3477 3692 3816 4225 4298 4325 4791
418	28	71	22	150 194 671 709 772 781 860 900 1112 1280 1573 1679 1775 1887 1909 2694 3012 3161 3195 3396 3501 3661 3836 4215 4280 4304 4387 4688 4829 4893 4923
423	22	5	22	136 162 174 590 1083 1084 1254 1381 1584 1903 2305 2581 2861 3097 3159 3269 3313 3370 3583 3734 3790 3929 3943 4245 4476 4564 4795 4839 4982
493	13	233	22	324 369 664 675 1396 1642 1760 1827 1917 2060 2072 2114 2414 2440 2493 2533 2701 2715 2801 2814 2907 3298 3320 3494 3764 4165 4439 4477 4524 4587 4700 4967
1	19	208	22	11 16 55 160 292 375 639 724 1051 1283 1512 1948 1989 2046 2065 2106 2245 2432 2498 2878 2973 3530 3618 3805 3939 4242 4307 4318 4457 4502 4653 4759 4925
19	15	85	22	35 313 353 792 852 862 868 886 1069 1416 1473 1765 1767 2471 2475 2708 2762 3079 3145 3268 3383 4004 4189 4323 4451 4496 4549 4576 4664 4749 4781 4915 4932
20	11	170	22	198 368 385 392 419 935 1105 1458 1699 2087 2186 2287 2497 2618 3020 3093 3142 3194 3304 3566 3711 3750 4147 4231 4330 4473 4539 4570 4662 4756 4884 4894
36	37	196	22	153 185 492 589 614 653 908 1114 1343 1355 1433 1830 1986 1988 2005 2494 2541 2554 2634 3169 3425 3522 3535 3643 3768 3885 3950 4144 4458 4645 4686
99	8	107	22	548 578 670 803 962 1108 1324 1505 1901 1952 1976 1980 2356 2479 2647 2810 2939 3003 3056 3122 3543 3663 3667 3690 3794 3867 3869 3985 4088 4153 4158 4328
149	33	198	22	433 587 855 874 885 993 1141 1170 1191 1234 1385 1602 1747 1850 2061 2244 2309 2428 2456 2578 2588 2796 2979 3006 3302 3445 3650 3921 3975 4495 4535
198	25	11	22	40 303 404 465 835 946 1139 1215 1354 1408 1506 1563 1583 1704 1977 2097 2375 2438 2767 3047 3153 3312 3358 3554 3940 4124 4155 4358 4641 4702 4784 4789
234	32	21	22	381 393 434 760 814 889 963 1096 1119 1123 1224 1431 1482 2028 2138 2164 2532 2673 2755 3105 3197 3423 3615 3722 3884 4484 4727 4926 4992
247	29	66	22	134 466 948 1306 1755 1900 2156 2355 2380 2441 2585 2594 2779 2943 3088 3158 3263 3356 3538 3561 3786 3838 4196 4424 4687 4870 4939 4987 4993
249	5	133	22	231 314 379 634 879 1040 1052 1106 1127 1290 1444 1738 1780 2202 2296 2423 2562 2704 3121 3134 3187 3201 3544 3809 3976 4079 4183 4454 4612 4617 4845
277	24	106	22	452 673 716 1009 1330 1763 1787 1798 1814 2194 2217 2219 2379 2576 2789 2820 2832 2947 3081 3351 3373 3485 3487 3684 3810 3883 3898 3907 3925 4137 4301 4661 4694 4912
351	26	156	22	107 129 457 593 611 628 1502 1551 1561 2259 2332 2347 2607 2693 2722 2845 2903 2948 3261 3286 3439 3828 3890 3956 4320 4347 4395 4580 4598 4620 4766 4882 4994
372	9	20	22	436 681 1331 1369 1420 1769 1791 1875 2209 2339 2391 2397 2629 2719 2742 3146 3361 3478 3570 3589 3624 3799 3873 3971 4092 4192 4262 4360 4471
495	12	223	22	60 317 771 866 1126 1364 1514 1530 1667 1776 1847 1890 2064 2221 2405 2419 2483 2524 2539 3771 3973 4081 4138 4148 4173 4249 4290 4379 4505 4572 4654
497	2	100	22	238 491 601 688 1143 1325 1338 1344 1383 1709 1713 1896 2073 2264 2436 2437 2655 2896 2900 2930 2988 3024 3098 3141 3458 3944 4065 4109 4197 4265 4456 4875 4931
17	16	211	22	50 98 223 300 462 582 747 832 947 975 1470 1992 1999 2848 2921 3054 3078 3305 3559 3693 4098 4367 4529 4592 4624 4698 4764 4769 4889
41	38	136	22	205 865 909 961 1415 1533 1646 1703 1825 2022 2253 2329 2717 2757 3030 3120 3188 3330 3872 3932 3995 4007 4022 4159 4172 4393 4444
95	17	213	22	48 102 137 234 468 511 651 1316 1374 1392 1510 1616 1912 2210 2299 2556 2589 2612 2649 2738 2784 3037 3576 3889 4286 4291 4340 4622 4833
125	23	72	22	42 73 117 142 148 167 192 425 557 725 1033 1109 1350 1413 1490 1684 1741 1828 1868 2098 2729 2744 3075 3196 3632 3801 4028 4423 4441 4744
165	39	44	22	145 225 236 354 842 1031 1167 1250 1301 1310 1379 1411 1624 1683 2113 2193 2317 2507 2626 2765 2841 3193 3433 3459 3546 3675 3696 4205 4266
172	7	40	22	81 211 499 519 655 941 991 1129 1464 1496 1957 2434 2480 2523 2644 2712 2936 2995 3125 3138 3484 3657 3757 4059 4143 4308 4498 4588 4656 4710
182	18	32	22	312 621 677 700 828 913 1179 1453 1479 1929 1969 2066 2496 2706 2711 2881 2883 3329 3392 3482 3623 3695 4050 4273 4285 4312 4431 4450 4474
202	14	72	24	210 221 465 723 880 1234 1479 1551 1669 1819 1892 1941 2073 2271 2537 2910 2918 3063 3415 3562 3566 3645 3801 4206 4271 4674 4764
222	27	227	22	83 254 439 510 592 657 774 789 815 1361 1393 1436 1504 1648 1891 1940 1973 2303 2334 2387 2393 2409 2954 3129 3257 3490 3827 4257 4357 4552
237	21	9	22	18 264 326 378 568 846 847 973 1121 1183 1603 1694 1739 1923 2025 2171 2373 2449 2586 2603 2763 2835 3577 3653 3797 4100 4107 4142 4181 4352 4646 4985
253	1	195	22	51 1058 1248 1366 1758 1789 1861 2078 2197 2362 2552 2646 2818 2950 3244 3245 3539 3545 3596 3678 3812 4190 4252 4348 4377 4548 4663 4681 4714 4977
264	4	197	22	215 237 343 364 444 482 805 1148 1198 1226 1313 1664 1674 2023 2081 2460 2632 2923 2991 3009 3273 3402 3625 3958 4076 4083 4152 4217 4389 4630 4774
381	3	115	22	87 101 489 530 992 1462 1698 2274 2298 2398 2766 2838 3044 3086 3148 3259 3326 3389 3462 3708 3820 4063 4113 4139 4232 4448 4482 4969 4975
383	31	92	22	270 531 680 971 1000 1774 2268 2420 2511 2664 2783 2899 3038 3172 3297 3428 3517 3548 3584 3740 3783 3854 4132 4408 4419 4426 4501 4568 4739 4801
403	36	167	22	118 177 838 881 952 1185 1205 1676 1691 2141 2168 2192 2212 2237 2425 2453 2928 2969 3040 3057 3240 3334 3503 3529 3593 4378 4391 4514 4517 4901
455	40	82	22	197 551 636 660 726 907 955 1320 1459 1480 1615 1630 1956 2195 2386 2489 2547 3101 3173 3533 3743 3871 4019 4126 4442 4452 4531 4607 4722 4732 4840
476	10	71	24	79 86 132 274 784 834 925 1080 1532 1558 1625 2093 2192 2516 3122 3137 3182 3191 3282 3316 3334 3460 3674 3741 3778 3963 4262 4450 4477 4552 4973 4982
63	6	69	22	3 71 307 346 377 476 734 884 1233 1451 1548 1716 1722 1833 1849 1886 1905 1978 2104 2107 2127 2226 2243 3113 3608 3687 3964 4174 4707
76	35	116	22	106 357 493 516 1242 1359 1372 1536 1790 1873 2229 2294 2307 2327 2654 2690 2725 3085 3202 3232 3558 3915 3980 4017 4093 4146 4650 4864 4869 4936
91	20	70	22	46 637 859 983 1100 1197 1212 1362 1388 1434 1928 2128 2149 2207 2258 2378 2451 2804 2941
112	34	84	22	339 712 769 1047 1071 1360 2052 2564 2633 2703 2824 2862 3014
140	30	181	24	5 100 342 409 473 885 1588 1744 2235 2411 2430 2555 2568 2662 2673 3094 3657 4176 4339 4408 4433 4571 4730 4918 4941 4989
177	28	96	24	25 604 747 750 827 952 1126 1145 1191 1264 1280 1431 1585 1942 2127 2149 2742 2830 2924 3139 3376 3742 3835 3878 4056 4074 4123 4582 4854 4871
207	22	19	24	104 282 437 443 854 895 949 1309 1387 1468 1640 1691 1710 2340 2492 2559 2892 3043 3429 3448 3473 3696 3714 3717 3781 4065 4310 4315 4496
221	13	58	24	105 128 171 311 476 573 744 851 936 1347 1687 1898 1944 2069 2242 2295 2361 2634 2849 3036 3262 3694 4032 4163 4237 4337 4343 4613 4900
260	14	58	26	381 1043 1047 1141 1178 1211 1527 1569 1729 1771 1855 1882 2046 2167 2230 2246 2583 2657 2777 3025 3275 3524 3571 3682 3886 4013 4242 4334 4405 4626 4663 4739
262	19	176	24	478 533 535 586 836 884 944 1056 1075 1104 1405 1666 2101 2407 2442 2819 2874 3233 3374 3869 3985 4077 4134 4135 4680 4867 4888
272	15	39	24	247 408 527 659 738 753 764 1438 1597 1885 2301 2517 2670 2679 2806 2977 3013 3681 3823 3904 3947 3958 4236 4437 4807
294	11	144	24	412 427 538 575 783 1281 1304 1377 1865 2422 2433 2613 2761 2811 2812 2891 2951 3056 3247 3361 3533 3644 3685 4221 4289 4401 4572 4705 4725 4736 4875
296	37	239	24	280 467 572 861 889 1140 1318 1616 1636 1645 1654 1905 2191 2311 2519 2574 2708 3585 3654 3660 3689 3934 3995 4080 4329 4396 4468 4481 4675 4756
332	8	114	24	24 81 346 552 826 893 950 1174 1293 1400 1406 1659 1660 2958 3046 3293 3306 3502 3558 3638 3775 3948 4001 4018 4047 4371 4440 4532 4655 4820
341	33	55	24	119 231 376 610 986 1162 1176 1449 1589 1601 1608 1841 2130 2256 2515 2833 2938 2998 3324 3370 3393 3405 3445 3486 3610 3637 4185 4402 4453 4638 4886
43	25	64	24	140 227 278 340 558 718 877 996 1049 1078 1093 1128 1623 1706 1717 1775 1848 1969 2226 2240 2381 2890 3188 3352 3516 3980 4010 4019 4997
101	32	45	24	472 528 585 593 658 838 1633 1707 1720 1850 1894 1915 1940 2049 2335 2437 2606 2704 2782 2976 3356 3403 3556 3989 4004 4190 4616 4908
114	29	15	24	53 73 313 352 815 1106 1228 1360 1491 1694 1902 2001 2133 2576 2639 2643 2840 3124 3552 3647 3788 3821 4426 4544 4703 4741 4760 4894 4966
118	5	129	24	193 281 732 734 1157 1262 1697 2018 2140 2315 2485 2618 2854 2895 3027 3244 3433 3434 3553 3897 3977 4117 4130 4363 4434 4575 4647 4911
135	24	31	24	74 218 223 240 388 477 618 860 974 1390 1392 1991 2211 2221 2374 2523 2877 2901 2906 3523 3648 3729 3809 3991 4580 4681 4841 4860 4882
144	26	241	24	27 50 99 120 134 365 379 488 523 665 724 1042 1137 1443 1475 1652 1688 2168 2173 2267 2414 2896 3146 3151 3212 3440 3773 4036 4502 4821
156	9	9	24	48 175 243 617 1070 1283 1331 1403 1517 1724 2194 2388 2431 2498 2813 2837 2916 2942 3106 3181 3296 3608 3635 3655 3827 3913 4088 4424 4661 4925
173	12	231	24	13 36 166 382 583 806 816 1111 1240 1497 1515 1624 1749 2155 2484 2636 2945 2949 3203 3349 3382 3404 3423 3676 3862 3887 3894 3910 4169 4691 4728
186	2	113	24	141 206 457 701 1348 1426 1433 1516 1617 1812 1951 2021 2372 2376 2480 2534 2563 2660 2876 3127 3652 3668 3671 3672 3687 3808 3940 3966 4500
283	16	46	24	121 361 370 392 862 1006 1149 1230 1277 1576 1700 1932 2145 2225 2322 2462 2558 2844 2889 3033 3268 3424 3546 4039 4051 4212 4592 4603 4635 4762
309	38	130	24	216 315 736 1196 1901 1929 2085 2286 2317 2387 2527 2535 2672 2766 2789 3354 3866 4007 4095 4175 4246 4325 4464 4509 4557 4696 4781 4794
326	17	228	24	52 103 669 708 782 813 1068 1178 1231 1437 1523 1781 2232 2658 2802 2900 3068 3169 3193 3631 3731 3756 3782 3807 3822 3892 4614 4722 4983
400	23	175	24	217 407 524 609 855 896 1004 1593 1823 1953 2057 2291 2445 2675 2798 2804 3285 3522 3669 3675 3698 3796 3815 3858 4333 4558 4659 4701 4765 4782
428	39	217	24	17 159 297 298 349 420 577 1415 1610 1853 2003 2200 2333 2736 2764 2810 3207 3239 3449 3576 3784 3880 3909 3931 4410 4441 4621 4639 4777 4831
486	7	116	24	130 157 463 788 997 1286 1439 1653 1815 2079 2115 2250 2549 2674 2730 2772 2869 2988 2994 3362 3736 3922 4178 4442 4463 4519 4677 4838
105	18	170	24	101 299 550 666 853 1041 1088 1534 1768 1988 2072 2324 2345 2463 2580 2631 2698 2955 3007 3170 3219 3323 3481 3813 3871 3986 4164 4210 4372 4883
117	27	88	24	868 998 1009 1103 1328 1363 1529 1632 1786 1793 2110 2156 2166 2947 3040 3073 3177 3313 3846 3901 3915 3929 4092 4491 4492 4559 4581 4935
129	21	60	24	122 165 284 302 305 422 648 1017 1084 1243 1268 1399 1975 2025 2767 2822 2857 3297 3658 3830 4314 4370 4729 4981 4988
213	1	16	24	8 649 891 1060 1330 1753 2009 2033 2222 2346 2450 2581 2677 3100 3108 3289 3319 3397 3461 3847 3868 4085 4222 4662 4805
310	4	200	24	57 338 355 432 608 1107 1430 1676 1910 2006 2121 2384 2564 2821 3420 3457 3466 3632 3767 3959 3969 4610 4712 4737 4945 4984
325	3	249	24	416 555 587 612 759 857 983 989 1040 1600 1878 2352 2367 2390 2654 2705 3528 3600 3636 3695 3834 4075 4215 4278 4700 4727 4814 4840 4963
451	31	237	24	116 224 425 622 777 915 945 1066 1235 1305 1486 1575 1657 1698 1895 1924 2912 3691 4293 4506 4584 4634 4818 4944 4972
487	36	123	24	179 439 484 707 965 1081 1110 1238 1288 1319 1538 1783 1785 1966 2202 2252 2554 2597 2931 3143 3462 3971 4149 4202 4218 4668
498	40	53	24	107 335 431 633 979 1135 1365 1380 1582 1592 1664 2055 2217 2426 2478 2905 3231 3241 3683 3739 4118 4181 4200 4251 4562 4804
69	6	148	24	11 642 676 894 909 1203 1384 1587 1637 1933 1954 2282 2316 2540 2623 2750 2863 2884 3232 3561 3614 3856 3924 4035 4254
77	35	98	24	244 1025 1168 1219 1227 1287 1514 1549 1733 1896 1927 1979 2274 2453 2569 3037 3210 3218 3333 3591 3612 3628 3749 3786 4098 4247 4406 4623 4862
100	20	54	24	66 87 167 289 389 433 539 726 808 900 922 963 1163 1202 1239 1661 1791 1820 2161
124	34	190	24	76 147 152 516 698 746 1120 1210 1444 1477 1493 1591 1782
229	10	205	26	484 569 574 682 975 1006 1148 1450 2261 2270 2401 2698 3001 3006 3048 3262 3309 3322 3359 3376 3665 3735 4051 4180 4232 4725 4783 4996
304	30	2	26	196 279 297 332 434 524 549 665 938 948 1136 1423 1458 1567 1654 1659 1802 1840 2058 2613 2738 2949 3068 3175 4220 4392 4675 4756
340	28	93	26	44 192 194 243 534 749 802 959 1032 1240 1324 1352 1444 1901 1934 2056 2081 2153 2432 3069 3258 3729 3825 3873 4431 4660 4871
468	22	22	26	386 627 945 1144 1229 1286 1425 1501 1831 1839 2095 2251 2307 2715 3002 3038 3128 3207 3224 3236 3589 3928 4061 4351 4403 4409 4504 4778 4780
16	13	148	26	14 58 152 348 488 493 834 1256 1447 1563 2145 2571 2824 2987 3061 3406 3491 3776 3946 3973 4159 4249 4322 4522 4593 4647 4685 4749
75	19	38	26	20 106 263 1187 1797 1846 1969 1996 2239 2265 2518 2630 2676 2795 3031 3099 3157 3178 3347 3858 3970 4123 4445 4452 4671 4879 4974
157	15	203	26	71 358 531 768 874 1152 1415 1772 1803 2001 2312 2408 3032 3192 3452 3538 3763 4200 4429 4608 4633 4649 4677 4731 4891
238	11	113	26	474 542 651 1016 1104 1107 1114 1543 1610 1676 2052 2093 2372 2433 2500 2666 2758 2790 2999 3082 3250 3288 3344 3440 4243 4349 4390 4917
248	37	162	26	236 267 274 346 502 849 884 1265 1289 1507 1508 1564 1777 2342 2367 2588 2775 2776 3191 3557 3616 3874 3992 4247 4727 4835 4940
387	8	160	26	7 153 330 985 1264 1533 2195 2319 2484 2563 2622 3033 3034 3097 3113 3205 3321 3470 3578 3645 3853 3974 4191 4335 4383 4422 4691 4840
55	33	212	26	154 246 468 512 632 1198 1314 1470 1717 1847 2197 2343 2716 2723 2870 2871 3422 3668 3773 4012 4463 4579 4800 4911
107	25	177	26	478 671 833 901 903 1207 1581 1836 1932 2008 2033 2133 2453 2545 2580 2678 2702 2846 3648 3866 3998 4144 4223 4316 4369 4732 4959
164	32	187	26	69 301 403 445 686 973 1121 1157 1243 1302 1463 1474 1572 1714 1807 1826 2067 2865 2981 3004 3532 3544 4812 4852 4951
168	29	12	26	303 402 724 843 890 950 1074 1233 1281 1418 1638 2749 2836 3209 3432 3477 3634 3748 4115 4121 4151 4175 4638 4910 4930 4999
233	5	18	26	38 281 613 987 1113 1665 1687 2229 2255 2481 2572 2835 3017 3176 3210 3254 3506 3559 3819 4059 4822 4848 4964 4985
443	24	37	26	75 268 441 508 581 720 1085 1559 1586 1905 2158 2286 3052 3290 3754 3994 4161 4413 4532 4552 4570 4924
480	26	76	26	59 111 296 341 461 747 755 923 1784 1942 2629 2705 2859 3581 3610 3620 3681 3685 4084 4136 4420 4427 4428 4694 4743 4864
352	9	17	26	50 239 247 801 824 830 842 896 1454 2118 2216 2351 2522 2695 2787 3091 3185 3195 4021 4326 4440 4499 4733 4758
284	12	202	26	245 1001 1020 1111 1147 1254 1299 1384 1483 1535 1778 1825 1981 3142 3261 3611 3641 4215 4228 4241 4747 4759 4791 4935
