Course	Room	Teacher	Time	Students
174	24	137	2	44 59 100 509 798 937 1006 1007 1015 1047 1132 1191 1237 1564 1639 1662 1911 1924 1949 1969 1978 2007 2038 2058 2160 2315 2337 2381 2534 2691 2707 3059 3173 3181 3218 3331 3412 3447 3508 3547 3893 4069 4300 4389 4524 4555 4631 4662 4724 4783 4807 4913 4922 4973
30	33	120	2	217 350 424 426 533 621 645 720 752 1037 1160 1823 1856 1933 1945 1948 2120 2142 2161 2169 2182 2285 2293 2309 2425 2446 2464 2689 2771 2798 2937 3064 3335 3353 3438 3580 3687 3707 3715 3775 3962 4068 4217 4230 4319 4411 4414 4534 4539 4684 4967 4970 4975
252	14	193	2	186 280 582 686 767 792 893 1025 1071 1143 1147 1312 1474 1494 1641 1762 1807 1873 1918 1965 1982 2072 2084 2469 2475 2556 2600 2638 2753 2989 2996 3187 3261 3409 3620 3646 3790 3809 3869 3968 4000 4165 4184 4374 4436 4744 4781 4813 4872
4	37	51	2	15 244 377 485 591 786 806 808 881 919 932 1057 1131 1235 1301 1380 1460 1510 1535 1549 1790 2131 2258 2275 2366 2482 2530 2634 2694 3209 3357 3494 3618 3747 3761 3803 3841 3856 3927 3973 4073 4175 4245 4422 4494 4549 4694 4709 4858 4994
57	30	64	2	125 212 402 545 606 906 1059 1166 1321 1669 1737 1825 1835 1850 1973 1989 2011 2017 2312 2368 2397 2563 2740 2748 2807 3037 3148 3242 3375 3459 3460 3469 3566 3720 3987 4172 4200 4221 4364 4435 4522 4538 4659 4690 4834
394	27	8	2	114 129 133 147 272 382 417 527 541 607 693 738 821 917 1199 1415 1417 1437 1458 1677 1970 2110 2159 2180 2218 2271 2295 2400 2498 2597 2716 2779 2847 2889 2941 2965 3062 3195 3249 3338 3479 3589 3605 3768 4052 4149 4202 4206 4741 4817 4895
161	2	156	2	89 156 264 559 626 699 726 774 854 1003 1361 1499 1769 1820 1872 2147 2156 2190 2401 2445 2664 2675 2731 2954 2973 3164 3311 3365 3549 3574 3626 3674 3732 3737 3741 3773 3936 4214 4359 4592 4710 4831 4960
126	3	2	2	3 247 252 279 433 505 544 653 673 769 819 984 1114 1403 1455 1577 1761 1811 1864 1921 1955 2264 2516 2644 2708 2925 3011 3048 3071 3102 3257 3323 3341 3507 3849 3863 3967 4077 4121 4128 4180 4241 4312 4354 4377 4572 4594
325	22	144	2	96 408 409 933 1325 1752 1758 1792 2265 2299 2346 2378 2427 2473 2480 2560 2686 2692 2699 2759 2895 2910 2930 3043 3140 3186 3247 3356 3401 3402 3554 3557 3632 3817 3826 3915 3949 4060 4203 4216 4261 4287 4369 4409 4493 4579 4676 4951
75	24	156	4	98 147 313 435 483 622 628 706 1107 1291 1386 1435 1526 1556 1892 2079 2121 2165 2196 2340 2391 2472 2488 2588 2676 2693 2829 2908 3194 3202 3250 3273 3826 3918 4018 4074 4089 4286 4362 4431 4549 4620 4645 4708 4760 4986
181	8	117	2	97 220 255 285 372 427 444 516 697 847 895 1179 1311 1327 1466 1523 1528 1720 1727 1775 1800 1932 1966 2143 2440 2637 2735 2803 3075 3124 3281 3588 3622 3673 3922 3924 3975 4066 4223 4471 4510 4688 4742
344	4	88	2	10 138 162 205 223 456 587 657 883 1042 1146 1158 1180 1243 1295 1483 1517 1805 1831 1941 2234 2245 2254 2394 2500 2541 2671 2857 2966 3013 3258 3347 3424 3442 3482 3503 3830 3910 3932 3935 4207 4598 4626 4669 4885 4924
376	32	202	2	187 248 400 447 567 1023 1173 1291 1358 1413 1573 1584 1704 1741 1742 2000 2187 2208 2347 2353 2412 2481 2833 2845 2872 2873 3074 3154 3232 3262 3350 3397 3531 3587 3769 3837 3906 3911 3981 4011 4150 4166 4399 4548 4633 4841 4917
476	7	1	2	23 335 503 528 705 719 784 921 954 962 1028 1093 1187 1401 1711 1781 1890 1995 2010 2012 2054 2342 2739 2817 2871 3023 3158 3185 3290 3466 3552 3686 3748 3862 3914 3944 3998 4110 4117 4201 4438 4544 4580 4733 4771 4974
39	23	203	2	4 256 311 357 392 802 1119 1221 1251 1399 1479 1841 1852 2094 2186 2255 2287 2351 2408 2484 2536 2583 2700 2961 2994 3021 3233 3450 3545 3644 3719 3955 4029 4122 4152 4272 4303 4304 4428 4504 4747 4907 4966
49	35	31	2	80 179 321 336 393 466 530 566 655 795 980 989 999 1108 1234 1531 1566 1568 1604 1734 1847 1889 1922 1964 2086 2158 2266 2279 2768 2776 3040 3200 3265 3570 3671 3754 3977 4076 4097 4194 4268 4383 4693 4749 4804 4921
69	1	87	2	6 58 171 685 845 848 956 1018 1225 1344 1371 1574 1654 1665 1710 1812 1960 2023 2085 2175 2201 2241 2297 2373 2398 2477 2606 2628 2648 2992 3014 3182 3214 3348 3391 3569 3597 3627 3883 4020 4183 4367 4393 4673 4814 4886
145	34	222	2	1 52 257 373 569 620 734 741 768 911 1014 1178 1298 1357 1418 1430 1556 1620 1687 1780 1934 1998 2062 2984 3077 3141 3246 3492 3585 3621 3645 3994 4010 4075 4334 4337 4501 4595 4782 4825 4883
156	11	112	2	79 126 362 446 622 694 760 827 849 891 1063 1282 1392 1452 1560 1673 2046 2103 2118 2509 2653 3039 3093 3208 3271 3377 3410 3483 3544 3695 3770 3823 3858 4086 4090 4301 4368 4526 4585 4708 4723 4753 4897
187	19	118	2	25 151 152 251 344 351 381 524 565 649 667 833 1138 1626 1676 2032 2113 2200 2242 2268 2361 2389 2407 2437 2471 2514 2558 2654 2684 2693 2929 2977 3024 3110 3321 3484 3882 3995 4145 4324 4516 4533 4789 4806 4958
441	20	97	2	54 135 175 196 490 522 762 815 1084 1086 1229 1395 1402 1412 1471 1540 1593 1596 1853 2025 2028 2154 2273 2393 2710 2738 2772 2838 2951 3172 3318 3433 3602 3745 3810 3904 4042 4190 4378 4495 4658 4695 4698 4756 4794 4957
34	38	238	2	104 113 345 405 430 435 780 995 1009 1152 1248 1293 1333 1432 1485 1627 1745 1771 1784 1846 1915 1946 2087 2163 2260 2317 2451 2603 2663 3027 3207 3213 3505 3514 3533 3642 3722 3833 3850 4251 4332 4400 4591 4840 4851
89	16	18	2	139 163 206 293 431 510 637 641 709 785 892 958 987 1088 1231 1441 1464 1700 1849 2296 2430 2814 2963 3032 3122 3334 3406 3535 3663 3705 3752 3972 4036 4044 4118 4277 4421 4480 4565 4732
140	26	79	2	109 118 407 597 717 737 940 969 1083 1144 1446 1591 1672 1910 1962 2040 2209 2325 2414 2587 2704 2780 2875 2960 3034 3344 3345 3413 3470 3550 3711 3824 3880 3891 4057 4137 4182 4195 4403 4703 4797 4839
223	5	250	2	29 81 111 343 502 525 537 666 684 872 1012 1016 1269 1414 1477 1534 1644 1702 1777 1839 1991 2029 2141 2205 2225 2554 2727 2762 2927 2943 3092 3263 3354 3389 3478 3604 3611 3675 4065 4087 4316 4484 4617 4649
269	12	168	2	42 57 145 161 194 425 484 553 814 926 1068 1186 1478 1547 1598 2059 2100 2515 2761 2778 2921 3073 3111 3132 3175 3199 3633 3658 3728 3877 3918 4089 4107 4135 4269 4365 4496 4505 4720 4735 4743 5000
316	40	66	2	18 136 148 249 299 561 634 753 799 837 1140 1222 1258 1284 1296 1365 1916 2214 2227 2306 2384 2532 2850 3299 3703 4002 4074 4125 4238 4517 4578 4670 4683 4685 4795
445	21	176	2	69 267 629 735 818 901 928 1038 1177 1214 1294 1521 1615 1860 2074 2188 2230 2288 2316 2608 2618 2734 2860 2879 2926 3031 3072 3168 3188 3220 3319 3584 3593 4030 4051 4255 4322 4357 4664 4707 4752 4763 4830 4940 4979
472	9	233	2	198 242 303 388 439 461 469 781 877 941 953 976 1263 1374 1422 1827 1913 1988 2075 2365 2543 2577 2591 2593 2631 2849 2967 2979 2988 3080 3216 3250 3274 3536 3679 4084 4208 4425 4469 4610 4933
131	15	216	2	197 259 307 330 421 601 800 1064 1106 1445 1492 1563 1610 1759 1804 2004 2119 2211 2495 2537 2538 2839 2975 2997 3067 3079 3166 3324 3565 3739 3762 3873 4070 4252 4379 4429 4449 4531 4643 4947
227	29	227	2	13 19 78 656 689 729 816 961 1000 1141 1255 1329 1337 1355 1557 1640 2151 2311 2999 3095 3180 3192 3211 3295 3454 3653 3759 3785 3795 3798 3884 3959 4308 4373 4785 4790 4868 4937 4938 4955
329	39	185	2	33 480 690 777 888 1201 1283 1536 1603 1725 1766 1802 2097 2139 2172 2226 2496 2522 2598 2607 2919 3152 3179 3270 3308 3342 3387 3576 3667 3788 3896 4111 4404 4405 4650 4689 4713 4828 4875 4911
361	36	40	2	12 82 120 346 473 605 805 871 886 1378 1463 1562 1659 2321 2331 2358 2405 2438 2565 2592 2674 2737 2891 3007 3081 3098 3500 3525 3609 3690 4007 4067 4085 4101 4124 4155 4236 4396 4446 4545 4571 4866 4943 4950
371	13	158	2	99 269 773 789 885 1052 1228 1490 1634 1703 2020 2036 2098 2138 2250 2302 2478 2571 2612 2730 2888 3045 3061 3293 3326 3455 3512 3519 3523 3582 3868 3902 3997 4054 4288 4298 4339 4386 4575 4597 4603 4623 4705 4865 4963
408	10	98	2	101 144 166 169 204 441 483 531 617 628 642 750 878 1438 1579 1580 1661 1671 1740 1757 1770 1908 1923 1925 2193 2283 2338 2990 3018 3099 3177 3951 4247 4461 4464 4570 4726 4758 4939
19	28	34	2	51 229 288 396 900 945 957 986 1123 1156 1185 1189 1242 1377 1609 1619 1722 2133 2148 2220 2767 2861 3008 3100 3167 3285 3431 3615 3806 3815 3878 4082 4218 4280 4295 4488 4779 4877 4923
90	6	45	2	121 134 440 501 651 668 681 997 1120 1195 1347 1394 1480 1743 1779 1798 1858 1861 1959 2195 2203 2435 2662 2869 3053 3113 3244 3383 3504 3542 3577 3631 3649 3729 3796 4050 4158 4259 4323 4523 4652 4711 4822
94	31	100	2	34 340 387 521 803 1097 1249 1461 1524 1572 1709 1862 1985 2181 2199 2231 2332 2333 2339 2645 2993 3022 3055 3129 3165 3234 3378 3404 3546 3661 3750 3758 3800 3834 3916 3986 4187 4192 4258 4394 4999
111	18	57	2	155 364 394 648 740 812 1069 1095 1257 1315 1318 1575 1643 1848 2077 2129 2184 2189 2239 2328 2627 2651 2863 2976 3019 3051 3439 3524 3539 3651 3683
195	25	247	2	92 124 190 325 459 471 574 691 712 754 772 1044 1451 1465 1559 1653 1799 1876 2045
201	17	241	2	86 94 398 492 575 672 757 959 1290 1398 1405 1469 1693 1699 2166 2213 2322 2334
305	33	170	4	18 47 82 360 382 476 481 494 710 860 1002 1031 1182 1431 1649 1708 1875 2060 2125 2155 2398 2424 2726 3056 3267 3803 3862 3894 3927 4033 4058 4411 4437 4718 4738 4801 4874 4982
332	14	115	4	49 209 293 385 446 655 704 764 963 1354 1385 1416 1667 1714 1787 1855 1938 2180 2405 2412 2423 2537 2768 2885 3245 3431 3561 3679 3889 4047 4290 4328 4415 4581 4587 4605 4763 4800 4905 4933
370	37	26	4	88 180 310 397 461 695 701 912 1054 1071 1139 1270 1292 1572 1641 1691 1756 2178 2198 2207 2268 2316 2633 2701 2757 2795 2810 3502 3530 3613 3675 3723 3781 3892 4022 4197 4235 4287 4378 4390 4435 4654 4687 4964 4996
425	30	69	4	77 408 471 585 602 642 766 815 961 1178 1197 1717 1778 1856 1868 2015 2241 2269 2425 2437 2640 2704 2719 2734 2763 2913 2937 2982 3042 3076 3360 3520 3674 3730 3954 3995 4215 4231 4345 4713 4739 4765 4888 4898
469	27	73	4	190 207 379 400 596 616 784 867 1120 1307 1314 1394 1566 1578 1678 1790 1816 2233 2709 2969 3072 3129 3248 3257 3311 3322 3471 3526 3535 3721 3828 3985 4021 4024 4129 4358 4383 4392 4851
7	2	60	4	87 151 159 315 348 427 458 467 517 519 877 1028 1104 1451 1748 1848 1939 2073 2458 2660 2868 2874 3141 3179 3367 3628 3978 4009 4109 4185 4350 4498 4564 4577 4589 4628 4717 4868
11	3	76	4	62 131 672 778 857 871 979 1036 1158 1276 1421 1437 1489 1511 1570 1622 1669 1735 2172 2263 2354 2449 2484 2564 2812 2870 2881 3027 3110 3123 3709 3720 3987 4043 4094 4189 4218 4317 4363 4539 4775 4811 4976
53	22	84	4	61 107 336 359 366 788 793 1035 1208 1340 1488 1559 1577 1639 1671 1782 1794 1903 1947 2084 2090 2167 2453 2461 2521 2524 3181 3209 3212 3414 3449 3700 3753 3868 3948 4039 4072 4326 4674 4706 4971
64	8	20	4	101 108 183 231 556 581 652 697 801 843 1144 1173 1544 1804 2025 2076 2169 2262 2479 2591 2658 2894 2923 3004 3120 3159 3172 3287 3343 3489 4008 4012 4128 4256 4272 4497 4563 4792 4895 4987
84	4	23	4	17 28 39 188 433 486 509 662 748 763 773 1216 1249 1450 1716 1741 1885 1982 2051 2130 2429 2519 2547 2563 2673 2716 3119 3143 3246 3312 3419 3434 3466 3485 3563 3586 3895 4254 4379 4386 4407 4476
167	32	81	4	192 261 384 454 504 589 615 658 700 703 718 746 779 837 844 876 1076 1077 1542 1621 1683 1806 1828 1880 1927 1979 2099 2175 2378 2422 2822 2904 2910 3438 3732 4263 4438 4477 4672 4691 4777
185	24	60	6	66 189 309 494 795 841 983 1065 1243 1315 1364 1573 1586 1626 1629 1641 1656 1704 1791 1795 2004 2327 2390 2568 2590 2838 2916 3217 3386 3706 4034 4088 4098 4141 4146 4157 4224 4514 4573 4609 4751 4899
235	33	23	6	31 207 231 249 284 621 681 739 776 797 836 867 942 1033 1340 1426 1523 1551 1583 1909 2534 2591 2608 2649 3042 3082 3127 3224 3235 3314 3378 3649 3662 3680 3869 4038 4254 4373 4493 4508 4693
236	7	116	4	67 84 200 365 425 527 624 789 934 948 1048 1164 1487 1564 1976 2083 2096 2487 2574 2765 2866 2882 3228 3328 3412 3456 3619 3727 3762 3784 3855 3872 4348 4536 4725 4748 4861 4910 4983
240	23	107	4	155 157 399 443 455 485 670 1057 1149 1351 1460 1734 2001 2055 2093 2143 2216 2308 2713 2835 2953 2997 3163 3293 3376 3635 3669 3745 3746 3777 3878 3898 3914 4006 4173 4489 4490 4528 4640 4721 4749 4975
277	35	190	4	141 187 247 290 355 632 811 1043 1044 1281 1332 1428 1462 1486 1645 1788 2108 2154 2295 2352 2355 2369 2466 2599 2655 2848 3132 3309 3610 3698 4040 4056 4182 4365 4451 4681 4770 4808 4862
278	14	107	6	175 447 569 639 801 859 948 1007 1023 1041 1130 1131 1135 1634 1801 1844 1859 1917 2119 2158 2381 2413 2527 2658 2678 2724 2749 2841 2859 3065 3277 3477 3853 3893 4177 4356 4542 4666 4809 4815
286	1	154	4	75 102 297 352 592 727 918 1128 1183 1236 1271 1387 1388 1412 1420 1476 1506 1518 1553 1618 1647 1738 1786 1798 2105 2332 2712 2782 2783 3020 3095 3374 3425 3692 3900 3917 3922 3961 4026 4507 4602
372	34	52	4	232 254 328 407 664 850 973 1156 1194 1229 1367 1368 1508 1519 1596 1819 1882 1955 1983 2197 2523 2549 2600 2847 2849 2946 2976 2989 3039 3149 3288 3445 3514 3604 3731 3815 3873 3965 4593 4773 4972
398	11	139	4	106 401 528 564 600 852 893 911 1004 1065 1231 1321 1440 1605 1813 2111 2116 2211 2363 2700 2759 2775 2940 2959 3017 3297 3298 3406 3430 3534 3684 3920 4069 4084 4283 4320 4467 4565 4666 4667 4913 4942
415	19	146	4	129 179 368 552 562 647 1012 1061 1103 1137 1252 1266 1749 1785 1861 1925 2012 2070 2134 2324 2414 2617 2731 2858 2945 2978 3237 3256 3269 3432 3475 3571 3624 3946 4016 4186 4266 4324 4361 4366 4401 4921
416	20	184	4	72 241 269 357 363 531 671 817 951 1006 1087 1134 1218 1375 1438 1658 1859 1969 2089 2109 2166 2221 2334 2421 2480 2510 2581 2629 2711 2746 3565 3801 3867 4013 4488 4540 4634 4638 4669 4756 4827 4871 4985 4989
435	38	149	4	124 144 246 319 595 796 883 996 1056 1209 1226 1448 1454 1512 1836 2132 2144 2236 2320 2571 2647 2832 2986 2993 3204 3254 3354 3710 3827 3905 3928 3949 4098 4127 4139 4152 4194 4439 4464 4678 4789 4926
436	16	206	4	5 24 93 168 415 457 599 608 618 645 711 717 869 880 1251 1274 1353 1426 1503 1700 1900 1908 1964 2049 2054 2193 2223 2248 2328 2411 2530 2824 3019 3034 3115 3198 3279 3648 4145 4410 4535 4562 4825
442	26	65	4	12 40 264 320 693 1010 1094 1296 1378 1797 1921 1967 2256 2393 2396 2503 2635 2714 2756 2760 2861 2863 2905 3029 3131 3134 3394 3496 3553 3807 3846 3861 4293 4418 4551 4591 4664 4727 4767 4854 4991
444	5	47	4	53 152 189 299 473 493 555 646 741 747 810 878 922 1497 1500 1854 1907 2104 2431 2557 2802 3016 3201 3255 3264 3388 3524 3545 3590 3601 3718 3743 3929 3945 4000 4011 4115 4346 4707 4754 4850 4927
10	12	168	4	6 11 23 174 318 606 639 723 835 1101 1110 1372 1403 1608 1675 1746 1763 1893 1899 1993 2239 2728 2778 2787 2872 3018 3035 3280 3473 3726 3904 4107 4227 4382 4501 4529 4571 4884
143	40	75	4	133 253 283 306 343 424 487 538 570 677 679 728 738 845 978 1018 1383 1422 1916 2078 2098 2102 2147 2247 2313 2486 2589 2738 2766 2804 2825 2941 3509 3596 3616 3695 4050 4156 4225 4517 4784
182	21	37	4	244 340 463 488 495 540 694 818 841 864 1083 1327 1502 1824 1934 2014 2072 2232 2371 2441 2556 2742 2968 2975 3012 3091 3340 3470 3555 3559 3578 3725 4028 4132 4134 4178 4336 4364 4371 4395 4504 4579 4584 4876
262	9	58	4	65 230 331 579 657 866 872 962 1278 1411 2034 2137 2254 2271 2302 2314 2350 2374 2388 2478 2501 2627 2651 3331 3487 3654 3678 3749 3831 3980 4249 4453 4479 4496 4663 4752 4865 4891
267	15	27	4	309 392 417 479 734 809 834 898 950 1089 1234 1256 1352 1459 1520 1670 2157 2329 2345 2621 2622 2950 3203 3210 3220 3334 3364 3400 3429 3461 3682 3787 3896 3974 4148 4273 4351 4448 4555 4619 4719 4906
293	29	191	4	117 349 551 794 846 1359 1457 1558 1560 1576 1722 1771 2024 2081 2506 2708 2771 3173 3292 3452 3528 3544 3556 3776 3783 3793 3984 4037 4061 4130 4222 4423 4522 4546 4554 4576 4630 4735
324	39	129	4	115 119 120 125 256 403 414 598 687 765 927 998 1026 1040 1116 1202 1329 1374 1379 1765 2106 2118 2127 2168 2272 2447 2592 2657 2777 2801 3106 3191 3193 3396 3458 3508 3911 4297 4375 4506 4574 4705 4772 4916 4988
345	36	54	4	8 143 148 162 268 820 873 933 1481 1567 1672 1723 1795 1822 1864 2470 2517 2550 2732 2806 2901 3117 3380 3416 3478 3488 3680 3790 3955 4177 4196 4226 4229 4234 4274 4300 4318 4329 4455 4509 4659
353	13	226	4	346 964 997 1188 1207 1214 1338 1355 1377 1453 1466 1623 1755 1984 2100 2201 2614 2625 2636 2639 3062 3160 3303 3366 3744 3909 3931 4017 4087 4140 4204 4214 4369 4472 4475 4698 4699 4736 4938 4956
383	10	123	4	9 305 333 631 875 895 955 1030 1039 1142 1217 1265 1309 1395 1594 1598 1607 1650 2135 2152 2370 2435 2440 2681 2821 2856 2944 3158 3319 3339 3356 3480 3540 4075 4105 4265 4503 4643 4716 4804
388	37	170	6	51 224 306 545 550 578 638 908 984 1476 1542 1612 1685 1693 1703 1729 1779 2434 2625 2642 2710 2723 2887 2964 2977 2978 3139 3426 3687 3898 3919 3998 4003 4195 4249 4305 4649 4712 4724 4871 4875 4907 4969
437	28	210	4	14 71 161 167 234 251 326 389 489 593 984 1021 1184 1302 1363 1653 1688 1812 1995 2163 2527 2743 2846 3187 3234 3440 3587 3637 3738 3742 3912 4019 4077 4091 4124 4285 4357 4466 4473 4566 4598 4912 4959
438	6	201	4	13 41 140 233 423 588 634 691 825 930 1396 1555 1583 1679 1724 1833 1883 2017 2059 2129 2300 2553 2607 2985 3011 3068 3167 3239 3413 3469 3703 4095 4102 4120 4154 4658 4885 4955 4990
439	31	227	4	132 332 498 656 666 792 974 1090 1138 1616 1643 1692 1709 2062 2065 2242 2305 2312 2364 2400 2572 2659 2706 2887 3101 3314 3317 3336 3770 3816 3864 4085 4088 4158 4171 4179 4446 4816 4820 4826 4893
450	18	163	4	16 267 327 356 617 714 790 1052 1162 1273 1317 1365 1384 1407 1535 1636 1695 1772 1808 1843 1887 2042 2142 2244 2404 2434 2561 2808 2867 2902 2914
460	25	50	4	68 85 134 391 497 986 1100 1185 1191 1443 1516 1600 1728 1729 1733 1971 2058 2286 2326
481	17	207	4	35 122 270 323 444 478 502 530 558 771 890 1042 1081 1099 1264 1400 1490 1759
488	30	97	6	302 442 508 798 849 876 899 1088 1218 1302 1316 1776 1812 1836 2170 2259 2297 2375 2480 2626 2770 2853 2883 2928 3087 3179 3614 3842 3951 4036 4060 4106 4139 4143 4155 4282 4295 4355 4393 4734 4862 4913 4974
1	27	29	6	22 324 489 549 640 779 844 1120 1311 1324 1398 1765 1845 1876 2037 2051 2088 2217 2229 2409 2502 2660 2804 2807 2811 3135 3364 3663 3679 3733 3734 3858 3938 4178 4237 4246 4327 4433 4473
8	2	50	6	75 281 429 1025 1107 1237 1244 1267 1297 1683 2126 2153 2181 2260 2515 2519 2643 2846 3027 3382 3398 3405 3501 3660 3696 3899 4071 4289 4326 4478 4485 4608 4694 4944
51	3	150	6	227 232 246 268 300 445 490 669 782 959 1255 1284 1313 1320 1481 1775 1842 1939 1987 2018 2271 2312 2330 2431 2485 2543 2573 2604 3030 3089 3194 3486 3618 3831 3964 4291 4306 4314 4546
77	22	160	6	156 1001 1040 1139 1153 1226 1678 1766 1783 1872 1935 2207 2247 2318 2647 2693 2816 2981 3050 3272 3422 3516 3690 3834 3844 3980 4100 4153 4194 4223 4553 4656 4703 4739 4776 4961 4980 4991
79	8	20	6	10 267 274 451 720 1027 1117 1128 1215 1238 1361 1615 1919 2063 2123 2355 2720 2865 2987 2991 3174 3241 3258 3388 3420 3485 3487 3718 3839 3969 4086 4258 4339 4483 4487 4600 4625 4742 4824 4945
103	4	113	6	98 286 560 645 699 744 872 907 1048 1152 1326 1567 1616 1960 2237 2511 2607 2632 2880 2905 3282 3401 3457 3475 3609 3638 3729 3843 3867 3958 4054 4091 4121 4164 4185 4377 4398 4759
134	32	237	6	8 124 138 415 475 487 567 694 736 778 994 1100 1137 1432 1597 1600 1631 2003 2035 2310 2405 2410 2463 2564 2686 2755 2874 3759 3905 4027 4191 4338 4651 4778 4963
152	7	223	6	20 27 278 388 485 573 596 767 834 848 944 999 1000 1072 1294 1399 1575 1875 1920 2216 2334 2383 2455 2471 2482 2507 2636 3096 3189 3225 3463 3777 4166 4247 4526 4568 4677 4715 4818
179	23	178	6	59 151 178 272 342 650 718 734 924 961 991 1010 1026 1150 1262 1276 1352 1373 1528 1630 1687 1833 1929 2076 2104 2107 2190 2284 2490 2970 3236 3237 3533 3746 3939 3941 3999 4051 4074 4442 4604 4710 4884
186	35	92	6	386 427 584 609 676 711 758 964 970 1029 1049 1091 1160 1357 1730 1789 1843 2019 2057 2323 2497 2657 3159 3208 3220 3247 3387 3832 3875 4073 4372 4446 4471 4599 4670 4689 4745 4799 4970 4975
203	1	82	6	63 96 303 497 632 756 866 939 1096 1114 1127 1207 1541 1712 1944 2078 2194 2419 2705 2730 2863 3058 3138 3403 3451 3518 3650 3652 3773 3887 4136 4266 4292 4379 4506 4738 4765 4881 4990
208	34	49	6	12 52 92 183 206 526 565 634 807 960 1013 1016 1264 1371 1381 1449 1512 1662 1671 1771 1780 2033 2270 2727 2984 3022 3266 3432 3558 3778 4049 4078 4116 4168 4440 4469 4512 4869 4908 4959
211	11	3	6	234 273 366 370 449 702 745 1086 1113 1129 1154 1211 1419 1561 1638 1993 2281 2344 2346 2421 2476 2572 2666 2739 2871 3009 3078 3153 3252 3310 3435 3465 3666 3963 4005 4283 4374 4707 4903
221	19	193	6	70 220 484 644 654 732 777 784 874 976 1084 1094 1200 1292 1733 1858 1868 1953 1989 2331 2525 2529 2560 2826 2944 2967 3226 3355 3429 3447 3580 3742 3758 4001 4015 4105 4531 4858 4941
242	20	241	6	53 91 128 158 194 345 400 469 703 707 906 925 1177 1249 1271 1309 1725 1799 1900 1986 2020 2111 2412 2495 2506 2615 2762 2821 3086 3092 3206 3221 3253 3281 3389 4033 4039 4120 4575 4669 4760 4845
266	38	246	6	60 88 107 165 266 316 496 547 595 680 753 896 1157 1163 1174 1305 1696 1978 2221 2223 2282 2735 2939 2942 3019 3098 3152 3283 3284 3325 3528 3640 3681 3756 3854 4217 4313 4389 4657 4863
282	16	229	6	7 586 982 985 1172 1217 1258 1317 1525 1681 1701 1732 1968 2085 2177 2208 2353 2447 2531 2722 2781 2828 2832 2900 3054 3161 3219 3343 3546 3606 3798 3866 3901 3991 4031 4700
289	26	138	6	116 140 864 972 1285 1401 1571 1585 1686 1691 1743 2113 2161 2249 2251 2277 2432 2613 2691 2697 2760 2769 3059 3330 3413 3450 3517 3575 3585 3598 3793 3835 3950 3978 4081 4561 4577 4690 4832 4993
300	5	21	6	172 181 221 287 472 754 879 903 957 1081 1121 1133 1300 1521 1538 1724 1882 1906 2142 2329 2341 2787 3165 3188 3240 3271 3424 3716 3862 3878 3916 3924 3982 4024 4169 4232 4333 4788 4793
304	12	249	6	129 265 325 523 743 873 937 987 1189 1203 1242 1301 1351 1457 1627 1689 1815 1866 2050 2099 2555 2603 2648 2776 3012 3053 3123 3186 3205 3229 3385 3441 3467 3788 4052 4176 4274 4381 4661 4772
337	40	205	6	113 290 491 541 662 686 714 1018 1058 1385 1387 1478 1513 1622 1736 1940 1958 2041 2080 2468 2514 2565 2655 2935 2995 3137 3286 3290 3319 3368 3578 3665 3691 3860 4094 4216 4260 4387 4645 4705
338	21	151	6	11 391 521 551 562 594 598 724 868 992 1002 1019 1028 1079 1424 1496 1587 1760 1852 1907 2382 2397 2459 2546 2684 2709 2741 2922 2925 3280 3399 3610 3900 4020 4287 4701 4889
340	9	99	6	48 277 280 418 986 1045 1197 1246 1259 1369 1392 1409 1580 1834 1878 1881 1888 2047 2253 2439 2628 2667 3038 3142 3222 3307 3315 3743 3786 3953 3971 4026 4063 4259 4431 4558 4570 4796 4826 4838 4992
342	15	162	6	160 180 295 434 518 558 677 794 808 1322 1577 1599 1623 1698 1744 1839 2257 2492 2547 2768 3178 3197 3293 3295 3391 3418 3476 3538 3613 4082 4083 4092 4110 4418 4557 4618 4741 4816 4886 4999
346	29	36	6	162 182 209 376 470 557 915 920 927 1070 1143 1187 1393 1427 1754 2006 2011 2042 2406 2659 2680 2772 3111 3211 3267 3414 3559 3612 3651 3697 3907 3917 4032 4402 4539 4771 4823 4989
359	39	158	6	77 188 208 294 322 346 364 412 509 532 692 706 721 913 1216 1345 1416 1674 1903 2086 2106 2557 2559 2943 2957 2969 3210 3850 3871 4004 4055 4427 4482 4494 4523 4559 4718 4965
365	36	31	6	21 28 347 698 717 783 932 1112 1169 1186 1202 1232 1263 1453 1484 1537 1870 1971 2424 2875 3002 3113 3143 3276 3444 3461 3658 3740 3764 3879 3885 4131 4341 4351 4415 4590 4978 4984
367	13	176	6	169 226 314 365 592 648 657 860 946 951 1069 1803 1827 1857 1879 1967 2034 2053 2105 2125 2209 2210 3145 3200 3322 3402 3521 3929 3960 4046 4163 4186 4221 4276 4395 4607 4767 4808 4972
417	10	226	6	36 68 121 311 399 460 520 619 671 1161 1428 1441 1446 1506 1716 1951 1962 2228 2328 2549 2595 2782 2899 2918 2958 2986 3031 3144 3214 3275 3285 3586 3874 4017 4304 4378 4384 4410 4449 4588 4615 4704 4835 4844
430	28	171	6	2 14 83 119 205 214 250 367 513 769 811 817 1632 1848 1853 2030 2046 2278 2339 2839 2933 3083 3103 3133 3146 3204 3311 3354 3553 3626 3677 3736 3801 3959 4204 4419 4450 4470 4488 4646 4691 4934 4943
455	6	95	6	479 563 613 731 787 828 978 1104 1208 1359 1366 1524 1710 1817 1941 1950 2234 2303 2428 2585 2644 2998 3363 3373 3579 3692 3782 3810 3852 4160 4188 4193 4257 4275 4453 4663 4843 4882
473	31	131	6	1 25 248 398 529 712 748 829 842 938 963 1230 1450 1560 1880 1899 2009 2103 2443 2985 3177 3278 3313 3346 3351 3577 3741 3881 3981 3992 4035 4053 4179 4233 4391 4620
498	18	217	6	247 269 354 406 1240 1363 1555 1633 1663 1684 1695 1721 2171 2211 2241 2462 2569 2571 2633 2640 2682 2715 2840 3003 3006 3046 3107 3118 3329 3510 3511
37	25	6	6	133 193 464 543 585 663 827 923 945 1067 1287 1354 1404 1509 1545 1649 1676 1718 1750
61	17	35	6	64 239 374 809 832 895 1078 1593 1694 1877 1945 1966 1970 2120 2362 2449 2588 2669
93	24	85	8	5 102 181 196 225 593 733 992 1190 1369 1370 1526 1611 1638 1764 1899 2040 2092 2178 2197 2224 2311 2402 2433 2487 2647 2814 2962 3092 3164 3236 3320 3525 4096 4134 4166 4240 4270 4382 4744 4827
101	33	231	8	183 271 348 411 436 748 774 848 940 1020 1106 1261 1366 1460 1657 1818 1821 1894 2442 2499 2550 2641 2834 2862 3195 3295 3467 3513 3596 3956 4010 4039 4428 4553 4783 4817 4842 4853 4981
151	14	111	8	386 549 577 763 786 1051 1070 1316 1617 1811 1937 1996 2000 2114 2306 2315 2351 2574 2579 2657 2776 2826 3078 3304 3407 3511 3651 3669 3799 3803 4062 4066 4069 4205 4484 4492 4502 4697 4709
157	37	51	8	217 383 580 597 604 671 819 863 945 1457 1530 1896 2127 2387 2471 2483 2664 2731 2888 2915 3106 3229 3371 3394 3493 3630 3695 3744 3868 4005 4025 4088 4293 4472 4503 4522 4764 4802 4919
158	30	155	8	30 200 345 389 413 751 892 935 1200 1271 1670 1705 1761 1774 1977 2164 2191 2253 2301 2535 2540 2612 2789 2991 3156 3519 3665 3697 3836 3850 3954 3960 3965 4162 4344 4513 4516 4556 4922
159	27	161	8	88 349 465 695 702 1136 1297 1300 1430 1554 1625 1992 2005 2192 2436 2501 2569 2623 3090 3260 3290 3345 3402 3476 3652 3656 3662 3703 4004 4028 4196 4302 4323 4504 4636 4644 4671 4742 4743 4814 4857 4879
160	2	30	8	149 219 224 227 243 338 515 516 566 856 997 1088 1132 1157 1283 1380 1395 1677 1841 1865 1950 1979 2017 2416 2766 2931 2965 3070 3648 3752 3802 3840 3841 4106 4126 4532 4590 4738
178	3	44	8	39 73 114 213 468 586 591 608 629 680 845 923 957 972 1278 1501 2375 2428 2628 2759 2812 2842 2869 3155 3170 3252 3279 3374 3381 3527 3971 4090 4284 4518 4581 4740 4762 4863
190	22	202	8	66 168 421 434 495 512 619 668 964 989 1011 1023 1292 1563 1585 1717 1843 2037 2055 2220 2530 2587 2787 2930 2949 3452 3710 3715 3861 3935 4064 4258 4276 4350 4681 4996 5000
229	8	46	8	40 70 172 519 618 631 930 979 1101 1150 1189 1263 1434 1504 1562 1584 1794 1805 2099 2264 2337 2689 2721 2752 3004 3065 3555 3621 3804 4152 4392 4449 4481 4611 4675 4904 4911 4932 4990
231	4	108	8	76 276 452 737 1108 1244 1598 1608 1752 1918 2024 2202 2223 2389 2558 2602 2626 2744 3006 3197 3217 3369 3481 3537 3575 3639 3857 3986 4140 4187 4535 4686 4721 4761 4835 4964
258	32	4	8	122 148 223 260 472 578 607 795 914 917 998 1068 1227 1324 1412 1549 1998 2081 2145 2185 2240 2476 2555 2662 2668 2938 3029 3039 3168 3315 3576 3607 3632 3737 3928 4530 4646 4722 4769 4777 4943
287	7	132	8	9 10 188 221 302 323 391 442 636 638 664 728 797 826 1105 1119 1214 1228 1576 1778 1965 1971 2062 2087 2097 2169 2398 2639 2677 2795 3314 3456 3594 3975 4184 4265 4329 4543 4837 4878
328	23	211	8	90 163 182 259 350 416 539 755 954 1010 1116 1175 1581 1665 1949 1982 2020 2123 2322 2586 2615 2750 2903 2925 3139 3356 3367 3417 3428 3451 3698 3755 4074 4199 4262 4482 4500 4661 4757
331	35	192	8	56 218 235 560 681 874 883 915 980 1033 1043 1063 1484 1508 1659 2028 2102 2230 2299 2335 2396 2418 2619 2711 2881 2898 2980 3127 3238 3251 3255 3797 4153 4193 4227 4287 4381 4384 4945
336	1	135	8	86 112 329 341 405 850 1195 1365 1424 1595 1621 1694 1713 1732 1737 2139 2173 2233 2561 2723 2840 3032 3390 3445 3453 3702 3805 3866 4112 4143 4345 4421 4865 4870 4896
386	34	57	8	92 178 320 708 740 851 1027 1049 1056 1123 1210 1230 1698 1750 1879 1885 2234 2415 2797 2892 3171 3211 3427 3454 3609 3787 3923 3955 3966 4023 4161 4360 4475 4578 4655 4737 4787 4825 4859 4986
393	11	47	8	18 214 353 741 920 1077 1164 1240 1245 1303 1308 1396 1450 1496 1589 1679 1748 1848 2109 2148 2198 2235 2302 2577 3042 3201 3274 3391 3497 3644 3746 3820 4214 4255 4286 4465 4548 4691
414	19	98	8	105 538 713 736 855 918 951 1009 1275 1304 1825 1872 1976 2052 2074 2090 2589 2644 2799 2897 3093 3312 3373 3377 3484 3713 3899 3911 4009 4071 4133 4201 4278 4662 4805 4833 4846 4855
420	20	230	8	154 420 488 492 648 750 928 1053 1095 1193 1223 1299 1423 1747 2031 2060 2238 2355 2477 2548 2676 3041 3109 3253 3332 3395 3782 3806 3871 3942 4022 4225 4241 4583 4632 4703
423	38	104	8	65 199 724 807 905 1089 1167 1254 1411 1420 1645 2079 2175 2314 2363 2486 2568 2699 3149 3150 3176 3184 3226 3346 3541 3560 3562 3734 3934 3946 4148 4198 4209 4394 4460 4803
446	16	63	8	144 319 328 404 428 448 497 569 610 616 743 757 854 921 1205 1356 1384 1620 1631 1915 2156 2184 2460 2493 2513 2748 2824 2851 3358 3657 3706 3721 4141 4186 4228 4520 4545 4806 4818
449	26	26	8	146 222 241 358 493 508 659 679 714 971 1252 1604 1861 1933 2048 2088 2128 2272 2531 2654 2717 2770 3015 3025 3130 3224 3306 3419 3475 3551 3791 3858 4065 4461 4525 4575 4903 4914
485	5	62	8	7 118 280 336 356 689 827 981 1221 1232 1429 1744 1871 2170 2490 2525 2617 2712 2722 2920 3063 3094 3227 3329 3392 3400 3482 3664 3940 3982 4031 4049 4253 4348 4380 4399 4577 4607
18	12	11	8	19 215 274 723 806 836 929 1247 1270 1341 1342 1610 1721 1728 1793 1864 1953 1997 2217 2581 2678 2683 2909 3075 3409 3793 3915 3976 4419 4453 4506 4514 4796 4829 4918
29	40	165	8	71 184 594 762 820 936 1114 1255 1367 1408 1456 1681 1893 2015 2186 2551 2745 2886 3040 3056 3185 3460 3579 3765 3839 3895 3972 4163 4243 4426 4434 4462 4683 4766 4951
56	21	53	8	47 174 236 614 729 802 1151 1289 1406 1568 1628 1647 2098 2136 2225 2300 2352 2390 2444 2457 2484 2495 2520 2732 2798 2835 2854 2956 3105 3340 3464 3507 3572 4207 4280 4321 4336 4448 4773 4840
78	9	80	8	237 273 275 282 678 693 793 900 1153 1213 1288 1319 1320 1339 1413 1574 1760 1902 2121 2151 2329 2458 2575 2599 2778 2939 2983 3249 3743 3753 3778 3919 4222 4301 4332 4444 4638
117	15	210	8	441 572 579 609 759 781 982 1004 1146 1186 1265 1373 1739 1831 1874 1882 1914 2211 2283 2687 2894 3001 3077 3163 3208 3352 3491 3542 3601 3852 3874 3947 4002 4012 4080 4138 4157 4749 4880
146	29	239	8	136 480 503 637 642 721 789 993 1094 1107 1126 1134 1336 1624 1826 1887 2132 2159 2246 2278 2318 2369 2489 2808 2813 2905 3036 3061 3126 3350 3498 3564 4191 4285 4702 4810
248	39	214	8	51 123 375 535 790 890 898 902 931 996 1045 1243 1597 1666 1736 1835 1855 2033 2043 2086 2143 2215 2275 2281 2609 2614 2636 3265 3848 3969 4063 4070 4215 4269 4340 4420 4613 4626 4695 4768
250	24	108	10	46 135 163 581 782 955 1062 1143 1863 1965 2084 2227 2327 2430 2723 2768 2913 2985 3147 3154 3284 3338 3386 3410 3444 3515 3561 3644 3755 3773 3901 4068 4236 4330 4353 4482 4890
255	36	147	8	202 395 494 660 684 747 769 814 926 1135 1163 1165 1199 1298 1444 1486 1541 1920 2118 2162 2249 2291 2578 2959 3233 3263 3268 3282 3382 3405 3636 4107 4175 4531 4628 4650 4696 4902
260	13	174	8	210 324 484 499 599 676 884 897 1008 1141 1323 1390 1452 1533 1767 1804 1889 1904 1999 2371 2638 2679 2907 3266 3341 3543 3709 3810 3823 3832 4296 4338 4397 4407 4425 4439 4667
263	10	212	8	234 297 368 583 606 745 1241 1310 1425 1438 1539 1586 1792 1813 1966 2039 2357 2733 2818 2843 2848 2927 2941 3002 3102 3524 3554 3658 3670 3692 3749 3864 3889 3958 4155 4281 4335 4463 4735 4992
272	28	127	8	36 201 410 585 640 904 1137 1201 1391 1511 1651 1676 1783 1814 1838 1847 1932 2296 2298 2498 2500 2844 3336 3360 3435 3535 4073 4075 4125 4327 4362 4369 4528 4580 4752 4956
281	6	187	8	104 111 139 189 371 378 506 526 669 735 831 1203 1351 1854 2508 2518 2537 2783 2803 2867 2906 2914 2926 3087 3091 3148 3167 3300 3384 3549 3619 3897 3949 4491 4558 4782 4854
307	31	10	8	304 334 551 558 652 788 842 913 1030 1322 1510 1547 1690 1697 1733 1751 1868 1943 2150 2474 2519 2802 2950 3136 3366 3375 3473 3577 3690 3726 3854 3925 4026 4224 4256 4279 4322 4346 4441 4493 4505 4928 4949
322	18	181	8	339 393 401 529 587 761 1052 1162 1258 1269 1276 1281 1387 1392 1403 1673 1675 1978 1981 2053 2082 2160 2388 2718 3298 3310 3515 3760 3843 4014 4195
341	25	130	8	67 161 295 423 543 653 772 825 862 1176 1272 1285 1491 1731 2095 2342 2364 2465 2580
350	17	71	8	31 173 650 924 1024 1125 1233 1345 1376 1472 1722 1820 1862 1974 2261 2304 2340 2356
351	33	233	10	132 401 492 710 1148 1462 1517 1548 1561 1748 1796 1871 1874 2005 2071 2149 2176 2199 2451 2518 2565 2654 2736 2982 3022 3393 3441 3462 3526 3703 3774 4008 4093 4100 4273 4310 4820 4864 4952 4980
405	14	109	10	29 55 239 278 310 369 390 548 657 682 696 719 815 936 1423 1656 1762 1992 2083 2236 2249 2462 2553 2634 2766 3182 3366 3543 3685 3763 3836 3979 4056 4217 4306 4317 4781 4849
418	37	220	10	45 263 343 402 481 767 899 952 1145 1169 1234 1388 1489 1653 1697 1744 1787 2034 2116 2128 2222 2380 2497 2975 3032 3033 3071 3268 3326 3735 3949 4040 4044 4379 4456 4458 4525 4714 4724 4930
432	30	124	10	149 177 410 461 571 594 623 783 942 944 1119 1305 1642 1882 1964 2022 2066 2293 2594 2851 2896 3092 3416 3490 3739 3771 3830 3953 4129 4136 4299 4361 4436 4453 4602 4810 4879
433	27	172	10	166 440 462 562 660 734 735 772 837 902 1086 1112 1298 1389 1464 1569 1735 1891 2062 2151 2266 2324 2442 2648 2721 3047 3128 3480 3736 3970 4138 4360 4464 4583 4625 4859 4886
434	2	250	10	237 463 532 675 744 844 940 1074 1142 1386 1475 1562 1922 2162 2312 2398 2559 2656 2888 2967 3253 3317 3365 3465 3517 3676 3835 3974 3992 4198 4331 4344 4400 4417 4520 4893 4911
448	3	143	10	6 97 156 450 506 608 610 632 862 970 979 1109 1187 1318 1554 1586 1681 1724 2229 2272 2303 2425 2466 2556 2641 2699 2737 3079 3263 3564 3915 3982 4046 4333 4536 4776 4897
463	22	24	10	170 240 289 305 518 559 965 1054 1210 1348 1443 1532 1643 1760 2016 2053 2450 2606 2939 2944 3121 3127 3327 3423 3443 3448 3454 3572 3621 3701 3819 3927 3948 4114 4527 4883
484	8	126	10	23 242 370 432 716 725 935 959 1050 1066 1174 1231 1287 1306 1381 1440 1530 1620 1829 2177 2371 2589 2706 3044 3073 3176 3245 3287 3427 3437 3926 4057 4061 4286 4639 4731 4916
3	4	155	10	50 361 375 692 841 857 973 1121 1182 1359 1487 1768 1819 1974 2040 2372 2539 2665 3136 3205 3513 3557 3574 3603 3683 3712 3768 3780 3967 4226 4262 4416 4433 4473 4785
38	32	164	10	121 543 686 821 896 916 1016 1046 1080 1140 1510 1995 2004 2170 2224 2286 2464 2702 2881 2886 2917 2973 3074 3367 3411 3748 3903 3930 4072 4151 4163 4222 4290 4474 4747 4831 4913
68	7	203	10	122 185 245 293 340 388 415 912 923 1134 1185 1310 1347 1577 1606 1767 2155 2214 2270 2313 2343 2601 2615 2747 2754 3256 3351 3369 3384 3641 3684 3731 4062 4070 4142 4637 4644 4696 4708
97	23	67	10	150 485 654 672 757 800 925 1029 1077 1236 1273 1539 1614 1637 1652 1842 2009 2036 2348 2719 2729 2751 2876 3156 3169 3241 3395 3424 3554 3667 3846 3931 3984 4746 4768 4780
107	35	54	10	33 106 128 248 363 847 943 1087 1175 1282 1300 1319 1529 2080 2174 2267 3098 3104 3141 3164 3190 3242 3292 3303 3399 3495 3514 3642 3700 3738 3825 4049 4097 4428 4432 4877 4992
110	1	148	10	192 213 387 530 590 668 835 969 1179 1448 1479 1498 1500 1514 1567 1616 1700 1892 2101 2107 2110 2120 2150 2268 2352 2376 2909 3114 3392 3407 3623 3845 3847 4092 4408 4550 4670 4875 4902
133	34	110	10	291 392 430 472 537 947 971 1111 1149 1157 1240 1246 1255 1338 1434 1533 1655 1711 2188 2273 2498 2797 2856 2899 3313 3341 3353 3477 3540 3605 3686 3756 3826 3952 4434 4498 4794 4931
207	11	99	10	146 475 646 677 773 831 907 1161 1225 1365 1660 1663 1773 1901 1932 2143 2179 2314 2336 2696 2880 2948 2953 3070 3675 3691 3727 3762 3842 3983 3991 4079 4080 4212 4213 4542 4616 4803 4994
243	19	85	10	51 155 182 479 704 738 939 1043 1075 1190 1279 1563 1572 1866 1952 2189 2284 2475 2709 2764 2773 3181 3222 3297 3877 3882 3912 3945 3969 4019 4173 4183 4370 4553 4618 4629 4924 4998
270	20	209	10	341 403 456 585 1053 1522 1846 1857 1916 2205 2206 2280 2308 2354 2367 2418 2452 2775 2807 2849 2854 3011 3185 3227 3289 3418 3460 3775 4047 4048 4334 4423 4483 4722 4804 4899 4941
280	24	148	12	4 60 146 175 318 342 364 419 508 575 995 1078 1098 1280 1656 1912 1914 2206 2260 2385 2407 2432 2448 2566 2714 2977 3191 3217 3443 3566 3744 4043 4229 4534 4860 4882
297	38	123	10	54 61 84 86 236 261 286 886 890 949 1017 1124 1226 1511 1556 1654 1718 1810 1897 1908 2109 2315 2410 2511 2674 2867 3562 3786 3900 4081 4182 4538 4539 4581 4908 4977
326	16	212	10	215 605 742 765 802 878 1341 1382 1410 1523 1540 1578 1936 1980 2039 2239 2541 2678 2814 2889 3210 3273 3417 3431 3508 3523 3689 3766 4171 4228 4298 4627 4948 4966
330	26	217	10	82 335 514 546 624 852 903 1594 1636 1759 1763 1817 1867 1883 1934 1994 2088 2195 2219 2256 2427 2933 2949 3094 3144 3215 3349 3436 3849 4119 4319 4325 4463 4580 4733 4734 4790
411	5	235	10	70 105 160 298 511 560 779 1032 1039 1073 1219 1373 1380 2117 2137 2306 2349 2375 2468 2543 2882 2956 3178 3221 3489 3745 3784 3884 3997 4297 4418 4454 4571 4632 4647 4783 4855 4917
419	12	56	10	69 145 265 353 394 1057 1289 1345 1412 1469 1628 1821 1832 2014 2196 2431 2477 2478 2598 2618 2703 2819 2936 3084 3445 3611 3709 3750 3804 3832 3870 4221 4390 4544 4569 4657 4745 4867 4878
428	40	1	10	9 32 37 167 419 709 752 770 1362 1420 1558 1708 1986 2114 2122 2183 2241 2507 2569 2859 2931 2991 3051 3362 3650 3855 3957 4168 4335 4486 4680 4688 4741 4793 4812 4840
487	21	93	10	108 287 297 990 1269 1297 1421 1545 1758 1789 1795 1797 1906 1907 1959 2002 2231 2342 2389 2445 2538 2760 2779 2800 2963 3034 3116 3129 3137 3509 3599 3985 4123 4158 4285 4523 4844
497	9	42	10	137 544 549 1092 1401 1504 1602 1713 1830 1886 2010 2067 2500 2685 2750 3004 3192 3333 3581 3723 3812 3988 4059 4116 4127 4133 4244 4321 4345 4441 4469 4557 4668 4711 4835 4870 4921 4960
9	15	37	10	235 243 256 466 582 724 1041 1060 1254 1326 1480 1717 1938 1973 2098 2271 2821 2873 2903 3000 3174 3497 3536 3569 4004 4027 4586 4592 4645 4730 4787 4809 4969 4982
16	29	53	10	354 467 524 723 1085 1206 1275 1446 1638 1676 2161 2456 2627 2924 3023 3163 3408 3430 3648 3808 3837 3887 4067 4130 4188 4189 4210 4295 4300 4397 4412 4567 4729 4881 4889 4945
22	39	2	10	184 214 393 688 708 722 731 931 1102 1544 1608 1806 1931 1935 2316 2499 2630 2822 2838 2868 2906 3088 3119 3336 3625 3655 3829 3879 3966 4091 4172 4909 4947
70	36	83	10	15 30 136 233 337 454 534 799 809 840 917 1064 1519 1755 2027 2102 2136 2165 2248 2333 2417 2592 2610 2742 2793 3108 3320 3608 3757 3801 3814 3935 4148 4239 4641 4673 4727 4857 4995
72	13	30	10	519 690 861 999 1014 1191 1280 1687 1707 1900 1914 2112 2144 2158 2160 2246 2578 2612 2683 2712 2769 2774 3153 3180 3189 3255 3375 3586 3720 3740 3880 3922 4014 4347 4354 4910 4925
86	10	95	10	74 208 615 650 741 768 901 1011 1268 1325 1427 1591 1719 1745 1756 1786 2007 2154 2232 2395 2542 2680 2858 2978 2979 3134 3157 3502 3646 3688 3725 3761 3865 4313 4359 4619 4923
95	28	8	10	36 158 202 407 489 649 707 780 875 908 1047 1126 1261 1491 1499 1674 1741 1947 2210 2212 2386 3069 3224 3354 3426 3504 3620 3841 4022 4159 4230 4284 4732
144	6	91	10	153 384 413 533 536 666 713 941 946 1330 1429 1447 1474 1800 1836 1963 2051 2317 2473 2526 2536 2579 2603 2815 3089 3316 3699 3714 3717 3861 3881 4110 4181 4308 4336 4601
163	31	191	10	58 203 258 288 314 449 598 706 889 1250 1460 1781 1881 1917 1954 2001 2069 2860 2915 2918 2926 2966 3328 3921 3942 3990 4009 4199 4202 4358 4384 4558 4610 4660 4719 4802 4866 4922
175	18	159	10	31 64 76 442 464 495 574 987 1159 1350 1375 1502 1527 1575 1844 1889 1988 2247 2394 2496 2586 2728 2845 3111 3257 3301 3455 3547 3747 3760 4041
176	25	62	10	294 404 718 894 1122 1237 1312 1314 1418 1553 1765 1880 1958 2023 2041 2159 2295 2310 2384
188	17	90	10	26 204 505 572 583 711 804 1098 1253 1291 1445 1456 1611 1802 1937 1997 2064 2345
220	33	6	12	105 134 155 240 455 517 705 886 1008 1453 1796 2008 2056 2267 2602 2630 3012 3065 3084 3254 3342 3350 3430 3571 3699 3760 3874 3898 4248 4283 4429 4437 4517 4599 4706 4758 4765 4818
230	14	169	12	26 35 266 326 340 468 534 589 726 742 1309 1347 1368 1372 1486 1506 1538 1622 1674 1708 2186 2439 2465 2535 2559 2841 2940 3229 3459 3517 3808 4219 4485 4515 4587 4965
244	37	7	12	33 104 110 180 215 276 337 668 794 910 968 1519 1650 1653 1679 1685 1740 1814 2236 2294 2538 2539 2631 2681 3060 3140 3151 3227 3288 3686 3710 3813 4197 4433 4720 4890
245	30	145	12	5 78 185 491 627 746 898 914 969 1057 1110 1247 1690 2138 2382 2461 2482 2552 2652 2786 2833 3169 3264 3380 3419 3471 3555 3653 3687 3735 3929 4206 4301 4657 4682 4701
246	27	52	12	254 296 321 547 743 767 1233 1279 1323 1401 1503 1563 1743 1838 1890 2005 2057 2168 2252 2416 2549 2568 2746 2747 2828 2970 3054 3096 3308 3445 3486 3499 3538 3838 4261 4417 4473 4705
253	2	112	12	92 323 334 522 542 826 1025 1091 1274 1361 1564 1602 1936 1950 2173 2189 2199 2307 2423 2696 2713 3071 3262 3365 3386 3390 3591 3615 3851 3964 4006 4007 4097 4160 4540 4652 4901
254	3	164	12	34 165 449 594 665 696 843 887 1419 1646 1780 1878 1930 2018 2203 2397 2473 2504 2610 3145 3253 3322 3330 3522 3669 3717 3891 3975 4158 4282 4509 4798 4808 4858
259	22	22	12	263 432 465 626 651 812 817 1007 1108 1267 1305 1334 1719 1886 1986 2048 2108 2132 2466 2529 2851 2890 2932 2991 3015 3076 3192 3346 3683 3725 3822 4156 4356 4602 4650 4697
290	8	234	12	59 196 451 601 713 813 950 1049 1133 1266 1601 1603 1852 2224 2259 2811 2877 3011 3160 3183 3310 3676 3688 3700 3766 3775 3944 4198 4322 4414 4663 4704 4713 4746 4984
292	4	161	12	38 46 344 683 805 1092 1239 1408 1439 1545 1671 1684 1829 1830 1943 2146 2276 2344 2718 2843 3129 3207 3406 3417 3805 3873 3890 3990 4144 4199 4250 4296 4416 4799 4827 4914 4968
339	32	244	12	106 257 298 350 540 612 774 838 858 897 929 978 1118 1459 1565 1699 1797 1821 2174 2415 2640 2670 2832 3237 3281 3294 3436 3921 3956 4127 4456 4541 4611 4631 4672 4678 4763 4856 4988
374	7	173	12	333 450 830 899 990 1154 1212 1219 1329 1382 1393 1557 1631 1725 1766 2264 2411 2412 2555 2638 2643 2908 2914 2974 3385 3444 3461 3680 3791 3885 4183 4190 4288 4388 4434 4567 4938
375	23	195	12	87 190 401 528 647 1037 1113 1225 1294 1331 1481 1705 1777 1791 1972 1990 2029 2037 2042 2050 2071 2310 2408 2480 3057 3259 3303 3585 3783 3855 4084 4458 4471 4812 4851 4852
378	35	110	12	126 229 260 415 458 629 664 793 796 861 893 988 1526 1746 1826 2137 2289 2340 2564 2571 2773 2906 3008 3037 3421 3493 3593 3607 3774 3856 3881 3908 4015 4072 4205 4276 4397 4935
395	1	124	12	10 31 41 158 174 218 223 373 442 524 581 698 716 786 869 1282 1404 1586 1735 1895 1908 1968 2118 2185 2209 2605 2854 3046 3186 3389 3422 3657 3751 3821 3842 3946 4128 4370 4729
409	34	204	12	81 232 262 281 462 476 1142 1203 1209 1754 2075 2196 2262 2331 2611 2725 2900 2953 2961 3082 3583 3589 3681 3734 3879 4062 4087 4267 4382 4466 4479 4712 4719 4737 4832 4899 4964
413	11	215	12	76 289 384 670 721 750 884 949 1062 1071 1111 1165 1206 1327 1376 1508 1566 1605 1640 1903 2096 2444 2453 2582 2757 2855 3348 3364 3552 3612 4001 4060 4330 4545 4565 4752 4838
427	19	208	12	447 802 904 1122 1138 1505 1511 1660 1692 1694 1925 2268 2355 2396 2562 2692 2797 2817 2858 2934 3093 3127 3404 3641 3716 3819 3896 3901 4103 4256 4324 4327 4393 4522 4626 4635
447	20	12	12	30 272 338 523 700 829 892 932 1173 1175 1224 1270 1367 1389 1710 1785 1817 1919 2291 2303 2458 2758 2771 3001 3604 3789 3825 3845 4232 4321 4452 4530 4653 4699 4715
451	38	213	12	118 268 329 361 526 973 1134 1168 1407 1488 1550 1810 1855 1996 2266 2362 2433 2442 2520 2546 2585 2595 2606 2766 2805 3600 3637 3698 3994 4354 4403 4488 4750 4925 4962 4971
464	16	105	12	7 8 516 740 939 1166 1184 1273 1325 1420 1425 1898 1994 2306 2322 2503 2576 2672 2687 2772 2790 2962 3048 3161 3398 3463 3659 3668 4253 4363 4371 4621 4771 4828 4902
492	26	122	12	176 269 360 729 917 985 1129 1350 1394 1435 1608 1911 2061 2456 2572 2621 2653 2671 2792 2813 2818 2840 2911 2971 3016 3119 3276 3333 3359 3483 3521 3539 3689 4220 4601 4608
493	5	154	12	255 420 770 883 1409 1495 1530 1580 1607 1778 1832 1992 2068 2550 2642 2651 2871 2972 3009 3017 3131 3138 3392 3611 3647 3719 4181 4231 4347 4480 4513
14	24	12	14	64 222 377 381 522 523 626 710 754 801 859 1214 1293 1666 1704 2004 2092 2280 2523 2570 2657 2987 3066 3191 3415 3433 3667 3674 4001 4556 4611 4641 4648 4812 4848
17	12	16	12	94 209 222 379 519 818 891 919 993 1194 1220 1317 1360 1369 1682 1726 1849 2092 2144 2325 2358 2364 2629 2646 2682 2836 3196 3655 4211 4323 4512 4559 4722 4892
27	40	178	12	173 407 437 576 613 682 710 1035 1074 1090 1160 1297 1467 1476 1480 1793 2022 2054 2251 2253 2429 2481 2484 2883 2905 3120 3157 3387 3458 3903 4080 4150 4249 4352 4519 4684
58	21	214	12	43 228 603 803 907 1005 1172 1290 1358 1537 1611 1775 1818 1870 1880 1991 2485 2648 2688 2698 2756 2785 3182 3516 3626 3941 4028 4309 4365 4398 4581 4605 4691 4726 4847
67	33	16	14	17 22 130 152 274 312 438 556 627 852 992 1089 1286 1477 1912 1952 2035 2577 2581 2584 2928 2930 3057 3081 3225 3474 3556 3769 3781 3913 4096 4275 4810 4861 4949
81	9	247	12	3 50 302 583 660 763 1236 1326 1465 1531 1747 1944 1981 2263 2377 2490 2513 2632 2733 2819 2852 3269 3397 3533 3833 3915 4052 4119 4271 4406 4448 4486 4516 4521 4604 4770 4889
104	15	5	12	100 153 157 635 753 839 912 925 1252 1377 1447 1524 1632 1701 1731 1857 2003 2074 2083 2093 2243 2257 2363 2391 2583 2645 2853 3029 3118 3368 3624 3932 3996 4316 4976 4980 4991
109	29	72	12	284 515 600 725 881 1248 1513 1562 1648 1651 1836 1881 1983 2036 2086 2180 2293 2533 2567 2783 2948 3047 3104 3143 3270 3287 3300 3640 3673 3724 3755 3786 4035 4418 4501 4717 4963 4972
112	14	7	14	367 392 397 635 762 804 854 862 952 1149 1260 1592 1685 1832 2014 2069 2287 2309 2357 2372 2663 2697 2851 2922 2945 3188 3228 3238 3403 3762 3772 3925 4050 4372 4766 4887 4979 4997
115	39	27	12	101 841 960 1634 1706 1759 2076 2171 2419 2479 2726 2743 2820 2916 2988 3215 3465 3469 3491 3551 3590 3628 3684 3820 3860 3940 4176 4413 4427 4435 4543 4703 4735 4740 4839 4934
122	37	169	14	181 191 304 514 529 581 638 665 768 881 963 1031 1194 1435 2018 2078 2620 2674 2714 2793 2831 2955 3204 3370 3528 3637 3708 3822 3909 3930 3937 3971 4033 4537 4596 4681 4907
125	36	55	12	75 192 598 624 1032 1406 1427 1592 1604 1776 1825 2038 2115 2145 2292 2321 2343 2365 2373 2528 2581 2586 2781 3481 3634 3771 4008 4011 4202 4251 4306 4633 4690 4731 4881 4954
130	13	100	12	13 68 138 292 389 568 579 619 780 797 807 889 1002 1039 1082 1148 1414 1437 1454 1696 1720 1745 1954 2091 2347 2947 3266 3299 3347 3556 3693 3738 3904 4192 4618 4629 4667 4768 4894
153	10	44	12	186 535 614 821 855 873 1069 1179 1399 1418 1444 1528 1612 1637 1691 1909 2141 2163 2823 2850 2864 2895 2910 3085 3159 3203 3318 3482 3581 3790 3887 3978 4346 4353 4457 4656 4842 4929
155	30	72	14	56 85 639 654 715 1034 1072 1122 1308 1349 1573 1772 1915 2030 2242 2383 2404 2684 2718 2862 2994 3128 3434 3490 3506 3566 3759 3956 4264 4422 4450 4483 4678 4814 4832 4857 4924 4938
165	27	173	14	168 255 406 643 810 840 891 1153 1259 1470 1818 1859 1863 1893 2046 2068 2217 2382 2635 2668 2711 2744 2815 2843 2956 2974 3131 3265 3289 3324 3423 3631 3739 3857 4148 4430 4723 4736 4788 4998
168	28	9	12	90 147 256 315 316 492 602 791 1034 1260 1675 1808 1891 1957 1962 2009 2378 2755 2880 2897 2952 2998 3028 3432 3449 3530 3568 3664 3723 3757 3772 3776 3802 3846 3854 4674
172	6	197	12	20 172 189 363 381 500 675 834 1020 1181 1193 1265 1362 1681 1811 1887 2064 2182 2287 2361 2596 2625 2679 2782 2960 2995 3115 3166 3240 3599 3639 3839 3852 4063 4134 4312 4333 4590 4845
183	31	179	12	103 135 211 307 620 623 1058 1169 1313 1662 1738 1844 1847 1888 2337 2372 2489 2521 2584 3072 3097 3168 3327 3578 3597 3722 3828 4169 4191 4234 4290 4386 4411 4445 4623 4628 4748 4949
196	18	106	12	12 55 95 107 150 160 327 438 533 560 611 924 1012 1150 1272 1338 1434 1689 1920 2049 2177 2219 2360 2664 3337 3510 3573 3794 3952 3981 4146
202	25	216	12	114 171 207 396 511 544 553 688 903 952 1159 1174 1210 1335 1364 1768 1819 2188 2207
206	17	58	12	63 380 422 870 888 958 1075 1195 1667 1934 2033 2078 2089 2131 2212 2255 2436 2580
218	2	137	14	79 108 186 252 482 580 739 806 880 1275 1383 1397 1513 1636 1661 1706 1894 2225 2230 2459 2472 2527 2968 3058 3361 3425 4103 4111 4266 4292 4409 4457 4528 4592 4687 4731 5000
226	3	243	14	2 443 550 630 685 1079 1108 1321 1554 1635 2022 2113 2168 2441 2607 2758 2784 2808 2827 2836 2919 3003 3005 3036 3043 3106 3187 3319 3511 3816 4240 4257 4568 4815 4883
234	22	236	14	102 271 360 465 469 752 805 844 865 1003 1112 1117 1182 1217 1430 1550 1602 1802 1837 1876 2185 2356 2495 2673 2828 2854 3041 3601 3606 3799 3890 3962 4025 4337 4489 4642 4797
238	8	114	14	159 192 211 225 370 384 538 612 624 636 887 933 1228 1588 1648 1972 2006 2137 2183 2332 2447 2482 2614 3307 3622 3629 3943 3958 4104 4329 4355 4412 4573 4583 4901
264	4	211	14	9 74 109 187 197 220 229 535 758 793 947 1148 1250 1319 1343 1474 1551 1787 1829 1853 1963 2536 2903 3201 3339 3360 3714 3888 3942 3957 4116 4204 4589 4828 4944
321	32	199	14	153 869 897 1198 1318 1328 1360 1621 1955 2071 2111 2326 2722 2737 2816 2940 2951 2952 3453 3632 3639 3660 3686 3694 3726 3760 3780 3898 4047 4055 4180 4328 4424 4609 4614 4694 4771 4926
347	7	43	14	62 223 378 728 738 1073 1178 1203 1320 1413 1452 1630 1687 1736 1805 2097 2593 2597 2727 2774 3142 3288 3447 3551 3672 4190 4223 4301 4455 4475 4562 4677 4791 4927 4943
349	23	117	14	100 674 708 831 989 1115 1238 1256 1405 1747 1786 1925 1984 2153 2194 2226 2276 2283 2402 2652 2700 2800 3006 3068 3297 3332 3420 3570 3598 3732 3907 3991 4038 4519 4535 4563
358	35	135	14	250 364 566 593 601 633 686 936 960 977 1093 1193 1239 1501 1634 1757 1801 1885 2177 2588 2603 2912 3155 3260 3290 3636 3728 4147 4289 4348 4406 4680 4699 4789 4946
360	1	160	14	140 343 375 586 621 648 730 757 1192 1204 1306 1518 1522 1591 1891 1976 2106 2186 2496 2617 2630 2778 2833 2855 2957 3087 3202 3222 3381 3948 4003 4225 4548 4743 4842 4869 4876
369	34	149	14	95 203 210 467 486 546 800 1074 1378 1515 1584 1851 2026 2156 2285 2653 2676 2996 3084 3338 3569 3602 3666 3791 3920 4058 4062 4099 4339 4514 4569 4576 4801 4824 4948 4977
382	11	180	14	89 177 238 579 855 1085 1094 1135 1444 1455 1509 1589 1799 2019 2214 2415 2892 2970 3247 3349 3416 3446 3467 3652 3677 3707 3795 3859 4141 4230 4352 4516 4890 4904 4906 4934 4958
384	19	109	14	413 451 501 748 749 856 928 1102 1202 1773 2032 2191 2192 2233 2361 2454 2749 2866 3055 3323 3834 3836 3844 3908 3989 4042 4095 4235 4280 4341 4449 4661 4714 4773 4929 4976
391	20	230	14	439 440 531 760 803 820 822 870 965 1013 1015 1035 1118 1241 1498 1651 2066 2082 2108 2167 2339 2349 2448 2518 2725 2973 3000 3109 3175 3358 3373 3792 3870 3988 4018 4020 4093 4572 4804
486	38	248	14	84 127 137 296 823 846 956 967 1026 1033 1251 1274 1428 1546 1719 1900 2015 2213 2286 2437 2467 2511 2810 2893 3259 3438 3498 3571 3840 4028 4246 4313 4813
500	16	224	14	103 206 341 354 545 737 807 829 971 979 1463 1826 1850 1948 2027 2095 2147 2274 2380 2457 2516 2762 2794 3147 3165 3212 3818 3819 3837 3868 4150 4208 4233 4437 4442 4754 4775 4780 4818 4971
5	26	41	14	60 131 315 539 628 661 938 974 1081 1289 1560 1751 1977 2171 2229 2411 2455 2474 2594 2689 2809 2891 2948 3010 3101 3141 3268 3706 3771 3827 4189 4200 4358 4728 4758 4880
31	5	221	14	176 217 234 355 420 452 764 1048 1261 1278 1390 1471 1490 1567 1629 1860 2094 2210 2429 2585 2661 2695 2790 2886 2917 3251 3305 3321 3448 4316 4332 4564 4745 4843 4981
54	12	195	14	34 330 446 554 588 759 839 1125 1348 1578 1609 1614 1828 1944 1964 1974 2752 2789 2830 2980 3030 3064 3216 3325 3401 3406 3520 3576 3751 3789 4066 4102 4375 4388 4700 4900
71	40	125	14	107 265 277 288 314 570 611 637 644 775 821 1002 1106 1123 1346 1783 1921 1991 2090 2252 2501 2589 2942 3341 3885 3950 4282 4468 4618 4621 4660 4673 4802
96	21	21	14	117 353 358 437 512 736 889 955 1409 1575 1593 1620 1642 1667 1928 1940 1994 2008 2204 2236 2430 2616 2659 2792 2832 2918 3308 3330 3452 3558 3941 4385 4507 4538 4541 4817 4866
120	9	11	14	230 295 383 431 958 962 1180 1316 1459 1472 1669 1764 2296 2343 2486 2753 3351 3380 3500 3525 3603 3615 3701 3983 4267 4268 4344 4368 4435 4456 4582 4644 4837 4867 4957
154	15	64	14	80 112 328 625 658 799 812 828 1082 1403 1442 1503 1537 1632 1633 1656 1988 2021 2323 2514 2637 2770 2876 3049 3095 3256 3286 3681 3711 3835 3945 4251 4413 4704 4847 4968
170	29	133	14	81 123 169 249 261 371 474 477 504 549 555 1186 1407 1881 1896 2044 2101 2220 2422 2553 2595 2619 2743 2775 2801 2878 2934 2946 2998 3223 3372 3608 3872 4387 4600
177	39	13	14	99 283 520 1001 1041 1045 1165 1195 1229 1277 1547 1724 2321 2666 2777 2872 2981 3137 3301 3540 3808 3852 3952 4167 4181 4420 4447 4464 4551 4603 4639 4830 4862 4951
180	36	219	14	32 96 433 771 882 886 1156 1253 1290 1342 1568 1587 2187 2299 2310 2316 2359 2384 2715 3018 3085 3548 3659 4034 4046 4067 4126 4193 4306 4325 4478 4748 4784 4792
204	13	205	14	35 180 279 562 888 970 1066 1099 1184 1207 1208 1224 1491 1680 1737 1798 1935 2061 2353 2392 2403 2469 2504 2552 2751 2786 2859 3097 3275 3302 3428 3529 3643 4454 4493 4510 4586 4620
205	10	70	14	19 142 193 313 359 755 1201 1576 1699 2141 2390 2494 2548 2690 2795 2802 2806 2984 3230 3327 3379 3468 3567 3617 3685 3699 3853 4342 4500 4534 4554 4599 4630 4884 4932
210	28	77	14	43 49 150 166 259 398 476 631 667 918 1181 1422 1529 1645 1692 1723 2051 2279 2311 2748 2848 2850 2889 2979 3180 3437 3497 3645 3863 3873 3995 4137 4219 4390 4392 4553 4841
212	6	127	14	148 190 584 753 1110 1151 1496 1517 1647 1670 1767 1911 1956 2157 2307 2377 2590 2609 2618 2650 2887 3048 3513 3693 3705 3761 3869 4026 4149 4349 4460 4533 4711 4777 4853 4953
216	31	220	14	324 331 351 490 565 596 725 727 751 843 907 1183 1421 1483 1569 1701 1721 1782 1834 2115 2347 2460 2532 2565 2870 3121 3250 3400 3418 3730 3767 3867 3970 3977 4014 4053 4113 4928
217	18	73	14	1 71 149 258 363 677 733 961 1036 1092 1311 1424 1530 1570 1739 1766 1809 1874 1968 2122 2164 2169 2288 3196 3582 3614 3814 4236 4485 4578 4807
225	24	219	16	27 83 434 467 605 661 845 940 1429 1536 1594 1746 1865 1918 1968 2206 2319 2365 2393 2409 2411 2700 2951 3025 3183 3270 3318 3521 3886 4375 4393 4587 4837 4848 4852 4870 4896
233	25	198	14	559 568 742 1109 1263 1384 1456 1525 1668 1678 1942 2067 2114 2123 2205 2338 2533 2645 2927
314	17	152	14	67 134 712 721 875 1070 1264 1266 1359 1368 1432 1436 1582 1713 1785 2013 2029 2166
317	33	77	16	154 488 523 703 704 724 1272 1361 1408 1515 1693 1702 1739 1769 1796 1969 2184 2406 2560 2789 2885 3260 3269 3273 3470 3532 3943 4438 4627 4643 4654 4724 4782 4969
390	14	10	16	58 291 402 416 992 993 1258 1375 1477 1685 1931 1975 2003 2314 2624 2704 3064 3078 3083 3167 3312 3430 3522 3542 3671 3751 3815 3821 3890 4156 4159 4264 4399 4431 4677
400	37	96	16	95 202 284 307 652 711 935 1093 1168 1358 1458 1523 1647 1749 1838 1995 2212 2287 2320 2459 2507 2566 2640 3122 3272 3457 3622 3778 3895 3923 3934 4426 4439 4532 4776 4801 4853 4979
404	30	59	16	326 896 1067 1081 1425 1502 1730 1820 2011 2072 2073 2304 2350 2370 2386 2544 2934 3088 3097 3209 3232 3296 3328 3352 3388 3705 3715 3717 3736 3838 3872 3957 4394 4604 4702
410	27	157	16	48 66 157 167 329 516 517 616 746 909 1113 1490 1501 1690 2010 2195 2218 2528 2666 2762 2794 2811 2901 2999 3002 3170 3231 3330 3422 3505 3537 3541 3769 4059 4096 4142
412	2	40	16	142 760 1055 1157 1402 1550 1695 1869 1917 2058 2059 2066 2077 2149 2537 2546 2845 2893 3074 3106 3294 3425 3747 3889 4076 4094 4208 4299 4443 4487 4632 4869 4891
422	3	115	16	383 563 620 781 1122 1192 1404 1421 1493 1993 2079 2280 2395 2439 2466 2505 2718 2898 3203 3248 3291 3478 3526 3530 3611 3802 3833 4061 4289 4387 4593 4706 4793
454	22	142	16	45 248 296 445 483 561 868 888 1034 1167 1411 1415 1809 1972 2210 2222 2538 2543 2547 2550 2852 3326 3572 3574 3731 3785 3794 4022 4041 4057 4112 4178 4227 4305 4454
478	8	177	16	74 271 499 603 884 902 1083 1292 1738 2291 2601 2696 2745 3021 3052 3199 3264 3277 3321 3552 3619 3727 3824 3885 3897 3964 4053 4090 4467 4468 4533 4893 4949 4953
480	4	140	16	132 421 507 531 783 876 1087 1328 1389 1422 1434 1698 1840 2039 2064 2257 2679 2726 2788 2825 3298 3371 3614 3853 3933 4123 4218 4286 4358 4366 4584 4634 4653 4951 4957
50	32	198	16	32 56 879 1224 1390 1540 1741 1774 1888 2021 2056 2148 2201 2250 2281 2342 2413 2414 2539 2576 2655 2656 2924 3350 3601 3660 3811 3917 4083 4511 4909 4929
55	7	88	16	42 54 398 438 500 662 680 1044 1266 1338 1362 1529 1555 1686 1799 1835 2012 2067 2140 2300 2359 2453 2499 2634 2786 3123 3195 3506 3695 3702 3858 3999 4082 4588 4595
80	23	122	16	17 187 405 453 538 1072 1222 1234 1342 1609 1696 1801 1854 1877 2040 2545 2730 2785 3339 3442 3676 3689 3828 3865 3910 4101 4136 4200 4293 4403 4432 4714 4830 4863 4931
87	35	183	16	49 139 237 308 444 511 539 722 936 997 1162 1232 1303 1324 1406 1457 1466 1613 2456 2506 2646 2697 2837 2897 2915 3080 3501 3583 4284 4398 4515 4518 4856
118	1	240	16	212 334 422 494 776 1154 1313 1337 1382 1612 1942 2060 2238 2376 2426 2509 2707 3020 3023 3112 3143 3162 3179 3466 3615 3617 3912 4044 4098 4381 4641 4676 4727 4888
129	34	101	16	163 229 478 643 1250 1378 1498 1552 1607 1723 1752 1961 1966 2273 2392 2540 2659 2669 3169 3382 3444 3624 3944 3952 3995 4073 4239 4596 4605 4750 4786 4800 4983
138	11	196	16	8 116 170 302 413 429 646 990 1211 1306 1632 1727 1940 2032 2391 2532 2573 2582 2627 2695 2846 3004 3186 3249 3348 3590 4003 4224 4494 4505 4642 4701 4840 4841 4996
169	19	13	16	91 226 395 696 744 870 1000 1077 1284 1331 1410 1505 1509 1590 1726 1905 2049 2124 2231 2283 2345 2674 2705 2791 2799 2831 3058 3309 3777 3780 3822 4038 4105 4171 4621 4958
184	20	19	16	43 262 787 1021 1349 1426 2089 2123 2161 2204 2305 2309 2403 2460 2494 2529 2583 2663 3096 3158 3358 3489 3527 3953 4071 4137 4196 4237 4576 4662 4675 4734 4925
191	38	55	16	113 165 350 470 647 880 1097 1164 1282 1307 1397 1553 1875 1936 1938 2877 3040 3177 3234 3299 3412 3415 3481 3647 3797 3894 3971 3989 4318 4400 4466 4728
198	16	29	16	24 57 542 1248 1516 1720 1758 1806 1878 1999 2023 2209 2246 2254 2600 2680 2681 2756 2793 2844 2990 3010 3110 3474 3658 3701 3728 3740 3748 4115 4548 4630 4660 4747 4805 4819 4905 4940
249	26	147	16	518 813 867 1299 1520 1544 1600 1733 1779 1989 2057 2162 2298 2420 2503 2796 2809 2912 3230 3618 3657 3753 4045 4099 4111 4191 4238 4263 4389 4401 4498 4547 4598 4854 4892 4926 4930
271	5	22	16	62 135 216 286 289 331 570 778 853 1135 1178 1289 1302 1417 2189 2301 2341 2423 2574 2817 2827 3043 3139 3213 3362 3463 3491 3512 3621 3925 3946 4124 4665 4861 4962
284	12	207	16	179 228 268 508 674 851 913 1056 1249 1522 1524 1535 1545 1976 2354 2388 2446 2588 2722 2836 3001 3101 3813 3973 4013 4149 4243 4274 4296 4427 4491 4512 4696
296	40	145	16	191 310 385 819 882 897 926 965 1025 1130 1220 1334 1431 1463 1731 2263 2497 2865 3172 3181 3194 3198 3375 3525 3616 3969 4016 4067 4188 4262 4556 4573 4821 4822
303	21	118	16	211 243 260 330 554 780 822 976 1031 1646 1710 1913 2014 2462 2471 2527 2598 2613 2622 2682 2690 2719 3187 3276 3292 3363 3737 3938 4078 4133 4251 4460 4737
318	9	83	16	94 221 272 564 625 695 838 919 1024 1090 1196 1605 1816 2178 2221 2454 2522 2570 2616 2688 2909 3055 3067 3237 3278 3368 3459 3550 3630 3655 3772 4002 4294 4719 4846 4994
334	15	200	16	77 1004 1006 1029 1052 1089 1174 1223 1330 1360 1396 1596 1750 1756 1915 2041 2135 2261 2848 3016 3215 3420 3548 3608 3700 4089 4113 4457 4692 4757 4792 4815 4833
355	29	18	16	300 369 417 424 615 730 889 954 1254 1504 1668 1815 2093 2251 2408 2734 2774 2781 2933 3039 3041 3178 3229 3240 3242 3503 3588 3670 4029 4502 4519 4731 4787 4790
392	24	183	18	169 505 839 988 1131 1371 1494 1618 1703 1726 1957 2180 2294 2329 2460 2490 2819 2921 3038 3062 3069 3649 3809 4031 4266 4305 4310 4441 4477 4511 4552 4639 4654 4981
401	39	126	16	21 78 111 277 376 477 575 972 1001 1129 1215 1344 1947 2069 2302 2428 2919 2929 3263 3451 3579 3684 4014 4032 4117 4388 4462 4495 4622 4774 4867 4946 4986
407	36	182	16	16 241 397 404 742 988 1078 1170 1176 1233 1353 1471 1482 1487 2045 2136 2290 2346 2658 2812 2923 2932 3095 3411 3600 3625 3678 4004 4310 4333 4353 4373 4560 4743
421	13	141	16	120 219 252 471 611 709 826 1035 1929 1998 2107 2260 2438 2470 2667 2979 3006 3105 3322 3837 3866 3931 4030 4066 4108 4210 4265 4640 4659 4721 4733 4916 4966
440	10	33	16	550 566 644 799 842 874 1357 1495 1616 2109 2132 2636 2875 2947 2998 3035 3135 3226 3267 3383 3729 3767 3788 3842 4477 4811 4908 4948 4977 4987
443	28	204	16	69 327 457 458 580 664 854 1036 1061 1216 1492 1601 1902 2007 2009 2096 2141 2208 2440 2525 2671 2754 2864 3405 3450 3584 3968 4064 4269 4503 4606 4764 4912
482	6	166	16	93 118 390 506 573 803 975 1048 1323 1469 1652 1784 1912 2002 2179 2198 2269 2276 2333 2524 2609 2972 2994 3202 3204 3334 3498 3816 3847 3913 3990 4122 4315 4362 4402 4978
483	31	213	16	128 261 514 836 943 1059 1197 1288 1298 1388 1834 1914 2043 2075 2401 2578 2686 2713 2878 3114 3360 3414 3602 3763 3792 3796 3877 3976 4008 4203 4231 4317 4339 4504 4744
491	18	28	16	6 29 159 164 251 322 466 617 618 698 1017 1116 1126 1206 1256 1571 1711 1722 1778 1892 2128 2448 2596 2907 3347 3830 4085 4326 4549 4619 4761
494	25	215	16	79 130 201 246 317 493 512 522 747 763 859 1133 1356 1638 1770 2207 2360 2380 2512
2	17	232	16	25 355 501 673 678 914 1198 1355 1573 1591 2282 2557 2642 2767 2824 2835 2902 3050
6	33	185	18	225 265 414 443 453 472 640 833 927 1431 1448 1538 1569 1625 1712 2075 2116 2261 2376 2714 2890 3264 3371 3376 3472 3781 3853 3896 4236 4297 4421 4529 4708 4775
20	14	81	18	429 641 712 825 865 967 1181 1500 1552 1646 1851 1974 2269 2409 2697 2896 2943 3140 3278 3529 3550 3910 4162 4294 4376 4733 4844 4930 4977
24	37	171	18	50 110 309 381 830 840 948 1004 1020 1050 1096 1196 1533 1644 1896 1912 1913 1938 2318 2706 2894 2964 3100 3427 3558 3709 3989 4029 4508 4665
26	30	116	18	142 322 578 683 699 787 911 1075 1169 1241 1470 1814 1831 2215 2267 2330 2385 2545 2622 2816 2912 2924 3389 3410 3721 4061 4327 4374 4474 4475 4640 4756 4780 4788 4944
41	27	67	18	444 702 723 765 931 1095 1453 1606 1729 1869 2117 2153 2350 2504 2835 2958 3070 3244 3251 3313 3404 3408 3441 3606 3630 3799 3929 4144 4151 4212 4314 4423 4942
45	2	186	18	55 301 358 495 555 816 1251 1385 1441 1455 1743 1842 1935 1985 2039 2070 2245 2292 2949 3014 3109 3206 3218 3241 3325 3572 3953 4065 4122 4209 4311 4425 4679 4744 4782
52	3	194	18	3 46 504 573 947 996 1031 1320 1376 1451 1503 1631 1730 1877 1951 2690 2874 3102 3381 3480 3629 3733 3784 3844 3886 3968 4329 4395 4461 4616 4636 4718 4810 4864 4906
73	22	236	18	275 387 458 507 584 643 796 1154 1372 1393 1473 1693 1717 1749 1762 1824 2077 2364 2608 2841 3132 3258 3492 3545 3849 3905 4018 4450 4483 4572 4734 4823 4914 4967
100	8	242	18	84 193 318 460 659 662 853 1283 1352 1549 1804 1894 1956 2047 2416 2566 2567 2637 2709 2732 3054 3157 3488 3515 3815 3916 4015 4064 4406 4431 4491 4772
105	4	14	18	70 294 439 771 820 1462 1680 1689 1772 1893 2069 2119 2233 2311 2381 2493 2632 2675 2681 2715 2885 2910 2981 3027 3105 3346 3462 3768 3779 4224 4391 4396
128	32	197	18	195 227 276 303 360 513 592 604 866 913 960 984 1015 1328 1331 1493 1514 1526 1695 1752 2463 2523 2542 2784 3082 3223 3436 3619 3656 4079 4566 4649 4850 4901 4983
132	7	15	18	186 236 476 905 924 944 1167 1239 1256 1442 1468 1531 1624 1773 1884 2021 2488 2763 2785 3136 3151 3154 3281 3337 3494 3588 3847 3864 4609 4617 4652 4762 4785 4993
136	23	69	18	99 137 150 399 425 639 1000 1073 1128 1497 2240 2305 2367 2420 2443 2844 2962 3056 3128 3162 3269 3361 3567 3654 3704 3931 3996 4134 4244 4342 4459 4590 4980
150	35	153	18	69 185 201 328 418 572 722 740 856 1076 1098 1439 1461 1792 1971 2063 2191 2194 2362 2422 2677 2737 3086 3163 3193 3283 3493 3641 3825 3848 4088 4295 4688 4746 4829 4915
171	1	48	18	133 250 296 306 324 500 690 701 790 1037 1111 1230 1286 1556 1627 1825 1897 1973 2029 2124 2202 2339 2450 2510 2771 2903 2987 3305 3487 3503 3763 3919 3924 4078 4152 4568
189	34	92	18	313 374 438 464 998 1056 1069 1150 1525 1642 1718 2093 2188 2235 2395 2468 2580 2670 2789 3124 3173 3276 3351 3600 3765 3787 3892 4006 4546 4605 4695 4909
199	11	86	18	38 44 218 339 344 379 411 510 571 603 687 869 1220 1402 1405 1415 1534 1923 1991 2081 2106 2600 2609 2721 3130 3280 3495 3661 4142 4200 4375 4722 4966
200	19	128	18	252 282 567 731 831 1146 1155 1337 1417 1419 1465 1548 1691 1895 1910 1999 2027 2050 2304 2794 3049 3080 3510 3526 4025 4111 4159 4331 4355 4826 4891 4919 4953
209	20	90	18	72 371 428 670 974 1082 1295 1339 1398 1409 1513 1527 1585 1663 1788 1830 2378 2464 2492 2635 2849 2869 3153 3185 3303 3565 3580 3723 3906 4349 4627 4683
213	38	237	18	89 154 589 681 764 891 1053 1143 1170 1205 1247 1277 1363 1557 1823 1947 2133 2230 2259 2597 2856 2963 3646 3808 4154 4283 4321 4402 4478 4834 4872
214	16	159	18	73 164 199 436 660 1006 1127 1237 1400 1408 1790 1834 2122 2176 2220 2337 2509 2516 2729 2888 3138 3200 3246 3310 3342 3412 3474 3528 3594 3888 3962 3990 4215 4685 4730
219	26	188	18	41 473 590 597 682 789 811 901 1001 1058 1176 1269 1270 1574 1590 1777 2006 2145 2246 2535 2730 2764 3089 3112 3190 3584 3643 3756 3883 3994 4051 4132 4577 4633 4686 4923
228	5	39	18	161 198 337 352 437 858 1030 1609 1619 1694 1736 2103 2338 2358 2476 2555 2644 2736 2747 2842 2893 2918 2959 3367 3801 3802 3932 3963 4037 4038 4118 4183 4561 4593 4955
261	12	174	18	28 65 385 667 672 700 849 864 1304 1472 1551 1707 2265 2414 2541 2616 2650 2653 2656 2876 2938 3009 3196 3314 3331 3573 3726 4041 4243 4255 4317 4353 4530 4867
295	40	190	18	88 253 362 619 708 717 768 824 884 1068 1171 1223 1278 1559 1781 1963 2344 2751 2973 3045 3116 3201 3216 3383 3421 3481 3638 3717 3812 4095 4674 4773 4845
311	21	74	18	95 390 732 749 1145 1650 1862 2031 2199 2749 2779 2780 2882 2988 2996 3075 3393 3457 3764 3798 3936 4093 4231 4347 4444 4471 4584 4655 4774 4871 4936
335	9	134	18	52 121 200 219 279 304 366 526 1087 1322 1537 1599 2193 2702 2744 3060 3125 3233 3340 3415 3428 3448 3796 3800 3984 4330 4430 4460 4499 4596 4612 4876
357	24	128	20	333 521 846 929 967 1051 1187 1335 1478 1520 1588 1615 1617 1833 1967 2017 2217 2219 2291 2567 2833 3078 3443 3446 3708 3765 4109 4189 4365 4647 4662 4759 4881 4903 4982
373	15	102	18	204 424 665 720 910 953 1062 1188 1340 1433 1546 1579 1686 1793 1807 2187 2250 2461 2563 2625 3255 3259 3575 3622 3813 3877 3897 4106 4428 4432 4684 4809
377	29	104	18	168 349 408 482 894 985 1071 1072 1268 1275 1310 1406 1568 1715 1751 2156 2800 2908 2909 3212 3605 3637 3702 3744 4049 4429 4585 4669 4784 4794 4798 4888 4935 4984
406	33	14	20	21 56 203 321 389 959 1165 1175 1443 1640 1791 1803 1866 1876 2172 2202 2274 2330 2512 2613 2645 2694 2815 2855 2964 3081 3130 3233 3585 3890 4114 4119 4454 4921 4994
429	39	25	18	37 489 553 635 655 1194 1224 1272 1605 1740 1940 2008 2336 2371 2621 2678 3041 3403 3583 3749 3818 4131 4141 4195 4270 4318 4377 4482 4492 4602 4875
431	36	24	18	24 378 502 745 934 1257 1346 1803 1983 2045 2361 2479 2679 2688 3035 3053 3156 3483 3532 3862 3865 3934 3940 3941 4246 4507 4515 4557 4573 4791 4792 4929 4990 4991
459	13	105	18	291 319 329 477 595 705 756 791 1005 1017 1066 1327 1379 1532 1812 1866 1926 2272 2290 2814 2866 2920 3417 3725 3761 3829 3882 3991 4394 4543 4709 4852 4869
470	10	222	18	68 205 305 394 450 733 861 1054 1065 1629 1928 2128 2195 2232 2243 2502 2596 2719 2733 2974 3158 3182 3199 3203 3265 3715 3793 4100 4446 4510 4527 4838 4925 4941 4956
474	28	248	18	112 365 587 653 779 838 1063 1130 1308 1844 2068 2129 2171 2182 2349 2366 2369 2373 2587 2845 2873 2997 3296 3321 3323 3357 4150 4167 4340 4385 4440 4514 4578 4579 4690 4717
495	6	28	18	178 262 377 548 1132 1189 1502 1633 1668 1696 1898 1930 2073 2239 2374 2698 2822 2853 2983 3197 3243 3249 3277 3479 3628 3705 3824 4170 4545 4614 4833 4855 4947
43	31	235	18	238 311 449 474 887 1011 1032 1236 1315 1543 1753 2140 2573 3306 3318 3437 3544 3562 3797 3928 3967 3988 4045 4083 4129 4206 4389 4637 4663 4697 4922
44	18	38	18	16 270 949 1124 1198 1213 1281 1326 1343 1454 1682 1697 1860 1996 2052 2152 2200 2357 2551 2717 2769 2823 2852 2868 3698 3708 3771 3795 3811 3840 3979
46	25	192	18	104 176 278 334 356 400 577 636 832 1019 1137 1140 1381 1635 1664 1677 1796 1837 1845
62	17	245	18	61 98 333 586 1101 1152 1445 1475 1483 1495 1672 1705 1731 1906 2284 2319 2478 2534
63	14	119	20	23 216 342 403 475 842 1213 1284 1383 1384 2032 2139 2551 2599 2606 2898 2955 3134 3737 3804 3972 4027 4147 4291 4439 4550 4604 4692 4786 4833 4959
65	37	144	20	98 130 271 380 469 704 873 1769 1816 1832 1870 1919 1984 2038 2055 2269 2483 2726 2887 3079 3189 3209 3302 3339 3473 3490 3506 3641 4021 4097 4233 4308 4319 4376
83	30	162	20	499 575 720 760 795 823 828 1040 1063 1184 1271 1436 1458 1593 1654 1745 1762 1939 1953 2010 2104 2379 2877 2980 2986 3094 3304 3512 3565 4145 4235 4381 4549 4798 4895
85	27	200	20	131 239 359 446 574 693 758 882 921 1144 1188 1492 1813 1841 2097 2100 2610 3063 3259 3423 3424 3816 4007 4036 4043 4184 4555 4702 4831 4868 4917
91	2	208	20	110 305 612 689 862 878 922 1036 1398 1416 2025 2096 2266 2332 2334 2608 2710 2817 2992 3211 3337 3343 3433 3434 3620 3798 4071 4153 4472 4478 4779 4849 4939
106	3	111	20	141 280 529 905 1013 1021 1030 1045 1079 1353 1354 1407 1849 2133 2157 2668 2735 2847 2945 3107 3333 3440 3587 4048 4279 4331 4465 4732 4873 4927 4971
114	22	165	20	63 373 525 942 1125 1170 1534 1673 2030 2068 2176 2481 2720 2890 2904 3090 3114 3206 3390 3568 3582 3642 3697 3704 3758 3886 3926 4193 4275 4451 4523 4802 4967
139	8	103	20	74 117 147 255 440 457 631 782 858 879 915 1149 1606 1644 1712 1805 1898 2135 2200 2445 2515 2553 2717 3007 3284 3316 3672 3733 3750 3989 4115 4277 4537 4793 4819 4850
193	4	32	20	38 332 676 1083 1123 1191 1280 1470 1675 1773 1800 1856 2237 2351 2417 2661 2757 2920 2995 3113 3214 3376 3553 3592 3693 4298 4639 4796 4825 4884 4912
197	32	96	20	157 347 427 461 615 647 663 937 968 1012 1204 1482 1599 1652 1682 1702 2173 2383 2702 2746 3225 3487 3893 4024 4146 4212 4302 4561 4568 4615 4665 4668 4745 4824
275	7	48	20	37 456 644 909 948 1350 1379 1428 1455 1516 1625 1716 1885 2008 2087 2101 2432 2517 3398 3580 3584 3917 3924 3966 4042 4174 4437 4500 4529 4780
283	23	199	20	17 53 250 258 277 345 556 981 1109 1339 1423 1603 1826 2094 2604 2642 2650 3198 3479 3735 3738 3754 3776 3876 4032 4044 4139 4354 4455 4531 4924 4976
288	35	163	20	211 671 707 785 825 941 1332 1424 1468 1570 1932 2392 2402 2431 2441 2470 2531 2601 2683 3021 3049 3057 3288 3352 3721 3772 3823 4424 4457 4737 4817 4847 4998
299	1	244	20	144 171 179 344 414 633 733 863 966 982 1060 1102 1305 1828 1852 2270 2425 3088 3338 3881 3925 4175 4222 4557 4613
348	34	136	20	242 338 416 541 683 739 852 1142 1507 1619 1763 1788 1810 1952 1961 1962 2277 2367 2444 2451 2510 2552 2686 2754 2913 3147 3329 3421 3507 3743 4154 4299 4866 4961 4988
352	11	231	20	77 339 376 379 406 513 552 588 867 868 999 1159 1217 1821 1850 2005 2278 2296 2446 2626 2706 3150 3218 3388 3805 3809 3951 4092 4340 4385 4414 4420 4926 4969
354	19	70	20	80 194 658 726 994 1016 1053 1334 1373 1425 1623 1732 1929 2020 2244 2290 2605 2614 3026 3098 3133 3301 3495 3608 3828 3856 4087 4118 4245 4272 4292 4765
364	20	131	20	263 419 766 1199 1477 1557 1655 1829 1845 1869 2370 2376 2386 2428 2579 2693 2808 2812 2822 2923 3195 3232 3300 3428 3431 3666 3770 3831 3901 4479 4536
380	38	66	20	233 452 453 870 1218 1219 1391 1437 1709 1823 1959 2529 2540 2740 2907 3226 3335 3363 3379 3517 3524 3546 3716 3785 4242 4253 4401 4430 4686 4721 4954
389	16	180	20	291 653 908 916 928 962 1107 1261 1643 1730 1946 2191 2419 2520 2521 2637 2682 2840 3032 3052 3184 3190 3373 3377 3465 3468 4023 4102 4322 4474 4864 4889 4962
397	26	224	20	5 14 44 97 851 1294 1714 1897 1975 1987 2262 2313 2516 2570 2667 2685 2937 2960 2966 3212 3456 4052 4054 4072 4121 4248 4254 4588 4634 4761 4811 4993
399	5	243	20	545 977 980 1114 1245 1257 1356 1370 1782 1808 1909 1933 2035 2335 2508 2590 2621 2651 2708 3258 3260 3349 3372 3469 3848 4303 4315 4651 4687 4707 4856 4946
453	12	209	20	57 182 371 630 857 860 1005 1155 1277 1336 1337 1351 1521 1590 1667 2089 2183 2228 2307 2345 2452 2597 2634 2830 2947 2967 3157 3425 3435 3457 3766 3985 4203
462	40	172	20	60 462 641 1014 1097 1167 1211 1286 1924 1943 2026 2115 2282 2472 2548 2623 2884 3013 3047 3242 3245 3266 3559 4013 4280 4413 4450 4642 4676 4682 4740 4931
465	21	218	20	293 386 601 688 773 830 898 1042 1121 1227 1512 1565 1818 1840 1963 2080 2453 2463 2629 2823 3142 3275 3411 3518 3719 3774 3961 4185 4468 4501 4567 4574
471	9	93	20	559 906 1066 1156 1341 1479 1621 1937 1958 2179 2226 2377 2399 2404 2558 2630 2982 3059 3115 3118 3168 3402 3420 3578 3602 3807 3826 4165 4216 4281 4341
479	15	181	20	154 511 546 580 1003 1047 1084 1497 1551 1839 1863 1905 2258 2385 2457 2689 2820 3121 3236 3271 3395 3399 3439 3537 3713 3993 3998 4068 4370 4442 4716 4950
15	29	167	20	138 447 690 755 791 833 1055 1399 1822 1917 2024 2033 2095 2102 2126 2152 2162 2238 2285 2427 2805 3009 3036 3055 3291 3544 3560 3894 4078 4546 4624
35	39	240	20	34 149 172 213 813 933 1397 1433 1613 1904 2150 2203 2400 2532 3020 3044 3128 3234 3274 3415 3496 3505 3746 3783 4079 4285 4422 4470 4701 4918 4986
60	36	249	20	143 174 304 654 832 1688 1723 1728 1742 1756 2001 2079 2491 2620 2643 2791 2871 3028 3031 3109 3205 3394 3405 3409 3589 3623 4173 4234 4562 4636 4753 4808 4919
66	13	68	20	240 320 425 510 991 1136 1208 1299 1311 1574 1597 1626 1729 2006 2064 2091 2474 2724 2810 2899 3161 3549 3648 3867 3921 3939 3942 4100 4108 4211 4402 4426 4720
76	10	245	20	175 319 370 532 656 1059 1152 1206 1539 1564 1566 1629 1630 1703 1764 2584 2729 3436 4260 4368 4409 4416 4552 4683 4778 4785 4814 4836 4876 4920
82	28	49	20	377 520 691 1073 1394 1664 1679 1692 1827 2146 2227 2403 2524 2959 2962 3215 3477 3564 3790 3962 4372 4600 4631 4706 4791 4932
116	6	196	20	254 267 282 569 1027 1038 1614 1690 1715 2073 2248 2301 2401 2429 2454 2545 3024 3131 3177 3246 3344 3707 3778 3879 4362 4373 4499 4570 4592 4678 4768 4973 4974
119	31	157	20	276 404 617 836 893 1024 1139 1267 1481 1571 1572 1719 1770 1960 2059 2225 2544 2939 2940 3018 3345 3422 3527 3567 3714 3720 3742 3937 4122 4718 4915
127	18	35	20	283 491 727 1067 1183 1480 1789 1851 1867 1945 2056 2103 2256 2618 2619 2662 2796 2999 3015 3084 3239 3359 3529 3595 3628 3631 3633 3974 4769 4882
137	25	89	20	108 159 235 568 661 1023 1212 1349 1750 1751 1768 1944 2065 2149 2182 2368 2585 2665 2803
147	17	246	20	208 352 372 411 756 824 920 934 1491 1641 1649 1669 1705 1792 1846 2231 2292 2443
237	24	150	22	48 102 238 325 338 430 561 574 696 1259 1531 1990 2226 2525 2738 2809 2975 3037 3271 3287 3409 3496 3640 3664 3967 4060 4149 4170 4181 4710
247	33	9	22	73 132 369 426 646 707 729 1117 1280 1366 1626 1746 1957 2072 2176 2212 2251 2804 2981 3292 3352 3474 3655 3893 4000 4029 4169 4267 4540 4543 4740 4894
256	14	86	22	422 496 504 546 694 818 909 966 1019 1176 1216 1328 1346 1368 1375 1645 1902 1965 2214 2862 2872 2955 3171 3536 3603 4090 4357 4415 4661 4702 4725 4912 4973
257	37	59	22	47 428 436 473 589 991 1299 1362 1405 1507 1737 1767 1857 1928 1942 2044 2061 2427 2649 2924 3404 3432 3499 3591 3617 3731 3855 3916 3959 4157 4208 4388 4489 4606
273	30	94	22	20 42 474 512 632 1158 1333 1997 2074 2105 2438 2540 2786 2842 2921 3394 3494 3623 3728 3768 3880 3938 4117 4254 4398 4426 4443 4619 4635 4732 4742
276	27	3	22	127 307 362 534 800 1127 1147 1180 1221 1380 1601 1774 1794 2060 2085 2281 2702 2736 2743 3023 3397 3671 3687 3909 4456 4492 4612 4622 4672 4693 4892 4932
285	2	80	22	173 221 530 636 775 1039 1429 1615 1668 1712 1901 1967 2117 2165 2403 2413 2599 2691 2920 2926 2974 3223 3305 3334 3401 3712 3796 3988 4167 4370 4767 4917 4968
310	3	78	22	28 183 455 544 599 626 849 1279 1339 1381 1592 1603 1742 1846 1958 2367 2732 2827 2865 3343 3543 3661 3688 3956 4009 4135 4281 4408 4430 4444 4736 4753 4857
313	22	25	22	50 80 746 751 1226 1325 1419 1652 1878 2046 2254 2353 2474 2476 2517 2602 2750 3093 3174 3176 3183 3283 3355 3642 3672 3677 3713 4490 4660
315	8	76	22	119 314 348 466 633 709 1046 1439 1542 1806 1986 2092 2185 2406 2708 2992 3139 3188 3218 3232 3576 3691 3935 3996 4003 4065 4069 4244 4404 4424 4527 4923
319	4	136	22	170 331 352 577 1015 1043 1104 1223 1254 1313 1413 1485 1651 1840 1987 2116 2391 2595 2807 2820 3010 3060 3108 3437 3486 3563 3567 3662 4447 4564 4997
333	32	17	22	191 553 669 684 1115 1250 1324 1423 1483 1740 1815 1847 1873 2416 2568 2574 2675 2687 2886 2892 2976 3133 3240 3294 3320 3570 3610 3827 4920 4959 4984
343	7	74	22	178 212 300 784 901 1022 1546 1698 1706 1728 1948 2023 2066 2133 2288 2377 2422 3113 3160 3458 3708 3993 4367 4515 4559 4597 4648 4673 4748 4757 4786
368	23	218	22	67 72 600 770 774 810 823 983 1042 1212 1295 1493 1525 1682 1757 1953 2063 2320 2601 2993 3193 3538 3554 3632 3807 3840 4015 4159 4486 4547 4567 4681 4940
385	35	201	22	152 213 382 576 785 894 900 965 972 1038 1051 1105 1218 1260 1442 1571 2094 2356 2420 2582 2617 2647 2666 3086 3501 3530 4081 4218 4271 4657 4873
387	1	141	22	40 245 456 505 535 543 658 689 995 1040 1145 1467 1549 1931 1950 2321 2504 2512 2566 2660 2796 2805 2902 2960 2969 3138 3202 3393 3416 3863 3874 4104 4374
452	24	94	24	423 486 517 607 685 691 856 880 1438 1536 1565 1585 1619 1655 2065 2131 2279 2300 2556 2672 2759 2856 3304 3502 3631 3748 3880 3887 4271 4352 4408 4527 4751
490	34	45	22	79 94 412 571 608 1029 1144 1335 1648 1684 1777 1833 1926 1994 2447 2462 2473 2638 2745 2800 2986 3047 3364 3583 3682 3904 3905 3986 4064 4099 4451 4638 4779 4927 4935
499	11	42	22	15 423 556 652 832 943 975 1215 1461 1464 1516 1822 1979 2002 2054 2352 2671 2748 2756 2911 2941 3034 3087 3173 3295 3329 3489 3678 4202 4637 4667 4832 4942
92	19	153	22	203 361 451 470 527 1092 1583 1791 1865 1982 2016 2275 2401 2500 2586 2801 2837 2990 3066 3103 3254 3368 3419 3595 3851 3859 3912 3939 4095 4396 4607 4803
99	20	130	22	206 634 865 1139 1243 1349 1534 1569 1707 1807 1830 2167 2256 2389 2483 2665 2677 2692 3090 3273 3433 3516 3647 3788 4017 4020 4114 4216 4363 4538 4630
121	38	228	22	37 61 115 301 537 645 731 1008 1085 1267 1301 1498 2070 2121 2124 2237 2464 2733 2740 2904 3033 3121 3660 3795 3892 4030 4036 4325 4445 4487 4551 4904
164	16	223	22	62 232 463 478 934 1060 1074 1116 1202 1330 1858 1969 2019 2028 2274 2341 2624 2751 2989 3057 3126 3162 3396 3472 3497 3958 4392 4411 4542 4576 4760 4790
327	26	184	22	141 279 353 610 790 978 1454 1709 1726 1884 1930 1960 2114 2240 2346 2368 2761 2861 2968 3296 3410 3614 3804 3821 3831 3963 4350 4521 4645 4704
356	5	41	22	38 54 91 205 554 816 920 1595 1727 1758 1782 1854 1927 1975 2091 2170 2399 2773 2829 2834 3054 3091 3107 3122 3390 3758 3899 3954 4055 4063 4123 4656 4882
379	12	33	22	143 275 281 390 552 651 715 1364 1486 2065 2127 2235 2262 2387 2455 2465 2469 2548 2611 2772 2906 3077 3380 3407 4288 4297 4465 4715 4806 4847
381	40	61	22	35 146 299 372 448 542 587 714 990 1163 1314 1383 1430 1488 2174 2587 2631 2632 2922 2929 3000 3024 3248 3745 3930 4040 4232 4320 4626
424	21	68	22	97 403 670 805 885 930 951 953 1078 1138 1190 1500 1654 1699 1810 2111 2294 2362 2509 2695 2830 2843 2891 3342 3371 3461 3676 4399 4510 4759 4953
466	9	32	22	49 100 273 457 1640 1661 1755 1850 1984 1989 2204 2289 2567 2788 2895 3083 3145 3358 3379 3531 3696 4220 4229 4239 4314 4328 4505 4585 4633 4836 4915
23	15	138	22	13 231 312 439 679 1387 1610 1784 1890 2018 2238 2357 2408 2604 2717 3146 3239 3522 3724 3785 3888 4051 4174 4182 4210 4380 4541 4565 4653 4739 4993
28	33	228	24	19 414 611 771 1140 1196 1301 1321 1360 1589 1658 1798 1905 2119 2284 2359 2394 2544 2624 2761 3155 3610 3786 3813 3992 4237 4257 4361 4757 4894
32	29	79	22	26 266 297 355 623 1253 1427 1456 1536 1998 2038 2138 2372 2670 2777 2873 2914 3262 3289 3315 3451 3592 3902 3976 4102 4180 4556 4658 4797 4874 4878 4898
124	39	175	22	792 864 1055 1103 1232 1474 1495 1613 1637 1655 1680 1701 2423 2439 2619 2661 2823 2824 2867 3025 3118 3463 3638 3694 3876 3903 4344 4640 4687 4769 4899
142	36	4	22	902 1096 1110 1125 1597 1819 1820 1972 2037 2049 2258 2277 2492 2544 2633 2635 2652 3214 3349 3366 3440 3471 3757 3856 3961 3981 3994 4010 4098 4340 4741 4885
149	13	75	22	30 622 687 701 1076 1080 1238 1336 1582 1700 2363 2379 2505 2522 2982 3017 3634 3763 3918 3972 3992 4045 4085 4164 4241 4513 4558 4960 4972
215	10	56	22	137 356 405 431 656 719 726 918 1228 1334 1468 1896 1954 1956 2082 2298 2308 2716 2739 3706 3809 3844 4082 4168 4190 4238 4520 4537 4552 4594 4831
224	28	225	22	4 317 515 956 1166 1318 1630 1789 1911 2047 2155 2166 2481 2698 2720 2755 2758 3031 3149 3344 3385 3764 3767 3870 4002 4023 4126 4166 4343 4872
241	6	102	22	45 85 106 123 396 882 1204 1541 1666 1688 1886 2216 2317 2445 2598 2742 2900 3304 3374 3753 3864 3951 4127 4162 4291 4345 4574 4624 4816
251	31	103	22	292 692 890 1064 1171 1340 1433 1473 1553 1658 1797 2043 2163 2348 2380 2487 2561 2954 3013 3200 3217 3427 3722 3817 4083 4290 4336 4459 4616 4835
279	18	101	22	82 145 164 285 520 524 747 761 853 1061 1075 1091 1268 1470 1659 1678 1929 2146 2222 2228 2253 2347 2870 2884 2947 3061 3165 3210 4248 4279 4716
298	25	38	22	365 395 557 609 650 1027 1159 1287 1307 1588 1786 2024 2125 2373 2375 2570 2676 2813 3064
323	17	133	22	46 185 332 367 435 483 596 788 910 944 1200 1581 1871 2112 2328 2448 2467 2620
403	14	239	24	550 812 937 1166 1440 1624 1684 2101 2244 2533 2963 3235 3372 3527 3545 3919 3928 4217 4462 4620 4698 4772 4829 4863 4937
457	37	63	24	197 301 564 571 775 904 906 1235 1293 1442 1897 2277 2323 2498 2524 2809 2917 3486 3499 3556 3633 3669 3714 3832 3857 4058 4213 4268 4585 4945
458	30	166	24	397 426 613 806 827 1388 1452 1788 1815 1827 1901 1978 2036 2147 2237 2358 2368 2390 2628 2861 2951 3065 3298 3518 3539 3564 4508 4512 4739
461	27	177	24	191 316 496 1158 1344 1400 1471 1499 1771 1904 1933 2134 2155 2164 2265 2725 3021 3069 3170 3245 3296 3511 3577 3625 3718 4031 4267 4330 4342 4591 4760
467	2	78	24	14 103 123 129 777 963 1221 1450 1494 2174 2417 2421 2503 2605 2629 2646 2669 2988 3171 3172 3206 3476 3821 3983 4143 4144 4175 4586 4909 4952
468	3	206	24	475 629 698 756 759 804 988 1205 1367 1393 1753 1784 1910 1985 2124 2513 2546 2564 2878 3024 3285 3685 3711 3818 3878 4035 4261 4273 4307 4672 4809
477	22	113	24	289 313 448 659 1418 1891 2227 2435 2475 2937 3136 3184 3236 3376 3395 3429 3512 3561 3606 3617 3947 3959 3973 3975 4151 4308 4554 4593 4762 4784
33	8	106	24	59 93 312 323 374 421 651 699 1109 1262 1451 2839 2879 2890 2938 2955 3231 3272 3382 3835 4070 4099 4162 4441 4452 4492 4723 4728 4852 4996
40	4	65	24	233 368 437 533 669 761 914 1022 1416 1790 1941 2221 2336 2436 2450 2584 2930 2961 3148 3247 3369 3504 3534 3593 3629 3914 4192 4390 4541 4714
42	32	39	24	260 284 610 614 678 824 905 976 1009 1366 1449 1510 1831 2136 2402 2406 2420 2457 2575 2658 2773 2857 3035 3449 3459 4378 4544 4900
48	7	119	24	4 220 359 380 548 622 783 853 947 1084 1264 2465 2673 2754 2791 3083 3359 3426 3547 3811 4120 4131 4291 4296 4649 4666 4730 4738 4846 4961
88	23	46	24	173 308 347 372 373 393 443 605 682 683 716 909 1034 1127 1199 1283 1354 1396 1823 1937 1961 2206 2452 3324 3735 4521 4627 4755 4999
98	35	142	24	27 127 165 409 602 673 674 814 1130 1200 1410 1611 1770 1776 2664 2884 2970 3103 3374 3559 3560 3616 3817 4130 4140 4560 4600 4870 4939
102	1	188	24	253 460 697 705 1104 1164 1209 1489 1637 1649 1895 2122 2295 2485 2563 2758 3122 3147 3221 3607 3652 3907 4128 4320 4356 4368 4387 4404 4729
141	34	17	24	109 237 306 625 794 1118 1168 1252 1492 1688 1765 1814 2026 2146 2234 2419 2728 2912 3044 3315 3538 4059 4146 4304 4406 4496 4506 4540
192	11	234	24	73 136 177 198 216 218 278 418 452 578 638 1101 1161 1922 2257 2853 2864 2957 3060 3493 3496 3643 3696 3765 3799 4094 4185 4484 4615 4775 4936
194	19	82	24	141 411 468 552 903 915 957 973 1374 1507 1579 2172 2201 2213 2273 2366 2801 3353 3665 3733 3933 4197 4278 4391 4405 4502 4561 4920 4987
268	20	120	24	263 459 737 826 927 985 1102 1131 1379 1458 1627 2016 2222 2434 2552 2572 2826 3072 3446 3523 4124 4250 4371 4433 4611 4670 4680 4713 4777
291	38	121	24	507 616 663 1017 1065 1147 1171 1505 1874 2313 2616 3002 3160 3270 3454 3529 3540 3636 3657 3866 4042 4086 4129 4245 4253 4277 4495 4550 4985 4995
426	16	87	24	83 162 208 315 534 930 1003 1306 1358 1683 1867 2019 2173 2208 2458 2469 2491 2818 2868 2954 2971 3137 3365 3458 3682 4176 4569 4679 4826 4954
456	26	229	24	406 503 702 830 863 1447 2044 2056 2179 2327 2374 2468 2692 2749 3046 3135 3243 3277 3379 3450 3548 3653 3906 3993 4101 4305 4355 4511 4822
475	5	140	24	287 471 477 570 945 987 1115 1141 1231 1303 1386 1515 1558 1576 1980 2052 2410 3190 3838 3920 3976 4177 4443 4500 4524 4584 4654 4821 4978
12	12	182	24	131 430 441 464 643 835 896 1312 1482 1664 1837 2178 3261 3289 3370 3492 3543 3713 3803 4081 4230 4272 4432 4525 4643
25	40	225	24	327 858 938 983 1281 1543 1559 1894 1907 1926 2496 2579 2820 3043 3361 3553 3563 3814 3824 3865 3987 4108 4292 4499 4625 4758 4813 4979
36	21	71	24	115 484 642 782 1106 1121 1727 1803 2115 2228 2255 2750 3125 3377 3396 3453 3460 3586 3730 3749 3819 3945 3999 4241 4509 4536 4862
74	9	151	24	22 89 745 796 1128 1204 1304 1467 1735 1787 1943 1951 2270 2301 2821 2883 2995 3070 3219 3362 3751 3787 3876 3918 4132 4169 4170 4736 4928
108	15	186	24	528 1111 1246 1355 1584 1590 1761 1816 2112 2165 2198 2650 2711 2811 2860 3007 3073 3679 3978 3997 4105 4209 4551 4659 4750 4892
123	29	179	24	166 199 270 337 450 509 591 722 770 808 894 1007 1064 1364 1528 2013 2397 2418 2433 2526 2829 3112 3126 3146 3845 4243 4294 4417 4858 4946
166	39	242	24	78 310 922 1086 1660 2121 2243 2841 2881 2933 2990 3081 3193 3207 3344 3532 3591 3595 3791 3859 3861 4034 4228 4348 4403 4497 4761 4837 4955 4970
239	36	132	24	143 623 715 749 788 969 1019 1155 1197 1233 1333 2125 2197 2612 2983 3391 3522 3667 3846 3934 4054 4167 4631 4749 4848 4853 4962
301	13	129	24	18 26 292 408 410 502 939 1459 1554 1742 1794 1801 1856 2202 2249 2318 2360 2798 2969 3466 4161 4211 4579 4642 4648 4653 4712 4860 4998
306	10	167	24	224 341 542 627 1044 1054 1286 1604 1639 1686 2085 2139 2663 2688 2775 3239 3307 3326 3473 3520 3693 3727 3783 4226 4319 4410 4485 4507
309	28	194	24	554 736 838 910 942 1105 1472 1628 1738 1853 1928 1931 2245 2348 2523 2703 2795 3037 3333 3531 3533 3656 3680 3820 4025 4469 4634 4839 4915
362	6	125	24	114 195 222 956 1192 1370 1617 1851 2091 2113 2192 2483 2486 2569 2792 2827 2896 3149 3156 3741 3833 4041 4153 4302 4386 4795 4820 4883 4933
489	31	134	24	117 226 357 386 593 730 752 921 931 977 1055 1146 1657 1715 1883 2048 2117 2426 3150 3472 3732 3752 4135 4198 4289 4338 4845 4931
13	18	61	24	124 317 351 432 732 1356 1390 1809 1873 2001 2042 2430 2432 2596 2816 3063 3250 3252 3257 3514 3568 3645 3965 4039 4309 4589 4891
232	25	84	24	21 52 498 577 750 1032 1099 1357 1518 1663 1942 1970 2308 2335 2343 2784 2936 3659 3936
294	24	121	26	24 44 83 196 238 298 330 459 676 877 1033 1295 2324 2467 2541 2615 2669 2874 2931 2972 2976 3028 3059 3120 3356 3523 3542 4481
302	17	238	24	111 214 257 264 375 628 1129 1215 1538 1602 1977 2461 2591 2652 2788 2793 2916 3033
363	33	89	26	53 641 765 1163 1225 1395 1920 1951 1981 2000 2672 2683 2815 3001 3435 3485 3571 3668 3756 4177 4248 4380 4385 4443 4451 4509 4671 4942 4968
366	14	143	26	230 493 703 1155 1587 1734 1781 1849 1870 2150 2379 2578 2792 2839 2876 3453 3488 3560 3922 4187 4252 4513 4601 4677 4700 4803 4894 4910
496	37	189	26	45 55 561 604 1171 1303 1589 1761 1779 1923 2110 2134 2492 2703 2728 2945 2977 3309 3926 4018 4096 4299 4343 4440 4751 4816
59	30	15	26	130 245 321 487 582 840 950 1103 1447 1607 1672 1930 2725 2752 2782 3020 3050 3111 3151 3280 3646 4157 4176 4201 4268 4279 4668 4813 4944
113	27	5	26	184 540 548 563 847 966 971 1253 1436 1598 1862 2013 2904 3007 3076 3099 3418 3534 3944 3974 4138 4173 4205 4211 4242 4419 4755 4887 5000
135	2	114	26	170 243 244 422 460 713 764 885 1038 1242 1288 1921 2167 2215 2418 2790 3243 3491 3900 4076 4089 4164 4221 4699 4764 4880
162	3	152	26	32 316 455 850 946 958 1312 1433 1465 1475 1646 1670 1757 1864 1985 2154 2575 2701 2764 2860 2866 2927 2949 3116 3770 3774 4316 4617 4632
222	22	139	26	27 240 258 385 426 474 716 749 843 926 1172 2142 2326 2354 2399 2449 2858 2901 3026 3119 3198 3475 3710 4351 4547 4603 4675 4794
274	8	91	26	64 257 416 557 659 922 1348 1504 1578 1817 1970 2258 2695 2935 3443 3558 3590 4160 4215 4232 4563 4820 4877 4970
308	4	34	26	254 547 1060 1117 1222 1392 1435 1706 2247 2338 2359 2415 2488 2944 2996 3089 3324 3332 3414 3549 3573 3636 3911 4247 4582 4599 4635 4798 4920
47	24	189	28	419 932 1247 1449 1714 1764 2193 2223 2324 2356 2803 2891 2954 3013 3069 3134 3282 3370 3630 3823 3847 3876 4110 4137 4298 4715 4849 4989
312	32	221	26	496 1058 1235 1376 1397 1509 1657 1749 1760 1772 2194 2605 2757 3016 3066 3470 3516 3568 3848 3875 4047 4250 4311 4334 4391 4448 4800 4950
320	7	19	26	204 235 266 1050 1336 1476 1548 1618 1633 1822 1884 2007 2187 2205 2501 2512 2514 2724 2850 2943 3170 3323 3759 4246 4490 4636 4682 4957
402	23	146	26	103 125 200 226 332 387 445 630 727 1022 1148 1230 1410 1580 1635 1924 2298 2551 3025 3088 3208 3221 3252 4006 4027 4194 4314 4612
148	35	43	26	228 592 754 1046 1219 1285 1484 1543 1561 1600 1636 1946 1980 2218 2330 2396 2892 2946 2997 3468 3504 3718 3722 4767 4770 4964
396	1	36	26	115 301 428 868 899 1105 1300 1877 1987 3223 3235 3372 3446 3509 3539 3638 3789 3980 4132 4168 4233 4689 4819 4841 4989
173	34	175	26	75 112 167 209 463 490 515 609 1220 1532 1754 1813 2087 2240 2528 2534 2879 2880 2952 3049 3063 3105 3398 3535 3775 4588
265	11	187	26	40 86 153 212 394 536 1037 1949 2090 2129 2159 2520 2958 3220 3306 3328 3792 3800 3977 4188 4416 4532 4776 4906
21	19	232	26	25 151 259 374 866 1304 1570 1658 2216 2562 2661 2932 3183 3244 3499 3519 3561 3830 4104 4118 4270 4303 4420
