Course	Room	Teacher	Time	Students
255	9	203	2	210 236 295 304 639 672 805 855 914 1061 1082 1151 1329 1633 1754 1961 1972 1980 2017 2304 2345 2386 2590 2594 2619 2689 2813 2830 2935 3026 3125 3149 3152 3235 3368 3393 3628 3717 3778 3847 3903 4027 4222 4260 4395 4485 4907
323	30	122	2	29 36 146 288 301 454 472 496 517 525 532 1058 1126 1377 1430 1565 1764 1885 1992 2013 2076 2144 2218 2274 2297 2784 2795 2819 2850 3104 3217 3374 3446 3595 3699 3810 4115 4135 4205 4282 4518 4556 4585 4587 4606 4753 4885 4975
363	28	76	2	242 247 323 484 526 541 551 570 713 762 839 1046 1065 1247 1298 1465 1527 1531 1566 1732 1735 2051 2092 2319 2378 2437 2518 2633 2653 2736 2901 2910 3083 3284 3341 3360 3537 3732 3756 3951 4049 4435 4491 4656 4664 4763 4840 4953
294	34	119	2	70 108 185 257 375 376 440 500 593 688 782 815 869 904 921 1032 1114 1161 1179 1241 1580 1883 2090 2141 2216 2217 2724 2812 2949 2970 3037 3325 3348 3426 3438 3532 3577 3771 4051 4165 4181 4272 4323 4426 4475 4744 4756 4786 4871
39	24	78	2	88 116 256 468 486 578 714 854 1234 1292 1369 1437 1589 1624 1663 1795 2143 2169 2208 2273 2284 2374 2463 2603 2694 2735 2778 2968 3024 3079 3101 3164 3181 3192 3329 3371 3621 3733 3786 3958 4134 4241 4505 4595 4648 4666 4987
193	22	127	2	57 112 282 429 433 463 625 722 728 759 951 1067 1103 1150 1314 1349 1368 1503 1654 1681 1782 1787 2227 2381 2494 2509 2599 2659 2714 2789 2904 2926 3025 3044 3068 3153 3193 3421 3468 3499 4071 4298 4448 4489 4623 4680 4767 4855 4939
333	27	150	2	234 394 505 589 608 735 842 865 903 944 1056 1455 1603 1794 2011 2388 2539 2554 2601 2605 2616 2709 2825 3078 3112 3315 3316 3428 3471 3527 3615 3659 3840 3852 3987 4154 4211 4399 4527 4528 4532 4790 4889 4927 4968
480	37	67	2	62 250 321 418 481 677 844 948 974 1101 1278 1286 1386 1572 1610 1615 1639 1714 1838 1991 2072 2300 2473 2582 2587 2613 2651 2756 2799 2862 3032 3226 3376 3412 3427 3541 3569 3600 3670 4170 4207 4316 4482
435	21	141	2	94 125 187 261 265 276 491 607 734 924 964 1212 1230 1313 1333 1494 1499 1616 1802 1839 1895 2023 2025 2259 2332 2427 2607 2801 2896 2972 3040 3107 3115 3137 3160 3188 3200 3249 3454 3585 3594 4610 4887 4932
473	6	116	2	221 381 400 548 624 634 666 698 969 1145 1166 1175 1593 2002 2309 2353 2429 2507 2536 2549 2649 2925 2945 3071 3099 3493 3578 3693 3784 3787 3858 4033 4121 4231 4240 4319 4584 4745 4792 4796 4824 4961
54	36	52	2	64 95 106 122 620 682 697 897 1118 1184 1252 1280 1582 1966 1993 2079 2181 2189 2238 2373 2403 2415 2692 2943 2979 3011 3016 3105 3460 3474 3496 3582 3604 3856 3917 3957 4220 4335 4355 4597 4701 4951 4970
131	4	209	2	17 127 199 202 331 852 858 881 1035 1055 1461 1631 1744 1766 2295 2397 2438 2690 2907 2971 2975 3197 3257 3557 3675 3737 3892 3936 4090 4122 4157 4162 4297 4327 4342 4346 4543 4583 4659 4731 4738 4739 4989
331	3	125	2	31 37 258 393 507 546 603 995 1025 1063 1144 1547 1553 1674 1755 1770 1786 1849 2173 2224 2250 2254 2294 2455 2563 2676 2688 3085 3276 3490 3574 3619 3626 3656 3739 3745 3760 3818 4194 4229 4535 4562 4655 4685 4918 4923
79	35	80	2	41 129 194 260 315 369 443 474 542 627 768 828 938 1156 1274 1336 1340 1546 1676 1929 2007 2106 2627 2634 2707 3053 3162 3327 3700 3762 3992 4199 4314 4322 4546 4598 4706 4724 4751 4836 4845 4908 4944
88	11	166	2	87 128 188 410 595 695 732 856 1018 1139 1268 1271 1276 1365 1548 1632 1652 1680 1791 1990 2102 2164 2282 2769 2887 3038 3176 3208 3352 3442 3492 3531 3535 3712 3749 3772 3908 3942 4016 4354 4386 4766 4784 4980
124	32	202	2	153 198 227 307 419 527 596 630 876 879 1535 1648 1841 1853 1943 1981 2036 2188 2255 2256 2404 2421 2510 2645 2687 2861 2879 2938 2982 3282 3904 3961 4204 4295 4515 4807 4842 4947 4977
125	25	68	2	157 201 328 374 401 531 724 813 961 1066 1091 1284 1300 1380 1669 1859 1862 2049 2220 2328 2359 2389 2468 2483 2502 2519 2541 2581 2614 2674 2721 2917 3086 3131 3688 3813 3923 3947 3962 3993 4012 4573 4851
127	8	189	2	167 178 211 423 428 817 846 936 1127 1348 1351 1378 1505 1667 1899 1969 1996 2151 2286 2289 2591 2833 2857 2895 3034 3050 3191 3676 3709 3809 3819 3980 4002 4089 4238 4326 4390 4398 4405 4503 4627 4675 4906
191	23	242	2	296 344 479 516 685 797 917 922 933 940 1013 1038 1060 1106 1185 1317 1337 1407 1570 1604 1613 2061 2562 2686 2790 2946 2957 2989 3117 3485 3570 4041 4077 4234 4345 4349 4432 4494 4875 4876 5000
203	29	83	2	53 93 180 181 329 519 584 720 738 1202 1341 1401 1458 1574 1635 1901 1926 2175 2178 2478 2559 2640 2894 2961 3045 3179 3203 3234 3258 3260 3273 3397 3839 3919 3950 4008 4036 4203 4278 4387 4525 4570 4616 4620 4679
207	15	186	2	72 89 214 273 347 437 558 598 706 823 1019 1076 1112 1132 1210 1343 1478 1551 1702 1725 1827 1976 2037 2283 2349 2532 2903 2915 2954 3090 3154 3222 3321 3550 3684 3963 4102 4185 4357 4747 4787 4924
247	16	213	2	26 230 263 318 487 857 942 950 1003 1115 1457 1520 1619 1813 2000 2067 2341 2409 2526 2550 2564 2593 2624 2655 2804 2856 3174 3221 3278 3457 3481 3662 3703 3909 3986 4084 4158 4183 4578 4652 4890
288	7	24	2	136 515 581 943 1129 1346 1590 1618 1747 1778 1793 1817 2133 2154 2182 2464 2588 2710 2969 2999 3051 3259 3294 3313 3452 3553 3564 3667 3683 3685 3886 3943 4068 4104 4110 4171 4180 4376 4586 4771 4811 4915
380	18	128	2	264 319 435 700 705 729 1047 1227 1235 1394 1396 1446 1657 1670 1745 1861 1866 1954 1978 2001 2119 2129 2423 2480 2577 2602 2632 2753 2800 2820 3003 3416 3821 3862 3891 4174 4236 4371 4396 4544 4564 4774 4846 4872 4963
396	40	100	2	2 6 27 205 229 262 284 415 485 693 772 777 829 901 932 1074 1168 1295 1302 1358 1488 1765 1946 2028 2038 2280 2425 2439 2484 2571 2823 2831 2873 2956 3094 3344 3346 3463 3596 3694 3715 3800 4150 4184 4356 4461
455	19	139	2	300 378 388 663 837 890 1037 1347 1350 1388 1469 1471 1528 1636 1818 1893 2093 2124 2177 2352 2521 2566 2589 2644 2685 2719 2869 2905 3206 3382 3523 3579 3865 3871 3948 4072 4086 4105 4262 4330 4367 4416 4443 4445 4577 4812 4837 4883
11	9	141	4	52 136 211 253 724 843 913 1108 1129 1343 1385 1672 1727 1747 1806 1993 2167 2637 2848 2932 2933 3001 3161 3187 3243 3302 3329 3375 3617 3721 3760 3791 3824 3951 4230 4424 4519 4594 4624 4785 4848
95	26	56	2	38 182 312 372 421 427 668 770 1259 1304 1330 1412 1759 1897 2096 2246 2285 2574 2667 2725 2758 2781 2835 3232 3288 3365 3387 3458 3519 3725 3956 4013 4047 4233 4622 4732 4795 4797 4916 4959
106	13	226	2	114 142 326 949 1093 1158 1181 1315 1393 1523 1649 1699 1772 1874 1967 2034 2101 2118 2176 2245 2383 2469 2663 2741 2990 3012 3049 3080 3410 3590 3724 3777 3792 3829 4067 4168 4239 4344 4348 4417 4628 4674 4736 4800 4823 4896 4919
202	39	63	2	52 79 289 379 614 743 751 1017 1039 1222 1267 1467 1673 1760 1857 1985 2157 2214 2219 2369 2489 2600 2641 2715 2734 3039 3062 3209 3227 3253 3389 3528 3643 3764 3965 4343 4364 4421 4559 4621 4689 4692 4791 4978
299	2	2	2	131 314 602 785 867 887 1073 1195 1338 1345 1493 1516 1625 1822 1919 2200 2252 2331 2668 2867 3054 3180 3236 3295 3406 3418 3439 3681 4001 4078 4100 4202 4248 4288 4334 4430 4472 4519 4630 4651 4691
349	12	17	2	28 137 340 365 370 640 753 845 1002 1384 1473 1994 2125 2134 2152 2211 2229 2354 2436 2514 2672 2783 2809 2814 2933 3010 3123 3230 3429 3486 3927 4009 4020 4055 4066 4146 4159 4274 4280 4294 4328 4415 4437 4830 4929
408	10	1	2	103 163 380 502 545 586 730 834 1530 1645 1737 1871 1932 2110 2165 2168 2185 2270 2626 3063 3132 3158 3262 3581 3602 3738 3742 3768 4029 4034 4093 4392 4451 4455 4611 4612 4673 4714 4718 4740 4852 4930
414	20	248	2	134 298 384 465 645 970 986 1034 1109 1130 1270 1409 1712 1761 1763 1808 2365 2535 2865 2877 2951 3047 3133 3177 3252 3330 3719 4111 4206 4209 4468 4486 4793 4809 4848 4935 4992 4993
423	33	126	2	82 145 280 305 452 539 963 1238 1322 1324 1360 1538 1622 1642 2187 2235 2706 2712 2732 2794 2976 2995 3027 3211 3317 3448 3472 3554 3940 4265 4385 4470 4507 4575 4604 4643 4654 4665 4687 4856 4985
431	38	234	2	42 76 115 255 549 562 973 1123 1141 1282 1381 1481 1733 1752 1892 1995 2112 2163 2247 2639 2646 2747 2828 2923 2983 3009 3370 3544 3592 3646 3663 3669 3710 3723 3991 4124 4268 4561 4590 4702 4829
91	17	14	2	81 233 348 368 417 592 633 651 796 1026 1148 1163 1423 1447 1628 1662 1723 1815 1930 2375 2379 2842 2866 2980 2988 3241 3247 3405 3435 3483 3827 3912 4079 4161 4182 4250 4307 4413 4533 4723
97	30	213	4	34 78 184 472 649 663 679 723 895 1172 1330 1365 1425 1528 1881 1900 1906 2131 2147 2155 2156 2382 2427 2443 2520 2618 3067 3148 3241 3263 3272 3298 3596 3637 3746 3761 3817 3931 4427 4461 4488 4613 4685 4869
136	14	170	2	44 84 109 159 399 434 439 585 610 1244 1342 1587 1591 1640 1728 1924 1962 1977 2022 2056 2149 2262 2376 2476 2572 2695 2885 2920 2987 3075 3144 3879 3946 4018 4155 4187 4338 4506 4529 4551 4605 4874
143	31	157	2	222 226 269 350 377 386 514 561 575 646 658 804 926 1007 1098 1309 1321 1357 1506 1606 1873 2108 2292 2338 2355 2537 2997 3380 3520 3835 4039 4283 4440 4513 4579 4729 4735 4821 4941 4958
153	5	221	2	564 860 877 1016 1094 1120 1191 1223 1264 1542 1561 1600 1637 1718 1756 1775 2162 2267 2278 2575 2680 2700 2811 3066
267	1	10	2	46 86 121 402 467 723 795 802 816 849 1090 1261 1269 1452 1489 1500 1562 1661 1799 1997 2054 2322 2333
436	28	187	4	123 133 339 498 636 758 858 868 898 916 1126 1178 1310 1479 1549 1692 1810 1840 1945 2053 2148 2249 2291 2335 2497 2508 2787 2840 2878 2891 3127 3279 3370 3644 3736 4164 4337 4383 4416 4521 4756 4763 4784 4820 4829 4993
465	34	241	4	300 382 542 580 621 668 998 1105 1157 1249 1349 1418 1421 1513 1538 1677 1741 1951 1989 2246 2358 2419 2440 2575 2623 2950 3284 3314 3540 3701 3730 3758 3873 3883 4086 4090 4113 4196 4341 4406 4507 4762 4883
476	24	4	4	3 544 553 747 821 1073 1136 1261 1476 1627 1721 1726 1805 2027 2173 2178 2209 2526 2856 2859 2919 3043 3188 3282 3307 3388 3462 3606 3814 3830 3906 3929 4056 4065 4130 4166 4317 4441 4526 4583 4616 4750
493	22	188	4	44 404 717 756 987 1116 1121 1182 1247 1303 1487 1515 1564 1763 1978 2011 2015 2018 2021 2046 2057 2241 2539 2563 2834 3023 3027 3138 3169 3183 3253 3265 3294 3403 3686 3802 4269 4428 4545 4622 4670 4936 4983
2	27	181	4	6 181 266 362 413 483 571 643 856 958 1029 1469 1491 1558 1724 1766 2082 2122 2140 2405 2513 2725 2798 3015 3051 3226 3296 3323 3472 3560 3607 3608 3956 3981 4009 4244 4436 4696 4769 4853 4897
24	37	8	4	81 294 298 366 523 674 696 904 934 1110 1292 1331 1355 1630 1668 1669 1779 1979 2075 2107 2135 2267 2274 2516 2551 2562 2641 2777 2823 3017 3041 3055 3118 3384 3666 3867 4266 4296 4353 4358 4602 4834 4939
43	21	153	4	359 394 489 841 864 992 1019 1031 1318 1320 1635 1641 1831 2036 2085 2320 2514 2645 2661 2778 2882 2966 2976 3034 3124 3502 3605 3625 3655 4019 4067 4179 4190 4201 4216 4539 4579 4646 4694 4700 4727 4764 4799 4892
51	9	4	6	14 126 194 225 336 555 630 699 888 937 1066 1123 1137 1194 1290 1378 1398 1507 1729 1831 2244 2331 2451 2681 2759 2841 2927 2992 3131 3178 3399 3441 3707 3892 3966 3979 3991 4054 4081 4166 4167 4293 4743 4746 4776 4871
52	6	230	4	20 90 142 148 354 497 774 785 871 884 886 945 1008 1051 1056 1207 1248 1862 1998 2077 2117 2385 2458 2633 2736 2855 2991 3007 3276 3571 3659 3729 3974 4010 4021 4068 4141 4254 4462 4471 4517 4625 4964
96	36	199	4	109 259 263 365 448 467 515 655 693 1140 1431 1532 1649 1667 1788 1954 1955 2022 2052 2092 2111 2129 2191 2428 2444 2532 2558 2583 2875 2893 2928 3210 3220 3453 3473 3734 3759 3793 3928 4017 4440 4847 4946
105	4	172	4	275 279 496 731 966 996 1062 1134 1206 1234 1341 1344 1545 1658 1663 1765 1781 2034 2068 2204 2380 2452 2611 2650 2780 2904 3042 3159 3434 3523 3737 4058 4150 4191 4290 4329 4351 4565 4641 4716 4739 4765 4927
109	3	92	4	260 285 334 420 460 479 675 746 1067 1294 1357 1410 1689 1716 1941 2010 2094 2243 2299 2352 2422 2783 2965 3029 3049 3262 3433 3493 3727 3851 4286 4347 4431 4473 4527 4677 4704 4787 4842 4898 4900
114	35	240	4	22 25 525 612 687 957 988 1112 1337 1468 1570 1666 1695 2118 2303 2313 2459 2561 2764 2794 2853 2986 3019 3063 3337 3446 3459 3536 3578 3601 3933 3965 3982 4050 4241 4270 4438 4582 4908 4986
240	11	249	4	24 36 356 414 440 637 828 865 867 1236 1454 1458 1772 1869 1971 2253 2477 2660 2746 2881 2895 2911 3389 3509 3542 3597 3741 3821 3853 3912 4015 4199 4403 4634 4692 4721
312	32	115	4	17 55 57 73 161 433 516 673 726 793 863 1133 1155 1426 1876 2089 2123 2203 2228 2244 2337 2438 2479 2589 2682 2719 2784 2959 2989 3104 3109 3227 3391 3404 3683 3772 4204 4350 4550 4580 4819 4975
325	25	129	4	140 192 308 392 878 955 975 1185 1451 1555 1715 2059 2170 2245 2271 2363 2527 2528 2648 2796 2816 2843 2892 2998 3074 3147 3250 3254 3266 3304 3363 3448 3565 3580 3619 3765 4200 4217 4400 4483 4511 4593 4608 4796
346	8	196	4	171 398 429 443 567 572 586 623 641 651 678 707 954 1163 1305 1462 1737 1899 2210 2247 2256 2266 2496 2517 2663 2721 2832 2943 3115 3167 3437 3449 4038 4105 4248 4257 4597 4661 4693 4899
395	23	61	4	16 35 243 848 1102 1521 1725 1859 1895 1959 2003 2050 2076 2199 2341 2391 2445 2449 2576 2643 2750 2899 3143 3211 3255 3295 3567 3589 3658 4030 4085 4143 4232 4570 4573 4757 4770 4930
420	29	98	4	108 194 220 249 310 520 568 606 632 688 757 802 926 1017 1101 1132 1169 1281 1301 1338 1409 1646 1713 1882 1893 2242 2413 2465 2538 2934 3136 3175 3180 3240 3353 3355 3420 3421 3667 3848 3898 4003 4040 4288 4310 4312
462	15	243	4	164 195 299 405 421 527 591 620 754 755 1076 1240 1399 1552 1579 1838 1911 1983 2677 2683 2918 3077 3097 3141 3163 3179 3248 3398 3500 3504 3616 3641 3681 3720 3797 3831 4101 4214 4374 4437 4569 4690 4810 4951
479	16	79	4	245 281 739 824 851 1004 1360 1504 1510 1601 1811 1916 2357 2371 2486 2706 3090 3093 3130 3134 3214 3246 3327 3406 3698 3870 4108 4225 4284 4324 4357 4375 4392 4419 4444 4520 4537 4554 4788 4802 5000
31	7	178	4	197 511 719 798 891 960 1005 1252 1591 1686 1832 1856 1908 2397 2656 2687 2731 2775 2814 2871 3035 3094 3215 3336 3490 3735 3861 3913 4095 4226 4348 4379 4463 4659 4749 4932 4949 4953
48	18	57	4	251 272 503 613 667 825 956 1130 1380 1429 1541 1622 2124 2150 2264 2289 2478 2879 2885 2980 3010 3347 3547 3549 3919 3938 3979 4110 4168 4297 4393 4504 4575 4718 4801 4839 4884 4909 4957
102	40	106	4	45 67 491 615 652 695 837 1113 1384 1644 1690 1797 1819 2001 2020 2096 2105 2276 2506 2509 2580 2609 2802 3084 3132 3198 3216 3642 3706 3850 4060 4154 4249 4668 4779 4831 4836
194	19	50	4	50 75 231 242 288 547 660 670 779 810 911 921 982 1153 1358 1449 1910 2230 2398 2565 2568 2614 2626 2866 2923 3086 3207 3239 3358 3510 3661 4131 4145 4205 4423 4475 4662 4686 4698 4766 4798 4830
196	26	73	4	7 85 124 162 244 672 718 749 977 1041 1124 1141 1158 1225 1273 1539 1645 1683 1729 1915 2063 2322 2577 2664 2929 2979 3061 3144 3268 3289 3311 3405 3507 3531 3651 3899 3905 3952 4294 4920 4962
208	13	146	4	18 63 147 302 315 465 842 927 964 1145 1736 1750 1817 1824 1852 1920 1965 2056 2498 2606 2729 2826 2837 3191 3203 3247 3638 3692 3710 3722 3946 4063 4188 4445 4708 4734 4782 4803 4845 4905
228	39	17	4	172 209 256 303 417 488 725 1027 1070 1087 1203 1224 1251 1253 1420 1684 1818 1925 2055 2279 2348 2594 2744 3028 3116 3204 3345 3362 3440 3445 3454 3505 3524 3555 3881 4057 4089 4092 4106 4395 4530 4568 4754 4943 4952
258	2	18	4	250 400 455 470 648 791 947 1383 1390 1827 1921 2080 2159 2240 2408 2502 2556 2727 2769 3110 3352 3576 3695 3708 3945 4087 4098 4156 4251 4321 4354 4459 4460 4512 4523 4612 4683 4741 4806 4886
271	12	143	4	1 37 370 438 466 506 550 640 704 738 766 803 808 852 1024 1180 1437 1470 1752 2071 2176 2304 2342 2388 2393 2399 2471 2913 3349 3494 3558 3636 3812 3997 4128 4277 4556 4760 4768 4776 4858
327	10	27	4	71 94 169 225 246 304 306 387 540 622 1022 1058 1279 1366 1460 1612 1638 1653 1740 1875 2014 2137 2311 2467 2673 2851 2931 2945 3106 3328 3451 3665 3800 3984 3988 4319 4362 4510 4522 4695 4817 4838
341	20	94	4	126 230 235 254 297 343 348 451 487 740 971 1085 1220 1280 1402 1756 1858 1934 1947 2187 2345 2505 2542 2579 2659 3004 3122 3482 3557 3599 3750 3936 4005 4169 4333 4533 4558 4917
457	33	192	4	120 282 295 478 582 609 616 744 760 790 792 869 935 1009 1057 1277 1499 1501 1619 1628 1935 2169 2310 2411 2874 2962 3156 3182 3271 3377 3422 3963 4046 4123 4218 4605 4889 4996
14	38	247	4	196 213 301 322 501 537 712 822 1117 1118 1119 1177 1179 1328 1374 1413 1441 1903 2127 2332 2500 2592 2667 2676 2681 2690 2700 2722 2728 2978 3477 3534 3650 3690 4043 4687 4861 4911 4980
32	17	42	4	9 13 40 143 453 659 789 805 1211 1297 1379 1928 2006 2144 2151 2356 2515 2917 2956 3228 3417 3447 3475 3766 3799 3836 3897 3922 4222 4227 4273 4292 4376 4702 4832 4852 4870 4904 4937
37	14	160	4	51 99 102 156 379 476 752 1021 1040 1148 1200 1473 1498 1544 1651 1652 1837 1901 1975 2165 2403 2518 2593 2613 2684 2807 2841 3057 3078 3364 3545 3833 4001 4259 4381 4458 4561 4589 4591 4657 4679 4781 4906
46	31	206	4	28 118 141 252 534 787 1127 1183 1257 1459 1575 1648 1664 1767 1981 2070 2174 2257 2294 2327 2336 2418 2481 2610 2654 2686 2761 2996 3444 3561 3723 3808 3954 4004 4039 4109 4159 4237 4502 4724
65	5	7	4	21 174 179 255 391 457 539 585 595 775 1088 1239 1411 1694 1723 2000 2031 2225 2236 2361 2598 2730 2817 2839
80	1	70	4	10 12 89 160 494 666 680 875 970 1120 1465 1629 1746 1790 2044 2263 2343 2697 2718 2804 2876 3072 3153
113	30	156	6	214 348 365 698 934 1389 1468 1509 1517 1590 1880 1957 2030 2087 2264 2344 2371 2503 2514 2525 2738 2996 3084 3411 3878 3971 4139 4184 4238 4247 4255 4337 4387 4416 4548 4615 4793 4813 4902
168	28	204	6	136 219 340 711 969 1149 1175 1255 1550 1704 2071 2095 2163 2180 2290 2351 2399 2493 2609 2637 2703 2810 2882 3064 3102 3156 3237 3526 3717 3740 3868 3887 4023 4185 4385 4406 4713 4815
239	34	37	6	56 353 391 489 557 662 818 1030 1088 1184 1319 1425 1459 1650 1777 1802 1855 1925 1934 2029 2035 2193 2220 2349 2432 2530 2822 3292 3356 3402 3423 3431 3501 3568 3883 3985 4114 4175 4181 4196 4484
243	24	200	6	100 112 206 242 252 490 646 900 942 1010 1602 1695 1813 1931 2105 2140 2227 2511 2812 2835 2964 2999 3014 3022 3029 3071 3270 3353 3421 3588 3761 3782 3783 3907 4044 4101 4320 4488 4586 4827 4935
249	22	101	6	156 267 455 548 603 696 757 1080 1152 1219 1330 1375 1493 1963 1997 2006 2096 2143 2305 2392 2546 2615 2622 2623 2635 2773 2946 2975 3001 3066 3197 3332 3463 3480 3497 3590 3697 3709 3916 3962 4291
348	27	235	6	146 166 309 325 337 344 371 414 586 783 1041 1053 1190 1196 1284 1877 1918 1982 2091 2117 2150 2210 2238 2278 2328 2889 3060 3201 3230 3261 3456 3657 3785 3825 3843 3857 4785
397	37	114	6	128 223 351 499 526 664 801 816 853 860 884 928 1198 1208 1403 1511 1524 1526 1847 2397 2439 2513 2648 2666 2678 2782 2839 3344 3802 3851 3922 3977 4096 4153 4218 4305 4673 4777 4824 4887 4978
398	21	98	6	33 105 173 265 341 605 641 682 917 920 988 994 1162 1205 1217 1413 1529 1589 1708 1759 1851 2562 2691 3002 3190 3248 3269 3303 3338 3345 3487 3551 3711 3756 3778 3787 3905 4020 4050 4145 4172 4600 4728
411	6	79	6	80 207 399 417 930 947 1475 1621 1770 1915 2212 2304 2363 2602 2730 3128 3408 3418 3596 3606 3673 3726 3741 3779 3798 3800 3842 3941 3987 4111 4186 4395 4522 4678 4999
416	36	217	6	66 78 176 269 583 677 732 1068 1099 1105 1108 1174 2000 2050 2129 2167 2175 2217 2434 2519 2727 2747 3059 3266 3322 3396 3416 3468 3563 3591 4093 4095 4245 4396 4418 4491 4656 4761 4875 4943 4949
430	4	54	6	17 99 552 612 1469 1504 1520 1671 1718 2010 2040 2078 2098 2184 2273 2459 2461 2529 2580 2694 2808 2860 2865 3075 3094 3095 3111 3135 3220 3278 3387 3435 3443 3605 3926 4121 4594 4725 4877 4893 4933
454	3	59	6	58 177 283 326 423 479 781 843 1028 1090 1191 1195 1374 1534 1716 1783 1824 1959 2092 2299 2325 2716 2816 2875 3202 3301 3362 4077 4125 4341 4366 4412 4801 4897 4898 4984
8	35	240	6	91 333 563 854 889 951 978 1023 1299 1417 1614 1619 1655 1762 1999 2034 2189 2258 2538 2552 2663 2699 2762 3077 3218 3539 3566 3710 3834 3846 3949 4327 4417 4504 4579 4670 4752 4804 4818
29	11	7	6	11 36 363 381 527 656 761 902 1022 1530 1555 1573 2054 2066 2223 2287 2311 2481 2492 2630 2720 3211 3231 3267 3371 3546 3809 4000 4010 4204 4251 4266 4302 4433 4469 4635 4753 4831 4977
55	32	228	6	64 104 507 591 684 765 931 1011 1070 1154 1275 1286 1466 1732 1804 1950 1953 2112 2356 2475 2508 2887 3328 3330 3366 3367 3572 3773 3970 4098 4223 4314 4368 4477 4512 4537 4843 4926 4945 4961
56	25	26	6	101 268 323 456 457 492 599 604 626 667 788 1026 1239 1554 1580 1940 2020 2022 2259 2263 2350 2384 2825 3041 3177 3184 3206 3209 3277 3461 3845 4225 4300 4492 4683 4685 4710 4803 4970
73	8	125	6	158 236 246 342 463 553 608 683 750 962 1052 1055 1122 1155 1188 1332 1432 1549 1666 1832 1856 1939 1988 2061 2221 2222 2518 2528 2805 2886 2924 3187 3222 3407 3556 3723 4128 4191 4420 4534 4576 4757 4971
78	23	123	6	132 328 372 379 397 459 559 650 883 945 1033 1172 1209 1213 1552 1576 1663 1688 1825 1890 1909 2069 2099 2218 2282 2797 3297 3494 3513 3593 3659 3771 3854 3965 4160 4262 4275 4497 4607
140	29	179	6	27 61 272 446 533 535 572 614 882 1115 1135 1206 1434 1445 1470 1478 1556 1583 1799 1821 1889 1944 1985 2135 2524 2589 2612 2629 3091 3217 3284 3623 3649 3837 3957 4141 4355 4654 4745 4807 4820
156	9	235	8	13 103 121 530 616 925 1221 1242 1502 1962 2091 2137 2155 2195 2349 2499 2578 2758 2829 2936 2973 3070 3093 3235 3427 3452 3704 3847 4079 4109 4214 4289 4337 4366 4369 4444 4520 4526 4535 4748 4770 4783 4833 4864
161	15	111	6	83 153 167 611 670 769 836 1182 1305 1574 1647 1720 1935 2023 2031 2339 2357 2400 2466 2501 2686 2741 2847 3320 3489 3576 3627 3687 3811 4075 4449 4539 4563 4659 4704 4780
181	16	195	6	349 504 512 644 772 833 1098 1144 1265 1404 1480 1505 1578 1691 1792 1900 2033 2043 2372 2482 2495 2553 2671 2806 2814 2958 3025 3349 3474 3635 3769 3770 3799 4017 4024 4097 4193 4456 4712
185	7	75	6	200 224 514 729 859 905 918 993 1347 1363 1379 1487 1519 2144 2178 2288 2410 2417 2448 2675 2709 2979 3302 3350 3479 3668 3686 3839 4086 4127 4188 4261 4332 4344 4414 4476 4543 4895 4917
186	18	236	6	287 431 451 678 744 782 800 813 899 1021 1040 1258 1318 1449 1672 2208 2211 2362 2425 2516 2527 3045 3055 3244 3256 3321 3437 3529 3550 3557 4159 4290 4570 4593 4681 4767 4773 4853
216	40	220	6	15 346 474 835 1240 1266 1483 1514 1673 1740 1743 1752 1968 2084 2126 2313 2408 2537 2607 2774 2945 2982 3247 3383 3390 3414 3637 3716 3930 3999 4158 4273 4388 4474 4598 4672 4682 4816 4990
235	19	43	6	54 138 319 345 461 625 634 690 839 1183 1214 1252 1354 1382 1476 1477 1630 1717 1753 2374 2428 2549 2668 2677 2702 2735 2949 3283 3363 3395 3491 3578 3768 3791 3992 4001 4372 4402 4795 4965
245	26	229	6	191 338 571 666 779 913 1141 1229 1288 1325 1438 1508 1730 1838 1871 1911 2041 2077 2293 2572 2586 2771 3186 3747 3760 3860 3940 4003 4022 4156 4192 4389 4426 4696 4809 4873 4982
251	13	73	6	16 35 43 178 277 390 403 487 565 636 814 967 1083 1113 1128 1226 1359 1424 1778 1894 1896 1898 1956 2205 2226 2333 2402 2587 2760 2832 3093 3409 3458 3790 3939 4069 4076 4208 4551 4844 4922 4962
261	30	75	8	100 262 407 419 426 483 847 880 1040 1267 1301 1315 1682 1714 1845 1867 1883 2010 2235 2403 2433 2527 2690 2783 3059 3179 3197 3312 3337 3341 3557 3917 4042 4083 4198 4455 4456 4697
277	39	33	6	79 162 248 332 416 421 582 756 965 1232 1357 1369 1501 1569 1594 1859 1869 1969 2082 2182 2491 2517 2534 2715 2757 2951 3223 3434 3789 3909 4033 4119 4122 4243 4264 4500 4778 4925 4988
280	2	102	6	117 789 922 929 991 1016 1082 1551 1596 1684 1728 1766 1787 1835 1863 2139 2145 2165 2433 2682 2704 2707 2781 3368 3654 3752 3871 3920 3976 4136 4148 4205 4296 4298 4377 4638 4646 4669 4781 4921
282	12	198	6	29 139 202 334 356 722 1017 1095 1097 1276 1291 1309 1320 1350 1803 2062 2512 2541 2578 2708 2821 2830 2974 3061 3173 3304 3457 3469 3580 3794 4065 4536 4829 4835 4938 4954
283	10	137	6	196 197 445 471 528 530 795 823 910 1063 1153 1159 1169 1254 1263 1396 1435 1571 1636 1972 2306 2321 2543 2544 2601 2621 2695 2754 2845 2874 2897 3098 3180 3245 3360 3983 4403 4502 4709
297	20	30	6	39 217 295 331 727 1486 1584 1613 1635 1734 1773 2136 2251 2352 2373 2406 2487 2505 2869 2920 3124 3185 3391 3567 3694 3700 3875 3935 3964 4047 4254 4380 4568 4702 4747 4822 4842 4968
365	33	47	6	395 402 449 498 602 893 943 1104 1356 1440 1607 1609 1930 1941 1975 2042 2083 2334 2445 2555 2559 2692 2829 2940 3052 3067 3280 3318 3436 3866 3969 4045 4133 4161 4210 4230 4252 4498 4647 4730
381	38	186	6	274 313 324 712 747 869 952 1185 1202 1246 1698 1816 1884 2027 2060 2166 2316 2415 2579 2626 2628 2662 2844 2871 3306 3552 3586 3670 3676 3996 4035 4170 4202 4259 4316 4326 4342
388	17	151	6	57 174 607 659 710 1215 1408 1498 1499 1640 1742 1797 1937 2215 2343 2688 2907 2984 3562 3618 3634 3651 3819 3928 3993 4227 4234 4328 4378 4394 4407 4493 4542 4577 4588 4625 4632 4651 4720 4915
444	14	20	6	171 241 293 302 306 376 496 615 850 1059 1071 1311 1326 1522 1779 1784 1844 2107 2239 2453 2465 2581 2616 2631 2746 2935 3120 3226 3313 3415 3445 3504 3538 3540 3597 3630 3897 4048 4274 4969 4979
459	31	148	6	30 840 849 1004 1034 1187 1189 1294 1474 2038 2237 2322 2354 2401 2421 2472 2490 2569 2651 2858 2880 2912 2952 3126 3139 3354 3440 3484 3714 3874 3925 4237 4674 4868 4966 4995
467	5	16	6	72 133 576 643 960 989 998 1148 1484 1735 1745 1983 2214 2231 2256 2390 2706 2785 2900 3143 3165 3325 3359 3447
495	1	183	6	107 199 388 389 438 478 766 827 873 985 1233 1467 1527 1641 1675 1768 1836 1875 1987 2005 2103 2301 2670
20	28	129	8	1 139 484 676 807 983 984 987 1250 1373 1485 1505 1665 1773 1840 2036 2119 2120 2190 2298 2355 2358 2397 2530 2588 2661 2711 2723 2725 2786 2793 3060 3325 3592 3959 4168 4264 4311 4340 4626 4687 4859 4899
49	34	120	8	71 93 272 351 462 504 1093 1132 1171 1225 1356 1790 1809 1964 1965 2101 2286 2402 2576 2624 2694 2757 2900 2951 3028 3217 3225 3249 3285 3303 3433 3461 3716 3763 3905 4092 4100 4480 4521 4610 4818
61	24	200	8	36 132 155 254 297 310 347 597 601 808 1457 1592 1705 1837 1891 1919 1993 2015 2296 2314 2474 2479 2882 2902 2994 3142 3326 3380 3408 3625 4034 4064 4066 4088 4089 4099 4213 4789 4976
68	22	42	8	213 229 358 425 495 542 604 833 1024 1053 1275 1335 1524 1643 2128 2148 2253 2335 2340 2638 2801 3013 3087 3099 3238 3242 3293 3417 3467 3622 3637 3678 3737 3787 3830 3924 4286 4380 4522 4547 4979 4991
139	27	132	8	5 273 536 548 679 691 905 1003 1031 1142 1173 1331 1506 1645 1815 2410 2490 2868 2905 3184 3362 3376 3457 3569 3714 3792 3907 4229 4308 4398 4681 4768 4782 4886 4999
148	37	222	8	267 303 428 466 722 1174 1332 1414 1570 1579 1641 1727 1842 2016 2065 2074 2112 2226 2229 2294 2300 2443 2470 2529 2586 2601 2693 2713 2937 3011 3327 3340 3351 3573 3869 4199 4233 4360 4653 4839 4882 4963
158	21	160	8	236 238 528 671 1027 1135 1147 1307 1383 1387 1398 1539 1685 1784 1977 2102 2227 2309 2341 2348 2381 2566 3000 3057 3140 3283 3441 3742 3935 3995 4032 4244 4342 4345 4397 4439 4482 4916
175	6	215	8	207 388 450 677 798 818 1342 1344 1472 1522 1534 1572 1757 2118 2232 2356 2387 2421 2467 2553 2571 2581 3002 3065 3299 3405 3518 3556 4036 4055 4082 4098 4108 4271 4936
213	36	225	8	4 497 510 524 587 669 713 829 1194 1249 1285 1336 1623 1733 1771 1785 2366 2568 2821 2856 2932 2993 2996 3030 3138 3298 3551 3604 3685 3729 3739 3779 3865 4136 4358 4384 4472 4652 4746
219	4	247	8	65 197 256 329 362 368 513 662 721 1133 1362 1401 1433 1442 1467 1542 1568 1634 1766 1813 2045 2141 2211 2270 2319 2405 2491 2717 2812 2859 3139 3270 3382 3806 3864 3904 4325 4353 4363 4391 4796 4881
227	3	64	8	183 249 271 432 632 910 961 1069 1071 1339 1354 1427 1441 1741 1747 1780 1830 1888 1902 2114 2495 2606 2647 2667 2800 3144 3185 3268 3395 3520 3674 4043 4045 4071 4146 4149 4240 4322 4531 4640 4918
246	35	180	8	83 143 258 293 522 544 737 738 855 1100 1162 1177 1258 1296 1646 1718 1897 2254 2261 2691 2720 2726 2915 2976 3001 3020 3149 3168 4004 4025 4255 4382 4396 4446 4460 4497 4546 4601 4852 4992
266	11	140	8	182 423 659 963 995 1083 1087 1124 1152 1169 1241 1361 1397 1571 1946 2167 2484 2657 2791 3256 3328 3332 3410 3411 3559 3719 3734 3852 3881 4016 4138 4172 4376 4692 4738 4805 4849 4929
296	32	243	8	31 47 151 383 445 591 592 639 744 884 908 1018 1120 1661 1701 1783 1826 2076 2380 2463 2760 2944 2948 3046 3056 3161 3484 3528 3772 3842 4001 4021 4169 4409 4582 4928
301	25	169	8	11 135 148 218 342 379 439 620 680 684 731 878 996 1245 1247 1445 1697 1728 2095 2312 2710 2761 2776 2860 2870 2871 3277 3496 3504 3620 3911 4069 4078 4085 4254 4618 4675
308	8	232	8	8 130 313 327 430 494 656 776 1107 1187 1233 1273 1483 1493 1516 1711 1933 1948 1969 1984 2072 2174 2241 2248 2308 2371 2671 2741 2779 2788 2887 3129 3267 3514 3628 3888 4154 4253 4291 4408 4602 4736
319	23	154	8	48 161 317 503 665 959 985 1015 1038 1095 1137 1380 1635 1702 1778 1810 1938 1970 2143 2540 2590 2674 2714 2749 2770 2815 2816 2985 3084 3104 3508 3586 3591 3732 3815 3826 3840 3914 4328 4613
358	29	12	8	34 45 189 316 431 545 990 994 1050 1060 1419 1723 1835 1956 2006 2315 2321 2323 2901 2926 2960 2975 3221 3263 3367 3672 3701 3811 4026 4087 4207 4411 4689 4891 4910 4950
426	15	41	8	178 268 373 424 549 885 930 1084 1186 1346 1606 1610 1613 1698 2042 2122 2256 2377 2511 2515 2768 2884 2911 2918 3154 3193 3254 3419 3634 3750 3843 3896 4000 4268 4464 4850 4894 4942 4982
449	16	45	8	42 394 580 581 812 918 1229 1235 1308 1316 1394 1431 1456 1626 1820 1849 2011 2041 2088 2276 2687 2762 2867 3231 3287 3415 3443 3451 3594 3697 3748 4300 4424 4433 4436 4569 4716 4812
460	7	219	8	89 116 253 835 913 1079 1086 1122 1391 1426 1482 1630 1707 1719 1879 1882 1960 2275 2369 2398 2618 2629 2649 2655 2729 2834 2968 3081 3190 3214 3348 3829 3900 4027 4691 4709
494	18	165	8	75 187 284 399 490 870 890 1002 1146 1149 1205 1282 1655 1700 1886 2280 2379 2575 2864 2914 3054 3245 3308 3480 3492 3552 3790 3919 3950 4426 4498 4542 4605 4609 4888
497	40	188	8	24 200 453 469 1237 1306 1577 1629 1654 1761 1870 2087 2166 2290 2297 2426 2572 2600 2728 2745 2755 2781 2852 2933 2957 3281 3324 3342 3450 3459 3510 3583 3624 3693 3762 4011 4336 4449 4614 4730 4854
3	19	46	8	60 78 136 203 240 367 631 635 762 1009 1045 1054 1075 1138 1156 1231 1563 1676 1775 1907 1989 2018 2213 2736 2964 3036 3095 3369 3460 3621 3857 3902 3983 4067 4147 4694 4695 4774 4792 4968
16	26	162	8	32 198 557 573 751 823 1057 1825 1912 2003 2052 2099 2277 2444 2750 2886 2916 2988 3053 3096 3339 3477 3722 3802 3918 4143 4301 4309 4313 4587 4743 4753 4813 4865 4897 4951 4989
60	13	118	8	86 398 447 521 623 701 734 886 997 1232 1304 1620 1843 1988 2047 2126 2497 2552 2766 2773 2893 3228 3533 3724 3736 3820 3912 3958 4200 4249 4383 4407 4466 4544 4591 4771 4790 4887
119	39	25	8	59 195 364 552 564 698 883 1013 1512 1699 1782 2032 2104 2207 2424 2567 2883 2989 3105 3130 3166 3175 3272 3522 3523 3614 3744 3998 4124 4156 4182 4183 4374 4538 4578 4788 4808 4917
120	2	196	8	150 230 385 470 553 568 633 843 1130 1321 1609 1659 1686 1717 1746 1818 1854 1961 2007 2199 2240 2805 2835 2843 2844 3110 3297 3447 3609 3696 3743 3795 3848 3877 4121 4178 4490 4943
122	12	171	8	73 141 243 369 444 570 708 715 784 1059 1478 1518 1546 1910 1967 2086 2193 2350 2395 2635 2733 3069 3316 3506 3525 3626 3694 3898 3973 4386 4438 4599 4775 4934
184	10	92	8	38 147 261 473 589 799 830 1140 1259 1279 1310 1418 1559 1589 1611 1672 1887 2039 2063 2252 2266 2748 2888 3008 3091 3101 3291 3431 3648 3846 3868 4075 4153 4219 4403 4457 4707 4921 4965
190	20	246	8	30 105 149 185 190 330 493 562 611 638 667 741 758 797 896 929 931 1693 2138 2176 2446 2498 2971 2972 3198 3261 3404 3488 3507 3757 3805 3821 3849 4315 4324 4500 4562 4596 4645 4742
217	33	131	8	74 101 111 166 354 417 505 613 836 869 1065 1464 1544 1584 1677 1683 1734 2339 2633 2672 2716 2810 2863 2873 2941 2974 3083 3289 3373 3378 3517 3526 3548 3712 3785 3909 3972 4020 4825
269	38	164	8	335 540 566 714 1105 1244 1413 1595 1640 1706 1716 1875 1922 2060 2183 2197 2384 2500 2685 2771 2967 3076 3089 3294 3322 3561 3775 3908 3944 3953 4557 4563 4749 4867
281	17	239	8	266 282 288 337 761 811 915 916 974 1036 1161 1416 1438 1462 1612 1633 1657 1795 2013 2124 2139 2268 2640 2705 3160 3201 3347 3553 3599 3635 3684 3752 3860 3886 3989 4227 4357 4560 4693 4794
285	14	100	8	204 210 314 378 509 517 543 588 622 663 739 1035 1109 1203 1370 1385 1796 1831 1869 2066 2206 2233 2342 2368 2488 2641 2722 2802 3233 3428 3519 3587 4141 4283 4465 4477 4698 4781 4797 4973
314	31	113	8	137 226 464 480 511 531 783 889 892 1348 1446 1898 1914 1931 2079 2359 2407 2430 2639 2819 2820 2831 2958 3018 3385 3671 3682 3692 3893 3930 3947 4127 4212 4352 4478 4649 4660 4677 4798 4828 4843
321	5	89	8	134 594 664 687 852 1006 1139 1184 1382 1600 1679 1774 2014 2200 2396 2505 2531 2556 2595 2617 2695 2764 2942 3005
332	1	35	8	61 102 162 164 283 689 832 936 1025 1131 1181 1550 1614 1921 2131 2157 2416 2451 2547 2557 2574 2813 2817
352	9	49	10	129 146 373 782 1069 1099 1172 1178 1254 1255 1339 1451 1678 1765 1952 1975 2025 2031 2058 2243 2249 2273 2299 2334 2346 2630 2910 3275 3538 3566 3758 3798 3820 4031 4150 4197 4210 4312 4389
369	30	210	10	97 140 154 163 193 718 1259 1312 1367 1567 1858 1969 2103 2121 2316 2454 2558 2806 2952 2976 3361 3362 3823 3846 3914 3921 4019 4028 4037 4039 4125 4276 4288 4309 4398 4418 4546 4876 4880 4941
390	9	210	12	25 172 402 730 1188 1410 1554 1573 1574 1744 1757 1785 1892 2122 2149 2330 2445 2579 2733 2879 3112 3217 3358 3448 3689 3845 4066 4109 4202 4255 4261 4411 4664 4712 4804 4949 4965
484	28	121	10	208 220 258 359 434 477 556 804 1081 1084 1188 1201 1363 1417 1582 1738 1934 1976 2003 2024 2176 2430 2639 2735 2769 2786 2965 3137 3189 3643 3830 3837 3848 3877 3880 3935 4054 4669
496	34	56	10	168 493 535 695 742 857 886 910 968 988 1080 1266 1472 1473 1922 2284 2292 2464 2597 2787 3128 3132 3333 3486 3662 3725 3854 4106 4330 4364 4484 4605 4670 4741 4805 4847 4868
17	24	118	10	42 467 470 596 814 899 1043 1293 1326 1658 1664 2194 2600 2666 2868 3381 3400 3444 3529 3602 3732 3774 3792 3938 3942 4165 4299 4325 4606 4616 4705 4770 4776 4814 4841 4857 4871
28	22	33	10	47 231 266 866 882 938 1011 1209 1295 1352 1676 1807 2162 2280 2309 2436 2455 2497 2697 2734 3119 3419 3443 3461 3672 3763 3805 4112 4279 4384 4431 4450 4532 4554 4589 4597 4733 4966
83	27	5	10	83 451 649 773 815 936 966 1126 1176 1181 1194 1272 1305 1466 1496 1698 1705 1707 1811 1928 2154 2555 2563 2576 2724 2838 3341 3391 3460 3715 3945 4081 4201 4404 4740 4747
93	37	11	10	70 179 184 605 898 951 993 1396 1556 1569 1749 1910 2175 2453 2618 2909 3079 3090 3301 3310 3720 3731 3751 3807 3816 3910 3985 4023 4048 4498 4511 4601 4651 4665 4932
101	21	194	10	4 76 139 315 383 662 682 880 1101 1313 1335 1397 1449 1672 1739 1847 1927 2098 2406 2716 2756 3073 3251 3471 3711 3759 3948 4186 4220 4463 4479 4521 4608 4624 4674 4891
165	6	103	10	176 243 292 338 392 480 623 819 875 927 939 1224 1233 1240 1386 1446 2164 2387 2532 2616 2696 2709 3193 3679 3984 4034 4177 4191 4551 4558 4729 4827 4909 4935
173	36	112	10	93 363 374 557 790 991 1262 1274 1494 1572 1633 1650 1860 2044 2180 2285 2642 2664 2853 3226 3347 3439 3454 3498 3500 3645 3855 4073 4194 4261 4373 4378 4672 4872 4897 4917 4922 4960
177	4	65	10	225 238 244 257 580 582 732 733 1051 1153 1203 1223 1430 1722 1941 2448 2524 3007 3023 3048 3164 3182 3228 3413 3425 3767 3861 3897 3905 4003 4135 4189 4350 4429 4502 4581 4652
187	3	177	10	10 126 273 402 436 441 650 807 841 897 919 995 1010 1086 1218 1251 1458 1490 1521 1616 1744 1948 2007 2161 2304 2564 2713 2763 2775 2862 3287 3718 3946 4091 4137 4139 4196 4256 4501
212	35	246	10	32 196 783 852 888 1227 1242 1402 1434 1581 1585 1742 2306 2353 2389 2400 2493 2550 2805 3125 3131 3199 3278 3289 3537 3600 3747 4053 4225 4287 4307 4462 4510 4632 4686 4775 4959
225	11	9	10	183 552 727 945 981 1115 1297 1329 1373 1621 1660 1746 1812 1833 1932 1982 2016 2138 2233 2320 2760 2822 2840 2958 3052 3408 3482 3518 3755 3863 3977 4108 4176 4331 4346 4974
238	32	211	10	100 111 147 215 316 353 437 444 636 838 876 1141 1171 1177 1263 1375 1612 1631 1726 1780 1795 1919 1923 1963 2086 2325 2327 2520 2863 3295 3735 3856 4082 4103 4264 4723 4794
248	25	175	10	119 276 425 439 554 565 674 825 892 953 1189 1308 1340 1421 1428 1560 1850 1894 1939 1946 2008 2275 2311 2384 2411 2582 2644 3040 3371 3581 3693 3714 3857 4044 4115 4120 4129 4180 4295 4613
264	8	88	10	110 210 459 581 1006 1058 1076 1087 1111 1361 1767 1794 1813 1836 1936 2094 2691 2788 2849 2919 2924 2938 3058 3087 3304 3351 3485 3515 3754 3784 3787 3981 4164 4437 4475 4523 4646
268	23	71	10	138 527 608 617 618 640 699 856 909 1085 1108 1357 1372 1576 1732 1996 2160 2390 2425 2903 3065 3081 3205 3392 3431 3481 3584 3766 3836 3915 4188 4449 4482 4540 4667 4702 4751 4849
315	29	224	10	37 38 200 232 405 517 522 735 799 984 1100 1151 1277 1353 1394 1398 1578 1938 2206 2525 2818 2944 2978 3127 3144 3382 3385 3516 3582 3657 3680 3904 3964 3970 4439 4800 4882 4978
320	15	104	10	40 45 255 420 429 907 960 978 1200 1244 1303 1371 2476 2623 3051 3238 3274 3357 3620 3673 3785 3839 3991 4016 4293 4315 4379 4468 4544 4626 4649 4727 4773 4784 4925 4984
338	16	134	10	18 132 345 576 597 774 798 874 1131 1170 1180 1197 1239 1314 1588 1653 1921 2266 2281 2317 2415 2604 2855 2889 3156 3172 3250 3296 3430 3475 3521 3818 3882 3949 4400 4637 4809
360	7	6	10	274 389 506 569 602 619 660 694 972 1179 1261 1267 1286 1423 1623 1710 1937 2053 2081 2147 2383 2529 2784 2800 2824 3590 3644 3859 3870 3931 3982 4025 4160 4318 4334 4412 4425 4659 4831 4913
376	18	48	10	68 88 95 167 169 313 358 366 448 566 802 805 949 1278 1310 1378 1383 1800 1998 2083 2125 2419 2544 2851 2852 3072 3108 3202 3246 3325 3352 3712 3781 3871 3872 4118 4247 4394 4643
389	40	26	10	66 101 150 264 279 492 676 736 794 864 924 1044 1165 1368 1715 1893 2300 2583 2631 2653 2665 2683 2749 2789 2899 2963 3423 3533 3608 3617 3789 4246 4366 4586 4628 4650 4825 4903
405	19	87	10	120 500 946 1268 1362 1547 1706 1808 2068 2099 2127 2132 2135 2153 2171 2186 2191 2298 2505 2638 2669 2820 2974 3375 3429 3618 3700 3791 3853 4212 4215 4306 4441 4495 4662 4732 4799
417	26	212	10	58 482 564 614 959 1003 1128 1243 1356 1483 1485 1642 1716 2211 2221 2223 2401 2437 2632 2754 2930 3047 3121 3221 3243 3817 3869 3892 3923 4038 4607 4710 4769 4821 4877 4918 4981
442	13	15	10	81 173 189 330 397 587 1237 1252 1292 1419 1489 2204 2377 2420 2590 2839 2953 3036 3056 3165 3213 3313 3406 3442 3465 3503 3647 3669 3768 3845 4017 4698 4796 4883 4998
482	39	117	10	124 271 326 335 368 918 1027 1155 1193 1370 1374 1381 1410 1471 1837 1866 1924 1965 2288 2369 2435 2608 2739 2877 3084 3223 3328 3340 3412 3891 3894 3976 4178 4235 4779
485	2	64	10	77 235 416 442 820 987 1283 1337 1429 1545 1851 2039 2183 2226 2255 2328 2412 2471 2570 2680 2710 2897 2996 3291 3309 3530 3551 3574 3654 3730 3769 3850 3911 3994 4381 4552 4661
13	12	142	10	131 245 516 531 681 687 769 917 954 1092 1106 1168 1288 1415 1679 1721 1852 2064 2070 2475 2515 2561 2765 3012 3201 3208 3227 3280 3520 3716 3907 3909 3925 4116 4155 4156 4476 4860
26	10	137	10	67 355 568 578 1566 1724 1799 1801 1845 1889 1954 2215 2258 2270 2278 2301 2744 2829 2878 2885 2998 3177 3399 3422 3572 3642 3664 4066 4332 4434 4493 4496 4655 4690 4758 4795 4881
27	20	207	10	299 661 754 775 835 846 870 999 1216 1315 1365 1488 1518 1703 1727 1848 2014 2095 2450 2488 2712 2768 2969 2997 3168 3175 3242 3329 3456 3543 3568 3956 4198 4372 4477 4647
44	33	168	10	191 272 572 635 671 808 1049 1104 1143 1144 1279 1533 1557 1597 1615 1661 1735 2087 2318 2882 3033 3343 3363 3446 3607 3695 4131 4260 4280 4436 4447 4638 4808 4870 4930 4996
64	38	190	10	50 87 165 268 320 400 423 484 603 1042 1290 1389 1462 1605 1846 1876 1955 2104 2129 2210 2360 2441 2627 2833 2861 2917 2977 3188 3525 4006 4057 4123 4199 4253 4470 4509 4560 4828 4975
71	17	214	10	49 69 90 344 361 409 1102 1479 1754 1918 2021 2085 2118 2240 2260 2483 2545 2619 2650 2655 2673 3136 3178 3290 3319 3393 3398 3445 3753 3786 3788 4231 4329 4397 4553 4600 4642 4742
107	14	52	10	319 502 700 709 748 784 1208 1289 1321 1526 1651 1789 1809 1991 2059 2203 2842 2894 2931 2970 3014 3134 3396 3611 3632 4007 4099 4101 4292 4483 4504 4533 4987
123	31	72	10	63 142 486 538 544 713 872 1082 1089 1222 1463 1508 1647 1671 1757 1960 2037 2089 2115 2245 2378 2843 3070 3323 3366 3378 3438 3478 3605 3749 3929 4046 4311 4333 4505 4639 4737 4936
134	5	166	10	85 227 247 340 421 475 622 645 806 810 861 1078 1204 1474 1608 1711 1886 1891 2005 2102 2120 2593 2770 2793
141	1	83	10	307 600 1015 1016 1147 1404 1443 1468 1492 1624 1827 1917 1964 2403 2410 2414 2447 2485 2496 2540 2574 2989 3028
154	30	216	12	108 145 330 381 955 994 1020 1096 1328 1495 1621 1832 1932 1989 2194 2430 2490 2622 2723 2728 2747 2831 2934 2941 3120 3240 3404 3824 3907 3970 4042 4083 4206 4434 4503 4731 4997
155	28	157	12	134 299 391 493 571 574 598 748 1035 1226 1332 1376 1416 1443 1482 1807 2050 2294 2301 2533 2612 2644 2965 3073 3361 3610 3739 3772 3870 3968 4056 4092 4136 4228 4720 4725 4956
160	34	237	12	86 106 312 457 594 627 632 666 866 1112 1162 1438 1751 1800 1996 2016 2057 2094 2139 2166 2376 2427 2442 2456 2592 2896 2991 3506 3623 3794 3879 4012 4107 4177 4584 4761 4800 4995
171	24	183	12	19 120 270 443 498 522 569 723 768 957 1072 1238 1257 1275 1974 2070 2557 2746 2749 3183 3248 3286 3290 3323 3330 3379 3485 3519 3702 3802 4006 4215 4297 4736 4789 4822
234	22	122	12	21 348 477 947 968 1013 1060 1358 1748 2097 2341 2420 2470 2494 2584 2860 2967 3331 3395 3517 3584 3608 3652 3664 3738 3996 4052 4114 4563 4908 4939 4991
242	27	55	12	54 226 236 357 422 686 694 703 711 934 1436 1696 2012 2191 2454 2460 2462 2621 2665 2678 3082 3297 3303 3416 3788 3945 4003 4121 4303 4550 4723 4872
244	37	158	12	66 83 91 175 182 211 303 472 528 532 787 1042 1062 1121 1512 1515 1733 1752 1755 1822 1965 2065 2310 2394 2657 3053 3196 3521 3751 3925 4053 4122 4144 4237 4509 4955
329	21	45	12	16 39 46 107 166 689 814 952 979 1065 1217 1408 1414 1718 1868 2197 2198 2236 2542 2569 2740 3166 3268 3321 3928 3960 4032 4271 4349 4370 4614 4797 4893 4940 4969 4974
334	6	231	12	8 277 432 449 536 604 824 989 1008 1333 1402 1422 1601 1705 1713 1731 1911 2004 2388 2599 2884 2916 3102 3125 3470 3542 3560 3671 3699 3732 3733 3857 3888 4139 4278 4283 4427 4657 4971 4983
351	36	192	12	9 318 442 556 590 633 741 762 885 941 978 1123 1128 1150 1248 2031 2062 2171 2258 2705 2745 2993 3536 3606 3808 3984 4163 4241 4361 4478 4595 4826 4859 4907 4924 4998
354	4	154	12	13 127 356 454 456 471 520 830 1034 1241 1445 1677 1683 1884 1890 2228 2439 2585 2865 2981 3039 3045 3174 3205 3306 3399 3541 3828 4015 4211 4453 4549 4675
378	3	187	12	44 362 394 430 739 827 867 974 1138 1146 1287 1571 1658 1982 2116 2181 2314 2344 2479 2642 2710 2754 3227 3354 3593 3718 3835 3978 4005 4033 4310 4630 4646 4691 4870
385	35	124	12	28 445 450 780 792 808 1190 1423 1591 1993 2019 2082 2347 2432 2447 2883 2939 2963 3004 3017 3587 3600 3782 3931 3933 3939 3955 4022 4174 4214 4227 4320 4419 4588 4700 4717
386	11	61	12	1 327 373 397 538 554 575 699 953 1176 1560 1583 1648 1669 1782 1872 2373 2381 2392 2400 2676 2948 3088 3113 3255 3457 3520 3546 3644 3653 3972 4028 4161 4375 4394 4854 4856 4947 4966
415	32	228	12	34 85 317 370 468 643 654 916 1064 1157 1192 1220 1230 1319 1361 1606 1706 2188 2192 2458 2522 2704 3031 3348 3491 3513 3516 3815 3858 3901 4157 4249 4617 4703 4818 4963 4990
432	9	55	14	56 144 206 276 309 370 518 689 915 997 1193 1537 1570 1644 1687 1928 1944 1991 2041 2546 2713 2800 2914 3037 3080 3083 3138 3327 3604 3810 3829 4106 4115 4172 4265 4447 4486 4572
434	30	231	14	317 451 525 591 755 880 911 1169 1232 1496 1914 1966 1992 2033 2414 2657 2876 2935 2948 3060 3202 3455 3513 3855 4030 4079 4097 4238 4306 4308 4450 4602 4712 4813 4960 4967
447	25	93	12	173 190 463 672 775 845 1047 1058 1085 1214 1305 1364 1991 2078 2081 2093 2375 2570 2597 2610 3085 3132 3263 3272 3433 3466 3635 3899 4250 4421 4669 4724 4816 4838
450	8	109	12	375 401 418 733 834 872 976 985 1063 1135 1274 1452 1469 1566 1594 1604 1614 1659 2071 2196 2288 2560 2698 2825 2829 2983 3148 3187 3204 3390 4120 4351 4475 4585 4699 4853
452	23	34	12	5 99 278 660 887 912 946 1324 1527 1741 1964 2049 2063 2111 2155 2231 2324 2429 2466 2503 2563 2679 2914 3103 3229 3464 3467 3580 3895 3896 4149 4229 4536
463	29	99	12	218 491 619 726 1137 1254 1393 1553 1679 1758 1888 2363 2556 2573 2702 2738 2849 3029 3171 3539 3568 3589 3607 3681 3729 3902 3924 4062 4091 4112 4344 4848 4884 4898
464	15	239	12	49 64 225 271 331 412 737 746 1050 1104 1345 1367 1447 1563 1600 1704 1835 1859 1946 2591 2593 2712 2799 2861 2868 2891 3006 3216 3368 3575 3872 3874 3875 4064 4098 4928 4946
6	16	244	12	32 568 612 695 719 721 838 868 1246 1517 1539 1651 1695 1793 1797 1917 2073 2361 2604 2616 2667 2846 3165 3365 3397 3435 4105 4128 4593 4750 4844 4876 4887
19	7	77	12	48 98 367 369 601 891 927 1033 1165 1523 1541 1646 1678 1720 1816 2108 2448 2506 2670 2759 2767 2777 3191 3230 3307 3748 3758 3799 4048 4197 4212 4247 4299 4410 4431 4473 4644
21	18	144	12	265 366 388 753 790 793 999 1019 1051 1075 1293 1397 1498 1828 2080 2145 2174 2985 3015 3037 3044 3311 3426 3497 3661 3747 3776 3800 3832 3863 3964 4176 4236 4362 4496 4705 4836
23	40	245	12	96 146 302 444 720 905 1044 1057 1067 1068 1099 1240 1253 1260 1310 1771 1829 2005 2077 2109 2133 2391 3000 3326 3687 3710 3756 3759 3773 3790 4289 4455 4459
92	19	232	12	110 290 310 360 647 743 977 984 1037 1298 1689 1896 1916 1951 2008 2121 2247 2303 2762 2880 2921 2972 3310 3345 3384 3400 3547 3833 4018 4029 4040 4203 4407 4430 4469 4515 4541 4867
110	26	114	12	122 266 372 534 914 1189 1198 1231 1363 1870 1902 1957 2100 2106 2123 2168 2243 2452 2739 2772 2824 3172 3260 3381 3570 3639 3723 3980 3986 4129 4193 4258 4313 4535 4676 4967 4977
126	13	111	12	4 386 441 652 875 1010 1129 1300 1395 1620 1830 1923 2056 2058 2069 2245 2422 2615 3025 3209 3224 3274 3294 3334 3401 3432 3728 3873 3887 4043 4080 4096 4137 4152 4927 4948
142	39	197	12	384 529 583 644 669 685 982 1032 1092 1205 1372 1435 1639 1670 1780 1871 2248 2255 2412 2513 2580 2674 2692 2707 2927 3005 3251 3969 4000 4192 4267 4318 4479 4524 4635
147	2	53	12	193 691 745 813 842 963 1160 1409 1561 1674 1738 1776 1878 1931 1973 1986 2009 2269 2393 2398 2469 2562 2567 2689 3206 3511 3841 4076 4235 4435 4465 4622 4634 4678 4754 4775 4799
150	12	215	12	82 220 249 285 530 576 625 851 965 972 1133 1229 1484 1622 1833 1844 2142 2572 2741 2748 2822 2977 2982 3129 3563 3636 3745 4051 4117 4130 4221 4333 4631 4994
157	28	53	14	104 485 509 536 699 709 888 1284 1375 1584 1731 1879 1985 2024 2100 2288 2298 2567 2708 2756 2867 2890 2929 3235 3385 3549 3565 3632 3744 4262 4413 4814 4817 4936 4969
197	10	209	12	470 560 862 873 1331 1388 1631 1960 2028 2045 2068 2275 2296 2401 2406 2547 2586 2726 2776 2859 2866 2966 3195 3212 3343 3364 3656 3667 3757 3785 3827 3890 4684 4801 4827 4938 4993
209	20	155	12	206 713 944 1258 1487 1668 1774 1779 1814 1895 2218 2305 2317 2365 2446 2684 2751 2769 2827 2928 3145 3259 3359 3376 3449 4116 4359 4501 4714 4738 4755 4869 4878 4982
226	33	135	12	47 217 234 286 287 513 578 599 812 831 903 958 980 1028 1087 1209 1315 1787 1819 1842 1929 1972 2224 2271 2651 2659 2752 2872 3215 3252 3461 3468 3544 3616 3774 3846 4013 4327 4423
233	38	112	12	2 149 288 429 803 825 1139 1186 1236 1347 1439 1455 1488 1526 1647 1688 1773 1894 1945 2011 2334 2635 2697 3068 3133 3292 3633 3655 3795 4113 4232 4390 4424 4696 4769 4958
241	17	38	12	117 194 404 871 973 1191 1334 1424 1433 1568 1662 1841 1880 1940 2039 2105 2578 2834 2908 3117 3258 3296 3456 3528 3585 3762 3891 3932 3951 4059 4391 4553 4689 4721 4913
257	14	84	12	50 240 464 626 671 858 949 1031 1105 1111 1134 1218 1244 1394 1615 1857 1925 2112 2138 2272 2333 2867 2873 2899 2955 3060 3111 3169 3545 3605 3809 4190 4257 4276 4786
259	31	169	12	3 14 73 113 169 606 657 663 799 928 1411 1567 1834 1856 2136 2444 2534 2550 2559 2815 2870 3123 3157 3308 3532 3989 4175 4279 4325 4341 4432 4513 4603 4627 4642 4758
279	5	167	12	55 452 519 846 962 1073 1311 1338 1503 1508 1511 1557 1562 1794 1820 1861 1920 2180 2276 2338 2507 2543 2691 2693
287	1	224	12	15 253 474 551 629 795 879 922 1077 1276 1284 1391 1510 1684 1707 2120 2208 2552 2568 2817 3009 3391 3436
303	34	9	14	143 165 183 191 502 694 730 760 878 942 1160 1211 1298 1392 1616 1812 2102 2110 2115 2208 2443 2646 2673 2738 2797 3006 3210 3388 3436 3478 3620 3796 4048 4162 4607 4663 4986
304	24	103	14	368 503 519 601 639 1012 1015 1045 1292 1317 1575 1739 1942 2242 2607 3014 3056 3136 3410 3450 3533 3574 3584 3816 3852 3910 4007 4103 4326 4379 4720 4859 4888 4979
353	22	211	14	59 92 108 566 644 774 1072 1344 1465 1523 1692 1783 2113 2225 2303 2311 2560 2665 2878 3421 3453 3570 3721 4061 4139 4454 4478 4506 4555 4609 4626 4677 4700 4834 4847 4889 4955
361	27	208	14	96 118 241 275 311 469 1270 1311 1732 1817 2019 2049 2223 2357 2496 2558 2643 2711 2793 2872 2906 2937 3081 3114 3286 3629 3952 3959 4034 4049 4069 4183 4219 4280 4302 4485 4802 4872
367	37	36	14	431 483 567 583 703 725 941 1094 1131 1231 1245 1473 1493 1943 2171 2187 2254 2566 3005 3087 3134 3137 3159 3207 3495 3497 4035 4138 4248 4340 4529 4658 4741 4819 4999
384	21	124	14	63 119 281 448 578 735 762 816 1093 1115 1422 1842 1906 2203 2340 2385 2450 2540 2612 2720 2723 2833 2868 2970 3018 3558 3675 4194 4377 4404 4568 4639 4701 4824
392	6	87	14	87 105 181 477 574 655 731 741 871 877 892 952 1044 1100 1143 2080 2088 2170 2396 2472 2597 2605 2745 2760 2783 2827 2987 2994 3431 3537 3653 3735 3801 4284 4695 4707
404	36	70	14	70 128 173 237 308 387 579 612 657 1023 1221 1561 1613 1670 2150 2250 2317 2354 2672 2813 3027 3085 3173 3512 3686 3838 3993 4006 4074 4304 4330 4708 4818 4876 4910
422	4	221	14	22 75 157 365 500 514 535 569 674 680 697 1314 1516 1781 1980 2073 2097 2190 2702 2902 3096 3403 3665 3712 3713 4272 4285 4410 4464 4590 4606 4652 4666 4852
439	3	117	14	115 271 339 411 586 646 873 887 1007 1096 1165 1198 1328 1382 1590 1771 1801 1912 2083 2315 2599 2802 3013 3030 3044 3063 3293 3506 3638 4033 4212 4331 4339 4649
445	35	40	14	158 217 669 831 967 986 1170 1299 1500 1605 1647 1804 1953 2052 2265 2270 2434 2442 2493 2796 2799 2858 3009 3019 3249 3331 3358 3372 3374 3509 3681 3690 3834 3859 3923 4180
446	11	57	14	26 555 565 623 885 1149 1196 1266 1319 1339 1346 1419 1485 1637 1654 1811 1868 2142 2239 2324 2441 2449 2636 3071 3122 3318 3589 3743 3836 3880 3966 4107 4412 4547 4676 4804
469	32	201	14	15 53 156 274 297 645 673 800 1069 1660 1678 1762 1791 1964 2699 2808 2904 3048 3094 3355 3417 3989 3990 4090 4113 4114 4150 4155 4233 4242 4429 4476 4774 4840 4900
475	25	105	14	332 383 520 647 696 1030 1043 1136 1303 1364 1504 1522 1598 1659 1874 1998 2127 2140 2407 2494 2601 2614 2834 2879 3219 3239 3427 3783 4037 4055 4071 4135 4281 4291 4576 4619 4725 4864
498	8	182	14	340 361 405 526 654 859 1122 1534 1851 1908 2085 2172 2595 2641 2791 2947 3028 3051 3052 3165 3540 3554 3563 3569 3778 3823 3854 3876 3917 4077 4244 4452 4613 4906 4931 4964
15	23	199	14	10 174 351 510 920 1262 1440 1513 1535 1844 2009 2026 2047 2055 2101 2168 2685 2836 2880 3511 3560 3711 3776 3809 3847 3933 3947 3979 4038 4207 4622 4734 4758 4772 4799 4863 4873
40	29	86	14	133 160 270 420 606 803 969 1046 1049 1071 1207 1343 1610 1629 1664 1798 2145 2706 2740 2805 2824 3062 3146 3196 3252 3866 4011 4058 4064 4149 4164 4195 4385 4948
47	15	8	14	216 380 427 438 447 716 794 822 1397 1862 2247 2333 2462 2541 2611 2734 2776 2845 3121 3152 3387 3464 3508 3705 3719 3818 3877 3997 4041 4269 4303 4428 4437 4592 4911 4972 4988
69	16	207	14	123 163 432 702 733 785 922 1226 1250 1373 1407 1738 1855 1970 2044 2180 2240 2337 2370 2404 2786 2925 2971 3451 3543 3550 3656 4213 4370 4551 4620 4633 4735 4766 4780 4997
112	7	161	14	30 77 377 424 475 532 610 615 1460 1710 1902 2018 2065 2067 2215 2269 2514 2578 2841 2847 2920 2931 3109 3402 3519 3521 3548 4081 4142 4457 4487 4505 4703
133	18	51	14	114 313 597 809 826 834 863 1000 1018 1288 1433 1512 1525 1607 1891 1962 2116 2165 2201 2978 3133 3260 3296 3430 3586 3643 3999 4167 4189 4316 4334 4397 4579 4665 4837 4891
169	40	41	14	98 294 350 357 406 458 462 679 901 1001 1447 1681 1686 1689 1772 1853 1899 1974 2084 2107 2351 2424 2447 2803 3043 3124 3141 3483 3726 3843 4122 4132 4245 4343 4578 4778 4858
189	19	11	14	20 186 413 546 839 940 1263 1521 1709 1878 1903 1907 2119 2253 2579 2596 2737 2903 2954 2984 3098 3287 3423 3581 3730 3734 3769 3784 3873 4133 4419 4648 4668 4961
206	9	182	16	19 76 151 203 291 300 408 545 631 746 753 904 927 1839 2041 2173 2179 2298 2621 2694 2717 2907 2935 2972 2999 3116 3332 3361 3711 3861 4031 4270 4378 4489 4837 4977
211	26	66	14	85 291 318 343 638 1138 1291 1905 1922 2186 2371 2455 2559 2775 2801 2840 2912 3105 3153 3189 3273 3353 3827 3915 3975 4009 4185 4311 4382 4388 4532 4641 4901
229	13	223	14	197 201 554 611 708 777 1565 1609 1743 1890 2098 2319 2345 2366 2512 2521 2536 2620 2629 2892 2973 3269 3594 3689 3751 3756 3793 3883 4187 4372 4432 4473 4656 4752
230	39	121	14	215 393 701 784 828 838 1415 1461 1555 1587 1767 1815 1882 2054 2364 2463 2473 3050 3194 3205 3220 3389 3390 3647 3725 3806 3925 3948 4014 4364
253	2	176	14	111 198 251 280 727 751 1125 1399 1448 1450 1627 1951 2017 2249 2261 2399 2565 2849 2930 2968 3398 3505 3624 3677 3720 3803 3949 3992 4214 4217 4268 4519 4713 4756 4978
265	30	40	16	91 133 212 234 310 412 488 684 715 898 1045 1671 1789 2367 2458 2620 2625 2815 2823 2892 3000 3279 3300 3429 3573 3642 3679 3881 3959 3967 4446 4452 4459 4580 4737 4853 4975
274	12	174	14	33 218 386 415 588 693 976 1086 1159 1171 1187 1293 1329 1417 1445 1506 1541 1623 1769 2752 2850 3070 3092 3215 3265 3597 3626 3853 4271 4292 4361 4442 4509 4558 4581 4885 4985
275	10	25	14	113 321 369 732 891 1008 1014 1117 1367 1495 1548 1569 1618 1632 1655 1657 1760 2069 2325 2432 2810 3010 3106 3213 3360 3400 3576 3845 4175 4258 4623 4763
336	20	227	14	41 61 84 170 192 249 267 572 700 759 780 881 894 968 1297 1306 1588 1662 1789 2125 2154 2302 2548 2729 2945 3253 3255 3481 3867 3868 3912 4267 4548 4604 4644 4710 4727 4851
339	33	238	14	90 131 152 161 287 337 461 495 740 793 923 1166 1464 1509 1711 2128 2159 2386 2405 2413 2504 2674 2997 3120 3319 3357 3487 3535 3789 4005 4044 4047 4051 4096 4301 4480 4510 4520
344	38	225	14	263 786 806 935 982 1133 1195 1435 1828 2158 2198 2241 2429 2433 2623 2807 2854 2958 2992 3167 3281 3314 3645 3898 4104 4120 4146 4191 4307 4438 4764 4832
366	17	44	14	97 325 349 537 906 1182 1276 1307 1552 1721 1750 1777 1792 2192 2214 2268 2287 2323 2346 2375 2502 2654 2899 3076 3343 3664 3757 3889 3926 4260 4342 4492 4545 4654 4719 4731 4785
371	14	172	14	130 202 513 704 820 876 1208 1441 1536 1559 1748 1758 1768 2257 2330 2530 2704 2705 2956 2998 3059 3068 3089 3155 3384 3470 3750 3851 4062 4084 4229 4514 4704 4760
375	31	109	14	24 558 653 688 698 773 850 899 1164 1188 1351 1371 1453 1724 1872 1963 2059 2195 2283 2617 2774 2888 3045 3075 3369 3526 3577 3614 3748 4063 4226 4236 4287 4533 4683
424	5	60	14	229 556 577 928 999 1219 1325 1510 1656 1952 2064 2131 2196 2285 2459 2591 2724 2726 2763 2857 2986 3074 3279 3642
448	1	99	14	224 277 328 335 407 628 642 1076 1243 1408 1457 1601 2090 2533 2549 2697 2995 3251 3502 3522 3555 3702 3759
470	28	248	16	71 243 450 845 919 1147 1693 1749 1805 1892 2535 2608 2628 2689 2828 2987 3089 3478 3500 3514 3517 3532 3640 4029 4105 4130 4308 4320 4413 4418 4550 4719 4815
472	34	241	16	43 130 169 387 540 1102 1283 1577 1953 2152 2277 2295 2324 2383 2475 2524 2790 2843 2883 2937 3191 3423 3636 3649 3666 3798 4088 4246 4335 4343 4545 4616 4693
490	24	93	16	7 306 366 428 445 549 637 823 833 973 992 1117 1354 1486 2147 2281 2391 2615 3068 3196 3302 3844 3928 4054 4216 4358 4360 4382 4427 4802 4902 4945 4987
499	22	165	16	8 22 62 114 298 468 523 678 1217 1447 1543 1604 1624 1803 1958 2156 2231 2472 2502 2511 3261 3318 3526 3614 3682 3705 3832 3961 4078 4272 4458 4470 4592
50	27	220	16	23 60 160 257 602 629 970 990 1055 1200 1477 1923 1949 2048 2234 2271 2326 2353 2565 2642 2713 2731 2894 3091 3161 3246 3623 3987 4009 4148 4163 4208 4268 4330 4759
57	37	68	16	109 264 525 690 788 866 1110 1462 1846 1909 2034 2201 2453 2503 2606 2696 2908 3016 3448 3498 3503 3558 3648 3981 4147 4274 4536 4623 4633 4640 4685 4834
63	21	176	16	219 255 334 670 709 796 1164 1253 1464 1589 1680 1970 2002 2207 2302 2585 2737 2820 2877 2932 2985 3334 3368 3565 3628 3629 3630 3677 3841 3862 3901 4080 4442 4664
87	6	191	16	149 280 299 603 890 1012 1056 1221 1265 1304 1768 1856 1979 2252 2290 2412 2454 2751 2920 3171 3276 3371 3440 3499 3801 3831 4350 4373 4556 4564 4706 4859 4903 4959 4986
90	36	78	16	294 683 757 923 930 1066 1154 1162 1325 1412 2116 2197 2305 2381 2386 2438 2747 2796 3038 3100 3445 3571 3850 4069 4103 4166 4169 4228 4392 4401 4565 4760 4774
98	4	81	16	51 327 426 675 804 939 1168 1206 1209 1272 1405 1418 1422 1480 1529 1776 1950 2046 2062 2086 2130 2162 2558 2801 2942 3080 3428 3536 3885 4152 4484 4681 4684
115	3	94	16	67 616 830 950 962 1020 1029 1202 1222 1299 1355 1395 1490 1598 1750 1821 2658 2791 2890 3301 3380 3386 3432 3764 4175 4466 4525 4596 4604 4619 4636 4644 4697 4806 4864
135	35	142	16	52 209 232 655 815 991 1113 1544 1702 1785 1849 1865 2184 2198 2363 2755 2778 2943 2974 2984 3213 3230 3388 3392 3544 3646 3660 3895 3938 3998 4295 4300 4567 4787
144	11	145	16	16 144 158 221 454 861 946 1324 1572 1593 1629 1705 1725 1873 1905 2025 2635 2836 2849 3043 3204 3238 3290 3511 3622 3663 3749 3872 3926 4027 4044 4087 4111 4368 4764 4798
162	32	76	16	143 248 419 436 1037 1316 1332 1387 1500 1764 1794 2202 2272 2382 2677 2826 2912 3203 3310 3430 3652 3654 3746 3761 3829 3954 4143 4173 4194 4408 4423 4490 4527 4689 4728 4773 4783
174	25	84	16	231 711 926 1296 1303 1366 1388 1475 1497 1513 1516 1908 1927 2064 2404 2705 2990 3017 3042 3110 3222 3382 3538 3555 3804 3922 4223 4250 4384 4517 4569 4711 4973
176	8	206	16	103 216 240 481 685 756 851 897 938 986 1232 1249 1255 1260 1696 1833 1834 2321 2338 2467 2643 2921 3114 3186 3336 3420 3465 3546 3668 3913 4016
178	23	95	16	26 112 422 652 963 1225 1376 1410 1590 1828 1948 2132 2242 2569 2634 2688 2714 2856 3015 3126 3168 3413 3416 3576 3823 4129 4197 4309 4310 4326 4618 4952
198	29	96	16	61 125 283 335 382 512 726 742 1454 1501 1549 1603 1652 1974 2151 2269 2308 2500 2554 2719 2872 2922 3157 3250 3275 3977 3994 3996 4303 4472 4479 4645 4863 4925 4933 4990
210	15	28	16	254 293 668 672 770 829 879 1151 1187 1297 1525 1555 1761 1841 1843 2040 2249 2432 2477 2780 2895 3102 3166 3504 3566 3903 4043 4142 4145 4311 4772 4854 4874 4929
215	16	119	16	24 207 296 497 521 688 728 1042 1047 1097 1345 1582 1811 1832 2389 2501 2510 2715 2835 3231 3255 3357 3419 3669 3671 3733 3853 4015 4068 4186 4348 4421 4516 4534 4637 4862 4938
218	7	149	16	33 180 342 345 378 460 547 676 686 704 810 1400 1585 1595 1666 1788 2114 2143 2291 2315 2420 2440 2750 3127 3138 3174 3209 3529 3690 3973 4060 4251 4322 4469 4608 4694
224	18	147	16	171 239 341 466 524 907 1219 1313 1494 1509 1584 1698 1806 1816 1847 1858 1869 2329 2349 2481 2553 2698 2862 3211 3394 3588 3719 4202 4304 4414 4518 4768 4848 4896
232	40	222	16	12 120 492 508 743 896 906 1036 1136 1215 1377 1444 1514 1573 1854 1864 2091 2161 2263 2446 2460 2588 2918 2926 3097 3244 3252 3285 3305 3697 3878 3918 4179 4590 4620 4686
250	19	108	16	204 712 719 760 817 1050 1150 1172 1334 1481 1689 1781 1877 1887 2008 2107 2238 2356 2541 2652 2811 2837 3039 3146 3201 3528 3639 3674 3900 4074 4333 4682 4797 4819 4984
252	26	110	16	333 447 567 590 677 1420 2100 2348 2417 2521 2636 2703 2733 2742 3046 3053 3518 3553 3568 3806 3828 3923 3951 3952 4104 4138 4239 4450 4478 4541 4599 4992 4998
263	13	249	16	27 41 69 175 201 289 971 1342 1431 1643 1687 1786 2183 2262 2316 2573 2961 3134 3194 3225 3564 3782 3874 3893 3934 3943 3972 4057 4347 4357 4610 4663 4717 4970
290	39	74	16	560 576 763 795 921 931 1046 1320 1322 1396 1571 1697 1730 1809 1885 1894 2006 2109 2435 2483 3022 3072 3181 3264 3282 3321 3484 3902 3974 3983 4238 4356 4749 4901 4916 4954
293	2	244	16	66 148 625 701 707 790 953 1216 1336 1340 1392 1499 1530 1825 1918 2079 2206 2522 2599 2964 3026 3271 3414 3611 3920 3921 3944 4243 4380 4481 4486 4879 4997
300	12	181	16	661 847 893 1121 1134 1139 1383 1448 1620 1700 1709 1774 1792 1976 2493 2690 2767 2925 2959 3103 3257 3412 3713 3854 4109 4118 4406 4415 4507 4721 4791 4857 4894 4919 4960
306	9	110	18	79 187 440 482 843 1021 1103 1140 1164 1296 1475 1575 1624 1626 1736 1861 1868 1881 2038 2055 2191 2262 2277 2395 2450 2638 3030 3703 3822 3859 4023 4087 4369 4524 4811 4979
310	10	27	16	205 551 570 609 667 801 812 985 1264 1385 1586 1889 1920 2005 2217 2220 2891 3093 3109 3288 4091 4123 4339 4352 4635 4813 4888 4921 4989
311	20	116	16	188 773 949 1194 1251 1311 1505 1617 1691 1720 1986 2237 2416 2487 2488 2491 2583 2587 2788 2821 2848 3021 3145 3149 3229 3235 3331 3476 3508 3837 4013 4242 4729 4846 4881
317	33	236	16	50 190 458 840 889 948 1022 1211 1520 1775 1995 2160 2241 2293 2307 2336 2480 2970 3052 3077 3199 3232 3452 3479 3483 3496 3509 3512 3598 3631 3932 3958 4820
340	38	113	16	3 97 184 320 431 740 745 826 885 958 978 1004 1043 1326 1352 1551 1860 2051 2452 2504 2632 2761 2794 3040 3268 3317 3359 3530 3968 4195 4205 4398 4451 4504
350	17	13	16	193 495 627 658 749 752 844 988 1199 1269 1323 1557 1682 1733 1915 1942 2026 2224 2323 2426 2721 2888 3176 3228 3335 3415 3424 3462 3676 3695 3704 3842 3936 4561 4629 4882 4904
356	14	180	16	187 358 383 465 589 619 755 960 1166 1309 1632 1670 2035 2084 2139 2265 2331 2474 2552 3098 3131 3148 3210 3237 3312 3377 3516 3624 3716 3795 4165 4275 4405 4530 4574 4779 4948
359	31	46	16	21 154 314 778 862 961 1077 1129 1177 1474 1674 1755 1791 1814 1879 1897 2028 2439 2528 2669 2973 3090 3142 3154 3164 3299 3502 3595 3835 3955 4203 4389 4942 4957
372	5	22	16	215 332 371 396 413 485 491 584 771 874 937 1092 1435 1602 2246 2786 2902 2936 2955 3200 3324 3409 3524 3575
379	1	48	16	325 410 642 1025 1031 1489 1743 1872 1911 1944 2067 2108 2297 2309 2335 2390 2409 2431 2523 2806 2840 2913 3065
382	30	164	18	341 465 528 737 1068 1074 1160 1519 2001 2049 2265 2276 2326 2337 2470 2492 2652 2700 2846 2888 2941 3130 3381 3462 3473 3675 3731 4007 4107 4176 4499 4788 4957
407	28	170	18	82 430 449 724 894 1212 1438 1593 1690 2164 2431 2442 2462 2526 2787 3337 3463 3743 3899 4040 4177 4263 4446 4516 4572 4600 4624 4637 4780 4924 4941 4989
409	34	208	18	311 312 552 561 573 692 781 923 1079 1154 1423 1450 1602 1751 1774 1829 2009 2174 2177 2213 2244 2305 2449 2637 2698 2727 2950 3006 3305 3390 3490 3669 4317 4372 4430 4890
438	24	34	18	403 404 508 588 605 752 777 789 1404 1453 1594 1950 2078 2181 2193 2327 2360 2378 2720 2937 2938 3309 3417 3602 3661 3819 3838 3967 4530 4703 4718 4730 4751
456	22	143	18	218 401 550 801 806 883 911 993 1007 1064 1175 1415 1440 1474 1577 1952 2127 2320 2427 2613 2803 2833 2953 2964 3062 3075 3221 3285 3317 3630 3974 4094 4234 4484 4591 4778 4873
461	27	133	18	115 598 648 1001 1198 1463 1492 1634 1763 1852 2232 2286 2292 2441 2594 2603 2683 2771 2804 3029 3038 3067 3097 3171 3250 3415 3450 3480 3591 3788 4226 4256 4258 4393 4439 4625 4900
500	37	15	18	234 269 286 304 356 472 675 728 1009 1088 1401 1547 1768 2340 2416 2447 2625 3233 3237 3498 3648 3673 3677 3684 3714 3810 3849 4164 4458 4735 4880
18	21	167	18	23 31 177 305 749 810 811 840 879 890 1047 1245 1429 2146 2156 2250 2679 2782 2853 2966 3167 3292 3627 3650 4363 4601 4632 4720 4826 4912 4994
62	6	162	18	35 56 106 160 474 853 1210 1693 2140 2172 2209 2230 2248 2445 2807 2815 2907 2963 3077 3365 3919 3929 4024 4134 4223 4278 4538 4628 4647 4650 4865 4914
66	36	23	18	77 103 137 353 510 721 864 1084 1218 1265 1279 1386 1620 1744 1750 1930 2263 2434 2467 2483 2619 2942 3036 3331 3813 4000 4146 4408 4436 4588 4686 4816 4844 4956
75	4	82	18	100 336 529 763 788 821 965 1185 1193 1317 1514 1586 1730 2212 2283 2551 2622 2682 2924 2988 3386 3424 3615 3649 3941 3982 4117 4215 4289 4448 4563 4854 4915
82	3	168	18	201 259 495 560 575 639 641 1072 1096 1393 1955 1971 2267 2308 2318 2426 2429 2528 2584 2913 2932 3342 3587 3740 3816 3916 4224 4465 4582 4662 4673 4746 4747 4821 4893
149	35	5	18	14 129 289 511 642 673 809 930 937 1178 1596 1633 1648 1898 2103 2195 2400 2481 2544 2908 2940 3393 3680 3692 3728 3779 3858 4187 4323 4329 4487 4715 4942
164	11	145	18	76 95 257 375 665 861 868 1078 1114 1180 1306 1459 1642 1691 2104 2407 2707 3069 3613 3746 3879 3960 4028 4190 4245 4285 4367 4409 4505 4744 4878 4882 4906 4927
199	32	152	18	152 233 317 437 544 703 771 837 897 1041 1234 1617 1660 1708 1720 1724 1933 2243 2290 2346 2480 2621 2681 3010 3100 3308 3439 3522 3570 3866 3894 4089 4617 4643 4649
221	25	67	18	6 185 587 657 659 706 908 1086 1157 1321 1372 1391 1541 1723 1728 1819 1972 2186 3243 3678 3706 3708 3713 3927 4026 4405 4424 4488 4508 4669 4711 4759 4812
231	8	177	18	39 329 469 607 841 887 1012 1048 1190 1403 1471 2138 2202 2468 2647 2874 2881 2906 3003 3137 3160 3185 3192 3344 3406 3459 3704 3878 4102 4540
237	23	10	18	5 19 148 242 290 411 647 686 1005 1049 1765 1796 1798 1992 2214 2554 2656 2699 2755 3039 3065 3387 3559 3644 3823 3975 4140 4373 4447 4463 4947
254	29	91	18	198 221 358 597 708 876 896 925 966 1077 1390 1560 1628 1653 1713 2066 2233 2234 2260 2284 2553 3021 3115 3184 3225 3412 3454 3628 4151 4218 4293 4416 4596 4974
272	15	107	18	125 199 435 468 515 543 718 765 767 862 975 1213 1428 1433 1611 1740 1896 2067 2130 2678 2959 3082 3169 3476 3488 3513 3616 4336 4513 4708 4752
302	16	156	18	98 101 215 238 281 296 414 518 542 1000 1091 1119 1189 1227 1432 1443 1496 1583 2043 2222 2466 2471 2585 2617 3119 3186 3215 3306 3738 4356 4494 4678 4716 4990
316	7	153	18	4 213 300 355 600 875 932 1020 1263 1287 1494 1507 1553 1769 1818 1884 1904 2073 2215 2509 2565 2614 2742 2847 2876 2993 3145 3826 3978 4097 4331 4451 4514 4535 4734
337	18	173	18	145 159 327 715 1099 1196 1517 1673 1707 1756 1983 1987 2035 2097 2287 2367 2370 2419 2722 2808 3054 3056 3140 3150 3155 3358 3617 3824 4083 4163 4178 4313
364	40	69	18	55 92 513 694 704 891 950 1201 1214 1502 1529 1542 1636 1649 1772 1995 2045 2111 2545 2560 2865 3011 3048 3129 3486 3508 3612 3646 3674 3780 3797 3817 3892 4639 4688
383	19	58	18	189 217 381 531 546 714 741 783 792 1040 1325 1348 1414 1595 1860 1927 2061 2157 2469 2873 3113 3116 3224 3251 3369 3394 3449 3452 3956 4206 4607 4765 4931
393	26	30	18	58 155 250 334 405 736 874 998 1029 1509 1607 1637 1662 1783 1863 1928 1958 2020 2128 2779 2798 2818 2823 2918 3333 3379 3548 3726 3770 3906 4222 4368 4937
400	13	140	18	180 212 274 526 819 863 1034 1059 1081 1323 1448 1578 1879 1900 2075 2158 2161 2385 2506 2772 2826 3245 3265 3304 3945 4155 4473 4520 4732 4733 4754 4802 4935 4996
402	39	212	18	18 42 291 408 556 717 849 1156 1229 1574 1675 1822 1866 1968 2012 2042 2149 2359 2739 3236 3560 3629 3926 3940 4085 4209 4239 4371 4420 4515 4629 4892
428	2	65	18	509 628 725 895 1184 1231 1236 1682 1800 1804 1906 1917 2004 2027 2064 2088 2187 2377 2540 2605 2778 3043 3405 3409 3414 3812 4201 4231 4576 4755 4823 4889
453	12	54	18	127 398 422 471 754 815 909 1054 1107 1143 1523 1841 2261 2342 2458 2557 2628 2675 2752 3106 3512 3637 3699 3767 3835 3884 3900 3988 4093 4585 4597 4762 4790 4995
478	10	219	18	44 390 538 559 640 664 1026 1501 1558 1650 1790 1801 1999 2152 2405 3218 3234 3418 3491 3745 3755 3954 4243 4253 4295 4306 4325 4527 4612 4636
30	20	250	18	154 380 395 460 502 942 948 1116 1131 1148 1176 1395 1554 1714 1780 1802 1873 1903 1940 2058 2275 2624 2654 2962 3002 3148 3293 3324 3588 4168 4170 4294
41	33	102	18	84 303 354 444 567 621 727 1006 1199 1211 1745 1842 1956 2018 2239 2401 2408 2542 2644 2658 2693 2855 2977 3151 3270 3420 3901 4495 4583 4713 4771 4829
74	38	229	18	393 563 750 758 1030 1217 1238 1408 1481 1484 1513 1568 1625 1676 1684 2153 2534 2718 2838 3008 3064 3146 3464 3469 3634 3765 3882 4099 4386 4444 4506 4896
76	17	104	18	179 831 893 931 1518 1729 2715 2717 2836 2957 3047 3121 3299 3338 3354 3355 3413 3611 3631 3847 3913 4063 4081 4186 4334 4349 4399 4410 4481 4490 4904 4908 4910 4964
77	14	163	18	506 638 1267 1350 1456 1476 1482 1655 1791 1845 1935 1936 2030 2060 2194 2201 2418 2653 2851 3088 3289 3441 3546 4137 4173 4271 4438 4550 4566 4594 4603 4611 4668 4911 4950
85	31	51	18	195 361 364 902 935 1291 1576 1657 1788 1864 1978 2010 2293 2350 2522 2531 2598 3174 3373 3535 3601 3820 3908 4052 4174 4277 4298 4510 4578
100	5	185	18	110 214 347 419 436 473 582 615 676 892 1173 1326 1377 1406 1454 1464 1639 1700 2210 2372 2648 2795 2909 2973
103	1	135	18	25 117 332 424 769 1004 1356 1405 1532 1748 1787 1812 1817 1945 2052 2080 2274 2446 2548 3005 3032 3035 3066
116	9	230	20	10 123 500 929 959 1373 1532 1685 1857 2002 2385 2409 2457 2499 2603 2844 2872 3256 3281 3356 3618 3831 4021 4024 4126 4280 4286 4354 4503 4537 4627 4660 4866
128	30	205	20	144 190 604 675 690 750 1170 1210 1644 1691 1850 2055 2192 2268 2312 2317 2370 2492 2596 2890 3063 3260 3551 3641 3794 3796 4132 4305 4454 4457 4611 4795 4856
130	28	184	20	7 37 254 318 489 593 660 828 840 1119 1193 1278 1294 1366 1470 1538 1706 1740 1891 2364 2573 2916 3176 3291 3665 3679 3726 3816 3860 4070 4242 4344 4768 4923
138	34	97	20	88 223 228 409 534 610 824 825 1120 1151 1223 1430 1546 1881 1982 1997 2257 2485 2731 2765 2911 3024 3203 3288 3599 3730 4059 4264 4282 4380 4595 4640 4664 4861
152	24	133	20	282 595 617 653 780 844 1080 1146 1186 1312 1420 1496 1531 1701 2244 2411 2519 2891 3114 3192 3447 3583 3698 3877 3936 4007 4143 4345 4365 4400 4409 4711
180	22	150	20	2 77 414 570 1218 1339 1594 1710 2051 2073 2295 2376 2686 2803 2952 2960 3036 3524 3543 3920 4030 4047 4057 4446 4509 4515 4534 4598 4688 4697 4741 4893 4986
270	27	16	20	47 49 275 346 872 1163 1562 1692 1802 2217 2334 2339 2455 2504 2718 2923 3001 3113 3189 3411 3481 3525 3774 3837 3968 4002 4470 4486 4511 4634 4890 4922
276	37	178	20	63 291 553 656 657 697 715 911 1225 1247 1281 1868 2093 2279 2351 2408 2684 2811 3079 3319 3329 3848 4332 4448 4543 4589 4693 4803 4905
278	21	197	20	28 292 452 579 635 674 860 901 1155 1300 1313 1442 1559 1588 1967 2416 2771 2813 2901 3103 3532 3653 3671 3691 3739 3884 3914 4060 4279 4393 4548 4678
286	6	204	20	251 537 561 642 915 1081 1174 1212 1283 1432 1518 1661 1804 1880 2021 2342 2476 2545 2774 3004 3078 3102 3178 3473 3516 3601 3932 4180 4217 4288 4758
289	36	218	20	158 167 461 469 478 702 747 826 1234 1461 1537 1586 1608 1821 2053 2160 2331 2436 2530 2670 2848 2910 2922 3706 3736 3753 3865 3876 4025 4042 4046 4209 4355 4493 4502
298	4	132	20	238 501 569 838 855 895 1197 1395 1454 1536 1845 1893 1995 2075 2414 2764 3018 3115 3180 3194 3354 3767 3819 4224 4257 4318 4490 4546 4764 4810 4851 4941
309	3	19	20	58 186 976 999 1098 1123 1153 1457 1639 1664 1823 2008 2142 2198 2372 2555 2751 2939 3020 3334 3392 3579 3661 3689 3694 3696 3699 3944 4577 4748 4755 4782 4955
313	35	49	20	59 464 476 524 1106 1529 1617 1940 2043 2096 2261 2310 2328 2368 2394 2571 2634 2699 2744 2818 3335 3625 3643 3858 3898 4162 4240 4429 4725 4822 4885 4970
328	11	39	20	154 256 307 375 533 678 817 848 984 989 1029 1687 1717 1790 1835 2151 2291 2440 2525 3009 3259 3367 3489 3763 3894 3948 3989 4297 4453 4628 4658 4842
343	32	148	20	46 132 188 203 240 908 920 965 1053 1101 1201 1258 1293 1401 1506 1561 1681 1729 1975 2110 2157 2377 2656 2661 2809 3283 3364 3440 3883 4539 4604
370	25	32	20	425 521 559 629 706 846 865 951 967 990 1444 1456 1711 1736 1886 2015 2202 2422 2498 2561 2631 2898 2927 2951 3047 3309 3375 3727 3754 3957 4136 4222 4313 4581 4770
373	8	193	20	244 265 284 655 794 928 983 1089 1175 1540 1556 1834 1987 1998 1999 2146 2193 2424 2443 2592 2607 2645 3402 3633 4182 4376 4614 4785 4952 4985
387	23	43	20	112 618 646 648 1167 1296 1468 1497 1550 1876 1990 2163 2792 2807 2837 3147 3459 3467 3495 3672 3885 3910 4275 4371 4411 4599 4653 4740 4868 4929
403	29	217	20	41 170 418 458 547 607 609 624 633 700 786 914 1037 1776 1949 2132 2207 2216 2648 2808 2852 2866 2900 2919 2978 3076 3127 3200 3424 4390 4756
412	15	134	20	20 118 150 179 316 628 921 1016 1179 1191 1257 1335 1359 1641 1646 1757 1862 1980 2066 2296 2780 2893 3118 3369 3377 3674 3765 3775 4524 4573 4886
413	16	223	20	74 95 152 399 459 584 592 1152 1181 1483 1636 1737 1971 2037 2159 2262 2360 2507 2906 3170 3292 3311 3811 4067 4131 4167 4348 4389 4496 4497 4631 4794 4971 4973 4987
419	7	21	20	68 141 239 301 357 541 1036 1398 1666 1678 1808 1919 1981 2468 2512 2589 2858 2889 3017 3035 3074 3429 3749 3911 3950 4099 4425 4480 4528 4575 4592 4778 4934
427	18	163	20	1 371 590 634 767 1150 1256 1528 1806 1994 2048 2057 2121 2963 3037 3151 3233 3240 3254 3266 3300 3380 3483 3918 3930 4094 4492 4540 4623 4707 4964
433	40	62	20	175 192 353 411 488 764 899 1235 1237 1651 1745 1827 1836 1977 2032 2204 2223 2438 2946 3243 3603 3715 3724 3855 3861 3937 3974 3994 4010 4245 4767 4983 4996
477	19	47	20	219 246 355 406 511 1230 1338 1380 1749 2070 2074 2141 2611 2613 2863 3190 3225 3337 3442 3471 3561 3657 3825 3924 4049 4148 4153 4568 4721 4742 4857 4943
491	26	130	20	323 336 341 499 969 1083 1228 1291 1341 1416 1484 1564 1667 1703 1770 2277 2319 2343 2392 2426 2471 2598 3183 3298 3426 3487 3569 3659 4309 4317 4320 4641
10	9	205	22	69 389 459 509 764 889 976 1246 1480 1503 2161 2253 2828 2905 3030 3079 3140 3192 3330 3455 3492 3838 4012 4022 4158 4224 4225 4391 4729 4904 4981
34	13	233	20	280 508 1192 1260 1585 1839 1883 2047 2228 2235 2266 2281 2332 2449 2482 2701 2797 3031 3092 3285 3434 3540 3654 3718 3978 4058 4117 4269 4359 4553 4881 4899
59	39	90	20	209 237 343 363 763 811 953 1171 1683 1843 1900 1903 2003 2081 2099 2145 2221 2286 2822 3086 3236 3395 3562 3949 4032 4045 4159 4307 4483 4499 4700 4821 4940
67	2	36	20	43 99 490 850 896 954 1002 1070 1079 1094 1381 1901 1924 1957 2158 2201 3234 3322 4110 4157 4246 4274 4374 4442 4674 4760 4789 4839 4841 4895 4944
81	12	138	20	57 261 283 427 529 581 587 1055 1107 1943 1952 2739 2743 2998 3012 3224 3239 3547 3882 4129 4174 4220 4252 4253 4316 4383 4566 4746 4828 4860 4945
108	10	74	20	23 290 403 837 956 1069 1215 1389 1511 1753 1826 1888 2046 2181 2393 2588 2610 2761 2839 3108 3318 3366 3446 3776 3869 3969 4050 4321 4331 4468 4648 4933
111	20	18	20	176 338 598 791 987 1208 1719 1819 2030 2237 2314 2325 2420 2574 2737 2788 2846 3019 3023 3167 3206 3219 3303 3350 3502 4361 4363 4422 4690 4825 4901
159	33	105	20	104 177 295 352 816 1173 1327 1419 1800 1805 2222 2297 2456 2497 2708 2886 3095 3119 3571 3740 3750 3833 3834 3852 3962 4285 4375 4525 4542 4759 4843 4976
172	38	71	20	60 72 222 619 819 1039 1097 1455 1527 1614 1665 1889 2084 2366 2523 2619 2742 2884 3007 3182 3279 4088 4340 4464 4541 4621 4761 4777 4814 4892 4909 4967
188	17	37	20	208 364 434 606 781 798 975 980 1023 1052 1224 1371 1387 1498 1596 1598 1939 2150 2251 2534 2642 3466 3564 3581 3766 4219 4281 4811 4835 4921
220	14	91	20	64 65 324 360 507 647 717 1077 1365 1378 1492 1713 1913 1955 2101 2117 2162 2386 2570 2590 2606 2636 2766 3050 3316 3611 3805 4118 4173 4278 4405 4726 4877
305	31	250	20	122 248 286 460 594 613 658 932 1001 1005 1061 1367 1547 1548 1627 1875 1906 1937 1984 2233 2321 2477 2640 3425 3463 3506 3609 3721 4323 4451 4572 4617 4962
307	5	203	20	172 227 233 382 395 436 599 778 981 1206 1246 1250 1261 1700 1797 1958 2035 2362 2489 2584 3040 3264 3332 3372
324	1	198	20	62 204 407 412 415 510 705 742 1048 1142 1204 1322 1534 1653 1746 1904 2199 2302 3135 3193 3258 3515 3678
326	30	233	22	30 521 577 729 740 772 796 858 1050 1243 1308 1659 1807 1984 2130 2133 2283 2358 2453 3076 3200 3271 3718 3841 4356 4362 4401 4500 4663 4833 4933
347	28	19	22	31 65 74 1364 1597 1825 1855 1895 2033 2279 2312 2442 2498 2695 2981 3007 3042 3214 3308 3707 3791 3863 4074 4177 4263 4335 4513 4553 4640 4752 4757 4869
377	34	245	22	351 357 396 407 446 486 631 912 950 1044 1109 1262 1298 1608 1682 1708 1846 2045 2046 2926 3242 3287 3465 3708 3728 3781 3880 4117 4258 4290 4541 4548 4719
421	24	146	22	68 287 415 755 829 1154 1282 1405 1439 1565 1627 1712 1939 1976 2314 2320 2380 2535 2600 2638 3295 3316 3614 3649 3680 3706 3799 3889 3895 4318 4322 4529 4580 4620 4789
443	22	193	22	264 311 653 693 749 805 822 900 1406 1528 1580 1726 1803 1860 2074 2090 2134 2166 2296 2379 2555 2773 2893 2966 3190 3323 3888 4220 4618 4621 4745
458	27	62	22	298 605 1130 1173 1299 1327 1353 1826 1877 1933 2043 2072 2123 2195 2402 2501 2536 3061 3202 3427 3470 3665 3764 3885 3902 4005 4075 4179 4314 4349 4742 4912 4919
486	37	12	22	104 164 292 409 573 1753 1775 2280 2326 2340 2361 2387 2390 2391 2468 2575 3049 3407 3505 3607 3647 3688 3775 3794 3825 3828 4113 4373 4587 4638 4991
488	21	82	22	363 378 505 645 779 916 972 1033 1212 1289 1814 1821 1949 1954 2423 2701 2721 2724 3194 3425 3615 3921 4027 4166 4338 4629 4639 4728 4759 4999
72	6	173	22	350 443 550 559 752 932 1012 1090 1116 1535 1793 1913 2448 2515 2743 2746 2779 2792 2806 3175 3195 3534 3807 3812 3822 3931 4010 4198 4323 4444 4572 4828
84	36	226	22	161 172 181 212 307 400 681 719 1242 1264 1286 1512 1667 1714 2435 2524 2809 2877 3058 3233 3366 3418 3527 3832 4267 4474 4497 4657 4679 4878
86	4	77	22	39 71 159 455 751 848 882 1045 1411 2212 2357 2382 2719 3096 3185 3372 3488 3631 3672 3913 3946 4165 4285 4328 4339 4351 4392 4441 4501 4709 4712 4863 4972
94	3	31	22	162 278 372 422 426 1063 1343 1368 1379 1390 1418 1442 1475 1851 1921 2048 2057 2604 2650 3170 3394 3410 3500 3805 4134 4257 4300 4306 4411 4536 4645 4676 4841 4900
104	35	155	22	14 116 166 285 616 990 1051 1147 1170 1290 1371 1427 1578 1581 2106 2424 2664 3482 3640 3777 3796 4082 4355 4402 4426 4559 4570 4658 4807 4856
132	11	88	22	168 224 347 555 628 649 769 864 1059 1393 1487 2173 2461 2473 2519 2520 2662 2722 2768 2986 3485 3535 3556 3597 3658 3977 4154 4181 4321 4414 4422 4812 4934
151	9	31	24	110 180 228 446 730 807 881 901 939 1215 1486 1544 1626 1708 1824 1866 2100 2300 2457 2486 2777 3638 3707 3803 3869 3953 4182 4522 4782 4912 4913
182	32	39	22	473 492 705 844 907 1359 1407 1414 1526 1612 1699 1704 1848 1994 2457 2488 2789 2881 3177 3238 3340 3518 3668 3808 3855 4144 4163 4566 4614 4683 4732 4874 4946
201	25	14	22	157 478 524 770 1070 1168 1557 1611 1758 1760 1764 1770 1796 1981 2016 2082 2539 2863 3101 3350 3494 3496 3788 3793 3934 4247 4273 4378 4710 4839 4931
318	8	108	22	205 268 406 490 759 863 952 1351 1472 1816 1847 1871 1959 2050 2437 2517 2554 2586 2660 2679 2700 3110 3135 3176 3244 3585 3916 3995 4250 4459 4733 4928
342	23	60	22	73 87 97 367 411 481 579 866 947 1020 1085 1376 1710 1884 2014 2125 2732 2900 2961 3085 3220 3442 3839 4004 4208 4265 4361 4995 4998
394	29	190	22	390 692 853 967 1064 1235 1497 1734 1956 1970 1979 2026 2087 2147 2205 2433 2617 2672 2988 3183 3645 3670 3735 4008 4094 4216 4241 4287 4315 4368 4531 4539 4701 4985
399	15	2	22	144 279 321 637 1053 1072 1075 1222 1431 1621 1690 1751 1823 2137 2222 2273 2369 2510 2864 2929 2957 3113 3182 3458 3776 3894 3943 4002 4275 4282 4549 4939
440	16	201	22	18 107 121 134 428 665 711 913 1089 1145 1384 1402 1412 1539 1543 1881 2289 2388 2466 2499 2557 2708 2798 3021 3059 3237 3374 3397 3479 3493 3988 4460 4736
489	7	159	22	208 549 1165 1444 1610 1781 1876 1923 1931 1967 2021 2159 2182 2188 2229 2336 2430 2441 2661 2673 3034 3275 3588 3666 3927 4032 4126 4298 4430 4523
4	18	126	22	17 123 259 724 789 933 1013 1028 1239 1488 1576 1769 1936 2004 2012 2038 2044 2184 2582 2714 2936 3022 3265 3336 3462 3561 3849 3893 3997 4213 4844 4932
5	40	120	22	141 216 482 893 941 1161 1192 1259 1283 1381 1687 1759 1901 2013 2293 2772 3307 3339 3346 3599 3684 4019 4176 4215 4248 4266 4461 4850 4910 4988
12	19	86	22	27 34 454 493 644 691 778 884 908 992 1073 1577 1600 1642 1665 1786 2114 2450 2478 2653 2718 2748 3298 3595 3797 3815 3875 4132 4492 4508 4671 4923
33	26	174	22	253 355 475 765 804 1302 1318 1323 1460 1953 2178 2373 2580 2730 2767 2781 2784 2944 3264 3280 3682 3725 3979 4193 4200 4526 4631 4777 4815
45	13	1	22	260 499 514 964 1111 1127 1360 1436 1537 1638 1806 1808 1834 2169 2216 2567 2602 2633 2984 2992 3038 3626 3696 3850 3874 3954 3976 4041 4367 4471 4642 4840 4875
99	39	89	22	11 62 131 155 333 360 362 416 543 679 903 1463 1495 1533 1677 1837 1910 1987 2516 2636 2712 2765 2965 3141 3335 3695 4237 4443 4707 4715 4731 4967
145	2	20	22	336 433 656 809 983 1011 1054 1227 1317 1599 1755 2109 2236 2269 2285 2474 2594 2960 2969 2980 3117 3204 3218 3274 3471 3533 3686 3971 4088 4203 4279 4408 4994
163	12	69	22	102 186 189 270 305 346 833 1082 1186 1307 1507 1531 2040 2126 2323 2495 2609 2627 2678 2782 2939 3020 3153 3163 3355 3591 3604 3662 4231 4299 4317 4682 4830
166	10	123	22	22 114 384 747 929 981 1024 1038 1309 1424 1548 1739 2146 2330 2347 2763 2795 2870 2941 3277 3466 3468 3590 4370 4434 4703 4835 4879
179	20	101	22	80 316 480 669 716 766 909 1476 1645 1656 1973 2465 3031 3044 3151 3424 3539 3548 3603 3650 3673 3740 3780 3887 4018 4061 4236 4347 4855 4895
192	33	24	22	152 213 222 325 557 683 710 861 1256 1272 1344 1348 1399 1421 1831 2061 2185 2221 2487 2842 3107 3157 3197 3198 3269 3639 3953 4095 4750
205	38	152	22	126 209 211 245 250 391 427 494 787 902 1135 1157 1349 1517 1532 1703 1945 2546 2733 2854 3717 3755 4092 4103 4171 4197 4538 4560 4609 4960 4984
222	17	35	22	786 803 961 1392 1587 1839 1850 2001 2019 2098 2365 2523 2799 2950 2967 2999 3155 3283 3293 3477 3512 3856 3994 4055 4118 4228 4479 4695 4805 4867 4937
223	14	6	22	150 227 874 1519 1567 1717 2170 2272 2337 2431 2608 2639 2785 2878 2908 3598 3616 3731 3743 4120 4142 4240 4410 4485 4555 4722 4926 4945 4950
291	31	72	22	9 533 956 1372 1413 1579 1748 1858 1865 2051 2108 2351 2740 2857 3112 3379 3436 3478 3562 3685 3891 3906 3937 3991 4190 4810 4907 4940
292	5	218	22	48 232 309 361 403 476 648 776 894 946 979 1340 1387 1785 1833 2422 2486 2736 2737 2819 2894 3270 3648 3975
322	1	59	22	135 560 618 974 1236 1400 1540 1675 1830 2282 2533 2643 2753 2766 2832 2913 3236 3450 3460 3683 3890 3968 4020
335	30	194	24	305 339 739 760 995 1028 1545 1625 1769 2004 2114 2192 2668 2677 2983 3262 3594 3944 3961 4080 4162 4232 4239 4382 4445 4559 4582 4779 4997
368	28	29	24	121 149 226 432 453 577 773 915 937 1443 1480 1943 2171 2734 2847 3159 3162 3189 3687 3769 4004 4305 4338 4501 4574 4655 4717 4780 4824 4837 4907
406	34	44	24	94 458 857 1159 1210 1213 1281 1404 1415 1562 1581 1805 2301 2329 2370 2608 3212 3273 3364 3400 3884 3939 4008 4281 4690 4895 4905 4928
410	24	136	24	65 138 153 359 385 442 476 479 692 924 954 1658 2225 2272 2407 2577 2742 3173 3320 3474 3497 3539 3742 4123 4213 4308 4494 4671 4716 4772
425	22	3	24	352 547 562 634 914 1035 1103 1119 1242 1436 1582 1932 2022 2202 2352 2790 2960 3000 3164 3433 3503 3510 3558 3677 3920 3962 3992 4144 4181 4855 4858 4971
429	27	234	24	9 296 564 1358 1411 1490 2069 2148 2260 2684 2765 3312 3515 3545 3775 3864 3918 3964 4085 4104 4106 4161 4425 4482 4715 4783 4833 4954 5000
437	37	147	24	7 124 168 401 461 519 573 594 702 754 785 972 1042 1203 1334 1715 2012 2631 2683 2858 3042 3501 3517 3792 3922 4097 4301 4615 4973 4981
451	9	29	26	105 329 609 685 853 877 920 1143 1167 1226 1422 1442 1882 1947 2362 2510 2647 2885 3041 3058 3112 3142 3223 3314 3432 3707 3915 4251 4301 4495 4715 4762
466	21	115	24	6 392 539 763 1113 1149 1273 1330 1466 1632 2029 2264 2531 2666 2728 2770 2774 2804 3163 3207 3241 3409 3488 3585 4052 4388 4454 4630 4765
1	6	195	24	51 75 376 662 926 1065 1196 1256 1318 1830 2190 2451 2490 2675 2798 2864 2906 2921 2947 3021 3104 3178 3254 3339 3832 4002 4359 4499 4653 4745 4840
35	36	13	24	580 629 636 728 945 1061 1424 1721 1762 1829 1914 1929 2132 2344 2792 2946 3114 3302 3315 3322 3345 3549 3875 3988 4254 4364 4485 4507 4786 4926
36	4	237	24	26 193 408 712 766 777 1289 1355 1536 1564 1569 2219 2232 2338 2955 2991 3012 3078 3258 3444 3997 4284 4310 4460 4619 4722 4753 4883
42	3	138	24	364 498 541 859 925 1023 1399 1543 2134 2137 2205 2628 2981 3016 3181 3299 3301 3490 3499 3575 3682 3932 4059 4063 4072 4455 4519
89	35	161	24	48 182 293 814 856 1024 1214 1269 1337 1616 1712 1777 2144 2347 2704 2917 3018 3100 3240 3425 3573 3592 3670 3689 3722 4096 4621 4650 4798 4857 4920
129	11	128	24	81 208 610 650 673 830 957 1347 1592 1605 1759 1836 2123 2252 2425 2437 2459 2597 2602 2640 3335 3376 3407 3624 3779 4526 4668 4884
167	32	96	24	129 425 439 455 486 614 618 687 729 813 1260 1268 1426 1820 1823 1838 1984 2179 2332 2662 2696 2793 3142 3218 3383 3701 4070 4074 4094 4670 4888
204	25	202	24	2 258 703 776 868 955 975 1048 1078 1122 1126 1152 1216 1265 1285 1382 1878 2169 2460 2698 3154 3422 3527 3814 4073 4133 4235 4377 4892 4944
236	8	95	24	13 235 349 396 601 716 996 1107 1272 1491 1601 1930 2522 2609 2844 3139 3232 3770 3778 3801 3886 4102 4114 4124 4209 4583 4699 4865
256	30	3	26	297 448 882 895 1043 1114 1327 2086 2239 2330 2368 2415 2585 2703 3100 3118 3150 3247 3396 3441 3453 3804 3881 4065 4095 4226 4402 4618 4826 4860
362	23	106	24	38 115 155 441 483 512 631 771 991 1308 1366 1738 1885 2141 2757 2763 2897 2911 3277 3413 3574 3653 3763 4075 4262 4412 4508 4514 4525 4651 4988
471	29	50	24	11 32 284 504 847 1479 1556 1938 1990 2183 2583 2657 2740 2764 2832 3219 3248 3266 3286 3361 3389 3647 3656 3762 3896 4304 4517 4847 4898
481	15	171	24	260 589 1021 1104 1342 1441 1446 1553 1674 1850 1949 1962 2017 2637 2772 2915 3290 3401 3675 3727 3810 3882 3998 4453 4488 4609 4637 4825 4914 4925 4940
487	16	32	24	113 116 588 997 1124 1460 1883 2186 2454 2551 2680 2687 2903 2992 3074 3172 3351 3373 3621 3840 3867 4011 4230 4270 4571 4635 4751
9	7	28	24	626 743 768 1114 1270 1271 1349 1412 1828 2172 2216 2411 2611 3064 3118 3126 3375 3636 4061 4293 4555 4811 4866 4902 4922 4994
22	18	151	24	80 314 450 681 736 832 1178 1302 1352 1421 1482 1492 1784 1801 2406 2652 2758 3046 3224 3353 3386 3754 3777 4024 4062 4665 4794
38	40	179	24	21 125 222 306 630 653 654 802 806 968 1014 1192 1228 1274 1294 1597 1754 1857 1913 2185 2268 2869 3342 3608 3836 4324 4495 4560 4948
146	19	149	24	278 592 617 624 850 907 1066 1092 1125 1224 1307 1322 1369 1611 1853 2059 2177 2624 2990 3023 3428 3660 3986 4292 4843 4849
170	26	63	24	186 635 1158 1249 1400 1430 1533 1727 1789 1864 1957 2025 2042 2209 2322 2335 3035 3242 3282 3403 3567 3929 4179 4483 4489 4644 4947
183	13	107	24	52 196 251 764 791 973 1060 1118 1388 1390 1550 2113 2189 2394 2517 2660 2671 2744 2930 3002 3188 3970 4029 4054 4219 4366 4409 4817
260	28	136	26	93 96 494 523 1002 1018 1074 1220 1581 1692 1867 1985 2292 2308 2679 2890 3016 3054 3119 3422 3476 3491 3781 3784 3886 3934 4282 4739 4836 4912 4938
330	39	144	24	424 744 778 854 1183 1472 2054 2122 2726 2766 3184 3641 3702 3804 3807 3828 3903 3916 4040 4346 4360 4391 4540 4554 4557 4663 4806
345	2	185	24	98 205 219 836 912 1032 1909 1968 2170 2250 2669 2767 2910 2949 2967 3055 3080 3108 3223 3311 3343 3758 3817 3990 4019 4140 4184 4429 4826
355	12	58	24	70 90 223 374 447 796 797 1121 1391 1722 2075 2494 2511 3015 3069 3107 3152 3229 3439 4329 4335 4596 4660 4863 4877 4918
25	10	158	24	252 281 311 637 641 820 827 1052 1100 1449 1599 1905 1912 2020 2117 2484 2525 2884 2940 2994 3158 3259 3470 3601 3746 3966 4419 4851
70	20	184	24	139 273 817 1033 1176 1199 1331 1376 1437 1439 1477 1573 1758 2032 2128 2537 2854 3092 3155 3326 3356 3466 3688 3767 4035 4152 4289 4456 4467 4552
117	33	66	24	275 497 596 779 801 1207 1301 1563 1686 1734 1887 2062 2182 2417 2603 2618 2620 3541 3768 3771 4014 4362 4390 4417 4428 4726
118	38	216	24	183 320 518 761 1062 1673 1688 1863 2155 2282 2463 2501 2547 2754 2980 3239 3333 3438 3484 3495 3612 4053 4267 4375 4636 4896
401	17	130	24	23 917 1008 1079 1640 2033 2312 2485 2954 3097 3125 3309 3394 3509 3593 3927 4037 4128 4172 4343 4363 4528 4666 4705 4792 4869
418	14	227	24	40 79 165 322 360 575 680 767 1428 1453 1510 1809 1870 1942 2089 2257 2625 2701 2731 2830 3130 3583 3668 3826 3856 3878 4610 4850
474	31	97	24	68 563 1420 1580 1644 1926 2019 2316 2324 2538 2539 2826 3067 3300 3379 3455 3475 3609 3639 3651 3663 3680 3733 3780 4321 4353 4701 4845
121	5	38	24	92 600 1142 1565 1634 1696 1814 1877 1961 1966 2103 2271 2421 2649 2658 2944 3378 3658 3781 3811 4457 4498 4627 4638
195	1	131	24	156 940 1019 1205 1312 1316 1731 2077 2092 2228 2546 2549 3161 3489 3577 3610 3703 3704 3744 3863 3872 4050 4151
284	34	21	26	333 558 668 956 970 1081 1180 1204 1333 1429 1508 1607 2289 2396 2456 2743 2925 2959 3151 3271 3280 3383 3783 3827 3980 4276 4559 4617 4846
357	24	85	26	279 446 548 670 809 1319 1353 1389 2134 2153 2154 2168 2327 2564 2827 2912 2961 2979 3575 3660 4093 4127 4223 4393 4503 4571 4765
374	22	22	26	140 200 571 1030 1502 1564 1654 2109 2116 2394 2431 2859 3055 3244 3550 3692 3757 4078 4125 4192 4290 4466 4467 4534 4567 4706 4911 4976
7	27	189	26	69 207 555 794 800 906 971 1080 1273 1405 1417 1540 1702 2230 2797 3169 3257 3377 3501 3525 3542 3844 3903 4060 4587 4642 4661 4755
137	37	81	26	248 343 543 599 767 900 1324 1362 1416 1537 1685 1697 2009 2212 2474 2830 3246 3264 3721 3822 4031 4071 4448 4500 4543 4626 4679
295	21	238	26	380 651 1071 1159 1223 1377 1503 1820 1988 2120 2226 2237 2348 2379 2701 2732 2936 3195 3334 3467 3582 4261 4491 4636 4714 4974
391	6	242	26	290 435 638 661 933 1095 1103 1219 1355 1363 1690 1803 1913 2185 2267 2291 2434 2901 3384 3407 3477 3618 4216 4291 4468 4481 4991
468	9	85	28	175 277 302 387 473 540 1145 1470 1540 1699 2307 2354 2495 2577 2749 2759 2782 2792 3171 3350 3356 3621 3631 3896 4068 4242 4433 4930
200	36	175	26	117 328 389 390 433 503 935 1300 1549 2131 2148 2254 2810 2897 2922 2962 3272 3458 3554 3617 3645 3713 4654 4667 4810
273	4	191	26	312 374 532 736 943 980 1014 1579 1701 1865 2115 2475 2717 2752 2981 3310 3320 3342 3419 3965 4110 4119 4151 4773
441	3	139	26	229 241 371 522 593 723 1278 1465 1626 1650 1874 2393 2581 3024 3170 3207 3210 3274 3336 4077 4208 4277 4304 4443 4624 4894
492	35	159	26	124 237 650 697 923 1237 1359 1542 1560 1568 1854 2163 2598 2809 2898 3267 3438 3666 3789 3887 4141 4302 4827 4862 4871
262	11	127	26	88 153 784 855 1036 1269 1271 2220 2229 2486 2629 2630 2759 2861 3013 3121 3288 3603 3676 3940 4303 4315 4580 4598
53	32	214	26	119 127 224 385 611 622 797 1253 1491 1536 1777 1849 2307 2313 2318 3116 3357 3455 3606 3705 4319 4338 4886
58	25	90	26	791 1146 1230 1567 1643 1704 1715 1968 2126 2200 2259 2278 2857 2889 3099 3106 3472 3841 3864 3900 4115 4148 4544 4901
483	8	23	26	8 354 787 1003 1285 1531 1840 1899 2013 2048 2560 2985 2990 3196 3208 3795 3820 3906 4606 4926
214	23	80	26	12 46 184 681 720 989 1110 1280 1368 1596 1792 1914 2367 2837 3596 3619 3627 3773 3876 4404 4523 4865
