Course	Room	Teacher	Time	Students
151	28	49	2	67 431 575 618 1083 1240 1327 1346 1355 1363 1393 1417 1558 1752 1873 1904 1998 2038 2127 2140 2338 2537 2582 2739 2744 2818 2888 3097 3102 3194 3225 3410 3528 3587 3696 3703 3858 3878 3984 4066 4310 4397 4529 4545 4685 4745 4749 4800 4842 4870
269	22	193	2	317 462 516 566 602 995 1014 1379 1467 1493 1568 1658 1699 1728 1753 1799 1832 1997 2080 2145 2201 2262 2501 2531 2550 2642 2895 2973 2983 3216 3312 3370 3597 3675 3743 3753 3809 4057 4226 4353 4521 4534 4587 4687 4811 4861 4989
79	17	70	2	54 167 386 388 641 651 704 864 1056 1061 1167 1236 1251 1518 1759 1776 1793 1807 1924 2061 2161 2183 2255 2352 2415 2615 2689 2823 2962 3014 3034 3086 3122 3136 3294 3604 3727 3750 3845 4151 4305 4361 4437 4441 4542 4728 4741 4983
162	21	77	2	234 271 358 362 432 513 600 646 649 772 1065 1076 1112 1134 1374 1413 1414 1458 1648 1761 1882 1911 1954 2288 2311 2359 2590 2707 2887 2971 2974 3573 3576 3607 3630 3726 3733 3902 3909 3946 4186 4325 4410 4419 4608 4609 4658 4777 4792 4852 4889 4897
405	24	139	2	363 569 608 897 1078 1195 1360 1549 1656 1681 1780 1918 1921 1946 2009 2021 2275 2300 2346 2438 2544 2633 2767 2873 2940 2996 3213 3289 3302 3366 3428 3590 3798 3800 3805 3822 4120 4122 4150 4241 4425 4539 4553 4604 4722 4922 4971
300	14	185	2	17 292 335 373 684 686 715 725 739 845 1151 1341 1416 1696 1722 1868 1983 1991 2050 2060 2173 2330 2538 2701 2735 2750 2815 2822 2856 2858 2935 3032 3537 3799 3850 4014 4049 4090 4100 4189 4229 4370 4444 4533 4727 4738 4791 4917 4979
18	1	51	2	80 274 452 562 638 656 747 767 934 957 1036 1288 1744 1798 2067 2124 2197 2265 2339 2474 2493 2534 2621 2658 2793 2871 3060 3157 3172 3175 3234 3337 3408 3557 3613 3676 3814 3968 4136 4193 4340 4357 4831 4869 4936 4949
43	16	155	2	61 66 138 222 502 670 797 892 915 937 944 1001 1115 1127 1239 1403 1471 1479 1665 1743 1766 1819 1945 1989 2019 2189 2281 2517 2631 2995 3128 3197 3280 3358 3479 3501 3772 4172 4251 4308 4583 4704
59	7	183	2	208 302 338 450 583 700 879 899 933 1242 1249 1316 1347 1384 1499 1528 1531 1596 1710 2039 2153 2218 2264 2365 2471 2613 2848 2949 3026 3071 3210 3462 3467 3581 3622 3870 3977 4281 4319 4348 4376 4577 4603 4784
260	33	235	2	233 384 447 487 631 679 691 749 960 1021 1579 1631 1846 2017 2096 2134 2159 2350 2376 2398 2482 2488 2570 2692 2779 2900 2980 3297 3309 3329 3354 3359 3497 3624 3650 3728 4076 4224 4320 4366 4550 4807 4823 4829
335	39	48	2	85 235 419 517 563 625 650 685 919 938 998 1048 1087 1095 1198 1229 1312 1368 1485 1587 1655 1657 1662 1682 1801 2144 2303 2738 3160 3508 3533 3762 3835 3885 3922 4041 4209 4217 4359 4415 4546 4575 4579 4803 4815
17	40	238	2	43 425 429 560 894 929 972 1013 1119 1209 1274 1574 1685 1727 2298 2307 2485 2556 2682 2760 2851 2891 2922 3059 3094 3244 3286 3313 3373 3523 3744 3771 3846 4047 4142 4158 4170 4194 4506 4528 4554 4621 4657 4808
31	25	210	2	13 430 467 557 578 622 841 930 996 1101 1238 1270 1385 1506 1526 2003 2014 2068 2074 2244 2666 2755 2839 2861 2881 2905 3083 3111 3379 3391 3541 3548 3565 3579 3739 4169 4256 4297 4337 4501 4598 4612 4762 4782 4859 4934
427	32	62	2	104 211 287 380 518 712 1025 1388 1422 1504 1815 1827 1833 1910 1913 2130 2168 2181 2219 2223 2314 2321 2355 2367 2374 2529 2749 2801 3046 3058 3063 3095 3120 3139 3140 3183 3278 3336 3655 3679 3914 4097 4279 4655 4710 4944 4990
87	35	209	2	65 188 316 367 441 565 1030 1038 1053 1131 1389 1410 1439 1514 1576 1610 1667 1817 1944 1950 2373 2409 2479 2533 2902 2908 2920 3033 3156 3355 3443 3478 3496 3542 3700 3782 3855 3861 4339 4623 4796 4835 4871 4933
96	9	19	2	599 798 839 950 1080 1207 1269 1448 1541 1570 1621 1683 1838 1956 1961 2051 2151 2217 2221 2232 2402 2511 2695 2986 3077 3146 3267 3356 3639 3690 3900 3915 3918 4043 4205 4327 4375 4541 4571 4626 4645 4953
135	23	121	2	11 355 456 769 874 985 1066 1192 1202 1259 1432 1540 1613 1624 1626 2105 2239 2277 2294 2407 2520 2820 2821 2828 2835 2843 2883 2998 3042 3218 3247 3421 3510 3866 3867 3903 4143 4345 4408 4498 4926 4930
197	12	65	2	8 9 158 382 582 694 726 766 800 829 858 917 963 1415 1455 1633 1697 1738 1957 2295 2296 2406 2427 2448 2542 2562 2563 2601 2626 2685 2853 2857 2951 3040 3091 3108 3333 3416 3463 3698 3816 3877 3987 4369 4434 4633
344	38	131	2	207 305 312 404 734 788 818 1032 1222 1275 1319 1336 1500 1692 1836 1874 2101 2117 2128 2390 2449 2516 2686 2776 2795 3114 3116 3268 3279 3306 3343 3400 3449 3498 3647 3694 4022 4431 4555 4648 4667 4775 4896 4945
166	31	141	2	48 98 111 224 270 282 323 397 409 634 861 945 1027 1213 1219 1297 1406 1691 1915 1999 2043 2090 2170 2224 2317 2329 2432 2499 2513 2586 2770 2913 3316 3442 3680 4003 4063 4072 4292 4329 4360 4635 4670 4734
263	5	190	2	22 206 229 275 415 512 559 737 1091 1155 1244 1429 1460 1508 1634 1908 1923 1953 2079 2123 2216 2328 2417 2467 2719 2722 2969 3239 3486 3531 3674 3684 3787 3981 3994 4028 4074 4300 4303 4388 4471 4557 4611 4919
297	15	114	2	465 539 573 1012 1041 1147 1334 1353 1364 1594 1619 1704 1883 1962 2056 2588 2641 2668 2674 2710 2817 2880 3415 3491 3582 3644 3830 3935 4034 4048 4182 4260 4427 4476 4509 4703 4705 4771 4862 4863 4943
367	30	240	2	174 204 263 448 495 636 707 903 1142 1529 1642 1718 1721 1736 1754 1848 1996 2055 2057 2113 2400 2450 2480 2704 2734 2772 2775 2942 3288 3707 3873 3959 4110 4121 4157 4181 4289 4354 4433 4454 4466 4716 4867 4879
412	10	124	2	251 327 351 556 603 648 748 970 1169 1170 1183 1233 1291 1462 1539 2011 2110 2138 2185 2451 2496 2551 2598 2781 2868 2878 2938 3109 3236 3318 3335 3339 3369 3381 3593 3623 3832 4079 4380 4443 4485 4732 4764 4818
438	26	106	2	55 150 181 267 548 706 746 869 871 887 896 941 1004 1205 1224 1307 1365 1591 1713 1725 1783 1806 2100 2302 2343 2664 2836 2957 3100 3126 3189 3361 3566 3615 3825 3879 3950 4096 4235 4290 4518 4642 4681 4860 4998
10	11	79	2	136 154 157 283 470 553 588 623 906 1070 1110 1116 1130 1247 1340 1447 1492 1575 1804 1850 2305 2333 2472 2548 2610 2611 2670 2934 3456 3560 3635 3671 3779 3828 3862 4125 4312 4457 4592 4596 4650 4689 4706 4766
242	27	202	2	19 58 74 78 182 320 454 527 873 956 976 1166 1199 1230 1369 1411 1760 2004 2135 2246 2679 2846 2941 3000 3017 3223 3314 3505 3571 3686 3723 3815 4088 4373 4391 4418 4428 4723 4788 4832 4846 4877 4952
294	8	173	2	38 178 405 476 489 653 654 689 926 1033 1279 1367 1469 1673 1774 1788 1805 1974 2036 2083 2116 2172 2226 2389 2460 2645 2693 2740 2808 3242 3292 3394 3425 3652 3670 4323 4377 4448 4540 4591 4787 4827
310	28	209	4	260 466 571 671 779 867 915 1009 1090 1338 1444 1661 1667 1787 1974 2005 2230 2322 2502 2697 2713 2755 2933 2965 3063 3311 3348 3494 3619 3782 3802 3845 3920 3943 4006 4083 4130 4543 4577 4850 4858 4929 4932 4937 4942
321	2	237	2	21 904 1121 1216 1475 1543 1729 1972 2142 2184 2310 2424 2639 2797 2826 2901 2943 3045 3206 3248 3264 3349 3377 3385 3430 3444 3475 3813 3818 3839 4198 4316 4478 4494 4504 4601 4613 4627 4646 4696 4743 4844 4959
338	36	207	2	27 59 220 494 585 644 842 1089 1218 1260 1285 1300 1335 1409 1461 1762 1786 1844 2266 2349 2660 2715 3159 3182 3342 3409 3429 3572 3838 3843 3929 3936 4334 4358 4368 4403 4487 4530 4865 4981
373	19	150	2	148 159 276 280 383 515 662 710 1144 1191 1308 1310 1421 1486 1676 1907 2121 2248 2253 2293 2336 2557 2616 2708 2946 3127 3155 3330 3598 3633 3683 3803 3806 3876 3940 4086 4238 4574 4669 4801
111	20	182	2	197 326 508 542 655 753 955 1452 1547 1602 1854 1864 1892 2191 2263 2282 2478 2917 2960 3190 3196 3737 3957 3995 4046 4091 4092 4167 4213 4239 4349 4365 4450 4463 4588 4628 4641 4876
186	3	227	2	18 544 678 857 936 1050 1185 1311 1380 1567 1810 1820 1837 1870 2270 2273 2412 2476 2506 2656 2699 2862 2872 3104 3447 3589 3795 3811 3960 4141 4152 4273 4387 4430 4490 4597 4900 4951
262	6	220	2	131 187 244 266 340 434 459 479 500 540 552 580 647 807 823 837 1298 1430 1674 1695 1813 1899 2085 2196 2301 2454 2593 2630 2939 3020 3153 3407 3438 3493 3586 3595 3636 3923 3975 4129 4274 4462 4465 4690 4903 4966
281	37	64	2	113 125 485 576 620 808 989 1176 1212 1231 1544 1569 2010 2069 2342 2521 2558 2768 3016 3209 3380 3511 3517 3603 3719 3766 3928 4056 4140 4161 4436 4512 4520 4698 4904 4970 4974 4994
423	29	142	2	75 81 252 265 350 412 457 530 727 868 880 987 1028 1073 1254 1473 1625 1756 1785 1931 2005 2206 2210 2313 2592 2640 2774 2988 3089 3162 3188 3433 3500 3503 3550 3605 3917 4078 4426 4442 4481 4636 4717 4779 4887 4980
486	34	95	2	341 478 488 589 733 862 1098 1136 1138 1157 1281 1320 1337 1643 2129 2193 2440 2465 2500 2576 2809 2875 2947 3171 3504 3600 3693 3701 3836 4018 4190 4330 4396 4424 4569 4776 4797 4964
493	13	71	2	1 201 217 303 356 360 372 503 545 549 595 628 947 1085 1495 1764 1936 2047 2250 2268 2387 2457 2587 2627 2653 2903 2929 3338 3440 3465 3544 3559 3742 3763 3871 4113 4219 4313 4432 4730
24	18	119	2	6 193 195 273 330 579 586 614 639 705 1509 1553 1700 1749 2006 2040 2072 2182 2397 2435 2618 2688 2700 2824 2837 2841 2859 3124 3249 3539 3602 3659 3767
72	4	215	2	34 62 116 365 413 690 781 893 902 1125 1221 1272 1371 1418 1559 1645 1859 1948 2192 2204
113	22	24	4	250 278 408 478 600 681 824 834 912 920 1186 1226 1265 1500 1518 1537 1555 1611 1633 1966 2404 2600 2630 2831 2956 2985 3061 3156 3225 3372 3385 3508 3921 3973 4055 4240 4333 4344 4423 4426 4949
192	17	125	4	199 237 309 413 576 606 645 683 1198 1445 1455 1578 1628 1703 1789 2062 2135 2308 2520 2559 2601 2639 2751 2785 2866 2952 3004 3107 3323 3344 3455 3471 3737 3800 3896 3961 4267 4271 4456 4699 4742 4957
201	21	168	4	133 544 773 1165 1327 1330 1473 1539 1551 1586 1745 1988 2198 2358 2391 2593 2998 3097 3109 3260 3401 3450 3474 3624 3628 3755 3792 3898 4099 4159 4214 4503 4510 4640 4688 4697 4701 4838 4839 4853 4974
221	24	82	4	189 210 227 299 689 690 1106 1268 1310 1355 1588 1834 1858 1864 2020 2159 2284 2465 2592 2619 2734 2763 2804 3095 3154 3218 3307 3390 3410 3453 3575 3647 3715 3803 3884 4025 4135 4155 4849 4966
397	14	22	4	44 383 419 474 483 503 712 961 982 1065 1177 1780 1785 1863 1916 1945 2034 2082 2193 2278 2464 2567 2624 2626 2786 2904 3074 3402 3729 3867 3927 3994 4002 4218 4279 4291 4430 4436 4483 4589 4659 4710 4775
430	1	171	4	105 272 457 729 764 793 817 860 1100 1406 1530 1668 1877 1920 2054 2080 2228 2350 2368 2411 2557 2640 2705 2822 2825 2995 3008 3036 3062 3123 3144 3257 3273 3555 3935 4110 4365 4368 4467 4521 4721 4738 4811
455	16	35	4	62 63 69 135 269 270 512 766 774 863 997 1057 1137 1224 1334 1405 2149 2197 2453 2554 2720 2868 2994 3015 3238 3259 3287 3593 3833 3878 4112 4233 4459 4484 4565 4617 4711 4920 4993
468	7	248	4	46 111 162 218 220 420 659 680 858 965 1014 1045 1370 1420 1642 1662 1816 1832 2031 2053 2225 2248 2311 3041 3046 3139 3242 3253 3379 3499 3512 3719 3853 3923 4001 4012 4034 4203 4298 4304 4387 4759
69	33	131	4	33 53 160 417 484 928 958 985 1096 1167 1311 1450 1950 2010 2013 2151 2543 2564 2920 2924 3066 3294 3333 3395 3661 3684 3786 3822 3829 4050 4164 4168 4173 4200 4310 4357 4411 4429 4704 4763 4917
77	39	40	4	32 239 311 547 668 812 1191 1279 1333 1471 1481 1804 1826 1889 1892 2039 2211 2220 2427 2479 2778 2934 2938 2950 2983 3105 3158 3163 3175 3244 3490 3756 3812 3838 3843 3969 4003 4146 4151 4185 4986
129	40	147	4	35 117 151 173 409 595 734 780 926 927 1002 1108 1132 1163 1256 1432 1447 1457 1724 1906 2217 2658 2660 2676 2730 3065 3204 3291 3343 3381 3386 3529 3700 3722 3872 3918 3980 4122 4145 4437 4895
172	25	26	4	124 134 156 349 550 570 750 791 1018 1023 1239 1248 1418 1435 1560 1569 1581 1603 1605 1887 2106 2351 2362 2525 2611 2877 2894 2996 3088 3202 3241 3451 3568 3606 3788 3837 3983 4161 4350 4468 4772 4790 4901 4944
173	32	211	4	167 219 285 479 575 630 650 964 1111 1114 1238 1400 1507 1607 1777 1862 2152 2233 2476 2498 2643 2726 2849 3031 3705 3721 3948 4075 4192 4274 4374 4386 4505 4615 4678 4681 4843 4897 4958
183	35	130	4	25 198 215 460 533 587 619 665 1130 1243 1335 1513 1565 1609 1615 1639 1704 1911 2047 2105 2331 2418 2625 2718 3208 3297 3398 3509 3551 3695 3754 3905 3968 3987 4280 4404 4494 4532 4582
188	9	116	4	143 228 240 318 418 507 531 586 647 718 827 1043 1080 1257 1328 1392 1472 1617 1978 2332 2392 2513 2614 2723 2882 2911 3009 3013 3035 3142 3170 3180 3235 3332 3440 3535 3735 3814 4432 4450 4676 4735 4911 4960
314	23	138	4	82 122 175 558 720 724 725 782 956 1019 1103 1247 1298 1356 1482 1487 1616 1831 2044 2148 2241 2413 2430 2475 2631 2724 2729 2787 2910 3075 3338 3459 3635 3816 3854 3914 3951 4176 4441
339	12	6	4	20 480 500 605 742 891 908 1117 1423 1476 1483 1497 1619 1728 1808 1809 1937 1951 2098 2165 2229 2244 2313 2451 2668 2737 3740 3746 3897 3944 4074 4211 4247 4278 4339 4502 4687 4728 4751 4794
368	38	236	4	4 72 114 433 603 658 775 789 1171 1179 1208 1267 1375 1488 1535 1548 1709 2345 2416 2585 2789 2944 2968 3056 3358 3369 3408 3424 3495 3742 4013 4153 4188 4222 4533 4720 4733 4802 4892 4946
482	31	184	4	144 178 191 207 336 498 537 687 697 1006 1049 1227 1244 1305 1686 1732 1904 2024 2245 2261 2356 2431 2447 2452 2570 2634 2929 2972 3081 3137 3176 3237 3432 3469 3478 4119 4272 4302 4326 4371 4418 4695 4948
25	5	109	4	92 266 664 723 814 866 879 884 910 939 1260 1262 1273 1359 1402 1733 1879 2029 2140 2160 2318 2509 2578 3023 3045 3159 3178 3184 3210 3215 3591 3727 3835 3926 3999 4108 4140 4455 4500 4959
34	15	220	4	247 743 796 849 878 973 1264 1390 1584 1599 1624 1652 1884 1965 2274 2283 2357 2481 2698 2795 2805 2891 2912 3217 3353 3439 3797 3819 3942 4015 4077 4089 4106 4109 4217 4523 4644 4646 4702 4821 4879 4906
49	30	10	4	29 126 238 284 416 856 861 898 918 1075 1149 1159 1283 1303 1387 1428 1660 1805 1810 2141 2212 2227 2384 2442 2602 2740 2812 2903 3090 3255 3281 3461 3645 3828 4127 4348 4358 4417 4583 4762 4804
54	28	147	6	164 223 884 967 1013 1385 1403 1674 1851 2109 2151 2174 2229 2802 2951 3061 3123 3147 3230 3309 3368 3476 3625 3761 3822 3844 3862 3916 3957 4077 4165 4221 4268 4401 4572 4607 4658 4665 4690 4731 4893 4958
85	10	191	4	26 76 265 350 370 493 511 673 696 859 880 904 1076 1168 1336 1380 1523 1969 2072 2119 2131 2238 2276 2324 2343 2653 2782 2976 3162 3250 3545 3608 3638 3856 3917 4115 4121 4576 4760 4808 4915 5000
136	26	249	4	116 306 405 489 572 585 597 638 953 983 1039 1126 1362 1798 1830 1927 2192 2367 2380 2383 2898 2915 3011 3029 3120 3190 3347 3482 3500 3533 3546 3547 3564 3620 3703 3990 4035 4162 4452 4531 4877 4939 4978
157	11	205	4	132 141 252 346 452 657 703 708 1026 1054 1113 1160 1249 1277 1284 1307 1382 1562 1582 1788 1872 1909 1912 2015 2116 2300 2323 2629 3059 3269 3569 3578 4190 4440 4605 4631 4847
165	27	246	4	102 301 614 923 972 976 1302 1498 1676 1689 1762 1767 1824 1847 2012 2079 2132 2265 2466 2524 2646 2869 2886 3079 3143 3264 3267 3350 3417 3601 3613 3696 3791 3893 4052 4229 4262 4383 4558 4560 4609
179	8	88	4	202 209 268 476 502 525 1020 1073 1104 1118 1173 1192 1212 1397 1594 1729 1853 1976 2251 2441 2454 2468 2555 2669 3222 3256 3388 3465 3560 3631 3827 3857 4024 4224 4290 4516 4546 4585 4809
199	2	144	4	166 248 321 333 366 529 554 745 761 786 799 864 999 1046 1235 1308 1343 1485 1492 1554 1640 1670 1707 1731 1735 2275 2280 2285 3016 3212 3405 3581 3621 4076 4444 4466 4507 4545 4612 4621 4642 4785
209	22	246	6	342 468 492 606 683 1203 1377 1434 1501 1609 1629 1781 1803 1846 2123 2340 2361 2519 2670 2714 2859 2907 2909 2941 3016 3351 3481 3700 3874 4227 4480 4482 4614 4680 4719 4746
222	36	169	4	161 185 274 451 510 682 754 755 810 1231 1286 1288 1293 1531 1575 1643 1711 1896 1929 2049 2051 2109 2259 2590 2663 2680 2980 2981 3209 3306 3412 3523 3537 3662 3678 3850 3852 3941 4032 4148 4661 4891 4953
237	19	29	4	5 127 183 200 223 444 495 1037 1123 1285 1292 1410 1580 1726 1844 1983 2571 2622 2764 2819 2828 2969 2991 3283 3320 3426 3489 3758 3879 4179 4208 4258 4284 4285 4321 4555 4667 4757 4781 4816 4938
256	20	78	4	16 267 430 521 556 692 710 816 911 1029 1081 1105 1486 1526 1613 1646 1739 1925 1948 2146 2177 2326 2328 2408 2695 2703 3037 3304 3643 3648 3664 3677 3689 3752 3869 4091 4398 4602 4650 4748 4835
283	3	110	4	50 106 130 450 473 577 592 730 830 969 1091 1172 1621 1650 1694 1800 2236 2457 2612 2760 2921 3200 3393 3538 3610 3634 3691 3720 3760 3832 3953 4210 4277 4400 4413 4438 4580 4594 4753 4913 4964 4981
353	6	76	4	6 314 344 455 561 644 707 870 1204 1253 1324 1468 1558 1655 1825 1874 1943 2153 2174 2360 2435 2510 2519 2884 3106 3290 3314 3457 3466 3506 3642 3841 4045 4085 4120 4149 4239 4308 4338 4633 4926
357	37	208	4	181 352 504 652 757 889 1141 1210 1470 1508 1532 2419 2443 2535 2581 2667 2694 2748 2859 2870 2967 3049 3327 3355 3404 3594 3714 3825 4004 4063 4098 4254 4315 4416 4574 4654 4712 4732 4754 4848 4863 4876 4899
374	29	13	4	68 139 313 322 678 698 785 932 1001 1147 1219 1348 1379 1463 1632 1845 1895 2221 2444 2977 3110 3458 3468 3567 3706 3738 3763 3810 3962 3989 4018 4100 4331 4354 4689 4814 4819 4963
388	34	53	4	57 98 201 342 449 522 539 815 847 1010 1021 1042 1116 1287 1316 1495 1678 1857 2154 2222 2279 2348 2558 2609 2632 3167 3266 3305 3609 4030 4033 4041 4069 4144 4165 4242 4391 4522 4653 4780
407	13	91	4	65 171 536 546 662 726 728 748 934 1122 1413 1533 1600 1656 1776 1812 2063 2097 2129 2359 2376 2439 2699 2845 2861 2927 3165 3352 3444 3617 3741 3891 4061 4073 4252 4741 4779 4791 4936
420	18	39	4	1 242 407 411 579 599 803 846 1134 1229 1325 1345 1376 1478 1534 1543 1576 1902 1996 2058 2167 2196 2507 2959 3161 3174 3308 3309 3477 3517 3561 3663 3907
422	17	6	6	242 435 580 612 689 778 795 932 976 1133 1233 1350 1476 1521 1778 1779 2058 2273 2536 2720 2798 2896 3018 3051 3055 3091 3149 3254 3344 3448 3450 3493 3541 3578 3746 4294 4497 4655 4871
457	4	93	4	385 488 515 838 845 872 886 901 980 1245 1255 1409 1433 1659 1939 2321 2398 2461 2473 2500
466	21	230	6	9 95 177 278 303 339 769 776 1097 1186 1472 1546 1586 1670 1831 1883 2233 2312 2385 2389 2603 2827 2878 2950 2984 3040 3238 3353 3413 3499 3539 3543 3609 3727 3894 3976 4065 4092 4351 4473 4510 4997
27	24	58	6	46 117 491 984 1007 1016 1049 1050 1088 1395 1411 1446 1693 1880 1965 2087 2268 2431 2562 2845 2866 2905 3182 3270 3321 3376 3382 3615 3673 3713 3975 4303 4521 4609 4697 4699 4726
46	14	90	6	113 135 167 338 662 677 924 1115 1295 1560 1701 1715 1716 1893 2096 2156 2291 2379 2466 2792 3023 3106 3141 3169 3216 3249 3953 4032 4072 4114 4180 4181 4231 4350 4569 4590 4691 4847 4914 4921 4928 4931
99	1	23	6	39 196 221 724 810 998 1077 1514 1646 1708 1735 1782 1821 2014 2046 2063 2139 2171 2260 2597 2870 2947 3074 3158 3190 3445 3544 3555 3682 3717 3728 3819 3961 4010 4131 4386 4449 4555 4844
119	16	189	6	151 347 426 619 889 1161 1213 1293 1378 1381 1423 1796 1814 1869 1881 1973 1994 2068 2282 2407 2459 2493 2628 2761 2858 3012 3213 3327 3371 3586 3723 4160 4243 4315 4409 4414 4422 4540 4751 4865 4982
141	7	20	6	59 300 400 528 794 873 1065 1512 1526 1578 1630 1685 1731 1879 1993 2178 2199 2274 2326 2506 2606 2843 2911 2966 2976 3073 3095 3117 3346 3744 3758 3825 3978 4442 4796 4823 4848 4902
145	33	245	6	128 569 645 775 836 1029 1107 1168 1182 1348 1413 1436 1542 1679 1740 1817 2043 2047 2111 2474 2505 2551 2713 2785 3134 3196 3409 3498 3729 3924 4083 4155 4163 4274 4578 4662 4670 4764
148	39	160	6	72 79 152 205 405 848 902 1241 1590 1710 1816 1845 1852 2187 2285 2315 2451 2651 2664 2671 2686 2688 2997 3231 3406 3411 3567 3616 3621 3681 3720 3779 3793 4024 4070 4094 4256 4352 4402 4654 4995
176	40	5	6	14 142 527 772 833 857 1152 1171 1376 1444 1663 1669 1979 2025 2031 2055 2435 2489 2530 2933 3070 3325 3338 3487 3595 3763 3789 3925 4121 4244 4309 4557 4600 4660 4784 4833 4924
177	25	8	6	41 99 389 423 637 649 720 894 1074 1076 1126 1259 1335 1665 1720 1770 1818 2290 2425 2443 2449 2457 2510 2717 2847 3019 3043 3088 3239 3335 3510 3530 3754 4084 4156 4264 4518 4549 4821 4855
194	32	190	6	252 290 456 548 586 661 741 760 875 1138 1200 1208 1236 1332 1429 1540 1607 1644 1725 1775 1945 2205 2265 2316 2584 2693 2702 2766 3013 3220 3403 3528 3604 3660 3881 3956 4007 4263
203	28	245	8	366 466 480 627 790 804 843 1008 1252 1271 1289 1487 1734 1814 1869 2032 2065 2180 2320 2388 2579 2777 2783 2926 3060 3245 3327 3341 3508 3550 3577 3626 3766 3884 3903 4189 4915 4951
214	35	139	6	321 324 355 463 609 732 801 806 815 922 955 1215 1394 1419 1836 1918 2059 2086 2188 2223 2356 2419 2607 2719 2900 3200 3511 3811 3948 4111 4152 4471 4529 4676 4923 4935
216	9	16	6	19 274 354 359 471 686 824 897 954 1079 1105 1132 1136 1190 1317 1384 1496 1862 1865 2157 2169 2213 2398 2629 2712 2742 2932 3253 3420 3797 3960 3974 4043 4099 4328 4429 4503 4750 4920
226	23	60	6	258 297 319 380 399 401 511 583 682 700 715 748 765 843 923 948 1072 1372 1569 1666 1891 1900 2032 2338 2669 2987 3165 3316 3542 3570 3614 3656 3749 4074 4341 4438 4604 4720 4783 4795 4828 4895
236	12	55	6	4 171 599 773 785 893 1062 1124 1271 1322 1326 1365 1517 1653 1726 1840 1901 1906 1925 2067 2209 2252 2323 2681 2724 2733 2737 2930 2978 3000 3193 3477 3735 3791 4046 4202 4372 4677 4763
252	38	49	6	199 270 613 669 692 802 877 895 987 1025 1205 1308 1382 1471 1604 1748 1794 2008 2069 2184 2318 2391 2406 2448 2520 2587 2794 2815 2839 3002 3017 3197 3214 3780 3835 4054 4242 4420 4867 4872 4904 4994
254	31	159	6	181 219 222 236 266 313 398 407 446 593 600 1164 1222 1242 1329 1333 1368 1585 1624 1884 1902 1960 2000 2216 2283 3115 3150 3245 3319 3345 3435 3574 3619 3939 3972 4145 4276 4296 4418 4656 4866 4956
255	5	122	6	134 201 230 284 312 406 497 597 616 627 634 891 1031 1243 1273 1678 2367 2488 2504 2731 2880 2890 2897 3047 3187 3241 3320 3748 3817 4042 4147 4651 4652 4759 4810 4900 4938 4987
268	15	199	6	238 427 483 768 814 1022 1119 1187 1196 1217 1232 1750 1769 1826 1898 2114 2203 2355 2396 2816 2826 2842 2883 2973 3646 3708 3760 3764 3809 3815 3899 3919 4406 4410 4814 4825 4834 4979
273	30	104	6	65 169 461 479 665 738 996 1228 1462 1577 1681 1737 1797 2021 2077 2228 2387 2585 2600 2602 2692 2964 3037 3279 3452 3480 3545 3547 3592 3599 3737 3840 3897 4175 4248 4326 4356 4466 4528 4530 4774 4858 4948
303	10	192	6	22 110 298 325 392 396 559 625 673 695 788 866 881 945 1040 1170 1610 1637 1738 1761 1789 1914 1977 2097 2129 2464 2518 2594 2784 3027 3087 3436 3851 3863 4182 4301 4316 4820 4941 4947 4971
317	26	213	6	7 10 594 826 938 973 1039 1323 1525 1614 1660 1687 1829 1932 1956 1964 2176 2272 2307 2455 2638 2823 2972 3133 3362 3631 3675 3688 3730 4169 4178 4332 4595 4694 4771 4813 4851 4869 4960 4964
336	11	115	6	2 100 132 168 289 632 633 846 943 1102 1110 1257 1694 1815 1878 1921 2179 2251 2303 2577 2673 2687 2775 3240 3285 3434 3582 3770 3849 4097 4137 4184 4208 4230 4240 4434 4526 4782 4861 4965 4968
387	27	42	6	82 125 160 206 271 336 373 384 477 496 607 1012 1146 1359 1467 1757 1985 2254 2352 2463 2675 2759 3094 3098 3148 3199 3302 3390 3422 3522 3638 3892 3977 4102 4207 4288 4293 4455 4548 4637 4768 4945 4976
35	8	218	6	24 180 276 293 358 424 752 784 868 974 1047 1055 1513 1833 1841 2208 2310 2414 2461 2470 2726 2806 3025 3290 3324 3419 3453 3509 3596 3610 3759 3794 3912 3914 4474 4481 4501 4584 4721 4765
37	2	239	6	23 162 390 513 545 793 914 1145 1180 1212 1318 1500 1888 2060 2095 2295 2382 2991 3054 3124 3634 3695 3752 3812 3838 3999 4071 4095 4203 4245 4287 4563 4641 4797 4882 4950 4985
41	36	94	6	32 226 520 971 982 1024 1059 1140 1422 1480 1688 1793 1961 2052 2100 2220 2235 2286 2331 2421 2573 2650 2689 2746 2757 2999 3112 3394 3529 3946 3959 4128 4459 4493 4500 4517 4650
52	19	99	6	73 96 101 395 566 577 617 660 702 838 878 1108 1148 1151 1430 1464 2079 2207 2408 2569 2579 2591 2684 2970 3010 3114 3129 3157 3467 3508 3970 4191 4193 4239 4251 4338 4717 4846 4898 4927 4996
80	20	183	6	53 69 253 328 506 1006 1071 1246 1303 1773 2028 2042 2070 2072 2093 2335 2433 2576 2589 2704 2889 3006 3049 3143 3191 3204 3235 3283 3399 3446 3706 3850 3888 3935 3968 4132 4225 4371 4435 4605
98	3	73	6	372 478 739 972 1093 1120 1175 1206 1231 1245 1302 1344 1386 1494 1605 1641 1856 1924 1938 2030 2416 2477 2542 2696 2795 2927 2957 3008 3275 3378 3519 3699 3882 4011 4632 4663 4673 4773
114	6	219	6	145 233 409 485 714 781 905 912 915 962 965 1011 1046 1135 1240 1412 1677 1812 2436 2494 2513 2572 2791 2852 3028 3092 3257 3383 3558 3576 3654 3898 3922 3982 3998 4000 4174 4201 4475 4488 4708 4984
115	37	14	6	58 70 109 154 675 737 804 1144 1214 1407 1409 1477 1709 1733 1776 2302 2337 2380 2390 2392 2468 2829 3153 3233 3405 3648 3704 3732 3738 3808 4027 4029 4040 4068 4123 4527 4603 4625 4674 4776
138	29	241	6	47 218 235 254 362 449 579 602 859 904 1008 1106 1252 1264 1388 1459 1527 1835 2024 2164 2276 2317 2322 2485 2531 2685 3011 3080 3496 3736 3745 3810 3955 4063 4246 4735 4940 4999
174	34	225	6	78 758 813 913 1026 1596 1904 2041 2354 2401 2709 2734 2904 2923 2939 3096 3247 3267 3381 3473 3502 3627 3637 3658 3942 3989 4086 4196 4425 4516 4542 4737 4790 4957 4983 4998
178	13	188	6	214 234 331 357 504 652 656 942 1052 1137 1280 1301 1391 1573 1611 1654 2231 2246 2256 2363 2378 2402 2728 2958 3229 3276 3334 3372 3597 3765 3853 3885 3909 3963 4236 4249 4411 4981
184	18	103	6	112 452 584 849 900 907 951 1104 1315 1635 1661 1668 1820 1995 2001 2549 2566 2786 2836 2977 3066 3201 3304 3364 3443 3489 3549 3557 3611 3807 3833 3886 4061
198	4	180	6	176 261 302 351 368 460 1440 1442 1451 1561 1691 1705 1729 1758 1943 1946 2016 2054 2345 2437
200	22	217	8	42 368 517 735 763 841 953 996 1160 1274 1381 1506 1658 1698 1723 1873 2483 2555 2656 3025 3039 3098 3101 3184 3243 3272 3305 3375 3497 3524 3831 3916 4021 4160 4325 4389 4782 4841 4854 4871
232	17	232	8	143 258 335 340 342 404 659 786 787 806 1003 1038 1185 1277 1366 1489 1577 1733 1856 1891 1931 2029 2123 2162 2216 2230 2273 2663 2666 2757 2758 2768 2803 2943 3293 3391 3795 4458 4557 4846
279	21	156	8	12 83 229 381 471 611 783 1130 1270 1326 1755 2005 2107 2147 2237 2459 2462 2501 2529 2681 2772 2853 2919 2984 3233 3354 3917 3938 4168 4216 4270 4296 4461 4576 4620 4795 4924 4975
315	24	101	8	33 313 337 755 760 798 895 1349 1699 1881 1885 2015 2030 2061 2124 2141 2245 2422 3140 3290 3428 3435 3806 3855 4023 4084 4277 4332 4336 4360 4366 4409 4414 4469 4509
372	14	155	8	45 116 149 170 372 470 474 887 994 1060 1118 1219 1278 1392 1465 1802 1984 2116 2294 2620 2636 2649 2745 3251 3517 3534 3672 3907 3992 4156 4214 4324 4421 4567 4571 4740 4886 4928
410	1	203	8	162 385 623 875 1007 1013 1102 1142 1145 1332 1377 1724 1788 1923 2178 2249 2281 2361 2425 2550 2626 2650 2735 2747 2936 3010 3075 3406 3594 3878 4031 4176 4294 4320 4362 4628 4806
426	16	158	8	8 15 21 166 364 367 386 432 674 903 963 1225 1237 1268 1804 1843 1857 2171 2203 2280 2304 2347 2523 2843 3322 3423 3506 3612 3662 3901 3918 4177 4274 4578 4634 4651 4656 4860 4883
470	7	100	8	31 153 483 745 797 838 867 947 1017 1094 1099 1290 1394 1556 1651 1769 1945 2047 2282 2371 2486 2494 2659 2739 2784 3019 3097 3183 3492 3554 3580 3762 3791 3807 4007 4111 4304 4600 4707 4829 4974
484	33	95	8	356 475 484 644 918 1029 1066 1069 1147 1320 1479 1480 1547 1608 1617 1838 1861 2114 2166 2185 2526 2577 2697 2738 2856 2983 3038 3042 3107 3197 3208 3246 3461 3513 3606 3817 3864 3937 4265 4342 4537
499	39	18	8	99 184 371 468 597 840 916 1125 1398 1640 1696 2122 2176 2537 2552 2662 2730 2792 3231 3273 3287 3392 3441 3518 3536 3622 3629 3635 3686 3948 4008 4089 4115 4130 4200 4247 4319 4381 4636 4655 4809 4878
21	40	182	8	94 226 288 423 445 502 699 723 1063 1076 1156 1193 1216 1296 1472 1474 1742 2023 2090 2168 2455 2921 2977 3109 3132 3167 3232 3299 3351 3432 3553 3555 3767 3993 4059 4278 4330 4977
76	25	94	8	244 440 454 560 567 640 668 740 810 1093 1292 1500 1633 1669 1701 1860 1901 2252 2258 2746 2849 2965 3084 3155 3193 3415 3527 3590 3955 4030 4053 4078 4105 4218 4515 4589 4593 4718
106	32	191	8	444 573 676 799 905 920 939 990 1342 1757 1905 1977 2083 2088 2126 2225 2369 2517 2673 2734 2847 3058 3141 3225 3248 3399 3481 3559 3698 4049 4077 4139 4164 4491 4608 4757 4834 4847 4916
107	28	232	10	17 66 127 280 318 461 522 664 829 909 953 1099 1487 1505 1711 1920 2268 2371 2565 2716 2771 2842 2937 3006 3072 3088 3161 3328 3437 3886 3936 4240 4570 4581 4645 4697 4818 4950
120	35	214	8	71 115 375 447 463 550 605 625 739 756 858 1104 1220 1358 1415 1605 1677 1787 2094 2150 2177 2364 2394 2476 2724 2779 2881 3088 3093 3259 3288 3905 4083 4194 4253 4286 4508 4540 4642 4970
131	9	72	8	47 441 472 493 526 581 607 643 808 1106 1168 1325 1427 1637 1795 1812 1958 2056 2091 2343 2522 2568 2676 2683 2769 3105 3308 3925 4199 4484 4536 4624 4639 4659 4683 4997
152	23	216	8	29 210 248 281 301 354 651 700 815 1009 1424 1549 1839 1930 2024 2121 2479 2498 2508 2543 2549 2654 2706 2820 3032 3264 3364 3383 3460 3498 3693 3695 3808 3945 3990 4350 4785 4842 4954
170	12	124	8	113 200 398 473 512 795 1088 1182 1208 1235 1494 1597 1706 1764 1786 1994 2172 2263 2308 2415 2624 2752 2840 2865 3265 3333 3962 4081 4185 4255 4261 4755 4786 4826 4931 4955 4992
181	38	133	8	85 126 160 378 693 928 1072 1131 1139 1419 1591 1616 1890 1937 2070 2078 2084 2289 2330 2463 2496 2536 2678 2920 2962 3455 3519 4104 4114 4162 4231 4238 4258 4299 4349 4481 4584 4816 4838 4872 4949
202	31	151	8	77 361 403 534 744 759 1031 1037 1068 1129 1256 1329 1548 1840 1960 2134 2136 2242 2288 2372 2546 2563 3026 3064 3065 3113 3221 3396 3404 3549 3556 3782 3811 3820 4451 4731 4744 4774
206	5	146	8	121 133 287 327 401 412 584 663 856 878 1020 1035 1056 1107 2038 2066 2175 2322 2334 2365 2566 2652 2653 2765 2867 3274 3644 3726 3882 3969 4051 4124 4282 4346 4638
215	15	212	8	243 392 458 486 522 598 628 1058 1288 1291 1297 1517 1622 1914 2287 2482 2607 2701 2801 2855 2922 2963 3068 3137 3150 3402 3526 3613 3716 3780 3784 3834 3895 4079 4312 4412 4429 4480 4784
235	30	118	8	40 89 257 264 266 279 394 428 496 658 701 751 906 975 1061 1189 1525 1599 1638 1661 1705 2054 2071 2516 2703 2899 2999 3036 3138 3143 3261 3331 3358 3525 3961 4719 4937 4960
245	10	228	8	136 254 415 660 1287 1443 1610 1649 1671 1939 1940 1970 2089 2170 2234 2293 2325 2329 2397 2580 2644 2782 2953 2992 3044 3127 3163 3170 3605 3663 3688 3872 4099 4109 4169 4241 4425 4756 4823 4943
285	26	234	8	134 173 694 952 1089 1138 1368 1502 1584 1631 1712 2254 2284 2348 2408 2460 2595 2714 2885 2890 2913 2988 3013 3447 3462 3477 3531 3548 3982 4100 4123 4128 4234 4249 4495 4556 4691 4888 4923
289	11	57	8	389 393 427 453 596 666 767 831 885 969 984 1462 1543 1607 1634 1693 1823 1987 2063 2106 2247 2711 2722 3053 3086 3419 3495 3670 3881 4321 4394 4692 4713 4746 4794 4893 4946
301	22	101	10	35 264 311 490 635 765 971 1051 1118 1303 1461 1485 1935 2048 2302 2316 2378 2594 2621 2672 2696 2791 2924 2987 3007 3119 3186 3251 3431 3550 3628 3648 3910 3954 4012 4102 4111 4340 4461 4639 4674 4696
312	27	63	8	507 686 966 1123 1227 1399 1512 1528 1560 1632 1636 1680 1790 1868 1995 2118 2173 2186 2342 2405 2684 3028 3104 3395 3718 3792 3804 4011 4186 4354 4358 4472 4489 4517 4629 4675 4833 4862 4940 4947
331	8	231	8	60 91 168 774 1141 1319 1887 1986 2044 2115 2208 2445 2458 2467 2533 2596 2774 2814 2824 2877 2970 3063 3471 3690 3868 3906 3913 3927 3947 4119 4167 4187 4197 4315 4404 4725 4822 4911 4913 4993
346	17	234	10	22 84 124 227 301 427 697 1017 1077 1133 1337 1597 1818 1841 1861 1924 2068 2196 2315 3097 3116 3191 3263 3364 3515 3796 3912 4036 4166 4201 4209 4230 4443 4482 4532 4644 4683 4837 4863
358	2	134	8	178 202 228 499 638 665 812 1428 1441 1477 1522 1555 1736 1791 1849 1991 2240 2418 2442 2987 3014 3015 3079 3118 3160 3422 3757 3943 3966 3979 4080 4196 4367 4475 4486 4831 4935 4973
375	36	165	8	39 146 151 269 497 750 782 876 929 977 999 1199 1321 1866 1938 2085 2271 2310 2466 2525 2562 2569 2863 2879 2909 2911 2959 3177 3385 3429 3507 3733 3952 4146 4428 4709 4715 4799
376	19	12	8	124 213 565 624 807 835 839 1103 1121 1282 1356 1504 1529 1572 1612 1759 1896 1962 2383 2427 2487 2575 2916 3162 3218 3582 3621 3770 3775 3871 3963 3988 4407 4504 4640 4661 4663
380	20	229	8	4 333 448 545 555 629 681 1018 1159 1365 1444 1545 1564 1627 1842 1877 2074 2097 2163 2380 2441 2444 2591 2699 2866 3033 3081 3303 3729 3922 4154 4171 4179 4208 4898
384	3	74	8	72 93 196 209 253 320 345 397 455 515 618 717 819 1109 1110 1408 1714 1851 2189 2264 2499 2590 2786 2835 2868 2887 3412 3505 3602 3707 3786 3902 3908 3987 4327 4448 4454 4614 4618
392	6	43	8	18 241 570 613 758 822 1351 1639 1679 1746 1999 2243 2290 2315 2344 2366 2554 2600 3001 3085 3128 3188 3227 3258 3326 3588 4052 4211 4374 4743 4754 4845 4909 4939
435	37	37	8	61 114 621 650 713 732 769 871 1022 1064 1363 1407 1423 1436 1530 2075 2139 2238 2279 2286 2309 2515 2594 2787 3189 3374 3445 3684 3891 3892 4015 4022 4066 4148 4291 4328 4398 4433 4551 4653 4820 4972
443	29	135	8	87 88 186 211 315 509 912 914 1140 1190 1201 1346 1587 1653 1997 2350 2560 2657 2727 2825 3122 3164 3181 3194 3239 3281 3313 3616 3638 3652 3802 3986 4006 4045 4073 4295 4679 4753
474	34	61	8	280 417 492 695 781 948 959 1155 1169 1203 1273 1490 1686 1770 1871 2485 2619 2623 2704 2760 2982 3421 3666 3676 3711 3730 3790 3838 4063 4228 4283 4422 4437 4446 4588 4708
477	13	113	8	80 86 247 262 707 1000 1033 1090 1097 1128 1281 1473 1531 1593 1615 1777 1858 1897 2199 2231 2414 2705 2753 2854 3136 3205 3489 3597 3625 3933 4009 4036 4101 4314 4477 4623 4644 4998
495	18	36	8	249 310 514 736 805 908 940 1075 1078 1183 1311 1360 1453 1546 1635 1665 1752 1855 2028 2149 2377 2665 2741 2819 2838 2869 2871 3110 3142 3207 3279 3486 3570
500	4	79	8	231 318 328 329 430 721 828 1005 1047 1154 1187 1317 1370 1433 1745 1944 1949 1957 1966 2048
5	21	45	10	13 63 228 246 297 471 482 508 828 1079 1334 1510 1533 1626 1774 2057 2299 2447 2487 2872 3050 3171 3206 3283 3351 3387 3575 3578 3650 4322 4347 4439 4700 4715 4731 4915 4924 4946
6	24	140	10	212 308 476 693 809 1126 1195 1254 1673 1876 1907 2021 2084 2236 2676 2709 2928 3094 3159 3193 3667 3782 3801 3882 4018 4228 4346 4357 4387 4393 4514 4551 4627 4720
16	14	108	10	74 129 166 376 439 869 871 1158 1235 1342 1593 1622 1796 1884 2063 2104 2349 2508 2521 2800 2893 2894 2936 3152 3536 3921 3932 4004 4017 4132 4309 4642 4675 4701 4795 4876 4883
23	1	241	10	45 587 783 979 1179 1258 1295 1300 1349 1384 1409 1431 1454 1537 1769 2125 2128 2143 2875 2879 3167 3192 3315 3469 3497 3653 3694 3955 3956 4020 4196 4302 4373 4543 4586 4636 4812 4893
38	16	116	10	43 526 602 622 633 672 743 902 927 943 1048 1209 1469 1784 1842 1875 1952 1975 2169 2173 2201 2294 2379 2778 2876 3021 3144 3519 3709 3714 3778 3971 4185 4273 4408 4631 4912 4965
44	7	29	10	1 389 491 537 574 821 873 1084 1136 1399 1449 1584 1648 1697 1706 1777 1809 1820 1830 1942 2000 2515 2683 2698 2832 2874 3009 3014 3307 3321 3334 3552 4187 4317 4520 4553 4587 4987
73	33	210	10	50 549 715 753 865 891 1016 1301 1494 1632 1763 1921 1997 2035 2052 2333 2375 2586 2608 2726 3174 3243 3256 3260 3308 3487 3587 3649 3700 3830 4123 4176 4200 4220 4284 4402 4447 4758 4859
78	39	228	10	295 333 503 552 734 1150 1154 1256 1417 1471 1480 1541 1548 1778 1789 1858 1866 2039 2188 2311 2382 2438 2779 2952 2967 3071 3223 3280 3701 3702 3872 4181 4236 4361 4391 4752 4887 4986
91	40	134	10	81 286 494 596 603 981 1044 1227 1390 1545 1703 1843 2028 2053 2118 2516 2707 2739 2813 3054 3196 3221 3418 3546 3602 3658 3883 3960 4337 4345 4497 4547 4661 4829 4834 4864
94	25	56	10	147 349 477 546 638 762 1068 1215 1347 1546 1954 2013 2133 2434 2533 2766 2808 2830 2892 2925 2955 3045 3202 3228 3336 3380 3451 3855 3876 3903 3908 4275 4599 4617 4807 4870 4914
109	32	84	10	224 235 274 346 437 551 585 867 1007 1023 1120 1228 1351 1602 2155 2597 2910 3018 3188 3466 3558 3577 3674 3723 3875 3980 4035 4524 4767 4841 4968
116	35	174	10	5 289 443 493 780 886 898 988 1163 1204 1261 1426 1447 1588 1614 1639 1692 1695 1854 1891 1988 2159 2338 2480 2555 2732 3169 3240 3244 3316 3620 3851 3904 3913 3991 4040 4378 4474 4635
132	9	166	10	428 562 771 913 951 1058 1433 1595 2046 2107 2172 2175 2412 2429 2522 2528 2544 2582 2587 2605 2634 2660 3248 3374 3566 3685 3841 3935 4076 4090 4108 4198 4232 4584 4666 4724 4765 4937
164	23	201	10	99 102 387 395 516 630 692 940 1088 1135 1156 1186 1304 1354 1408 1722 1806 1917 2111 2415 2627 2646 2655 3027 3173 3217 3257 3368 3623 3857 4026 4110 4336 4501 4568 4577 4955
167	12	102	10	225 260 282 303 379 590 708 857 899 930 1290 1508 1594 1775 1797 1968 1992 2055 2218 2690 2760 2914 3224 3349 3690 3979 4192 4213 4235 4444 4535 4559 4629 4722 4789 4962 4975
193	38	66	10	16 159 269 388 442 506 935 1052 1140 1187 1292 1574 1746 1903 2015 2086 2130 2153 2187 2648 2680 2785 3165 3401 3470 3703 3766 3871 4015 4085 4127 4167 4288 4611 4726 4761 4780
207	31	200	10	3 186 192 201 294 785 872 1062 1103 1839 1850 1892 2060 2124 2146 2574 2670 2854 3157 3175 3284 3289 3357 3433 3614 3692 3934 4059 4067 4342 4360 4538
212	5	212	10	27 157 177 302 322 325 403 507 653 1223 1538 1606 1647 1671 1700 1767 1801 1944 1976 2012 2287 2456 2549 3051 3087 3141 3911 3996 4150 4263 4356 4436 4460 4494 4575 4797 4844 4885
223	15	68	10	262 277 329 840 921 991 1010 1332 1579 1608 1938 2001 2126 2219 2233 2307 2314 2346 2497 2769 2831 2942 2950 3543 3668 4010 4106 4146 4286 4341 4449 4496 4591 4686 4805 4889 4892
224	30	111	10	290 533 598 854 1108 1143 1194 1366 1401 1437 1483 1573 1684 1730 1741 1878 2223 2354 2505 2507 2641 2647 2654 2877 3066 3113 3485 3600 3641 3846 3950 4269 4304 4463 4476
233	10	132	10	69 632 852 874 1173 1181 1214 1242 1255 1418 1419 1491 1524 1567 1645 1808 1819 1825 2064 2163 2296 2571 2855 3138 3184 3245 3266 3366 3463 3548 3708 4155 4184 4206 4453 4643 4751 4769 4910
239	26	197	10	34 101 121 390 591 677 710 883 989 1129 1251 1822 1853 1971 2239 2428 2495 2531 2752 2814 2815 2978 2979 2997 3061 3067 3207 3229 3337 3446 3748 3785 4133 4572 4590 4813
250	11	75	10	2 87 258 263 536 749 876 928 968 993 1075 1267 1327 1370 1420 1589 1732 1874 1948 1951 2260 2525 2863 2954 3053 3342 3353 3499 3526 3751 3879 4087 4130 4136 4221 4333 4523 4706 4866 4967
265	27	152	10	110 189 293 347 374 381 497 541 731 922 1055 1176 1188 1309 1412 1794 1899 2134 2426 2500 2677 2691 2763 2798 2860 2945 3080 3168 3619 3769 3807 3868 4043 4048 4251 4492 4519
267	8	126	10	20 519 640 665 685 827 1128 1232 1453 1460 1467 1894 1902 2410 2596 2674 2715 2759 2780 2821 2962 2981 3010 3294 3772 3849 3863 3945 3962 4320 4338 4349 4563 4772 4817
280	2	122	10	366 367 763 764 1042 1043 1160 1376 1623 1704 1735 1983 2006 2213 2336 2721 2775 2882 2986 3090 3146 3331 3404 4046 4135 4237 4301 4323 4379 4404 4578 4614 4657 4662 4832 4923 4947 4960 4988
284	36	117	10	40 79 364 480 568 636 786 834 939 977 980 1322 1422 1781 1950 1993 2042 2221 2454 2546 2590 2757 2891 3037 3069 3242 3270 3393 3398 3573 3756 3820 4405 4549 4607 4981
296	19	243	10	194 261 283 296 341 687 1312 1331 1619 1696 1755 1836 1909 2074 2076 2604 2692 2886 2926 3025 3042 3397 3514 3545 3746 3890 4204 4272 4276 4352 4417 4459 4534 4589 4660 4918
316	20	125	10	203 499 582 823 831 843 855 911 1668 1705 1791 1827 1982 2017 2252 2484 2490 2510 2584 2834 2881 2884 3136 3187 3236 3428 3574 3584 3678 3686 3825 4021 4224 4311 4632 4667 4729 4942
327	3	43	10	98 205 742 992 1000 1018 1019 1157 1305 1457 1481 1677 1802 1947 2168 2309 2364 2618 2642 2847 2906 2917 3048 3135 3413 3491 3608 3654 3783 3861 3862 3931 4335 4394 4410 4681 4733 4776
347	6	2	10	38 39 56 67 378 425 523 538 592 1153 1234 1281 1286 1361 1562 2067 2156 2344 2347 2530 2743 2920 2949 3326 3425 3479 3580 3636 3804 3815 3939 3965 4058 4139 4300 4432 4582 4709
386	37	207	10	254 256 284 479 504 617 748 1246 1297 1333 2090 2158 2183 2399 2599 2702 2744 2781 3100 3164 3259 3346 3383 3472 3475 3665 3750 3873 4096 4097 4264 4351 4370 4427 4511 4544 4552 4566 4713 4787 4793 4902
401	29	93	10	9 136 575 698 880 1137 1142 1170 1178 1343 1346 1687 1772 1793 2030 2329 2381 2491 2540 2717 2833 2883 3299 3402 3492 3506 3524 3682 3933 4071 4107 4171 4267 4343 4730 4756
404	34	96	10	25 144 359 610 702 716 812 932 948 1054 1299 1355 1479 1552 1886 2166 2267 2318 2365 2411 2446 2579 2740 2817 3058 3143 3317 3352 3520 3561 4122 4282 4499 4576 4802 4963 4991
414	13	33	10	118 179 217 230 310 369 540 952 1196 1316 1330 1434 1792 1831 1847 1980 2023 2092 2181 2275 2541 2553 2568 2649 2836 2932 2960 3055 3347 3527 3733 3951 3964 4050 4199 4725 4814 4830 4932
439	18	120	10	19 30 278 334 532 705 830 1059 1063 1162 1199 1211 1350 1629 1663 1713 1749 2129 2139 2149 2380 2407 2414 2418 2679 2708 2788 2818 2878 3064 3377 3449 3539
447	4	203	10	41 44 88 184 337 566 777 796 1021 1064 1155 1260 1439 1747 2071 2206 2301 2503 2511 2898
460	28	106	12	170 337 448 489 519 1165 1302 1449 1705 1718 1739 1767 1913 2327 2387 2400 2537 2682 2823 2865 3060 3292 3501 3569 3731 3755 3832 4056 4190 4219 4271 4716 4724 4903
473	22	224	12	76 145 290 375 675 747 783 873 909 1057 1159 1380 1436 2026 2089 2214 2420 2463 2541 2640 3076 3104 3177 3295 3480 3589 3900 3905 4211 4250 4335 4789 4806 4821 4999
496	17	107	12	40 184 429 574 917 955 1084 1169 1375 1509 1572 1630 1710 1918 1990 2098 2499 2771 2807 2812 2947 3144 3180 3410 3514 4001 4044 4177 4281 4658 4710
498	21	128	12	34 84 97 109 543 587 755 1099 1263 1373 1608 1847 1885 1891 2011 2034 2035 2197 2492 2904 3009 3488 3516 3543 3981 4007 4166 4223 4268 4323 4328 4660 4676 4693 4758 4860 4976
45	24	108	12	23 68 438 444 523 619 1092 1180 1269 1393 1714 1774 1815 1924 2000 2090 2157 2440 2486 2593 2968 2972 3125 3472 3492 3595 3674 3765 3858 3952 4070 4104 4361 4446 4469 4483 4790 4980
67	14	179	12	193 198 224 349 426 465 497 500 756 1128 1456 1499 1571 1908 2058 2120 2416 2437 2598 2616 2664 2702 2769 2780 2825 2915 2964 3232 3288 3356 3406 3527 3572 3958 4195 4204 4273 4408 4467 4689 4901
68	1	2	12	135 175 195 594 632 699 746 790 806 923 1378 2022 2235 2923 3273 3286 3306 3325 3336 3357 3391 3502 3657 3697 3719 3753 3810 3986 4454 4573 4761 4846
93	16	243	12	31 789 818 1241 1425 1435 1446 1570 1588 1592 1631 1717 1721 1844 1848 1870 2108 2114 2172 2241 2468 2777 2802 2853 2907 3017 3031 3129 3251 3361 3594 3759 3949 4321 4600 4921
100	7	74	12	63 104 146 300 368 615 779 1000 1196 1313 1852 1882 1906 1912 2037 2222 2232 2289 2509 2605 2617 2634 2648 2931 2989 3135 3533 3644 3741 3890 3896 3914 4531 4886 4888
103	33	126	12	243 269 471 776 910 1041 1072 1620 1715 1814 1859 1890 1910 1982 2180 2237 2359 2361 2378 2477 2496 2750 2820 3002 3289 3307 3444 3525 3640 4098 4158 4259 4402 4450 4544 4592 4611 4696 4836
118	39	204	12	256 288 350 401 509 607 692 1027 1418 1442 1683 2072 2280 2335 2421 2747 2819 2874 3453 3538 3604 3672 3775 3912 3970 4133 4243 4266 4355 4476 4561 4694 4759 4889 4985
121	40	249	12	28 64 134 188 398 661 690 713 738 769 1218 1322 1643 1723 1747 2064 2382 2396 2609 2752 2790 2941 3108 3166 3439 3614 3633 3973 3996 4389 4421 4495 4535 4688 4736
122	25	75	12	255 393 882 1060 1121 1144 1306 1583 1736 2002 2083 2326 2404 2411 2484 2633 2810 2860 3111 3154 3212 3301 3365 3388 3426 3522 3669 3724 4064 4068 4397 4547
175	32	172	12	73 103 833 906 1102 1153 1324 1519 1707 1724 1937 1947 2176 2194 2384 2456 2652 2837 2861 2949 3049 3424 3427 3460 3666 3924 3930 4047 4074 4093 4172 4300 4318 4643 4721 4835 4880 4907
229	35	28	12	3 138 535 642 696 774 1271 1275 1441 1726 1803 1861 1943 1957 2004 2068 2457 2643 2677 2688 2716 2927 2974 2990 3065 3112 3617 3718 3894 4081 4143 4205 4351 4427 4507 4664 4839 4970
259	28	172	14	77 206 343 647 655 931 1282 1327 1410 1722 1772 2029 2105 2478 2578 2735 2751 2885 2896 3002 3087 3400 3514 3757 3784 3814 3924 3931 3997 4230 4370 4398 4406 4590 4705 4992
266	9	167	12	12 332 440 967 1035 1079 1163 1206 1468 1813 1872 2301 2347 2672 2699 3010 3261 3332 3407 3562 3732 3785 3820 4168 4218 4229 4306 4336 4563 4680 4726 4762 4890 4891 4974 4996
295	23	10	12	6 216 407 507 650 770 938 1184 1357 1400 1684 1915 1963 2010 2033 2257 2264 2798 2960 3048 3169 3360 3507 3586 3678 3734 3742 3773 3926 3995 4114 4130 4216 4390 4626 4682 4714
333	12	4	12	102 174 306 327 414 449 464 501 504 511 629 719 825 831 840 1215 1220 1225 1528 1544 1561 1679 1881 1929 1988 2086 2337 2471 2523 2558 2761 3093 3411 3735 4019 4071 4199 4538 4745
356	38	153	12	57 137 155 399 492 885 1005 1039 1080 1175 1420 1563 1622 1823 1928 2032 2082 2148 2167 2242 2462 2513 2796 2909 2997 3151 3484 3534 3547 3639 3813 4039 4065 4707 4725 4866
402	31	156	12	161 165 454 585 590 611 1150 1321 1354 1616 1762 2103 2113 2195 2207 2267 2683 2880 2925 3024 3084 3226 3481 3553 3571 3647 3778 3909 3955 3978 4017 4234 4353 4515 4648 4668 4679 4887
448	5	223	12	248 565 588 612 648 812 978 1001 1283 1309 1339 1445 1701 1719 2146 2228 2229 2827 3107 3122 3423 3438 3469 3523 3694 3839 4116 4121 4221 4262 4375 4425 4436 4505 4522 4831 4870 4874
449	15	39	12	50 106 144 159 391 796 847 1040 1069 1145 1154 1295 1341 1738 1765 1796 1901 1907 2020 2070 2150 2154 2162 2452 2478 2649 2879 3276 3354 3819 4255 4513 4551 4631 4738 4750 4910 4958 4972
456	30	81	12	244 886 1234 1515 1648 1651 1830 1905 1925 2137 2147 2279 2288 2294 2309 2565 3069 3102 3106 3210 3419 3471 3583 3662 3664 3790 3826 3836 3841 4173 4182 4189 4237 4349 4604 4850
479	10	60	12	382 406 451 697 1081 1114 1129 1203 1314 1454 1555 1582 1698 1752 1773 1883 2052 2333 2348 2450 2613 2763 2840 2870 3072 3103 3149 3393 3581 3629 4060 4095 4264 4296 4406 4409
480	26	113	12	51 70 376 423 530 556 561 689 704 736 925 1370 1432 1463 1486 1886 1987 2057 2260 2276 2362 2535 2658 2751 3168 3284 3335 3568 3673 3704 3806 3907 4162 4566 4742 4766
1	11	54	12	164 291 442 446 510 540 651 855 1430 1503 1566 1708 1916 1991 2161 2358 2728 2828 2940 2973 3223 3376 3518 3682 3805 3934 3954 3980 4016 4137 4156 4532 4864 4920 4969
48	27	211	12	208 225 450 672 739 836 1034 1078 1115 1204 1207 1320 1401 1564 2001 2056 2158 2164 2179 2455 2529 2691 2928 2942 2944 2962 3369 3454 3824 4080 4227 4304 4460 4471 4568 4732 4930
63	8	105	12	14 211 351 750 822 895 943 1208 1386 1568 1809 1846 2145 2234 2576 2792 2963 2985 3029 3041 3078 3164 3371 3452 3613 3721 3864 4110 4163 4275 4399 4422 4849 4851 4857 4990
90	2	219	12	72 129 373 381 437 623 1028 1139 1497 1894 1936 1948 2169 2205 2208 2538 2632 2686 2787 3278 3378 3396 3422 3448 3598 3671 3870 3945 4084 4129 4369 4382 4674 4841
105	36	180	12	48 60 90 181 616 731 863 908 1117 1122 1189 1554 1955 2266 2635 2727 2736 2754 3246 3271 3274 3339 3375 3440 3609 3610 3928 3957 4078 4160 4348 4357 4578 4995
125	19	98	12	71 162 408 670 718 841 894 913 1182 1211 1230 1458 1524 1656 1688 1985 2069 2096 2349 2518 2811 3193 3240 3401 3428 3474 3567 3655 4206 4232 4311 4479 4500 4817 4898
126	20	186	12	120 204 259 412 901 966 983 1009 1070 1191 1361 1368 1562 1753 1780 1940 1959 2065 2189 2227 2319 2873 2982 2991 3137 3436 3461 3552 3558 4246 4455 4702 4747 4875
154	3	66	12	140 478 586 827 1031 1132 1642 1792 1799 1855 1922 2018 2088 2101 2183 2306 2412 2506 2601 2838 2932 2953 3394 3599 3612 3649 3680 3867 3953 4147 4151 4463 4671 4772 4802 4803
159	6	112	12	261 422 487 695 820 869 1065 1476 1507 1800 1811 2574 2744 2803 2882 2892 2900 3000 3030 3073 3081 3230 3282 3632 3689 3793 3849 4249 4299 4327 4478 4624 4699 4861 4868
168	37	239	12	115 128 163 610 792 844 961 1007 1178 1201 1276 1505 1514 1542 1603 1690 1822 1933 2481 2528 2745 3208 3272 3277 3416 3456 3784 4012 4020 4109 4154 4280 4440 4497 4581 4713 4997
180	29	127	12	231 400 744 865 1133 1146 1290 1459 1464 1469 1716 1751 1865 1898 1903 2403 2559 3003 3195 3467 3485 3698 3736 3780 3933 4009 4038 4059 4132 4470 4650 4692 4826
187	34	178	12	18 22 91 173 532 613 646 787 1408 1606 1869 2118 2292 2375 2410 2446 2552 2799 2902 2977 3019 3023 3043 3173 3520 3712 3847 3860 4178 4441 4468 4558 4740 4991
191	13	129	12	272 529 618 921 1396 1451 1601 1629 1750 1934 1960 1981 2426 2448 2482 2835 2875 3005 3585 3904 3929 4096 4105 4107 4152 4213 4317 4340 4405 4412 4518 4575 4638 4669
204	18	240	12	157 197 566 589 784 842 914 1030 1174 1233 1266 1414 1427 1516 1772 1821 2155 2439 2530 2889 3152 3215 3323 3345 3417 3608 3615 3877 4087 4124 4194 4388 4437
231	4	38	12	75 370 462 524 714 768 778 1734 1967 1978 2025 2293 2312 2407 2742 2767 2788 2789 3131 3408
275	22	92	14	16 64 247 378 414 434 699 765 950 1055 1149 1298 1381 1509 1799 1847 1882 2045 2080 2215 2239 2485 2831 2832 3315 3349 3454 3663 3875 4037 4208 4240 4329 4844 4868
277	17	31	14	355 365 389 574 611 653 684 802 981 1013 1045 1177 1406 1465 1717 1897 2034 2523 2822 3269 3568 3592 3710 3712 3785 3890 3899 3987 4465 4479 4587 4637 4656 4668 4682 4756 4898
291	21	129	14	267 339 350 620 700 849 902 918 1200 1263 1363 1498 1566 1592 1670 1748 1949 1977 2008 2390 2638 2659 2774 3366 4183 4212 4316 4496 4535 4562 4564 4646 4928 4955 4979
292	24	201	14	45 93 176 224 383 410 466 532 533 534 567 698 837 959 1043 1316 1604 1672 1743 1991 2146 2175 2220 2312 2325 2337 2399 2612 2614 3033 3285 3654 3762 3852 4044 4368 4433 4806
304	14	229	14	73 158 194 473 495 502 649 674 730 761 915 1162 1243 1640 1724 1785 1831 2219 2453 2540 2680 2762 3268 3512 3576 3697 3913 4117 4144 4374 4428 4691 4784 4878 4890 4946 4999
305	1	87	14	711 729 851 956 1226 1280 1342 1361 1362 1472 1615 1787 1903 2232 2350 2402 2509 2526 2689 2695 2709 2859 2905 2970 3020 3058 3109 3211 3417 3661 3683 3769 4435 4696 4711 4775 4778
309	16	222	14	257 443 461 518 575 652 675 677 736 770 888 957 988 1051 1222 1299 1446 1786 2147 2193 2258 2693 2906 3035 3134 3135 3380 3437 3783 3941 4076 4299 4381 4506 4807 4969
329	7	67	14	56 83 284 344 394 513 625 630 820 949 1210 1268 1358 1457 1560 1658 1776 1910 2077 2320 2626 2892 2916 2925 3119 3178 3386 3708 3801 4126 4218 4287 4334 4566 4616 4894
351	33	166	14	15 54 558 800 1123 1255 1294 1377 1499 1576 1603 1817 2180 2266 2332 2339 2620 2926 3079 3092 3148 3172 3296 3329 3530 3561 3605 3627 3628 4123 4326 4414 4493
361	39	42	14	32 238 361 385 463 804 893 919 1009 1096 1169 1307 1328 1483 1984 2177 2379 2381 2469 2730 3392 3484 3642 3653 3736 3752 3787 3790 3968 4402 4491 4534 4746 4774
366	40	173	14	14 74 155 317 960 1002 1102 1248 1344 1475 1563 1684 1719 1955 2046 2194 2259 2497 2710 2911 2928 2979 2982 2994 3478 3513 3567 3834 4017 4188 4234 4325 4464 4662 4703 4709
382	25	69	14	345 573 853 958 991 1201 1369 1462 1667 1851 1972 2079 2109 2545 2654 2688 2733 2749 2765 2796 2937 2954 3192 3203 3340 3370 3398 3475 3775 3895 3901 4093 4360 4629
385	32	81	14	260 305 418 694 816 857 937 999 1453 1502 1645 1870 1880 2065 2209 2382 2564 2643 2898 2903 3131 3132 3474 3789 3837 3869 3927 3947 3993 4094 4314 4482 4542 4704 4917 4922
444	35	91	14	230 934 986 989 1044 1323 1519 1549 1650 1669 1849 1893 2067 2243 2251 2368 2369 2449 2472 2555 2574 2986 3056 3159 3181 3540 3562 3584 3850 3866 4559 4736 4769 4916 4919 4954
465	9	194	14	138 203 282 476 1139 1310 1359 1415 1630 1740 1763 1795 1861 2019 2036 2202 2572 2610 2651 2662 2759 2837 2932 3007 3034 3151 3189 3222 3532 3564 3747 3816 4170 4415 4908
472	28	87	16	50 223 237 419 967 1167 1203 1309 1349 1441 1466 1625 1829 2542 2572 2764 2858 2952 3115 3171 3179 3464 3614 3754 3766 3874 3919 3983 4586 4702 4726 4732 4743
478	23	224	14	9 265 298 432 537 844 1003 1157 1269 1671 1816 1982 2027 2087 2157 2198 2356 2682 2746 2913 3142 3152 3201 3292 3301 3384 3538 3656 4205 4324 4353 4434 4457 4602 4724 4739 4752
483	12	136	14	44 88 296 360 376 622 790 900 967 1202 1311 1421 1432 1474 1583 1699 2491 2791 2872 2951 2969 3214 3265 3415 3482 3502 3515 3988 3991 4027 4250 4310 4318 4440 4852 4853 4883 4895
494	38	52	14	331 341 673 889 899 951 1392 1448 1491 1517 1612 1644 1687 1765 1767 1930 1983 2101 2133 2167 2203 2344 2458 2515 2570 2616 2989 3352 3436 3898 4028 4146 4411 4630 4664 4924
28	31	233	14	42 152 486 811 1019 1032 1053 1158 1833 1886 2081 2265 2291 2423 2544 2678 2914 2976 3024 3216 3258 3311 3667 3812 3835 3839 4047 4412 4526 4538 4680 4825
55	5	186	14	48 469 498 604 664 779 1026 1301 1484 1536 1843 1990 2089 2115 2152 2205 2505 2800 2975 3061 3126 3250 3455 3665 3717 3726 3860 3868 4080 4112 4359 4382 4467 4489 4735
57	15	111	14	295 315 413 608 686 722 747 1023 1066 1100 1170 1466 1496 1599 1605 1653 1701 1734 2159 2297 2299 2373 2464 2503 2849 2865 2871 3255 3441 3626 3945 4153 4384 4419
71	30	77	14	21 163 334 549 704 990 1313 1629 1663 1664 1828 1856 2009 2037 2099 2212 2319 2477 2674 2768 2850 3105 3124 3334 3358 3559 3618 3639 3713 4091 4267 4515 4716
82	10	133	14	112 320 559 968 1373 1424 1425 1450 1456 1573 1646 1754 2121 2148 2386 2465 2532 2640 2642 2679 2748 2927 3153 3403 3480 3501 3870 4263 4288 4779 4845 4899 4965
83	26	217	14	37 85 509 680 1075 1221 1529 1879 1976 1992 2007 2061 2091 2376 2442 2547 2703 2788 2961 3121 3389 3396 3439 3450 3606 3751 3760 3794 3817 3842 3992 4105 4138 4185 4215 4817
92	11	140	14	148 270 587 687 721 813 907 928 1000 1041 1064 1515 1551 1768 1899 2016 2093 2150 2633 2637 2766 2797 2806 2990 3015 3169 3303 3388 3705 3892 3922 3934 4070 4159 4280 4563 4734
97	27	5	14	43 301 454 468 499 571 771 881 1082 1122 1228 1265 1277 1347 1439 1468 1621 1706 1720 2095 2182 2966 3377 3468 3904 3940 4284 4319 4375 4443 4452 4648 4725 4742 4939
110	8	176	14	59 145 249 439 459 528 581 868 1031 1289 1324 1353 1523 1678 1700 1814 2161 2221 2226 2303 2343 2347 2360 2681 2864 3098 3099 3418 3693 3699 3925 3989 4236 4399 4478 4723 4827 4897
133	22	176	16	369 506 806 830 872 961 986 1176 1191 1386 1428 1460 1510 2102 2170 2459 2730 2732 2862 2912 3121 3145 3208 3341 3441 3716 3717 3970 4052 4142 4233 4670 4829 4918 4953
134	2	120	14	25 131 196 330 525 568 1091 1339 1606 1620 1674 1783 2142 2211 2267 2296 2340 2354 2483 2617 2946 3218 3594 3677 3889 3996 4536 4606 4722 4743 4867 4914 4943
234	36	231	14	55 97 229 304 930 979 1071 1092 1167 1550 1647 1712 1826 1838 2112 2571 2639 2957 3082 3147 3176 3205 3236 3256 3277 3651 3985 4090 4258 4271 4328 4393 4487 4783 4788 4831 4964
246	19	70	14	280 447 493 517 628 863 1024 1094 1232 1452 1691 1953 2163 2295 2563 2675 2756 2785 2921 2922 3042 3202 3300 3361 3490 3836 3921 4115 4231 4254 4403 4982 4996
247	20	226	14	11 26 68 232 292 348 488 548 826 845 1459 1638 1766 1784 1800 1876 2143 2184 2206 2331 2383 2388 2551 2581 2805 2809 2931 2964 3052 3209 3554 4075 4279 4627 4645 4657 4771 4881
282	3	7	14	58 67 86 111 121 506 767 824 916 1548 1585 1845 1872 2062 2195 2298 2324 2844 2857 3011 3145 3187 3409 3463 3471 3537 3575 3923 4573 4605 4679 4714 4767 4776 4823 4858 4977
299	6	80	14	100 149 237 669 727 738 794 1015 1046 1136 1390 1477 1538 1989 2406 2587 2834 3220 3249 3295 3322 3488 3551 3704 3715 3902 3973 3990 4252 4261 4424 4451 4521 4864 4925
313	37	202	14	79 95 143 174 209 387 396 562 1135 1296 1357 1383 1934 2231 2408 2429 2606 2804 3001 3048 3053 3177 3330 3728 3821 3970 4029 4032 4461 4727 4967
318	29	214	14	36 66 259 336 521 701 731 754 877 940 1134 1143 1218 1246 1257 1352 1427 1570 1624 1651 1744 1781 1871 2033 2118 2204 2549 2561 2671 2708 2764 2878 3616 3743 4043 4050 4302 4337 4342
328	34	34	14	289 386 420 435 589 683 723 1145 1153 1283 1397 1510 1514 1707 1959 1966 2031 2041 2144 2165 2284 2596 2621 2818 3294 3423 3939 4038 4051 4067 4088 4165 4502 4674 4836
330	13	9	14	140 308 314 369 404 536 671 681 814 1127 1152 1250 1292 1308 1338 1374 1443 1482 1597 1807 2647 2706 2808 2836 2935 3199 3252 3382 3427 3499 3792 4072 4073 4413
337	18	112	14	17 87 182 309 419 436 457 553 583 654 715 718 1061 1189 1229 1642 1702 1731 1947 2272 2411 2419 2565 2635 2823 3179 3336 4003 4311 4484 4918 4976
342	4	1	14	7 310 311 445 855 927 1398 1488 1589 1693 1987 2066 2502 2656 2747 2845 2912 3044 3194 3309
350	17	121	16	114 142 472 660 956 996 1011 1019 1063 1112 1375 1540 1664 1961 2012 2048 2283 2315 2517 2737 2906 3075 3566 3620 3664 3842 3908 3984 4112 4180 4292 4448 4618 4645 4747 4768 4854 4944
352	21	179	16	30 187 199 262 314 330 626 826 1120 1207 1400 1616 1932 2084 2174 2211 2249 2412 2586 2607 2664 2685 2721 2867 2923 3149 3296 3530 3538 3720 3843 4363 4415 4513 4552 4940 4986
354	24	222	16	195 241 409 424 517 762 966 1032 1095 1226 1478 1668 1698 1708 1917 1965 2149 2487 2528 2731 2843 2888 3090 3198 3367 3376 3384 3978 3997 4023 4268 4330 4536 4698 4832 4852
359	14	65	16	277 410 413 1166 1194 1426 1635 1711 1955 2076 2242 2246 2386 2392 2471 2800 2851 2992 3424 3516 3579 3702 3900 3985 3994 4161 4256 4490 4529 4809 4949 4992
394	1	30	16	347 420 490 612 772 949 1900 1933 1963 2120 2391 2470 2502 2609 2838 2935 2956 3181 3201 3215 3219 3272 3387 3488 3536 3643 3840 3937 4175 4278 4400 4564 4607 4616 4916 4947 4959
398	16	110	16	144 169 324 554 601 697 896 1247 1403 1505 1950 2018 2019 2156 2225 2422 2436 2617 2669 2718 3126 3284 3515 3734 3761 3807 3861 3976 4178 4329 4442 4471 4567 4596 4710 4926 4961
406	7	187	16	73 216 323 775 783 965 1099 1442 1521 1688 2181 2255 2256 2512 2516 2538 2554 2645 2646 2655 3099 3196 3482 3544 3554 3671 3691 3916 3977 4054 4088 4128 4265 4384 4459 4659
413	33	178	16	637 1456 1486 1498 1682 1857 1897 2163 2231 2292 2340 2526 2624 2667 3123 3155 3158 3317 3459 3805 3925 4035 4119 4129 4318 4466 4511 4761 4765 4894
425	39	177	16	221 485 557 560 800 845 852 853 1369 1404 1517 1532 1738 1828 2054 2117 2145 2150 2165 2207 2375 2598 2690 2711 3047 3076 3263 3350 3374 3460 3830 3865 4154 4322 4492 4532 4653 4654
432	40	72	16	147 279 590 751 759 970 1195 1251 1284 1858 1868 2073 2373 2453 2981 3021 3028 3161 3210 3469 3674 3882 3931 3995 4295 4352 4464 4522 4601 4688 4762 5000
433	25	117	16	140 218 289 464 939 1083 1116 1354 1502 1516 1558 1784 1957 2244 2329 2354 2536 2558 2784 2790 2995 3053 3214 3436 3445 3617 3656 3787 3936 4246 4501 4684 4859
436	32	33	16	174 423 731 1033 1204 1237 1304 1357 1387 1614 1926 2105 2215 2393 2588 2742 2907 2964 2993 3040 3054 3326 3610 3711 3888 3898 4139 4210 4261 4272 4275 4416 4527 4782 4906
440	35	227	16	255 281 363 438 892 1306 1446 1525 1583 1673 1881 1908 2190 2539 2676 2854 2971 3057 3062 3064 3189 3339 3412 3421 3699 3705 4141 4220 4307 4344 4424 4435 4819 4902
452	9	145	16	130 278 458 486 505 712 1123 1335 1342 1547 1759 1822 1827 1990 2051 2186 2364 2527 2570 2635 2813 2850 2898 2901 3311 3337 3636 3847 4165 4509 4577 4701 4733
459	23	47	16	177 251 265 481 633 654 706 1002 1056 1089 1399 1425 1550 1730 1801 1834 1918 2239 2250 2304 2400 2642 2727 3373 3590 3706 3710 3795 3887 4101 4253 4259 4270 4599 4647 4706 4796
462	12	194	16	735 978 1030 1071 1074 1224 1240 1315 1398 1465 1727 1798 2248 2281 2372 2409 2569 2736 2810 2841 3071 3134 3289 3322 3629 3745 3777 3788 4197 4207 4241 4335 4619 4677 4870 4950
488	38	198	16	146 214 225 336 370 508 646 1411 1675 1842 2002 2075 2217 2275 2473 2614 2621 2756 2852 2905 2998 3128 3280 4027 4092 4248 4336 4345 4389 4430 4597 4623 4687 4834 4979
491	31	154	16	212 290 480 663 905 925 1104 1389 1537 1589 1636 1684 1930 1946 1975 2007 2104 2164 2489 2504 2548 2583 2606 2639 2958 3130 3351 3790 4118 4340 4355 4463 4537 4581 4695 4711 4740
3	5	90	16	5 81 165 356 393 417 802 1265 1346 1536 1721 1758 1797 2057 2112 2210 2237 2338 2710 2777 3039 3255 3324 3463 3478 3655 3677 3749 3951 3966 4703 4727 4786 4799 4884 4978
4	15	3	16	28 161 343 469 503 817 819 1053 1228 1533 1565 1610 1794 1936 2804 2812 2939 3002 3185 3293 3301 3331 3355 3418 3646 3744 3779 4348 4610 4694 4744 4753 4754 4833 4848
11	30	226	16	48 294 683 742 827 907 917 1020 1079 1278 1326 1659 1865 2230 2396 2481 2577 2661 2883 3138 3183 3397 3574 4116 4308 4422 4499 4579 4617 4626 4640 4912 4935 4941
47	10	59	16	429 440 598 621 843 921 1050 1289 1338 1364 1451 1904 2142 2361 2495 2597 2604 2724 2787 2919 3125 3360 3388 3525 3658 3794 3852 3923 4103 4205 4383 4411 4420 4512 4561
70	26	157	16	62 95 96 171 304 828 1113 1258 1259 1282 1553 1631 1746 1840 1894 1911 1941 2042 2116 2323 2417 2719 2857 3274 3365 3457 3581 3873 4016 4158 4300 4595 4858
81	11	85	16	47 192 468 794 850 1436 1611 2011 2268 2404 2722 2789 3033 3044 3072 3114 3146 3228 3257 3429 3512 3592 3675 3990 4055 4061 4236 4263 4269 4303 4447
89	28	145	18	462 790 797 863 971 989 1193 1194 1692 1765 1797 1819 2020 2975 2979 3337 3406 3496 3497 3681 3811 3886 4065 4139 4147 4203 4458 4544 4558 4598 4849 4987
127	27	197	16	84 299 564 648 757 937 973 1162 1318 1586 1638 1839 2004 2038 2066 2298 2508 2749 2782 2967 3526 3618 3632 3713 3781 3864 3877 3903 3930 4212 4333 4376 4760 4856
128	8	26	16	78 118 268 380 496 553 573 1182 1197 1495 1850 2050 2257 2374 2426 2439 2553 2629 2653 2864 2885 3407 3439 3556 3802 3829 3920 3941 4188 4426 4476 4486 4812 4845 4903
156	2	143	16	230 437 716 805 849 920 1015 1245 1352 1641 1736 1819 2043 2151 2345 2425 2615 2819 2886 3005 3017 3131 3204 3398 3630 3764 3938 3967 4004 4062 4131 4170 4451 4672
161	36	98	16	156 186 239 298 361 606 717 728 741 962 1841 2031 2045 2108 2416 2696 2795 2828 2832 2848 3254 3286 3622 3751 3801 3827 4019 4311 4479 4498 4792 4810
163	19	32	16	20 376 377 428 547 724 729 950 1336 1414 1437 1488 1910 1967 2125 2253 2316 2360 2368 2467 2729 2762 2855 3035 3504 3785 4020 4132 4157 4276 4287 4401 4718 4804 4876 4977
171	20	233	16	61 164 286 335 516 524 588 641 691 801 1037 1165 1173 1223 1253 1935 2305 2335 2358 2573 2671 2767 2991 3055 3084 3186 3395 3498 3565 3631 4006 4069 4094 4374
182	3	163	16	379 688 707 888 894 916 971 982 1131 1332 1345 1445 1740 2136 2169 2332 2377 2922 3077 3096 3190 3211 3611 3755 4174 4217 4238 4632 4737 4860 4988
195	22	59	18	10 56 128 169 191 541 701 725 824 1200 1363 1501 1845 2123 2130 2504 2585 2714 2716 2966 3030 3171 3178 3315 3768 4091 4108 4131 4306 4345 4355 4612 4613 4770 4868 4934
205	6	41	16	168 253 832 1084 1111 1241 1427 1492 1530 1592 1618 1672 1855 1876 1920 2087 2289 2346 2413 2433 2514 2627 2746 2933 3110 3262 3417 3628 4155 4502 4539 4556 4869 4925
225	37	107	16	8 31 293 434 501 580 1091 1213 1246 1751 1860 1863 1867 1942 1958 2192 2503 2889 3037 3106 3298 3300 3513 3856 4202 4209 4237 4319 4331 4757 4778 4838 4933
228	29	115	16	219 597 643 887 980 1148 1417 1489 1778 1835 1889 2036 2273 2423 2523 2700 2754 2773 2917 2940 2982 3269 3343 3657 3731 3963 4000 4072 4104 4297 4362 4851 4865
240	34	137	16	362 519 627 659 764 825 1096 1124 1189 1290 1351 1527 1919 1934 1998 2021 2065 2137 2741 2988 3093 3151 3334 3356 3357 3649 3857 3952 4079 4136 4140 4315 4541 4787 4801
243	13	160	16	273 416 609 722 1012 1044 1098 1180 1183 1396 1503 1733 2023 2046 2081 2191 2394 2521 2589 2665 2687 2811 2816 2946 2974 3111 3529 3875 3940 3980 4266 4394 4615 4791
253	18	138	16	41 108 141 400 720 981 1117 1156 1312 1362 1459 1593 1815 1896 2041 2061 2200 2437 2581 2796 2830 3026 3250 3732 3893 3932 4107 4291 4413 4487 4693 4720 4818
257	4	35	16	23 488 546 753 861 868 883 1421 1655 1660 1854 2093 2243 2306 2359 2507 2550 2820 3083 3140
302	17	192	18	52 110 123 176 545 920 1077 1227 1309 1407 1834 1946 2119 2334 2741 2834 3036 3291 3414 3643 3656 3755 3890 4002 4310 4409 4483 4512 4533 4678 4746 4798 4862 4940 4978
319	21	148	18	129 187 510 518 631 676 832 865 995 1025 1387 1449 1565 1673 1719 1766 1897 2165 2187 2366 2456 2568 2707 2830 3231 3282 3319 3399 3521 3580 3866 3911 4039 4390 4439 4713
326	24	146	18	210 233 381 617 695 887 984 1081 1090 1162 1220 1394 1404 1480 1526 1907 2194 2195 2592 2860 3001 3090 3133 3147 3188 3357 3389 3438 3447 3865 3897 4038 4937
348	14	89	18	221 267 677 716 809 980 1058 1148 1218 1261 1429 1535 1607 1844 1932 2274 2413 2527 2723 2784 2835 2919 2939 3056 3124 3345 3509 3668 3688 3701 3733 4040 4183 4511 4677 4843
349	1	195	18	76 183 286 467 544 680 811 821 847 892 1024 1105 1372 1518 1638 1700 1963 1964 2360 2371 2426 2599 2742 2811 3217 3411 3427 3771 3773 4001 4647 4812 4837 4982
364	16	123	18	15 218 402 580 641 838 940 1072 1371 1450 1617 1768 1981 1999 2026 2078 2259 2299 2914 2956 3116 3312 3391 3595 3666 3873 4005 4033 4103 4228 4322 4443 4502 4603 4659 4909 4942
400	7	78	18	90 259 307 653 765 1062 1304 1374 1461 1597 1821 2087 2214 2494 2609 2792 2998 3091 3102 3163 3275 3310 3376 3582 3902 4085 4269 4270 4329 4426 4460 4492 4683 4818
409	33	85	18	137 643 854 1015 1085 1303 1317 1413 1598 1660 1944 2240 2394 2541 2638 2848 2947 3076 3305 3403 3465 4035 4083 4135 4253 4291 4386 4452 4651 4817 4963 4973
428	39	11	18	54 439 598 727 789 1086 1283 1383 1463 1542 1571 1604 1747 1804 1939 1979 2024 2136 2307 2308 2529 2531 2672 2963 3128 3303 3623 3722 4140 4156 4251 4717 4915
431	40	27	18	543 736 777 803 851 879 1038 1223 1253 1423 1589 1652 1676 1680 1702 1782 2173 2191 2202 2230 2319 2452 2462 2465 2498 3014 3068 3362 3375 3377 3505 3653 3798 4467 4980
453	25	100	18	116 372 451 568 897 941 1010 1319 1358 1443 1551 1649 1754 1800 2098 2204 2244 2524 2916 3022 3117 3148 3255 3276 3293 3308 3373 3833 3879 3979 3992 4393 4524 4772 4896
454	32	164	18	122 380 615 705 782 792 1055 1057 1067 1532 1806 1818 1951 2363 2419 2420 2514 2582 3168 3356 3494 3518 3588 3687 3732 3859 4087 4138 4173 4307 4525 4549 4907 4918
458	35	221	18	316 379 416 718 761 1008 1122 1315 1326 1360 1487 1555 1572 1685 1714 1811 2316 2546 2668 2807 2832 3126 3166 3332 3418 3422 3569 3575 3907 3997 3998 4044 4082 4564 4718
461	9	158	18	64 153 156 239 245 305 371 474 516 626 738 837 1011 1158 1379 1511 1752 1868 2199 2794 2849 2856 3024 3082 3191 3230 3691 3740 3942 4260 4479 4499 4537 4623 4671 4802 4839
471	23	208	18	3 251 292 347 702 732 780 936 1266 1491 1588 1755 1916 1971 2358 2491 2624 2858 2945 3227 3254 3325 3444 3609 3673 3684 3950 4095 4143 4144 4227 4252 4811 4882 4906
14	12	189	18	51 276 417 737 858 965 1100 1101 1248 1354 1523 1813 1874 2238 2313 2320 2336 2614 2618 3290 3378 3555 3759 3775 3818 3858 4011 4105 4540 4617
39	28	123	20	36 130 182 187 217 388 839 890 964 1038 1215 1358 1386 1490 1652 1898 1900 1940 2127 2184 2330 2447 2460 2604 2691 2808 2888 3447 3457 3598 3604 3641 4399 4517
53	38	103	18	117 277 374 505 762 926 1005 1279 1402 1458 1508 1885 2081 2178 2213 2918 2955 3241 3288 3317 3361 3558 3624 3625 3843 3851 4060 4206 4234 4290 4305 4449 4622 4989
65	31	44	18	102 385 424 551 574 636 850 946 1178 1256 1270 1285 1324 1456 1506 1824 1875 1922 2168 2245 2441 2694 2705 3397 3487 3554 3630 3783 3969 4359 4385 4550 4698 4787
66	5	92	18	96 322 403 501 550 660 787 805 972 988 1043 1275 1839 2073 2128 2637 2712 2721 2743 2840 2934 2942 2996 3074 3173 3229 3274 3457 3642 3697 4289 4405 4515 4557 4877 4938
75	15	196	18	42 99 348 390 599 778 791 1331 1499 1504 1625 1737 1926 1942 2131 2236 2261 2428 2545 2573 2897 3222 3297 3344 3405 3584 3796 3801 3810 4331 4444 4542
86	30	55	18	179 475 591 669 758 957 1234 1537 1619 1825 1837 1935 2064 2106 2242 2561 2690 2896 2901 3026 3360 3563 3728 3747 3808 4673 4688 4691 4771 4807 4917 4926
101	10	15	18	236 364 463 494 571 657 709 1271 1527 1657 1717 2263 2298 2353 2552 2718 2764 2881 3174 3271 3430 3483 3513 3652 4014 4222 4377 4440 4518 4585 4592
112	26	151	18	152 195 253 523 616 621 755 1190 1238 1425 1470 1633 1725 1848 1995 2297 2423 2440 2493 2674 2799 2844 3078 3296 3749 3941 3943 3949 3965 4261 4350 4487 4779 4993
140	11	215	18	401 438 784 788 794 1221 1541 1846 1900 1905 2014 2041 2104 2125 2143 2192 2580 2647 2846 2879 2937 3121 3167 3374 3424 3774 3848 3895 4008 4036 4378 4620 4711 4810 4921
143	27	20	18	30 120 184 309 377 425 693 795 945 1493 1559 1969 2252 2341 2438 2472 2824 2941 3012 3031 3235 3270 3339 3431 3585 3788 4508 4723 4884 4899 4939
270	8	12	18	223 752 935 1112 1131 1265 1273 1419 1626 1670 1927 1928 2040 2062 2422 2445 2665 2704 2777 2902 2933 3192 3364 3413 3612 3745 3826 4133 4470 4857 4967
272	2	149	18	68 119 250 564 793 807 888 1070 1318 1378 1417 1770 1772 1791 1933 1954 2110 2155 2328 2461 2525 3251 3573 3576 3828 3896 3985 3993 4034 4192 4267 4800 4929
298	36	242	18	177 214 246 296 366 370 490 666 711 760 819 822 882 1051 1186 1217 1438 1662 1665 1930 2115 2160 2622 2623 2767 2802 2812 3353 4089 4362 4543 4700 4891 4895 4923
307	19	80	18	139 264 339 431 834 1035 1184 1213 1345 1396 1496 1771 1882 1914 2018 2201 2271 2511 2560 2660 2894 2903 3018 3025 3051 3223 3379 3736 4184 4233 4313 4367 4796 4819 4887
345	20	8	18	785 815 890 974 992 1245 1296 1367 1522 1570 1586 1646 1667 2364 2386 2391 2761 2805 2853 2930 3085 3145 3172 3203 3587 3647 4170 4201 4292 4325 4369 4666 4961
381	3	53	18	49 271 332 986 1002 1339 1547 1590 1596 1728 2009 2102 2121 2154 2218 2543 2663 3111 3486 3593 3603 3670 3777 3856 3929 3947 3957 4282 4407 4554 4822 4920
391	6	169	18	53 77 319 391 452 554 557 642 919 997 1120 1149 1382 1842 1992 2158 2220 2258 2450 2535 2753 2806 2961 3057 3127 3426 3753 3888 3984 4021 4161 4266 4383 4596 4643
403	37	165	18	37 105 200 220 240 328 433 533 673 703 817 975 1040 1140 1390 1666 2083 2234 2342 2539 2656 2711 2725 3156 3176 3207 3739 3800 4118 4255 4347 4610 4805
408	22	27	20	49 127 364 403 512 760 763 941 944 1034 1093 1430 1650 1675 1929 1992 2103 2144 2194 2393 2561 2721 2978 3136 3235 3238 3452 3512 3627 3936 3981 4148 4376 4527 4672 4910
429	29	73	18	138 170 182 392 436 528 744 773 818 1060 1078 1323 1416 1550 1796 1990 2141 2327 2490 2768 2816 3005 3007 3008 3181 3542 3552 3616 3930 4153 4224 4588 4714
464	34	37	18	75 83 114 132 285 310 326 547 623 624 742 929 1045 1138 1314 1760 2006 2152 2255 2357 2480 2681 2833 2906 3220 3365 3535 3615 3724 3869 4093 4565 4827
485	13	128	18	25 207 255 432 542 993 1108 1244 1288 1490 1869 1915 2004 2176 2246 2377 2417 2610 2613 2649 2887 2928 3226 3313 3350 3476 4177 4701 4783 4792 4835 4872 4903
9	18	175	18	213 396 531 655 1689 1817 1936 1947 2027 2045 2179 2277 2459 2722 2778 3047 3050 3571 3665 3760 3814 3883 3913 4086 4243 4257 4326 4399 4551 4553 4601 4744
19	4	247	18	35 40 107 329 870 976 1161 1164 1185 1250 1284 1336 1507 1749 1784 1816 1880 1917 1959 1974
22	17	38	20	148 178 283 387 501 563 988 1121 1278 1381 1404 1521 1553 1718 1768 2088 2309 2375 2591 2597 2625 2948 3081 3118 3119 3368 3533 3952 4195 4445 4496 4971
30	21	51	20	39 137 292 455 531 591 681 728 740 985 1098 1206 1542 1872 1912 1934 2060 2108 2134 2374 2535 2599 3114 3133 3270 3464 3612 3961 4223 4290 4694 4706
32	24	32	20	147 172 369 667 743 803 820 900 922 946 1109 1143 1596 1958 2260 2279 2376 2381 2502 3371 3395 3932 3954 3975 3998 4225 4470 4473 4610 4765 4798 4880 4969
56	14	216	20	46 107 337 535 543 903 942 997 1068 1383 1863 1964 2226 2291 2429 2467 2473 2530 2673 2678 2750 3228 3248 3340 3777 3793 3893 4013 4283 4435 4536 4631
62	1	200	20	140 154 344 629 753 801 834 1286 1522 1613 1634 1763 1909 2094 2434 2517 2575 2603 2687 2756 2837 2839 2871 2973 3224 3880 3921 4446 4571 4748 4808
64	16	247	20	320 348 467 614 723 726 828 993 1008 1111 1174 1223 1483 1676 1680 1740 1942 2490 2595 2613 2632 2892 2901 3183 3191 3740 3774 3950 4057 4242 4567 4591 4594
84	7	181	20	14 153 477 561 588 757 825 1049 1261 1262 1751 1753 1955 2001 2007 2138 2269 2403 2900 3013 3219 3525 3599 3763 3846 3848 4363 4588 4737 4847
95	33	163	20	29 136 155 273 308 542 699 912 1220 1352 1433 1756 2148 2267 2401 2512 2675 3034 3214 3254 3372 3472 3518 3622 3734 3988 4149 4287 4343 4371 4423 4504 4941
104	39	54	20	27 641 778 854 1024 1197 1709 1782 1824 1865 2034 2086 2136 2264 2317 2446 2776 3091 3187 3316 3319 3458 3462 3528 4126 4220 4244 4317 4583 4608 4850 4933
117	40	206	20	453 482 526 855 899 1726 2120 2200 2274 2314 2339 2353 2759 3141 3162 3211 3252 3455 3476 3477 3515 3611 4026 4071 4313 4384 4453 4526 4615 4700 4747 4840 4972
137	25	97	20	149 185 186 215 216 365 577 814 836 962 1313 1372 1450 1712 2245 2532 2545 2799 2943 3623 3625 3634 3829 3868 4051 4062 4163 4288 4335 4393 4712 4959
146	32	24	20	315 319 633 875 877 983 1249 1398 1414 1606 1630 1637 1658 1779 1935 2078 2250 2996 3067 3246 3453 3963 4000 4045 4400 4586 4604 4900
149	35	17	20	232 547 635 780 959 1107 1306 1412 1422 1491 1511 1536 1731 1773 1810 1949 2058 2471 2524 2565 2573 2909 2967 2984 3089 3154 3212 3295 3413 3669 4005 4362 4954
153	9	225	20	24 53 249 415 494 495 622 676 832 952 1127 1164 1579 1686 1706 1748 1979 2283 2716 2809 3065 3215 3401 3408 3621 3722 3930 3972 4135 4206 4342 4456 4497 4625 4774 4842
155	23	56	20	490 527 569 954 1236 1576 1627 1788 1896 1941 1973 2028 2483 2650 3001 3247 3588 3667 3705 3718 4018 4104 4198 4245 4364 4606 4649 4666 4690 4770 4879
160	12	50	20	37 150 333 342 377 378 1021 1664 2025 2137 2351 2397 2463 2583 2648 2669 2720 2788 2807 2944 2945 3380 3414 3521 3591 3779 3792 3853 4539 4562 4984 4991
189	38	148	20	26 103 275 732 1045 1115 1314 1367 1458 1556 1734 1879 1970 2059 2177 2357 2518 2608 2782 3199 3236 3571 3708 3731 3823 3831 4032 4142 4353 4499 4569 4632 4669 4797
211	31	235	20	293 323 326 518 570 600 671 844 921 1062 1216 1244 1299 1350 1401 1440 1493 2017 2091 2499 2743 3004 3055 3234 3338 3495 3715 3729 4284 4379 4475 4485 4612 4872
220	5	83	20	250 279 426 441 608 640 802 1319 1322 1801 1862 2035 2122 2514 2725 2875 2938 3113 3116 3172 3175 3637 3657 3819 3910 4439 4638 4721 4951
251	15	86	20	15 110 119 156 214 228 340 694 708 1018 1435 1595 1618 1681 1888 1906 2171 2271 2327 2406 2420 2445 2498 2567 2972 3020 3268 3313 3572 3837 4036 4177 4367 4392 4734 4961
286	30	248	20	67 208 221 264 354 414 448 626 856 860 898 979 1060 1201 1544 1593 1715 1875 1975 2135 2415 2830 3043 3082 3125 3302 3320 3772 3799 3876 4101 4489 4491 4663
288	10	162	20	70 188 431 489 713 864 881 1080 1114 1405 1437 1503 1577 1710 1720 1823 2040 2124 2190 2773 2870 3355 3540 3660 3836 4204 4295 4512 4652
370	26	25	20	299 367 513 751 919 1048 1087 1260 1859 1880 1953 1972 2182 2195 2400 2433 2487 2557 2733 3151 3362 3420 3425 3484 3652 3691 3750 3948 4070 4179 4462 4565 4824 4832 4852
378	11	1	20	108 420 634 792 1152 1172 1250 1252 1268 1349 1656 1843 1923 2253 2255 2287 2299 2355 2461 2582 2908 2968 3038 3390 3671 3726 3947 4100 4166 4386 4736
390	27	118	20	111 226 371 447 654 749 835 934 1029 1205 1479 1492 1730 1887 2022 2133 2143 2214 2395 2551 2983 3432 3456 3659 3707 3797 3813 3982 4216 4464 4523 4654 4692 4777
399	8	137	20	21 86 89 202 219 332 460 472 781 892 1067 1276 1366 1545 1689 1968 2044 2131 2140 2162 2180 2227 2270 2352 2370 2814 2895 3352 4299 4323 4673 4752 4884 4976
424	2	99	20	247 295 327 410 445 534 590 741 862 1027 1580 1922 2240 2280 2402 2641 2644 2781 2817 2845 2955 2975 3156 3449 3928 3989 4042 4067 4226 4749 4875
450	36	236	20	43 394 485 486 674 679 725 866 1310 1583 1620 1672 1682 1757 1877 1913 2125 2166 2414 2651 2758 3057 3110 3112 3232 3403 3607 3773 4061 4373 4510 4878 4882
463	19	62	20	74 268 659 684 766 809 933 1119 1166 1334 1376 1403 1566 1653 1697 1770 1871 2011 2076 2711 2965 3115 3292 3359 3382 3411 3937 4052 4260 4307 4354 4483 4815 4891
469	20	198	20	126 200 436 558 682 848 987 1225 1237 1240 1325 1463 1901 2519 2569 2623 2682 2783 2876 2894 3285 3442 3502 3664 3741 3964 4508 4825 4901 4973 4998
475	3	4	20	106 133 171 522 564 1005 1331 1452 1967 1969 2026 2277 2286 2432 2693 2694 2736 2797 2966 3099 3310 3323 3556 3592 3679 3681 3706 3824 4030 4178 4377 4519 4799 4855
12	28	86	22	20 55 191 295 306 974 1118 1150 1212 1461 1651 1685 2131 2256 2332 2526 2548 2550 2553 2556 3070 3271 3552 3764 4041 4203 4445 4625 4723 4731 4877 4880 4901
13	6	244	20	51 98 190 819 1125 1270 1328 1356 1640 1657 1695 2388 2436 2544 2605 2793 2802 3077 3301 3626 3901 3944 4048 4092 4210 4280 4332 4728 4735 4760 4773 4873 4936
42	37	14	20	213 421 595 688 850 938 1438 1998 2189 2198 2208 2386 2539 2645 2980 3011 3227 3263 3593 3680 3840 3884 4117 4174 4293 4389 4546 4618 4822 4856
60	29	188	20	212 356 450 1210 1330 1754 1777 1988 2266 2677 2702 2794 2910 2958 3072 3687 3769 3826 4010 4137 4145 4172 4477 4531 4629 4794 4837 4853 4994
123	34	41	20	56 100 245 492 685 789 969 977 1017 1234 1551 1557 1750 2661 2765 2963 3009 3052 3253 3781 4120 4122 4159 4494 4646 4675 4741 4810 4820 4978
124	13	204	20	87 141 312 353 666 690 1032 1280 1340 1497 1765 1809 1870 1892 2049 2082 2700 2713 3044 3062 3080 3131 3321 3542 3640 3765 3931 4079 4229 4503 4641 4695 4904
139	22	162	22	13 165 397 520 584 947 959 1172 1388 1737 1860 1889 1893 2049 2201 2428 2540 2745 2751 2770 2814 3020 3101 3348 3713 3869 4127 4215 4239 4614 4653 4786 4804 4874
142	18	102	20	33 71 112 352 520 705 1015 1179 1287 1546 1628 1766 1832 2164 2209 2308 2410 2486 2821 3027 3071 3584 3648 3768 3778 3927 3999 4200 4221 4298 4305 4579 4585
158	4	195	20	92 179 180 240 390 458 621 837 1014 1041 1474 1573 1582 1984 1986 2073 2099 2141 2210 2341
196	17	135	22	26 125 150 346 359 406 411 571 741 901 1134 1155 1513 2040 2446 2601 2874 3315 3390 3486 3665 3905 3972 4197 4265 4268 4283 4395 4396 4597 4603 4884 4956 4968
219	21	143	22	170 259 344 487 569 609 657 667 791 1404 1416 1498 1672 1902 2287 2486 2665 2921 3149 3464 3465 3488 3588 4012 4067 4341 4417 4822 4905 4908
230	24	170	22	52 83 101 256 482 527 529 978 1269 1285 1652 2262 2636 2655 2657 2705 2794 2855 2886 3166 3266 3534 3580 3589 3985 3986 4150 4524 4568 4619 4640
306	14	105	22	28 261 357 817 852 924 1226 1247 1481 1506 1716 1887 1980 2285 2427 2512 3032 3046 3325 3624 3633 3734 3872 3964 4026 4080 4129 4510 4789 4805 4828 4890 4914
311	1	69	22	203 603 703 930 931 983 1003 1093 1198 1428 1457 1677 1802 2137 2349 2370 2552 2599 2619 2643 2685 2766 3574 3682 3789 4289 4584 4638 4699 4793 4814 4990
320	16	141	22	70 71 119 241 309 444 607 662 943 1348 1518 1540 1598 1609 1829 1979 2005 2071 2432 2753 3170 3774 4131 4158 4611 4672 4709 4815 4825 4907 4933 4966
322	7	132	22	29 279 331 352 392 437 510 1318 1340 1377 1482 1579 1704 1758 1970 2102 2547 2615 3015 3130 3258 3507 4062 4096 4153 4306 4416 4546 4561 4873 4916 4970
334	33	157	22	294 319 374 524 536 905 1133 1184 1214 1258 1373 1512 1594 1690 2117 2292 2342 2576 2630 2680 2821 2889 3281 3342 3435 3490 3701 3748 4201 4403 4427 4431 4468
341	39	16	22	92 157 207 231 271 368 1515 1529 1745 1919 2035 2119 2190 2337 2341 2634 2979 2984 3022 3100 3303 3368 3535 3702 3878 3966 4016 4225 4356 4516 4549 4718 4778 4824
343	40	205	22	123 133 232 288 562 594 737 752 842 1181 1230 1301 1315 1699 1877 2037 2424 2470 2546 2953 2987 3068 3454 3517 3666 3891 3943 4346 4564 4687
355	25	21	22	155 358 399 561 675 744 797 923 962 1259 1385 2022 2074 2094 2162 2401 2434 2452 2864 2890 3118 3120 3412 3551 3743 3806 3974 3993 4168 4398 4574 4785
369	32	97	22	63 130 163 205 354 553 572 754 1028 1695 1741 1795 1927 2185 2384 2405 2464 2524 2899 2918 3054 3378 3641 3660 3716 3717 3809 3892 4378 4598
383	35	199	22	180 691 734 883 1052 1151 1338 1534 1641 1782 1952 2214 2319 2346 2652 3155 3164 3320 3400 3405 3669 3693 3725 3938 4044 4207 4222 4257 4473 4883 4965
417	9	150	22	24 36 104 234 326 656 759 987 1209 1267 1312 1382 1448 1470 1808 2132 2167 2258 2326 2474 2729 2797 3260 3820 4010 4478 4531 4552 4738 4800 4911
476	23	187	22	408 427 624 632 820 1142 1251 1281 1527 1645 1921 2155 2157 2200 2269 2783 2974 3038 3211 3283 3445 3611 3627 3749 3958 4141 4587 4628 4649 4941 4948
490	12	184	22	62 321 426 722 813 866 1187 1210 1262 1431 1519 1520 1761 1830 2069 2300 2579 2610 2719 3139 3503 3573 3577 3602 4408 4423 4438 4541 4589 4812 4865 4997
29	38	104	22	541 552 685 787 823 884 1036 1081 1086 1380 1581 1664 2056 2204 2396 2622 2661 2772 2841 2847 2954 3346 3599 3635 3778 3793 3823 4582 4652 4745
108	31	76	22	54 120 173 538 914 1042 1050 1103 1114 1501 1578 1960 1968 2077 2389 2439 2496 2508 2628 2919 3185 3300 3483 3756 3944 4005 4373 4534 4773 4849 4931
144	5	238	22	375 568 966 991 1116 1165 1507 1636 2257 2481 2595 2725 2904 2992 3028 3177 3237 3442 3443 3563 3603 3711 3889 4293 4439 4457 4567 4580 4676 4856 4857
190	15	50	22	563 612 709 816 818 1073 1092 1097 1467 1732 1888 2156 2339 2398 2448 2543 2641 2800 2817 2833 2851 2910 2965 3080 3275 3286 3541 3858 3967 4124
208	30	196	22	164 198 626 729 749 1061 1194 1524 1552 1558 1771 1851 2008 2113 2209 2603 2629 2876 3034 3153 3630 3685 3797 3942 4187 4309 4392 4505 4684
213	10	11	22	64 767 870 975 1022 1071 1171 1391 1521 2212 2235 2321 2495 2537 2591 2731 2755 2868 2885 2888 2929 3040 3206 3485 3557 3583 3740 3864 4029 4404 4994
227	26	68	22	103 189 663 746 1202 1302 1365 1374 1389 1395 1627 1702 1727 1742 1973 2002 2097 2111 2171 2225 2395 2455 2738 3107 3786 3854 4115 4285 4321 4410 4635 4715
258	11	82	22	428 481 615 702 997 1069 1305 1426 1564 1620 1805 1837 1867 2147 2335 2673 2948 3200 3239 3261 3565 3570 3618 3638 3842 3847 3861 4194 4486 4496 4761 4922
323	27	230	22	334 844 1159 1411 1441 1505 1693 1790 1835 1898 2059 2100 2110 2198 2413 2458 2666 2700 2897 3021 3272 3430 3639 3667 3862 4527 4648 4769 4770 4836 4879 4950 4995
360	8	159	22	204 363 605 771 1095 1096 1174 1275 1337 1510 2203 2247 2443 2631 2703 2748 2930 2960 3225 3265 3500 3983 4014 4249 4331 4343 4344 4379 4671 4862
396	2	96	22	560 578 696 942 1219 1314 1438 1455 1466 1484 1511 1618 1663 1763 1943 2108 2381 2560 2931 2989 3452 3491 3578 3655 3845 3896 4075 4149 4307 4537 4663 4795 4821
411	36	58	22	128 215 268 402 491 496 635 1046 1188 1300 1407 1474 1760 1780 2191 2993 3089 3451 3494 3910 3949 4401 4424 4678 4703 4733 4945
419	19	250	22	97 109 618 756 1006 1250 1254 1289 1394 1659 1862 1909 1959 1966 2101 2296 2357 2860 2887 2902 3063 3461 3678 3798 3815 4181 4509 4830 4886 4980
442	20	164	22	222 242 325 353 619 666 909 1266 1424 1628 1661 1931 2207 2270 2373 2429 2701 2877 3047 3429 3473 3522 4023 4248 4520 4682 4739 4780 4899 4935
446	3	44	22	85 440 465 542 1101 1176 1252 1344 1644 1756 1958 1994 2272 2761 2908 2949 3098 3354 3562 3631 3794 4073 4113 4173 4247 4254 4266
467	6	142	22	90 227 508 511 719 896 910 935 1241 1276 1571 1584 2215 2254 2462 2648 2654 2747 2780 2799 3085 3262 3291 3553 3824 4485 4525 4626 4712 4875 4955 4999
40	37	185	22	94 246 565 810 880 1063 1160 1205 1263 1294 1350 1971 2091 2385 2706 2994 3182 3312 3431 3585 3697 3727 3781 4001 4069 4199 4461 4480 4919
88	29	206	22	69 95 525 661 1085 1549 1554 1635 1712 1713 2491 2520 2534 2827 2829 2959 3039 3243 3426 3434 3516 3688 3720 4049 4212 4235 4282 4429 4493 4530 4775
248	34	127	22	42 185 217 382 477 593 714 877 885 1023 1125 1602 1744 1799 1949 2018 2044 2605 3247 3302 3318 3340 3504 3696 3791 3849 3856 4138 4195 4591 4620 4657 4938
287	13	193	22	93 509 1173 1585 1723 1840 1967 2033 2224 2378 2379 2393 2444 2566 2580 2893 3007 3052 3240 3529 3874 4064 4550 4679 4781 4816 4902
324	18	46	22	209 435 466 614 925 954 958 1601 2084 2092 2353 2423 2490 2574 2917 3067 3079 3205 3297 3492 3747 4025 4094 4099 4333 4413 4639
365	4	175	22	51 445 514 708 1221 1317 1454 1591 2013 2211 2421 2475 2723 2752 2863 3012 3227 3253 3703 3739
377	28	19	24	263 655 853 890 891 984 1083 1321 1512 1533 1778 1993 2062 2250 2282 2317 2345 2385 2436 2756 2796 2831 2954 3133 3186 3243 3279 3314 3372 4068 4457
395	22	48	24	254 456 514 716 821 937 1575 1577 1587 1771 1853 1859 1883 1932 1986 2053 2750 3048 3231 3287 3470 3521 3821 4180 4366 4400 4616 4880
492	17	221	24	94 142 183 225 242 357 397 505 805 991 1098 1199 1362 1520 1600 1757 2033 2075 2133 2403 2433 2527 3068 3194 3238 3366 3520 3686 3831 4209 4456 4881
58	21	67	24	79 131 236 346 615 1028 1089 1106 1230 1371 1391 1545 1581 1755 1775 1878 1929 2052 2256 2356 2480 3075 3206 3343 3601 3929 4520 4750
102	24	88	24	245 272 303 498 668 1149 1232 1761 1889 1965 2410 2512 2532 2536 2675 2743 3022 3871 4037 4056 4098 4143 4226 4378 4407 4470 4525 4550 4573 4620
150	14	63	24	66 124 322 391 415 841 1047 1177 1197 1379 1484 1655 1708 1927 2039 2351 2384 2608 3265 3328 3399 3464 3590 3933 4059 4078 4189 4192 4235 4465
185	1	109	24	105 192 706 1070 1477 1478 1742 1751 1764 1802 1875 1941 2278 2519 2534 2603 2628 2959 3030 3203 3365 3675 3920 4297 4305 4495 4622 4647
210	16	168	24	172 193 400 481 555 669 1175 1372 1515 1618 1808 1848 1978 2042 2138 2484 2503 2589 3212 3747 3854 3900 3919 4045 4273 4344 4692 4788 4815
238	7	34	24	123 251 534 642 648 676 1330 1366 1497 1550 1737 1747 1856 1860 2583 2657 2945 2948 2958 3057 3262 3419 3425 3597 3689 3709 3754 3817 4196 4223 4245 4392
261	33	22	24	1 179 210 286 345 822 1728 1744 1975 2032 2092 2437 2867 2876 2882 3083 3180 3263 3598 3679 3695 3773 3840 3946 4077 4352 4356 4570
271	39	17	24	108 202 206 348 412 709 733 791 936 998 1534 1603 1687 1792 1794 1849 1855 2369 2913 3201 3268 3384 3459 3607 3889 4013 4215 4270 4382
278	40	61	24	118 235 464 550 957 1146 1192 1345 1557 1825 1828 2098 2102 2466 2741 2918 3103 3115 3259 3293 3347 3387 3940 3964 4472 4547 4636 4670 4685
308	25	3	24	49 158 285 371 470 525 535 541 579 670 1184 1217 1248 1567 2197 2469 2765 3299 3468 3527 3557 3855 3934 4182 4281 4295
379	32	89	24	38 152 340 361 388 672 799 1257 1296 1373 1807 2372 2460 2646 2723 2946 2997 3000 3129 3304 3770 3865 3895 4055 4082 4380 4491 4755 4853
393	35	237	24	175 307 663 730 740 745 756 786 861 1339 1561 2174 2210 2215 2216 2318 2325 2497 2884 3024 3276 3340 3441 3443 3823 4030 4033 4116 4197 4441 4477
421	9	152	24	30 60 125 150 324 443 667 1006 1056 1502 1698 1810 1893 1928 1985 1996 2425 2577 2740 2981 3038 3531 3906 4126 4160 4212 4390 4633 4792
434	23	47	24	11 75 91 455 532 552 661 792 1392 1530 1592 1791 1926 2103 2127 2305 2383 2393 2539 2575 2580 2822 2840 2950 2961 3003 3516 3725 3894 4017 4054
445	12	223	24	6 76 190 305 394 577 581 1181 1873 2119 2510 2538 2571 2731 2851 2864 3137 3434 3891 4008 4103 4134 4265 4630 4740 4789 4828 4990
451	38	21	24	213 724 813 846 1004 1014 1297 1361 1397 1443 2501 2684 2970 2994 3032 3219 3273 3331 3646 3722 3769 3887 4058 4141 4363 4554 4598 4719 4781
481	31	136	24	434 750 970 982 1156 1643 1649 1745 1866 1867 2111 2281 2320 2435 2474 2826 2938 3246 3761 3844 3986 4179 4492 4613 4707 4934 4988
489	5	46	24	451 645 823 1237 1364 1717 1768 1779 2022 2043 2113 2160 2405 2421 2428 2553 2611 2717 3123 3127 3721 3958 4624 4819 4869 4908 4912 5000
497	15	18	24	297 387 441 442 578 657 994 1073 1107 1193 1911 1916 2093 2363 2370 2726 3006 3195 3321 3448 3523 3696 3752 3853 4544 4889 4975 4984
7	30	218	24	59 311 537 658 896 1347 1481 1962 1981 2085 2431 2528 2630 2662 2677 2779 2815 3166 3182 3510 3771 3992 3999 4253 4276 4528 4545 4562 4813 4913 4962
169	10	181	24	115 194 243 300 679 743 931 1124 1464 1525 1536 1681 2010 2631 2715 2975 3052 3213 3637 3748 3949 4024 4385 4552 4595 4615 4627
217	26	149	24	81 304 328 331 431 524 596 693 696 816 870 901 990 1580 1601 1920 2306 2993 3105 3122 3348 3495 3757 3954 4258 4285 4370 4432 4952
241	11	167	24	203 418 453 465 604 839 904 913 922 941 952 1033 1274 1333 1522 2109 2122 2321 2409 2616 2842 3027 3350 3392 4000 4147 4339 4739
244	27	71	24	538 610 711 1010 1082 1348 1429 1440 1675 1694 1989 2132 2397 2644 2708 2732 2829 2873 2897 3004 3101 3363 3562 3683 3767 3885 4572 4619 4634 4803
249	8	64	24	703 829 833 1470 1556 1565 1572 1718 2030 2340 2477 2572 2607 2678 2980 3031 3069 3093 3117 3450 3587 3645 3687 3781 3897 4175 4250 4580 4637
264	2	154	24	16 318 631 717 757 798 908 1094 1153 1412 1416 1513 1623 1756 1803 1895 2494 3041 3198 3421 3493 3503 3524 3661 3692 3977 4022 4594 4992
340	36	171	24	255 325 353 770 869 1375 1688 1721 2135 2182 2348 2442 2547 2738 2852 3381 3431 3479 3724 3809 3988 4081 4148 4202 4490 4523 4553 4602 4867 4985
363	19	36	24	835 874 961 1291 1299 1598 1625 1969 2188 2262 2438 2440 2475 2509 2612 2650 2923 2952 3082 3085 3108 3217 3394 4169 4480 4541 4635 4644 4854
418	20	7	24	96 176 528 768 907 955 1027 1393 1632 1711 1913 2114 2394 2522 2595 2739 2861 2869 3135 3207 3275 3663 4031 4164 4278 4559 4639 4875
147	3	84	24	2 45 294 469 639 856 968 1036 1066 1154 1272 1385 1727 2404 2940 3029 3051 3154 3269 3546 3738 3863 3877 4050 4117 4230 4397 4800 4983
416	6	213	24	291 572 656 758 851 876 897 963 1569 1636 2212 2602 2625 2790 3043 3799 3816 3991 4025 4119 4294 4428 4505 4764
487	37	25	24	197 281 396 422 1037 1130 1143 1282 1340 1351 1445 2012 2193 2679 2846 3449 3579 3641 3730 3776 4113 4188 4649 4655 4729 4749 4824 4843 4894 4907
8	29	170	24	135 146 674 688 1087 1496 1501 1516 1923 1938 1980 2016 2235 2430 2929 3346 3549 3915 4106 4394 4607 4673 4708 4741 4748 4798 4928
15	34	40	24	78 252 352 373 519 727 771 803 1258 1387 1585 1786 2107 2328 2773 2914 2999 4048 4150 4301 4737 4793 4897 4954
33	13	119	24	7 275 329 647 721 1263 1294 1795 1837 1915 1995 1999 2095 2422 2453 2489 2944 3121 3216 3305 3327 3519 3746 3899 4167 4826
36	18	174	24	106 256 593 800 1034 1049 1064 1476 1614 1890 2006 2051 2140 2219 2450 2771 2772 2956 3402 3762 3960 4095 4242 4264 4317 4423 4665 4742
51	4	250	24	313 487 735 1151 1654 1739 1743 1748 1894 2454 2617 2635 2801 3291 3487 3545 3962 3971 4149 4193
61	28	57	26	339 362 421 472 714 958 1030 1054 1438 1469 1473 1591 2099 2600 2818 3262 3335 3386 3511 3654 4183 4297 4579 4734 4748 4759 4793 4836
218	22	153	26	297 363 402 933 1286 1434 1440 1520 1769 1878 2008 2353 2695 3226 3326 3341 3458 3532 3758 3759 3827 4159 4298 4384 4547 4681 4685 4790
274	17	31	26	2 89 422 473 581 645 652 746 1139 1431 1641 2075 2092 2372 2458 2615 2644 2810 3328 3680 3683 3707 4241 4511 4581 4820 4919
293	21	13	26	193 249 875 977 992 1052 1059 1111 1489 1805 2096 2103 2443 2658 2701 2712 3237 3324 3503 3563 3668 3741 3965 4004 4062 4272 4324 4683
332	24	45	26	848 1328 1439 1615 1654 1682 1793 1864 2188 2362 2492 2527 2564 2659 2667 3163 3432 3560 3704 3735 3768 3874 3887 4269 4498 4601 4605 4660 4799
362	14	114	26	28 153 159 215 233 483 772 882 1464 1601 1888 2297 2507 2556 2937 3035 3039 3066 3070 4028 4029 4031 4060 4210 4260 4277 4736 4760 4840
441	1	52	26	131 189 227 307 317 461 529 616 860 867 1040 1161 1478 1534 1609 1762 2213 2224 2518 2786 2896 2925 3437 3466 3540 3824 3995 4593 4773
2	16	161	26	262 620 854 1276 1396 1420 1600 1741 2081 2095 2199 2324 2334 2399 2725 2806 2935 3636 3787 3884 4051 4102 4175 4446 4482 4693 4728 4890
130	7	23	26	19 169 180 300 384 658 990 1051 1557 1563 1674 1867 2127 2893 2936 3198 3565 3881 3906 3911 4082 4610 4630 4665 4669 4678
26	28	161	28	47 188 240 709 747 900 1356 1444 1489 1648 2470 2472 2567 2602 2668 2771 2884 3539 4066 4207 4343 4395 4474 4572 4668 4777 4868
50	33	244	26	404 968 1175 1395 1792 1919 1964 2015 2053 2351 2390 2560 2709 3369 3494 3834 4191 4395 4529 4590 4647 4714 4744 4896 4905
290	39	83	26	122 439 475 582 678 784 795 916 1082 1696 1749 1764 1998 2325 2645 3099 3179 3689 4124 4216 4365 4445 4543 4667 4778 4874
371	40	9	26	349 711 876 1578 1730 1951 2013 2132 2262 2839 2992 3018 3245 3282 3310 3559 3603 3669 3786 3953 4003 4162 4641 4690 4828 4837
389	25	242	26	37 285 433 551 840 886 974 1053 1528 1723 1941 2007 2331 2585 2637 2748 2872 3332 3362 3484 4120 4186 4233 4575 4705
276	32	177	26	273 314 811 831 999 1094 1264 1399 1488 1750 1905 2178 2241 2447 2586 2692 3086 3096 3233 3467 3893 3979 4366 4438 4643 4951
325	35	144	26	7 411 505 535 979 1279 1516 1826 2094 2205 2745 2989 3003 3019 3130 3252 3384 3764 3956 4022 4097 4303 4538 4606
415	9	15	26	315 602 646 733 1298 1321 1482 1623 1956 2045 2622 2803 2890 2943 3178 3204 3932 3971 4220 4458 4460 4468 4562 4888
437	23	30	26	649 776 1113 1291 1341 1561 1621 1833 2249 2532 2619 2662 2697 3298 3564 3572 3640 3799 3803 3982 4093 4381 4925 4930
74	12	130	26	139 353 359 1408 1885 2153 2257 2295 2469 2567 2801 3185 3314 3371 3771 3860 4089 4174 4232 4259 4586 4766 4841
20	38	28	26	272 601 628 960 978 1388 1582 1785 1925 2578 2608 2690 3117 3500 3514 3633 3854 3909 4493 4661 4727 4871
