Students	50
1	10 4 1 13
2	11 2 6 10
3	1 7 13 6
4	13 1 6 14
5	2 12 11 13
6	3 10 6 2
7	7 13 2 10
8	11 13 2 1
9	3 2 10 9
10	11 3 8 10
11	3 14 8 1
12	1 4 6 12
13	7 10 11 9
14	7 3 14 8
15	9 11 7 5
16	7 5 11 13
17	2 11 12 6
18	2 3 11 12
19	10 6 2 9
20	1 7 2 4
21	13 5 4 14
22	7 13 14 4
23	1 9 6 11
24	13 4 5 14
25	12 6 11 4
26	11 10 5 3
27	12 10 9 14
28	9 14 5 3
29	8 7 14 9
30	11 1 12 14
31	11 2 6 1
32	9 7 10 4
33	8 7 2 14
34	8 5 12 10
35	5 1 6 3
36	10 14 13 2
37	5 13 6 12
38	6 8 9 13
39	9 6 1 5
40	1 2 10 14
41	11 14 1 8
42	11 7 14 5
43	10 11 9 1
44	6 14 12 1
45	4 13 6 8
46	12 10 2 4
47	10 3 12 9
48	11 13 6 5
49	1 8 10 5
50	11 5 9 8
