Class Times	30
Rooms	40
1	389
2	455
3	757
4	562
5	443
6	27
7	142
8	287
9	990
10	816
11	252
12	261
13	690
14	664
15	719
16	485
17	901
18	434
19	821
20	576
21	537
22	57
23	617
24	493
25	485
26	54
27	880
28	108
29	676
30	49
31	792
32	164
33	798
34	411
35	772
36	501
37	31
38	590
39	242
40	36
Classes	300
Teachers	150
1	10
2	147
3	61
4	143
5	91
6	65
7	24
8	74
9	105
10	45
11	12
12	42
13	19
14	14
15	123
16	26
17	12
18	132
19	43
20	102
21	65
22	136
23	60
24	88
25	8
26	62
27	141
28	105
29	29
30	8
31	46
32	148
33	127
34	138
35	121
36	62
37	22
38	92
39	24
40	88
41	1
42	110
43	64
44	22
45	77
46	133
47	25
48	23
49	103
50	15
51	111
52	120
53	107
54	104
55	120
56	55
57	146
58	81
59	103
60	91
61	90
62	104
63	78
64	25
65	44
66	78
67	146
68	33
69	2
70	148
71	53
72	29
73	79
74	102
75	54
76	144
77	17
78	133
79	97
80	34
81	7
82	74
83	60
84	75
85	129
86	108
87	70
88	119
89	55
90	76
91	36
92	52
93	41
94	37
95	5
96	36
97	106
98	111
99	95
100	71
101	94
102	132
103	124
104	49
105	96
106	87
107	13
108	131
109	128
110	106
111	67
112	140
113	128
114	101
115	140
116	70
117	48
118	46
119	144
120	130
121	44
122	145
123	33
124	80
125	72
126	61
127	42
128	69
129	138
130	90
131	37
132	95
133	30
134	23
135	98
136	112
137	13
138	31
139	136
140	59
141	21
142	58
143	150
144	130
145	5
146	67
147	122
148	114
149	40
150	68
151	14
152	129
153	85
154	45
155	76
156	139
157	15
158	86
159	56
160	77
161	92
162	89
163	4
164	26
165	117
166	50
167	141
168	1
169	39
170	66
171	137
172	99
173	10
174	19
175	47
176	135
177	80
178	48
179	110
180	135
181	100
182	114
183	38
184	124
185	122
186	101
187	115
188	127
189	56
190	41
191	134
192	11
193	139
194	50
195	125
196	121
197	131
198	16
199	54
200	30
201	73
202	21
203	82
204	118
205	40
206	64
207	93
208	16
209	31
210	149
211	118
212	116
213	51
214	4
215	63
216	18
217	93
218	3
219	58
220	73
221	113
222	52
223	81
224	39
225	96
226	137
227	18
228	126
229	123
230	94
231	89
232	3
233	108
234	82
235	86
236	59
237	112
238	66
239	119
240	38
241	28
242	117
243	100
244	69
245	68
246	147
247	34
248	107
249	7
250	115
251	134
252	83
253	145
254	113
255	9
256	71
257	149
258	27
259	150
260	20
261	98
262	27
263	143
264	35
265	87
266	63
267	53
268	126
269	9
270	72
271	43
272	84
273	75
274	47
275	125
276	116
277	6
278	99
279	32
280	32
281	17
282	2
283	85
284	84
285	6
286	51
287	109
288	97
289	11
290	109
291	35
292	49
293	28
294	57
295	57
296	142
297	20
298	79
299	142
300	83
