Class Times	30
Rooms	40
1	533
2	22
3	349
4	309
5	665
6	666
7	277
8	653
9	374
10	756
11	564
12	156
13	986
14	605
15	964
16	445
17	891
18	399
19	512
20	530
21	503
22	573
23	674
24	560
25	146
26	24
27	871
28	813
29	810
30	141
31	319
32	69
33	84
34	618
35	786
36	760
37	543
38	45
39	225
40	246
Classes	300
Teachers	150
1	48
2	120
3	51
4	4
5	112
6	16
7	70
8	13
9	143
10	84
11	118
12	131
13	74
14	142
15	50
16	76
17	79
18	24
19	37
20	143
21	125
22	25
23	51
24	48
25	58
26	116
27	52
28	136
29	77
30	19
31	25
32	138
33	119
34	90
35	73
36	90
37	108
38	28
39	123
40	60
41	35
42	83
43	77
44	102
45	24
46	54
47	69
48	130
49	87
50	147
51	12
52	75
53	73
54	113
55	131
56	74
57	34
58	145
59	52
60	138
61	82
62	110
63	7
64	97
65	128
66	71
67	132
68	63
69	98
70	99
71	68
72	2
73	125
74	107
75	61
76	106
77	126
78	17
79	89
80	84
81	86
82	44
83	61
84	33
85	91
86	113
87	39
88	119
89	135
90	57
91	133
92	94
93	122
94	26
95	83
96	135
97	108
98	82
99	23
100	37
101	142
102	40
103	85
104	16
105	20
106	30
107	124
108	95
109	121
110	112
111	122
112	11
113	42
114	62
115	62
116	149
117	66
118	129
119	148
120	26
121	1
122	91
123	36
124	11
125	148
126	66
127	20
128	103
129	95
130	39
131	43
132	110
133	133
134	68
135	89
136	21
137	54
138	45
139	56
140	124
141	94
142	102
143	137
144	136
145	60
146	137
147	32
148	93
149	2
150	22
151	30
152	3
153	99
154	27
155	41
156	149
157	79
158	55
159	72
160	114
161	80
162	98
163	8
164	21
165	101
166	57
167	38
168	45
169	147
170	59
171	127
172	109
173	63
174	127
175	17
176	141
177	78
178	103
179	120
180	132
181	72
182	85
183	29
184	27
185	49
186	12
187	9
188	49
189	70
190	69
191	31
192	130
193	71
194	55
195	87
196	4
197	15
198	93
199	96
200	78
201	58
202	65
203	38
204	144
205	43
206	134
207	13
208	140
209	18
210	114
211	8
212	101
213	32
214	107
215	56
216	10
217	141
218	10
219	9
220	86
221	34
222	109
223	100
224	23
225	118
226	139
227	15
228	35
229	96
230	76
231	121
232	7
233	81
234	128
235	111
236	111
237	117
238	53
239	106
240	65
241	123
242	31
243	145
244	18
245	117
246	144
247	36
248	28
249	14
250	42
251	97
252	126
253	129
254	134
255	105
256	116
257	64
258	81
259	29
260	33
261	53
262	41
263	5
264	5
265	88
266	105
267	80
268	59
269	6
270	47
271	150
272	1
273	44
274	14
275	140
276	88
277	40
278	150
279	92
280	6
281	67
282	115
283	67
284	22
285	146
286	46
287	92
288	104
289	146
290	64
291	75
292	100
293	47
294	139
295	46
296	19
297	104
298	3
299	115
300	50
