Students	5000
1	64 72 172 296
2	144 30 38 4
3	38 2 53 150
4	134 24 136 17
5	73 71 162 292
6	166 67 256 181
7	140 68 81 239
8	131 148 250 79
9	14 108 192 235
10	207 213 179 205
11	159 148 8 80
12	267 256 258 154
13	15 44 184 134
14	80 119 23 271
15	263 34 121 78
16	95 70 149 130
17	74 212 132 273
18	263 282 115 225
19	234 68 196 138
20	253 77 132 74
21	3 102 80 46
22	277 115 178 22
23	250 184 292 207
24	61 51 135 212
25	71 201 188 158
26	238 197 258 268
27	261 204 294 70
28	287 197 265 7
29	221 187 168 24
30	81 195 229 258
31	285 10 298 163
32	159 66 172 136
33	84 283 80 5
34	289 22 115 142
35	202 275 13 133
36	26 10 135 8
37	203 2 264 122
38	99 223 288 217
39	174 298 78 127
40	192 174 23 278
41	289 11 167 50
42	73 121 224 57
43	67 35 214 4
44	265 123 111 63
45	211 96 82 155
46	231 68 236 54
47	260 11 138 126
48	260 267 49 1
49	35 184 154 99
50	286 296 126 184
51	239 260 54 156
52	126 184 112 191
53	19 47 57 33
54	202 54 132 222
55	95 99 257 169
56	155 101 283 70
57	44 2 157 163
58	272 154 40 276
59	240 38 93 36
60	20 148 266 242
61	122 168 236 246
62	285 176 211 294
63	144 282 196 47
64	235 218 294 254
65	115 149 2 65
66	125 196 226 289
67	240 269 274 83
68	20 3 17 284
69	167 155 39 183
70	20 243 255 67
71	145 160 106 153
72	40 66 267 292
73	118 183 69 269
74	249 300 108 60
75	207 168 96 48
76	236 87 25 239
77	156 211 219 153
78	154 193 8 103
79	271 292 183 190
80	167 92 161 186
81	234 286 224 164
82	30 255 12 297
83	121 102 197 70
84	38 40 105 117
85	53 5 3 32
86	182 135 163 54
87	146 82 27 102
88	76 145 77 262
89	281 18 292 274
90	272 102 246 222
91	230 125 123 148
92	180 144 274 95
93	71 107 30 10
94	265 186 18 71
95	147 257 77 65
96	40 206 252 90
97	220 112 125 235
98	109 104 131 276
99	57 220 271 165
100	95 226 288 270
101	57 168 65 214
102	206 27 280 92
103	298 217 89 70
104	31 187 253 161
105	137 237 32 242
106	264 215 9 256
107	55 1 153 14
108	174 121 78 219
109	113 132 163 127
110	23 152 192 89
111	186 43 12 236
112	154 143 97 75
113	82 121 49 91
114	2 7 51 161
115	24 42 210 282
116	141 101 128 78
117	232 73 243 217
118	62 70 227 103
119	67 22 155 116
120	74 234 8 185
121	215 242 133 33
122	141 23 247 43
123	130 53 54 170
124	225 213 48 251
125	31 80 39 198
126	66 284 178 181
127	46 114 290 236
128	198 76 260 156
129	77 218 180 252
130	263 251 74 261
131	145 174 28 188
132	151 272 256 46
133	178 241 19 224
134	111 27 233 164
135	22 61 293 189
136	2 288 30 196
137	224 258 67 218
138	101 3 245 260
139	196 247 251 212
140	249 119 86 11
141	264 227 221 226
142	222 230 285 187
143	216 260 175 296
144	14 1 50 27
145	128 104 163 135
146	263 108 75 227
147	53 218 9 294
148	2 126 93 280
149	205 25 231 224
150	9 174 34 229
151	8 229 226 99
152	117 95 249 248
153	268 112 61 166
154	72 62 191 106
155	11 59 164 188
156	294 5 192 231
157	201 146 288 282
158	275 9 72 51
159	227 255 119 5
160	293 2 242 194
161	116 165 254 140
162	182 266 94 292
163	229 175 288 45
164	196 267 220 18
165	280 268 186 44
166	86 106 293 174
167	141 139 160 193
168	262 272 184 140
169	299 113 255 216
170	5 180 116 233
171	201 118 141 215
172	136 73 176 164
173	60 77 214 91
174	135 150 75 225
175	71 162 188 155
176	203 119 64 93
177	279 128 205 272
178	241 68 204 44
179	262 287 260 31
180	275 12 95 53
181	166 46 141 202
182	253 14 146 143
183	8 291 61 111
184	245 116 127 100
185	204 11 115 285
186	87 258 166 225
187	265 216 299 194
188	84 132 34 33
189	251 20 141 256
190	126 179 145 23
191	24 280 233 52
192	194 219 120 130
193	2 171 121 14
194	203 89 91 187
195	68 248 80 52
196	139 162 168 262
197	215 42 115 214
198	82 18 100 115
199	175 113 155 228
200	151 269 22 254
201	205 248 151 275
202	19 51 134 172
203	138 105 63 266
204	267 232 185 292
205	55 65 107 253
206	72 32 100 207
207	48 252 164 18
208	152 102 87 198
209	181 46 255 197
210	165 74 158 159
211	174 67 91 173
212	24 55 139 123
213	270 60 138 272
214	41 133 82 197
215	233 208 276 125
216	168 245 294 131
217	278 45 132 227
218	61 249 157 51
219	22 271 225 46
220	218 279 176 167
221	242 49 212 138
222	25 140 185 225
223	174 87 244 135
224	38 56 244 143
225	246 102 109 249
226	121 227 129 87
227	48 44 210 298
228	231 154 202 275
229	166 231 53 208
230	141 214 26 202
231	56 157 129 299
232	64 57 276 62
233	57 131 118 151
234	8 144 140 126
235	215 142 136 174
236	279 64 221 82
237	69 140 216 189
238	3 216 41 93
239	253 91 30 188
240	31 205 23 58
241	7 183 123 9
242	2 232 132 62
243	109 232 32 1
244	77 10 209 268
245	289 214 77 130
246	206 250 199 22
247	131 32 58 100
248	259 289 89 223
249	89 48 22 228
250	153 228 15 74
251	174 46 220 50
252	67 74 287 118
253	151 132 27 75
254	150 182 90 61
255	124 207 298 285
256	271 132 34 15
257	252 59 294 17
258	169 144 287 152
259	162 71 134 43
260	132 235 300 124
261	155 213 58 183
262	123 241 102 183
263	237 287 224 258
264	194 153 69 275
265	8 160 78 224
266	161 239 52 103
267	210 273 230 251
268	80 162 101 132
269	280 211 212 76
270	235 217 81 122
271	292 127 107 100
272	198 272 4 261
273	124 46 43 291
274	251 143 134 90
275	7 241 54 295
276	292 224 33 111
277	42 169 26 154
278	89 164 231 208
279	24 293 233 13
280	128 53 239 221
281	272 185 288 105
282	202 240 205 279
283	85 207 27 117
284	196 299 41 134
285	225 11 221 223
286	267 40 258 97
287	21 257 219 53
288	90 101 131 61
289	163 68 28 159
290	16 80 234 62
291	160 281 69 2
292	83 224 57 15
293	92 119 300 247
294	183 64 143 280
295	171 123 13 298
296	103 81 144 101
297	219 140 22 7
298	38 74 284 285
299	211 37 44 295
300	151 33 54 188
301	52 50 232 76
302	100 24 214 198
303	47 77 253 208
304	234 267 39 99
305	41 11 214 218
306	116 67 63 44
307	279 156 130 48
308	255 229 66 74
309	246 7 65 112
310	250 198 168 96
311	258 159 49 291
312	232 245 183 23
313	199 21 122 155
314	84 189 259 126
315	206 105 296 234
316	268 76 146 128
317	241 173 52 66
318	101 209 43 35
319	66 74 289 50
320	20 276 287 242
321	39 264 299 90
322	262 162 83 143
323	87 189 91 149
324	170 292 17 77
325	200 103 220 12
326	66 163 120 179
327	179 262 77 178
328	93 222 49 18
329	140 110 226 294
330	43 209 65 33
331	233 264 115 10
332	95 278 116 102
333	154 239 12 90
334	179 215 277 256
335	95 165 292 96
336	170 189 224 139
337	108 162 46 189
338	158 122 201 99
339	47 159 169 96
340	201 266 67 163
341	132 116 45 83
342	94 189 229 256
343	13 276 261 194
344	298 214 292 145
345	100 89 261 76
346	174 132 13 135
347	8 238 176 277
348	53 243 86 104
349	118 210 66 172
350	133 74 41 276
351	210 212 259 28
352	52 128 36 300
353	158 169 92 201
354	133 17 155 190
355	288 169 116 64
356	74 25 71 84
357	2 67 170 298
358	232 47 168 288
359	148 156 118 120
360	169 27 88 61
361	201 93 82 8
362	146 230 19 122
363	69 229 26 251
364	97 23 134 273
365	250 64 13 103
366	244 175 263 262
367	137 118 62 19
368	168 9 78 104
369	225 276 67 143
370	237 62 186 180
371	105 211 225 278
372	1 139 11 285
373	165 60 86 184
374	242 246 207 205
375	30 177 45 264
376	221 229 246 237
377	256 129 184 152
378	242 221 279 86
379	279 278 95 181
380	140 259 212 276
381	179 175 91 14
382	64 173 222 262
383	182 28 125 4
384	196 217 65 277
385	217 36 258 116
386	248 61 157 42
387	103 7 84 72
388	249 91 255 272
389	227 255 274 184
390	78 229 195 127
391	30 122 233 23
392	253 11 26 117
393	144 293 109 86
394	204 106 121 234
395	217 294 181 298
396	259 281 136 269
397	48 272 154 117
398	275 62 180 16
399	140 6 82 222
400	117 258 129 46
401	20 158 51 154
402	54 136 247 164
403	226 134 95 30
404	177 179 84 62
405	80 8 218 89
406	286 234 127 56
407	84 50 267 107
408	203 226 39 268
409	260 152 214 127
410	255 175 240 77
411	242 170 113 140
412	76 193 252 137
413	77 269 110 231
414	131 137 176 32
415	72 89 206 32
416	213 186 152 69
417	299 282 43 134
418	110 22 218 121
419	256 220 72 297
420	55 180 194 204
421	113 90 82 244
422	82 241 181 248
423	217 235 282 49
424	189 204 118 88
425	250 8 231 234
426	90 198 205 92
427	225 263 188 54
428	8 32 77 295
429	217 269 145 277
430	71 116 104 48
431	262 115 212 110
432	239 4 79 34
433	54 132 31 65
434	171 237 264 224
435	84 215 18 162
436	258 199 176 81
437	293 184 73 136
438	1 186 231 154
439	231 278 118 282
440	14 41 266 102
441	205 136 291 185
442	52 183 237 159
443	167 154 177 64
444	203 202 12 180
445	168 49 119 246
446	207 152 163 262
447	48 225 239 211
448	168 41 2 244
449	265 139 78 157
450	200 38 124 153
451	64 240 74 122
452	229 88 268 175
453	225 50 173 48
454	121 255 32 146
455	77 106 28 96
456	255 260 176 130
457	148 99 224 129
458	270 15 68 177
459	280 183 218 24
460	136 177 141 111
461	73 115 236 248
462	87 106 182 238
463	30 244 104 18
464	120 203 16 268
465	106 40 153 56
466	149 239 81 48
467	233 206 239 120
468	224 141 185 220
469	187 170 244 97
470	172 51 86 3
471	296 129 276 171
472	123 56 32 222
473	176 229 139 15
474	182 61 274 150
475	252 56 273 142
476	95 287 286 218
477	94 130 291 33
478	37 108 222 290
479	144 31 133 56
480	57 197 160 70
481	133 257 141 263
482	116 110 229 192
483	216 112 171 253
484	124 65 121 125
485	135 67 216 240
486	3 235 181 186
487	138 286 202 76
488	198 104 178 179
489	98 195 172 291
490	230 62 77 52
491	86 234 266 78
492	32 277 157 60
493	57 124 186 84
494	170 279 47 237
495	228 207 265 286
496	153 140 120 12
497	155 41 239 19
498	280 51 116 159
499	94 118 263 63
500	134 123 30 67
501	293 298 41 56
502	138 43 98 180
503	256 58 63 55
504	137 50 265 45
505	29 39 18 284
506	30 190 31 63
507	109 87 293 219
508	292 36 164 104
509	71 273 233 91
510	77 243 179 37
511	42 260 134 274
512	47 25 220 33
513	167 201 212 74
514	4 140 264 161
515	90 86 295 40
516	259 174 68 6
517	23 29 106 1
518	280 104 217 73
519	59 256 180 66
520	277 69 175 87
521	29 253 215 86
522	277 285 157 33
523	9 29 17 108
524	206 287 27 157
525	15 198 90 202
526	22 191 281 23
527	120 29 263 182
528	75 104 170 202
529	243 127 22 258
530	165 243 140 122
531	218 236 62 185
532	258 240 279 47
533	54 70 117 85
534	14 66 26 103
535	4 181 231 140
536	123 152 80 38
537	290 212 159 69
538	72 227 44 142
539	188 70 129 171
540	43 153 68 189
541	43 219 221 293
542	260 130 55 24
543	82 30 109 298
544	33 157 59 141
545	35 235 194 286
546	247 170 291 234
547	241 224 261 163
548	130 211 80 244
549	38 248 189 73
550	128 4 283 41
551	29 254 144 185
552	213 256 55 225
553	75 37 265 23
554	102 170 92 25
555	162 204 79 300
556	30 259 236 122
557	167 140 77 16
558	236 263 140 118
559	264 109 149 21
560	277 88 189 98
561	113 210 37 75
562	19 165 179 144
563	114 39 35 37
564	257 116 230 43
565	211 152 247 155
566	141 61 139 80
567	189 137 185 233
568	3 4 284 253
569	71 239 141 158
570	55 204 247 292
571	131 266 79 195
572	137 66 195 32
573	177 83 44 138
574	198 221 15 287
575	170 225 251 238
576	16 133 214 158
577	177 278 235 102
578	191 245 227 10
579	122 58 86 164
580	185 177 158 203
581	238 155 76 126
582	238 240 182 273
583	202 70 291 246
584	219 138 297 112
585	180 122 142 46
586	184 245 165 246
587	214 105 291 239
588	91 223 171 169
589	61 154 175 27
590	152 63 19 226
591	105 111 223 42
592	128 105 211 249
593	24 19 86 66
594	93 40 59 299
595	98 261 4 61
596	44 136 153 236
597	235 218 37 147
598	209 36 83 132
599	23 217 69 52
600	167 26 165 97
601	203 291 129 238
602	118 275 86 75
603	50 179 239 184
604	251 187 300 97
605	91 226 146 140
606	12 255 163 204
607	162 152 265 33
608	36 132 85 100
609	27 91 114 243
610	101 279 232 127
611	168 91 140 25
612	288 212 50 275
613	42 30 87 273
614	83 124 60 199
615	170 137 132 279
616	29 8 260 220
617	173 9 264 23
618	211 208 237 126
619	120 167 227 65
620	89 294 289 93
621	73 300 57 117
622	104 53 130 89
623	93 172 21 237
624	52 24 164 122
625	133 197 107 21
626	254 193 124 143
627	169 177 61 274
628	274 284 113 150
629	105 264 273 18
630	249 78 127 121
631	19 170 174 33
632	298 108 180 205
633	104 108 294 171
634	33 246 214 8
635	272 209 57 144
636	87 225 242 162
637	97 24 60 276
638	195 115 62 224
639	1 242 260 138
640	108 247 52 230
641	57 249 49 78
642	42 204 156 148
643	45 155 4 73
644	248 121 281 186
645	69 299 208 28
646	80 283 49 181
647	83 36 2 128
648	31 218 139 141
649	279 99 203 4
650	15 135 136 215
651	116 275 151 290
652	218 196 14 147
653	121 215 199 193
654	41 248 296 210
655	220 103 93 186
656	18 142 29 48
657	279 260 188 43
658	17 198 173 139
659	153 116 174 92
660	276 239 192 6
661	68 145 84 81
662	100 211 272 188
663	88 43 41 190
664	262 269 286 124
665	218 169 162 161
666	240 235 134 73
667	133 32 78 3
668	263 64 69 278
669	223 48 154 41
670	124 121 77 154
671	183 283 169 5
672	136 109 53 123
673	260 138 217 96
674	174 104 12 122
675	228 113 285 69
676	275 17 222 128
677	134 256 135 297
678	8 78 102 245
679	122 96 4 75
680	209 277 71 100
681	247 242 116 243
682	187 168 63 132
683	215 203 22 123
684	285 127 232 43
685	225 99 267 194
686	85 233 26 63
687	175 70 197 12
688	71 218 73 3
689	101 143 147 129
690	240 291 159 155
691	97 105 88 195
692	272 124 279 112
693	95 154 22 142
694	67 248 8 300
695	270 251 7 97
696	291 160 34 241
697	22 190 105 33
698	217 209 103 175
699	35 159 65 274
700	146 287 121 296
701	285 111 80 261
702	25 293 95 240
703	161 112 187 240
704	227 295 217 127
705	228 26 138 176
706	67 166 26 174
707	20 3 221 81
708	254 187 44 215
709	158 67 269 41
710	132 93 36 19
711	142 39 269 252
712	80 27 299 165
713	253 42 94 215
714	71 247 179 25
715	74 40 217 12
716	230 108 288 217
717	141 230 43 258
718	285 237 289 127
719	175 248 232 151
720	183 260 30 266
721	280 123 279 171
722	162 249 212 292
723	134 76 169 106
724	245 198 294 239
725	98 104 160 97
726	70 199 205 110
727	270 244 92 71
728	53 191 106 62
729	177 52 176 233
730	271 248 180 224
731	73 98 10 167
732	15 193 23 246
733	263 288 293 129
734	116 130 109 225
735	179 199 277 84
736	162 73 245 273
737	203 98 192 27
738	195 150 256 297
739	33 12 24 206
740	177 198 274 96
741	150 237 194 184
742	258 250 192 36
743	184 233 24 5
744	207 47 3 133
745	276 184 167 73
746	216 29 200 79
747	147 212 39 87
748	111 123 238 12
749	225 61 141 151
750	164 60 295 23
751	113 202 13 270
752	156 65 288 274
753	145 235 44 51
754	239 87 145 75
755	118 85 251 291
756	95 121 250 124
757	180 242 274 125
758	158 269 185 73
759	246 37 194 223
760	239 249 175 78
761	229 202 213 293
762	24 209 50 167
763	250 130 72 23
764	6 47 101 65
765	299 152 151 154
766	137 236 34 92
767	297 291 269 86
768	247 106 251 151
769	83 293 124 178
770	20 137 242 299
771	172 106 219 270
772	164 22 152 17
773	50 130 93 273
774	244 242 280 4
775	37 231 29 90
776	132 299 274 119
777	254 228 210 223
778	245 5 234 267
779	75 96 261 175
780	242 193 125 158
781	97 148 140 202
782	183 134 216 109
783	269 122 61 114
784	166 115 1 29
785	57 253 145 170
786	5 82 201 285
787	192 112 233 4
788	10 11 217 265
789	266 254 204 159
790	235 75 89 298
791	130 279 1 116
792	37 13 249 58
793	63 254 249 222
794	277 260 172 94
795	10 52 137 122
796	39 15 3 97
797	187 270 75 197
798	27 106 162 242
799	218 129 270 212
800	261 267 41 167
801	197 95 103 90
802	298 274 20 9
803	134 276 162 286
804	82 281 190 116
805	192 6 218 159
806	67 196 269 6
807	227 177 67 112
808	237 240 233 246
809	90 217 234 149
810	296 287 114 262
811	73 185 195 89
812	130 258 169 283
813	275 3 249 241
814	190 87 197 264
815	63 132 262 241
816	90 49 292 26
817	40 234 105 294
818	297 199 88 52
819	260 99 187 247
820	239 179 219 98
821	169 232 257 98
822	258 86 150 73
823	87 236 73 71
824	13 121 271 31
825	240 5 117 82
826	62 21 155 226
827	266 114 78 257
828	23 142 286 61
829	158 138 226 216
830	272 17 234 152
831	43 226 268 97
832	257 282 22 130
833	219 45 277 25
834	14 284 288 151
835	268 270 9 85
836	74 3 274 200
837	91 199 85 298
838	51 70 290 129
839	111 296 134 122
840	116 34 11 39
841	154 212 180 256
842	296 215 149 14
843	231 85 95 31
844	58 222 215 30
845	29 26 260 216
846	111 95 240 86
847	43 299 86 293
848	266 170 273 114
849	297 125 153 55
850	219 145 189 10
851	232 16 199 123
852	229 231 153 70
853	284 90 150 81
854	13 202 188 273
855	123 46 144 239
856	196 177 65 190
857	167 265 116 148
858	43 182 161 296
859	182 152 90 217
860	163 197 296 110
861	286 102 173 17
862	105 130 25 212
863	244 136 61 189
864	273 161 224 64
865	5 200 155 143
866	117 152 22 186
867	107 279 55 41
868	87 300 155 269
869	12 121 289 200
870	73 17 238 20
871	30 281 27 207
872	134 145 176 243
873	223 286 31 114
874	99 215 217 192
875	231 273 19 193
876	209 204 4 57
877	203 267 159 182
878	21 32 258 153
879	251 193 20 11
880	158 148 191 13
881	140 103 237 58
882	142 119 263 81
883	240 171 58 47
884	86 3 219 5
885	271 195 170 211
886	210 20 126 199
887	28 70 85 92
888	13 277 26 192
889	249 43 212 5
890	96 107 25 249
891	66 284 213 141
892	2 279 232 237
893	296 82 164 165
894	87 26 231 285
895	273 295 131 246
896	27 295 273 90
897	66 135 77 29
898	252 266 158 123
899	100 223 190 78
900	154 157 30 7
901	231 87 42 206
902	237 293 24 263
903	199 230 138 139
904	159 288 134 249
905	163 40 35 284
906	14 11 179 272
907	179 256 7 200
908	31 80 87 157
909	12 244 252 69
910	261 141 284 163
911	223 114 234 15
912	85 280 12 239
913	199 7 243 206
914	242 27 273 189
915	107 150 119 222
916	108 129 39 245
917	187 132 205 119
918	33 285 191 217
919	96 252 207 41
920	265 173 241 262
921	106 265 258 141
922	247 155 279 37
923	255 77 123 251
924	23 15 139 274
925	156 151 190 85
926	242 216 298 190
927	260 250 111 166
928	120 169 271 49
929	140 192 213 123
930	275 4 138 39
931	200 28 44 297
932	273 267 281 58
933	96 91 59 277
934	172 98 95 270
935	208 18 241 217
936	196 179 17 122
937	205 147 213 222
938	47 116 126 82
939	131 279 88 154
940	225 203 232 21
941	22 232 98 7
942	297 62 134 127
943	226 154 149 186
944	300 118 206 101
945	144 265 154 271
946	254 227 123 94
947	35 216 36 4
948	35 24 172 288
949	237 83 100 281
950	70 20 43 34
951	189 210 249 171
952	280 208 268 170
953	260 240 134 42
954	276 94 103 198
955	233 141 112 190
956	47 109 183 224
957	169 7 248 144
958	119 191 23 220
959	79 22 179 165
960	169 71 53 82
961	1 258 42 43
962	94 210 269 66
963	122 202 168 5
964	206 97 24 82
965	242 146 57 15
966	4 90 267 131
967	281 28 57 125
968	112 71 106 36
969	60 218 291 91
970	228 148 102 60
971	58 202 47 130
972	241 279 250 108
973	39 120 29 189
974	79 18 263 123
975	3 156 283 182
976	242 258 65 295
977	243 89 233 8
978	164 88 57 73
979	253 138 69 199
980	173 68 22 247
981	108 236 162 18
982	112 118 231 54
983	273 100 43 232
984	50 45 126 274
985	139 61 108 194
986	201 290 66 154
987	112 114 285 14
988	86 290 159 13
989	48 165 280 57
990	214 136 28 16
991	262 260 62 276
992	102 298 16 270
993	68 37 77 125
994	299 132 95 42
995	278 82 161 83
996	219 141 184 154
997	239 36 214 101
998	23 45 191 66
999	288 175 145 133
1000	247 155 146 262
1001	30 109 101 23
1002	239 198 205 172
1003	25 168 31 110
1004	38 77 7 286
1005	161 188 300 178
1006	196 169 159 293
1007	235 17 83 201
1008	176 162 269 152
1009	127 84 189 150
1010	82 42 270 99
1011	54 214 273 105
1012	12 261 106 119
1013	49 48 231 138
1014	62 81 118 182
1015	161 181 139 99
1016	68 135 15 78
1017	194 291 298 282
1018	154 191 96 186
1019	39 205 158 47
1020	270 143 45 250
1021	40 164 29 87
1022	272 293 31 126
1023	221 33 97 149
1024	286 30 231 64
1025	292 237 6 102
1026	107 122 91 75
1027	227 125 75 175
1028	203 283 257 254
1029	58 269 32 125
1030	19 199 120 76
1031	159 298 143 270
1032	60 200 47 123
1033	42 227 69 226
1034	188 251 91 173
1035	92 127 120 167
1036	26 230 247 168
1037	146 215 66 177
1038	138 191 10 22
1039	165 31 51 70
1040	202 170 139 197
1041	25 213 6 116
1042	286 277 67 299
1043	198 67 29 36
1044	194 15 127 70
1045	23 58 132 120
1046	216 226 93 279
1047	21 109 173 158
1048	49 65 122 76
1049	183 6 170 241
1050	163 25 58 273
1051	94 271 15 161
1052	160 155 45 195
1053	243 185 223 162
1054	269 169 300 13
1055	160 154 83 204
1056	121 37 154 165
1057	148 51 163 232
1058	293 126 70 28
1059	263 184 211 66
1060	77 177 239 124
1061	296 77 257 278
1062	199 79 36 19
1063	143 135 288 94
1064	24 201 161 49
1065	166 55 285 237
1066	30 269 53 8
1067	77 50 53 206
1068	272 82 62 78
1069	246 297 69 104
1070	272 254 111 101
1071	148 170 275 54
1072	52 26 49 111
1073	81 117 198 132
1074	16 211 87 156
1075	100 104 270 252
1076	67 141 165 186
1077	47 30 27 155
1078	247 164 67 132
1079	215 289 237 126
1080	115 166 6 192
1081	103 99 275 282
1082	143 16 35 167
1083	114 143 203 141
1084	128 231 151 248
1085	289 119 255 202
1086	146 2 211 119
1087	271 4 33 110
1088	120 52 104 170
1089	267 216 223 105
1090	155 112 107 156
1091	284 198 231 293
1092	15 78 170 108
1093	113 200 202 294
1094	138 32 132 178
1095	59 284 33 245
1096	123 69 20 16
1097	133 3 244 256
1098	65 116 60 118
1099	184 80 179 252
1100	68 249 2 192
1101	231 287 224 101
1102	17 281 138 251
1103	6 251 113 94
1104	89 64 219 102
1105	71 7 77 205
1106	219 179 211 103
1107	49 27 140 98
1108	282 160 273 268
1109	109 58 227 8
1110	199 120 76 37
1111	201 170 247 276
1112	26 34 246 95
1113	77 51 269 44
1114	271 199 200 77
1115	206 219 266 280
1116	237 136 268 161
1117	259 186 7 223
1118	203 297 171 169
1119	6 76 136 287
1120	32 138 291 189
1121	178 225 136 76
1122	206 46 146 210
1123	21 207 284 202
1124	169 277 189 194
1125	177 259 141 161
1126	54 143 295 279
1127	188 143 72 112
1128	203 159 28 175
1129	252 47 144 272
1130	68 164 239 120
1131	199 75 148 295
1132	46 233 267 294
1133	50 188 217 105
1134	293 58 210 238
1135	260 62 99 205
1136	52 6 276 66
1137	77 97 40 262
1138	205 175 155 237
1139	160 282 284 228
1140	72 185 220 225
1141	23 272 204 186
1142	32 41 300 222
1143	117 90 66 289
1144	212 295 66 107
1145	31 113 246 106
1146	275 176 281 31
1147	176 75 170 94
1148	153 63 264 81
1149	144 147 187 171
1150	108 230 223 5
1151	31 241 20 92
1152	158 203 97 61
1153	118 235 168 113
1154	76 203 263 30
1155	128 53 159 249
1156	82 81 4 174
1157	23 132 91 168
1158	170 192 206 6
1159	183 151 109 76
1160	235 56 122 178
1161	82 140 290 116
1162	61 149 146 140
1163	27 198 123 134
1164	288 127 296 246
1165	16 275 187 34
1166	217 77 290 143
1167	260 36 39 233
1168	211 117 268 165
1169	92 37 25 76
1170	29 182 78 91
1171	268 262 240 84
1172	182 93 21 29
1173	104 49 63 9
1174	230 45 77 90
1175	246 240 176 158
1176	12 91 56 189
1177	108 8 93 188
1178	181 116 291 139
1179	134 19 201 291
1180	265 95 227 129
1181	226 61 101 30
1182	147 212 29 183
1183	140 125 241 222
1184	85 96 55 163
1185	164 214 286 39
1186	201 282 7 108
1187	124 136 283 45
1188	37 127 192 61
1189	111 210 214 274
1190	27 80 276 118
1191	268 65 255 128
1192	46 245 28 175
1193	232 52 263 275
1194	99 147 224 190
1195	138 215 247 125
1196	269 211 239 198
1197	253 161 191 83
1198	267 294 65 102
1199	234 74 279 77
1200	256 193 21 95
1201	108 280 233 19
1202	277 243 31 79
1203	271 158 115 83
1204	171 279 78 280
1205	297 174 4 214
1206	202 268 125 101
1207	247 37 1 196
1208	178 294 36 23
1209	75 183 171 94
1210	60 37 100 172
1211	176 193 252 159
1212	126 245 9 31
1213	67 36 219 173
1214	53 245 276 37
1215	202 184 120 193
1216	268 31 249 216
1217	86 117 119 200
1218	247 6 4 198
1219	132 33 35 204
1220	221 119 39 246
1221	93 156 274 72
1222	73 125 242 177
1223	231 156 275 272
1224	39 146 119 59
1225	26 285 215 95
1226	232 269 10 212
1227	82 294 33 231
1228	144 8 64 274
1229	291 166 153 272
1230	25 27 221 82
1231	203 120 270 165
1232	266 247 132 118
1233	294 101 15 134
1234	40 108 13 220
1235	74 37 69 65
1236	271 152 71 175
1237	243 276 233 153
1238	67 23 150 139
1239	106 176 250 33
1240	166 121 43 221
1241	167 82 244 106
1242	232 53 229 77
1243	172 180 190 30
1244	231 257 202 179
1245	24 142 34 61
1246	166 99 234 156
1247	268 10 266 84
1248	210 109 47 39
1249	82 120 230 130
1250	134 60 229 99
1251	277 29 219 135
1252	155 54 227 8
1253	227 188 223 286
1254	19 192 164 243
1255	62 140 296 256
1256	212 103 256 191
1257	193 292 173 154
1258	221 241 46 158
1259	4 281 128 294
1260	293 64 97 12
1261	145 133 235 219
1262	207 152 200 248
1263	53 114 252 116
1264	59 2 99 138
1265	156 150 300 8
1266	138 100 213 96
1267	280 47 174 243
1268	36 282 197 58
1269	245 282 49 241
1270	250 86 50 289
1271	228 92 141 29
1272	211 275 225 218
1273	287 242 54 161
1274	271 13 273 114
1275	201 36 66 196
1276	92 267 276 238
1277	95 21 277 186
1278	297 16 203 133
1279	163 281 222 143
1280	36 102 140 152
1281	46 18 161 34
1282	151 16 119 75
1283	98 77 300 293
1284	165 158 181 232
1285	291 264 101 237
1286	19 229 165 278
1287	84 163 103 37
1288	131 117 138 205
1289	289 68 240 15
1290	116 241 118 299
1291	169 90 112 194
1292	98 89 168 181
1293	131 120 135 202
1294	238 39 48 72
1295	254 68 245 94
1296	62 16 166 18
1297	156 136 190 130
1298	97 151 153 58
1299	220 195 8 158
1300	110 233 20 228
1301	190 204 133 16
1302	251 235 263 243
1303	55 138 1 227
1304	99 187 290 79
1305	124 282 113 16
1306	170 30 148 265
1307	70 78 15 167
1308	3 141 133 57
1309	48 166 112 125
1310	2 48 62 72
1311	206 143 160 40
1312	168 294 188 284
1313	289 208 123 53
1314	30 74 120 268
1315	172 185 95 244
1316	160 218 216 108
1317	13 168 232 97
1318	38 202 186 158
1319	167 286 237 239
1320	97 78 243 227
1321	19 227 189 194
1322	225 229 210 33
1323	185 82 196 12
1324	13 88 260 86
1325	94 180 187 117
1326	20 181 164 141
1327	179 157 250 70
1328	82 126 174 181
1329	38 114 155 256
1330	219 36 239 37
1331	169 135 57 39
1332	106 298 17 46
1333	274 219 50 101
1334	118 82 18 215
1335	293 178 259 220
1336	41 44 154 213
1337	179 187 103 7
1338	18 121 142 246
1339	40 61 148 32
1340	119 6 147 275
1341	136 210 38 207
1342	50 291 215 297
1343	134 295 185 236
1344	92 206 72 281
1345	164 270 298 119
1346	110 92 233 101
1347	130 201 278 22
1348	197 117 82 148
1349	88 193 221 154
1350	124 28 27 284
1351	157 268 91 210
1352	223 5 84 273
1353	258 293 261 211
1354	183 184 247 293
1355	19 256 218 186
1356	36 296 251 279
1357	127 145 50 236
1358	211 32 141 69
1359	34 200 146 281
1360	180 276 203 123
1361	144 264 134 160
1362	54 206 3 153
1363	273 153 103 64
1364	71 235 123 50
1365	220 155 244 261
1366	117 209 74 44
1367	31 263 146 203
1368	44 127 283 175
1369	83 89 273 6
1370	269 136 54 112
1371	43 170 154 19
1372	124 189 14 235
1373	22 207 280 165
1374	1 215 134 162
1375	122 73 223 34
1376	135 39 235 118
1377	288 259 129 116
1378	119 123 61 92
1379	284 193 170 288
1380	157 69 213 92
1381	198 24 49 63
1382	81 110 297 88
1383	292 252 208 284
1384	103 275 45 267
1385	174 280 161 254
1386	132 39 142 262
1387	126 27 139 171
1388	279 212 266 169
1389	93 14 114 170
1390	87 41 21 4
1391	71 46 184 187
1392	41 155 23 225
1393	41 81 30 101
1394	172 225 254 125
1395	65 47 30 218
1396	161 98 82 4
1397	177 133 160 107
1398	299 75 107 163
1399	123 291 238 182
1400	144 244 184 221
1401	55 135 181 214
1402	297 148 272 109
1403	200 92 53 104
1404	245 299 87 100
1405	120 89 200 271
1406	106 214 161 7
1407	233 223 143 235
1408	4 233 207 257
1409	180 28 41 37
1410	50 54 63 247
1411	237 38 91 16
1412	253 273 119 41
1413	26 273 214 40
1414	72 60 143 126
1415	248 75 140 286
1416	61 237 47 51
1417	180 156 138 83
1418	212 145 74 66
1419	115 243 101 45
1420	34 121 129 48
1421	33 191 224 225
1422	86 34 37 115
1423	256 284 136 147
1424	30 37 257 141
1425	258 206 78 33
1426	201 124 178 92
1427	117 16 153 15
1428	175 89 293 274
1429	270 112 126 110
1430	274 92 126 211
1431	146 216 110 271
1432	65 252 224 55
1433	172 162 257 56
1434	230 297 293 186
1435	239 291 213 218
1436	97 81 205 117
1437	201 36 239 10
1438	93 10 137 8
1439	40 54 135 210
1440	257 281 204 278
1441	82 59 160 75
1442	117 62 47 255
1443	200 95 26 116
1444	150 102 254 46
1445	125 121 88 131
1446	192 181 75 155
1447	218 126 159 144
1448	262 240 275 207
1449	43 73 63 196
1450	45 288 231 128
1451	226 129 45 194
1452	293 271 7 63
1453	182 14 62 65
1454	8 51 215 285
1455	91 236 15 248
1456	80 133 290 23
1457	67 184 291 63
1458	124 114 158 235
1459	45 130 248 222
1460	20 243 60 72
1461	23 241 108 282
1462	228 70 83 245
1463	263 36 89 135
1464	55 14 61 42
1465	26 180 275 279
1466	99 28 111 257
1467	157 47 297 71
1468	269 2 291 197
1469	180 115 94 70
1470	88 93 191 249
1471	46 298 106 35
1472	233 99 224 83
1473	135 148 270 40
1474	265 273 2 88
1475	127 92 293 237
1476	271 66 81 300
1477	194 89 214 156
1478	139 73 70 129
1479	161 131 88 249
1480	144 52 44 220
1481	66 92 174 146
1482	135 132 108 250
1483	39 112 166 117
1484	288 56 38 42
1485	260 32 60 287
1486	147 225 247 215
1487	294 193 18 236
1488	31 24 108 54
1489	147 38 98 123
1490	98 39 134 129
1491	181 231 264 196
1492	189 286 291 257
1493	215 151 131 289
1494	61 179 221 106
1495	37 54 186 185
1496	110 280 146 260
1497	293 173 149 119
1498	242 73 43 172
1499	289 218 277 185
1500	19 212 286 59
1501	243 232 221 277
1502	16 289 92 280
1503	80 53 236 112
1504	83 159 244 254
1505	116 271 159 214
1506	70 68 113 94
1507	20 118 259 170
1508	298 198 247 63
1509	138 39 232 160
1510	103 146 284 86
1511	196 298 94 240
1512	267 133 192 248
1513	72 46 120 300
1514	168 15 64 143
1515	189 217 286 110
1516	118 148 246 150
1517	267 110 269 84
1518	73 146 113 77
1519	174 268 200 113
1520	289 203 111 12
1521	187 295 280 81
1522	275 281 113 189
1523	128 162 112 248
1524	71 257 33 26
1525	196 133 164 172
1526	14 255 159 130
1527	240 58 15 183
1528	291 185 127 226
1529	119 174 130 239
1530	205 13 193 61
1531	16 121 161 173
1532	272 118 79 40
1533	225 109 82 5
1534	52 32 186 99
1535	228 124 46 38
1536	3 231 119 246
1537	98 54 62 120
1538	171 163 209 108
1539	228 197 114 290
1540	214 251 79 300
1541	276 292 251 101
1542	133 51 251 163
1543	48 270 28 300
1544	25 256 7 250
1545	201 217 116 185
1546	57 197 252 13
1547	251 79 37 145
1548	21 200 162 30
1549	188 24 273 129
1550	25 78 76 102
1551	93 133 37 268
1552	77 183 133 108
1553	212 32 192 84
1554	191 28 46 227
1555	26 250 3 58
1556	228 235 165 36
1557	76 140 271 25
1558	3 151 102 64
1559	244 118 153 123
1560	58 298 62 224
1561	206 163 59 299
1562	174 125 164 158
1563	254 131 149 206
1564	259 228 118 22
1565	287 75 100 248
1566	257 209 204 276
1567	22 223 57 82
1568	175 35 184 6
1569	228 171 223 297
1570	109 258 69 176
1571	28 182 133 22
1572	241 44 286 193
1573	228 31 107 126
1574	71 230 96 126
1575	30 219 182 223
1576	279 150 240 110
1577	90 34 198 260
1578	172 11 26 81
1579	26 37 229 138
1580	4 89 27 127
1581	83 257 253 151
1582	241 115 90 101
1583	46 115 87 243
1584	68 46 42 206
1585	63 67 32 232
1586	199 27 140 179
1587	34 1 14 143
1588	224 86 105 129
1589	205 283 175 265
1590	154 82 245 96
1591	202 182 196 194
1592	5 272 122 218
1593	196 266 132 128
1594	14 231 264 26
1595	234 77 195 91
1596	148 102 215 144
1597	104 66 22 287
1598	206 204 175 270
1599	19 65 153 256
1600	97 178 70 214
1601	138 154 172 58
1602	284 28 77 109
1603	255 233 221 170
1604	103 272 269 197
1605	194 125 238 86
1606	158 241 87 231
1607	144 247 289 288
1608	151 111 58 155
1609	67 86 92 79
1610	4 52 105 223
1611	132 2 227 80
1612	267 206 10 163
1613	98 237 105 295
1614	221 110 190 49
1615	191 50 210 218
1616	192 56 247 87
1617	164 91 244 207
1618	228 266 222 120
1619	96 244 34 62
1620	112 221 46 62
1621	126 17 102 136
1622	73 190 69 231
1623	276 122 157 292
1624	86 2 282 255
1625	48 158 295 98
1626	42 18 176 290
1627	36 168 137 80
1628	194 162 33 148
1629	123 279 69 128
1630	49 131 57 90
1631	165 39 285 17
1632	113 210 19 11
1633	12 294 129 165
1634	146 94 44 260
1635	222 136 137 200
1636	216 245 118 155
1637	71 76 274 5
1638	196 216 27 295
1639	70 77 34 49
1640	44 20 190 184
1641	128 240 123 269
1642	187 217 103 147
1643	5 289 138 199
1644	3 292 294 282
1645	237 269 146 231
1646	282 99 9 223
1647	189 123 40 3
1648	183 150 72 18
1649	124 21 39 205
1650	131 268 300 139
1651	191 75 47 119
1652	196 38 158 133
1653	85 215 213 296
1654	7 147 207 203
1655	97 149 219 284
1656	94 136 118 258
1657	214 15 283 45
1658	107 280 89 143
1659	236 8 233 101
1660	102 35 123 272
1661	286 39 174 241
1662	170 121 248 102
1663	236 297 178 272
1664	275 49 131 204
1665	289 69 284 176
1666	76 251 286 51
1667	11 123 92 269
1668	73 25 20 228
1669	202 239 170 155
1670	134 166 220 112
1671	242 142 23 226
1672	14 57 294 11
1673	62 223 144 297
1674	83 240 177 178
1675	291 76 62 188
1676	137 21 59 16
1677	264 263 298 196
1678	147 42 45 278
1679	279 266 177 151
1680	292 66 138 262
1681	284 186 299 207
1682	36 273 241 221
1683	10 130 50 178
1684	149 51 82 204
1685	121 122 15 95
1686	266 49 38 120
1687	112 292 96 280
1688	173 197 78 103
1689	114 260 154 58
1690	234 139 181 46
1691	184 114 99 116
1692	206 273 98 191
1693	76 288 82 229
1694	216 111 2 283
1695	149 205 16 35
1696	152 273 291 297
1697	150 156 279 75
1698	171 209 118 169
1699	300 247 289 219
1700	258 161 179 172
1701	57 239 89 137
1702	266 152 197 123
1703	195 21 288 90
1704	11 267 209 251
1705	59 166 214 272
1706	278 29 63 119
1707	161 23 281 117
1708	179 276 250 62
1709	163 127 76 283
1710	249 252 196 276
1711	53 106 179 49
1712	222 148 180 214
1713	28 47 181 183
1714	101 187 254 145
1715	34 42 265 59
1716	230 4 35 245
1717	286 32 140 162
1718	13 205 255 227
1719	194 253 67 16
1720	85 147 286 56
1721	149 137 160 114
1722	215 50 276 61
1723	236 37 60 150
1724	194 295 171 222
1725	76 244 79 220
1726	93 203 202 18
1727	262 159 143 116
1728	187 268 195 213
1729	139 132 264 123
1730	40 149 257 150
1731	280 82 295 17
1732	158 91 11 100
1733	237 26 196 122
1734	143 278 91 23
1735	168 244 195 279
1736	240 69 6 92
1737	94 203 39 288
1738	191 7 11 154
1739	152 158 209 27
1740	261 10 103 213
1741	30 14 171 177
1742	16 134 41 129
1743	123 87 221 67
1744	276 113 24 214
1745	285 207 171 105
1746	272 152 72 121
1747	281 35 32 204
1748	55 104 213 73
1749	19 99 190 128
1750	86 123 46 79
1751	78 38 184 60
1752	287 63 293 204
1753	256 155 3 141
1754	234 77 149 249
1755	187 245 258 170
1756	271 246 127 51
1757	210 106 281 144
1758	169 278 180 149
1759	1 78 79 242
1760	117 272 299 300
1761	27 83 48 165
1762	248 200 250 212
1763	289 120 81 155
1764	88 119 240 183
1765	171 288 273 275
1766	137 215 45 271
1767	189 73 101 86
1768	165 243 298 212
1769	118 288 230 185
1770	259 23 62 55
1771	77 24 226 206
1772	272 268 23 124
1773	272 206 278 219
1774	141 122 136 179
1775	90 61 245 179
1776	106 45 17 200
1777	80 17 218 233
1778	247 150 153 238
1779	255 211 273 238
1780	88 18 98 38
1781	81 187 48 77
1782	72 120 242 71
1783	7 264 36 147
1784	60 183 78 52
1785	207 151 100 39
1786	132 173 165 167
1787	9 42 277 50
1788	28 23 50 86
1789	74 299 137 295
1790	179 33 138 164
1791	191 126 52 185
1792	241 75 213 91
1793	158 40 63 10
1794	126 73 276 124
1795	282 135 275 151
1796	109 114 14 110
1797	139 172 197 94
1798	57 212 151 58
1799	219 136 213 244
1800	290 175 81 186
1801	45 159 299 183
1802	263 185 8 155
1803	247 15 142 300
1804	102 150 281 265
1805	43 206 248 15
1806	220 284 175 29
1807	39 144 226 143
1808	115 223 267 157
1809	90 224 107 4
1810	250 51 193 112
1811	126 138 192 19
1812	296 195 249 98
1813	267 128 64 217
1814	57 281 25 207
1815	2 287 13 25
1816	255 295 87 57
1817	79 155 81 157
1818	123 34 71 172
1819	249 207 60 109
1820	280 104 241 77
1821	234 289 196 56
1822	48 47 127 255
1823	3 99 71 35
1824	188 111 186 213
1825	12 204 28 79
1826	154 206 170 192
1827	189 280 136 214
1828	185 187 124 143
1829	145 175 299 258
1830	276 72 232 164
1831	44 37 100 65
1832	48 58 8 298
1833	163 133 25 187
1834	232 274 161 144
1835	161 222 6 135
1836	210 240 137 15
1837	93 35 121 173
1838	125 284 262 85
1839	39 50 193 272
1840	129 218 26 273
1841	15 262 50 297
1842	42 182 64 150
1843	182 140 254 168
1844	250 93 153 10
1845	35 192 26 58
1846	66 36 26 234
1847	245 83 225 266
1848	126 70 260 91
1849	69 268 296 119
1850	213 108 76 167
1851	290 20 167 64
1852	107 32 284 117
1853	86 291 135 133
1854	109 264 112 23
1855	56 212 9 30
1856	276 177 49 48
1857	95 254 99 245
1858	189 52 127 78
1859	154 223 275 95
1860	117 46 235 52
1861	285 108 144 143
1862	256 196 283 20
1863	59 68 89 79
1864	22 27 248 99
1865	178 231 275 108
1866	235 162 189 37
1867	110 216 188 236
1868	57 34 223 161
1869	267 150 225 268
1870	12 276 224 82
1871	160 142 125 228
1872	14 55 186 103
1873	45 164 11 39
1874	154 178 181 171
1875	111 78 154 216
1876	127 136 278 67
1877	44 18 183 13
1878	149 157 196 125
1879	258 144 260 255
1880	1 138 81 31
1881	182 118 269 139
1882	233 35 116 219
1883	55 200 93 146
1884	82 62 202 84
1885	21 93 48 272
1886	18 177 108 162
1887	230 295 252 300
1888	179 244 189 194
1889	176 25 46 252
1890	125 179 295 71
1891	90 29 273 227
1892	120 252 169 122
1893	82 181 166 63
1894	41 103 3 280
1895	103 118 97 5
1896	260 19 294 147
1897	124 132 264 300
1898	24 271 38 51
1899	103 159 193 96
1900	191 269 195 231
1901	251 62 276 37
1902	131 281 230 290
1903	216 84 75 237
1904	100 239 269 74
1905	271 214 207 177
1906	250 266 14 1
1907	221 90 162 167
1908	216 79 232 159
1909	204 155 281 241
1910	235 144 220 178
1911	125 56 94 226
1912	145 176 70 16
1913	228 100 82 181
1914	154 155 103 3
1915	28 205 131 229
1916	268 221 51 87
1917	84 248 12 90
1918	144 175 183 80
1919	136 290 171 13
1920	145 93 114 198
1921	111 143 166 205
1922	255 64 167 180
1923	154 98 199 34
1924	67 168 250 293
1925	161 129 198 62
1926	149 59 188 64
1927	31 216 106 164
1928	247 294 257 191
1929	221 146 219 235
1930	118 12 179 291
1931	233 22 131 5
1932	57 290 12 264
1933	45 210 166 285
1934	119 242 79 47
1935	79 100 18 235
1936	42 138 295 252
1937	272 70 221 87
1938	231 255 32 158
1939	249 181 97 43
1940	268 205 73 61
1941	70 117 164 115
1942	15 47 121 36
1943	59 263 122 217
1944	289 103 21 200
1945	259 10 108 211
1946	293 82 159 213
1947	265 65 133 197
1948	136 261 226 178
1949	180 225 38 54
1950	198 31 125 247
1951	31 117 217 7
1952	264 182 217 146
1953	116 163 142 114
1954	68 5 109 192
1955	178 83 288 24
1956	14 11 219 53
1957	97 258 129 159
1958	161 6 214 76
1959	8 180 217 53
1960	175 124 204 264
1961	121 63 262 243
1962	242 4 28 44
1963	252 236 81 110
1964	38 123 6 161
1965	298 234 34 194
1966	51 89 60 234
1967	196 298 91 33
1968	107 196 218 12
1969	84 212 92 286
1970	150 270 102 202
1971	189 183 152 188
1972	83 75 76 61
1973	284 174 162 30
1974	123 64 129 124
1975	239 245 210 140
1976	204 55 297 188
1977	275 15 35 4
1978	95 202 155 164
1979	251 227 20 74
1980	194 279 104 225
1981	101 34 191 19
1982	30 113 230 134
1983	112 113 209 281
1984	231 135 292 10
1985	277 208 271 285
1986	166 193 286 108
1987	244 163 162 191
1988	71 131 85 24
1989	273 111 201 274
1990	28 268 258 277
1991	144 197 179 81
1992	225 37 188 96
1993	155 149 206 251
1994	4 143 215 54
1995	82 19 105 225
1996	124 113 278 126
1997	248 231 115 251
1998	285 239 272 62
1999	279 206 283 167
2000	116 51 107 215
2001	221 267 48 195
2002	8 298 103 220
2003	47 205 198 26
2004	142 255 295 51
2005	273 69 154 112
2006	133 191 277 106
2007	53 46 158 151
2008	281 206 148 168
2009	272 190 122 124
2010	141 53 265 72
2011	166 53 40 9
2012	68 209 135 299
2013	272 249 186 202
2014	24 28 26 142
2015	73 217 8 260
2016	128 210 194 276
2017	216 15 17 92
2018	225 294 140 113
2019	87 69 61 50
2020	168 12 161 47
2021	299 241 49 179
2022	41 16 54 135
2023	178 254 177 238
2024	39 167 245 220
2025	246 283 290 244
2026	179 234 71 254
2027	201 207 169 230
2028	139 186 177 158
2029	27 136 125 14
2030	253 185 186 139
2031	108 173 248 178
2032	231 111 225 267
2033	123 181 291 124
2034	55 19 45 12
2035	254 22 87 285
2036	1 142 144 266
2037	109 121 202 38
2038	29 163 196 274
2039	149 266 212 115
2040	269 7 3 238
2041	115 139 45 92
2042	34 231 43 88
2043	106 250 55 293
2044	231 122 3 272
2045	185 229 71 168
2046	87 194 36 50
2047	94 1 278 54
2048	1 77 94 275
2049	145 263 59 198
2050	208 254 44 77
2051	83 255 223 69
2052	78 244 237 102
2053	252 199 223 270
2054	212 187 104 189
2055	266 70 54 263
2056	250 95 178 235
2057	283 157 90 273
2058	22 147 142 252
2059	166 221 106 100
2060	222 82 32 296
2061	178 197 76 12
2062	298 249 199 217
2063	274 236 250 194
2064	119 199 86 295
2065	61 286 25 176
2066	209 172 23 82
2067	284 98 35 285
2068	12 148 82 245
2069	193 150 199 143
2070	74 148 3 45
2071	117 38 171 74
2072	57 72 117 180
2073	30 224 32 51
2074	181 232 48 228
2075	41 291 267 217
2076	249 17 296 265
2077	105 254 275 268
2078	38 263 54 10
2079	230 90 129 219
2080	39 251 216 197
2081	30 241 121 149
2082	12 266 196 66
2083	142 17 293 268
2084	251 146 48 120
2085	110 81 152 151
2086	181 259 48 125
2087	275 237 235 24
2088	209 297 281 3
2089	12 84 176 55
2090	280 250 16 192
2091	258 90 299 20
2092	158 39 219 172
2093	19 59 235 207
2094	232 152 28 178
2095	169 108 219 73
2096	233 288 242 68
2097	271 190 297 181
2098	197 255 38 158
2099	92 84 134 191
2100	221 107 295 197
2101	73 63 171 129
2102	67 4 107 233
2103	168 121 127 24
2104	212 84 51 278
2105	26 91 108 265
2106	198 116 295 279
2107	178 219 125 115
2108	231 171 256 212
2109	190 71 171 2
2110	158 196 69 193
2111	178 91 248 217
2112	12 110 60 30
2113	217 157 185 134
2114	128 55 300 181
2115	179 23 298 215
2116	135 163 207 178
2117	188 34 21 146
2118	88 40 216 58
2119	227 90 116 249
2120	155 207 104 272
2121	149 229 42 175
2122	74 14 34 220
2123	231 227 253 27
2124	186 169 18 210
2125	242 3 140 158
2126	90 270 285 148
2127	160 102 40 86
2128	218 8 168 130
2129	148 87 38 165
2130	102 241 295 231
2131	76 227 137 24
2132	184 270 298 260
2133	222 80 23 271
2134	64 263 210 220
2135	203 134 213 231
2136	300 78 67 281
2137	165 111 148 222
2138	240 288 153 260
2139	37 276 175 177
2140	52 24 71 16
2141	162 28 219 117
2142	119 52 163 47
2143	141 34 252 230
2144	295 80 103 12
2145	195 179 244 97
2146	261 166 62 123
2147	93 155 102 232
2148	98 147 1 67
2149	205 189 214 111
2150	86 58 29 95
2151	268 43 204 140
2152	135 105 143 131
2153	248 251 252 300
2154	20 203 292 43
2155	190 166 142 18
2156	219 235 205 283
2157	189 278 140 232
2158	256 213 266 59
2159	56 168 196 28
2160	234 227 263 156
2161	22 98 13 66
2162	183 67 202 122
2163	150 101 102 264
2164	286 186 25 65
2165	202 78 181 230
2166	200 117 100 205
2167	85 294 49 34
2168	207 223 120 159
2169	238 112 216 145
2170	214 89 40 282
2171	224 244 8 159
2172	69 61 181 10
2173	177 107 218 225
2174	300 69 101 256
2175	204 298 228 270
2176	189 218 192 195
2177	78 61 44 53
2178	245 289 33 39
2179	45 212 48 43
2180	288 45 162 298
2181	165 39 169 139
2182	294 195 48 19
2183	67 80 128 298
2184	242 171 178 129
2185	86 90 249 253
2186	231 291 257 58
2187	268 42 254 173
2188	227 136 243 112
2189	86 118 258 114
2190	284 128 18 127
2191	178 138 248 11
2192	230 197 163 37
2193	97 13 62 237
2194	17 43 142 66
2195	65 293 31 89
2196	142 116 147 260
2197	209 199 154 171
2198	213 142 287 258
2199	261 9 64 265
2200	35 209 20 104
2201	209 272 122 106
2202	300 274 102 290
2203	49 100 267 216
2204	201 165 250 9
2205	111 148 136 201
2206	3 53 188 184
2207	143 300 43 1
2208	268 283 35 55
2209	104 28 82 221
2210	73 182 97 222
2211	158 273 96 100
2212	8 267 203 72
2213	294 96 103 28
2214	184 292 181 138
2215	169 5 84 245
2216	92 102 288 101
2217	235 157 41 273
2218	249 281 153 91
2219	260 115 28 31
2220	212 167 166 9
2221	126 123 228 35
2222	60 208 133 155
2223	106 43 258 215
2224	184 153 255 160
2225	218 190 75 228
2226	40 187 168 263
2227	132 194 189 20
2228	107 79 39 20
2229	148 271 26 40
2230	292 289 264 224
2231	155 132 142 292
2232	215 148 153 24
2233	11 94 210 206
2234	253 225 73 81
2235	188 272 51 204
2236	278 158 128 133
2237	215 240 299 217
2238	201 192 111 268
2239	76 199 36 182
2240	231 185 213 290
2241	297 21 38 96
2242	183 103 200 215
2243	85 22 114 109
2244	216 88 99 212
2245	200 110 25 34
2246	136 213 177 86
2247	165 143 297 226
2248	98 1 114 2
2249	110 255 251 238
2250	248 231 194 250
2251	165 288 282 237
2252	68 133 279 66
2253	136 161 22 135
2254	60 73 108 32
2255	54 236 144 295
2256	148 60 229 153
2257	264 20 232 50
2258	15 99 239 79
2259	196 247 183 113
2260	69 204 43 81
2261	220 208 51 134
2262	207 240 141 156
2263	269 176 284 32
2264	179 129 41 291
2265	130 94 255 124
2266	174 192 222 137
2267	36 209 93 152
2268	205 86 40 150
2269	249 128 1 254
2270	57 262 287 72
2271	97 276 215 283
2272	269 299 172 101
2273	215 86 41 151
2274	202 72 16 39
2275	292 17 197 295
2276	253 77 12 27
2277	130 219 209 82
2278	280 252 87 3
2279	22 110 240 168
2280	234 84 74 78
2281	190 110 133 36
2282	268 298 103 265
2283	115 87 156 58
2284	57 101 153 73
2285	111 39 164 268
2286	292 264 298 142
2287	163 189 265 150
2288	4 272 243 279
2289	16 126 212 125
2290	39 210 8 140
2291	81 149 9 182
2292	119 155 135 291
2293	78 241 135 290
2294	133 57 289 290
2295	198 7 140 144
2296	151 94 268 118
2297	84 244 129 223
2298	148 79 65 111
2299	27 187 105 99
2300	218 1 14 149
2301	114 28 37 97
2302	204 172 214 32
2303	261 182 296 291
2304	185 47 142 166
2305	127 65 162 106
2306	141 175 47 72
2307	219 156 188 50
2308	208 240 162 57
2309	97 278 231 76
2310	125 90 287 63
2311	269 9 163 139
2312	71 184 44 196
2313	98 292 174 234
2314	29 205 71 225
2315	14 71 206 148
2316	78 106 75 123
2317	249 292 70 29
2318	92 139 197 136
2319	190 207 130 138
2320	123 157 40 12
2321	181 297 189 251
2322	269 77 154 219
2323	169 199 151 274
2324	232 207 17 234
2325	178 141 100 74
2326	170 286 234 214
2327	108 187 212 238
2328	248 99 195 126
2329	102 181 6 174
2330	252 283 231 110
2331	158 136 75 135
2332	196 85 267 200
2333	36 122 288 283
2334	228 286 138 237
2335	195 223 86 165
2336	264 275 104 170
2337	66 157 286 80
2338	221 205 69 200
2339	258 286 280 45
2340	59 248 100 42
2341	125 286 145 235
2342	261 163 256 234
2343	28 203 220 275
2344	13 250 276 293
2345	168 179 250 95
2346	277 120 119 131
2347	132 3 293 249
2348	51 78 53 224
2349	46 229 83 258
2350	62 155 264 257
2351	92 82 169 38
2352	4 273 9 252
2353	85 293 186 88
2354	3 43 242 280
2355	70 177 106 81
2356	36 62 163 190
2357	115 232 186 70
2358	108 137 272 281
2359	162 24 43 78
2360	11 118 168 22
2361	182 88 43 92
2362	73 231 228 295
2363	61 202 215 157
2364	126 245 296 176
2365	252 261 9 123
2366	173 64 33 127
2367	164 235 192 57
2368	84 182 53 154
2369	180 277 15 208
2370	160 102 299 133
2371	223 112 224 178
2372	179 112 50 158
2373	110 262 136 103
2374	18 92 27 153
2375	49 38 133 42
2376	225 194 245 30
2377	254 271 131 194
2378	192 245 145 17
2379	233 95 6 142
2380	63 185 279 287
2381	122 268 120 209
2382	213 45 161 43
2383	240 199 111 85
2384	183 25 167 151
2385	183 272 256 26
2386	117 54 50 17
2387	3 273 243 183
2388	116 27 211 271
2389	22 266 264 214
2390	176 245 283 223
2391	240 28 156 17
2392	265 151 296 269
2393	265 242 5 47
2394	176 76 254 73
2395	5 238 80 160
2396	201 291 1 165
2397	154 123 145 226
2398	119 13 75 151
2399	229 71 11 51
2400	276 223 7 23
2401	35 122 133 205
2402	160 272 275 19
2403	173 143 56 84
2404	86 91 143 60
2405	239 201 101 266
2406	281 190 191 247
2407	235 247 80 231
2408	31 209 273 274
2409	239 75 164 275
2410	298 204 94 78
2411	7 284 222 293
2412	261 141 171 197
2413	81 294 9 233
2414	108 175 216 52
2415	107 200 69 30
2416	142 17 180 237
2417	280 92 35 15
2418	207 119 217 63
2419	44 291 88 244
2420	258 198 127 22
2421	92 268 93 188
2422	93 16 112 220
2423	57 190 266 86
2424	93 180 70 91
2425	170 224 95 29
2426	8 185 96 55
2427	74 14 76 98
2428	192 189 231 217
2429	249 295 257 25
2430	275 232 263 291
2431	180 141 240 205
2432	240 40 83 275
2433	262 183 223 142
2434	16 148 61 22
2435	55 24 182 116
2436	21 268 61 225
2437	64 189 146 95
2438	64 20 219 238
2439	118 299 32 280
2440	287 42 121 70
2441	138 249 131 95
2442	67 126 38 219
2443	285 198 168 122
2444	282 258 255 120
2445	272 205 259 45
2446	233 222 177 57
2447	163 76 113 247
2448	184 180 49 189
2449	208 72 156 2
2450	244 240 69 166
2451	52 15 115 91
2452	285 66 125 300
2453	31 299 160 17
2454	270 170 224 108
2455	97 261 172 250
2456	193 95 15 174
2457	226 9 204 245
2458	38 288 249 22
2459	138 13 226 245
2460	94 260 233 235
2461	286 129 166 138
2462	243 249 253 142
2463	161 3 65 123
2464	121 32 90 139
2465	85 65 194 127
2466	209 216 2 56
2467	53 71 276 268
2468	60 13 197 151
2469	83 161 296 96
2470	78 29 264 39
2471	268 36 233 152
2472	209 240 99 108
2473	211 94 200 291
2474	87 108 292 274
2475	240 104 16 260
2476	256 61 152 58
2477	127 294 135 210
2478	285 19 88 278
2479	275 72 172 41
2480	202 291 187 244
2481	89 294 257 7
2482	162 6 42 5
2483	118 279 229 137
2484	65 40 127 213
2485	184 177 73 16
2486	218 61 159 153
2487	114 156 128 240
2488	255 107 111 199
2489	172 41 88 255
2490	167 101 97 8
2491	214 134 222 93
2492	222 119 125 50
2493	253 268 225 1
2494	150 219 114 111
2495	299 73 267 292
2496	134 73 9 202
2497	132 25 258 74
2498	23 288 290 54
2499	247 19 57 240
2500	289 124 30 282
2501	286 248 53 282
2502	33 107 166 277
2503	254 120 98 157
2504	240 259 51 167
2505	185 20 181 116
2506	40 286 227 207
2507	23 242 145 244
2508	271 174 198 52
2509	184 116 86 288
2510	226 247 259 252
2511	144 172 51 276
2512	155 161 58 178
2513	110 144 78 218
2514	41 79 94 18
2515	134 15 198 98
2516	80 39 240 62
2517	157 187 115 113
2518	270 184 276 40
2519	69 73 254 127
2520	3 149 257 101
2521	104 251 97 270
2522	46 47 173 133
2523	146 173 139 77
2524	138 53 17 223
2525	96 258 46 87
2526	82 231 119 162
2527	145 38 12 250
2528	261 281 8 200
2529	38 74 144 238
2530	128 54 154 112
2531	208 228 6 149
2532	117 237 116 44
2533	103 62 84 129
2534	276 16 285 217
2535	266 258 101 251
2536	150 116 162 138
2537	9 232 247 275
2538	87 91 115 271
2539	252 43 218 284
2540	21 118 129 29
2541	67 14 159 20
2542	58 64 56 273
2543	18 270 116 130
2544	18 252 112 158
2545	189 79 141 32
2546	120 229 116 83
2547	181 229 168 114
2548	214 149 52 263
2549	66 197 34 149
2550	239 103 87 208
2551	195 191 73 226
2552	64 21 184 182
2553	103 197 150 176
2554	226 185 108 112
2555	9 283 162 35
2556	176 164 257 41
2557	166 246 90 287
2558	116 183 215 290
2559	283 214 170 257
2560	14 238 284 220
2561	111 136 132 265
2562	220 16 240 234
2563	116 8 147 122
2564	243 95 27 11
2565	163 19 17 20
2566	11 161 9 70
2567	296 174 188 106
2568	199 53 205 238
2569	209 16 226 28
2570	149 20 143 260
2571	69 121 208 124
2572	252 143 78 216
2573	129 83 131 79
2574	56 29 285 96
2575	83 296 181 285
2576	281 240 172 76
2577	112 74 226 10
2578	39 288 25 266
2579	107 135 53 15
2580	132 28 234 269
2581	3 85 74 10
2582	137 141 278 38
2583	252 151 20 29
2584	181 38 87 278
2585	130 62 150 23
2586	192 132 107 258
2587	171 136 292 100
2588	206 185 134 201
2589	294 270 142 28
2590	231 149 144 72
2591	287 43 91 118
2592	146 67 17 264
2593	131 222 299 118
2594	203 98 24 200
2595	213 162 175 53
2596	290 11 291 204
2597	111 64 39 110
2598	158 162 260 287
2599	37 226 35 223
2600	234 115 243 203
2601	260 187 290 171
2602	45 192 194 76
2603	278 235 287 8
2604	215 88 89 268
2605	53 191 283 276
2606	131 212 20 201
2607	99 140 113 97
2608	59 219 3 239
2609	131 167 226 62
2610	189 45 227 236
2611	186 198 252 276
2612	142 29 24 282
2613	257 125 274 11
2614	272 45 233 189
2615	220 252 250 5
2616	276 173 162 288
2617	273 33 126 166
2618	136 234 265 229
2619	273 67 91 97
2620	138 229 211 81
2621	80 297 5 41
2622	163 152 200 50
2623	194 265 11 61
2624	11 132 157 75
2625	277 182 148 214
2626	223 282 111 108
2627	155 274 140 191
2628	160 145 15 223
2629	126 35 13 46
2630	58 170 41 177
2631	192 274 2 10
2632	215 195 142 298
2633	166 216 115 220
2634	59 126 219 84
2635	256 95 67 291
2636	37 135 102 54
2637	105 252 187 20
2638	198 277 291 20
2639	270 108 128 122
2640	286 102 253 37
2641	28 272 15 295
2642	15 117 126 23
2643	47 228 162 298
2644	108 279 104 256
2645	215 283 105 83
2646	271 259 30 95
2647	222 90 91 133
2648	222 296 159 31
2649	263 103 260 77
2650	38 99 68 96
2651	300 288 44 51
2652	270 113 242 282
2653	134 154 300 167
2654	164 140 78 118
2655	225 87 98 185
2656	57 76 263 17
2657	105 79 236 197
2658	144 128 233 37
2659	216 40 49 281
2660	297 39 185 139
2661	263 47 83 1
2662	82 118 287 13
2663	31 276 123 20
2664	42 195 192 186
2665	281 49 89 229
2666	31 260 194 149
2667	60 37 51 75
2668	61 53 66 58
2669	278 100 185 161
2670	146 261 106 61
2671	144 189 262 169
2672	199 157 135 9
2673	39 113 211 177
2674	69 187 179 17
2675	179 15 53 23
2676	121 141 231 6
2677	241 91 162 130
2678	258 102 142 21
2679	53 89 256 184
2680	31 253 87 273
2681	124 165 56 244
2682	212 45 120 182
2683	127 278 11 84
2684	123 99 154 90
2685	206 73 19 122
2686	55 106 91 79
2687	246 14 102 75
2688	299 96 122 93
2689	116 148 48 246
2690	288 156 247 7
2691	161 246 232 126
2692	260 119 271 210
2693	297 283 190 209
2694	16 28 70 178
2695	76 254 126 293
2696	155 99 81 133
2697	217 264 138 296
2698	11 157 51 5
2699	162 293 104 288
2700	250 196 295 291
2701	176 202 50 215
2702	269 40 110 284
2703	14 98 55 109
2704	246 50 294 196
2705	102 111 238 240
2706	71 57 294 74
2707	14 149 100 115
2708	165 4 141 65
2709	176 197 172 219
2710	249 265 63 219
2711	52 114 241 244
2712	268 29 200 37
2713	118 173 5 66
2714	241 75 94 76
2715	108 289 12 220
2716	287 300 31 47
2717	40 201 116 19
2718	250 56 60 132
2719	94 3 293 95
2720	222 122 229 144
2721	129 214 256 70
2722	19 52 232 15
2723	184 160 11 113
2724	281 215 244 209
2725	85 272 99 234
2726	202 182 248 93
2727	272 157 104 158
2728	78 27 262 204
2729	126 165 122 191
2730	136 154 262 270
2731	147 34 51 277
2732	79 169 63 126
2733	71 129 73 233
2734	73 95 43 78
2735	94 194 146 1
2736	268 238 297 241
2737	62 288 272 208
2738	3 113 135 237
2739	34 208 183 38
2740	115 108 159 284
2741	124 294 123 107
2742	87 282 1 231
2743	188 26 132 278
2744	75 49 141 135
2745	34 183 72 205
2746	95 196 171 276
2747	47 183 179 74
2748	177 174 74 92
2749	295 43 204 20
2750	245 103 251 77
2751	267 239 237 292
2752	68 88 96 3
2753	53 134 35 192
2754	281 48 294 178
2755	111 71 242 165
2756	150 219 87 40
2757	127 163 120 239
2758	109 287 262 69
2759	119 270 142 61
2760	82 180 89 20
2761	277 94 125 158
2762	297 163 206 271
2763	244 289 246 259
2764	133 245 257 291
2765	192 15 93 281
2766	93 45 120 21
2767	168 225 81 101
2768	42 130 238 263
2769	171 224 65 266
2770	106 94 63 222
2771	61 288 73 57
2772	244 260 19 5
2773	275 226 267 43
2774	79 299 256 122
2775	126 12 107 192
2776	167 63 270 143
2777	290 134 215 292
2778	158 27 6 181
2779	225 290 36 129
2780	96 233 5 254
2781	201 65 186 131
2782	48 199 18 256
2783	86 253 76 44
2784	277 130 223 221
2785	25 102 186 250
2786	91 173 179 17
2787	11 297 283 145
2788	292 146 94 110
2789	58 160 291 12
2790	24 108 250 189
2791	25 151 214 115
2792	38 26 203 186
2793	232 93 56 207
2794	202 147 170 265
2795	270 134 213 22
2796	92 131 167 61
2797	78 114 120 132
2798	274 116 76 137
2799	105 40 173 126
2800	239 87 206 254
2801	257 218 244 232
2802	269 255 208 246
2803	69 57 62 39
2804	98 153 101 216
2805	89 39 60 29
2806	120 224 13 52
2807	136 96 24 214
2808	174 199 187 122
2809	2 71 223 19
2810	39 27 95 67
2811	52 295 289 74
2812	218 285 78 57
2813	179 142 197 114
2814	8 273 184 194
2815	135 40 92 273
2816	274 192 143 108
2817	102 160 64 159
2818	189 89 87 252
2819	140 210 245 222
2820	148 171 25 21
2821	58 87 36 81
2822	118 40 66 11
2823	238 218 39 138
2824	57 83 104 131
2825	79 13 207 119
2826	85 37 241 11
2827	164 208 289 101
2828	121 42 250 18
2829	228 245 251 9
2830	149 227 244 53
2831	193 218 101 260
2832	248 28 256 81
2833	16 20 289 159
2834	58 210 189 276
2835	76 50 190 84
2836	112 292 2 230
2837	42 259 227 180
2838	74 279 60 44
2839	96 173 220 297
2840	248 214 262 154
2841	284 118 38 28
2842	151 133 264 34
2843	132 269 150 40
2844	293 7 31 96
2845	271 199 282 2
2846	12 58 44 258
2847	217 187 52 259
2848	68 77 138 261
2849	60 5 48 116
2850	9 274 109 49
2851	89 95 186 240
2852	288 184 57 159
2853	41 161 108 19
2854	230 100 30 135
2855	176 113 218 290
2856	232 228 62 193
2857	47 37 279 200
2858	95 265 76 198
2859	30 15 292 202
2860	117 250 289 144
2861	181 77 51 292
2862	58 9 108 226
2863	98 188 166 219
2864	235 175 252 196
2865	293 249 261 84
2866	63 90 75 6
2867	254 132 62 260
2868	1 60 269 29
2869	153 104 174 252
2870	251 49 291 42
2871	132 229 190 92
2872	153 21 229 192
2873	167 52 93 45
2874	297 81 115 77
2875	67 220 297 204
2876	201 169 59 123
2877	143 158 234 114
2878	215 83 48 51
2879	276 39 274 294
2880	224 62 47 33
2881	286 163 290 141
2882	288 96 34 284
2883	221 140 119 255
2884	58 47 26 10
2885	202 86 62 10
2886	114 244 209 90
2887	258 268 300 85
2888	78 123 225 146
2889	203 124 92 119
2890	122 233 131 262
2891	153 9 284 134
2892	56 135 238 127
2893	210 53 243 280
2894	64 20 56 160
2895	25 173 171 248
2896	106 69 251 56
2897	124 242 154 153
2898	202 223 201 213
2899	88 181 45 270
2900	194 268 40 8
2901	167 168 174 195
2902	208 44 236 138
2903	298 144 115 69
2904	48 215 77 27
2905	250 193 17 242
2906	267 203 73 152
2907	21 187 18 198
2908	142 282 111 198
2909	41 217 18 64
2910	10 47 297 190
2911	278 47 106 151
2912	45 257 185 264
2913	91 5 85 115
2914	44 108 61 222
2915	207 221 29 172
2916	158 286 93 263
2917	44 67 290 51
2918	226 139 65 159
2919	190 298 221 30
2920	281 292 3 113
2921	269 257 173 185
2922	68 172 21 48
2923	120 55 274 253
2924	278 72 222 64
2925	79 221 255 299
2926	92 202 152 86
2927	23 10 273 300
2928	57 184 253 110
2929	220 210 296 230
2930	52 163 190 85
2931	47 265 113 205
2932	53 256 82 113
2933	262 234 31 107
2934	205 169 181 195
2935	283 167 23 22
2936	196 113 97 91
2937	209 135 76 298
2938	180 137 284 258
2939	291 194 179 158
2940	203 169 19 122
2941	192 190 1 3
2942	95 154 34 127
2943	16 72 70 217
2944	55 9 99 13
2945	191 227 82 53
2946	166 23 248 223
2947	10 155 71 2
2948	165 264 98 256
2949	28 219 252 172
2950	170 24 235 229
2951	21 4 259 35
2952	146 33 48 127
2953	211 275 222 250
2954	81 31 71 49
2955	95 158 268 181
2956	76 11 176 268
2957	108 181 197 248
2958	236 2 147 25
2959	131 212 14 37
2960	279 178 93 234
2961	227 147 279 54
2962	287 249 192 28
2963	27 198 173 66
2964	290 212 65 62
2965	245 24 3 252
2966	136 271 176 294
2967	113 65 19 281
2968	278 88 51 194
2969	111 94 128 185
2970	197 229 135 292
2971	299 245 211 224
2972	165 24 218 117
2973	292 2 234 211
2974	172 243 300 114
2975	293 69 204 171
2976	213 259 128 107
2977	252 288 131 199
2978	140 243 237 231
2979	31 166 122 252
2980	272 267 162 12
2981	55 237 258 119
2982	295 207 300 52
2983	170 65 220 256
2984	94 130 104 183
2985	150 249 228 300
2986	279 63 89 277
2987	109 275 128 179
2988	243 120 146 186
2989	198 161 186 299
2990	134 47 34 135
2991	218 143 3 289
2992	110 111 291 146
2993	47 201 205 15
2994	68 124 244 230
2995	245 20 285 51
2996	60 97 195 5
2997	18 6 19 256
2998	269 23 145 161
2999	146 74 95 141
3000	191 182 221 163
3001	138 66 36 91
3002	19 189 78 169
3003	145 198 182 208
3004	221 208 165 190
3005	225 185 196 148
3006	74 97 12 98
3007	241 261 106 2
3008	98 188 218 96
3009	267 129 61 84
3010	154 69 160 47
3011	131 25 68 284
3012	114 279 295 5
3013	19 26 73 38
3014	170 18 216 240
3015	228 118 95 259
3016	211 40 129 202
3017	11 276 55 107
3018	258 294 114 31
3019	159 239 35 248
3020	69 80 240 287
3021	257 198 79 47
3022	216 284 187 202
3023	212 176 279 187
3024	136 292 22 139
3025	191 130 217 282
3026	151 94 176 221
3027	159 281 208 133
3028	218 35 110 82
3029	184 56 251 264
3030	96 215 226 159
3031	174 215 133 90
3032	151 297 26 114
3033	212 226 208 234
3034	251 140 160 286
3035	232 274 283 120
3036	218 162 198 234
3037	74 292 251 160
3038	46 1 13 104
3039	148 40 54 267
3040	287 66 130 72
3041	190 174 38 260
3042	255 32 87 175
3043	102 27 219 231
3044	280 95 143 17
3045	20 234 125 41
3046	178 270 39 262
3047	43 33 66 266
3048	195 289 114 94
3049	193 226 280 104
3050	295 276 219 278
3051	89 283 125 78
3052	57 32 103 133
3053	125 135 144 198
3054	150 210 127 126
3055	152 150 183 68
3056	245 51 34 41
3057	72 134 235 20
3058	212 204 46 268
3059	149 88 103 22
3060	45 61 159 246
3061	149 221 191 5
3062	36 121 279 151
3063	104 197 207 59
3064	112 208 237 105
3065	10 216 212 39
3066	105 84 283 87
3067	123 20 180 286
3068	240 122 211 178
3069	259 228 22 104
3070	140 126 102 261
3071	9 42 298 221
3072	91 265 138 4
3073	156 10 274 18
3074	199 77 217 216
3075	157 26 202 278
3076	102 141 231 147
3077	27 192 275 47
3078	205 5 273 128
3079	35 219 66 224
3080	201 8 116 285
3081	85 33 91 299
3082	182 75 165 189
3083	236 118 121 69
3084	282 197 93 171
3085	38 236 164 218
3086	271 285 172 151
3087	80 58 244 231
3088	223 43 79 173
3089	31 231 57 146
3090	271 295 186 290
3091	178 183 229 285
3092	256 269 56 297
3093	244 105 103 115
3094	28 262 260 13
3095	289 104 178 203
3096	214 186 251 223
3097	155 42 221 97
3098	246 51 298 294
3099	252 298 243 116
3100	7 239 19 26
3101	98 131 13 118
3102	274 28 40 151
3103	281 294 223 166
3104	61 122 25 84
3105	231 179 286 197
3106	280 254 192 155
3107	183 167 211 76
3108	190 138 3 100
3109	249 256 184 130
3110	5 78 132 245
3111	223 95 211 142
3112	245 214 105 83
3113	56 72 291 158
3114	50 219 56 107
3115	94 127 114 230
3116	9 137 5 143
3117	6 205 42 144
3118	92 4 171 159
3119	227 65 149 229
3120	230 88 102 97
3121	159 43 253 115
3122	109 96 8 223
3123	56 248 124 227
3124	61 7 49 59
3125	194 10 164 70
3126	23 289 69 67
3127	92 192 221 300
3128	145 153 119 291
3129	159 11 163 127
3130	154 113 31 156
3131	260 83 74 23
3132	230 208 161 198
3133	143 19 97 171
3134	158 156 289 295
3135	64 63 114 210
3136	59 196 50 49
3137	10 98 266 280
3138	75 29 138 123
3139	252 18 120 175
3140	25 9 254 151
3141	232 41 290 2
3142	283 87 80 58
3143	223 195 263 84
3144	238 169 3 234
3145	290 127 108 159
3146	96 161 6 281
3147	189 64 9 136
3148	246 6 145 71
3149	53 249 275 30
3150	176 87 152 235
3151	295 30 250 60
3152	273 16 45 181
3153	74 285 216 148
3154	293 191 190 76
3155	34 43 247 239
3156	286 132 68 285
3157	148 182 25 293
3158	274 186 292 171
3159	177 224 265 237
3160	81 179 128 16
3161	194 44 65 109
3162	270 287 227 81
3163	179 185 197 274
3164	231 163 162 57
3165	160 22 120 108
3166	29 271 251 226
3167	270 276 215 81
3168	131 295 36 51
3169	34 66 147 279
3170	132 196 130 164
3171	178 76 255 131
3172	127 200 191 237
3173	96 35 272 60
3174	296 35 238 59
3175	158 87 1 71
3176	179 23 64 270
3177	193 102 26 175
3178	93 300 247 188
3179	198 93 161 56
3180	91 231 116 254
3181	204 226 72 62
3182	120 63 121 291
3183	165 101 67 76
3184	24 23 78 203
3185	12 36 99 13
3186	95 218 88 182
3187	58 228 234 258
3188	73 213 182 27
3189	287 2 218 62
3190	55 45 263 256
3191	46 129 214 291
3192	72 138 248 34
3193	42 20 98 148
3194	261 34 247 232
3195	100 250 168 287
3196	105 125 217 296
3197	247 250 37 203
3198	32 295 80 236
3199	268 106 112 246
3200	52 106 75 289
3201	78 84 194 137
3202	286 184 63 38
3203	271 160 247 133
3204	23 180 24 4
3205	130 294 11 288
3206	32 66 6 114
3207	152 70 191 30
3208	276 90 31 240
3209	247 99 211 122
3210	246 192 194 82
3211	166 54 148 203
3212	183 63 61 226
3213	177 107 297 131
3214	16 271 136 237
3215	241 117 9 119
3216	67 159 16 84
3217	134 204 49 9
3218	56 184 213 16
3219	129 41 216 181
3220	299 88 128 298
3221	272 105 52 24
3222	62 164 257 239
3223	174 110 51 101
3224	38 261 140 104
3225	132 38 114 7
3226	262 217 59 267
3227	99 64 188 69
3228	270 151 66 267
3229	127 272 164 249
3230	289 35 122 120
3231	295 118 139 14
3232	227 282 28 110
3233	39 190 7 74
3234	101 245 225 15
3235	14 176 164 148
3236	34 165 101 15
3237	25 138 31 192
3238	247 170 27 34
3239	121 39 201 48
3240	20 193 215 295
3241	146 45 272 248
3242	23 6 36 298
3243	142 191 158 213
3244	95 241 281 23
3245	187 249 109 207
3246	287 70 130 32
3247	115 89 268 205
3248	274 132 168 66
3249	113 193 19 173
3250	29 31 79 256
3251	136 7 288 149
3252	197 275 121 252
3253	92 288 39 196
3254	200 253 33 204
3255	157 221 5 170
3256	78 274 203 178
3257	276 39 99 235
3258	161 218 163 180
3259	267 109 275 183
3260	192 278 120 21
3261	14 282 19 177
3262	97 184 262 204
3263	277 123 8 148
3264	269 11 236 229
3265	152 92 1 233
3266	6 16 161 90
3267	183 44 180 86
3268	255 102 198 128
3269	248 149 260 69
3270	292 101 82 178
3271	242 226 102 75
3272	210 36 50 278
3273	63 297 265 50
3274	63 278 16 142
3275	87 149 152 288
3276	212 294 87 16
3277	231 25 215 282
3278	125 38 198 119
3279	87 155 268 228
3280	290 214 66 35
3281	127 9 49 247
3282	38 2 18 77
3283	261 194 221 176
3284	54 282 240 255
3285	281 211 251 149
3286	285 251 36 294
3287	256 59 74 95
3288	169 202 147 19
3289	103 129 155 137
3290	70 79 103 228
3291	170 188 183 134
3292	176 256 245 202
3293	225 46 175 37
3294	194 116 8 60
3295	249 60 118 78
3296	36 277 126 93
3297	300 252 181 81
3298	152 172 179 210
3299	69 190 26 100
3300	132 130 55 254
3301	268 38 77 261
3302	250 52 54 177
3303	300 251 166 139
3304	193 280 21 182
3305	273 169 32 143
3306	124 145 211 249
3307	47 84 166 122
3308	147 206 190 15
3309	198 299 289 203
3310	117 184 29 84
3311	189 184 207 287
3312	215 268 107 58
3313	151 274 242 89
3314	51 35 113 250
3315	164 155 114 90
3316	73 157 72 31
3317	21 254 162 116
3318	190 155 199 290
3319	287 282 221 194
3320	289 267 101 56
3321	178 25 4 39
3322	277 39 137 181
3323	67 133 168 283
3324	179 40 35 94
3325	97 30 66 108
3326	236 205 105 170
3327	220 9 170 67
3328	157 297 189 114
3329	19 243 122 69
3330	97 105 122 254
3331	294 32 258 178
3332	259 2 160 289
3333	225 188 46 137
3334	4 249 184 71
3335	132 139 72 297
3336	161 16 193 159
3337	30 194 201 136
3338	87 31 150 21
3339	137 44 177 126
3340	109 257 158 154
3341	12 48 231 197
3342	112 146 107 198
3343	293 247 168 166
3344	265 97 66 237
3345	56 225 89 151
3346	215 195 166 152
3347	3 42 62 106
3348	215 157 96 216
3349	263 23 13 270
3350	118 298 176 192
3351	17 253 233 129
3352	236 8 45 199
3353	22 264 137 128
3354	226 198 168 191
3355	270 249 280 293
3356	260 147 251 67
3357	214 278 164 239
3358	21 228 54 51
3359	138 145 7 142
3360	77 207 166 188
3361	99 267 221 112
3362	291 172 171 55
3363	209 271 81 145
3364	155 133 75 297
3365	2 115 192 213
3366	247 244 104 292
3367	203 266 277 84
3368	180 8 173 120
3369	284 201 290 131
3370	135 75 263 245
3371	99 232 243 31
3372	243 35 278 10
3373	89 225 16 290
3374	240 61 185 283
3375	149 166 228 85
3376	116 102 208 231
3377	286 258 217 251
3378	132 235 277 288
3379	92 235 265 160
3380	214 270 69 291
3381	153 168 134 197
3382	9 248 245 7
3383	293 73 211 39
3384	116 290 38 139
3385	173 285 14 293
3386	36 283 144 109
3387	174 118 156 253
3388	196 214 210 251
3389	30 225 118 168
3390	278 38 169 2
3391	104 14 189 226
3392	300 66 278 173
3393	137 54 250 259
3394	290 235 167 229
3395	177 241 62 114
3396	252 194 39 220
3397	131 284 94 208
3398	193 64 223 232
3399	90 58 293 216
3400	190 106 51 14
3401	111 233 128 116
3402	66 258 176 88
3403	288 164 297 46
3404	252 268 300 231
3405	3 81 253 283
3406	227 253 152 129
3407	65 17 52 87
3408	171 18 228 199
3409	296 8 266 290
3410	279 190 113 5
3411	105 162 113 64
3412	256 124 244 238
3413	263 91 45 105
3414	248 250 81 268
3415	234 259 48 219
3416	242 289 119 52
3417	60 209 143 19
3418	37 146 77 53
3419	291 23 166 156
3420	69 273 237 127
3421	286 171 205 142
3422	81 100 65 121
3423	153 186 133 109
3424	104 199 45 265
3425	133 73 244 13
3426	163 272 17 172
3427	76 88 128 237
3428	210 160 136 274
3429	160 40 260 114
3430	35 152 236 134
3431	215 218 68 254
3432	147 231 50 104
3433	172 121 67 276
3434	155 88 83 202
3435	62 178 296 250
3436	246 268 177 80
3437	188 233 74 230
3438	28 39 213 183
3439	101 246 36 58
3440	179 143 4 232
3441	177 238 135 118
3442	277 14 255 267
3443	152 138 271 47
3444	244 27 58 173
3445	74 169 195 166
3446	161 299 261 64
3447	94 271 15 235
3448	43 39 124 4
3449	186 179 28 29
3450	168 97 96 175
3451	161 245 146 205
3452	108 48 104 137
3453	28 80 67 228
3454	150 142 241 76
3455	42 258 201 44
3456	119 285 51 152
3457	84 190 102 77
3458	58 256 76 28
3459	130 17 39 271
3460	198 128 110 224
3461	178 296 86 8
3462	146 84 61 9
3463	62 53 278 81
3464	29 210 222 69
3465	282 270 140 138
3466	110 168 223 137
3467	253 222 57 286
3468	125 68 247 72
3469	128 241 53 245
3470	275 201 80 20
3471	271 157 42 249
3472	77 221 158 217
3473	123 74 37 46
3474	169 252 149 18
3475	281 250 258 136
3476	269 113 207 102
3477	66 23 266 64
3478	76 168 221 81
3479	299 215 63 255
3480	46 117 171 202
3481	235 13 102 127
3482	91 11 230 169
3483	282 105 135 132
3484	188 56 160 48
3485	59 9 107 72
3486	24 277 27 287
3487	274 230 14 300
3488	48 58 34 164
3489	105 274 154 34
3490	183 69 107 80
3491	264 113 225 47
3492	288 59 164 57
3493	188 33 246 44
3494	189 251 21 39
3495	82 261 33 8
3496	11 49 20 175
3497	250 24 280 214
3498	261 40 29 156
3499	27 126 4 286
3500	252 199 161 288
3501	267 86 127 180
3502	185 196 192 42
3503	28 106 282 152
3504	91 138 67 257
3505	289 114 6 147
3506	245 226 182 77
3507	270 189 283 61
3508	200 269 244 288
3509	19 203 282 243
3510	86 212 167 270
3511	26 250 201 170
3512	223 17 287 200
3513	74 36 198 77
3514	234 222 221 145
3515	202 158 252 151
3516	167 279 267 38
3517	300 91 248 168
3518	292 276 237 80
3519	159 37 1 45
3520	153 296 4 225
3521	128 94 32 79
3522	195 265 52 65
3523	190 213 160 184
3524	137 285 128 124
3525	90 123 46 182
3526	187 252 124 52
3527	55 113 48 89
3528	121 186 235 254
3529	39 234 12 228
3530	42 95 205 120
3531	4 20 146 213
3532	201 17 298 288
3533	228 287 252 5
3534	263 183 109 278
3535	241 291 92 288
3536	224 152 192 23
3537	64 178 45 208
3538	227 264 163 73
3539	9 287 199 108
3540	66 244 32 96
3541	221 203 234 253
3542	37 108 192 75
3543	207 186 287 240
3544	120 81 243 197
3545	89 122 266 10
3546	24 47 184 166
3547	50 266 173 243
3548	191 29 12 86
3549	291 83 86 227
3550	13 159 118 149
3551	250 78 247 162
3552	120 11 81 136
3553	296 42 224 85
3554	221 212 172 151
3555	79 55 31 300
3556	178 223 285 239
3557	103 71 120 3
3558	63 178 129 184
3559	28 32 205 97
3560	220 281 55 259
3561	87 156 213 175
3562	201 281 249 106
3563	285 43 146 269
3564	276 156 225 122
3565	22 218 161 107
3566	38 227 188 77
3567	294 157 204 179
3568	222 41 114 158
3569	218 1 74 47
3570	57 167 197 263
3571	51 25 163 158
3572	257 88 261 39
3573	294 92 99 7
3574	229 201 142 25
3575	184 299 192 282
3576	104 111 188 160
3577	125 136 18 147
3578	132 115 76 124
3579	95 127 199 276
3580	100 84 137 211
3581	220 101 284 70
3582	78 219 123 113
3583	209 233 206 126
3584	85 146 35 208
3585	173 225 255 133
3586	161 160 68 115
3587	112 170 27 135
3588	234 93 66 245
3589	64 129 86 154
3590	93 216 291 21
3591	90 73 139 35
3592	203 103 93 210
3593	60 96 263 257
3594	243 208 168 19
3595	27 283 184 282
3596	215 2 14 99
3597	84 170 279 189
3598	286 92 204 207
3599	42 211 236 86
3600	273 248 52 229
3601	79 18 122 151
3602	257 12 38 297
3603	182 181 153 171
3604	217 211 87 174
3605	42 175 247 240
3606	161 62 157 196
3607	141 139 229 59
3608	123 182 179 98
3609	223 249 265 170
3610	70 101 222 257
3611	59 34 95 145
3612	299 147 35 141
3613	173 275 256 126
3614	24 28 180 9
3615	220 90 139 289
3616	251 107 41 192
3617	220 27 293 80
3618	300 100 231 22
3619	259 224 152 249
3620	211 232 234 53
3621	6 232 141 60
3622	27 53 254 164
3623	52 296 211 135
3624	237 82 297 70
3625	187 58 260 50
3626	265 53 30 248
3627	34 282 162 43
3628	54 125 110 296
3629	1 49 232 75
3630	67 4 102 97
3631	282 102 153 217
3632	173 140 180 213
3633	265 244 85 190
3634	189 72 268 42
3635	150 160 244 143
3636	117 289 135 216
3637	126 101 187 174
3638	128 6 196 261
3639	49 74 194 163
3640	145 192 154 137
3641	295 5 240 3
3642	299 278 200 117
3643	105 81 286 268
3644	44 133 69 84
3645	49 40 77 158
3646	278 53 232 236
3647	142 79 249 124
3648	33 193 267 197
3649	256 148 267 278
3650	275 278 58 256
3651	69 20 4 212
3652	200 78 168 249
3653	177 210 267 179
3654	205 139 37 220
3655	163 61 11 205
3656	67 96 64 65
3657	143 122 69 92
3658	93 130 217 210
3659	194 165 17 14
3660	258 195 139 15
3661	106 37 253 80
3662	210 142 25 33
3663	17 73 133 60
3664	198 66 212 9
3665	24 122 223 165
3666	26 245 299 4
3667	133 113 174 70
3668	286 77 169 11
3669	20 130 198 48
3670	241 233 196 3
3671	200 17 154 300
3672	220 189 275 34
3673	124 88 280 115
3674	227 72 183 82
3675	133 242 110 128
3676	254 72 287 93
3677	95 161 223 61
3678	81 132 185 262
3679	133 142 210 172
3680	218 124 2 29
3681	183 240 279 270
3682	77 227 48 246
3683	239 17 55 32
3684	243 150 15 124
3685	161 153 289 47
3686	276 86 245 122
3687	79 44 84 49
3688	261 69 72 177
3689	58 13 245 74
3690	119 107 224 253
3691	171 273 256 247
3692	274 145 242 200
3693	64 242 244 37
3694	22 107 294 69
3695	207 225 243 184
3696	115 166 41 272
3697	187 33 211 159
3698	144 134 75 99
3699	11 37 74 234
3700	235 15 286 145
3701	285 254 160 128
3702	290 22 179 228
3703	251 51 217 84
3704	12 5 255 193
3705	296 85 17 105
3706	181 99 285 148
3707	63 19 180 205
3708	35 280 190 253
3709	260 156 229 142
3710	6 183 120 250
3711	201 80 167 144
3712	234 187 63 192
3713	76 127 232 166
3714	21 28 286 67
3715	25 44 227 128
3716	149 90 295 106
3717	260 20 51 296
3718	171 293 260 174
3719	95 177 84 1
3720	254 75 292 234
3721	195 298 155 190
3722	154 282 299 30
3723	163 226 15 295
3724	258 49 132 71
3725	256 185 62 143
3726	90 98 3 249
3727	205 91 51 287
3728	4 226 54 186
3729	62 243 95 45
3730	103 220 234 105
3731	187 93 153 299
3732	23 99 37 27
3733	164 92 150 49
3734	246 33 259 279
3735	101 167 279 5
3736	285 46 66 268
3737	256 113 247 211
3738	188 48 133 294
3739	214 208 226 293
3740	287 12 52 60
3741	129 265 163 27
3742	84 56 66 129
3743	72 160 257 159
3744	173 286 40 75
3745	70 90 146 130
3746	229 37 101 176
3747	131 177 103 280
3748	183 155 152 206
3749	255 1 114 267
3750	122 44 109 220
3751	207 68 159 157
3752	76 109 214 251
3753	14 284 42 164
3754	240 32 94 77
3755	142 258 66 89
3756	270 21 114 27
3757	73 4 160 97
3758	285 173 227 82
3759	260 156 184 199
3760	276 2 14 273
3761	70 85 162 191
3762	23 210 133 149
3763	38 123 140 225
3764	18 237 60 130
3765	84 266 194 200
3766	196 237 42 205
3767	294 150 17 201
3768	219 147 18 10
3769	94 40 107 105
3770	26 167 64 203
3771	147 109 140 155
3772	208 44 200 102
3773	89 199 216 112
3774	168 27 219 34
3775	222 205 23 28
3776	249 103 71 165
3777	10 226 233 271
3778	294 10 20 102
3779	200 59 74 164
3780	296 260 247 20
3781	291 31 30 245
3782	14 165 80 32
3783	223 282 175 149
3784	39 217 229 219
3785	195 268 180 250
3786	3 203 15 126
3787	34 96 87 77
3788	7 129 134 149
3789	88 110 73 139
3790	157 176 17 142
3791	282 185 138 237
3792	152 82 81 132
3793	172 72 241 222
3794	212 273 7 202
3795	69 262 170 138
3796	223 60 66 235
3797	196 203 123 242
3798	112 38 187 133
3799	205 106 279 256
3800	71 210 271 84
3801	54 300 270 67
3802	292 6 5 121
3803	10 209 2 38
3804	4 114 76 38
3805	262 284 132 297
3806	294 280 215 290
3807	169 38 113 184
3808	125 212 261 175
3809	265 108 204 139
3810	179 173 297 123
3811	203 127 176 77
3812	37 53 50 272
3813	91 155 120 47
3814	132 186 144 14
3815	141 297 99 46
3816	212 68 145 81
3817	110 165 208 254
3818	22 177 9 139
3819	163 165 219 187
3820	57 161 253 240
3821	65 199 18 169
3822	165 243 235 274
3823	139 97 205 171
3824	131 183 21 294
3825	82 5 21 90
3826	112 118 22 101
3827	190 218 152 19
3828	98 227 103 284
3829	168 171 112 164
3830	145 165 226 197
3831	147 281 118 124
3832	8 253 155 142
3833	176 77 85 299
3834	60 214 257 61
3835	75 255 121 49
3836	269 139 211 205
3837	174 56 50 11
3838	72 60 245 160
3839	197 83 290 233
3840	219 116 289 230
3841	53 254 114 248
3842	69 147 196 278
3843	139 132 52 277
3844	125 130 40 72
3845	270 146 156 42
3846	96 84 229 108
3847	162 27 88 191
3848	81 34 161 2
3849	26 46 64 255
3850	271 93 217 272
3851	236 87 250 159
3852	224 35 287 156
3853	200 113 91 42
3854	242 98 171 17
3855	56 97 247 248
3856	246 223 79 166
3857	249 240 219 262
3858	38 299 212 105
3859	121 136 276 186
3860	245 266 144 71
3861	219 256 158 202
3862	180 233 110 116
3863	213 16 68 265
3864	257 239 191 256
3865	290 149 17 227
3866	94 81 242 177
3867	74 206 62 163
3868	222 246 155 297
3869	296 220 47 257
3870	17 18 161 135
3871	128 111 199 137
3872	106 200 215 235
3873	21 143 215 233
3874	84 267 171 39
3875	70 163 41 284
3876	150 61 156 192
3877	290 214 217 63
3878	269 277 110 123
3879	178 59 289 47
3880	163 32 107 286
3881	212 5 50 223
3882	134 273 104 47
3883	160 257 127 220
3884	161 273 284 203
3885	73 241 113 59
3886	115 174 61 230
3887	244 151 221 193
3888	199 82 104 251
3889	266 277 202 194
3890	140 158 101 102
3891	50 174 256 32
3892	43 139 142 98
3893	202 145 111 253
3894	157 118 44 141
3895	139 187 91 277
3896	296 132 258 157
3897	61 287 161 253
3898	31 62 11 274
3899	104 71 154 226
3900	65 298 219 185
3901	157 10 30 22
3902	219 20 104 176
3903	42 125 111 8
3904	130 251 182 205
3905	33 211 29 54
3906	245 179 165 167
3907	46 128 294 190
3908	259 180 15 258
3909	11 174 71 88
3910	137 261 139 12
3911	191 228 255 159
3912	80 42 83 59
3913	261 126 22 198
3914	175 203 87 176
3915	293 271 284 264
3916	100 178 211 11
3917	266 108 121 213
3918	95 113 220 264
3919	291 261 119 137
3920	126 30 214 286
3921	197 100 221 13
3922	125 209 162 283
3923	63 233 230 93
3924	248 41 45 194
3925	18 203 280 266
3926	50 64 49 180
3927	277 284 41 9
3928	267 250 106 98
3929	97 267 109 295
3930	44 116 127 147
3931	240 74 144 14
3932	189 239 233 134
3933	188 20 53 13
3934	199 106 112 9
3935	196 204 16 242
3936	223 70 126 253
3937	100 139 159 36
3938	263 276 217 25
3939	300 139 222 234
3940	34 136 204 193
3941	284 56 268 179
3942	237 118 163 75
3943	239 17 188 194
3944	66 10 108 150
3945	99 10 218 199
3946	214 54 29 296
3947	295 281 65 29
3948	16 48 268 298
3949	230 266 61 125
3950	258 116 3 22
3951	189 4 29 23
3952	130 11 14 85
3953	272 87 228 297
3954	50 225 49 12
3955	206 13 273 141
3956	250 98 200 103
3957	219 2 180 107
3958	148 201 293 176
3959	233 124 292 147
3960	46 288 69 104
3961	296 223 152 210
3962	246 61 294 51
3963	140 35 278 96
3964	290 260 70 21
3965	243 109 160 147
3966	21 67 258 65
3967	280 261 60 217
3968	68 130 222 107
3969	125 69 138 203
3970	206 49 113 202
3971	10 184 60 216
3972	144 209 172 296
3973	41 143 20 183
3974	39 12 232 258
3975	36 268 159 151
3976	11 195 288 166
3977	50 130 182 190
3978	246 187 207 243
3979	50 259 187 62
3980	193 39 207 42
3981	224 136 24 132
3982	90 7 184 174
3983	300 260 175 70
3984	187 47 6 281
3985	221 249 31 191
3986	184 8 113 62
3987	220 269 48 56
3988	163 211 268 15
3989	219 189 168 34
3990	38 272 92 96
3991	210 106 31 202
3992	253 86 82 51
3993	59 176 86 43
3994	104 193 293 163
3995	138 262 112 146
3996	1 253 172 259
3997	90 115 137 109
3998	130 203 199 62
3999	206 73 270 287
4000	52 222 158 187
4001	117 284 147 298
4002	137 208 299 16
4003	6 168 271 145
4004	109 291 298 286
4005	81 200 174 293
4006	187 10 112 261
4007	52 69 293 148
4008	176 240 151 39
4009	242 162 56 276
4010	2 223 42 95
4011	268 128 116 177
4012	143 172 127 129
4013	226 30 290 142
4014	107 185 99 167
4015	35 110 62 10
4016	215 22 266 182
4017	50 279 9 271
4018	267 131 261 151
4019	237 93 25 76
4020	33 57 14 105
4021	205 26 296 262
4022	212 246 281 117
4023	135 44 201 4
4024	209 224 14 94
4025	161 191 233 100
4026	54 219 25 48
4027	172 96 46 247
4028	73 291 40 24
4029	272 186 148 21
4030	98 8 256 122
4031	2 43 171 227
4032	27 270 146 195
4033	138 197 277 269
4034	251 21 265 79
4035	35 138 135 256
4036	161 27 247 80
4037	198 294 40 261
4038	55 121 180 15
4039	172 254 21 151
4040	48 81 74 18
4041	2 57 218 137
4042	221 96 178 257
4043	249 140 151 28
4044	87 54 156 116
4045	267 89 2 115
4046	39 20 179 295
4047	152 106 15 61
4048	41 110 33 146
4049	224 288 185 148
4050	138 62 148 104
4051	137 221 138 55
4052	121 44 207 246
4053	130 76 113 274
4054	293 182 45 94
4055	286 78 113 46
4056	15 31 40 120
4057	3 86 205 116
4058	94 78 210 159
4059	79 112 119 15
4060	81 270 141 120
4061	74 193 86 110
4062	284 120 221 29
4063	52 172 285 276
4064	122 2 267 220
4065	208 232 241 254
4066	274 191 188 242
4067	1 84 57 202
4068	75 99 137 246
4069	290 134 234 162
4070	254 127 120 230
4071	120 216 46 54
4072	94 47 188 266
4073	45 221 34 108
4074	128 129 292 237
4075	119 139 231 199
4076	260 45 280 114
4077	140 92 20 99
4078	238 187 214 87
4079	153 138 148 220
4080	264 87 139 113
4081	172 3 97 105
4082	174 38 159 218
4083	281 229 193 170
4084	45 294 292 16
4085	56 14 201 147
4086	161 56 18 212
4087	13 72 220 4
4088	65 231 233 181
4089	262 48 101 207
4090	289 239 174 96
4091	229 290 96 211
4092	273 99 225 40
4093	57 208 28 16
4094	110 244 229 174
4095	46 69 110 177
4096	213 20 145 165
4097	124 176 39 180
4098	114 147 54 220
4099	43 300 129 295
4100	166 285 140 137
4101	155 258 14 167
4102	165 116 3 300
4103	267 170 88 232
4104	224 114 18 246
4105	207 22 6 20
4106	65 185 83 272
4107	300 100 28 98
4108	6 42 293 57
4109	299 218 96 207
4110	251 222 41 279
4111	79 29 195 32
4112	127 257 42 37
4113	255 77 43 201
4114	168 201 43 187
4115	130 255 129 15
4116	16 2 274 240
4117	207 223 130 26
4118	105 178 44 60
4119	86 201 217 290
4120	33 219 197 263
4121	155 235 33 51
4122	238 245 73 250
4123	198 251 27 233
4124	292 125 220 53
4125	183 59 79 199
4126	180 95 141 153
4127	60 158 55 143
4128	275 289 129 76
4129	256 18 276 75
4130	4 290 105 180
4131	287 165 71 31
4132	105 234 120 12
4133	114 185 130 107
4134	192 197 138 139
4135	14 289 258 18
4136	199 260 159 32
4137	125 28 177 286
4138	126 225 190 242
4139	291 172 267 165
4140	19 183 115 91
4141	159 140 9 32
4142	214 195 145 179
4143	116 187 142 10
4144	300 30 177 220
4145	203 205 165 115
4146	239 128 103 203
4147	118 54 195 273
4148	19 32 264 115
4149	236 282 104 123
4150	55 208 250 156
4151	180 14 8 256
4152	133 5 175 257
4153	221 290 108 55
4154	169 81 182 193
4155	169 55 121 156
4156	99 109 239 298
4157	276 127 54 266
4158	99 93 9 201
4159	110 291 117 158
4160	263 240 180 109
4161	262 266 68 102
4162	275 259 251 25
4163	128 243 121 283
4164	166 174 283 274
4165	169 11 53 116
4166	140 38 295 37
4167	234 264 165 205
4168	12 281 35 69
4169	96 294 242 220
4170	162 251 82 115
4171	131 18 93 164
4172	3 271 293 66
4173	175 255 223 43
4174	262 155 149 15
4175	180 95 11 241
4176	125 149 72 53
4177	250 31 247 294
4178	122 171 31 260
4179	236 25 192 155
4180	43 84 180 149
4181	143 60 297 133
4182	27 134 201 69
4183	47 130 11 32
4184	41 217 135 168
4185	155 150 296 23
4186	53 94 217 13
4187	182 17 46 224
4188	113 273 140 155
4189	76 195 72 102
4190	9 6 189 56
4191	124 99 199 184
4192	93 136 99 295
4193	125 226 210 96
4194	193 79 184 225
4195	152 16 195 49
4196	179 225 105 272
4197	111 22 170 272
4198	122 62 46 125
4199	191 177 276 253
4200	91 253 234 33
4201	121 39 25 299
4202	238 19 89 177
4203	7 134 210 290
4204	262 179 13 76
4205	51 109 275 156
4206	9 77 188 61
4207	74 191 250 208
4208	153 275 67 68
4209	242 236 234 118
4210	279 81 284 77
4211	143 83 245 76
4212	258 67 145 100
4213	81 78 204 120
4214	91 269 165 88
4215	85 75 288 12
4216	128 89 4 93
4217	111 26 167 115
4218	74 27 54 211
4219	44 156 172 132
4220	25 192 40 263
4221	265 83 258 47
4222	209 139 26 249
4223	16 267 159 161
4224	13 195 147 258
4225	105 93 297 277
4226	15 60 40 259
4227	263 10 30 185
4228	145 40 67 43
4229	271 251 139 161
4230	218 139 273 213
4231	95 19 239 164
4232	150 164 170 223
4233	95 21 126 225
4234	195 44 48 256
4235	123 43 298 155
4236	295 87 140 243
4237	132 149 155 143
4238	238 60 84 97
4239	169 46 2 184
4240	128 167 54 236
4241	199 174 4 170
4242	250 129 96 289
4243	181 205 154 165
4244	273 96 115 257
4245	191 5 22 127
4246	26 292 278 72
4247	260 85 16 100
4248	123 23 223 244
4249	241 98 141 72
4250	296 92 210 26
4251	7 87 209 227
4252	1 294 5 85
4253	292 135 61 130
4254	31 105 82 227
4255	6 11 134 214
4256	19 113 74 107
4257	3 270 289 257
4258	141 71 74 200
4259	282 43 37 84
4260	30 81 261 37
4261	159 268 104 280
4262	89 293 296 144
4263	149 70 50 156
4264	128 214 52 82
4265	97 297 86 177
4266	270 50 136 58
4267	123 190 240 255
4268	112 192 188 175
4269	284 138 279 228
4270	290 28 267 192
4271	137 234 170 243
4272	179 267 28 214
4273	213 211 196 288
4274	59 293 300 226
4275	266 268 190 214
4276	29 295 277 269
4277	220 11 80 178
4278	71 116 185 97
4279	59 80 255 125
4280	56 174 102 10
4281	172 292 225 94
4282	22 111 64 176
4283	43 113 212 133
4284	61 140 282 161
4285	203 229 19 192
4286	21 79 75 201
4287	74 274 107 280
4288	176 12 63 41
4289	156 296 48 208
4290	139 185 100 109
4291	87 190 107 29
4292	86 28 18 60
4293	32 276 86 11
4294	94 105 234 28
4295	229 54 123 292
4296	148 300 72 248
4297	231 296 228 239
4298	208 204 141 176
4299	127 169 246 221
4300	101 2 143 141
4301	187 164 64 2
4302	235 32 89 194
4303	102 67 64 8
4304	166 83 99 113
4305	85 11 240 160
4306	43 92 41 201
4307	194 216 237 234
4308	111 117 34 14
4309	108 38 220 127
4310	147 295 220 125
4311	216 92 76 280
4312	40 173 112 207
4313	68 95 203 109
4314	161 28 290 85
4315	174 246 61 237
4316	102 39 189 149
4317	215 106 199 46
4318	231 197 31 223
4319	259 108 210 280
4320	278 50 132 191
4321	222 262 225 245
4322	105 173 152 75
4323	36 215 135 197
4324	51 65 27 89
4325	40 180 64 268
4326	179 141 38 149
4327	274 139 163 38
4328	204 128 82 62
4329	124 178 104 243
4330	230 287 109 58
4331	133 257 260 209
4332	126 89 180 155
4333	93 131 33 108
4334	9 282 49 222
4335	224 8 189 37
4336	218 81 243 278
4337	51 99 59 187
4338	261 250 129 139
4339	207 20 195 187
4340	201 176 293 141
4341	206 128 77 283
4342	97 227 40 77
4343	87 4 96 289
4344	105 55 42 109
4345	144 293 117 233
4346	228 41 195 255
4347	27 252 117 20
4348	276 191 34 221
4349	157 15 31 144
4350	49 82 80 8
4351	179 277 7 251
4352	116 99 122 82
4353	129 273 100 114
4354	19 232 256 146
4355	21 195 219 41
4356	166 123 161 5
4357	24 94 91 220
4358	181 281 43 65
4359	33 18 37 42
4360	189 66 42 252
4361	41 99 65 107
4362	117 142 45 159
4363	252 234 198 164
4364	99 60 197 118
4365	117 133 37 13
4366	37 50 177 47
4367	204 166 226 87
4368	164 154 162 156
4369	4 300 141 36
4370	43 102 128 16
4371	284 54 280 235
4372	269 263 61 124
4373	42 88 27 193
4374	111 66 256 236
4375	238 200 292 256
4376	218 101 61 12
4377	113 263 222 55
4378	90 187 106 206
4379	85 252 35 248
4380	105 290 108 174
4381	42 251 117 49
4382	13 146 185 33
4383	153 255 249 149
4384	198 222 236 286
4385	275 42 258 54
4386	165 57 151 150
4387	35 50 229 275
4388	100 20 25 193
4389	267 99 166 242
4390	140 222 95 37
4391	194 28 232 64
4392	87 212 32 109
4393	145 33 101 241
4394	115 56 7 185
4395	159 271 69 267
4396	47 28 36 100
4397	227 190 256 209
4398	87 263 226 200
4399	11 292 105 250
4400	76 60 63 227
4401	168 243 59 171
4402	132 108 21 267
4403	19 181 160 139
4404	257 65 265 68
4405	43 297 271 258
4406	173 67 75 240
4407	96 1 287 120
4408	31 238 216 74
4409	280 20 75 164
4410	13 170 118 222
4411	112 79 158 280
4412	137 1 291 232
4413	267 148 196 232
4414	131 180 265 230
4415	123 274 273 135
4416	226 126 38 283
4417	299 97 67 194
4418	201 138 215 221
4419	176 120 152 14
4420	28 144 249 89
4421	131 58 16 20
4422	136 124 126 231
4423	195 114 230 94
4424	281 92 137 22
4425	37 272 211 291
4426	182 14 265 71
4427	77 22 199 115
4428	259 200 98 10
4429	249 258 157 188
4430	128 238 112 148
4431	279 6 250 285
4432	9 180 60 141
4433	19 210 117 6
4434	67 191 27 39
4435	216 129 65 226
4436	123 44 107 169
4437	101 240 255 214
4438	49 95 117 163
4439	62 260 233 188
4440	192 219 166 182
4441	11 150 256 294
4442	228 113 80 131
4443	46 206 69 86
4444	130 243 210 263
4445	147 132 29 105
4446	122 21 59 16
4447	70 276 56 91
4448	180 26 135 54
4449	53 280 261 205
4450	60 72 99 6
4451	14 20 126 252
4452	145 131 75 5
4453	33 83 284 262
4454	157 3 206 109
4455	292 52 225 14
4456	145 67 291 4
4457	63 198 79 38
4458	260 101 96 274
4459	135 141 171 159
4460	86 42 184 250
4461	272 189 45 196
4462	90 15 78 199
4463	38 151 152 12
4464	147 91 162 189
4465	7 12 223 32
4466	70 137 136 250
4467	133 115 72 276
4468	76 298 220 269
4469	221 165 48 29
4470	288 205 218 282
4471	255 262 131 5
4472	2 150 35 159
4473	271 26 265 242
4474	215 261 17 291
4475	132 152 116 119
4476	44 113 107 32
4477	218 239 168 298
4478	209 128 289 228
4479	4 195 223 157
4480	54 65 164 61
4481	218 195 157 291
4482	238 1 267 180
4483	19 215 248 226
4484	248 148 215 268
4485	160 277 291 99
4486	187 165 124 289
4487	229 190 92 294
4488	15 69 45 58
4489	167 50 119 289
4490	97 111 126 69
4491	14 236 283 105
4492	57 58 197 100
4493	170 254 174 117
4494	89 146 214 179
4495	223 103 172 202
4496	194 268 23 112
4497	59 284 227 58
4498	292 243 153 103
4499	37 258 210 58
4500	28 39 111 7
4501	292 135 256 238
4502	37 270 82 3
4503	160 211 200 144
4504	262 135 266 252
4505	153 277 294 1
4506	172 79 184 64
4507	292 34 243 173
4508	163 33 190 56
4509	289 166 170 27
4510	114 140 70 45
4511	212 278 1 208
4512	220 131 213 176
4513	291 110 241 76
4514	225 152 43 14
4515	113 78 139 21
4516	244 200 52 121
4517	160 171 93 244
4518	101 65 183 22
4519	51 229 250 237
4520	290 199 298 279
4521	210 29 58 137
4522	192 207 168 148
4523	280 43 237 205
4524	220 27 270 108
4525	279 280 259 102
4526	199 279 128 22
4527	123 35 235 183
4528	27 277 84 59
4529	146 218 105 288
4530	29 73 191 3
4531	269 1 181 213
4532	184 126 119 23
4533	99 233 279 4
4534	177 39 74 274
4535	12 172 272 144
4536	105 266 178 32
4537	74 129 97 207
4538	289 177 124 176
4539	270 268 218 106
4540	266 83 32 75
4541	122 233 36 116
4542	52 206 202 66
4543	96 221 225 30
4544	216 253 130 146
4545	214 234 280 259
4546	59 107 277 224
4547	164 92 57 96
4548	246 73 47 4
4549	73 36 181 268
4550	97 219 123 284
4551	251 77 18 269
4552	257 114 65 217
4553	114 202 11 141
4554	58 160 167 155
4555	261 260 185 296
4556	134 65 249 52
4557	187 210 186 102
4558	178 93 292 199
4559	107 65 4 215
4560	121 59 259 170
4561	88 295 208 288
4562	283 74 17 22
4563	94 64 292 131
4564	152 256 276 188
4565	277 43 288 30
4566	29 60 45 118
4567	32 16 119 17
4568	258 165 189 44
4569	103 289 130 126
4570	197 216 226 51
4571	296 81 50 225
4572	261 79 78 243
4573	8 138 267 213
4574	258 12 250 80
4575	185 187 95 239
4576	265 34 251 8
4577	82 222 50 54
4578	95 98 195 20
4579	125 140 25 235
4580	258 144 107 196
4581	59 254 249 187
4582	9 222 6 215
4583	120 133 137 206
4584	269 223 242 194
4585	297 29 110 136
4586	297 275 96 15
4587	90 43 254 289
4588	30 197 51 147
4589	284 3 90 157
4590	154 120 232 27
4591	16 109 171 251
4592	98 154 267 162
4593	66 134 282 136
4594	154 53 7 176
4595	154 108 272 127
4596	295 87 161 122
4597	282 249 31 5
4598	150 211 115 298
4599	238 71 234 27
4600	166 162 279 157
4601	261 179 147 282
4602	120 49 203 266
4603	150 279 149 173
4604	221 146 58 64
4605	50 204 120 35
4606	24 39 78 87
4607	74 113 164 180
4608	180 166 299 164
4609	239 128 98 189
4610	247 84 99 180
4611	170 132 249 30
4612	88 196 177 113
4613	237 1 116 221
4614	21 141 2 170
4615	170 66 162 113
4616	171 295 9 138
4617	82 153 172 161
4618	70 107 245 169
4619	161 81 168 43
4620	227 14 110 87
4621	13 233 112 204
4622	184 35 86 277
4623	144 150 6 48
4624	143 67 40 226
4625	77 241 70 85
4626	15 73 103 165
4627	37 233 188 69
4628	230 108 264 36
4629	25 261 197 44
4630	50 116 295 197
4631	225 57 300 248
4632	267 63 245 163
4633	190 89 280 125
4634	294 162 204 254
4635	81 8 44 10
4636	106 299 118 185
4637	161 106 176 87
4638	34 1 270 179
4639	176 188 42 268
4640	100 106 155 7
4641	54 151 137 171
4642	157 74 293 209
4643	37 262 211 260
4644	248 189 10 192
4645	173 156 254 142
4646	105 51 174 70
4647	245 260 264 47
4648	202 205 292 272
4649	268 50 163 140
4650	222 14 273 35
4651	66 183 50 268
4652	271 177 68 168
4653	253 135 220 110
4654	194 205 257 101
4655	165 264 223 136
4656	31 285 190 5
4657	128 196 10 299
4658	287 172 236 114
4659	245 162 217 113
4660	203 197 199 296
4661	234 184 67 22
4662	137 23 232 145
4663	117 290 165 210
4664	66 97 61 36
4665	36 295 121 64
4666	139 285 99 210
4667	187 117 274 190
4668	123 230 19 238
4669	298 132 184 35
4670	48 209 290 288
4671	109 79 267 273
4672	33 61 79 85
4673	109 14 54 126
4674	273 179 65 160
4675	160 4 41 71
4676	171 24 70 285
4677	70 90 95 222
4678	55 107 271 189
4679	14 233 93 203
4680	289 203 121 76
4681	242 148 216 255
4682	236 237 221 18
4683	235 278 44 273
4684	188 278 279 180
4685	134 137 71 29
4686	159 280 185 46
4687	119 163 223 191
4688	214 23 129 123
4689	262 252 245 133
4690	178 144 47 102
4691	29 45 18 201
4692	47 40 9 286
4693	121 130 86 226
4694	50 152 98 243
4695	89 205 120 53
4696	61 34 214 40
4697	76 219 69 40
4698	250 73 178 75
4699	262 94 208 201
4700	69 149 137 125
4701	102 145 21 259
4702	144 146 252 258
4703	70 178 137 72
4704	195 1 60 298
4705	158 5 243 135
4706	23 142 53 189
4707	134 45 111 223
4708	13 190 224 192
4709	189 59 269 260
4710	65 233 110 80
4711	105 18 164 163
4712	230 159 66 231
4713	126 278 18 211
4714	68 48 17 37
4715	270 45 47 267
4716	134 245 295 40
4717	5 207 154 250
4718	167 245 52 7
4719	55 226 181 15
4720	241 68 213 31
4721	300 24 240 242
4722	177 108 214 128
4723	233 219 172 121
4724	116 181 162 197
4725	219 182 289 11
4726	279 285 197 200
4727	287 113 59 268
4728	193 264 185 146
4729	18 141 216 33
4730	74 117 280 168
4731	13 86 100 171
4732	72 292 82 16
4733	113 165 38 204
4734	255 68 65 143
4735	182 247 215 189
4736	171 50 198 193
4737	282 128 172 242
4738	19 245 21 169
4739	180 222 92 158
4740	187 217 297 221
4741	175 197 121 152
4742	247 266 200 286
4743	177 54 115 280
4744	59 123 20 166
4745	183 179 41 127
4746	24 155 128 280
4747	166 125 14 196
4748	216 278 56 268
4749	265 71 215 243
4750	269 173 73 97
4751	260 10 22 236
4752	36 139 197 203
4753	140 279 95 77
4754	91 7 49 167
4755	133 122 113 216
4756	166 254 135 235
4757	91 286 162 267
4758	107 176 211 79
4759	61 214 143 223
4760	274 5 228 29
4761	240 81 32 282
4762	278 227 50 94
4763	76 240 222 110
4764	111 236 149 263
4765	94 292 109 270
4766	40 187 175 154
4767	196 89 207 148
4768	35 292 239 265
4769	61 54 208 163
4770	150 130 291 203
4771	91 265 93 175
4772	115 90 108 211
4773	188 24 177 128
4774	64 141 115 207
4775	116 9 202 92
4776	107 85 148 65
4777	199 206 217 241
4778	226 129 221 54
4779	221 100 263 243
4780	253 248 143 243
4781	30 240 150 3
4782	162 263 55 148
4783	202 227 75 247
4784	82 24 183 129
4785	238 215 84 6
4786	109 279 28 90
4787	273 48 93 148
4788	186 277 62 208
4789	172 178 9 233
4790	5 207 161 274
4791	71 156 259 272
4792	134 147 245 85
4793	165 284 269 72
4794	297 261 88 221
4795	111 167 107 180
4796	7 232 242 197
4797	128 194 276 288
4798	92 67 178 176
4799	199 216 232 143
4800	223 182 201 115
4801	174 282 77 84
4802	264 200 43 211
4803	164 215 194 272
4804	87 147 210 207
4805	273 110 202 177
4806	283 83 49 220
4807	271 28 4 5
4808	94 23 265 289
4809	249 195 71 57
4810	137 157 135 14
4811	224 152 106 104
4812	172 96 60 91
4813	246 264 103 192
4814	159 114 217 24
4815	271 215 261 129
4816	222 162 192 117
4817	129 174 185 216
4818	74 73 220 193
4819	168 133 190 294
4820	118 287 180 76
4821	210 148 82 110
4822	146 231 278 103
4823	267 174 127 213
4824	263 131 167 220
4825	94 43 285 57
4826	172 7 190 171
4827	36 140 110 300
4828	4 142 28 197
4829	7 166 63 122
4830	261 186 17 212
4831	223 55 181 279
4832	272 206 214 18
4833	30 196 20 112
4834	190 215 167 154
4835	225 10 201 108
4836	81 106 13 3
4837	269 70 108 4
4838	233 1 295 246
4839	14 220 85 34
4840	19 216 88 240
4841	221 161 232 237
4842	101 35 15 298
4843	149 293 211 135
4844	101 47 37 179
4845	226 233 250 18
4846	234 24 16 249
4847	66 99 274 109
4848	170 114 91 244
4849	114 64 57 292
4850	144 210 109 246
4851	13 209 73 114
4852	279 87 229 237
4853	171 182 1 62
4854	288 12 150 277
4855	95 227 57 272
4856	67 55 279 168
4857	12 33 78 64
4858	225 114 234 102
4859	140 43 171 101
4860	136 112 148 227
4861	15 281 87 242
4862	295 86 235 265
4863	279 84 77 120
4864	72 134 285 287
4865	146 125 271 67
4866	7 220 43 283
4867	131 26 35 153
4868	180 223 176 12
4869	108 71 246 299
4870	231 102 128 52
4871	220 10 281 30
4872	219 231 227 97
4873	268 288 106 86
4874	146 67 30 104
4875	69 65 124 40
4876	262 172 175 167
4877	251 52 162 152
4878	60 298 246 14
4879	45 131 155 112
4880	117 119 148 11
4881	220 238 40 108
4882	27 271 177 40
4883	51 151 245 18
4884	171 20 47 141
4885	59 135 61 201
4886	122 60 149 45
4887	196 47 164 6
4888	267 279 234 82
4889	139 280 61 182
4890	239 37 15 25
4891	276 120 156 141
4892	204 97 243 143
4893	234 29 238 44
4894	38 61 115 56
4895	59 40 53 281
4896	132 270 153 130
4897	122 237 230 279
4898	45 211 244 225
4899	49 97 106 36
4900	77 78 282 290
4901	77 193 253 254
4902	186 123 154 15
4903	78 49 166 182
4904	18 216 90 206
4905	135 231 68 282
4906	204 35 85 248
4907	47 279 258 212
4908	210 58 220 177
4909	110 231 47 171
4910	197 145 218 11
4911	15 149 213 279
4912	10 145 292 55
4913	279 165 248 258
4914	177 43 83 230
4915	205 212 53 234
4916	154 148 130 219
4917	50 255 140 253
4918	22 60 254 152
4919	90 14 160 268
4920	13 39 209 118
4921	104 157 125 277
4922	90 159 39 54
4923	255 110 54 230
4924	290 269 127 101
4925	73 277 144 141
4926	113 156 237 190
4927	66 174 72 161
4928	160 147 53 27
4929	77 284 276 214
4930	79 36 3 152
4931	88 159 126 168
4932	67 264 203 208
4933	145 184 253 84
4934	283 123 64 190
4935	22 156 268 238
4936	214 199 142 149
4937	294 67 274 287
4938	194 296 281 134
4939	76 60 105 59
4940	122 209 19 166
4941	239 132 155 181
4942	80 272 22 3
4943	261 225 137 194
4944	239 88 273 15
4945	157 267 276 82
4946	83 10 19 198
4947	6 173 101 35
4948	30 147 291 52
4949	118 26 13 280
4950	231 273 209 106
4951	209 2 266 31
4952	271 52 171 102
4953	82 233 244 117
4954	135 186 190 75
4955	81 189 286 152
4956	238 13 244 226
4957	2 20 81 88
4958	210 65 240 35
4959	54 91 227 156
4960	51 224 267 197
4961	283 251 273 92
4962	9 192 63 153
4963	235 297 16 62
4964	230 189 259 229
4965	203 106 276 252
4966	169 87 299 283
4967	170 271 274 228
4968	162 283 266 217
4969	81 42 69 277
4970	107 179 173 125
4971	6 196 43 220
4972	280 142 279 196
4973	152 118 190 41
4974	198 84 85 2
4975	287 109 202 199
4976	225 269 125 10
4977	289 175 112 187
4978	151 53 272 132
4979	28 287 156 258
4980	25 105 119 148
4981	277 20 263 198
4982	45 231 289 255
4983	38 27 15 110
4984	6 32 109 125
4985	217 185 90 96
4986	245 185 24 188
4987	115 215 84 37
4988	226 31 286 285
4989	23 82 1 67
4990	227 177 84 156
4991	299 155 288 270
4992	282 93 275 199
4993	97 186 109 242
4994	218 145 206 289
4995	196 218 258 212
4996	69 174 71 297
4997	77 258 85 236
4998	117 105 225 254
4999	200 244 284 256
5000	241 218 184 26
