Students	5000
1	125 7 17 107
2	140 286 90 254
3	123 68 228 48
4	107 141 122 4
5	96 113 57 98
6	128 122 284 238
7	280 288 181 287
8	4 28 225 141
9	297 171 211 242
10	151 256 164 50
11	49 73 149 239
12	131 207 149 122
13	132 17 142 52
14	246 130 286 272
15	186 232 238 119
16	105 88 274 272
17	65 76 209 244
18	83 269 167 115
19	219 129 223 75
20	201 285 165 179
21	218 202 276 271
22	190 16 188 6
23	155 49 290 218
24	7 288 93 42
25	287 8 92 274
26	144 83 21 68
27	36 156 235 219
28	9 155 108 237
29	209 282 17 52
30	297 42 25 162
31	85 10 265 99
32	66 126 120 57
33	218 268 282 49
34	143 123 103 203
35	26 41 103 17
36	76 167 284 277
37	63 224 227 177
38	54 218 135 254
39	275 271 116 276
40	283 2 37 262
41	220 35 69 259
42	121 197 36 182
43	219 105 216 269
44	272 53 237 300
45	132 296 227 52
46	275 19 279 74
47	73 215 243 190
48	160 65 260 281
49	250 42 206 218
50	102 165 162 188
51	61 67 168 4
52	69 65 142 88
53	38 105 147 262
54	243 45 152 271
55	300 286 71 180
56	48 61 113 24
57	113 15 133 158
58	246 124 274 250
59	206 27 76 50
60	18 75 81 130
61	299 189 122 282
62	201 205 257 254
63	281 102 101 246
64	230 71 295 127
65	117 206 91 28
66	89 233 270 114
67	241 137 230 143
68	98 20 252 16
69	175 276 36 12
70	128 148 298 39
71	89 49 210 219
72	243 112 224 237
73	30 131 170 252
74	121 181 130 72
75	44 279 218 107
76	67 11 236 54
77	145 199 215 11
78	32 85 247 167
79	85 100 69 300
80	41 15 97 118
81	57 59 63 222
82	225 37 53 151
83	257 8 56 240
84	277 165 287 242
85	229 51 277 234
86	172 51 177 52
87	259 156 129 287
88	211 13 245 275
89	150 21 39 161
90	201 202 29 215
91	217 81 177 165
92	127 43 298 50
93	13 19 169 107
94	133 136 209 28
95	95 257 48 28
96	195 109 49 170
97	179 65 284 206
98	142 19 190 239
99	105 44 131 183
100	294 229 193 41
101	212 66 251 104
102	229 57 120 32
103	27 232 94 70
104	65 154 146 156
105	233 140 268 162
106	195 286 18 291
107	240 113 33 190
108	190 199 94 110
109	242 191 275 168
110	263 7 267 178
111	127 103 287 227
112	5 197 297 88
113	293 29 74 79
114	166 229 122 87
115	102 12 128 198
116	101 134 118 160
117	32 232 110 15
118	233 76 73 83
119	234 119 143 46
120	50 247 168 26
121	102 251 2 15
122	176 171 51 201
123	3 110 222 58
124	231 246 96 240
125	252 258 282 84
126	97 238 19 11
127	138 208 189 201
128	26 140 262 56
129	28 39 234 196
130	192 2 151 66
131	69 146 268 79
132	52 121 161 115
133	162 224 116 258
134	70 80 62 149
135	21 32 135 261
136	291 41 252 53
137	99 111 187 214
138	176 243 288 97
139	160 288 150 169
140	121 279 50 239
141	268 158 45 201
142	137 22 191 90
143	1 265 291 188
144	193 55 100 216
145	84 134 160 50
146	19 284 78 9
147	224 236 76 250
148	255 50 298 269
149	113 156 22 196
150	74 204 199 203
151	273 184 79 97
152	78 80 293 251
153	50 248 273 197
154	257 84 296 107
155	90 272 45 149
156	171 185 140 138
157	250 33 153 209
158	283 252 193 291
159	212 149 123 151
160	234 109 185 166
161	246 281 93 264
162	117 97 232 278
163	22 104 122 173
164	298 242 136 156
165	105 117 229 242
166	288 48 255 3
167	43 237 136 80
168	49 290 63 92
169	211 259 6 33
170	40 178 285 266
171	274 298 5 300
172	274 276 231 182
173	284 131 107 209
174	120 189 100 194
175	249 235 66 188
176	112 38 53 270
177	3 293 252 93
178	68 168 139 254
179	17 184 7 288
180	258 300 277 295
181	213 142 123 103
182	80 17 248 281
183	179 293 181 176
184	193 182 30 10
185	96 296 256 22
186	84 231 130 175
187	152 213 190 76
188	191 233 123 35
189	125 180 297 267
190	227 241 78 130
191	111 13 64 294
192	285 57 143 226
193	88 177 77 106
194	12 47 34 198
195	227 286 214 162
196	112 184 72 108
197	208 121 116 54
198	99 139 244 176
199	135 283 62 26
200	167 288 9 214
201	78 167 216 32
202	186 267 282 65
203	262 252 182 2
204	17 160 6 273
205	88 216 93 212
206	11 43 73 298
207	25 177 113 61
208	288 137 114 109
209	209 25 75 261
210	120 13 196 77
211	169 6 256 231
212	203 200 28 234
213	182 113 261 5
214	73 213 252 171
215	248 23 173 100
216	242 172 31 122
217	100 83 246 107
218	230 156 196 79
219	50 98 48 115
220	36 210 196 13
221	161 4 50 233
222	138 104 272 256
223	26 225 160 121
224	21 278 299 174
225	255 128 25 46
226	120 233 101 55
227	65 44 201 195
228	128 62 247 13
229	105 250 206 52
230	134 94 207 139
231	220 188 34 248
232	276 235 31 131
233	164 112 40 290
234	251 221 84 157
235	200 12 259 20
236	288 100 60 253
237	252 227 13 35
238	272 44 137 288
239	164 101 154 286
240	255 173 128 176
241	176 165 247 269
242	277 113 245 12
243	75 39 195 133
244	21 73 121 120
245	70 132 152 218
246	84 231 48 147
247	30 20 268 294
248	148 139 275 60
249	33 40 76 164
250	157 131 160 142
251	214 44 50 207
252	281 29 283 110
253	198 248 173 25
254	27 74 252 157
255	5 270 215 188
256	145 49 84 139
257	212 21 120 72
258	103 180 70 232
259	200 186 192 122
260	252 3 32 193
261	181 257 82 110
262	150 15 88 199
263	248 195 242 274
264	225 111 47 18
265	122 199 39 30
266	2 109 81 95
267	22 29 116 140
268	224 131 73 74
269	157 149 234 217
270	254 96 256 40
271	164 187 247 250
272	63 6 238 172
273	62 134 28 158
274	17 120 234 279
275	187 51 86 78
276	161 222 151 42
277	81 126 10 96
278	101 94 230 180
279	295 240 97 154
280	242 89 243 215
281	20 223 98 291
282	263 17 205 76
283	142 148 228 80
284	100 32 95 59
285	27 110 15 239
286	52 199 287 67
287	246 197 188 114
288	91 72 183 126
289	110 97 185 121
290	208 106 187 168
291	95 158 119 2
292	189 104 253 290
293	185 55 101 36
294	163 110 115 287
295	251 13 257 29
296	258 59 217 39
297	173 118 22 188
298	175 221 40 133
299	5 293 276 20
300	160 247 40 218
301	261 137 138 249
302	232 291 202 178
303	279 31 222 162
304	74 229 49 3
305	9 115 7 199
306	173 139 155 120
307	129 208 292 259
308	115 14 40 126
309	139 153 245 118
310	163 117 50 69
311	183 35 85 157
312	173 182 228 280
313	205 252 182 101
314	32 267 233 291
315	300 286 245 89
316	92 61 243 233
317	108 146 132 249
318	153 296 127 12
319	19 176 80 202
320	232 89 129 207
321	237 61 191 252
322	175 3 6 79
323	16 164 113 85
324	56 31 194 125
325	1 123 167 214
326	86 28 88 65
327	49 275 160 133
328	127 293 103 82
329	282 199 69 173
330	210 149 262 176
331	173 175 144 16
332	148 143 37 170
333	298 9 94 85
334	228 270 143 59
335	185 156 283 142
336	102 202 44 249
337	18 13 87 240
338	64 110 196 226
339	168 237 36 66
340	157 197 39 133
341	122 44 170 229
342	6 158 36 256
343	75 133 143 184
344	149 36 75 255
345	77 4 34 30
346	272 103 178 19
347	152 109 279 102
348	49 300 162 283
349	187 148 70 10
350	129 34 203 277
351	279 69 33 193
352	288 76 152 100
353	214 40 107 299
354	43 46 263 223
355	137 24 295 57
356	113 185 176 76
357	254 230 197 146
358	279 230 300 130
359	159 151 146 244
360	198 284 126 116
361	119 127 209 104
362	239 62 182 223
363	1 261 25 205
364	175 29 46 65
365	152 9 195 299
366	197 223 78 202
367	36 51 109 188
368	140 139 56 211
369	154 178 271 285
370	13 216 276 70
371	98 31 181 266
372	183 39 104 112
373	271 292 47 33
374	140 115 191 21
375	13 121 186 221
376	200 263 287 171
377	269 29 37 57
378	7 167 260 200
379	175 251 164 169
380	105 12 207 62
381	64 285 262 69
382	10 120 116 119
383	14 209 185 113
384	255 50 60 89
385	201 96 61 26
386	236 185 274 182
387	294 245 183 97
388	267 148 274 155
389	167 204 236 265
390	217 69 242 241
391	144 155 286 281
392	217 36 243 255
393	24 6 14 86
394	281 3 235 145
395	13 195 85 256
396	267 275 65 272
397	98 111 21 65
398	4 120 83 279
399	256 250 51 63
400	293 152 142 271
401	163 257 130 231
402	153 12 123 195
403	88 92 22 33
404	209 34 155 148
405	202 81 15 124
406	181 49 229 87
407	237 10 209 258
408	11 59 210 9
409	107 122 140 223
410	204 154 121 34
411	111 279 105 269
412	97 26 124 268
413	274 225 56 109
414	281 170 243 138
415	145 123 293 169
416	120 25 107 282
417	297 61 276 206
418	67 53 212 224
419	290 180 272 61
420	90 211 134 94
421	258 285 270 212
422	220 281 282 276
423	71 262 177 54
424	35 21 234 10
425	180 197 194 9
426	72 262 263 132
427	23 187 228 247
428	275 187 40 65
429	185 174 224 229
430	4 87 293 46
431	169 119 257 127
432	276 181 262 239
433	69 99 192 295
434	184 251 162 218
435	21 236 195 216
436	97 17 90 21
437	93 90 129 271
438	43 49 227 124
439	104 217 111 172
440	130 77 233 158
441	54 22 49 4
442	224 208 158 106
443	26 29 236 209
444	9 243 56 202
445	74 75 56 224
446	109 118 233 215
447	172 234 17 210
448	23 259 164 268
449	28 165 139 138
450	13 184 40 93
451	66 159 89 240
452	83 39 252 166
453	7 47 294 243
454	104 87 70 163
455	41 106 48 271
456	9 212 116 246
457	67 175 183 239
458	189 48 18 245
459	15 74 273 4
460	236 256 92 295
461	27 174 26 9
462	69 225 295 222
463	58 146 223 21
464	266 75 273 64
465	115 266 278 13
466	256 88 154 230
467	293 240 111 218
468	115 107 24 12
469	68 229 148 200
470	205 244 268 37
471	179 41 35 199
472	119 278 280 2
473	35 204 150 243
474	4 22 292 39
475	259 257 11 134
476	4 241 112 78
477	148 177 198 40
478	133 33 40 92
479	269 165 234 4
480	253 146 92 15
481	156 186 93 151
482	261 155 27 247
483	154 257 78 93
484	187 61 190 117
485	27 50 41 56
486	269 228 257 68
487	122 266 94 195
488	175 112 84 101
489	84 194 133 47
490	111 43 82 151
491	138 66 280 253
492	128 226 264 208
493	205 153 149 9
494	37 60 236 259
495	247 169 223 40
496	46 198 272 10
497	123 45 273 127
498	53 207 132 258
499	164 147 239 150
500	14 300 91 110
501	199 257 47 246
502	294 124 72 207
503	279 264 268 273
504	172 18 293 263
505	47 4 170 61
506	123 155 118 249
507	260 1 285 142
508	13 85 197 153
509	251 20 157 12
510	196 29 7 93
511	258 99 56 211
512	69 135 299 113
513	182 15 184 123
514	47 119 90 144
515	155 26 79 95
516	1 282 63 23
517	202 296 90 78
518	82 233 246 127
519	54 134 272 271
520	140 206 112 147
521	75 61 122 74
522	172 117 221 143
523	107 289 159 265
524	47 252 51 118
525	300 80 299 268
526	239 58 109 2
527	239 46 149 132
528	195 156 121 201
529	130 199 167 225
530	175 107 90 249
531	154 174 210 160
532	214 154 139 294
533	282 182 121 220
534	90 205 118 159
535	53 201 293 157
536	193 246 124 222
537	236 129 233 285
538	115 266 179 83
539	176 259 264 76
540	26 246 194 245
541	96 190 186 23
542	275 48 294 73
543	287 249 30 277
544	253 91 241 152
545	221 50 294 195
546	251 197 268 243
547	123 126 81 132
548	147 14 75 260
549	50 299 196 110
550	240 263 299 115
551	72 300 275 181
552	137 238 73 295
553	15 139 105 251
554	72 151 71 70
555	185 1 23 230
556	15 297 161 251
557	28 78 82 178
558	103 35 15 208
559	54 264 212 237
560	239 42 227 127
561	68 214 222 283
562	86 295 197 215
563	291 51 268 37
564	116 177 279 58
565	247 90 111 300
566	287 273 195 151
567	291 101 143 287
568	150 50 128 14
569	131 244 196 151
570	156 57 46 5
571	223 112 17 195
572	27 161 226 133
573	235 194 266 70
574	192 11 48 181
575	286 72 135 272
576	287 40 279 105
577	238 18 240 34
578	51 36 288 11
579	220 206 34 119
580	198 297 127 24
581	263 127 124 102
582	179 14 192 218
583	55 5 35 232
584	26 280 260 86
585	231 228 261 28
586	196 285 38 259
587	151 244 183 89
588	78 260 11 185
589	186 55 94 211
590	226 140 84 232
591	141 219 280 166
592	53 43 236 244
593	48 277 30 92
594	74 244 275 235
595	104 253 237 273
596	227 77 284 79
597	32 41 249 114
598	201 219 268 81
599	115 50 41 219
600	70 111 118 89
601	55 193 20 200
602	117 149 156 243
603	144 95 203 151
604	154 109 225 209
605	104 84 208 118
606	121 89 296 164
607	225 137 55 119
608	111 137 139 83
609	48 177 76 243
610	52 187 175 53
611	285 2 298 268
612	149 173 66 134
613	122 273 231 127
614	221 154 260 59
615	33 211 104 145
616	226 5 278 34
617	89 55 257 139
618	144 235 17 97
619	230 8 157 190
620	51 28 212 122
621	287 10 46 137
622	102 188 103 66
623	196 38 267 146
624	163 237 201 292
625	15 264 104 289
626	86 33 258 266
627	229 198 88 291
628	193 192 127 282
629	186 55 98 245
630	106 167 149 136
631	34 77 130 89
632	124 99 150 207
633	187 32 88 138
634	186 246 258 46
635	199 147 52 28
636	195 229 72 35
637	205 34 232 52
638	253 257 296 215
639	47 179 268 158
640	22 165 246 298
641	8 109 281 96
642	205 69 200 157
643	270 85 101 69
644	228 64 112 168
645	200 269 188 277
646	212 108 137 55
647	217 109 175 279
648	102 166 148 175
649	78 285 5 46
650	189 207 224 133
651	188 44 29 298
652	130 273 158 115
653	68 277 241 163
654	139 21 145 159
655	258 208 280 107
656	73 106 121 181
657	18 251 104 21
658	156 6 107 108
659	140 138 191 166
660	90 293 297 234
661	271 82 47 102
662	142 218 183 81
663	151 272 102 227
664	201 259 53 279
665	240 55 197 174
666	272 258 232 33
667	145 23 35 33
668	83 110 46 209
669	73 2 36 41
670	13 183 279 266
671	228 81 192 220
672	10 234 191 256
673	275 5 53 205
674	180 155 113 105
675	263 82 192 48
676	284 174 295 37
677	217 251 108 115
678	288 3 225 43
679	41 236 218 46
680	142 226 130 190
681	152 158 145 188
682	29 217 3 132
683	266 1 186 21
684	210 283 281 154
685	24 208 281 57
686	283 287 244 54
687	79 152 234 93
688	39 120 102 116
689	139 158 28 252
690	48 274 56 101
691	131 269 5 134
692	66 295 241 240
693	128 210 139 239
694	142 178 174 247
695	170 257 187 37
696	268 202 237 256
697	223 166 92 15
698	117 179 289 300
699	161 289 240 205
700	116 1 159 230
701	4 231 286 170
702	248 30 193 135
703	145 221 272 71
704	7 18 160 66
705	31 249 172 284
706	299 129 170 52
707	150 73 11 94
708	7 248 185 97
709	27 172 221 282
710	185 277 72 119
711	37 110 54 168
712	276 202 204 191
713	159 185 231 299
714	219 7 172 144
715	202 53 63 196
716	175 31 58 72
717	249 196 88 29
718	158 180 84 179
719	296 84 6 175
720	63 143 194 47
721	19 146 207 161
722	240 99 125 273
723	103 112 33 57
724	75 245 32 31
725	37 5 299 240
726	287 68 229 155
727	50 192 144 76
728	232 275 35 1
729	151 298 268 296
730	201 203 263 198
731	161 261 40 209
732	2 54 144 251
733	82 177 163 149
734	171 10 283 169
735	158 168 215 15
736	3 203 219 6
737	12 130 265 159
738	113 115 181 48
739	37 290 278 295
740	184 282 130 252
741	272 142 33 140
742	80 6 4 248
743	171 59 241 262
744	153 82 158 193
745	227 7 177 222
746	187 246 2 114
747	128 162 9 124
748	61 273 8 109
749	84 179 231 156
750	167 67 211 249
751	64 259 163 47
752	220 3 60 254
753	37 116 44 219
754	69 96 275 237
755	48 252 93 196
756	22 168 248 143
757	1 266 281 135
758	40 281 90 42
759	34 46 74 265
760	187 249 53 257
761	81 245 257 197
762	164 250 251 133
763	286 217 240 67
764	247 118 280 18
765	76 136 30 152
766	64 101 12 50
767	288 176 285 143
768	164 49 269 13
769	192 224 213 265
770	283 14 8 200
771	291 205 113 84
772	24 227 1 237
773	232 294 119 140
774	16 152 159 199
775	209 72 104 258
776	224 262 153 9
777	167 97 114 173
778	154 74 121 117
779	47 198 181 214
780	269 265 234 41
781	249 112 168 33
782	105 17 266 20
783	18 164 44 71
784	14 107 141 19
785	63 203 60 26
786	164 243 230 41
787	277 10 230 294
788	130 2 265 243
789	207 132 289 276
790	18 38 67 277
791	253 214 254 229
792	67 129 228 59
793	194 252 120 224
794	257 105 61 166
795	39 230 43 35
796	275 83 15 11
797	299 192 80 126
798	36 182 170 124
799	95 18 161 238
800	209 211 154 279
801	203 22 84 2
802	2 289 108 134
803	45 102 7 83
804	229 85 37 75
805	209 46 60 269
806	181 274 288 5
807	191 234 116 171
808	268 212 195 35
809	128 258 85 260
810	1 212 293 65
811	76 145 97 206
812	238 277 278 98
813	264 272 173 206
814	180 84 26 241
815	249 226 298 180
816	285 184 185 189
817	35 8 167 42
818	5 238 71 44
819	241 54 76 175
820	20 27 162 237
821	22 288 10 158
822	105 2 273 261
823	239 266 9 70
824	90 15 248 81
825	135 174 139 6
826	163 9 98 26
827	219 142 179 166
828	252 224 148 168
829	125 258 280 141
830	34 52 248 118
831	271 150 222 276
832	184 158 60 131
833	76 193 166 144
834	175 281 239 6
835	245 165 13 248
836	32 245 88 202
837	91 102 4 266
838	81 102 257 245
839	178 68 233 201
840	179 284 108 10
841	216 28 146 291
842	97 43 63 294
843	88 181 42 10
844	87 135 275 154
845	281 296 66 298
846	51 213 102 198
847	166 293 255 61
848	51 215 297 264
849	106 124 282 226
850	139 152 267 65
851	296 86 261 159
852	33 195 17 88
853	84 80 147 62
854	81 195 142 290
855	121 217 83 149
856	288 245 18 217
857	247 93 205 251
858	60 210 224 46
859	47 100 67 20
860	8 253 186 11
861	168 112 222 191
862	122 129 118 75
863	130 8 218 113
864	99 222 218 151
865	147 238 299 184
866	60 86 206 204
867	268 79 70 85
868	146 12 178 252
869	121 225 3 197
870	144 260 256 276
871	96 128 204 151
872	271 186 278 216
873	62 253 42 248
874	31 292 136 50
875	91 131 240 242
876	145 12 212 196
877	269 72 91 51
878	268 133 277 281
879	218 180 142 25
880	209 58 255 80
881	28 14 191 156
882	97 40 218 110
883	40 285 8 77
884	58 93 80 109
885	103 218 73 254
886	33 228 223 44
887	106 168 226 101
888	78 191 16 83
889	193 221 109 42
890	74 167 246 91
891	248 164 31 35
892	248 95 281 128
893	256 204 152 265
894	52 251 191 81
895	179 240 82 97
896	261 87 50 33
897	289 191 146 179
898	51 293 88 292
899	269 186 44 52
900	92 78 143 263
901	112 147 108 5
902	47 134 92 272
903	225 236 262 202
904	253 2 250 16
905	203 129 210 257
906	132 248 268 99
907	25 241 137 36
908	91 199 10 89
909	177 277 220 84
910	42 295 210 43
911	65 79 52 194
912	125 196 132 52
913	299 241 78 143
914	99 247 128 21
915	231 192 220 221
916	33 126 116 61
917	85 106 111 294
918	33 98 290 47
919	88 273 128 24
920	223 75 13 254
921	132 135 114 196
922	40 227 293 224
923	68 250 219 61
924	264 199 223 105
925	167 51 163 130
926	106 71 20 127
927	287 242 26 208
928	145 83 34 142
929	219 149 119 82
930	292 34 299 193
931	27 172 254 7
932	207 27 149 140
933	150 266 253 276
934	253 234 154 280
935	61 76 170 72
936	146 177 144 259
937	99 284 88 122
938	257 274 244 295
939	204 137 51 15
940	293 42 160 276
941	225 141 156 121
942	14 73 214 292
943	127 126 201 14
944	24 154 22 239
945	49 156 300 252
946	127 105 295 278
947	164 144 132 41
948	240 179 148 239
949	140 113 271 135
950	229 31 144 293
951	89 90 70 118
952	136 168 265 79
953	289 148 12 20
954	280 210 8 255
955	256 187 142 270
956	139 20 172 279
957	65 238 114 277
958	118 146 40 267
959	224 163 136 87
960	190 88 207 261
961	246 291 294 77
962	296 291 17 140
963	4 153 158 28
964	294 254 96 95
965	80 174 133 270
966	60 204 228 187
967	118 174 120 19
968	169 252 17 283
969	106 38 61 229
970	130 258 234 65
971	35 191 28 26
972	265 213 278 150
973	239 127 93 97
974	9 35 25 6
975	29 176 69 109
976	234 168 18 233
977	19 270 146 166
978	13 138 111 135
979	195 216 292 270
980	23 161 105 152
981	209 182 268 9
982	129 140 274 292
983	241 175 299 56
984	101 86 175 105
985	194 273 54 111
986	67 217 287 2
987	174 249 237 284
988	16 11 237 42
989	160 178 211 244
990	298 169 211 147
991	200 205 41 127
992	8 171 182 198
993	72 170 215 107
994	220 184 75 76
995	44 170 97 297
996	273 265 275 129
997	180 154 35 181
998	146 19 300 25
999	80 184 116 99
1000	163 297 274 100
1001	45 182 50 48
1002	211 53 47 216
1003	8 193 21 77
1004	126 123 30 281
1005	20 132 110 255
1006	1 26 240 195
1007	86 70 6 32
1008	191 111 175 286
1009	23 275 203 229
1010	99 76 251 43
1011	61 234 84 185
1012	40 133 92 95
1013	74 121 253 41
1014	216 225 149 138
1015	188 96 13 33
1016	181 81 44 249
1017	30 179 99 159
1018	162 161 241 298
1019	213 38 91 122
1020	180 67 131 247
1021	30 146 226 187
1022	44 276 15 118
1023	123 39 43 45
1024	227 50 28 145
1025	256 2 164 128
1026	139 283 147 250
1027	296 158 193 54
1028	219 15 229 18
1029	3 204 298 283
1030	195 36 296 100
1031	148 33 210 224
1032	109 87 10 259
1033	144 140 232 299
1034	45 47 42 233
1035	250 210 5 124
1036	10 55 248 64
1037	15 48 217 292
1038	283 79 220 145
1039	77 272 230 177
1040	11 115 38 77
1041	117 197 50 56
1042	137 146 165 221
1043	170 121 106 57
1044	27 219 264 54
1045	197 133 131 273
1046	195 203 160 49
1047	286 22 180 100
1048	106 156 164 102
1049	125 20 130 100
1050	66 62 210 148
1051	198 21 112 104
1052	10 281 123 3
1053	150 188 156 231
1054	192 272 257 211
1055	237 71 112 116
1056	127 83 54 104
1057	254 239 255 249
1058	151 149 283 105
1059	278 87 10 94
1060	154 30 4 286
1061	252 98 65 262
1062	142 296 257 108
1063	246 129 176 5
1064	213 15 239 247
1065	226 185 186 267
1066	140 222 85 260
1067	221 257 125 3
1068	117 207 53 222
1069	5 127 215 97
1070	241 75 60 242
1071	124 22 276 111
1072	66 298 83 178
1073	102 67 152 149
1074	147 245 14 104
1075	206 290 142 118
1076	127 103 42 58
1077	288 262 297 183
1078	252 189 236 104
1079	60 300 73 149
1080	134 43 85 164
1081	140 134 194 160
1082	33 3 105 133
1083	243 12 264 77
1084	215 125 281 207
1085	6 156 284 244
1086	260 231 38 144
1087	181 195 127 177
1088	131 3 243 137
1089	276 70 72 200
1090	68 289 163 96
1091	176 266 267 150
1092	174 72 156 274
1093	239 264 229 251
1094	77 143 276 97
1095	150 266 113 265
1096	169 41 296 73
1097	277 269 180 175
1098	26 73 17 289
1099	98 244 209 89
1100	85 178 126 95
1101	126 140 243 69
1102	171 2 100 125
1103	129 289 253 218
1104	127 30 221 82
1105	99 43 29 296
1106	171 291 64 27
1107	117 24 239 211
1108	78 261 150 246
1109	248 45 216 4
1110	44 204 138 113
1111	289 45 141 104
1112	123 145 223 30
1113	23 108 147 273
1114	77 14 141 54
1115	231 88 257 54
1116	50 137 78 81
1117	146 1 28 31
1118	226 98 144 275
1119	182 144 180 230
1120	132 83 66 70
1121	102 203 31 252
1122	230 135 184 31
1123	148 50 177 164
1124	120 249 64 33
1125	34 57 97 223
1126	229 20 298 215
1127	255 47 100 124
1128	108 86 9 113
1129	274 88 130 36
1130	268 37 115 266
1131	122 55 38 262
1132	150 254 252 244
1133	256 111 13 154
1134	111 278 23 208
1135	236 31 106 271
1136	141 281 170 193
1137	98 175 174 51
1138	10 280 12 21
1139	235 197 119 232
1140	289 221 173 158
1141	132 36 212 117
1142	102 232 147 29
1143	254 49 297 147
1144	230 29 4 85
1145	47 138 29 299
1146	115 66 117 57
1147	84 203 4 190
1148	293 97 122 148
1149	244 261 247 101
1150	235 32 184 294
1151	34 123 11 211
1152	86 90 112 117
1153	30 154 209 159
1154	129 216 260 226
1155	138 46 87 168
1156	280 151 199 216
1157	262 81 291 149
1158	43 167 164 226
1159	49 252 198 44
1160	289 250 26 68
1161	127 107 63 66
1162	97 63 6 126
1163	179 288 176 181
1164	157 127 26 240
1165	204 86 226 88
1166	234 286 254 7
1167	26 35 158 226
1168	18 285 211 296
1169	39 82 127 279
1170	80 76 204 257
1171	203 280 122 101
1172	149 118 153 186
1173	191 168 81 273
1174	254 289 100 120
1175	292 15 213 185
1176	216 43 139 131
1177	88 72 68 60
1178	33 76 275 106
1179	247 249 177 208
1180	228 46 225 56
1181	272 287 2 276
1182	70 286 238 86
1183	199 36 50 121
1184	96 298 37 48
1185	148 254 257 232
1186	45 95 119 37
1187	185 167 90 27
1188	134 256 78 137
1189	155 116 71 61
1190	88 114 43 246
1191	175 62 128 174
1192	156 269 39 137
1193	220 32 164 271
1194	196 133 9 250
1195	275 179 94 37
1196	265 161 141 85
1197	269 82 121 131
1198	42 107 173 90
1199	142 126 234 75
1200	225 146 227 64
1201	203 286 47 19
1202	150 181 76 6
1203	24 122 220 197
1204	72 203 106 105
1205	146 56 180 35
1206	72 121 172 201
1207	218 65 38 199
1208	197 121 213 4
1209	57 25 29 126
1210	110 88 122 244
1211	15 99 184 252
1212	117 84 218 181
1213	241 24 170 193
1214	250 276 88 194
1215	263 74 10 252
1216	4 261 227 295
1217	190 216 13 184
1218	7 6 221 166
1219	267 157 12 158
1220	148 20 239 180
1221	172 196 228 271
1222	212 242 243 272
1223	223 137 132 274
1224	174 178 247 251
1225	124 219 290 91
1226	61 66 152 209
1227	44 114 32 179
1228	230 62 129 117
1229	113 112 286 275
1230	238 242 215 267
1231	214 289 161 173
1232	128 138 22 195
1233	99 191 285 8
1234	162 41 217 191
1235	200 285 102 215
1236	293 36 207 99
1237	86 177 272 300
1238	28 13 181 212
1239	198 50 104 70
1240	62 174 145 262
1241	53 295 96 242
1242	35 37 292 243
1243	84 260 11 289
1244	36 260 24 114
1245	15 90 175 293
1246	131 66 264 186
1247	9 183 141 84
1248	268 34 126 14
1249	34 188 173 20
1250	17 266 262 209
1251	259 89 7 274
1252	251 167 14 116
1253	89 11 123 276
1254	173 8 143 194
1255	160 33 144 20
1256	139 132 205 223
1257	90 101 181 224
1258	58 193 44 101
1259	111 108 174 2
1260	116 64 245 70
1261	115 24 277 35
1262	80 272 224 11
1263	193 160 1 16
1264	40 162 74 98
1265	106 216 68 26
1266	149 84 163 8
1267	183 136 249 23
1268	205 254 144 116
1269	190 133 127 227
1270	34 53 35 11
1271	138 189 101 19
1272	76 82 130 264
1273	78 296 57 113
1274	300 252 105 276
1275	270 31 195 168
1276	171 22 214 260
1277	12 268 157 117
1278	36 27 18 100
1279	297 22 25 216
1280	135 203 117 58
1281	233 103 176 72
1282	210 109 140 103
1283	127 290 255 86
1284	192 96 168 186
1285	74 259 273 156
1286	113 114 298 92
1287	289 169 190 174
1288	118 24 77 236
1289	269 14 153 43
1290	242 262 286 149
1291	35 288 208 249
1292	77 157 115 74
1293	91 246 221 156
1294	116 69 4 110
1295	94 155 144 160
1296	6 97 231 280
1297	284 265 274 8
1298	52 5 181 125
1299	39 23 267 192
1300	259 156 146 236
1301	250 103 29 61
1302	34 197 174 9
1303	98 10 198 214
1304	22 78 17 129
1305	294 215 154 139
1306	39 245 255 241
1307	234 40 167 122
1308	274 73 58 23
1309	248 226 150 76
1310	223 68 236 45
1311	160 9 94 270
1312	151 62 43 38
1313	23 245 297 286
1314	74 2 163 83
1315	161 285 159 32
1316	245 32 268 24
1317	166 228 270 290
1318	181 205 224 237
1319	261 24 276 255
1320	38 275 200 218
1321	5 146 286 227
1322	174 159 15 149
1323	140 133 194 80
1324	149 45 174 233
1325	35 209 227 248
1326	245 268 169 69
1327	179 123 207 40
1328	51 157 101 105
1329	250 148 66 252
1330	247 181 62 206
1331	218 44 116 282
1332	292 124 102 10
1333	42 240 185 129
1334	32 207 116 193
1335	131 170 191 256
1336	16 291 181 113
1337	220 246 255 115
1338	276 279 193 19
1339	159 201 136 263
1340	165 19 99 12
1341	14 3 225 66
1342	98 15 30 268
1343	155 83 231 270
1344	21 132 16 13
1345	272 56 144 116
1346	181 150 277 194
1347	39 171 224 124
1348	12 221 213 158
1349	259 94 171 44
1350	50 22 295 158
1351	288 293 30 92
1352	79 9 101 219
1353	265 134 255 118
1354	154 16 290 94
1355	46 83 168 169
1356	194 24 196 173
1357	273 163 207 139
1358	257 156 196 192
1359	136 19 261 134
1360	246 289 187 241
1361	125 58 5 155
1362	279 248 54 262
1363	212 131 239 130
1364	271 254 40 212
1365	55 149 257 297
1366	253 293 184 210
1367	111 135 236 251
1368	280 284 175 129
1369	135 133 76 86
1370	33 156 17 185
1371	193 74 27 170
1372	174 30 165 228
1373	72 242 152 158
1374	120 103 281 47
1375	197 5 194 122
1376	68 6 263 272
1377	158 207 281 125
1378	26 132 113 106
1379	28 285 177 2
1380	14 133 289 257
1381	64 2 189 130
1382	260 15 25 72
1383	249 189 140 263
1384	6 201 32 77
1385	36 136 297 229
1386	280 245 65 121
1387	119 170 169 295
1388	295 88 32 294
1389	139 254 299 239
1390	154 242 23 271
1391	113 243 280 246
1392	45 19 165 235
1393	144 242 138 11
1394	228 163 193 26
1395	13 247 1 12
1396	207 54 134 208
1397	72 56 224 235
1398	84 134 92 9
1399	252 22 296 101
1400	153 44 18 226
1401	220 210 277 247
1402	79 81 226 158
1403	4 146 223 28
1404	142 219 136 276
1405	267 232 204 262
1406	119 153 110 21
1407	127 284 151 149
1408	187 78 223 285
1409	215 181 54 68
1410	88 76 235 186
1411	78 207 133 7
1412	39 178 32 84
1413	86 141 42 218
1414	59 111 218 47
1415	154 243 102 173
1416	221 212 242 48
1417	45 140 40 233
1418	281 41 29 180
1419	207 46 186 58
1420	264 194 288 101
1421	187 84 30 99
1422	198 77 287 163
1423	287 26 188 102
1424	4 174 190 186
1425	7 265 48 121
1426	172 36 209 258
1427	5 218 78 139
1428	118 183 6 63
1429	35 181 270 121
1430	34 193 42 243
1431	91 229 80 205
1432	238 87 149 13
1433	118 81 176 219
1434	52 67 198 146
1435	9 70 254 237
1436	281 289 252 173
1437	289 157 31 143
1438	71 187 165 190
1439	55 260 113 270
1440	197 131 272 229
1441	39 125 155 71
1442	180 246 60 72
1443	154 253 113 139
1444	294 177 152 40
1445	288 261 149 82
1446	298 35 266 126
1447	28 36 12 140
1448	218 269 106 58
1449	138 206 41 167
1450	89 28 52 138
1451	12 192 289 11
1452	86 295 75 193
1453	29 34 233 151
1454	52 53 71 34
1455	112 20 262 236
1456	199 216 276 16
1457	240 68 280 107
1458	239 262 190 124
1459	65 273 152 164
1460	290 132 51 5
1461	218 172 132 154
1462	5 296 91 209
1463	237 40 276 136
1464	274 83 77 280
1465	107 250 109 181
1466	110 255 164 242
1467	188 275 125 10
1468	231 190 282 226
1469	152 108 81 137
1470	288 113 253 105
1471	49 102 144 198
1472	49 146 189 9
1473	250 139 287 269
1474	84 114 53 83
1475	198 125 190 264
1476	20 223 172 107
1477	138 164 74 130
1478	152 173 77 214
1479	275 132 6 1
1480	126 124 242 25
1481	175 269 290 181
1482	257 176 34 75
1483	48 124 197 84
1484	282 145 232 226
1485	158 188 191 247
1486	285 253 59 242
1487	299 152 26 261
1488	137 208 128 38
1489	18 286 288 91
1490	85 64 207 114
1491	205 123 169 100
1492	246 290 118 147
1493	262 141 140 20
1494	48 195 21 229
1495	285 223 39 93
1496	90 155 254 299
1497	294 221 148 300
1498	127 221 35 151
1499	158 277 266 222
1500	97 33 234 39
1501	163 14 239 236
1502	171 214 262 206
1503	86 94 134 187
1504	284 215 19 39
1505	226 120 209 124
1506	262 288 269 193
1507	14 278 280 50
1508	214 95 108 38
1509	132 84 158 161
1510	122 189 183 199
1511	122 8 106 276
1512	248 39 159 9
1513	90 164 272 147
1514	79 83 71 29
1515	165 70 145 102
1516	289 171 122 124
1517	35 109 299 218
1518	94 3 275 239
1519	206 214 12 193
1520	84 289 19 295
1521	196 21 271 226
1522	274 165 73 231
1523	36 26 121 190
1524	103 20 287 48
1525	88 100 173 260
1526	145 216 177 35
1527	122 284 113 136
1528	238 152 125 148
1529	16 23 267 55
1530	249 75 7 192
1531	28 41 222 125
1532	292 209 118 261
1533	170 288 203 258
1534	204 285 187 230
1535	292 54 192 96
1536	275 257 138 252
1537	26 126 299 143
1538	235 170 154 176
1539	268 153 298 294
1540	100 39 131 125
1541	213 163 257 274
1542	152 291 285 49
1543	146 116 147 255
1544	162 299 45 70
1545	82 99 41 77
1546	264 124 67 142
1547	130 192 267 280
1548	134 137 61 277
1549	202 11 160 177
1550	122 12 89 173
1551	27 202 194 124
1552	18 193 231 13
1553	174 209 202 186
1554	48 265 109 268
1555	171 90 32 195
1556	42 266 232 294
1557	223 14 233 162
1558	287 4 225 209
1559	198 116 237 157
1560	272 118 290 182
1561	118 121 145 185
1562	200 184 276 49
1563	39 118 145 67
1564	295 298 240 200
1565	131 63 220 100
1566	263 31 129 196
1567	93 65 60 298
1568	290 209 18 38
1569	129 104 251 34
1570	163 179 34 298
1571	6 299 60 132
1572	94 299 201 287
1573	168 122 30 288
1574	95 101 260 294
1575	60 230 183 110
1576	117 32 47 46
1577	23 152 190 162
1578	193 267 234 112
1579	260 31 125 86
1580	279 188 201 267
1581	286 107 72 146
1582	268 55 154 16
1583	51 42 230 26
1584	73 100 159 40
1585	203 199 146 16
1586	29 232 45 54
1587	228 193 275 134
1588	262 3 215 40
1589	137 22 110 96
1590	292 251 277 140
1591	207 296 74 298
1592	176 184 237 170
1593	83 69 45 174
1594	132 246 167 288
1595	165 65 56 106
1596	264 36 31 101
1597	162 204 102 197
1598	215 214 30 265
1599	187 169 288 158
1600	119 261 106 63
1601	84 201 242 74
1602	214 121 160 139
1603	57 23 147 72
1604	278 82 238 253
1605	39 27 167 163
1606	111 176 146 249
1607	92 79 271 73
1608	263 48 203 267
1609	172 21 205 219
1610	19 37 253 101
1611	204 255 125 210
1612	126 53 221 65
1613	41 15 133 33
1614	96 276 38 287
1615	136 41 186 25
1616	196 287 235 121
1617	172 83 162 291
1618	113 194 267 169
1619	15 146 114 91
1620	157 10 219 34
1621	50 15 9 127
1622	120 262 149 77
1623	109 278 267 275
1624	103 207 178 289
1625	218 59 140 244
1626	111 150 21 23
1627	280 289 186 207
1628	31 57 96 292
1629	276 177 43 149
1630	280 145 140 217
1631	285 10 44 253
1632	1 40 149 230
1633	286 202 176 3
1634	221 83 155 36
1635	51 62 47 216
1636	239 252 65 17
1637	242 94 205 287
1638	18 152 288 299
1639	29 14 235 287
1640	13 227 36 154
1641	145 13 44 228
1642	224 227 231 7
1643	234 66 32 217
1644	80 231 88 61
1645	152 151 245 240
1646	137 223 129 243
1647	55 24 245 153
1648	195 52 198 252
1649	290 264 281 283
1650	129 234 60 128
1651	233 197 32 94
1652	48 287 149 288
1653	137 114 283 107
1654	96 267 46 213
1655	86 200 245 6
1656	120 160 44 238
1657	226 76 131 47
1658	24 5 39 243
1659	143 242 210 233
1660	138 128 110 167
1661	52 181 189 64
1662	126 121 165 94
1663	229 278 247 261
1664	161 107 102 259
1665	29 144 190 224
1666	172 219 1 298
1667	71 108 239 208
1668	79 20 260 140
1669	293 187 249 133
1670	297 148 219 198
1671	8 294 213 246
1672	289 126 142 247
1673	99 141 281 63
1674	229 91 104 192
1675	31 200 297 69
1676	85 182 121 62
1677	137 104 159 238
1678	268 7 131 221
1679	282 70 182 63
1680	275 165 233 92
1681	286 285 22 244
1682	215 291 259 238
1683	206 13 82 147
1684	106 227 104 177
1685	79 144 235 6
1686	15 182 277 63
1687	217 253 180 176
1688	276 75 189 253
1689	236 27 256 228
1690	279 123 212 287
1691	227 161 102 149
1692	143 113 118 197
1693	93 152 256 297
1694	300 261 80 3
1695	258 277 61 46
1696	172 164 222 244
1697	239 284 106 100
1698	270 239 143 75
1699	24 199 257 88
1700	284 62 73 238
1701	238 224 15 300
1702	56 115 199 58
1703	154 283 26 197
1704	184 203 285 263
1705	293 79 296 166
1706	209 217 128 44
1707	3 189 80 206
1708	298 176 37 171
1709	181 4 195 266
1710	112 217 53 193
1711	265 264 174 34
1712	234 9 31 95
1713	267 31 289 254
1714	272 170 110 74
1715	85 152 191 32
1716	150 225 191 220
1717	178 113 160 115
1718	232 72 125 24
1719	31 168 139 275
1720	299 266 152 248
1721	89 262 196 59
1722	155 220 234 195
1723	178 270 296 31
1724	79 44 131 275
1725	60 154 269 61
1726	97 280 213 265
1727	24 228 146 256
1728	103 130 135 77
1729	120 38 98 99
1730	74 100 192 110
1731	112 171 198 290
1732	88 81 77 160
1733	285 48 195 128
1734	197 11 64 75
1735	257 152 66 140
1736	98 171 100 233
1737	65 235 246 111
1738	229 133 94 96
1739	166 68 295 208
1740	171 222 105 90
1741	50 287 175 72
1742	220 143 40 286
1743	28 178 92 284
1744	3 260 162 46
1745	169 161 111 210
1746	284 109 55 65
1747	110 242 167 256
1748	190 84 111 191
1749	120 11 58 158
1750	289 162 54 103
1751	237 171 28 42
1752	256 173 13 95
1753	157 90 175 298
1754	32 293 76 247
1755	91 144 131 225
1756	234 250 4 205
1757	93 31 80 241
1758	18 184 137 176
1759	255 182 210 58
1760	13 179 289 112
1761	159 176 45 292
1762	219 267 35 16
1763	78 171 257 210
1764	143 237 233 81
1765	218 126 159 7
1766	295 12 36 251
1767	167 245 69 60
1768	178 194 282 298
1769	152 136 300 208
1770	99 105 43 295
1771	123 278 113 297
1772	193 161 59 192
1773	153 20 58 27
1774	62 84 219 35
1775	123 288 59 174
1776	187 125 264 28
1777	238 181 157 208
1778	142 58 23 259
1779	178 213 87 96
1780	185 294 261 29
1781	291 45 110 239
1782	34 71 195 24
1783	170 164 81 38
1784	22 61 154 44
1785	155 81 220 193
1786	29 30 182 55
1787	95 118 86 7
1788	287 161 1 119
1789	4 192 259 69
1790	296 295 181 12
1791	135 122 251 172
1792	140 186 237 199
1793	228 258 124 160
1794	226 105 22 267
1795	63 148 233 120
1796	91 115 84 103
1797	133 196 26 52
1798	212 216 91 183
1799	188 124 225 84
1800	270 233 297 174
1801	178 136 102 274
1802	57 158 28 156
1803	12 263 259 222
1804	95 267 288 171
1805	1 135 10 206
1806	273 142 292 48
1807	102 105 196 133
1808	224 131 177 290
1809	215 118 80 280
1810	285 298 75 204
1811	188 161 194 240
1812	270 279 81 227
1813	100 239 257 130
1814	265 224 115 248
1815	54 216 44 173
1816	220 9 131 37
1817	204 90 25 283
1818	158 86 130 189
1819	269 137 288 146
1820	56 255 278 30
1821	38 106 211 88
1822	58 75 182 88
1823	187 91 70 299
1824	298 74 228 21
1825	29 146 125 235
1826	176 239 40 266
1827	11 160 192 251
1828	217 99 223 130
1829	159 230 54 295
1830	184 30 297 252
1831	289 18 160 284
1832	159 231 155 277
1833	109 94 40 97
1834	229 39 67 104
1835	96 11 253 258
1836	111 179 264 148
1837	90 267 2 28
1838	266 7 258 47
1839	28 240 245 229
1840	187 180 203 115
1841	288 76 199 145
1842	229 211 124 299
1843	45 266 209 106
1844	151 41 253 66
1845	221 97 33 242
1846	10 133 132 212
1847	52 84 199 208
1848	154 150 258 239
1849	37 231 168 128
1850	115 278 204 265
1851	8 35 184 13
1852	290 267 274 81
1853	167 44 263 28
1854	34 152 70 101
1855	137 42 170 31
1856	34 141 189 60
1857	44 262 172 291
1858	156 237 178 8
1859	277 100 98 272
1860	86 29 212 12
1861	191 152 8 184
1862	113 71 175 242
1863	190 3 165 115
1864	4 156 209 270
1865	22 35 120 82
1866	259 121 194 10
1867	259 69 50 42
1868	239 275 193 272
1869	68 216 256 118
1870	63 244 270 161
1871	88 160 104 127
1872	185 270 213 190
1873	35 282 277 112
1874	259 216 186 151
1875	111 115 169 159
1876	121 123 15 139
1877	59 104 50 288
1878	275 72 45 77
1879	241 251 131 26
1880	7 18 146 248
1881	22 48 140 264
1882	16 199 91 29
1883	224 82 113 290
1884	148 259 239 212
1885	243 85 171 151
1886	103 261 236 165
1887	92 76 72 234
1888	162 135 198 250
1889	43 246 227 219
1890	175 59 75 225
1891	116 247 161 53
1892	200 52 170 138
1893	68 162 218 102
1894	299 49 282 250
1895	4 247 256 134
1896	96 201 67 204
1897	208 296 29 150
1898	162 267 22 151
1899	200 3 164 36
1900	266 261 87 175
1901	46 48 22 61
1902	41 51 125 55
1903	84 28 271 158
1904	173 134 137 251
1905	131 284 70 236
1906	144 135 216 131
1907	260 289 87 181
1908	130 62 61 120
1909	50 241 140 255
1910	115 72 275 159
1911	3 209 292 98
1912	292 226 139 157
1913	88 136 51 207
1914	213 91 88 194
1915	45 207 174 86
1916	259 19 268 67
1917	151 100 145 85
1918	132 21 230 254
1919	65 28 110 168
1920	32 254 202 31
1921	139 109 63 212
1922	187 279 51 174
1923	15 204 188 94
1924	223 300 55 256
1925	19 221 145 116
1926	62 211 65 196
1927	249 250 40 262
1928	266 275 92 227
1929	40 266 17 169
1930	210 20 260 73
1931	268 11 39 254
1932	109 158 209 150
1933	186 275 292 90
1934	215 270 289 245
1935	77 143 240 186
1936	276 34 206 117
1937	24 295 21 84
1938	128 269 112 96
1939	277 153 194 39
1940	103 54 198 171
1941	267 237 202 68
1942	145 99 179 254
1943	137 228 115 146
1944	34 286 274 14
1945	274 161 19 29
1946	49 69 287 93
1947	210 243 292 35
1948	152 91 87 191
1949	158 270 181 151
1950	203 96 242 225
1951	198 216 249 170
1952	72 36 37 42
1953	66 298 170 276
1954	2 124 121 76
1955	279 275 117 39
1956	18 147 81 99
1957	58 97 23 189
1958	195 70 111 223
1959	42 28 163 266
1960	263 49 85 183
1961	196 54 206 162
1962	40 229 265 2
1963	101 66 184 269
1964	112 50 294 117
1965	227 12 156 78
1966	65 181 7 225
1967	86 245 266 168
1968	47 175 292 157
1969	113 251 3 21
1970	32 3 278 175
1971	20 2 277 131
1972	262 240 285 124
1973	46 77 185 215
1974	39 153 204 54
1975	145 34 23 9
1976	271 243 203 171
1977	145 108 31 37
1978	198 87 17 11
1979	43 224 299 93
1980	154 85 33 227
1981	130 57 74 140
1982	85 234 174 166
1983	72 193 15 292
1984	178 177 19 3
1985	226 70 12 67
1986	137 35 158 120
1987	123 225 275 226
1988	108 280 79 42
1989	126 239 231 29
1990	47 120 232 111
1991	38 77 233 78
1992	199 77 242 164
1993	118 214 161 293
1994	93 273 211 50
1995	173 189 267 42
1996	227 197 99 121
1997	175 293 31 87
1998	285 223 149 251
1999	295 243 144 171
2000	204 117 113 179
2001	39 47 35 136
2002	120 153 170 249
2003	223 34 44 102
2004	184 226 248 281
2005	160 215 35 75
2006	292 11 284 254
2007	280 171 102 28
2008	255 118 100 157
2009	72 182 259 98
2010	281 73 258 293
2011	297 198 157 125
2012	78 257 37 95
2013	208 213 261 50
2014	223 187 268 238
2015	198 214 32 262
2016	110 127 196 81
2017	298 19 71 242
2018	297 100 124 148
2019	135 79 60 127
2020	157 281 175 189
2021	272 36 38 88
2022	137 215 198 145
2023	117 54 69 36
2024	82 162 279 296
2025	290 134 271 210
2026	228 192 259 200
2027	49 140 70 238
2028	293 175 216 160
2029	166 210 9 69
2030	124 88 281 213
2031	263 181 248 78
2032	176 69 223 274
2033	115 274 145 59
2034	97 111 215 259
2035	39 235 166 205
2036	143 145 235 112
2037	49 50 4 297
2038	249 79 243 235
2039	95 154 248 23
2040	8 97 2 64
2041	121 78 191 100
2042	96 208 91 27
2043	84 227 257 90
2044	257 130 71 62
2045	286 88 242 252
2046	252 58 53 211
2047	157 165 206 228
2048	233 33 128 50
2049	73 122 258 43
2050	126 39 73 79
2051	133 111 160 26
2052	203 29 280 43
2053	73 260 196 21
2054	290 30 283 72
2055	118 199 8 150
2056	1 117 116 260
2057	169 66 167 197
2058	297 292 104 149
2059	143 89 11 208
2060	165 90 88 142
2061	89 90 46 284
2062	147 259 41 129
2063	116 271 49 123
2064	196 95 192 186
2065	138 62 98 271
2066	232 244 161 283
2067	217 97 45 9
2068	27 161 45 141
2069	43 173 186 258
2070	20 3 92 261
2071	172 190 214 253
2072	57 217 284 77
2073	218 242 300 103
2074	33 216 111 193
2075	91 144 178 271
2076	8 75 235 96
2077	249 297 132 60
2078	50 117 217 79
2079	242 204 248 152
2080	205 142 31 253
2081	226 222 281 96
2082	43 154 170 277
2083	221 104 150 236
2084	281 107 176 222
2085	196 63 270 141
2086	212 65 274 237
2087	124 283 162 289
2088	254 90 278 94
2089	205 272 5 283
2090	177 213 31 252
2091	122 22 79 49
2092	45 163 295 225
2093	250 51 1 29
2094	159 300 281 221
2095	12 275 221 287
2096	123 194 150 73
2097	113 271 290 147
2098	168 111 40 99
2099	168 68 286 84
2100	238 282 31 45
2101	78 237 148 29
2102	250 4 275 6
2103	206 63 29 128
2104	11 73 25 244
2105	276 14 41 146
2106	222 258 72 239
2107	108 230 173 269
2108	204 214 261 12
2109	104 188 246 290
2110	180 281 116 255
2111	254 106 118 292
2112	125 57 287 51
2113	189 268 155 46
2114	46 275 248 92
2115	225 64 25 260
2116	276 73 208 192
2117	30 299 291 170
2118	157 232 282 76
2119	258 291 35 216
2120	6 37 144 140
2121	30 260 80 238
2122	113 14 109 108
2123	152 45 270 242
2124	198 221 59 90
2125	44 83 92 208
2126	181 113 262 93
2127	109 202 160 273
2128	70 290 52 267
2129	197 171 124 90
2130	68 75 72 171
2131	264 169 195 65
2132	13 275 15 157
2133	299 174 98 134
2134	63 167 54 276
2135	124 296 76 287
2136	279 87 166 53
2137	222 28 153 286
2138	281 268 185 67
2139	110 180 215 153
2140	133 64 152 291
2141	29 178 47 287
2142	285 87 270 212
2143	188 239 50 298
2144	298 248 26 290
2145	123 224 179 170
2146	259 150 154 257
2147	236 57 290 107
2148	10 243 232 156
2149	199 28 136 128
2150	120 277 231 189
2151	143 160 287 269
2152	81 126 125 58
2153	258 244 287 240
2154	195 205 220 183
2155	32 45 213 18
2156	219 57 227 274
2157	195 112 190 142
2158	66 236 246 125
2159	219 43 112 264
2160	242 203 83 123
2161	225 116 44 54
2162	96 232 195 161
2163	83 223 138 251
2164	261 192 140 100
2165	35 29 44 119
2166	274 115 255 32
2167	216 120 17 53
2168	100 119 275 185
2169	8 99 97 225
2170	126 21 240 100
2171	266 171 103 291
2172	59 75 232 282
2173	121 255 33 112
2174	204 119 170 157
2175	289 65 117 134
2176	124 62 155 122
2177	23 118 206 273
2178	46 205 152 291
2179	300 154 175 117
2180	206 132 28 224
2181	256 276 64 20
2182	151 132 88 46
2183	254 91 69 195
2184	154 37 242 205
2185	171 231 145 264
2186	31 114 95 291
2187	111 70 34 1
2188	158 201 173 85
2189	140 238 122 27
2190	25 41 228 298
2191	284 202 19 287
2192	160 147 121 125
2193	179 196 299 93
2194	293 289 230 279
2195	142 240 259 79
2196	230 62 184 29
2197	259 249 16 289
2198	146 248 141 149
2199	3 42 69 262
2200	101 2 155 73
2201	19 149 277 217
2202	295 203 290 272
2203	48 162 50 137
2204	120 37 175 265
2205	164 100 299 109
2206	67 131 89 242
2207	82 293 21 95
2208	89 201 9 227
2209	184 226 263 109
2210	191 199 287 52
2211	241 204 210 159
2212	155 198 125 189
2213	157 30 231 204
2214	4 80 42 161
2215	133 46 12 164
2216	28 129 11 261
2217	220 115 145 8
2218	208 12 198 18
2219	75 112 70 49
2220	259 145 110 85
2221	115 116 187 104
2222	90 10 93 126
2223	62 58 249 171
2224	241 45 199 48
2225	221 243 12 241
2226	155 270 275 265
2227	144 224 273 279
2228	196 154 180 15
2229	130 126 187 262
2230	187 227 183 71
2231	293 254 297 52
2232	40 31 9 233
2233	90 5 94 241
2234	72 23 121 293
2235	214 201 280 117
2236	126 239 143 139
2237	200 261 38 128
2238	225 248 272 263
2239	157 147 256 152
2240	243 193 169 132
2241	258 186 238 255
2242	31 220 164 112
2243	178 140 192 73
2244	2 226 7 240
2245	141 10 110 123
2246	15 106 277 192
2247	67 62 195 95
2248	290 131 271 272
2249	215 269 71 194
2250	123 251 206 70
2251	141 199 251 260
2252	127 286 100 47
2253	160 199 183 293
2254	232 121 192 272
2255	132 252 111 283
2256	18 162 167 26
2257	289 269 21 90
2258	298 199 18 142
2259	239 27 78 52
2260	210 202 218 214
2261	249 248 221 84
2262	283 104 273 124
2263	184 226 227 276
2264	24 198 65 93
2265	243 117 257 89
2266	88 41 226 280
2267	234 89 124 173
2268	24 3 133 6
2269	101 156 274 94
2270	64 205 169 166
2271	72 12 255 148
2272	44 153 6 293
2273	187 159 31 88
2274	13 236 180 300
2275	138 296 49 206
2276	139 21 34 59
2277	125 234 191 28
2278	23 73 274 114
2279	215 122 150 225
2280	222 80 292 212
2281	195 204 173 31
2282	171 248 288 234
2283	143 151 108 298
2284	138 213 130 218
2285	110 285 39 13
2286	19 20 9 139
2287	104 266 189 257
2288	158 216 150 276
2289	203 109 220 225
2290	223 287 4 248
2291	222 169 160 187
2292	117 8 245 75
2293	74 106 27 245
2294	202 82 263 172
2295	42 298 151 199
2296	59 69 293 297
2297	282 97 202 63
2298	22 122 186 23
2299	90 12 285 188
2300	47 138 64 178
2301	86 3 90 173
2302	25 281 250 28
2303	196 27 86 94
2304	238 266 180 278
2305	142 230 114 266
2306	109 74 11 112
2307	138 79 9 4
2308	126 23 49 150
2309	237 284 233 44
2310	273 94 198 229
2311	261 22 138 106
2312	148 172 115 37
2313	269 251 289 117
2314	6 227 108 201
2315	24 100 115 6
2316	290 289 116 68
2317	81 159 12 135
2318	41 220 272 206
2319	126 236 82 88
2320	24 143 115 39
2321	13 298 239 82
2322	59 272 31 99
2323	87 245 158 146
2324	69 259 2 62
2325	13 250 216 25
2326	278 286 171 271
2327	227 279 258 231
2328	216 258 61 229
2329	286 17 40 136
2330	279 139 190 212
2331	154 235 48 21
2332	2 258 88 51
2333	9 146 137 161
2334	219 65 56 16
2335	129 282 28 191
2336	56 233 164 264
2337	10 279 64 178
2338	138 271 83 201
2339	10 26 117 287
2340	233 265 142 266
2341	23 171 89 149
2342	224 110 57 51
2343	79 83 235 232
2344	274 231 75 138
2345	132 96 76 6
2346	182 184 48 169
2347	32 36 49 62
2348	129 246 9 57
2349	158 22 195 23
2350	108 54 7 279
2351	8 275 135 66
2352	143 260 21 211
2353	146 27 224 94
2354	281 168 112 235
2355	64 49 57 285
2356	180 289 271 165
2357	72 8 298 183
2358	15 252 30 222
2359	35 5 282 196
2360	147 116 297 50
2361	265 77 54 140
2362	24 209 99 146
2363	235 151 264 79
2364	231 96 167 267
2365	210 162 51 93
2366	215 126 52 64
2367	282 199 86 248
2368	166 261 183 124
2369	96 58 173 48
2370	198 193 236 288
2371	262 270 225 90
2372	197 87 88 62
2373	204 85 247 81
2374	268 261 194 169
2375	152 49 90 146
2376	205 194 19 218
2377	262 160 126 182
2378	122 30 17 48
2379	86 255 246 33
2380	105 72 120 147
2381	6 280 130 95
2382	101 300 86 123
2383	216 125 118 79
2384	239 159 296 98
2385	224 79 130 159
2386	266 161 260 273
2387	205 57 150 221
2388	220 131 175 115
2389	285 8 138 59
2390	162 293 269 145
2391	267 254 49 9
2392	206 42 14 196
2393	254 146 216 215
2394	117 187 133 75
2395	31 148 145 290
2396	200 265 62 55
2397	164 237 35 190
2398	186 244 113 226
2399	285 122 56 73
2400	12 103 159 49
2401	203 123 235 199
2402	135 273 62 138
2403	146 237 26 109
2404	132 158 251 174
2405	214 114 73 215
2406	30 117 223 140
2407	257 44 174 224
2408	287 105 135 49
2409	27 1 266 253
2410	160 81 211 68
2411	189 33 187 296
2412	300 94 171 215
2413	84 25 242 40
2414	31 129 164 174
2415	222 253 232 164
2416	153 272 222 59
2417	103 251 89 15
2418	101 179 51 145
2419	28 100 70 104
2420	136 205 207 2
2421	205 289 145 228
2422	128 12 72 38
2423	66 62 11 21
2424	237 44 292 134
2425	2 196 264 106
2426	80 76 91 125
2427	177 261 217 27
2428	91 265 29 76
2429	214 127 269 31
2430	3 57 287 290
2431	137 42 73 116
2432	3 165 44 203
2433	59 24 167 39
2434	160 230 206 30
2435	94 191 261 263
2436	6 210 15 163
2437	253 70 282 24
2438	88 226 64 141
2439	117 176 111 275
2440	32 161 3 65
2441	190 24 42 219
2442	122 86 119 99
2443	215 261 223 10
2444	93 17 217 133
2445	199 147 218 192
2446	299 157 17 178
2447	210 122 70 25
2448	106 60 134 142
2449	12 163 4 59
2450	35 89 87 30
2451	80 70 145 110
2452	212 293 9 287
2453	261 9 190 225
2454	230 217 32 264
2455	290 259 289 140
2456	159 195 122 145
2457	115 189 55 186
2458	264 26 139 67
2459	194 233 30 226
2460	273 138 84 237
2461	107 226 295 67
2462	66 166 16 260
2463	161 45 216 276
2464	16 151 267 298
2465	125 72 58 172
2466	179 136 117 194
2467	273 49 219 274
2468	116 209 40 115
2469	259 127 248 267
2470	267 63 20 117
2471	182 145 44 46
2472	208 296 141 177
2473	25 70 124 40
2474	203 54 70 270
2475	33 228 273 280
2476	231 57 96 71
2477	222 117 102 183
2478	172 279 191 94
2479	297 82 20 92
2480	74 54 268 100
2481	74 241 48 10
2482	152 229 248 62
2483	256 4 93 298
2484	147 76 214 8
2485	81 228 99 197
2486	167 155 96 51
2487	37 257 271 290
2488	236 270 62 145
2489	69 164 67 114
2490	24 268 253 234
2491	103 195 145 250
2492	64 110 49 1
2493	21 152 109 277
2494	74 271 285 58
2495	227 89 103 53
2496	266 199 282 205
2497	217 225 65 146
2498	73 54 191 222
2499	112 62 24 127
2500	153 281 196 47
2501	29 3 300 146
2502	208 56 222 85
2503	255 220 229 279
2504	116 107 254 78
2505	147 98 96 87
2506	36 195 75 67
2507	227 106 18 112
2508	101 280 73 209
2509	215 170 194 7
2510	149 205 247 112
2511	58 249 257 182
2512	54 285 207 297
2513	130 296 261 266
2514	46 143 34 42
2515	222 166 122 168
2516	222 261 97 91
2517	109 94 154 169
2518	191 145 217 208
2519	68 231 6 271
2520	150 275 175 284
2521	141 20 94 192
2522	90 146 268 24
2523	256 155 239 140
2524	113 217 197 195
2525	80 31 62 33
2526	199 3 70 139
2527	167 94 291 218
2528	78 217 112 259
2529	229 171 10 123
2530	264 269 20 275
2531	221 4 239 229
2532	81 52 224 222
2533	238 246 119 171
2534	242 25 78 148
2535	207 127 35 170
2536	263 295 177 158
2537	223 267 160 108
2538	166 248 181 153
2539	119 134 3 177
2540	103 229 293 151
2541	249 194 42 176
2542	140 296 11 56
2543	143 292 42 254
2544	41 218 127 157
2545	215 146 264 286
2546	16 114 43 138
2547	233 224 25 72
2548	123 20 59 233
2549	225 86 198 180
2550	14 94 132 225
2551	4 105 216 172
2552	89 81 66 26
2553	200 41 26 139
2554	155 227 14 251
2555	79 197 184 265
2556	246 100 21 184
2557	281 153 52 155
2558	57 282 300 206
2559	24 70 261 259
2560	113 100 70 254
2561	17 176 132 188
2562	25 238 192 113
2563	153 260 71 101
2564	78 70 251 166
2565	216 136 213 163
2566	12 119 201 107
2567	32 236 231 227
2568	199 227 7 4
2569	124 126 285 219
2570	22 210 272 290
2571	99 27 266 122
2572	65 219 125 228
2573	109 146 80 32
2574	295 218 294 2
2575	117 18 274 298
2576	190 246 277 94
2577	43 66 141 294
2578	9 276 125 178
2579	280 73 235 161
2580	135 281 141 203
2581	95 172 236 210
2582	232 127 219 155
2583	32 134 155 232
2584	292 204 147 158
2585	274 125 187 265
2586	73 121 166 256
2587	274 10 168 137
2588	266 178 65 123
2589	198 228 163 71
2590	33 216 285 176
2591	273 60 62 72
2592	35 51 36 107
2593	65 6 231 71
2594	157 168 105 127
2595	176 15 183 31
2596	281 242 9 213
2597	273 227 267 96
2598	220 245 241 39
2599	29 215 47 135
2600	126 46 228 41
2601	186 214 190 77
2602	224 112 156 300
2603	28 248 51 98
2604	200 185 101 10
2605	256 49 249 265
2606	161 158 253 109
2607	251 8 70 128
2608	141 270 30 263
2609	64 243 292 114
2610	192 65 40 52
2611	264 124 184 251
2612	103 256 84 54
2613	220 238 285 224
2614	43 256 69 33
2615	288 13 169 197
2616	3 15 253 36
2617	229 167 267 57
2618	97 244 138 231
2619	280 274 140 284
2620	262 242 206 3
2621	137 177 62 163
2622	161 297 101 244
2623	246 10 38 202
2624	299 183 147 45
2625	5 98 66 294
2626	28 270 139 52
2627	114 158 198 171
2628	186 50 240 229
2629	58 211 12 171
2630	47 76 222 217
2631	255 236 34 89
2632	148 46 9 226
2633	48 151 150 297
2634	11 140 16 266
2635	173 146 298 27
2636	242 95 131 278
2637	37 109 300 7
2638	128 219 277 126
2639	111 92 246 151
2640	39 280 287 292
2641	51 27 86 178
2642	41 142 28 107
2643	5 239 275 1
2644	252 58 227 137
2645	146 263 8 103
2646	13 3 82 48
2647	213 252 136 113
2648	184 87 141 245
2649	93 243 61 175
2650	36 193 52 143
2651	282 269 80 72
2652	143 226 68 101
2653	132 69 108 43
2654	27 21 129 249
2655	194 113 36 130
2656	270 297 291 195
2657	4 228 171 161
2658	86 130 143 168
2659	167 208 80 52
2660	56 169 229 77
2661	47 166 196 116
2662	192 237 238 209
2663	159 40 168 18
2664	27 258 55 206
2665	142 154 249 270
2666	26 61 57 165
2667	91 261 205 181
2668	123 106 134 244
2669	95 33 272 155
2670	87 263 298 77
2671	51 70 176 89
2672	117 250 17 134
2673	214 260 17 200
2674	158 82 219 107
2675	10 207 49 68
2676	193 294 299 157
2677	60 15 66 163
2678	96 72 152 171
2679	295 219 223 235
2680	262 187 130 29
2681	260 243 229 9
2682	229 211 26 102
2683	81 219 119 118
2684	220 122 59 95
2685	211 85 132 297
2686	128 68 107 172
2687	28 291 293 294
2688	253 243 224 18
2689	16 75 88 229
2690	49 179 42 24
2691	44 205 22 209
2692	217 291 30 251
2693	229 114 87 185
2694	50 27 140 129
2695	10 105 107 241
2696	185 17 159 265
2697	233 113 234 8
2698	267 52 203 79
2699	16 168 297 201
2700	139 45 2 152
2701	73 158 35 6
2702	208 260 12 97
2703	296 58 30 89
2704	152 256 215 39
2705	141 9 1 92
2706	297 237 195 245
2707	233 151 265 72
2708	32 36 187 63
2709	57 169 229 162
2710	292 192 226 169
2711	59 35 83 216
2712	285 99 245 45
2713	158 194 189 230
2714	9 91 227 201
2715	47 243 99 143
2716	45 261 94 182
2717	230 209 269 35
2718	254 161 222 176
2719	20 184 168 151
2720	298 4 219 20
2721	226 14 129 18
2722	201 237 151 80
2723	154 174 11 192
2724	90 249 246 224
2725	11 120 122 56
2726	235 169 122 219
2727	81 61 57 248
2728	280 269 140 227
2729	288 47 145 249
2730	253 81 257 202
2731	299 71 174 253
2732	31 209 197 257
2733	3 9 114 71
2734	162 132 65 216
2735	128 86 160 7
2736	163 61 22 74
2737	287 265 105 179
2738	196 266 58 165
2739	27 51 157 70
2740	225 61 57 224
2741	105 27 179 193
2742	36 204 275 48
2743	257 215 270 20
2744	219 268 283 232
2745	91 167 103 129
2746	54 29 286 53
2747	165 13 24 216
2748	71 226 4 194
2749	273 175 163 112
2750	85 248 289 265
2751	174 181 231 228
2752	235 60 16 8
2753	273 300 81 263
2754	176 276 261 245
2755	249 183 261 94
2756	286 161 117 159
2757	117 92 46 64
2758	81 74 233 58
2759	64 184 31 90
2760	231 47 298 227
2761	196 217 156 122
2762	290 139 11 138
2763	196 92 186 232
2764	46 24 240 96
2765	155 103 12 95
2766	20 217 38 221
2767	117 274 299 166
2768	222 74 191 213
2769	252 21 58 200
2770	204 84 291 266
2771	191 136 188 165
2772	40 109 159 37
2773	132 285 101 125
2774	147 19 7 215
2775	36 62 8 96
2776	195 290 268 13
2777	21 296 213 179
2778	252 82 26 66
2779	247 74 61 150
2780	116 207 297 203
2781	256 269 180 20
2782	79 263 16 241
2783	237 296 10 47
2784	177 160 51 170
2785	143 257 192 12
2786	67 277 244 45
2787	75 171 16 104
2788	169 176 300 213
2789	11 160 262 224
2790	220 164 175 241
2791	284 229 157 214
2792	79 26 46 145
2793	96 206 180 134
2794	161 165 210 223
2795	64 220 106 96
2796	103 56 161 208
2797	236 64 56 119
2798	10 67 161 14
2799	43 44 42 290
2800	268 239 141 97
2801	171 228 52 208
2802	169 89 142 215
2803	124 112 211 179
2804	190 289 287 251
2805	88 74 64 35
2806	203 75 6 62
2807	168 226 284 127
2808	104 206 92 33
2809	180 283 236 112
2810	155 106 174 99
2811	235 49 275 284
2812	212 41 205 90
2813	172 271 216 116
2814	141 51 152 189
2815	120 108 6 268
2816	195 92 78 159
2817	289 262 162 192
2818	120 26 166 15
2819	24 64 154 192
2820	295 125 101 251
2821	172 182 295 270
2822	82 136 147 214
2823	26 225 118 155
2824	200 62 181 218
2825	39 259 135 150
2826	263 138 14 185
2827	227 112 51 201
2828	156 101 263 80
2829	202 292 49 148
2830	49 168 253 89
2831	101 78 3 104
2832	180 223 36 292
2833	5 152 240 156
2834	142 220 135 69
2835	126 99 13 250
2836	36 249 5 208
2837	223 238 174 192
2838	250 289 230 70
2839	110 87 191 210
2840	63 91 252 236
2841	181 291 284 77
2842	123 168 139 273
2843	278 207 181 146
2844	144 55 282 206
2845	74 182 129 121
2846	233 21 117 151
2847	175 64 213 55
2848	226 244 122 110
2849	92 183 253 299
2850	183 66 203 101
2851	217 268 50 151
2852	247 231 168 179
2853	251 103 238 178
2854	250 221 14 273
2855	218 14 130 227
2856	127 247 283 254
2857	208 174 66 282
2858	271 146 172 188
2859	79 106 92 176
2860	155 254 235 257
2861	37 156 5 194
2862	53 229 22 136
2863	133 126 280 128
2864	120 269 51 45
2865	5 268 160 283
2866	139 40 136 280
2867	22 234 83 237
2868	39 276 89 206
2869	72 177 60 62
2870	14 276 140 300
2871	44 150 125 61
2872	241 246 150 274
2873	75 1 89 14
2874	265 127 22 275
2875	38 268 93 116
2876	98 235 78 290
2877	30 216 21 194
2878	181 230 208 250
2879	77 200 121 291
2880	120 137 183 74
2881	52 138 224 81
2882	81 182 286 204
2883	111 295 218 103
2884	248 245 203 192
2885	85 134 44 39
2886	8 50 220 121
2887	288 53 90 116
2888	105 237 66 26
2889	267 161 285 1
2890	16 88 161 236
2891	115 68 17 49
2892	190 293 138 78
2893	202 236 255 100
2894	142 148 175 94
2895	169 55 181 264
2896	35 16 163 170
2897	199 116 27 201
2898	53 47 35 256
2899	153 24 142 191
2900	235 206 118 226
2901	191 7 42 206
2902	189 126 231 41
2903	155 44 220 236
2904	50 11 265 237
2905	172 47 159 49
2906	54 121 23 70
2907	273 84 29 293
2908	25 54 148 260
2909	80 235 26 188
2910	130 220 120 174
2911	190 27 273 35
2912	270 17 274 180
2913	147 186 17 168
2914	198 175 267 76
2915	25 299 189 264
2916	112 222 92 257
2917	65 250 277 113
2918	116 214 75 141
2919	1 62 204 149
2920	102 37 29 232
2921	259 225 257 173
2922	172 48 123 176
2923	90 162 252 280
2924	233 117 178 254
2925	168 33 28 223
2926	7 173 117 19
2927	31 112 149 214
2928	21 230 61 248
2929	254 221 101 293
2930	125 287 42 146
2931	77 126 287 136
2932	150 283 127 81
2933	147 221 130 300
2934	128 254 60 175
2935	289 282 132 285
2936	11 112 155 36
2937	176 11 259 183
2938	41 203 25 20
2939	286 194 215 109
2940	245 232 277 215
2941	243 52 116 89
2942	94 239 240 74
2943	175 299 179 13
2944	60 120 195 95
2945	183 235 262 253
2946	181 210 128 63
2947	155 132 166 162
2948	127 77 276 227
2949	182 253 190 26
2950	237 46 226 45
2951	290 252 105 177
2952	127 271 268 19
2953	168 99 117 169
2954	208 22 64 113
2955	109 35 201 136
2956	262 36 71 51
2957	205 167 158 179
2958	138 241 133 213
2959	224 41 250 276
2960	176 199 179 78
2961	106 138 130 48
2962	127 98 38 174
2963	95 220 184 124
2964	274 300 86 106
2965	50 192 191 288
2966	2 71 273 277
2967	210 27 221 44
2968	179 211 182 106
2969	193 12 186 59
2970	76 137 47 101
2971	233 259 208 204
2972	256 85 216 94
2973	32 187 12 121
2974	14 252 127 94
2975	75 117 145 73
2976	20 179 239 243
2977	49 255 256 55
2978	239 47 152 241
2979	91 159 17 130
2980	44 29 274 267
2981	275 129 90 14
2982	210 72 272 270
2983	216 73 117 284
2984	126 112 195 297
2985	96 21 262 151
2986	159 90 268 208
2987	272 79 118 58
2988	45 176 209 172
2989	107 48 160 286
2990	60 208 155 184
2991	206 106 29 270
2992	300 207 272 90
2993	279 194 232 35
2994	171 200 50 232
2995	255 37 239 20
2996	30 185 191 1
2997	193 143 103 278
2998	60 247 191 50
2999	220 99 31 276
3000	151 240 81 259
3001	257 119 200 69
3002	12 105 226 219
3003	132 40 25 203
3004	49 201 88 129
3005	213 9 94 198
3006	88 79 286 172
3007	118 236 285 77
3008	230 12 100 139
3009	297 121 27 160
3010	263 65 149 287
3011	98 195 293 99
3012	11 153 287 223
3013	17 139 151 208
3014	73 184 37 236
3015	280 179 171 79
3016	101 87 71 78
3017	42 61 225 159
3018	167 11 94 210
3019	240 41 219 262
3020	197 23 98 152
3021	236 129 147 220
3022	108 92 165 6
3023	91 253 86 20
3024	117 274 163 226
3025	85 93 299 131
3026	92 198 55 45
3027	180 272 196 228
3028	126 35 216 150
3029	68 61 141 235
3030	181 239 230 57
3031	274 278 299 200
3032	130 216 252 161
3033	213 147 189 51
3034	59 263 10 258
3035	217 72 16 249
3036	152 16 56 85
3037	206 88 257 179
3038	260 194 264 297
3039	181 110 298 3
3040	105 110 163 96
3041	160 114 138 278
3042	222 101 278 40
3043	222 139 20 86
3044	231 181 44 92
3045	258 194 280 299
3046	284 285 197 44
3047	128 228 283 150
3048	73 237 140 213
3049	25 268 50 251
3050	111 33 35 222
3051	31 132 279 114
3052	199 182 295 1
3053	102 267 16 148
3054	215 189 205 89
3055	190 128 165 146
3056	184 31 169 81
3057	207 270 283 55
3058	123 108 133 171
3059	293 298 39 96
3060	233 191 27 125
3061	232 36 254 227
3062	294 33 35 298
3063	131 70 108 63
3064	98 149 129 105
3065	94 229 123 222
3066	289 183 179 201
3067	19 224 1 259
3068	118 240 280 261
3069	40 221 296 121
3070	155 249 167 118
3071	9 27 66 201
3072	279 181 5 50
3073	179 34 107 194
3074	69 43 207 49
3075	278 268 57 38
3076	194 95 164 31
3077	191 254 292 188
3078	249 39 149 22
3079	108 184 277 1
3080	227 264 17 208
3081	231 142 211 125
3082	239 3 217 173
3083	95 119 169 34
3084	221 92 5 146
3085	233 210 141 48
3086	22 3 262 139
3087	40 144 145 234
3088	109 140 216 229
3089	280 47 92 142
3090	106 45 107 18
3091	10 33 3 126
3092	209 102 132 214
3093	294 208 198 18
3094	204 72 67 144
3095	184 283 177 230
3096	236 6 300 3
3097	68 296 5 244
3098	98 35 168 297
3099	220 100 202 207
3100	77 63 256 159
3101	127 120 43 253
3102	50 101 282 224
3103	189 13 216 196
3104	27 15 95 4
3105	114 84 161 69
3106	3 279 178 147
3107	89 79 14 68
3108	68 133 187 295
3109	128 53 262 195
3110	270 32 1 115
3111	288 122 68 231
3112	76 250 74 43
3113	204 167 184 172
3114	162 253 98 53
3115	277 164 109 300
3116	18 253 206 11
3117	244 187 128 163
3118	247 133 40 138
3119	27 48 155 130
3120	93 3 91 21
3121	76 201 257 170
3122	116 2 209 70
3123	291 279 298 178
3124	20 45 182 55
3125	217 146 81 281
3126	259 260 106 193
3127	75 173 112 98
3128	207 262 260 70
3129	121 179 244 98
3130	181 31 130 183
3131	283 51 252 223
3132	52 171 256 3
3133	56 275 196 16
3134	32 7 286 178
3135	19 11 47 280
3136	151 291 76 25
3137	49 257 256 89
3138	264 21 23 136
3139	65 278 179 85
3140	237 8 238 49
3141	240 246 56 156
3142	287 189 132 201
3143	233 39 225 280
3144	77 2 79 241
3145	176 160 180 142
3146	4 102 124 235
3147	54 223 134 55
3148	131 163 8 41
3149	20 53 246 37
3150	184 117 74 61
3151	49 188 1 208
3152	60 9 68 285
3153	161 226 220 21
3154	205 163 76 122
3155	122 188 15 297
3156	240 153 35 150
3157	99 225 41 146
3158	178 8 122 300
3159	215 81 203 24
3160	83 244 36 267
3161	145 34 94 173
3162	300 94 293 284
3163	297 255 299 252
3164	166 179 59 12
3165	22 286 202 261
3166	236 44 275 167
3167	105 289 145 18
3168	202 55 158 119
3169	250 233 278 240
3170	232 83 24 18
3171	52 276 197 92
3172	280 134 177 270
3173	254 62 152 127
3174	19 243 163 256
3175	287 177 1 284
3176	285 31 28 255
3177	105 129 74 67
3178	36 35 165 223
3179	51 172 56 19
3180	267 30 119 201
3181	11 263 143 91
3182	4 213 268 238
3183	184 244 276 24
3184	106 18 231 251
3185	21 148 126 158
3186	224 167 266 295
3187	31 83 215 276
3188	211 288 193 15
3189	34 39 79 157
3190	71 254 289 96
3191	15 172 260 59
3192	137 35 63 139
3193	71 153 43 165
3194	90 87 20 206
3195	279 75 195 173
3196	276 22 176 197
3197	221 102 271 262
3198	177 105 70 13
3199	219 142 147 216
3200	76 276 182 210
3201	16 189 300 248
3202	150 162 101 206
3203	121 236 285 151
3204	227 60 24 116
3205	81 262 152 140
3206	163 1 130 242
3207	292 288 72 22
3208	79 206 36 41
3209	185 143 282 66
3210	204 217 203 92
3211	225 246 280 126
3212	95 206 152 294
3213	69 223 70 259
3214	100 1 63 285
3215	294 2 108 119
3216	12 40 165 136
3217	177 269 155 109
3218	39 1 229 61
3219	157 223 149 100
3220	252 250 108 95
3221	124 290 169 118
3222	210 124 255 131
3223	14 80 217 117
3224	207 164 112 278
3225	146 22 171 299
3226	199 234 39 152
3227	5 182 175 160
3228	223 203 261 232
3229	103 30 213 293
3230	44 287 230 46
3231	32 214 146 297
3232	100 12 61 7
3233	74 94 197 203
3234	115 26 262 62
3235	147 82 121 26
3236	227 169 286 297
3237	184 291 149 276
3238	48 87 212 153
3239	287 204 231 260
3240	61 278 134 252
3241	262 202 49 75
3242	287 96 275 110
3243	289 140 150 80
3244	263 61 103 68
3245	144 106 245 249
3246	97 74 148 64
3247	217 144 247 80
3248	156 170 6 124
3249	39 23 135 113
3250	277 124 91 30
3251	151 162 43 50
3252	243 279 207 177
3253	294 168 183 118
3254	136 153 260 259
3255	150 178 108 122
3256	96 161 159 113
3257	255 158 63 68
3258	192 3 62 11
3259	290 183 86 176
3260	4 251 89 227
3261	219 79 245 237
3262	7 115 272 262
3263	134 218 40 179
3264	139 64 44 255
3265	15 14 258 269
3266	78 239 215 27
3267	90 121 62 7
3268	88 118 211 97
3269	160 83 203 171
3270	20 71 106 47
3271	266 174 78 70
3272	141 174 163 102
3273	193 139 102 250
3274	47 70 96 72
3275	16 28 48 242
3276	149 191 189 100
3277	255 137 195 225
3278	215 197 265 47
3279	260 258 247 61
3280	192 265 132 8
3281	91 160 237 233
3282	80 67 175 275
3283	190 176 166 260
3284	210 107 217 142
3285	188 63 143 209
3286	295 221 252 212
3287	220 298 75 38
3288	295 158 63 7
3289	267 283 191 204
3290	254 46 172 132
3291	240 243 42 181
3292	144 258 197 152
3293	298 22 274 73
3294	41 6 277 51
3295	56 23 285 299
3296	130 231 23 19
3297	8 188 171 47
3298	51 263 133 5
3299	270 133 221 127
3300	221 219 13 107
3301	97 272 173 172
3302	95 190 107 126
3303	92 164 220 216
3304	270 213 117 42
3305	84 281 274 276
3306	196 28 231 247
3307	105 193 289 113
3308	162 43 214 121
3309	47 57 135 104
3310	243 12 287 44
3311	29 21 145 297
3312	171 19 149 172
3313	134 57 264 219
3314	266 189 14 191
3315	249 70 145 128
3316	171 64 235 141
3317	146 271 164 176
3318	141 293 220 283
3319	299 47 184 23
3320	17 55 200 10
3321	138 5 72 102
3322	33 48 279 160
3323	223 257 86 261
3324	170 265 24 297
3325	272 153 56 247
3326	257 20 114 225
3327	264 298 237 295
3328	245 281 186 296
3329	123 31 263 288
3330	186 239 203 51
3331	122 188 145 107
3332	104 247 119 262
3333	36 161 134 295
3334	159 163 79 24
3335	19 2 124 143
3336	116 239 44 34
3337	53 221 218 208
3338	169 38 81 37
3339	139 217 33 16
3340	266 273 25 172
3341	95 80 69 160
3342	5 207 105 177
3343	232 194 118 152
3344	275 228 82 38
3345	48 221 187 159
3346	214 42 236 234
3347	16 144 140 131
3348	278 206 134 247
3349	278 297 153 118
3350	288 120 182 135
3351	190 264 196 145
3352	149 164 167 170
3353	199 66 163 86
3354	189 168 131 95
3355	66 129 140 65
3356	194 119 155 173
3357	59 122 23 283
3358	126 100 11 179
3359	281 288 294 238
3360	170 273 7 103
3361	208 218 24 227
3362	34 252 70 14
3363	254 152 262 269
3364	15 183 195 52
3365	174 43 182 145
3366	220 294 129 278
3367	223 139 73 144
3368	56 168 87 90
3369	12 63 244 283
3370	54 295 288 8
3371	66 107 106 136
3372	2 76 159 158
3373	3 246 205 217
3374	188 269 74 180
3375	179 166 49 294
3376	233 165 295 86
3377	239 73 42 273
3378	110 124 4 60
3379	75 172 107 253
3380	179 279 270 223
3381	94 33 178 78
3382	270 169 84 226
3383	171 138 14 296
3384	15 101 25 150
3385	97 34 135 33
3386	151 32 76 146
3387	232 278 235 68
3388	91 44 102 56
3389	291 233 115 205
3390	220 226 136 176
3391	35 40 248 95
3392	50 294 278 156
3393	93 252 108 161
3394	152 170 201 238
3395	58 105 238 246
3396	283 105 217 150
3397	208 8 235 86
3398	221 52 178 77
3399	126 263 36 160
3400	46 119 36 254
3401	32 87 58 284
3402	213 188 75 104
3403	258 273 1 108
3404	124 49 240 271
3405	269 236 117 126
3406	192 16 155 84
3407	288 87 205 268
3408	24 63 280 163
3409	133 54 292 6
3410	21 133 126 224
3411	280 89 92 42
3412	133 139 146 251
3413	223 16 176 20
3414	42 55 282 267
3415	234 277 213 25
3416	163 201 182 153
3417	286 138 128 281
3418	234 65 164 90
3419	66 95 246 24
3420	277 234 101 139
3421	93 285 225 21
3422	128 278 210 6
3423	78 170 76 275
3424	50 28 256 23
3425	181 146 264 244
3426	34 1 13 146
3427	283 143 108 66
3428	159 206 162 100
3429	262 52 158 258
3430	204 237 200 38
3431	124 107 257 268
3432	246 230 264 241
3433	88 236 292 256
3434	266 89 14 216
3435	105 215 26 16
3436	180 9 49 18
3437	101 78 262 88
3438	85 216 53 95
3439	46 263 242 249
3440	195 166 61 224
3441	300 203 37 52
3442	212 235 125 271
3443	142 252 160 128
3444	220 16 256 211
3445	272 145 46 175
3446	271 204 192 227
3447	191 140 118 103
3448	249 3 137 29
3449	285 69 95 260
3450	214 126 173 218
3451	183 140 126 14
3452	80 262 158 295
3453	249 176 281 221
3454	257 9 54 287
3455	140 69 165 215
3456	158 254 39 265
3457	296 230 248 15
3458	224 31 77 237
3459	153 187 220 244
3460	210 288 244 83
3461	231 158 130 69
3462	270 185 197 266
3463	144 36 264 178
3464	245 116 2 38
3465	254 111 251 129
3466	247 23 222 231
3467	155 298 184 251
3468	175 80 76 254
3469	64 208 84 297
3470	146 111 291 100
3471	247 128 2 127
3472	56 141 219 88
3473	90 274 1 239
3474	231 265 246 19
3475	57 223 236 144
3476	77 11 253 210
3477	1 263 148 157
3478	134 228 100 286
3479	239 37 214 75
3480	35 88 287 194
3481	211 24 137 283
3482	186 122 11 299
3483	154 14 285 271
3484	240 133 152 157
3485	143 36 217 203
3486	163 18 174 291
3487	181 119 66 72
3488	210 199 270 135
3489	273 207 138 51
3490	141 186 290 140
3491	12 88 276 135
3492	22 172 44 9
3493	142 9 244 66
3494	98 90 65 13
3495	90 93 128 180
3496	121 8 224 239
3497	95 273 295 82
3498	149 204 118 127
3499	263 180 201 235
3500	72 10 101 187
3501	200 124 292 114
3502	140 94 84 6
3503	202 31 155 139
3504	198 133 217 186
3505	43 90 96 225
3506	40 107 203 236
3507	261 90 242 40
3508	278 258 110 189
3509	134 35 65 227
3510	206 170 37 23
3511	56 174 75 262
3512	45 281 154 61
3513	208 277 134 186
3514	263 17 238 63
3515	153 130 252 240
3516	155 270 15 292
3517	189 98 15 136
3518	20 126 290 4
3519	108 252 3 195
3520	285 35 250 245
3521	64 157 275 150
3522	210 59 102 125
3523	200 299 251 286
3524	138 287 30 93
3525	87 136 123 37
3526	261 190 162 79
3527	82 184 300 237
3528	176 160 32 114
3529	88 244 80 211
3530	123 282 51 227
3531	156 151 278 192
3532	271 263 35 150
3533	238 112 278 230
3534	145 175 123 116
3535	53 16 255 216
3536	56 76 102 121
3537	195 91 178 292
3538	219 99 68 160
3539	35 114 243 170
3540	282 140 177 197
3541	268 121 208 243
3542	136 23 224 36
3543	142 62 236 259
3544	105 76 221 175
3545	201 150 175 15
3546	124 208 108 8
3547	76 256 145 193
3548	278 66 70 113
3549	234 115 176 116
3550	51 125 170 38
3551	168 245 142 141
3552	98 260 85 108
3553	220 2 229 235
3554	31 151 200 39
3555	280 250 229 59
3556	52 190 137 228
3557	89 273 8 127
3558	155 60 234 196
3559	147 130 269 110
3560	250 26 227 145
3561	288 3 126 101
3562	131 68 254 40
3563	251 106 60 121
3564	147 182 154 199
3565	251 73 219 22
3566	13 99 152 167
3567	279 94 255 45
3568	289 66 179 26
3569	260 215 226 290
3570	259 189 29 33
3571	114 13 228 29
3572	140 230 209 121
3573	107 260 282 28
3574	228 40 57 268
3575	175 156 103 213
3576	117 65 230 143
3577	51 218 248 222
3578	24 296 133 237
3579	44 269 149 118
3580	24 183 152 112
3581	197 70 192 133
3582	135 201 209 247
3583	65 184 289 190
3584	110 46 45 97
3585	293 39 113 90
3586	268 1 228 163
3587	123 108 31 163
3588	157 235 118 261
3589	250 46 275 16
3590	259 49 128 80
3591	180 15 25 80
3592	200 146 274 144
3593	105 253 258 27
3594	129 124 43 102
3595	198 297 83 299
3596	240 160 1 172
3597	132 153 149 246
3598	175 50 252 274
3599	157 192 179 181
3600	54 218 26 236
3601	99 75 89 167
3602	123 295 56 143
3603	186 213 191 11
3604	113 34 116 269
3605	186 91 123 72
3606	294 54 175 230
3607	267 196 261 49
3608	51 189 247 76
3609	80 153 117 79
3610	245 220 251 263
3611	69 57 250 102
3612	150 249 264 210
3613	147 219 261 268
3614	115 248 294 46
3615	79 256 72 271
3616	101 288 257 148
3617	27 129 272 91
3618	28 173 190 186
3619	68 3 10 173
3620	99 104 299 55
3621	7 278 279 18
3622	96 130 187 83
3623	52 138 220 177
3624	293 104 22 218
3625	16 276 211 204
3626	99 215 191 200
3627	82 115 13 57
3628	292 101 50 244
3629	282 28 173 294
3630	98 263 259 103
3631	121 168 134 234
3632	274 32 179 222
3633	293 176 22 225
3634	271 223 66 19
3635	150 24 62 195
3636	75 280 43 144
3637	69 2 37 210
3638	199 142 114 203
3639	183 285 34 51
3640	54 284 211 114
3641	297 29 224 222
3642	147 73 29 150
3643	6 265 37 172
3644	110 232 253 133
3645	90 9 141 150
3646	81 285 292 36
3647	235 19 1 113
3648	203 128 236 228
3649	199 26 269 144
3650	214 300 96 33
3651	200 290 192 43
3652	148 287 137 243
3653	73 212 225 80
3654	277 50 103 219
3655	172 139 9 17
3656	241 41 127 253
3657	93 51 44 144
3658	218 271 41 238
3659	203 146 86 57
3660	235 155 263 180
3661	219 135 298 96
3662	273 189 69 48
3663	249 285 66 122
3664	179 199 300 5
3665	206 273 201 274
3666	262 252 204 186
3667	288 236 77 72
3668	166 119 103 230
3669	10 285 135 259
3670	114 25 282 30
3671	155 65 227 84
3672	284 100 16 209
3673	273 232 98 198
3674	111 39 299 129
3675	69 197 23 245
3676	41 27 28 165
3677	152 245 48 247
3678	7 271 152 48
3679	208 261 258 247
3680	217 264 243 162
3681	43 176 96 10
3682	172 295 277 34
3683	156 70 121 158
3684	272 134 132 192
3685	17 277 90 161
3686	158 227 263 205
3687	45 89 38 32
3688	98 151 135 208
3689	151 274 260 180
3690	86 151 77 27
3691	154 286 138 106
3692	300 41 242 196
3693	38 298 244 254
3694	105 15 222 7
3695	36 264 211 72
3696	52 257 164 186
3697	210 285 113 198
3698	177 214 241 146
3699	88 43 188 227
3700	53 77 72 130
3701	191 269 238 23
3702	81 206 115 217
3703	189 16 272 158
3704	181 129 74 300
3705	280 112 205 245
3706	233 41 218 149
3707	273 207 201 293
3708	120 188 255 197
3709	129 55 42 106
3710	84 175 47 55
3711	289 213 211 31
3712	214 253 191 52
3713	155 195 228 62
3714	235 120 218 127
3715	102 90 37 39
3716	166 68 222 79
3717	213 96 296 253
3718	70 141 7 71
3719	213 137 176 174
3720	185 171 247 203
3721	219 106 143 258
3722	211 108 175 280
3723	92 263 89 162
3724	257 86 261 65
3725	286 47 120 106
3726	244 150 206 53
3727	289 66 114 57
3728	187 165 66 98
3729	130 274 259 197
3730	255 88 148 299
3731	131 144 137 246
3732	136 172 115 11
3733	247 40 255 242
3734	96 35 235 217
3735	34 210 118 284
3736	257 62 164 116
3737	270 110 121 137
3738	258 180 230 1
3739	95 114 186 68
3740	199 85 266 212
3741	166 204 280 31
3742	218 209 135 227
3743	49 148 89 235
3744	123 4 85 118
3745	170 253 245 102
3746	165 99 176 268
3747	222 158 130 45
3748	60 105 106 108
3749	270 258 165 194
3750	119 33 64 25
3751	173 234 56 241
3752	73 119 296 111
3753	6 261 181 169
3754	181 190 218 104
3755	66 131 129 51
3756	18 74 79 71
3757	122 157 11 255
3758	277 135 48 44
3759	277 62 10 23
3760	118 126 34 89
3761	60 244 271 156
3762	44 295 192 296
3763	239 172 104 153
3764	77 201 6 281
3765	22 112 33 289
3766	271 281 268 26
3767	284 242 244 190
3768	284 236 110 50
3769	138 156 225 188
3770	211 99 60 264
3771	238 286 257 21
3772	228 3 123 293
3773	91 266 204 27
3774	203 281 202 264
3775	252 275 228 51
3776	232 194 6 55
3777	169 246 236 83
3778	12 239 172 226
3779	219 13 227 62
3780	88 224 181 233
3781	254 299 203 271
3782	149 247 215 231
3783	190 194 157 200
3784	256 280 242 12
3785	262 254 205 150
3786	31 212 75 289
3787	80 98 234 34
3788	255 219 294 276
3789	204 221 139 154
3790	89 166 81 198
3791	30 22 226 86
3792	63 297 127 133
3793	231 21 183 118
3794	20 36 78 161
3795	133 179 112 203
3796	80 283 36 181
3797	217 296 188 173
3798	44 96 105 38
3799	122 40 206 173
3800	73 80 195 32
3801	129 224 39 192
3802	63 129 187 35
3803	162 139 42 67
3804	159 69 124 47
3805	25 77 151 251
3806	194 120 32 270
3807	211 90 72 74
3808	142 280 138 50
3809	27 105 294 78
3810	49 25 211 38
3811	125 25 159 161
3812	236 56 27 78
3813	56 193 52 31
3814	298 12 27 168
3815	158 71 201 188
3816	37 281 53 194
3817	108 261 178 50
3818	244 110 295 268
3819	36 185 184 281
3820	168 248 50 247
3821	128 143 11 104
3822	82 41 205 51
3823	162 173 7 59
3824	47 16 50 57
3825	182 292 263 277
3826	217 246 94 287
3827	264 193 63 262
3828	78 163 43 66
3829	60 102 40 108
3830	249 114 66 254
3831	50 122 36 62
3832	168 210 238 257
3833	134 259 175 3
3834	203 255 146 46
3835	212 253 186 51
3836	184 154 136 130
3837	160 261 150 263
3838	112 66 85 116
3839	18 91 195 210
3840	183 295 21 64
3841	32 197 277 4
3842	23 198 91 214
3843	150 135 268 165
3844	185 42 30 198
3845	140 222 207 177
3846	120 39 104 288
3847	67 115 237 252
3848	291 258 29 40
3849	141 218 207 242
3850	143 237 101 291
3851	287 113 6 212
3852	197 5 246 264
3853	84 101 49 39
3854	68 252 103 83
3855	220 275 234 170
3856	268 218 32 157
3857	136 133 274 175
3858	171 196 119 147
3859	290 3 171 279
3860	70 200 265 123
3861	24 57 239 25
3862	181 103 44 241
3863	43 273 61 241
3864	269 217 17 156
3865	274 132 259 4
3866	15 46 200 151
3867	203 219 89 12
3868	53 156 37 246
3869	207 68 295 147
3870	129 76 287 146
3871	252 189 152 79
3872	39 149 228 77
3873	40 277 264 43
3874	245 272 287 12
3875	224 157 53 46
3876	251 187 230 221
3877	96 79 249 71
3878	28 5 23 142
3879	246 146 70 85
3880	5 287 9 247
3881	104 153 161 142
3882	21 170 186 104
3883	80 93 133 224
3884	230 165 154 6
3885	169 94 270 274
3886	275 138 173 103
3887	117 266 130 77
3888	188 149 98 240
3889	235 36 192 210
3890	219 221 186 21
3891	262 118 8 164
3892	120 16 123 247
3893	53 50 25 188
3894	63 64 111 100
3895	88 131 243 34
3896	80 56 133 287
3897	249 113 162 208
3898	228 299 61 196
3899	154 179 2 225
3900	64 280 285 11
3901	50 226 5 67
3902	141 133 49 23
3903	225 33 16 111
3904	247 133 214 166
3905	203 16 91 40
3906	249 148 232 160
3907	119 163 141 10
3908	263 187 299 178
3909	202 244 179 143
3910	41 136 245 102
3911	286 234 268 74
3912	110 200 63 239
3913	14 21 63 104
3914	255 201 108 165
3915	189 180 112 267
3916	266 300 280 49
3917	50 93 22 213
3918	153 195 177 80
3919	139 210 104 108
3920	134 104 152 271
3921	145 148 14 252
3922	257 172 79 43
3923	5 294 246 240
3924	60 281 179 222
3925	128 54 69 104
3926	82 92 238 189
3927	9 109 209 142
3928	198 46 125 93
3929	199 35 240 6
3930	235 76 98 234
3931	162 157 97 206
3932	102 11 150 176
3933	251 247 39 281
3934	31 221 92 172
3935	110 87 192 240
3936	284 149 84 146
3937	85 4 34 182
3938	172 227 108 45
3939	3 180 155 65
3940	153 41 236 17
3941	140 270 294 22
3942	275 77 161 111
3943	92 69 54 123
3944	38 15 78 274
3945	295 209 34 70
3946	51 77 64 182
3947	122 216 245 119
3948	53 298 147 249
3949	144 276 158 243
3950	70 163 67 205
3951	280 73 212 49
3952	52 227 46 198
3953	246 77 22 225
3954	260 216 294 109
3955	114 78 165 299
3956	196 215 159 293
3957	91 30 173 291
3958	37 243 203 247
3959	29 74 234 219
3960	216 241 71 31
3961	243 18 114 211
3962	152 219 256 287
3963	130 265 11 88
3964	50 128 4 132
3965	42 3 23 275
3966	96 102 264 158
3967	263 122 40 54
3968	93 22 183 80
3969	298 144 107 153
3970	22 258 42 131
3971	84 27 39 185
3972	275 183 85 115
3973	74 152 85 82
3974	262 259 4 211
3975	141 297 114 187
3976	267 165 172 93
3977	174 50 122 251
3978	36 52 267 251
3979	264 140 209 66
3980	183 218 69 272
3981	162 141 155 21
3982	299 90 253 221
3983	297 32 276 132
3984	11 69 160 184
3985	186 100 298 197
3986	171 96 207 113
3987	198 15 179 292
3988	4 155 118 200
3989	292 235 296 252
3990	137 93 162 225
3991	216 257 168 163
3992	122 295 271 8
3993	225 182 286 151
3994	116 213 33 285
3995	112 118 170 108
3996	285 164 95 255
3997	78 42 65 46
3998	38 74 108 113
3999	76 122 101 74
4000	288 266 164 216
4001	136 266 191 123
4002	179 93 79 98
4003	58 227 181 91
4004	98 142 208 10
4005	103 37 158 28
4006	37 269 220 171
4007	28 135 17 51
4008	118 160 66 52
4009	126 227 115 13
4010	56 154 14 191
4011	126 295 84 88
4012	190 156 222 131
4013	61 12 37 54
4014	23 189 78 263
4015	51 182 9 217
4016	92 247 166 243
4017	124 276 249 161
4018	104 190 149 178
4019	127 158 157 106
4020	123 209 118 14
4021	139 30 77 66
4022	296 101 21 220
4023	230 60 155 196
4024	192 215 11 65
4025	53 164 153 183
4026	142 243 295 62
4027	42 109 86 71
4028	64 219 28 80
4029	97 287 185 68
4030	230 33 79 117
4031	296 114 48 247
4032	140 164 16 34
4033	133 153 229 90
4034	150 151 272 57
4035	215 36 236 208
4036	197 57 136 2
4037	230 262 182 43
4038	201 243 27 17
4039	74 137 22 47
4040	245 255 161 126
4041	85 272 60 275
4042	38 58 77 190
4043	240 167 246 245
4044	100 14 119 89
4045	155 199 287 227
4046	97 187 186 157
4047	246 34 182 292
4048	201 204 172 178
4049	149 232 118 241
4050	171 173 291 82
4051	78 144 256 155
4052	120 196 67 238
4053	295 150 168 31
4054	263 6 113 273
4055	166 155 52 291
4056	224 238 162 104
4057	72 284 120 223
4058	248 298 159 179
4059	183 96 116 161
4060	49 290 85 83
4061	291 37 161 197
4062	17 91 237 82
4063	186 42 226 107
4064	210 170 198 105
4065	51 267 60 268
4066	73 51 62 96
4067	151 46 91 100
4068	41 249 260 174
4069	8 2 67 122
4070	219 260 12 183
4071	90 277 105 51
4072	61 180 11 293
4073	39 238 120 170
4074	50 184 176 158
4075	261 200 161 155
4076	89 160 142 231
4077	179 26 186 299
4078	237 103 105 228
4079	189 207 1 116
4080	158 255 89 172
4081	265 169 166 122
4082	66 31 241 297
4083	74 182 165 65
4084	21 39 293 47
4085	130 175 238 160
4086	274 38 100 230
4087	148 69 259 67
4088	19 231 109 249
4089	107 32 224 121
4090	194 270 24 52
4091	216 53 46 290
4092	169 15 43 183
4093	248 117 210 136
4094	196 240 242 40
4095	178 191 252 66
4096	102 298 263 196
4097	280 136 242 85
4098	87 9 293 117
4099	23 261 28 177
4100	141 133 14 194
4101	27 169 288 14
4102	114 292 193 160
4103	256 89 96 155
4104	3 2 219 34
4105	88 67 228 230
4106	184 74 277 196
4107	175 91 2 160
4108	75 250 258 254
4109	252 117 25 22
4110	173 293 25 125
4111	221 39 130 277
4112	89 109 65 282
4113	77 276 280 51
4114	115 44 149 212
4115	278 137 50 68
4116	299 152 156 21
4117	172 153 181 297
4118	289 1 27 23
4119	281 156 122 50
4120	131 272 106 22
4121	60 163 86 266
4122	122 272 283 213
4123	254 275 162 276
4124	165 62 232 283
4125	6 202 212 91
4126	2 27 60 182
4127	9 132 144 275
4128	169 157 235 225
4129	143 17 122 72
4130	262 53 141 40
4131	264 163 203 146
4132	91 163 30 55
4133	229 157 222 69
4134	157 105 91 151
4135	95 259 16 178
4136	269 249 196 116
4137	48 213 242 185
4138	233 85 243 31
4139	271 227 81 224
4140	7 60 207 3
4141	64 75 273 46
4142	78 3 209 20
4143	94 191 169 240
4144	58 184 54 280
4145	100 85 33 172
4146	105 11 73 113
4147	104 239 251 34
4148	89 156 201 251
4149	214 250 180 19
4150	227 252 48 258
4151	213 45 287 121
4152	223 106 179 227
4153	62 257 209 123
4154	4 78 260 59
4155	76 212 232 235
4156	134 142 21 163
4157	80 61 1 49
4158	197 261 281 27
4159	77 140 148 28
4160	290 237 134 38
4161	251 13 70 294
4162	67 107 255 286
4163	43 118 280 75
4164	73 218 159 187
4165	196 79 211 50
4166	186 73 66 13
4167	216 16 268 93
4168	160 112 209 222
4169	78 24 294 218
4170	185 163 281 23
4171	85 250 59 44
4172	147 27 153 75
4173	40 126 69 140
4174	158 56 287 235
4175	68 274 33 278
4176	150 1 191 142
4177	210 238 64 288
4178	99 80 192 280
4179	283 97 42 246
4180	224 37 47 24
4181	48 217 296 123
4182	250 145 251 221
4183	47 236 162 185
4184	187 293 165 189
4185	124 293 230 223
4186	166 95 51 217
4187	6 66 272 47
4188	118 19 281 189
4189	146 36 153 133
4190	140 249 63 143
4191	173 13 216 231
4192	97 144 127 24
4193	70 48 45 286
4194	252 29 138 242
4195	131 201 243 50
4196	179 157 163 226
4197	77 97 175 207
4198	208 200 116 74
4199	225 259 286 119
4200	231 43 60 207
4201	87 58 235 291
4202	208 177 264 298
4203	260 247 54 263
4204	189 156 182 201
4205	149 234 213 117
4206	151 266 193 64
4207	41 140 177 49
4208	21 180 129 70
4209	246 150 262 145
4210	37 93 90 12
4211	271 286 32 88
4212	206 34 176 83
4213	123 225 300 2
4214	22 17 276 174
4215	148 290 212 129
4216	81 249 250 174
4217	18 25 293 294
4218	216 205 266 177
4219	57 185 171 122
4220	13 9 41 191
4221	267 205 88 76
4222	206 83 282 192
4223	253 200 246 76
4224	288 217 96 262
4225	142 208 232 235
4226	222 35 185 97
4227	27 94 284 205
4228	209 113 255 14
4229	162 284 116 16
4230	248 246 74 172
4231	139 99 298 33
4232	182 218 251 48
4233	249 8 236 225
4234	41 242 101 252
4235	57 200 129 125
4236	82 150 230 142
4237	236 53 176 148
4238	241 144 16 98
4239	133 192 268 283
4240	119 290 191 93
4241	267 272 192 221
4242	80 216 160 197
4243	21 59 53 116
4244	41 176 153 219
4245	241 90 271 48
4246	127 168 64 183
4247	4 255 41 163
4248	63 67 204 96
4249	219 105 189 30
4250	16 42 143 254
4251	290 90 132 56
4252	90 211 282 186
4253	164 259 285 280
4254	54 100 63 219
4255	300 252 86 129
4256	184 199 203 288
4257	197 228 29 115
4258	97 192 50 203
4259	46 4 166 105
4260	188 279 223 215
4261	198 225 259 61
4262	254 57 54 196
4263	82 60 289 247
4264	113 289 108 85
4265	62 236 2 207
4266	241 11 178 218
4267	168 9 85 225
4268	244 13 148 73
4269	213 231 300 2
4270	1 158 245 192
4271	248 175 47 18
4272	70 132 158 224
4273	96 95 64 78
4274	242 239 3 28
4275	149 29 256 200
4276	97 186 174 88
4277	208 276 171 282
4278	64 179 48 223
4279	161 72 191 31
4280	83 221 246 57
4281	36 174 133 99
4282	132 88 167 60
4283	26 231 66 47
4284	270 255 259 136
4285	35 57 253 145
4286	26 276 274 120
4287	63 60 104 287
4288	210 6 98 86
4289	178 90 173 141
4290	77 76 3 45
4291	246 269 249 227
4292	68 168 66 295
4293	232 125 111 76
4294	216 152 187 282
4295	281 160 124 228
4296	97 12 56 8
4297	73 169 183 60
4298	15 213 157 54
4299	231 217 170 26
4300	181 32 18 214
4301	42 47 242 66
4302	218 268 300 212
4303	114 218 14 136
4304	71 260 187 65
4305	117 108 282 13
4306	178 222 133 293
4307	46 124 218 11
4308	78 215 265 288
4309	276 58 185 73
4310	118 87 25 99
4311	207 294 141 193
4312	105 190 159 114
4313	252 108 183 297
4314	150 5 148 120
4315	185 184 163 100
4316	227 203 185 145
4317	90 129 285 161
4318	176 255 134 135
4319	164 192 76 151
4320	207 184 129 18
4321	266 27 120 5
4322	68 153 120 148
4323	234 99 259 151
4324	209 10 142 79
4325	136 115 32 132
4326	212 77 61 124
4327	224 249 282 15
4328	132 282 120 166
4329	51 287 61 277
4330	11 219 279 131
4331	272 285 90 204
4332	298 82 11 74
4333	188 169 248 94
4334	140 98 164 90
4335	253 273 152 296
4336	132 52 91 278
4337	23 243 49 8
4338	280 44 250 158
4339	58 30 59 184
4340	235 46 16 69
4341	31 92 128 68
4342	2 227 72 142
4343	145 62 208 52
4344	138 167 54 258
4345	104 191 237 195
4346	97 68 181 6
4347	286 79 196 197
4348	281 273 147 240
4349	32 274 226 221
4350	174 85 269 40
4351	276 121 227 292
4352	64 25 57 8
4353	258 237 133 256
4354	152 147 136 196
4355	103 129 190 193
4356	58 101 297 90
4357	37 47 243 219
4358	145 233 91 292
4359	169 152 250 71
4360	206 55 222 33
4361	280 227 148 195
4362	237 179 171 121
4363	148 194 71 121
4364	57 59 88 44
4365	212 184 244 214
4366	247 73 139 37
4367	249 144 152 39
4368	6 133 106 253
4369	24 162 31 231
4370	98 74 32 267
4371	281 155 62 119
4372	142 155 8 108
4373	296 223 238 263
4374	84 104 231 156
4375	196 155 194 94
4376	14 276 121 108
4377	183 24 55 261
4378	285 290 120 95
4379	223 48 282 6
4380	220 117 216 275
4381	34 214 248 92
4382	143 103 254 31
4383	20 82 52 260
4384	117 181 64 269
4385	34 207 288 211
4386	187 82 93 9
4387	279 58 98 291
4388	12 274 297 22
4389	129 285 163 104
4390	30 3 197 178
4391	289 118 15 183
4392	102 284 108 231
4393	119 254 240 273
4394	297 2 255 238
4395	4 24 172 285
4396	64 206 233 266
4397	267 221 187 64
4398	261 232 184 29
4399	219 80 164 72
4400	268 209 181 299
4401	61 217 87 72
4402	279 233 85 289
4403	76 252 190 152
4404	139 166 159 198
4405	219 168 77 203
4406	125 14 87 169
4407	5 188 115 85
4408	295 145 183 22
4409	125 220 131 297
4410	271 191 69 162
4411	260 165 31 170
4412	122 162 258 128
4413	8 213 175 277
4414	115 228 258 151
4415	184 121 20 218
4416	293 145 269 84
4417	85 194 115 183
4418	82 299 42 240
4419	282 25 252 220
4420	229 85 40 232
4421	46 194 272 159
4422	5 244 105 173
4423	82 59 107 237
4424	106 247 229 275
4425	274 261 279 248
4426	103 255 154 70
4427	192 83 118 177
4428	137 257 189 69
4429	95 92 50 217
4430	223 31 1 81
4431	17 144 26 109
4432	111 75 104 180
4433	65 248 163 185
4434	177 86 178 13
4435	82 210 144 255
4436	293 2 83 235
4437	114 67 209 171
4438	107 53 278 38
4439	189 90 226 217
4440	195 213 56 267
4441	73 13 98 232
4442	251 40 9 83
4443	9 145 118 14
4444	135 271 82 5
4445	298 83 118 174
4446	17 96 299 272
4447	195 194 204 122
4448	136 139 128 70
4449	290 22 239 46
4450	20 243 225 130
4451	3 132 121 175
4452	18 77 272 212
4453	119 161 295 248
4454	227 101 269 181
4455	106 165 85 208
4456	84 73 242 201
4457	278 90 17 155
4458	25 275 76 181
4459	86 134 227 177
4460	19 248 39 145
4461	214 134 244 122
4462	207 107 94 22
4463	294 28 135 185
4464	75 158 118 116
4465	130 198 89 241
4466	283 199 204 44
4467	263 56 236 271
4468	22 38 124 46
4469	246 79 244 140
4470	276 146 196 264
4471	92 218 70 184
4472	91 186 45 68
4473	217 18 184 296
4474	2 59 184 218
4475	156 275 6 264
4476	103 156 225 300
4477	237 39 215 296
4478	66 63 260 277
4479	269 215 145 102
4480	2 140 69 98
4481	79 298 165 86
4482	101 171 5 274
4483	141 157 84 212
4484	36 112 136 156
4485	242 125 82 141
4486	12 44 57 297
4487	258 33 49 86
4488	232 237 281 94
4489	151 279 32 212
4490	38 86 57 36
4491	4 230 68 227
4492	75 77 69 261
4493	7 276 156 265
4494	241 293 30 165
4495	286 168 233 191
4496	278 226 3 84
4497	15 154 96 206
4498	258 278 226 22
4499	20 160 205 210
4500	298 244 135 253
4501	284 95 269 173
4502	46 12 278 285
4503	147 282 155 83
4504	83 29 293 95
4505	220 282 86 91
4506	56 100 214 22
4507	16 273 210 133
4508	82 106 69 72
4509	96 95 196 285
4510	230 151 254 237
4511	47 101 241 229
4512	52 31 79 214
4513	122 144 56 237
4514	208 56 25 106
4515	24 97 50 111
4516	8 233 70 118
4517	201 251 240 125
4518	218 45 18 116
4519	163 238 83 173
4520	113 32 9 162
4521	54 20 42 272
4522	85 290 54 257
4523	156 19 193 99
4524	282 300 214 110
4525	61 41 232 291
4526	177 271 159 112
4527	187 146 15 42
4528	74 70 187 20
4529	234 47 173 110
4530	87 24 244 263
4531	169 146 123 102
4532	72 189 157 64
4533	236 298 202 17
4534	201 49 242 295
4535	148 169 200 242
4536	83 189 75 138
4537	92 262 136 244
4538	14 25 261 174
4539	79 35 124 145
4540	18 108 175 217
4541	174 134 160 92
4542	295 173 136 132
4543	258 44 58 95
4544	122 198 120 72
4545	255 290 206 269
4546	105 166 213 273
4547	176 55 192 156
4548	262 185 100 66
4549	239 179 27 177
4550	122 178 170 3
4551	230 8 290 56
4552	207 186 135 299
4553	154 12 126 283
4554	126 9 282 124
4555	292 30 117 213
4556	146 286 203 254
4557	25 275 192 266
4558	155 135 271 64
4559	34 163 160 170
4560	228 129 8 272
4561	88 188 167 204
4562	227 181 3 130
4563	265 103 285 101
4564	33 195 253 267
4565	9 198 120 157
4566	189 294 26 195
4567	114 32 61 23
4568	185 238 170 145
4569	103 158 25 168
4570	142 183 52 67
4571	265 83 63 129
4572	294 28 238 189
4573	94 241 267 64
4574	155 241 132 296
4575	44 278 241 15
4576	64 115 187 39
4577	35 290 202 51
4578	160 276 84 127
4579	205 119 198 65
4580	18 109 162 57
4581	293 5 270 129
4582	97 110 264 180
4583	253 124 24 235
4584	118 145 110 279
4585	268 13 25 62
4586	143 113 284 142
4587	221 148 89 229
4588	91 171 291 275
4589	97 69 131 190
4590	55 108 135 97
4591	79 218 72 68
4592	183 189 250 72
4593	57 297 245 165
4594	9 239 158 113
4595	239 76 290 98
4596	295 128 188 231
4597	283 60 73 243
4598	3 296 271 95
4599	13 56 181 293
4600	227 116 155 216
4601	182 273 66 42
4602	144 117 300 233
4603	176 272 175 170
4604	294 80 112 202
4605	101 255 296 182
4606	282 158 171 287
4607	265 162 45 88
4608	270 286 18 57
4609	43 167 111 76
4610	166 29 286 157
4611	241 159 232 25
4612	194 117 268 171
4613	26 77 71 145
4614	17 300 179 123
4615	30 147 236 47
4616	102 216 17 185
4617	190 175 222 96
4618	109 95 55 161
4619	214 274 251 32
4620	17 276 218 98
4621	205 88 120 180
4622	107 157 265 45
4623	96 22 147 299
4624	223 4 38 161
4625	165 43 135 172
4626	215 119 295 289
4627	195 203 288 113
4628	181 174 210 1
4629	245 136 262 145
4630	97 235 144 195
4631	200 2 135 192
4632	123 115 37 97
4633	291 108 20 19
4634	177 70 269 114
4635	175 57 42 49
4636	229 257 30 23
4637	75 231 22 299
4638	204 279 193 291
4639	166 174 240 140
4640	111 71 63 256
4641	109 98 22 293
4642	212 93 148 277
4643	82 34 295 210
4644	274 1 191 196
4645	237 146 219 108
4646	47 130 219 94
4647	177 64 283 268
4648	48 297 269 32
4649	99 107 295 42
4650	175 187 161 70
4651	273 229 159 3
4652	265 111 113 276
4653	9 160 80 222
4654	254 65 110 261
4655	198 100 70 12
4656	270 160 92 197
4657	149 276 227 270
4658	17 91 226 214
4659	101 120 265 171
4660	186 36 276 165
4661	57 204 6 104
4662	95 184 211 178
4663	69 79 186 53
4664	129 133 2 173
4665	176 39 100 153
4666	294 241 178 40
4667	56 246 293 262
4668	13 251 248 202
4669	27 139 26 244
4670	35 87 162 248
4671	84 8 158 102
4672	229 46 34 213
4673	118 215 256 228
4674	258 14 203 53
4675	212 292 213 261
4676	160 212 268 178
4677	177 107 141 216
4678	45 245 139 57
4679	213 31 246 285
4680	257 65 262 18
4681	150 21 209 101
4682	225 141 111 255
4683	236 100 80 186
4684	52 163 104 242
4685	16 211 62 281
4686	185 125 177 123
4687	140 20 172 11
4688	91 92 270 288
4689	201 127 300 280
4690	75 181 184 117
4691	106 231 266 286
4692	213 114 37 296
4693	151 158 132 117
4694	37 213 48 160
4695	216 39 172 152
4696	30 252 132 110
4697	110 19 257 173
4698	140 280 20 221
4699	118 122 98 155
4700	32 157 130 11
4701	231 46 260 158
4702	23 257 215 277
4703	286 293 200 192
4704	133 15 167 252
4705	63 49 66 231
4706	205 86 216 209
4707	191 187 249 289
4708	192 99 210 253
4709	7 72 106 145
4710	148 257 284 37
4711	247 250 46 272
4712	94 279 43 116
4713	210 75 154 156
4714	122 275 91 284
4715	136 241 144 61
4716	234 271 187 81
4717	111 138 27 148
4718	232 101 31 167
4719	105 172 21 185
4720	16 83 161 51
4721	171 15 227 43
4722	297 22 50 110
4723	228 296 194 112
4724	184 224 150 145
4725	195 221 46 190
4726	85 197 280 162
4727	163 108 145 119
4728	77 208 56 139
4729	16 49 183 128
4730	261 73 43 251
4731	27 212 230 288
4732	142 233 124 68
4733	36 28 14 93
4734	106 183 57 44
4735	172 66 30 232
4736	133 88 250 202
4737	271 78 90 169
4738	261 20 44 40
4739	49 269 261 3
4740	243 242 16 256
4741	93 230 257 196
4742	145 294 259 185
4743	8 292 243 124
4744	137 80 176 78
4745	199 164 207 62
4746	260 110 9 157
4747	48 235 267 298
4748	137 80 44 36
4749	95 273 75 117
4750	142 187 168 240
4751	274 80 170 215
4752	195 76 90 297
4753	155 46 137 200
4754	114 216 171 165
4755	219 262 117 118
4756	81 240 217 11
4757	232 2 74 86
4758	268 69 243 258
4759	15 249 63 129
4760	124 158 185 192
4761	93 296 158 59
4762	107 234 220 43
4763	153 258 125 58
4764	87 95 1 53
4765	114 261 186 119
4766	207 238 169 272
4767	266 251 271 26
4768	163 250 295 42
4769	158 271 155 247
4770	174 172 5 90
4771	142 291 223 195
4772	24 160 48 283
4773	8 145 158 88
4774	121 39 172 258
4775	233 150 237 73
4776	58 208 238 22
4777	47 108 45 40
4778	83 100 141 77
4779	229 292 181 36
4780	275 42 136 127
4781	2 190 84 144
4782	244 59 222 9
4783	7 180 145 1
4784	273 191 41 2
4785	279 31 12 127
4786	137 5 178 172
4787	88 153 121 65
4788	66 101 277 221
4789	249 132 165 222
4790	290 279 58 100
4791	249 98 75 260
4792	194 57 143 94
4793	136 237 125 288
4794	141 260 153 232
4795	187 39 84 93
4796	70 176 214 142
4797	115 259 50 225
4798	1 237 60 23
4799	145 184 144 267
4800	300 28 259 242
4801	140 184 298 19
4802	241 51 10 162
4803	45 203 58 214
4804	275 274 101 194
4805	220 164 50 76
4806	229 96 199 156
4807	237 24 261 174
4808	143 84 10 212
4809	15 290 1 87
4810	48 57 105 159
4811	97 41 30 125
4812	280 41 174 237
4813	227 121 147 265
4814	194 53 6 204
4815	135 127 9 47
4816	56 44 191 37
4817	180 125 117 202
4818	32 66 112 33
4819	119 238 203 89
4820	187 148 158 22
4821	167 61 284 241
4822	99 200 279 84
4823	152 81 264 194
4824	112 2 225 104
4825	108 225 173 149
4826	178 201 59 108
4827	69 198 261 280
4828	248 176 55 266
4829	249 122 36 131
4830	172 44 128 10
4831	35 271 202 79
4832	104 1 3 13
4833	95 33 163 39
4834	63 153 168 140
4835	265 160 272 202
4836	161 128 212 230
4837	262 211 65 149
4838	144 208 108 84
4839	189 232 180 66
4840	153 120 182 281
4841	289 6 26 120
4842	35 71 258 222
4843	240 29 40 106
4844	286 15 250 299
4845	235 207 118 256
4846	235 131 176 157
4847	141 95 142 153
4848	11 209 215 160
4849	165 255 239 20
4850	78 231 55 233
4851	6 164 56 67
4852	113 82 270 155
4853	97 66 1 210
4854	177 51 134 97
4855	94 159 6 33
4856	189 30 236 88
4857	61 54 76 248
4858	91 252 251 70
4859	280 78 298 171
4860	139 4 12 167
4861	291 270 100 168
4862	37 195 300 30
4863	21 253 70 35
4864	269 252 74 262
4865	155 168 271 119
4866	240 105 273 226
4867	37 1 31 156
4868	106 217 6 162
4869	191 77 90 175
4870	289 37 164 83
4871	49 233 87 106
4872	255 251 28 241
4873	9 57 52 58
4874	37 61 111 148
4875	215 49 260 159
4876	52 125 64 219
4877	170 21 168 201
4878	78 177 267 102
4879	184 267 179 271
4880	5 64 263 71
4881	52 8 79 6
4882	177 31 44 239
4883	243 154 274 27
4884	110 234 66 41
4885	274 102 191 275
4886	134 82 269 75
4887	127 150 113 17
4888	196 48 178 43
4889	29 233 51 114
4890	115 251 231 149
4891	131 12 152 28
4892	129 276 193 54
4893	146 132 136 260
4894	280 248 241 225
4895	227 212 108 77
4896	179 190 284 162
4897	288 93 121 245
4898	195 156 298 103
4899	180 80 56 125
4900	142 49 145 179
4901	53 280 257 28
4902	88 225 248 10
4903	127 53 14 130
4904	55 128 158 68
4905	35 293 273 249
4906	117 96 291 15
4907	249 193 81 53
4908	52 144 213 31
4909	165 155 175 174
4910	132 162 149 95
4911	52 70 17 95
4912	253 19 113 152
4913	228 104 214 260
4914	166 42 124 148
4915	247 135 204 59
4916	175 300 136 100
4917	42 198 52 131
4918	84 15 89 230
4919	82 218 16 48
4920	223 15 135 130
4921	137 256 226 265
4922	265 241 97 155
4923	179 228 182 42
4924	85 38 105 148
4925	265 115 112 124
4926	112 176 17 96
4927	267 54 230 127
4928	32 293 140 11
4929	40 252 129 281
4930	300 52 204 265
4931	219 272 147 257
4932	129 222 161 91
4933	77 214 136 221
4934	19 68 184 264
4935	238 221 175 274
4936	176 289 196 21
4937	294 157 109 120
4938	65 234 206 249
4939	42 3 255 124
4940	43 4 233 201
4941	176 81 6 235
4942	183 252 79 116
4943	250 114 65 244
4944	87 287 272 229
4945	233 111 256 57
4946	180 120 13 237
4947	267 10 130 93
4948	231 97 72 190
4949	2 167 228 9
4950	241 109 133 83
4951	218 281 291 66
4952	274 111 242 19
4953	47 116 167 182
4954	230 33 212 213
4955	176 260 63 118
4956	150 220 130 15
4957	193 108 198 258
4958	167 229 68 239
4959	196 114 24 170
4960	143 171 20 271
4961	81 237 254 56
4962	278 96 208 155
4963	239 286 205 288
4964	254 185 228 161
4965	127 259 49 195
4966	5 77 15 224
4967	47 273 188 156
4968	52 217 257 283
4969	123 191 124 58
4970	192 82 118 57
4971	10 283 14 168
4972	155 252 68 52
4973	26 259 239 214
4974	188 69 73 10
4975	242 90 168 240
4976	252 141 156 104
4977	8 249 165 28
4978	251 158 273 298
4979	233 271 199 290
4980	28 22 246 137
4981	264 210 228 155
4982	212 117 241 200
4983	66 21 79 141
4984	165 290 59 13
4985	211 7 192 202
4986	170 267 276 97
4987	17 159 114 262
4988	40 200 294 297
4989	119 95 286 223
4990	299 188 281 177
4991	253 271 69 36
4992	236 227 246 297
4993	158 297 114 51
4994	297 109 160 199
4995	27 274 53 224
4996	28 199 232 139
4997	40 293 296 200
4998	214 37 273 277
4999	13 264 96 163
5000	229 3 14 289
