Students	5000
1	45 165 146 87
2	9 186 97 184
3	272 47 6 287
4	13 107 277 191
5	102 182 94 205
6	99 85 10 280
7	241 143 198 117
8	109 275 288 237
9	79 251 223 162
10	126 43 145 244
11	26 260 102 44
12	238 93 236 138
13	94 156 60 207
14	44 107 38 109
15	209 179 234 161
16	262 123 37 152
17	81 133 169 175
18	188 300 163 161
19	280 263 109 121
20	136 70 206 106
21	208 67 24 180
22	55 154 205 61
23	120 142 46 116
24	38 101 188 7
25	259 175 85 248
26	95 1 74 126
27	21 199 180 125
28	170 40 151 172
29	246 114 170 58
30	55 225 101 259
31	290 138 21 160
32	276 86 87 298
33	42 50 170 156
34	41 226 80 88
35	182 105 287 284
36	40 162 9 59
37	224 149 127 155
38	71 178 87 195
39	29 136 282 175
40	148 241 26 93
41	100 271 195 53
42	209 205 267 120
43	61 240 99 67
44	264 108 59 153
45	244 53 106 173
46	98 273 207 281
47	87 185 297 251
48	196 269 300 168
49	250 226 19 131
50	206 264 197 114
51	95 133 61 141
52	260 62 153 210
53	36 269 99 210
54	161 155 192 264
55	38 47 288 173
56	261 281 50 55
57	12 148 83 178
58	164 91 4 204
59	146 18 156 130
60	33 267 230 127
61	77 79 212 133
62	109 207 146 202
63	216 241 186 204
64	33 121 49 220
65	273 72 57 153
66	117 186 269 168
67	100 128 251 58
68	157 244 252 188
69	265 211 111 65
70	199 226 256 160
71	235 116 69 146
72	192 240 52 91
73	299 251 288 27
74	293 228 223 105
75	223 97 1 116
76	113 267 235 133
77	221 204 22 61
78	254 295 174 209
79	122 134 84 240
80	207 226 3 31
81	84 215 196 171
82	7 3 154 51
83	57 82 228 169
84	133 164 88 232
85	271 89 190 295
86	96 63 241 62
87	232 185 109 252
88	270 123 229 204
89	152 158 78 213
90	206 38 64 78
91	212 42 214 143
92	258 187 132 117
93	272 198 147 161
94	121 50 253 169
95	296 51 148 154
96	121 144 81 216
97	114 95 201 46
98	137 59 195 75
99	88 217 25 116
100	154 28 72 84
101	37 291 258 147
102	290 42 202 224
103	285 278 164 293
104	212 104 294 231
105	173 59 20 261
106	149 5 45 119
107	141 165 105 74
108	53 22 268 82
109	297 40 226 240
110	228 161 246 85
111	67 89 273 48
112	89 128 187 224
113	167 136 83 188
114	127 100 150 69
115	192 184 260 230
116	246 215 165 178
117	120 253 38 28
118	33 57 270 61
119	33 30 78 209
120	227 75 109 192
121	218 207 59 102
122	279 21 110 168
123	49 3 88 44
124	12 146 94 86
125	146 107 34 198
126	118 125 98 140
127	174 229 24 297
128	118 91 82 96
129	67 238 215 194
130	160 19 112 26
131	48 30 295 298
132	96 75 32 241
133	49 135 277 111
134	76 225 60 264
135	250 172 27 207
136	291 124 129 261
137	90 250 138 191
138	187 150 156 123
139	270 98 140 198
140	197 187 17 152
141	88 96 125 229
142	53 61 113 124
143	139 130 75 63
144	67 30 179 188
145	162 38 192 126
146	42 160 18 124
147	76 213 235 175
148	248 29 19 203
149	153 108 54 29
150	98 246 188 136
151	170 250 175 36
152	55 192 87 111
153	173 194 163 270
154	272 184 6 19
155	144 26 45 229
156	204 94 284 64
157	97 152 261 218
158	292 258 268 129
159	90 119 297 281
160	235 287 153 295
161	227 225 247 193
162	152 90 82 190
163	276 150 133 209
164	67 172 207 210
165	60 296 179 35
166	113 242 277 220
167	126 61 108 215
168	66 116 112 45
169	57 92 100 69
170	168 295 274 142
171	265 67 104 6
172	158 257 71 248
173	154 158 64 280
174	297 140 24 228
175	194 181 176 160
176	90 44 89 147
177	96 26 245 159
178	230 161 98 50
179	155 279 156 270
180	27 269 11 236
181	108 289 226 284
182	173 5 22 193
183	248 265 42 155
184	77 271 179 220
185	44 172 155 167
186	262 69 19 123
187	276 14 129 163
188	83 25 238 180
189	146 83 27 229
190	30 249 43 224
191	217 136 184 294
192	77 182 7 224
193	131 16 265 235
194	206 112 131 141
195	5 232 88 115
196	238 292 4 256
197	142 246 247 90
198	38 290 191 20
199	271 111 21 226
200	22 202 276 267
201	161 32 73 25
202	287 226 201 163
203	97 218 3 35
204	50 27 2 223
205	29 127 91 149
206	259 206 46 134
207	72 138 292 39
208	100 252 32 258
209	72 299 33 186
210	94 241 198 141
211	255 193 152 60
212	150 213 51 200
213	34 84 147 278
214	262 217 186 28
215	100 293 233 70
216	248 254 67 114
217	268 17 175 187
218	223 19 225 300
219	261 226 135 64
220	105 57 106 8
221	193 12 214 39
222	41 270 93 78
223	300 221 138 61
224	36 92 181 243
225	222 97 54 87
226	163 175 198 133
227	170 80 15 156
228	106 18 265 42
229	209 41 272 82
230	296 136 256 63
231	230 102 176 44
232	138 252 66 277
233	190 196 42 94
234	255 94 72 14
235	19 130 295 193
236	8 82 14 297
237	197 262 177 203
238	253 200 107 37
239	6 74 224 29
240	25 176 91 219
241	283 251 219 166
242	61 25 163 165
243	84 226 296 276
244	69 38 155 84
245	79 200 39 223
246	70 80 23 127
247	73 50 271 144
248	142 191 63 269
249	71 54 20 99
250	202 171 225 133
251	57 217 176 272
252	247 99 74 94
253	177 26 229 221
254	191 39 61 19
255	263 106 40 171
256	9 262 293 63
257	49 16 296 248
258	5 249 126 115
259	270 220 138 7
260	295 225 94 50
261	147 20 273 287
262	184 225 62 76
263	86 59 75 141
264	201 217 22 183
265	33 279 122 47
266	123 255 169 104
267	43 159 288 294
268	211 86 67 216
269	17 254 69 241
270	220 1 80 37
271	105 203 250 24
272	252 98 264 88
273	21 109 215 159
274	64 195 18 284
275	174 236 84 125
276	291 133 52 290
277	165 48 291 55
278	244 208 89 247
279	46 58 172 148
280	179 109 116 79
281	143 205 19 89
282	119 271 133 153
283	81 223 101 35
284	11 232 47 97
285	37 16 250 286
286	118 10 173 93
287	59 145 265 130
288	214 139 206 296
289	120 118 216 124
290	26 231 284 127
291	32 231 232 253
292	173 214 76 70
293	106 143 2 263
294	15 218 49 111
295	59 94 204 193
296	153 204 282 66
297	57 205 259 37
298	66 133 97 273
299	196 289 65 126
300	237 269 61 14
301	242 134 10 18
302	272 268 108 262
303	184 283 108 299
304	84 112 74 134
305	213 190 287 229
306	16 160 83 136
307	132 257 84 173
308	248 161 158 95
309	251 241 82 53
310	50 199 239 148
311	295 299 167 274
312	146 80 288 66
313	300 159 265 295
314	259 22 38 169
315	223 234 45 162
316	182 210 218 80
317	300 57 279 96
318	298 64 235 239
319	294 92 182 135
320	264 198 214 296
321	185 269 122 92
322	224 120 234 240
323	70 122 80 232
324	255 241 1 46
325	11 157 80 172
326	73 227 166 40
327	247 209 174 88
328	165 258 291 186
329	126 298 70 84
330	137 273 122 41
331	72 127 225 263
332	69 175 242 189
333	187 64 201 95
334	160 197 139 35
335	158 55 79 56
336	103 85 201 64
337	112 119 70 188
338	238 35 81 56
339	25 249 34 53
340	70 3 202 171
341	96 196 40 266
342	16 25 190 69
343	137 10 206 92
344	73 244 128 178
345	239 12 83 297
346	297 169 88 246
347	13 127 211 142
348	42 196 273 72
349	147 173 5 207
350	231 157 15 240
351	73 186 9 33
352	248 238 28 171
353	93 59 212 201
354	10 234 183 117
355	269 120 143 205
356	10 172 287 288
357	46 171 172 276
358	106 284 171 97
359	272 179 191 111
360	133 26 12 255
361	196 117 45 249
362	192 255 200 12
363	25 23 124 260
364	116 84 212 38
365	47 284 30 1
366	239 13 42 4
367	291 280 138 29
368	146 92 151 222
369	58 160 26 104
370	64 20 95 87
371	257 93 98 135
372	128 99 191 95
373	201 226 200 282
374	111 202 163 17
375	269 76 282 300
376	191 177 231 128
377	266 285 189 159
378	156 218 50 48
379	52 249 152 169
380	164 188 143 180
381	262 38 153 220
382	226 228 194 197
383	212 7 31 250
384	90 220 14 87
385	203 21 64 62
386	253 115 2 248
387	227 79 195 8
388	291 287 147 95
389	164 155 294 129
390	210 24 58 65
391	278 169 293 215
392	210 95 279 154
393	54 171 38 253
394	108 8 26 198
395	275 174 50 241
396	111 9 221 183
397	139 240 86 135
398	231 298 59 106
399	278 33 129 252
400	191 255 26 184
401	117 177 30 59
402	260 144 83 110
403	13 250 48 30
404	136 267 242 42
405	14 234 164 204
406	199 181 137 82
407	47 100 281 36
408	146 152 205 153
409	271 184 128 2
410	105 137 165 209
411	60 192 181 199
412	291 30 173 168
413	232 164 188 266
414	192 262 203 294
415	230 269 226 71
416	272 278 17 149
417	47 137 52 69
418	258 257 108 87
419	122 269 48 212
420	217 82 122 55
421	263 71 89 267
422	150 49 212 253
423	42 149 14 175
424	218 176 38 224
425	57 272 269 86
426	73 210 112 28
427	9 86 65 5
428	300 121 116 117
429	239 197 57 9
430	201 226 116 4
431	240 275 129 192
432	171 63 7 225
433	128 142 132 258
434	55 86 16 267
435	257 3 169 211
436	295 154 1 76
437	275 86 8 126
438	253 221 154 54
439	69 173 127 72
440	198 237 145 74
441	293 228 78 222
442	31 15 192 123
443	79 86 78 36
444	179 37 257 268
445	15 52 207 141
446	220 280 125 49
447	21 32 106 80
448	105 190 139 34
449	286 2 250 51
450	109 170 283 169
451	23 28 57 132
452	100 14 244 11
453	66 60 169 69
454	119 53 197 269
455	67 116 49 74
456	259 2 152 224
457	96 60 174 79
458	98 90 164 71
459	168 202 228 120
460	157 292 60 95
461	56 64 208 294
462	186 178 95 61
463	108 194 199 102
464	217 244 100 117
465	221 108 260 280
466	218 155 254 68
467	6 89 91 208
468	169 121 129 237
469	79 171 70 188
470	274 86 126 289
471	84 1 209 83
472	117 263 54 287
473	287 135 160 260
474	270 264 142 221
475	182 229 198 161
476	181 109 199 51
477	265 154 209 114
478	175 297 291 31
479	220 18 204 192
480	78 112 248 61
481	115 150 10 90
482	78 164 297 217
483	52 119 263 59
484	143 279 90 135
485	292 158 65 111
486	43 25 283 18
487	291 117 85 30
488	48 190 27 34
489	210 270 65 274
490	67 99 133 175
491	131 75 233 116
492	245 74 96 284
493	68 131 186 56
494	272 226 115 91
495	159 114 182 157
496	262 193 235 194
497	103 82 31 279
498	214 217 24 129
499	19 65 135 235
500	25 71 26 251
501	276 21 39 129
502	196 214 138 41
503	229 114 146 81
504	96 95 183 170
505	24 97 119 127
506	39 95 262 200
507	246 143 20 188
508	211 91 209 1
509	139 39 112 104
510	278 216 79 152
511	102 17 145 194
512	102 179 270 13
513	208 136 207 107
514	53 3 273 228
515	20 190 136 221
516	222 259 46 6
517	238 146 44 121
518	53 289 194 152
519	207 187 140 116
520	129 79 284 272
521	97 290 292 29
522	245 11 84 170
523	283 193 237 233
524	278 173 83 285
525	123 236 144 84
526	245 51 157 1
527	287 242 202 252
528	220 85 56 255
529	60 150 71 83
530	3 18 116 100
531	99 208 47 67
532	12 124 116 40
533	269 211 123 204
534	56 279 170 141
535	192 16 180 103
536	91 53 162 67
537	253 159 111 164
538	4 298 228 144
539	108 45 206 22
540	13 246 233 263
541	105 253 9 149
542	138 93 114 255
543	207 103 1 57
544	234 2 92 212
545	8 67 204 206
546	221 171 82 96
547	122 72 196 186
548	161 138 295 176
549	182 277 282 264
550	296 174 25 169
551	142 13 245 59
552	275 96 73 223
553	170 19 33 257
554	180 206 47 210
555	106 247 263 241
556	201 168 247 288
557	27 233 287 25
558	72 29 95 235
559	65 254 220 35
560	142 35 68 63
561	246 158 83 290
562	258 246 17 210
563	59 73 58 163
564	254 201 34 81
565	52 16 199 101
566	87 84 297 68
567	1 207 176 3
568	106 53 24 48
569	59 214 90 26
570	51 274 197 32
571	174 261 297 199
572	159 189 167 135
573	63 41 245 300
574	94 70 296 123
575	178 266 228 217
576	72 195 227 225
577	207 135 124 73
578	222 57 12 170
579	276 279 50 300
580	97 263 267 295
581	56 162 254 26
582	6 257 241 143
583	243 114 241 231
584	76 30 61 67
585	20 294 232 188
586	210 63 265 298
587	58 39 84 245
588	201 255 24 127
589	66 291 189 134
590	300 180 118 187
591	198 214 124 201
592	182 195 94 108
593	119 101 247 203
594	51 93 290 142
595	278 75 58 215
596	201 133 185 263
597	103 126 117 203
598	23 51 132 238
599	93 213 145 61
600	296 293 247 125
601	9 122 186 165
602	297 291 283 215
603	96 56 214 118
604	7 116 155 295
605	86 127 275 214
606	113 3 133 28
607	121 55 76 146
608	45 76 104 41
609	271 175 238 255
610	143 20 251 167
611	153 149 201 23
612	190 35 89 81
613	144 295 151 265
614	136 143 35 287
615	10 147 233 176
616	173 145 113 41
617	160 70 7 217
618	239 115 259 240
619	82 267 155 114
620	58 238 55 142
621	87 83 17 235
622	11 151 90 119
623	75 249 45 36
624	277 27 93 166
625	272 42 90 208
626	183 112 113 237
627	193 143 149 290
628	218 239 159 23
629	169 261 253 174
630	49 299 47 288
631	91 288 254 181
632	127 72 95 98
633	92 194 230 214
634	228 55 267 107
635	66 3 41 248
636	288 30 158 166
637	34 114 197 299
638	263 243 100 238
639	288 77 282 127
640	186 107 56 148
641	252 6 68 288
642	178 110 290 91
643	59 19 264 245
644	127 212 174 64
645	153 282 258 47
646	57 211 189 196
647	214 202 169 215
648	63 225 196 258
649	235 56 84 9
650	57 149 137 255
651	268 24 124 164
652	115 73 216 101
653	232 202 281 187
654	281 114 43 89
655	276 104 15 167
656	212 261 200 54
657	159 177 264 193
658	63 248 289 152
659	71 76 46 252
660	201 89 49 41
661	265 171 44 237
662	167 30 31 158
663	289 136 284 218
664	80 145 174 139
665	139 283 120 82
666	292 42 125 102
667	179 222 67 66
668	141 169 150 30
669	216 59 206 73
670	1 244 151 116
671	18 41 156 11
672	57 167 2 267
673	209 60 82 12
674	154 109 65 96
675	72 272 207 109
676	292 200 254 198
677	140 127 216 12
678	192 40 227 147
679	161 173 33 164
680	232 194 208 181
681	264 240 71 128
682	15 52 259 241
683	159 72 82 124
684	104 284 187 95
685	289 285 252 97
686	61 12 139 275
687	281 58 287 184
688	260 20 82 157
689	291 60 174 146
690	75 18 291 209
691	109 95 282 18
692	217 198 261 63
693	175 116 190 62
694	292 220 139 208
695	281 116 231 96
696	143 49 269 285
697	37 229 120 136
698	97 15 33 193
699	97 210 71 3
700	64 252 129 187
701	233 152 252 103
702	142 256 145 76
703	232 201 158 147
704	245 171 118 269
705	48 193 231 137
706	138 186 190 222
707	23 103 87 135
708	249 223 83 12
709	233 128 238 197
710	244 62 42 283
711	216 279 10 64
712	295 21 19 13
713	47 123 26 109
714	221 128 133 281
715	156 255 174 231
716	158 69 125 24
717	219 244 84 139
718	229 181 49 141
719	168 251 163 277
720	289 185 106 228
721	219 278 22 95
722	287 103 84 204
723	67 41 3 23
724	243 179 287 231
725	213 172 108 157
726	8 74 100 258
727	180 256 274 144
728	142 25 268 229
729	124 297 300 126
730	296 93 298 86
731	188 282 236 2
732	125 99 223 205
733	36 164 166 144
734	62 53 214 107
735	204 121 253 239
736	37 55 122 249
737	212 66 158 21
738	298 160 88 157
739	153 221 185 89
740	183 95 42 114
741	2 217 4 69
742	2 91 167 246
743	218 193 184 160
744	131 24 285 42
745	81 211 230 140
746	61 135 147 276
747	71 159 198 204
748	155 2 119 226
749	225 132 24 207
750	32 145 151 21
751	96 116 278 79
752	46 58 16 209
753	226 267 1 236
754	167 16 220 89
755	79 300 249 154
756	22 294 48 204
757	198 30 236 146
758	81 55 144 219
759	227 189 81 222
760	130 214 64 112
761	230 73 176 147
762	259 5 69 3
763	124 169 264 224
764	14 150 170 162
765	287 263 234 9
766	46 55 258 6
767	51 70 99 196
768	97 80 70 3
769	155 41 151 94
770	270 34 285 138
771	129 233 231 190
772	189 141 144 20
773	200 285 52 162
774	94 266 104 11
775	45 64 293 133
776	32 95 283 48
777	170 160 43 127
778	288 152 101 75
779	89 196 256 225
780	40 107 93 21
781	266 216 242 131
782	278 197 35 3
783	109 54 79 192
784	288 219 236 269
785	70 265 209 60
786	108 90 139 193
787	246 101 112 238
788	73 162 290 146
789	287 159 139 204
790	217 220 200 300
791	222 113 7 73
792	134 11 224 69
793	51 238 233 66
794	126 278 71 205
795	296 197 223 200
796	114 186 128 83
797	8 123 149 147
798	183 71 279 188
799	192 264 143 103
800	266 50 189 163
801	284 208 263 113
802	262 13 175 180
803	19 36 101 186
804	43 121 206 157
805	90 109 297 159
806	209 36 62 164
807	122 123 162 91
808	59 273 41 118
809	234 268 49 232
810	56 122 238 199
811	138 244 300 212
812	88 188 102 297
813	88 187 80 295
814	207 242 269 240
815	79 121 142 250
816	150 119 169 182
817	124 30 36 239
818	94 34 100 15
819	112 285 4 195
820	300 78 207 253
821	116 248 100 244
822	4 224 98 247
823	273 181 91 42
824	288 296 95 20
825	100 184 130 23
826	231 107 245 285
827	16 294 37 121
828	6 271 94 157
829	64 255 149 194
830	282 279 47 116
831	200 162 82 78
832	177 79 87 127
833	95 86 215 128
834	30 101 215 166
835	271 139 141 34
836	125 217 163 156
837	93 45 190 170
838	10 115 47 113
839	11 157 33 18
840	54 189 114 5
841	42 207 274 22
842	199 261 102 164
843	249 193 265 142
844	11 59 292 244
845	104 136 272 151
846	13 60 63 182
847	55 18 191 168
848	119 241 23 133
849	153 280 123 244
850	226 146 10 252
851	281 110 289 190
852	109 288 85 58
853	277 104 103 238
854	100 95 256 35
855	296 249 129 20
856	171 201 200 80
857	229 203 77 188
858	152 150 34 29
859	40 223 131 62
860	112 84 281 297
861	86 94 260 148
862	126 158 214 89
863	215 10 202 205
864	296 159 116 248
865	245 28 86 41
866	173 1 150 25
867	48 95 259 237
868	190 59 205 193
869	213 65 259 14
870	68 143 263 224
871	118 47 170 16
872	138 9 155 274
873	101 60 112 2
874	89 39 94 22
875	22 101 298 89
876	272 6 275 116
877	37 81 174 100
878	121 243 154 225
879	285 140 201 63
880	206 155 106 145
881	253 73 82 293
882	60 296 212 65
883	27 49 286 59
884	207 84 122 271
885	208 91 40 147
886	109 223 141 26
887	23 114 40 128
888	134 271 255 291
889	86 41 193 184
890	243 292 103 174
891	261 271 122 300
892	62 253 67 100
893	257 190 290 183
894	208 13 270 194
895	87 115 42 154
896	264 106 47 218
897	99 183 244 201
898	48 128 71 195
899	97 119 71 139
900	106 298 5 260
901	298 59 235 1
902	289 15 298 238
903	217 129 162 67
904	1 173 210 230
905	279 272 195 129
906	94 114 118 212
907	180 238 161 168
908	100 210 172 3
909	155 151 177 188
910	202 144 282 252
911	289 246 252 273
912	33 61 273 219
913	167 46 114 95
914	101 166 211 169
915	121 270 58 272
916	128 72 97 117
917	269 162 281 16
918	280 217 118 54
919	127 47 299 255
920	157 230 22 182
921	184 266 263 112
922	93 19 183 56
923	17 255 165 36
924	107 198 60 165
925	25 18 257 158
926	110 29 293 160
927	237 246 170 226
928	61 232 260 222
929	160 71 270 3
930	235 103 17 209
931	282 154 191 185
932	236 179 128 71
933	266 233 6 175
934	234 170 82 245
935	2 139 201 294
936	223 117 1 162
937	8 85 233 180
938	77 243 56 72
939	196 65 156 107
940	122 280 202 212
941	226 1 181 214
942	16 135 265 48
943	92 25 91 282
944	61 65 158 147
945	14 17 20 112
946	34 218 100 78
947	165 75 52 6
948	49 242 40 159
949	146 45 106 188
950	234 179 285 159
951	243 24 138 54
952	99 193 82 265
953	263 213 200 46
954	171 242 224 188
955	2 195 152 46
956	22 143 285 122
957	120 204 105 168
958	34 159 226 150
959	45 265 184 202
960	182 98 287 249
961	283 103 262 109
962	29 9 193 42
963	16 232 269 211
964	51 155 182 143
965	109 284 5 46
966	122 23 232 192
967	202 181 299 238
968	214 79 118 300
969	235 298 274 269
970	253 59 289 285
971	224 44 263 167
972	16 260 190 187
973	94 136 232 119
974	13 282 247 12
975	204 65 77 142
976	241 281 118 193
977	202 86 124 160
978	206 132 92 272
979	34 103 143 168
980	74 81 95 199
981	4 288 48 6
982	234 201 137 60
983	234 271 23 51
984	31 236 99 139
985	72 103 202 107
986	283 128 67 176
987	227 266 295 12
988	117 150 128 48
989	101 129 222 234
990	76 202 180 258
991	62 32 130 235
992	185 25 295 19
993	220 274 36 108
994	58 297 152 272
995	188 207 213 225
996	193 288 165 191
997	149 106 13 232
998	152 290 9 77
999	11 97 176 47
1000	276 86 194 37
1001	43 275 215 242
1002	264 232 200 191
1003	214 149 195 261
1004	125 88 106 66
1005	257 225 230 74
1006	204 193 61 121
1007	233 78 217 33
1008	173 109 146 186
1009	14 7 9 93
1010	41 59 37 72
1011	60 267 180 288
1012	100 117 136 254
1013	59 58 240 254
1014	134 39 219 78
1015	200 240 266 128
1016	250 179 36 166
1017	194 94 88 15
1018	17 227 294 222
1019	136 80 276 3
1020	223 290 252 60
1021	81 10 45 285
1022	158 55 38 162
1023	134 107 35 253
1024	6 2 157 201
1025	135 42 32 155
1026	89 213 30 268
1027	280 136 126 234
1028	152 140 98 21
1029	52 252 194 60
1030	197 150 161 249
1031	189 6 51 173
1032	134 142 265 89
1033	226 218 169 90
1034	108 164 143 203
1035	184 3 228 236
1036	252 214 55 170
1037	29 143 11 135
1038	154 168 181 289
1039	195 59 108 209
1040	260 156 221 95
1041	164 195 43 215
1042	209 211 88 83
1043	206 255 75 8
1044	294 243 255 66
1045	227 51 282 12
1046	139 103 261 271
1047	139 145 150 41
1048	133 69 22 67
1049	34 109 152 23
1050	205 66 254 92
1051	154 205 10 5
1052	112 300 53 243
1053	198 185 179 186
1054	107 198 8 232
1055	2 65 103 98
1056	174 84 70 272
1057	171 9 237 55
1058	264 248 227 238
1059	60 260 114 51
1060	231 11 181 50
1061	171 198 95 131
1062	261 22 213 284
1063	143 231 112 136
1064	268 229 296 160
1065	268 52 263 162
1066	15 263 293 137
1067	63 60 183 1
1068	210 160 228 94
1069	204 13 61 180
1070	247 294 105 188
1071	282 300 138 230
1072	244 64 87 41
1073	260 188 49 236
1074	136 198 30 234
1075	181 58 35 220
1076	251 298 175 210
1077	179 245 22 89
1078	173 155 240 125
1079	265 159 105 132
1080	65 101 150 99
1081	90 260 269 184
1082	146 103 100 72
1083	297 203 234 271
1084	100 31 121 45
1085	222 32 110 90
1086	199 297 164 154
1087	63 15 152 170
1088	166 220 129 126
1089	134 124 24 267
1090	199 293 37 76
1091	240 8 213 200
1092	107 61 3 129
1093	66 294 231 21
1094	161 88 121 244
1095	165 91 241 259
1096	174 138 218 42
1097	149 254 204 246
1098	166 50 130 70
1099	281 138 135 127
1100	151 72 26 32
1101	185 178 21 22
1102	246 96 71 30
1103	197 198 150 242
1104	161 118 213 24
1105	235 212 219 223
1106	293 77 6 83
1107	28 34 124 216
1108	92 96 98 255
1109	274 112 217 114
1110	135 109 107 99
1111	122 62 272 271
1112	76 157 55 62
1113	237 211 225 219
1114	293 284 163 161
1115	111 114 286 67
1116	14 131 217 24
1117	33 187 246 3
1118	97 140 184 226
1119	39 53 113 232
1120	133 294 194 74
1121	106 297 50 200
1122	132 171 239 182
1123	142 22 182 40
1124	101 159 217 52
1125	186 179 169 268
1126	148 225 103 212
1127	96 288 129 291
1128	61 72 289 254
1129	248 50 145 70
1130	149 191 300 263
1131	159 129 216 171
1132	40 280 9 218
1133	264 159 229 293
1134	135 96 189 185
1135	57 65 158 23
1136	50 288 291 25
1137	230 148 216 76
1138	80 58 198 85
1139	8 139 298 199
1140	226 197 126 205
1141	53 258 285 269
1142	57 125 204 179
1143	183 295 160 253
1144	299 168 227 174
1145	247 193 277 106
1146	135 161 17 106
1147	50 118 141 240
1148	190 201 271 239
1149	87 289 30 190
1150	220 285 223 250
1151	179 157 223 184
1152	24 219 13 201
1153	237 74 128 205
1154	55 58 258 139
1155	20 294 113 99
1156	138 38 85 78
1157	176 123 241 285
1158	55 8 261 236
1159	255 296 271 282
1160	194 13 277 174
1161	202 3 125 35
1162	137 178 271 40
1163	179 33 151 203
1164	137 224 197 294
1165	204 105 41 27
1166	200 184 31 285
1167	228 205 36 62
1168	97 33 282 181
1169	156 124 265 111
1170	28 100 143 113
1171	263 168 188 163
1172	58 230 66 3
1173	150 247 36 80
1174	77 79 275 239
1175	164 264 77 233
1176	176 140 237 122
1177	291 74 269 223
1178	134 269 121 79
1179	5 270 288 299
1180	156 134 32 199
1181	272 27 214 178
1182	270 256 9 135
1183	279 9 208 23
1184	137 63 36 97
1185	50 224 42 288
1186	166 54 232 98
1187	146 79 87 91
1188	64 244 3 97
1189	95 212 88 151
1190	117 258 58 163
1191	175 269 171 20
1192	163 205 128 90
1193	8 277 270 300
1194	85 119 27 184
1195	23 267 190 112
1196	123 187 287 6
1197	29 24 53 145
1198	248 39 188 262
1199	45 51 178 175
1200	141 45 17 147
1201	156 272 149 97
1202	148 256 236 203
1203	28 53 288 215
1204	110 283 285 232
1205	159 13 110 175
1206	234 245 215 67
1207	240 38 227 170
1208	137 238 272 120
1209	146 160 253 233
1210	240 271 183 18
1211	85 284 110 60
1212	48 66 79 167
1213	140 102 45 245
1214	93 20 195 44
1215	206 112 199 91
1216	90 186 76 124
1217	79 255 178 242
1218	74 1 84 253
1219	117 156 121 293
1220	227 157 235 17
1221	279 35 202 292
1222	200 175 79 30
1223	111 223 166 173
1224	127 201 82 94
1225	202 135 275 7
1226	297 179 258 93
1227	39 236 162 186
1228	164 226 5 62
1229	260 149 227 13
1230	266 209 2 76
1231	65 167 71 85
1232	92 241 71 5
1233	263 5 243 190
1234	28 147 126 256
1235	215 128 81 164
1236	48 300 171 41
1237	287 273 263 170
1238	178 77 267 142
1239	117 194 234 153
1240	217 285 7 130
1241	157 261 98 277
1242	246 119 296 210
1243	115 35 201 117
1244	255 33 151 145
1245	30 252 140 143
1246	171 129 52 11
1247	172 65 253 90
1248	287 280 13 145
1249	91 114 293 162
1250	296 293 212 251
1251	244 47 239 97
1252	272 20 300 105
1253	227 101 292 134
1254	132 37 215 32
1255	252 63 205 262
1256	192 38 289 227
1257	252 162 94 102
1258	204 113 10 24
1259	111 121 50 256
1260	255 229 170 61
1261	36 166 86 298
1262	280 276 57 95
1263	207 216 20 197
1264	121 132 290 241
1265	112 76 36 92
1266	202 82 237 116
1267	10 86 93 183
1268	155 211 297 55
1269	262 259 130 253
1270	81 269 286 200
1271	31 200 182 82
1272	154 6 54 27
1273	36 25 193 108
1274	175 119 94 77
1275	66 105 200 268
1276	79 283 279 160
1277	142 132 39 37
1278	262 121 142 178
1279	247 44 274 130
1280	284 168 164 180
1281	68 173 183 141
1282	187 182 294 184
1283	18 258 66 108
1284	283 108 131 280
1285	139 137 119 67
1286	250 25 147 117
1287	259 165 163 241
1288	296 246 33 27
1289	238 285 63 165
1290	41 243 98 117
1291	125 185 294 172
1292	161 189 83 127
1293	8 196 149 275
1294	81 50 115 60
1295	264 256 40 298
1296	91 151 272 128
1297	247 121 282 287
1298	8 136 192 98
1299	40 105 47 89
1300	56 6 140 269
1301	267 194 218 102
1302	92 16 240 212
1303	256 172 84 187
1304	53 191 99 176
1305	118 19 187 135
1306	279 46 19 77
1307	155 293 26 98
1308	169 275 95 77
1309	165 225 273 127
1310	147 64 80 96
1311	59 252 158 185
1312	251 2 183 208
1313	7 111 227 39
1314	249 74 51 219
1315	170 282 253 112
1316	128 156 142 164
1317	48 19 240 7
1318	273 46 12 125
1319	213 276 233 16
1320	214 61 152 5
1321	96 11 269 286
1322	41 195 245 224
1323	170 125 214 6
1324	300 29 113 209
1325	226 21 114 107
1326	134 186 139 15
1327	54 97 203 220
1328	105 16 71 59
1329	238 128 94 124
1330	209 255 94 299
1331	26 232 81 180
1332	140 242 88 84
1333	98 267 148 25
1334	46 155 160 242
1335	128 209 3 139
1336	26 291 66 205
1337	241 258 80 34
1338	51 269 296 136
1339	212 15 202 3
1340	141 198 118 245
1341	74 235 109 134
1342	85 31 37 93
1343	85 15 164 168
1344	8 189 36 7
1345	15 110 109 187
1346	102 274 208 279
1347	278 10 219 12
1348	45 25 112 38
1349	143 86 136 12
1350	136 276 118 272
1351	29 236 271 28
1352	227 171 203 116
1353	54 117 172 75
1354	233 178 225 2
1355	239 120 49 192
1356	53 193 43 54
1357	47 175 62 191
1358	144 298 259 300
1359	31 22 263 97
1360	98 45 257 272
1361	284 275 91 32
1362	126 64 236 270
1363	224 120 192 201
1364	99 113 14 10
1365	299 162 45 200
1366	98 236 204 164
1367	101 1 236 267
1368	11 114 236 84
1369	143 167 44 16
1370	168 194 9 214
1371	39 192 14 25
1372	76 42 77 4
1373	284 254 221 215
1374	116 163 62 130
1375	24 86 62 136
1376	44 299 54 28
1377	21 205 294 262
1378	155 184 293 121
1379	138 267 209 85
1380	7 124 28 134
1381	69 238 263 143
1382	245 201 282 157
1383	49 173 65 94
1384	141 282 72 244
1385	286 282 228 151
1386	218 127 129 18
1387	126 231 106 219
1388	221 24 267 194
1389	235 106 283 160
1390	95 188 166 269
1391	193 165 35 57
1392	294 3 295 196
1393	295 185 113 241
1394	38 29 130 8
1395	262 85 243 290
1396	48 270 166 282
1397	29 105 147 240
1398	77 271 244 161
1399	202 295 279 267
1400	71 220 180 244
1401	297 200 88 217
1402	55 196 22 241
1403	122 210 12 139
1404	158 47 236 149
1405	84 19 219 149
1406	272 79 234 91
1407	205 97 158 21
1408	102 260 216 45
1409	191 112 267 130
1410	75 287 52 170
1411	61 194 130 118
1412	133 121 224 293
1413	222 198 246 239
1414	114 109 41 50
1415	107 190 231 159
1416	1 123 180 115
1417	281 56 2 253
1418	275 291 171 252
1419	65 51 300 111
1420	291 185 80 116
1421	246 249 257 15
1422	44 109 79 20
1423	259 243 192 68
1424	39 67 281 230
1425	85 174 202 199
1426	81 263 180 216
1427	34 77 25 248
1428	80 115 272 204
1429	244 1 295 228
1430	200 215 233 191
1431	35 169 53 43
1432	278 233 209 13
1433	232 70 130 174
1434	186 91 56 130
1435	108 33 150 81
1436	189 105 153 246
1437	206 47 247 228
1438	180 3 66 144
1439	171 196 131 192
1440	168 6 228 96
1441	235 113 24 277
1442	112 246 286 152
1443	110 252 172 278
1444	113 187 212 295
1445	119 14 153 30
1446	152 290 207 146
1447	122 164 241 249
1448	172 295 220 84
1449	107 165 138 62
1450	117 151 121 174
1451	166 199 275 149
1452	15 194 270 174
1453	197 181 213 123
1454	156 62 185 12
1455	193 227 223 92
1456	166 167 2 193
1457	64 80 126 44
1458	238 72 28 217
1459	300 120 293 112
1460	237 186 267 148
1461	195 219 276 250
1462	214 66 71 180
1463	217 184 19 174
1464	86 136 290 219
1465	48 245 256 197
1466	224 144 91 276
1467	2 29 240 295
1468	101 224 50 151
1469	274 194 151 291
1470	70 221 216 260
1471	1 39 188 280
1472	167 7 245 204
1473	163 260 82 51
1474	168 134 54 286
1475	284 119 198 67
1476	276 230 40 2
1477	200 110 206 30
1478	164 150 88 132
1479	173 18 298 25
1480	81 44 97 71
1481	164 136 109 110
1482	60 32 280 148
1483	34 264 251 283
1484	211 256 157 162
1485	67 246 244 21
1486	100 299 190 291
1487	79 56 133 37
1488	98 223 7 201
1489	254 261 17 259
1490	207 86 175 278
1491	11 287 4 300
1492	74 98 155 209
1493	298 42 108 111
1494	163 192 37 94
1495	110 121 265 83
1496	246 93 109 91
1497	36 287 186 90
1498	285 165 243 132
1499	233 223 243 104
1500	158 204 10 272
1501	180 170 60 263
1502	34 277 118 46
1503	188 20 34 290
1504	295 27 84 48
1505	259 85 66 106
1506	158 73 100 248
1507	199 152 282 200
1508	289 146 214 169
1509	179 158 185 230
1510	256 3 203 185
1511	271 31 2 194
1512	132 89 220 68
1513	33 211 151 58
1514	223 77 117 162
1515	18 24 149 21
1516	2 174 36 12
1517	74 98 175 40
1518	295 89 154 116
1519	27 119 10 295
1520	70 279 197 241
1521	137 253 210 254
1522	224 7 223 143
1523	162 250 258 103
1524	225 35 179 9
1525	283 7 234 219
1526	246 130 70 238
1527	221 283 205 240
1528	47 200 262 151
1529	289 285 210 3
1530	299 53 239 4
1531	24 193 229 75
1532	20 280 101 241
1533	212 270 266 133
1534	48 86 234 123
1535	272 83 80 100
1536	252 100 132 106
1537	111 198 196 225
1538	186 132 74 228
1539	215 118 282 105
1540	244 231 42 230
1541	83 35 180 273
1542	233 110 100 182
1543	223 196 175 88
1544	44 145 283 144
1545	61 40 169 203
1546	60 73 243 173
1547	44 146 284 280
1548	157 238 108 284
1549	92 2 281 244
1550	186 69 81 185
1551	84 158 294 68
1552	103 154 65 287
1553	59 36 118 300
1554	148 154 90 256
1555	264 176 130 52
1556	290 163 234 49
1557	147 81 108 39
1558	91 278 178 284
1559	231 86 204 167
1560	271 10 68 168
1561	115 54 15 153
1562	34 21 222 45
1563	42 141 285 142
1564	228 78 245 244
1565	48 186 129 82
1566	210 202 42 97
1567	57 36 195 8
1568	7 58 198 187
1569	14 187 205 168
1570	222 236 116 221
1571	6 60 84 55
1572	205 187 223 92
1573	149 214 274 199
1574	137 244 251 179
1575	234 25 256 185
1576	2 181 212 91
1577	93 218 44 194
1578	45 173 111 62
1579	13 210 12 292
1580	41 1 93 110
1581	219 82 210 123
1582	232 240 74 78
1583	83 99 85 43
1584	68 227 55 277
1585	29 266 258 253
1586	269 151 47 11
1587	191 47 85 97
1588	39 131 174 259
1589	28 261 27 200
1590	82 279 152 140
1591	8 175 290 256
1592	55 48 263 11
1593	12 183 4 192
1594	124 143 165 71
1595	26 71 281 89
1596	64 25 197 91
1597	101 161 116 180
1598	118 277 264 229
1599	48 212 114 294
1600	95 285 200 125
1601	83 207 141 210
1602	40 3 102 290
1603	17 158 66 230
1604	51 89 99 202
1605	181 267 174 5
1606	68 187 167 76
1607	110 80 250 97
1608	224 223 139 140
1609	133 19 88 215
1610	83 203 88 153
1611	149 84 103 53
1612	4 97 77 76
1613	269 169 53 49
1614	230 75 250 138
1615	250 172 175 108
1616	101 220 165 122
1617	227 43 2 85
1618	90 118 66 67
1619	17 285 165 85
1620	19 278 171 142
1621	52 106 17 98
1622	102 258 171 156
1623	141 10 64 233
1624	135 150 240 282
1625	290 284 286 271
1626	145 218 151 273
1627	174 107 292 32
1628	270 199 184 185
1629	168 147 121 21
1630	22 197 114 30
1631	184 209 297 232
1632	64 161 174 186
1633	204 274 46 17
1634	74 193 113 130
1635	113 163 138 261
1636	166 168 69 79
1637	254 272 256 143
1638	256 55 287 7
1639	75 222 298 288
1640	66 72 109 98
1641	17 111 181 47
1642	263 41 92 47
1643	54 177 190 196
1644	130 157 40 172
1645	54 106 110 263
1646	70 243 226 261
1647	290 17 75 126
1648	212 150 162 135
1649	290 52 171 195
1650	39 297 77 275
1651	64 238 77 96
1652	156 85 21 110
1653	196 199 160 123
1654	103 276 140 135
1655	220 44 285 193
1656	109 49 171 2
1657	185 217 173 46
1658	24 157 295 45
1659	89 116 272 196
1660	117 145 191 141
1661	167 197 267 277
1662	92 94 228 203
1663	292 233 65 288
1664	66 244 21 98
1665	27 274 185 62
1666	209 241 249 182
1667	152 81 150 53
1668	189 94 66 243
1669	250 75 191 179
1670	109 231 85 128
1671	276 297 267 58
1672	130 76 212 89
1673	140 14 10 193
1674	250 173 66 263
1675	91 41 44 30
1676	86 184 227 52
1677	50 102 54 277
1678	106 268 289 99
1679	155 145 277 211
1680	118 93 167 260
1681	63 213 276 255
1682	60 230 184 202
1683	183 238 85 166
1684	175 222 75 94
1685	259 28 122 30
1686	175 97 106 114
1687	138 212 80 279
1688	87 47 179 139
1689	222 228 188 92
1690	217 27 213 207
1691	132 98 190 45
1692	153 18 39 297
1693	26 191 161 114
1694	197 258 122 7
1695	131 179 6 52
1696	42 21 152 9
1697	299 203 116 174
1698	164 78 298 35
1699	14 97 53 86
1700	161 24 82 29
1701	176 273 38 239
1702	154 151 196 298
1703	63 85 250 123
1704	222 187 132 77
1705	5 284 178 65
1706	276 262 136 33
1707	83 174 102 141
1708	168 281 143 154
1709	176 100 299 208
1710	89 249 88 128
1711	151 219 147 124
1712	62 29 12 105
1713	62 38 70 23
1714	216 290 59 180
1715	208 222 52 240
1716	270 281 284 20
1717	6 16 84 290
1718	117 51 279 62
1719	26 184 156 57
1720	29 287 124 271
1721	269 173 174 160
1722	292 65 222 290
1723	55 272 126 191
1724	246 269 35 120
1725	47 227 40 237
1726	119 241 168 75
1727	31 110 229 93
1728	146 137 64 129
1729	251 125 209 261
1730	282 31 25 144
1731	266 172 103 159
1732	112 73 222 211
1733	15 276 234 85
1734	86 286 135 95
1735	123 17 73 213
1736	157 268 203 229
1737	79 285 142 122
1738	198 300 8 58
1739	111 286 288 101
1740	188 254 23 149
1741	264 43 168 33
1742	8 29 250 280
1743	256 196 277 172
1744	14 215 296 178
1745	210 221 201 220
1746	138 119 129 130
1747	41 83 94 60
1748	53 74 25 158
1749	22 180 150 241
1750	41 233 104 199
1751	229 285 70 10
1752	208 73 63 282
1753	280 98 102 63
1754	175 195 103 141
1755	20 55 213 25
1756	163 11 83 162
1757	287 81 119 215
1758	28 89 35 268
1759	197 253 15 292
1760	175 93 53 255
1761	157 199 213 6
1762	148 65 55 11
1763	161 150 163 145
1764	91 120 218 147
1765	80 62 186 233
1766	187 57 38 203
1767	267 59 154 67
1768	10 103 222 230
1769	115 237 14 71
1770	80 299 123 44
1771	212 254 69 223
1772	152 100 220 223
1773	285 73 43 147
1774	105 6 116 53
1775	222 256 58 197
1776	233 104 287 44
1777	285 71 292 119
1778	195 57 89 229
1779	161 193 222 162
1780	239 15 190 211
1781	236 221 94 218
1782	107 284 57 136
1783	68 29 204 50
1784	102 206 231 118
1785	207 235 32 66
1786	66 54 242 292
1787	285 63 298 255
1788	14 90 123 99
1789	230 243 226 30
1790	181 58 70 210
1791	12 182 272 208
1792	28 68 120 114
1793	63 46 55 60
1794	232 292 248 206
1795	50 286 152 105
1796	234 181 202 98
1797	106 23 60 243
1798	74 224 299 194
1799	253 130 231 275
1800	164 52 10 212
1801	55 201 93 142
1802	3 273 251 213
1803	259 268 61 136
1804	178 216 155 6
1805	187 151 190 157
1806	112 255 169 144
1807	271 158 245 104
1808	138 220 45 180
1809	15 229 145 196
1810	278 58 137 79
1811	53 292 38 123
1812	63 113 14 218
1813	275 5 239 193
1814	152 57 35 36
1815	173 200 195 82
1816	153 190 266 41
1817	224 66 116 233
1818	21 201 235 82
1819	190 221 193 181
1820	53 234 48 230
1821	298 270 276 28
1822	10 113 35 140
1823	286 5 37 2
1824	236 168 213 265
1825	152 206 244 289
1826	282 184 70 4
1827	5 287 139 214
1828	114 188 145 14
1829	205 188 122 211
1830	131 146 280 158
1831	131 146 28 102
1832	102 58 161 139
1833	136 273 38 43
1834	295 60 105 197
1835	25 40 101 5
1836	277 208 212 10
1837	156 123 226 48
1838	144 94 210 289
1839	199 286 196 142
1840	124 269 226 135
1841	94 99 185 257
1842	107 45 261 33
1843	287 236 205 88
1844	212 223 45 75
1845	284 67 81 236
1846	232 107 146 291
1847	130 76 149 164
1848	82 42 201 136
1849	56 286 229 267
1850	258 294 29 109
1851	281 174 46 70
1852	34 36 104 273
1853	232 163 19 74
1854	278 102 222 58
1855	71 35 222 286
1856	79 120 41 278
1857	69 219 135 299
1858	86 88 51 128
1859	139 27 89 246
1860	149 260 68 35
1861	88 67 231 33
1862	102 178 128 273
1863	25 155 148 30
1864	196 85 12 162
1865	177 281 18 136
1866	268 85 286 3
1867	264 198 110 6
1868	208 30 209 70
1869	295 52 101 282
1870	52 217 114 162
1871	135 104 94 15
1872	279 132 277 128
1873	51 261 246 268
1874	170 38 278 84
1875	61 67 172 256
1876	162 14 62 252
1877	174 22 62 236
1878	111 154 279 220
1879	243 191 207 280
1880	246 31 159 34
1881	95 292 250 97
1882	94 198 156 196
1883	57 241 172 274
1884	200 178 67 104
1885	96 277 294 169
1886	75 181 60 116
1887	153 36 13 210
1888	218 120 291 33
1889	59 238 96 250
1890	273 160 32 121
1891	64 184 153 123
1892	210 17 117 95
1893	103 235 236 128
1894	187 79 30 133
1895	160 201 186 29
1896	104 147 269 195
1897	121 283 85 75
1898	109 170 264 45
1899	273 151 300 217
1900	54 49 221 114
1901	62 6 8 283
1902	177 36 217 54
1903	94 20 128 261
1904	272 143 118 250
1905	196 124 148 57
1906	206 249 200 23
1907	120 99 31 29
1908	28 104 233 249
1909	90 98 60 49
1910	290 221 40 143
1911	289 39 248 14
1912	186 77 268 247
1913	155 123 244 101
1914	176 253 106 116
1915	50 5 69 185
1916	267 88 262 181
1917	157 149 99 51
1918	245 159 25 182
1919	132 241 117 240
1920	267 262 184 221
1921	206 64 97 105
1922	146 110 140 164
1923	36 227 151 19
1924	152 65 107 49
1925	240 158 136 167
1926	181 166 22 5
1927	40 184 120 103
1928	228 243 300 183
1929	101 179 241 9
1930	123 79 118 221
1931	103 263 25 6
1932	253 97 281 215
1933	256 132 209 101
1934	131 179 111 185
1935	112 19 184 129
1936	25 238 214 12
1937	296 77 14 39
1938	73 297 226 30
1939	297 260 288 252
1940	80 9 259 107
1941	245 140 134 244
1942	289 53 104 24
1943	113 125 210 266
1944	281 160 183 274
1945	135 238 148 114
1946	253 53 121 63
1947	266 21 199 274
1948	172 118 112 163
1949	42 285 25 261
1950	103 248 235 187
1951	31 128 266 222
1952	238 289 76 237
1953	94 217 207 56
1954	161 242 183 98
1955	87 159 147 225
1956	290 79 268 147
1957	81 172 242 66
1958	257 83 159 252
1959	166 126 102 116
1960	271 130 136 125
1961	142 5 35 163
1962	132 142 251 258
1963	98 148 190 114
1964	146 198 158 281
1965	199 110 15 27
1966	182 284 15 290
1967	292 105 215 127
1968	119 93 254 69
1969	207 240 186 58
1970	78 208 195 185
1971	25 241 174 140
1972	259 87 226 175
1973	293 286 253 257
1974	97 118 69 154
1975	63 130 28 241
1976	12 86 214 128
1977	273 88 163 153
1978	215 159 129 169
1979	189 234 116 137
1980	222 192 296 61
1981	224 137 14 142
1982	194 14 189 234
1983	118 52 116 264
1984	125 241 37 38
1985	47 143 263 35
1986	123 53 32 244
1987	43 137 145 39
1988	239 225 222 153
1989	23 129 144 289
1990	142 51 233 251
1991	135 15 232 70
1992	160 251 202 112
1993	271 202 85 169
1994	179 92 75 123
1995	146 239 248 210
1996	128 26 132 151
1997	169 126 174 197
1998	170 222 59 36
1999	222 4 171 79
2000	275 17 30 139
2001	101 189 265 110
2002	145 295 108 32
2003	199 87 49 91
2004	273 213 3 61
2005	127 141 252 144
2006	197 26 203 237
2007	156 288 284 158
2008	44 291 19 89
2009	187 242 241 13
2010	175 242 115 112
2011	238 99 243 266
2012	188 267 113 285
2013	210 152 191 254
2014	158 94 21 297
2015	278 8 173 236
2016	262 178 163 83
2017	57 149 124 203
2018	73 294 163 75
2019	25 83 21 296
2020	137 268 157 233
2021	250 2 51 286
2022	41 43 168 113
2023	187 105 97 239
2024	41 119 70 165
2025	89 233 79 258
2026	173 13 207 130
2027	82 60 152 175
2028	135 41 157 195
2029	57 258 143 2
2030	174 275 192 260
2031	193 192 287 37
2032	63 153 282 56
2033	118 223 39 60
2034	4 292 189 220
2035	143 28 68 24
2036	152 166 183 145
2037	265 40 195 57
2038	34 298 219 208
2039	121 200 106 297
2040	16 26 193 277
2041	56 88 184 147
2042	127 65 187 39
2043	95 124 144 94
2044	166 157 295 298
2045	162 118 227 271
2046	192 123 198 25
2047	236 119 300 112
2048	83 176 49 111
2049	222 156 239 175
2050	72 162 77 290
2051	45 129 162 32
2052	69 83 211 14
2053	268 112 10 243
2054	269 144 297 68
2055	21 157 151 286
2056	190 233 14 267
2057	175 254 11 297
2058	175 294 116 217
2059	134 9 98 185
2060	62 93 36 56
2061	288 280 147 231
2062	47 102 67 297
2063	1 162 140 90
2064	119 76 182 95
2065	270 8 62 293
2066	38 255 273 69
2067	239 64 196 213
2068	13 62 295 193
2069	30 249 296 289
2070	114 39 133 151
2071	205 34 8 54
2072	295 272 280 170
2073	180 218 84 182
2074	197 274 207 118
2075	54 236 170 53
2076	127 122 61 154
2077	54 243 200 178
2078	281 80 239 224
2079	140 155 272 220
2080	95 181 45 233
2081	280 199 35 256
2082	200 239 276 288
2083	245 193 21 264
2084	97 2 275 68
2085	98 26 291 52
2086	100 72 121 212
2087	167 159 93 244
2088	288 225 154 93
2089	272 24 12 112
2090	57 286 275 47
2091	271 46 187 196
2092	267 11 121 30
2093	45 159 134 143
2094	45 49 57 33
2095	81 113 183 10
2096	148 142 119 123
2097	61 138 19 233
2098	40 27 99 187
2099	269 119 240 266
2100	41 11 276 43
2101	129 237 212 243
2102	128 63 264 2
2103	272 271 166 47
2104	243 168 292 141
2105	13 273 135 154
2106	245 86 16 88
2107	35 277 54 100
2108	3 105 132 76
2109	172 203 53 159
2110	1 271 169 63
2111	147 282 294 24
2112	292 279 46 210
2113	272 241 277 90
2114	75 79 215 43
2115	139 286 215 108
2116	30 33 185 23
2117	149 212 250 11
2118	127 219 169 254
2119	71 87 83 255
2120	118 212 250 73
2121	272 100 284 285
2122	91 37 108 170
2123	46 220 184 82
2124	190 259 263 72
2125	18 14 225 33
2126	103 20 36 152
2127	249 287 66 218
2128	98 240 260 287
2129	96 193 279 229
2130	145 204 107 156
2131	221 40 20 85
2132	278 149 47 127
2133	75 41 131 272
2134	229 160 25 12
2135	211 71 257 74
2136	79 168 60 283
2137	103 205 43 283
2138	113 110 63 162
2139	77 157 154 288
2140	120 274 242 162
2141	72 89 212 131
2142	279 54 202 46
2143	270 283 25 97
2144	112 19 246 131
2145	51 72 112 68
2146	26 214 287 79
2147	224 159 138 120
2148	152 21 122 170
2149	212 58 240 147
2150	244 138 241 61
2151	56 283 193 259
2152	83 146 154 88
2153	11 175 64 144
2154	270 206 88 119
2155	116 227 125 18
2156	281 255 40 252
2157	83 218 124 6
2158	166 33 185 156
2159	272 53 194 297
2160	99 165 144 51
2161	199 196 142 7
2162	37 65 45 166
2163	201 68 188 148
2164	194 47 63 74
2165	165 213 40 164
2166	100 120 219 247
2167	22 197 36 118
2168	2 138 78 275
2169	162 116 73 68
2170	174 104 64 108
2171	12 15 17 137
2172	54 260 289 272
2173	82 277 224 19
2174	41 107 206 59
2175	58 278 14 99
2176	236 274 153 189
2177	174 188 24 262
2178	96 175 283 127
2179	163 241 39 272
2180	236 299 278 231
2181	34 4 287 297
2182	100 33 39 99
2183	149 136 217 38
2184	187 30 276 189
2185	39 266 220 287
2186	266 150 171 278
2187	44 234 107 252
2188	216 168 197 160
2189	220 297 122 25
2190	163 23 36 274
2191	224 6 276 290
2192	268 12 260 107
2193	48 261 280 70
2194	244 47 280 231
2195	45 67 39 21
2196	183 5 71 89
2197	12 183 247 101
2198	289 52 102 235
2199	246 201 166 86
2200	212 226 45 296
2201	64 63 171 62
2202	102 199 106 24
2203	256 10 293 24
2204	213 161 140 24
2205	156 300 226 267
2206	52 238 269 287
2207	290 221 14 68
2208	260 51 270 123
2209	88 246 18 199
2210	246 22 172 258
2211	163 294 175 201
2212	262 261 287 210
2213	209 17 244 5
2214	177 32 34 202
2215	264 27 75 73
2216	203 45 211 48
2217	97 235 226 50
2218	192 149 235 66
2219	76 35 138 139
2220	265 97 230 133
2221	191 177 37 292
2222	186 79 127 38
2223	144 252 210 247
2224	187 223 103 221
2225	44 276 97 94
2226	298 111 282 122
2227	297 200 206 101
2228	262 52 8 139
2229	268 219 77 69
2230	85 89 141 212
2231	4 298 73 193
2232	239 206 238 181
2233	3 111 189 101
2234	182 135 114 51
2235	51 21 41 154
2236	254 252 197 48
2237	64 170 238 118
2238	54 222 168 223
2239	233 248 270 115
2240	106 89 218 71
2241	43 242 208 5
2242	85 190 101 240
2243	112 47 68 149
2244	219 295 215 78
2245	190 110 172 1
2246	227 267 274 76
2247	198 36 196 7
2248	130 66 18 21
2249	220 146 263 157
2250	64 156 226 256
2251	130 187 88 244
2252	147 273 164 263
2253	249 39 55 189
2254	190 37 128 16
2255	99 244 228 32
2256	181 141 79 3
2257	197 180 89 281
2258	8 135 118 122
2259	258 170 295 85
2260	16 167 257 168
2261	71 171 231 225
2262	292 86 95 237
2263	104 226 250 283
2264	273 211 113 91
2265	19 89 136 6
2266	56 4 245 284
2267	221 46 251 275
2268	89 133 72 159
2269	27 19 285 253
2270	130 134 246 19
2271	137 70 108 2
2272	188 173 14 195
2273	89 30 299 139
2274	138 232 263 136
2275	213 46 7 154
2276	53 171 94 221
2277	267 181 39 275
2278	232 221 34 162
2279	277 199 82 269
2280	101 95 112 105
2281	145 159 67 245
2282	107 104 209 203
2283	75 257 106 27
2284	122 225 285 86
2285	218 84 221 281
2286	223 231 292 163
2287	99 254 20 288
2288	54 35 80 158
2289	214 163 4 75
2290	193 39 205 260
2291	39 166 71 270
2292	43 207 10 216
2293	275 201 183 27
2294	203 174 138 120
2295	291 196 135 237
2296	27 274 52 26
2297	195 231 14 37
2298	234 99 143 80
2299	82 59 235 231
2300	293 145 61 24
2301	33 132 279 66
2302	195 120 247 199
2303	122 296 144 1
2304	135 38 206 98
2305	51 255 211 98
2306	222 100 205 78
2307	135 147 175 65
2308	208 189 300 26
2309	84 8 227 104
2310	290 55 193 18
2311	123 81 121 129
2312	227 183 282 96
2313	158 258 53 173
2314	281 151 208 104
2315	129 38 52 299
2316	186 29 270 5
2317	198 17 256 284
2318	63 77 183 273
2319	99 195 52 97
2320	295 5 251 133
2321	84 89 252 158
2322	270 46 185 234
2323	270 300 41 155
2324	213 131 78 223
2325	123 285 226 43
2326	197 251 208 64
2327	295 72 266 119
2328	124 91 223 216
2329	222 256 251 71
2330	147 265 93 83
2331	34 200 171 172
2332	263 157 248 66
2333	81 17 217 125
2334	209 271 159 122
2335	74 4 299 246
2336	295 252 231 267
2337	133 284 34 232
2338	126 66 288 222
2339	285 97 111 233
2340	42 84 284 199
2341	283 45 108 172
2342	63 11 51 178
2343	23 215 144 4
2344	127 300 115 124
2345	76 169 274 262
2346	131 293 250 217
2347	242 170 275 30
2348	19 167 94 144
2349	108 28 222 219
2350	229 50 298 41
2351	282 236 5 153
2352	1 272 254 9
2353	68 299 23 31
2354	26 77 52 147
2355	218 66 193 165
2356	194 185 9 112
2357	259 253 76 192
2358	191 16 95 147
2359	217 96 295 190
2360	15 42 283 233
2361	40 167 115 257
2362	46 200 218 227
2363	119 187 281 169
2364	35 40 186 113
2365	198 3 38 152
2366	99 104 148 8
2367	140 220 253 218
2368	189 46 266 51
2369	125 37 273 26
2370	269 116 27 227
2371	73 238 180 72
2372	33 63 140 92
2373	276 149 66 231
2374	36 241 34 123
2375	129 188 110 160
2376	259 300 271 10
2377	26 294 268 80
2378	160 193 108 16
2379	35 27 144 278
2380	221 261 48 33
2381	40 211 164 103
2382	41 39 216 1
2383	300 93 72 36
2384	113 222 294 149
2385	40 151 157 16
2386	152 10 168 200
2387	5 233 203 202
2388	22 175 86 190
2389	38 234 9 255
2390	127 280 176 246
2391	274 167 154 281
2392	129 55 92 195
2393	246 44 89 60
2394	7 79 115 289
2395	139 14 260 294
2396	154 85 39 86
2397	99 145 4 96
2398	171 101 17 150
2399	101 9 134 137
2400	44 95 265 110
2401	150 71 90 51
2402	106 219 225 255
2403	265 296 80 141
2404	161 111 241 40
2405	217 15 297 255
2406	95 206 276 245
2407	75 267 52 276
2408	125 7 239 231
2409	103 29 3 295
2410	119 149 191 219
2411	192 291 199 249
2412	107 76 97 266
2413	300 205 24 230
2414	213 275 102 73
2415	203 37 232 201
2416	282 165 208 263
2417	166 298 24 234
2418	11 49 220 234
2419	26 4 32 198
2420	293 263 25 94
2421	129 21 225 216
2422	80 8 254 7
2423	75 6 53 177
2424	273 65 270 268
2425	154 112 184 185
2426	221 26 113 288
2427	78 165 206 190
2428	39 222 80 163
2429	283 149 78 86
2430	194 55 257 90
2431	182 119 131 45
2432	251 269 226 204
2433	125 284 123 293
2434	280 150 89 111
2435	179 51 277 159
2436	188 284 205 239
2437	272 300 107 159
2438	110 296 83 229
2439	31 288 265 155
2440	8 220 170 253
2441	249 20 220 149
2442	205 300 100 87
2443	231 88 176 172
2444	220 161 7 35
2445	30 212 7 8
2446	94 183 103 116
2447	116 187 90 59
2448	189 245 14 217
2449	280 8 131 22
2450	277 3 245 205
2451	206 100 220 3
2452	7 183 282 148
2453	183 165 260 160
2454	96 52 134 82
2455	181 270 115 223
2456	291 286 277 140
2457	32 45 104 279
2458	28 57 177 79
2459	67 267 45 130
2460	141 113 298 297
2461	295 39 49 264
2462	25 244 59 139
2463	219 252 99 41
2464	35 135 55 81
2465	257 177 145 77
2466	134 160 210 223
2467	49 293 201 213
2468	151 166 213 59
2469	230 95 142 276
2470	101 209 73 185
2471	72 10 280 297
2472	42 138 113 175
2473	240 48 130 293
2474	15 297 219 214
2475	205 214 166 266
2476	270 163 300 49
2477	172 299 218 202
2478	261 196 180 64
2479	239 150 92 71
2480	99 212 237 288
2481	113 206 134 128
2482	291 61 96 114
2483	75 278 23 121
2484	97 106 244 275
2485	48 208 40 189
2486	12 168 296 236
2487	90 150 38 297
2488	279 4 17 259
2489	187 58 7 38
2490	168 257 151 266
2491	277 249 151 55
2492	119 225 62 19
2493	278 167 183 269
2494	87 78 291 177
2495	220 132 154 193
2496	8 262 286 238
2497	18 61 92 175
2498	250 89 216 185
2499	98 266 41 233
2500	220 20 278 83
2501	243 249 186 146
2502	205 97 260 114
2503	113 172 258 118
2504	182 118 90 77
2505	203 25 217 226
2506	200 34 206 240
2507	129 61 164 214
2508	76 176 233 161
2509	118 181 63 215
2510	33 37 86 258
2511	149 196 191 250
2512	122 242 26 73
2513	27 13 73 37
2514	238 124 297 39
2515	88 108 257 189
2516	78 9 182 190
2517	64 34 272 123
2518	15 40 78 147
2519	98 61 130 31
2520	28 164 74 265
2521	42 69 199 262
2522	33 57 263 166
2523	102 165 103 60
2524	298 75 292 95
2525	191 134 29 286
2526	72 273 133 150
2527	267 108 115 110
2528	241 199 167 26
2529	167 217 107 293
2530	97 212 107 92
2531	14 128 56 130
2532	174 264 126 75
2533	117 230 298 26
2534	258 51 244 169
2535	159 54 111 167
2536	62 262 213 215
2537	179 284 38 66
2538	184 8 160 119
2539	236 197 138 80
2540	270 264 282 165
2541	256 11 21 94
2542	88 268 64 53
2543	223 158 112 278
2544	240 226 246 178
2545	183 241 268 42
2546	27 248 294 2
2547	98 90 138 40
2548	266 158 47 113
2549	177 203 167 136
2550	270 295 68 66
2551	278 26 143 244
2552	256 181 269 241
2553	44 6 176 94
2554	163 5 220 101
2555	126 166 296 26
2556	226 79 217 26
2557	183 220 125 242
2558	114 282 264 65
2559	136 286 3 53
2560	156 137 233 254
2561	4 69 258 157
2562	6 183 104 117
2563	6 101 296 264
2564	192 3 121 142
2565	261 297 113 141
2566	48 22 203 232
2567	191 102 96 119
2568	196 232 2 19
2569	253 78 14 101
2570	197 121 157 68
2571	178 62 29 172
2572	58 101 116 166
2573	157 171 137 77
2574	106 233 145 219
2575	16 254 216 240
2576	232 82 55 274
2577	191 49 268 152
2578	109 282 255 30
2579	20 46 177 42
2580	166 30 84 131
2581	118 151 158 227
2582	222 88 212 145
2583	211 262 15 137
2584	217 129 80 168
2585	242 134 166 245
2586	231 72 31 32
2587	261 217 63 173
2588	91 281 105 221
2589	58 229 113 10
2590	99 164 105 3
2591	171 178 122 225
2592	147 44 97 77
2593	58 15 111 223
2594	300 251 186 215
2595	181 295 117 5
2596	241 60 126 25
2597	295 87 243 131
2598	286 151 110 24
2599	6 13 150 47
2600	214 17 73 21
2601	176 159 276 164
2602	218 179 86 233
2603	242 257 118 106
2604	143 240 5 49
2605	112 143 78 15
2606	128 169 256 47
2607	174 245 49 243
2608	108 6 275 121
2609	67 290 241 64
2610	8 242 174 135
2611	106 84 247 255
2612	153 134 61 259
2613	281 184 129 80
2614	218 146 178 151
2615	169 246 156 96
2616	26 78 110 254
2617	235 29 224 234
2618	170 17 59 178
2619	288 220 7 84
2620	148 244 184 286
2621	120 254 127 1
2622	233 110 124 288
2623	21 204 76 99
2624	228 198 94 255
2625	105 53 131 163
2626	166 127 235 25
2627	86 178 275 13
2628	138 32 68 255
2629	14 17 282 5
2630	66 32 260 278
2631	252 60 173 102
2632	201 218 221 204
2633	271 18 196 193
2634	299 122 65 171
2635	52 254 202 243
2636	266 158 92 282
2637	261 75 287 263
2638	237 297 233 11
2639	147 130 92 83
2640	273 212 263 72
2641	225 296 42 161
2642	235 56 298 147
2643	197 250 45 24
2644	56 19 291 283
2645	273 129 19 212
2646	213 23 3 176
2647	262 177 97 128
2648	115 52 51 145
2649	188 234 249 14
2650	189 56 206 24
2651	82 83 205 160
2652	265 164 2 169
2653	244 163 201 191
2654	150 154 64 32
2655	61 239 150 81
2656	299 207 233 271
2657	241 154 2 98
2658	184 149 161 102
2659	233 190 66 199
2660	97 62 140 182
2661	248 283 82 211
2662	232 201 122 224
2663	51 7 148 258
2664	147 84 133 146
2665	161 159 14 34
2666	260 134 268 56
2667	160 121 152 71
2668	207 208 188 53
2669	156 120 8 234
2670	239 49 177 13
2671	229 76 70 35
2672	135 264 172 140
2673	82 245 232 174
2674	58 250 266 125
2675	93 113 249 270
2676	99 191 59 208
2677	54 39 106 251
2678	11 157 199 59
2679	66 249 143 50
2680	16 37 212 85
2681	180 181 240 35
2682	186 218 121 170
2683	165 279 50 178
2684	255 15 298 157
2685	52 103 59 167
2686	120 86 248 73
2687	228 293 300 71
2688	190 33 19 253
2689	260 55 150 275
2690	271 191 146 21
2691	21 199 82 128
2692	229 242 29 240
2693	125 24 17 191
2694	45 162 163 90
2695	2 296 293 191
2696	172 299 20 91
2697	46 6 7 151
2698	112 248 81 58
2699	228 196 156 36
2700	300 222 19 249
2701	97 159 52 204
2702	290 253 5 256
2703	26 93 230 46
2704	283 98 206 191
2705	102 73 224 76
2706	288 171 217 111
2707	256 35 214 48
2708	64 170 61 210
2709	49 104 158 137
2710	194 51 211 155
2711	125 115 33 43
2712	203 90 133 119
2713	159 17 209 245
2714	240 159 268 19
2715	179 244 267 97
2716	116 188 121 32
2717	144 84 200 156
2718	102 2 153 73
2719	115 39 181 285
2720	32 155 143 256
2721	279 35 6 226
2722	161 135 38 36
2723	38 297 225 70
2724	149 116 84 265
2725	5 39 1 170
2726	252 136 90 238
2727	273 112 164 287
2728	157 121 84 183
2729	237 274 255 4
2730	111 3 72 267
2731	113 266 253 57
2732	15 188 16 61
2733	265 141 69 48
2734	260 140 196 98
2735	219 255 6 124
2736	112 76 46 193
2737	62 82 45 155
2738	185 165 267 292
2739	69 167 14 177
2740	250 42 89 97
2741	153 72 250 96
2742	182 176 195 260
2743	256 235 133 245
2744	43 152 187 257
2745	185 85 297 46
2746	43 177 143 220
2747	76 75 228 208
2748	296 117 135 121
2749	157 129 136 218
2750	268 189 12 59
2751	140 146 151 19
2752	204 288 97 91
2753	96 44 100 18
2754	264 293 225 56
2755	189 255 257 298
2756	216 211 154 164
2757	299 187 65 212
2758	164 58 82 67
2759	165 261 176 26
2760	179 236 79 24
2761	75 238 137 204
2762	43 256 21 281
2763	237 9 72 175
2764	103 181 55 172
2765	5 258 78 259
2766	127 176 74 82
2767	127 22 28 261
2768	40 28 73 171
2769	162 35 7 77
2770	220 171 108 178
2771	220 216 279 298
2772	64 141 12 297
2773	81 172 39 83
2774	258 224 262 110
2775	67 269 294 52
2776	183 96 72 52
2777	60 36 205 214
2778	100 105 111 54
2779	215 242 191 108
2780	131 73 102 280
2781	127 61 273 7
2782	289 151 220 76
2783	117 163 234 85
2784	222 136 59 92
2785	294 85 59 11
2786	250 294 272 210
2787	7 2 251 188
2788	62 299 281 298
2789	101 159 299 97
2790	19 118 287 46
2791	252 89 267 68
2792	48 167 58 200
2793	7 151 13 227
2794	300 118 158 190
2795	197 289 132 129
2796	197 298 245 177
2797	88 251 191 5
2798	217 195 268 191
2799	88 195 211 2
2800	205 10 142 97
2801	245 29 284 22
2802	291 203 79 262
2803	125 22 148 82
2804	197 244 233 114
2805	233 120 174 276
2806	262 247 299 60
2807	76 124 16 92
2808	237 56 266 31
2809	272 124 253 18
2810	40 280 254 167
2811	272 144 142 122
2812	22 289 214 69
2813	83 252 145 162
2814	158 162 150 8
2815	45 82 138 55
2816	242 159 50 231
2817	278 157 242 155
2818	249 172 276 103
2819	287 241 195 286
2820	13 154 18 76
2821	190 228 142 198
2822	181 279 96 120
2823	45 85 215 78
2824	103 116 190 150
2825	116 142 270 122
2826	140 230 189 277
2827	17 296 234 203
2828	80 249 109 123
2829	80 124 81 106
2830	49 217 94 34
2831	258 81 267 128
2832	69 219 55 227
2833	192 278 269 38
2834	161 15 47 135
2835	90 43 184 228
2836	279 246 271 231
2837	109 114 256 197
2838	78 219 68 204
2839	278 248 265 98
2840	294 2 100 200
2841	88 28 125 58
2842	14 171 24 139
2843	5 257 276 245
2844	121 248 195 198
2845	214 56 42 128
2846	125 18 236 25
2847	116 260 125 35
2848	236 249 119 138
2849	164 80 288 58
2850	263 121 101 269
2851	110 209 227 172
2852	149 275 233 86
2853	162 31 123 21
2854	168 81 193 121
2855	19 1 278 269
2856	190 265 46 239
2857	25 234 47 121
2858	76 291 200 41
2859	297 274 140 120
2860	32 166 196 239
2861	186 48 249 270
2862	187 58 241 230
2863	230 158 161 73
2864	51 75 283 299
2865	202 181 123 278
2866	69 210 246 108
2867	297 282 125 97
2868	17 168 116 82
2869	197 78 132 216
2870	7 152 210 253
2871	193 200 262 218
2872	193 198 80 54
2873	296 130 231 45
2874	135 119 41 18
2875	172 195 65 290
2876	87 169 242 218
2877	58 238 199 227
2878	111 266 185 16
2879	296 53 5 112
2880	75 26 23 181
2881	7 133 126 53
2882	120 272 71 121
2883	285 124 218 105
2884	107 128 34 125
2885	217 40 269 65
2886	120 254 233 224
2887	102 129 219 126
2888	250 184 251 177
2889	5 38 157 44
2890	53 223 187 253
2891	232 254 173 63
2892	142 68 154 2
2893	142 145 218 1
2894	204 221 175 244
2895	122 153 112 249
2896	144 46 274 160
2897	73 235 268 290
2898	70 30 208 116
2899	200 253 191 95
2900	228 86 128 10
2901	118 174 62 23
2902	166 129 159 84
2903	89 228 17 18
2904	144 127 214 142
2905	90 21 12 274
2906	197 248 200 30
2907	88 91 289 108
2908	25 228 216 71
2909	252 232 228 283
2910	255 52 80 100
2911	174 107 151 189
2912	57 224 34 233
2913	98 68 15 200
2914	132 239 278 96
2915	158 42 218 239
2916	6 74 137 59
2917	133 292 54 245
2918	254 41 97 196
2919	101 49 281 73
2920	44 205 115 191
2921	108 241 56 75
2922	70 72 14 41
2923	300 176 77 139
2924	297 212 244 199
2925	279 59 266 293
2926	34 300 64 278
2927	196 1 256 200
2928	68 59 40 99
2929	115 16 12 63
2930	129 133 25 182
2931	67 25 289 112
2932	31 265 37 165
2933	128 58 85 240
2934	271 275 299 100
2935	203 173 106 116
2936	275 207 96 7
2937	258 172 54 127
2938	294 105 136 164
2939	136 195 31 106
2940	34 282 55 233
2941	138 38 217 265
2942	214 166 192 213
2943	227 81 131 242
2944	50 159 93 150
2945	256 154 11 22
2946	267 274 198 16
2947	135 159 278 299
2948	38 247 90 72
2949	182 79 294 71
2950	124 143 28 296
2951	222 288 9 225
2952	210 159 66 79
2953	253 135 143 23
2954	209 73 194 253
2955	190 227 39 48
2956	66 268 191 230
2957	155 42 107 111
2958	291 108 258 199
2959	224 60 252 195
2960	101 183 160 112
2961	91 211 240 123
2962	205 42 100 285
2963	183 279 82 83
2964	216 291 129 185
2965	133 91 50 1
2966	130 8 243 86
2967	288 8 52 159
2968	120 299 30 53
2969	34 63 207 37
2970	267 220 1 236
2971	26 18 24 147
2972	161 194 101 201
2973	20 3 130 93
2974	68 25 75 48
2975	195 245 53 129
2976	162 269 147 159
2977	58 35 289 264
2978	44 195 38 12
2979	225 106 190 297
2980	16 108 184 90
2981	244 221 142 169
2982	87 4 230 186
2983	132 87 197 205
2984	184 55 187 173
2985	59 281 128 278
2986	292 277 165 144
2987	238 276 102 24
2988	258 142 183 129
2989	64 173 237 72
2990	249 234 207 202
2991	295 186 278 31
2992	195 122 158 171
2993	274 168 90 190
2994	221 153 236 128
2995	173 144 286 226
2996	280 106 160 122
2997	95 183 13 254
2998	207 123 189 166
2999	202 266 298 300
3000	292 10 236 93
3001	125 63 281 169
3002	150 248 126 131
3003	253 183 52 26
3004	248 164 214 23
3005	202 253 245 48
3006	165 111 43 299
3007	276 258 197 5
3008	99 128 6 210
3009	82 20 276 21
3010	240 234 187 47
3011	58 175 143 179
3012	130 145 202 206
3013	175 210 296 93
3014	256 41 206 251
3015	70 78 256 101
3016	270 165 286 172
3017	26 200 65 271
3018	202 87 198 253
3019	140 202 228 39
3020	121 175 126 85
3021	298 57 249 242
3022	134 71 270 223
3023	145 194 150 286
3024	138 177 74 154
3025	105 144 132 106
3026	202 130 31 271
3027	283 206 247 253
3028	263 31 25 278
3029	175 44 233 37
3030	148 140 181 58
3031	205 262 41 242
3032	54 259 196 213
3033	244 17 103 28
3034	109 209 265 85
3035	212 97 126 234
3036	207 257 268 121
3037	270 130 256 204
3038	143 212 96 269
3039	31 61 34 142
3040	61 6 139 161
3041	155 110 68 210
3042	164 254 248 221
3043	275 186 161 106
3044	180 292 288 246
3045	253 61 101 209
3046	259 101 80 296
3047	36 271 156 53
3048	266 134 118 289
3049	210 142 241 44
3050	233 215 272 154
3051	54 57 89 249
3052	133 74 201 119
3053	66 104 153 128
3054	288 186 74 64
3055	276 85 248 140
3056	152 271 63 120
3057	110 223 190 196
3058	46 43 288 49
3059	182 42 28 36
3060	35 115 282 148
3061	276 181 117 215
3062	72 92 251 140
3063	155 172 30 90
3064	37 148 71 9
3065	219 291 230 31
3066	246 109 279 289
3067	119 291 159 86
3068	276 253 186 116
3069	91 248 275 121
3070	201 287 96 66
3071	164 17 101 26
3072	10 155 74 51
3073	40 275 22 155
3074	217 117 44 138
3075	146 25 219 80
3076	224 240 151 97
3077	74 277 20 1
3078	153 146 272 98
3079	117 294 99 52
3080	103 192 77 34
3081	264 231 246 27
3082	33 256 30 199
3083	229 76 129 67
3084	202 199 161 88
3085	107 279 139 70
3086	39 134 215 210
3087	23 232 197 76
3088	46 277 221 297
3089	137 293 270 94
3090	74 248 72 102
3091	86 204 138 47
3092	111 219 187 26
3093	269 231 278 249
3094	84 148 7 116
3095	147 14 69 76
3096	261 62 202 41
3097	223 10 96 195
3098	270 35 95 290
3099	32 19 299 49
3100	270 130 180 29
3101	253 52 140 64
3102	113 190 83 147
3103	117 256 281 33
3104	29 99 17 132
3105	178 195 113 79
3106	9 155 213 240
3107	33 60 62 269
3108	116 195 258 109
3109	194 68 80 132
3110	76 192 122 153
3111	217 230 254 10
3112	202 209 78 66
3113	111 256 4 106
3114	76 170 91 168
3115	124 192 203 218
3116	4 198 27 114
3117	47 36 28 296
3118	278 67 259 159
3119	221 68 159 210
3120	98 211 240 29
3121	270 137 279 152
3122	151 71 107 80
3123	248 258 60 27
3124	278 49 211 50
3125	70 159 202 255
3126	248 123 289 240
3127	114 199 279 259
3128	117 152 300 112
3129	107 151 260 198
3130	142 37 273 207
3131	252 142 115 153
3132	143 274 106 22
3133	158 52 160 136
3134	9 194 296 57
3135	162 279 100 281
3136	62 189 18 120
3137	168 18 184 27
3138	78 182 65 281
3139	209 297 179 254
3140	94 132 47 259
3141	276 5 239 265
3142	291 42 161 7
3143	162 150 272 2
3144	175 280 296 141
3145	63 285 61 1
3146	233 140 202 199
3147	291 176 224 62
3148	266 114 4 155
3149	54 195 125 281
3150	45 268 206 241
3151	141 287 104 235
3152	268 126 290 213
3153	165 270 253 54
3154	112 149 234 124
3155	75 130 114 15
3156	227 265 178 97
3157	77 94 122 141
3158	99 298 116 87
3159	238 80 20 297
3160	83 119 174 138
3161	281 175 10 49
3162	68 169 188 178
3163	95 16 192 3
3164	93 196 136 211
3165	227 28 144 179
3166	213 179 192 146
3167	231 103 152 212
3168	140 142 138 202
3169	260 23 116 166
3170	282 199 118 170
3171	126 62 152 259
3172	96 13 247 90
3173	37 231 205 50
3174	180 47 286 295
3175	50 116 4 44
3176	214 279 243 246
3177	267 71 204 253
3178	271 129 109 118
3179	22 242 280 71
3180	260 237 153 244
3181	288 250 144 29
3182	22 107 165 57
3183	240 156 231 111
3184	103 269 97 236
3185	299 141 175 98
3186	263 191 289 199
3187	276 121 80 143
3188	40 243 137 29
3189	11 44 230 292
3190	39 87 255 284
3191	97 58 111 135
3192	118 275 5 83
3193	263 129 188 167
3194	99 45 100 3
3195	40 195 154 64
3196	167 184 136 299
3197	144 239 115 156
3198	240 97 223 2
3199	264 270 126 173
3200	274 103 133 72
3201	195 34 251 275
3202	296 261 266 213
3203	263 106 285 39
3204	254 245 145 138
3205	194 169 163 104
3206	240 69 31 272
3207	300 195 221 178
3208	97 22 235 230
3209	150 261 186 208
3210	46 41 126 278
3211	97 162 163 122
3212	105 72 62 116
3213	44 176 227 159
3214	34 4 23 215
3215	102 221 195 144
3216	131 43 109 4
3217	218 247 99 85
3218	74 37 68 29
3219	211 11 216 110
3220	98 36 34 220
3221	169 203 206 154
3222	36 288 198 47
3223	210 93 259 88
3224	165 204 16 191
3225	226 61 11 270
3226	22 199 222 272
3227	277 40 289 243
3228	154 269 238 114
3229	103 233 139 239
3230	197 124 7 182
3231	254 60 120 3
3232	56 198 14 61
3233	159 23 8 122
3234	109 33 51 136
3235	70 219 224 162
3236	190 38 261 73
3237	110 35 291 298
3238	182 237 37 147
3239	192 165 41 261
3240	278 23 169 39
3241	265 5 145 201
3242	4 183 211 293
3243	127 168 84 174
3244	60 290 21 47
3245	202 145 169 193
3246	141 86 20 158
3247	290 220 124 176
3248	257 267 273 183
3249	80 42 267 2
3250	175 116 205 231
3251	32 276 184 173
3252	67 230 280 292
3253	269 57 235 120
3254	119 250 229 114
3255	284 10 73 22
3256	41 117 143 21
3257	142 27 195 57
3258	164 147 98 204
3259	155 135 166 273
3260	82 81 206 139
3261	256 53 146 293
3262	73 228 97 54
3263	295 194 172 16
3264	56 101 29 175
3265	223 128 112 156
3266	221 150 140 229
3267	116 136 278 294
3268	118 270 219 130
3269	241 287 141 30
3270	208 226 122 24
3271	129 46 44 288
3272	156 91 253 242
3273	269 127 139 174
3274	217 237 169 108
3275	68 200 55 120
3276	191 91 187 271
3277	226 138 134 239
3278	47 120 206 291
3279	289 143 264 262
3280	33 3 30 107
3281	44 40 103 159
3282	109 39 150 136
3283	287 69 29 3
3284	4 230 251 95
3285	198 232 111 277
3286	128 201 282 164
3287	114 90 45 240
3288	115 11 182 135
3289	103 72 191 82
3290	43 73 277 25
3291	189 256 101 113
3292	207 15 250 158
3293	251 48 257 244
3294	21 157 121 29
3295	151 76 184 214
3296	87 26 29 94
3297	52 10 87 37
3298	275 190 78 37
3299	146 40 185 135
3300	39 219 144 87
3301	210 88 66 11
3302	224 72 20 249
3303	219 8 160 131
3304	114 171 221 33
3305	238 209 188 67
3306	228 262 241 161
3307	152 133 150 216
3308	267 76 197 239
3309	104 196 253 255
3310	208 278 285 63
3311	73 194 168 298
3312	165 252 24 29
3313	49 109 98 273
3314	3 290 194 9
3315	130 206 101 245
3316	294 246 120 146
3317	234 262 266 53
3318	142 102 235 177
3319	294 94 286 23
3320	47 102 167 220
3321	90 118 286 265
3322	239 62 67 90
3323	249 262 267 146
3324	253 118 248 16
3325	93 163 232 164
3326	121 133 164 193
3327	270 103 224 42
3328	297 34 280 60
3329	282 98 168 171
3330	163 25 294 80
3331	204 11 50 120
3332	129 107 83 33
3333	184 293 10 157
3334	74 73 124 29
3335	9 208 106 179
3336	168 70 89 257
3337	34 19 257 73
3338	279 202 207 281
3339	1 291 279 110
3340	254 97 77 19
3341	280 123 276 43
3342	176 120 164 83
3343	236 162 34 186
3344	81 188 8 30
3345	35 227 135 115
3346	256 27 266 74
3347	6 93 119 113
3348	45 178 174 181
3349	291 62 119 243
3350	140 33 88 279
3351	36 143 83 23
3352	270 226 88 57
3353	127 270 192 228
3354	248 125 278 151
3355	110 132 194 6
3356	204 220 95 133
3357	272 139 263 61
3358	214 221 74 262
3359	267 230 283 20
3360	290 225 162 140
3361	292 37 87 233
3362	112 204 56 254
3363	240 222 58 233
3364	163 250 288 200
3365	32 183 101 203
3366	153 223 210 277
3367	22 57 130 171
3368	126 119 141 148
3369	115 58 81 158
3370	269 104 262 87
3371	299 194 86 197
3372	262 107 92 290
3373	139 65 184 202
3374	110 286 190 69
3375	292 177 211 53
3376	160 17 197 174
3377	223 283 36 152
3378	245 300 235 249
3379	20 109 204 274
3380	228 273 168 133
3381	65 189 92 53
3382	175 12 104 228
3383	86 163 35 8
3384	99 9 195 50
3385	74 212 98 137
3386	279 253 220 185
3387	67 249 279 151
3388	147 58 215 271
3389	124 242 108 244
3390	84 4 136 253
3391	119 290 112 294
3392	119 126 54 81
3393	244 235 232 197
3394	37 72 166 53
3395	111 208 269 7
3396	198 189 159 248
3397	146 79 120 284
3398	80 107 243 23
3399	113 8 90 83
3400	131 5 94 26
3401	205 60 96 115
3402	134 64 140 92
3403	21 183 8 37
3404	180 62 206 124
3405	3 80 144 22
3406	209 238 201 114
3407	270 123 160 175
3408	215 265 243 128
3409	20 131 63 229
3410	194 227 129 291
3411	174 190 33 27
3412	98 30 62 19
3413	262 191 58 162
3414	174 207 177 286
3415	31 117 211 207
3416	183 15 247 186
3417	203 176 194 62
3418	138 136 196 32
3419	22 250 196 133
3420	190 132 194 129
3421	5 78 197 222
3422	105 119 165 215
3423	86 255 146 28
3424	245 233 50 294
3425	38 181 298 153
3426	246 104 186 158
3427	233 153 33 99
3428	94 30 19 200
3429	9 112 259 57
3430	100 179 125 246
3431	253 254 23 40
3432	118 34 242 136
3433	270 85 114 156
3434	213 114 38 187
3435	225 216 223 22
3436	33 193 51 39
3437	179 251 222 113
3438	32 137 205 64
3439	23 229 156 167
3440	229 267 228 296
3441	115 140 106 235
3442	49 263 262 140
3443	277 214 162 106
3444	286 290 34 10
3445	78 275 136 256
3446	70 15 10 243
3447	151 184 114 285
3448	81 184 275 36
3449	138 297 280 222
3450	257 174 29 201
3451	229 209 227 157
3452	273 35 133 174
3453	291 14 119 41
3454	261 189 44 226
3455	22 277 77 176
3456	210 245 78 76
3457	54 270 210 274
3458	256 216 209 185
3459	51 145 166 182
3460	126 229 221 4
3461	297 18 136 255
3462	229 49 97 66
3463	252 226 200 47
3464	98 97 2 42
3465	298 107 93 195
3466	295 199 137 160
3467	17 148 65 118
3468	84 264 104 51
3469	174 134 280 193
3470	37 203 112 105
3471	170 93 224 269
3472	285 276 42 26
3473	12 241 5 256
3474	97 179 225 260
3475	32 186 150 64
3476	261 22 262 286
3477	10 18 229 114
3478	260 272 88 216
3479	234 208 98 183
3480	135 297 264 107
3481	8 269 192 71
3482	103 229 92 151
3483	73 140 159 254
3484	41 28 222 84
3485	152 253 115 30
3486	223 227 71 283
3487	229 72 251 23
3488	101 164 162 81
3489	43 188 154 186
3490	43 224 154 99
3491	83 130 253 20
3492	253 12 137 296
3493	48 3 263 75
3494	259 11 80 241
3495	299 298 171 116
3496	242 58 92 162
3497	172 60 278 217
3498	105 91 220 184
3499	73 54 2 101
3500	167 212 14 56
3501	41 78 246 201
3502	18 5 118 150
3503	153 232 235 187
3504	238 156 124 85
3505	16 53 150 294
3506	39 82 57 217
3507	281 285 99 48
3508	272 193 32 175
3509	255 132 104 264
3510	198 86 115 144
3511	217 112 49 141
3512	163 127 76 77
3513	298 95 23 268
3514	247 297 254 203
3515	44 73 55 166
3516	174 110 19 74
3517	23 62 286 29
3518	44 120 265 96
3519	61 106 33 63
3520	52 254 263 240
3521	208 205 163 113
3522	216 238 260 3
3523	19 114 123 56
3524	172 75 18 102
3525	111 57 150 167
3526	46 247 89 70
3527	253 292 122 185
3528	226 134 122 292
3529	27 141 49 194
3530	141 19 18 155
3531	114 119 105 195
3532	64 179 6 93
3533	94 42 287 173
3534	117 211 291 186
3535	6 212 69 110
3536	208 258 125 175
3537	25 255 35 178
3538	94 275 82 183
3539	247 277 114 126
3540	115 110 9 13
3541	160 110 275 276
3542	47 66 54 268
3543	114 161 209 268
3544	269 121 137 287
3545	281 244 195 248
3546	187 156 17 249
3547	109 214 216 56
3548	268 118 191 66
3549	159 263 90 277
3550	74 106 104 296
3551	64 167 183 187
3552	288 186 91 176
3553	272 245 158 108
3554	198 261 6 66
3555	2 182 157 231
3556	96 266 235 154
3557	273 211 44 274
3558	246 216 30 280
3559	130 87 72 35
3560	98 38 28 102
3561	180 62 104 113
3562	120 108 191 237
3563	208 142 42 260
3564	292 176 89 75
3565	215 162 235 287
3566	89 142 48 183
3567	178 26 16 175
3568	12 69 140 116
3569	19 156 106 80
3570	243 295 170 82
3571	209 22 187 47
3572	46 273 178 136
3573	228 245 117 100
3574	248 93 194 268
3575	279 178 85 1
3576	129 74 261 247
3577	280 125 185 273
3578	11 239 117 212
3579	79 15 66 201
3580	72 278 44 40
3581	113 78 178 185
3582	109 165 201 26
3583	158 228 295 96
3584	272 154 35 81
3585	112 51 73 278
3586	118 133 111 73
3587	14 90 53 296
3588	265 48 145 125
3589	84 41 189 191
3590	125 285 177 26
3591	126 75 217 134
3592	129 158 49 300
3593	289 30 153 181
3594	39 168 211 69
3595	74 184 249 178
3596	109 211 288 142
3597	175 193 84 252
3598	54 232 95 46
3599	265 142 293 168
3600	242 89 106 75
3601	110 84 116 70
3602	31 260 107 299
3603	137 185 144 296
3604	293 300 88 73
3605	90 64 91 162
3606	100 268 253 165
3607	234 65 160 42
3608	126 73 38 234
3609	275 220 177 119
3610	93 210 30 103
3611	265 250 214 253
3612	94 228 27 275
3613	186 211 219 132
3614	276 254 124 299
3615	83 77 111 113
3616	194 62 291 111
3617	59 220 205 259
3618	223 218 129 37
3619	64 300 126 249
3620	139 45 258 183
3621	135 295 120 285
3622	252 99 239 155
3623	146 141 125 159
3624	144 4 39 248
3625	46 230 215 135
3626	31 105 246 128
3627	188 28 288 177
3628	209 256 7 238
3629	214 106 103 235
3630	112 196 52 26
3631	140 285 230 197
3632	267 23 159 275
3633	72 181 283 142
3634	245 89 263 260
3635	133 201 6 115
3636	23 116 117 270
3637	284 121 131 100
3638	99 177 45 200
3639	42 197 238 84
3640	100 186 134 249
3641	18 300 19 61
3642	272 245 137 275
3643	274 195 265 167
3644	86 193 210 192
3645	209 259 108 79
3646	68 107 17 183
3647	4 220 138 13
3648	275 127 168 11
3649	160 159 259 52
3650	187 250 172 208
3651	290 194 5 172
3652	93 263 255 262
3653	266 129 79 61
3654	60 31 106 21
3655	42 230 135 34
3656	274 237 184 21
3657	119 198 73 45
3658	248 166 113 298
3659	9 216 231 17
3660	211 96 181 180
3661	127 197 252 279
3662	53 234 244 187
3663	242 200 113 43
3664	52 223 138 104
3665	69 111 269 245
3666	294 104 233 153
3667	121 280 4 286
3668	114 198 163 277
3669	267 70 113 106
3670	174 271 259 177
3671	250 120 48 263
3672	152 60 61 169
3673	276 85 191 215
3674	237 84 141 269
3675	102 222 88 169
3676	152 109 146 266
3677	71 207 276 128
3678	231 266 5 205
3679	252 277 22 295
3680	98 50 276 118
3681	163 129 162 152
3682	293 260 179 289
3683	95 183 208 19
3684	278 150 40 51
3685	64 39 252 270
3686	300 46 148 235
3687	237 142 192 104
3688	112 200 61 75
3689	285 180 97 17
3690	66 84 138 86
3691	245 87 269 57
3692	186 181 117 121
3693	23 245 246 267
3694	227 119 17 215
3695	104 207 187 161
3696	145 82 87 90
3697	11 294 231 99
3698	34 249 253 15
3699	93 215 200 43
3700	106 80 96 75
3701	229 122 31 9
3702	44 206 136 290
3703	201 157 153 132
3704	112 190 207 299
3705	190 58 139 290
3706	58 107 245 109
3707	255 256 143 119
3708	26 162 81 68
3709	54 291 205 296
3710	169 278 29 191
3711	227 45 94 16
3712	249 88 12 240
3713	234 45 244 160
3714	208 246 30 115
3715	245 118 152 173
3716	101 213 293 265
3717	285 138 31 199
3718	66 102 216 23
3719	272 16 108 14
3720	181 131 13 221
3721	220 52 270 15
3722	49 179 250 267
3723	150 96 76 248
3724	170 234 125 65
3725	57 195 66 184
3726	14 153 133 292
3727	142 175 249 93
3728	270 59 111 245
3729	168 25 181 38
3730	176 236 92 270
3731	263 186 281 159
3732	280 225 139 36
3733	67 54 90 226
3734	142 196 49 208
3735	145 236 169 300
3736	283 243 291 29
3737	185 112 47 274
3738	51 50 52 161
3739	216 51 134 190
3740	299 294 180 229
3741	22 150 93 276
3742	218 296 141 3
3743	223 172 128 132
3744	190 107 222 86
3745	299 238 183 74
3746	91 61 79 299
3747	9 55 24 295
3748	93 116 251 74
3749	221 233 115 293
3750	167 17 57 170
3751	10 38 110 236
3752	226 217 214 32
3753	10 239 140 71
3754	22 184 256 164
3755	249 65 94 18
3756	184 239 256 11
3757	255 65 179 203
3758	128 224 215 156
3759	234 195 283 144
3760	39 35 18 198
3761	286 155 158 75
3762	198 4 259 141
3763	174 136 7 270
3764	204 122 280 125
3765	186 269 169 275
3766	57 63 65 117
3767	97 258 95 62
3768	113 41 32 169
3769	70 14 96 2
3770	134 232 70 136
3771	116 6 117 219
3772	36 24 61 2
3773	219 57 259 101
3774	235 75 78 194
3775	71 207 64 263
3776	241 267 271 148
3777	40 188 195 104
3778	122 161 279 285
3779	167 225 15 276
3780	153 274 194 264
3781	189 91 241 254
3782	128 183 113 135
3783	64 230 115 41
3784	282 194 242 148
3785	279 54 218 38
3786	71 274 42 295
3787	289 283 202 126
3788	185 121 228 252
3789	129 16 159 247
3790	207 297 48 3
3791	32 296 265 56
3792	170 192 201 104
3793	211 123 225 226
3794	255 32 279 210
3795	194 126 299 250
3796	61 262 232 186
3797	8 180 132 261
3798	61 86 298 162
3799	149 97 30 289
3800	247 202 201 13
3801	9 264 8 50
3802	43 219 175 260
3803	12 134 124 137
3804	17 98 196 206
3805	178 246 102 69
3806	146 131 209 123
3807	165 5 243 187
3808	32 164 14 151
3809	96 224 236 240
3810	89 24 292 99
3811	178 41 56 216
3812	223 162 34 44
3813	144 50 40 70
3814	9 249 300 288
3815	87 140 13 203
3816	87 116 146 256
3817	284 195 170 52
3818	48 21 111 55
3819	264 153 21 142
3820	282 228 211 262
3821	11 224 136 141
3822	48 205 99 2
3823	194 217 95 155
3824	152 102 17 48
3825	38 16 34 90
3826	110 234 115 65
3827	198 120 239 68
3828	27 200 38 243
3829	218 286 167 102
3830	127 55 137 95
3831	40 150 215 81
3832	155 131 229 9
3833	258 263 163 2
3834	70 100 140 15
3835	112 252 216 56
3836	181 136 151 207
3837	272 30 136 50
3838	181 127 105 75
3839	176 97 250 94
3840	170 226 183 197
3841	73 118 228 261
3842	19 275 1 247
3843	16 46 298 78
3844	44 180 69 149
3845	114 25 48 270
3846	153 244 177 31
3847	118 53 98 108
3848	77 122 115 85
3849	115 87 185 95
3850	185 69 59 260
3851	292 243 186 248
3852	67 216 231 158
3853	242 134 269 68
3854	72 69 255 223
3855	201 59 177 169
3856	286 264 178 153
3857	126 107 99 122
3858	68 280 81 261
3859	154 167 271 247
3860	165 293 268 136
3861	104 258 191 92
3862	105 289 279 285
3863	258 26 62 74
3864	54 34 283 42
3865	105 202 230 25
3866	151 148 5 226
3867	92 226 195 208
3868	186 256 185 236
3869	272 279 269 58
3870	211 9 270 242
3871	64 234 128 275
3872	100 14 226 202
3873	140 115 71 59
3874	32 156 193 84
3875	95 114 98 159
3876	15 8 281 130
3877	138 280 245 277
3878	30 209 290 179
3879	62 143 294 211
3880	67 163 246 297
3881	110 201 145 258
3882	164 255 220 32
3883	265 153 287 8
3884	133 125 287 58
3885	265 83 120 212
3886	281 216 122 125
3887	205 20 63 192
3888	283 38 134 164
3889	34 120 161 234
3890	188 165 204 55
3891	232 120 246 81
3892	3 208 218 171
3893	79 299 96 10
3894	269 125 39 70
3895	226 295 114 193
3896	145 168 268 273
3897	168 41 219 282
3898	138 148 260 205
3899	185 289 149 81
3900	99 261 33 3
3901	1 253 132 263
3902	162 290 10 82
3903	70 259 55 164
3904	13 86 65 51
3905	284 242 243 104
3906	54 208 120 64
3907	80 265 246 26
3908	19 238 186 243
3909	184 149 255 289
3910	231 269 11 63
3911	280 110 235 282
3912	29 17 2 34
3913	7 216 229 167
3914	253 41 62 274
3915	234 53 140 84
3916	287 270 21 82
3917	292 58 140 295
3918	95 94 194 101
3919	138 152 258 242
3920	88 31 21 258
3921	139 82 117 151
3922	194 203 43 127
3923	1 250 68 108
3924	267 39 71 73
3925	92 46 53 254
3926	204 292 175 87
3927	150 14 163 171
3928	101 175 88 12
3929	254 63 36 123
3930	67 62 255 225
3931	43 285 214 146
3932	79 125 199 299
3933	293 86 139 54
3934	157 192 80 55
3935	21 193 229 161
3936	145 65 33 256
3937	267 32 258 96
3938	72 297 141 260
3939	140 153 149 82
3940	212 31 271 11
3941	80 32 193 162
3942	175 298 269 86
3943	247 248 96 211
3944	191 21 212 78
3945	252 103 211 192
3946	212 224 77 32
3947	101 58 66 67
3948	203 224 247 103
3949	153 103 40 270
3950	158 161 211 228
3951	263 93 41 124
3952	157 299 149 264
3953	150 295 275 49
3954	158 7 168 259
3955	291 242 40 72
3956	109 238 110 158
3957	49 232 93 248
3958	87 9 242 280
3959	209 40 60 117
3960	146 68 99 16
3961	139 50 228 19
3962	224 92 208 24
3963	160 228 164 239
3964	144 208 105 127
3965	82 225 125 284
3966	120 285 58 195
3967	144 41 208 185
3968	110 170 298 287
3969	127 192 123 15
3970	133 48 15 299
3971	53 234 52 106
3972	259 226 177 265
3973	283 16 32 223
3974	135 107 43 186
3975	82 251 185 294
3976	234 124 174 266
3977	134 11 193 290
3978	239 5 84 7
3979	300 108 276 21
3980	1 80 239 238
3981	213 238 101 108
3982	7 292 200 71
3983	264 162 209 183
3984	44 62 155 256
3985	238 168 88 208
3986	75 20 55 261
3987	161 4 7 213
3988	235 68 94 44
3989	272 91 162 210
3990	162 155 101 285
3991	250 200 184 277
3992	188 87 93 105
3993	59 77 74 189
3994	113 250 179 212
3995	32 23 173 140
3996	248 19 95 191
3997	105 35 81 62
3998	114 149 21 106
3999	109 223 249 152
4000	195 246 137 271
4001	111 179 258 222
4002	295 148 156 105
4003	156 145 23 263
4004	67 126 96 73
4005	208 16 202 117
4006	84 25 180 12
4007	113 206 97 9
4008	184 173 156 103
4009	150 195 14 21
4010	141 173 96 283
4011	87 148 289 85
4012	223 186 268 170
4013	102 186 233 179
4014	149 7 24 69
4015	243 49 272 189
4016	6 123 233 280
4017	110 182 286 20
4018	257 17 250 4
4019	211 37 92 209
4020	186 70 4 91
4021	252 41 176 179
4022	210 98 67 172
4023	34 155 240 192
4024	221 211 210 115
4025	209 213 296 264
4026	196 76 210 189
4027	249 63 116 6
4028	118 25 242 134
4029	96 22 64 62
4030	300 6 80 268
4031	172 91 291 147
4032	158 36 253 249
4033	193 23 276 47
4034	16 154 41 291
4035	168 171 61 69
4036	45 71 206 153
4037	43 123 177 127
4038	106 9 88 238
4039	10 194 39 284
4040	153 98 61 280
4041	203 52 176 266
4042	73 292 15 226
4043	20 234 67 278
4044	48 145 243 185
4045	35 150 160 151
4046	137 118 160 89
4047	92 288 45 10
4048	294 34 46 250
4049	290 243 188 18
4050	137 20 134 5
4051	10 84 78 205
4052	99 126 283 120
4053	144 228 49 226
4054	2 250 45 76
4055	27 237 285 5
4056	115 179 158 53
4057	238 164 249 251
4058	243 98 230 222
4059	148 22 244 50
4060	232 53 201 94
4061	249 41 189 47
4062	14 65 129 43
4063	14 169 107 45
4064	36 27 184 226
4065	247 81 121 259
4066	96 206 20 28
4067	197 20 95 66
4068	35 238 17 46
4069	39 139 15 198
4070	252 35 160 105
4071	58 106 272 216
4072	27 31 271 191
4073	125 135 267 110
4074	285 81 298 77
4075	9 249 141 250
4076	88 172 252 286
4077	123 201 247 218
4078	77 122 243 195
4079	195 187 111 224
4080	85 163 45 9
4081	224 246 60 198
4082	287 30 120 234
4083	278 180 35 34
4084	51 68 93 300
4085	202 164 161 132
4086	61 222 239 16
4087	298 41 13 259
4088	171 125 73 27
4089	181 241 162 139
4090	155 278 261 158
4091	235 205 20 209
4092	175 218 94 29
4093	228 145 8 191
4094	182 97 130 152
4095	205 137 83 259
4096	34 134 126 67
4097	136 74 217 149
4098	49 180 214 223
4099	255 223 137 15
4100	90 107 235 164
4101	210 236 17 184
4102	121 163 278 288
4103	39 202 229 127
4104	292 53 82 119
4105	63 265 106 272
4106	146 164 263 232
4107	213 150 35 73
4108	104 137 108 116
4109	7 289 40 263
4110	24 276 257 87
4111	244 205 32 154
4112	104 8 25 276
4113	67 27 113 288
4114	191 253 92 248
4115	50 93 125 186
4116	94 124 168 107
4117	170 163 282 129
4118	74 264 279 182
4119	9 208 28 287
4120	296 234 290 67
4121	296 127 160 173
4122	24 98 80 121
4123	290 45 40 269
4124	299 92 5 30
4125	67 283 272 40
4126	225 263 283 120
4127	219 95 79 211
4128	78 20 102 34
4129	29 115 52 37
4130	57 99 20 248
4131	259 147 248 58
4132	4 244 91 35
4133	56 241 122 182
4134	244 104 138 20
4135	283 252 63 74
4136	118 82 60 10
4137	268 300 286 11
4138	23 144 231 111
4139	163 165 60 147
4140	235 240 281 48
4141	116 25 50 214
4142	293 186 87 97
4143	37 45 220 104
4144	130 216 241 105
4145	196 276 220 70
4146	24 91 156 267
4147	145 293 1 134
4148	10 39 17 145
4149	240 104 149 247
4150	214 234 78 192
4151	68 72 265 164
4152	200 101 205 199
4153	139 99 132 172
4154	162 250 31 277
4155	240 298 52 253
4156	205 25 164 96
4157	222 131 70 228
4158	264 269 34 56
4159	27 218 79 265
4160	38 263 53 196
4161	197 146 179 242
4162	279 46 129 175
4163	149 122 206 207
4164	194 122 4 28
4165	177 86 220 166
4166	187 12 212 62
4167	54 38 220 17
4168	53 221 236 136
4169	21 43 29 103
4170	20 31 104 278
4171	146 144 185 104
4172	155 121 6 276
4173	297 45 120 16
4174	115 272 232 135
4175	124 5 31 39
4176	63 197 138 94
4177	172 285 18 56
4178	255 225 160 297
4179	282 56 274 163
4180	150 287 38 185
4181	158 87 162 270
4182	79 246 67 129
4183	14 23 267 133
4184	256 38 61 195
4185	222 80 86 5
4186	171 44 152 121
4187	113 218 118 188
4188	162 208 133 151
4189	176 163 253 91
4190	19 219 123 21
4191	51 120 300 148
4192	13 284 3 205
4193	276 38 235 128
4194	183 134 144 194
4195	77 173 288 224
4196	170 133 278 21
4197	99 159 156 106
4198	218 198 192 284
4199	56 162 276 295
4200	282 291 174 54
4201	81 106 62 45
4202	151 182 228 142
4203	263 234 254 78
4204	181 70 275 95
4205	23 188 63 119
4206	190 300 66 266
4207	93 204 77 292
4208	174 227 92 168
4209	22 146 272 215
4210	28 129 241 40
4211	36 18 212 168
4212	227 58 225 57
4213	288 234 30 72
4214	132 198 94 76
4215	294 217 241 149
4216	294 8 262 256
4217	295 18 14 91
4218	141 111 193 222
4219	220 160 256 103
4220	241 19 149 13
4221	277 122 212 184
4222	285 158 254 182
4223	164 31 110 259
4224	8 18 56 240
4225	58 106 154 6
4226	81 70 146 110
4227	182 153 88 186
4228	54 284 15 163
4229	229 154 4 90
4230	123 131 195 105
4231	179 191 54 173
4232	97 295 245 300
4233	192 235 272 177
4234	137 23 227 62
4235	154 180 36 268
4236	172 1 39 199
4237	197 10 142 21
4238	89 207 15 28
4239	84 117 235 266
4240	270 215 285 21
4241	6 262 135 53
4242	286 211 138 250
4243	18 53 76 275
4244	76 61 177 260
4245	153 20 8 296
4246	15 267 134 189
4247	25 285 287 201
4248	100 47 266 238
4249	258 84 96 116
4250	254 104 76 235
4251	235 105 127 214
4252	229 30 255 123
4253	156 91 170 49
4254	56 47 28 64
4255	258 60 287 277
4256	57 83 120 244
4257	73 6 172 143
4258	267 270 144 177
4259	147 134 150 252
4260	87 82 16 224
4261	280 286 218 241
4262	68 99 10 276
4263	155 51 38 165
4264	233 51 264 72
4265	118 230 50 232
4266	274 63 18 11
4267	190 41 287 93
4268	297 62 189 14
4269	151 285 111 79
4270	292 9 151 122
4271	210 74 95 148
4272	262 256 70 144
4273	146 49 214 104
4274	282 206 43 280
4275	148 136 111 158
4276	192 121 51 132
4277	92 294 223 299
4278	85 113 16 217
4279	167 15 161 273
4280	136 163 119 215
4281	133 286 51 210
4282	15 76 216 300
4283	300 108 122 148
4284	258 166 231 255
4285	143 88 272 93
4286	16 190 101 175
4287	100 71 297 171
4288	262 8 59 55
4289	86 170 183 239
4290	43 236 51 199
4291	226 272 155 154
4292	263 90 288 250
4293	242 54 157 232
4294	113 176 11 237
4295	132 28 24 288
4296	244 288 283 216
4297	176 185 193 276
4298	31 172 69 75
4299	227 124 267 250
4300	85 43 200 284
4301	200 189 146 207
4302	100 56 151 99
4303	141 142 276 189
4304	154 151 117 27
4305	142 263 279 274
4306	254 77 267 29
4307	100 74 46 243
4308	105 294 217 59
4309	226 216 288 58
4310	281 284 159 194
4311	201 160 249 73
4312	223 263 132 187
4313	227 50 92 67
4314	231 239 214 24
4315	238 201 84 294
4316	97 228 137 286
4317	54 47 71 120
4318	212 171 254 159
4319	117 235 94 258
4320	24 78 60 183
4321	181 208 13 102
4322	30 282 25 13
4323	77 68 76 204
4324	78 232 238 290
4325	116 157 294 66
4326	121 114 225 59
4327	283 295 9 287
4328	279 179 238 2
4329	92 102 205 13
4330	186 202 263 192
4331	69 68 296 168
4332	266 25 128 263
4333	116 221 98 62
4334	119 285 130 12
4335	147 91 79 189
4336	247 226 152 268
4337	197 116 12 5
4338	95 58 21 25
4339	110 233 284 193
4340	287 166 164 233
4341	259 47 108 9
4342	56 160 148 152
4343	94 108 104 167
4344	148 174 213 78
4345	104 49 226 95
4346	116 268 226 93
4347	277 263 12 92
4348	198 14 182 89
4349	168 277 128 20
4350	166 213 27 196
4351	27 156 185 51
4352	60 98 33 160
4353	3 51 48 52
4354	249 26 15 135
4355	30 67 226 154
4356	68 196 223 163
4357	288 250 163 263
4358	243 92 262 184
4359	15 100 167 256
4360	292 229 127 91
4361	36 252 178 143
4362	60 201 95 51
4363	98 111 139 89
4364	144 206 225 229
4365	58 120 244 23
4366	173 54 79 138
4367	169 26 168 111
4368	269 130 161 182
4369	126 165 148 229
4370	103 255 236 172
4371	11 254 32 154
4372	149 178 296 143
4373	129 118 68 215
4374	184 267 46 38
4375	93 59 190 253
4376	133 213 85 229
4377	186 227 121 231
4378	212 137 184 214
4379	206 109 127 254
4380	286 35 117 294
4381	141 85 21 219
4382	9 195 95 37
4383	225 182 269 283
4384	266 138 168 130
4385	77 163 225 1
4386	110 132 43 212
4387	194 158 182 42
4388	252 117 128 55
4389	259 272 45 95
4390	271 226 94 151
4391	287 228 279 32
4392	67 19 216 159
4393	207 64 259 189
4394	149 285 6 287
4395	59 200 185 130
4396	272 151 155 267
4397	142 128 139 285
4398	93 151 118 108
4399	288 232 295 122
4400	281 105 62 53
4401	118 83 116 109
4402	72 169 26 109
4403	299 138 225 191
4404	242 199 67 279
4405	84 186 288 43
4406	71 278 78 218
4407	199 205 123 271
4408	88 289 276 133
4409	159 58 134 207
4410	173 137 57 73
4411	196 63 4 70
4412	201 190 237 60
4413	257 5 154 114
4414	203 54 209 191
4415	294 74 207 240
4416	149 96 299 65
4417	181 105 211 281
4418	285 216 207 151
4419	32 298 71 221
4420	295 196 89 236
4421	5 36 120 58
4422	241 160 35 46
4423	279 275 159 284
4424	31 165 196 35
4425	155 268 98 270
4426	55 193 104 199
4427	214 157 242 108
4428	45 126 296 67
4429	118 224 105 76
4430	20 6 108 284
4431	133 203 227 262
4432	112 15 137 155
4433	158 156 192 258
4434	201 289 100 23
4435	113 158 170 126
4436	134 43 16 275
4437	4 94 138 98
4438	60 27 139 58
4439	238 165 101 260
4440	258 218 132 143
4441	259 71 40 217
4442	141 244 42 199
4443	59 108 160 216
4444	168 287 82 242
4445	19 219 280 168
4446	211 114 237 115
4447	134 51 108 245
4448	114 5 149 241
4449	220 4 1 23
4450	91 270 9 114
4451	190 49 77 145
4452	35 42 90 135
4453	61 132 156 282
4454	142 271 284 27
4455	186 35 265 258
4456	79 287 219 38
4457	251 202 204 281
4458	106 177 285 181
4459	6 87 100 233
4460	205 54 272 11
4461	31 73 131 32
4462	61 19 74 24
4463	164 50 96 119
4464	258 70 206 296
4465	194 244 261 156
4466	246 240 88 26
4467	192 95 245 108
4468	203 164 12 33
4469	129 261 89 105
4470	295 251 122 194
4471	165 240 137 167
4472	16 246 212 75
4473	206 119 120 90
4474	68 73 204 20
4475	113 3 146 12
4476	298 193 21 18
4477	68 205 279 147
4478	281 246 53 158
4479	153 63 59 281
4480	60 218 69 62
4481	78 238 223 287
4482	187 267 223 189
4483	86 24 48 285
4484	115 36 225 208
4485	91 146 54 158
4486	244 18 263 181
4487	123 228 17 224
4488	206 209 150 178
4489	47 211 98 177
4490	245 149 276 74
4491	181 110 298 1
4492	51 187 18 134
4493	191 101 30 258
4494	23 205 124 225
4495	296 264 195 298
4496	207 61 242 104
4497	144 8 127 210
4498	89 251 79 296
4499	83 143 217 114
4500	186 220 183 260
4501	259 107 70 115
4502	255 77 257 288
4503	298 171 79 253
4504	220 137 73 83
4505	246 99 114 270
4506	205 57 223 105
4507	276 8 297 239
4508	157 266 105 145
4509	288 82 236 70
4510	68 75 255 120
4511	143 94 49 226
4512	195 21 276 204
4513	45 144 134 68
4514	32 143 98 160
4515	228 170 209 17
4516	115 174 190 201
4517	51 77 35 139
4518	179 155 147 144
4519	94 242 139 12
4520	50 84 165 72
4521	146 55 248 230
4522	33 173 145 247
4523	2 240 15 262
4524	196 61 292 60
4525	172 226 150 74
4526	70 21 177 56
4527	154 87 132 173
4528	268 9 149 251
4529	154 214 98 7
4530	5 49 103 158
4531	75 187 83 17
4532	157 9 159 287
4533	245 223 221 7
4534	174 184 252 71
4535	252 283 240 26
4536	26 143 253 236
4537	173 102 9 151
4538	78 174 286 294
4539	117 155 162 170
4540	258 254 266 99
4541	159 294 22 49
4542	231 107 92 163
4543	59 262 112 170
4544	251 113 291 7
4545	177 297 175 17
4546	65 57 22 188
4547	228 165 273 213
4548	219 162 232 262
4549	202 280 181 258
4550	175 255 140 94
4551	54 226 95 10
4552	262 37 205 113
4553	179 152 135 295
4554	242 232 254 283
4555	288 108 126 268
4556	136 205 22 228
4557	41 291 293 88
4558	150 271 105 58
4559	183 115 25 220
4560	52 148 190 272
4561	195 30 204 193
4562	175 282 191 200
4563	136 258 271 71
4564	19 215 225 70
4565	265 278 223 25
4566	255 40 271 261
4567	83 173 243 104
4568	183 94 121 277
4569	142 120 158 146
4570	291 67 81 162
4571	296 137 37 257
4572	26 4 46 153
4573	206 246 235 70
4574	240 141 252 281
4575	295 155 50 190
4576	124 24 157 210
4577	214 249 222 50
4578	261 241 250 86
4579	135 206 22 263
4580	136 228 49 30
4581	284 299 251 178
4582	11 104 110 184
4583	298 232 233 45
4584	253 177 33 130
4585	63 11 65 177
4586	113 95 295 274
4587	178 223 121 182
4588	61 26 4 275
4589	58 117 140 142
4590	133 247 33 32
4591	177 92 230 237
4592	286 276 82 201
4593	24 132 145 263
4594	205 80 89 294
4595	106 30 47 129
4596	75 253 34 52
4597	44 63 113 285
4598	140 295 158 42
4599	59 102 169 148
4600	235 23 109 232
4601	214 296 272 136
4602	265 42 52 105
4603	49 42 72 56
4604	217 135 219 200
4605	55 2 269 13
4606	33 106 205 185
4607	65 66 117 63
4608	53 77 221 234
4609	36 192 95 7
4610	32 66 194 152
4611	76 282 188 225
4612	110 235 61 268
4613	213 190 5 256
4614	266 22 264 232
4615	224 133 19 139
4616	118 249 90 148
4617	7 119 25 135
4618	179 107 57 113
4619	239 95 129 188
4620	11 39 206 27
4621	74 290 32 62
4622	74 60 231 255
4623	145 17 100 285
4624	182 18 194 25
4625	88 170 62 83
4626	91 89 48 258
4627	58 143 300 127
4628	133 237 274 201
4629	284 211 37 147
4630	73 269 213 273
4631	68 233 219 279
4632	37 131 240 217
4633	136 189 1 279
4634	36 153 276 167
4635	220 278 102 48
4636	276 91 43 214
4637	227 163 88 79
4638	156 112 194 127
4639	85 203 5 81
4640	144 120 97 178
4641	72 66 108 165
4642	186 146 246 13
4643	240 295 150 147
4644	111 67 142 223
4645	112 181 297 213
4646	67 155 115 54
4647	232 187 138 174
4648	95 272 196 139
4649	29 151 176 288
4650	62 168 12 278
4651	37 277 200 283
4652	180 33 118 163
4653	13 206 79 157
4654	260 158 235 254
4655	21 56 54 92
4656	292 144 13 239
4657	240 287 177 91
4658	295 146 17 85
4659	64 118 76 202
4660	278 76 283 101
4661	264 225 269 79
4662	140 220 3 104
4663	199 104 21 226
4664	238 57 1 143
4665	39 183 151 72
4666	4 174 195 201
4667	35 155 263 282
4668	188 285 30 245
4669	140 287 64 142
4670	205 266 265 294
4671	32 90 166 45
4672	99 153 35 215
4673	25 160 206 30
4674	178 275 99 198
4675	110 25 30 113
4676	101 183 41 263
4677	254 79 223 221
4678	84 224 162 195
4679	67 99 154 81
4680	172 67 5 54
4681	259 123 201 151
4682	29 62 66 213
4683	247 101 235 155
4684	122 4 105 13
4685	29 248 15 190
4686	90 249 226 283
4687	131 60 250 258
4688	24 68 82 284
4689	108 110 150 183
4690	268 284 67 64
4691	167 191 108 187
4692	294 15 205 187
4693	116 126 166 251
4694	73 28 278 300
4695	60 257 111 247
4696	121 192 150 288
4697	289 47 8 222
4698	22 213 125 276
4699	275 177 62 223
4700	115 96 103 87
4701	201 159 245 300
4702	96 210 151 115
4703	83 10 250 54
4704	24 189 70 28
4705	260 121 80 132
4706	131 49 7 193
4707	136 126 17 102
4708	38 189 100 25
4709	135 243 98 45
4710	17 190 98 109
4711	2 79 290 148
4712	266 208 12 253
4713	17 295 108 124
4714	109 153 13 182
4715	84 223 196 80
4716	234 129 147 86
4717	10 19 94 111
4718	280 233 204 22
4719	176 224 281 279
4720	258 39 166 34
4721	21 185 53 170
4722	241 167 110 227
4723	233 198 99 223
4724	255 292 213 18
4725	160 55 226 138
4726	238 188 87 141
4727	121 244 119 272
4728	276 189 153 246
4729	239 112 282 26
4730	181 32 191 219
4731	269 198 244 31
4732	212 71 149 260
4733	52 69 292 143
4734	55 297 13 270
4735	137 18 231 216
4736	87 259 225 200
4737	80 252 127 163
4738	105 55 253 190
4739	179 87 157 45
4740	57 285 145 281
4741	229 141 255 144
4742	215 70 202 283
4743	159 197 61 253
4744	181 106 101 284
4745	9 194 106 274
4746	102 280 55 158
4747	260 230 73 298
4748	116 279 84 16
4749	14 300 156 119
4750	221 131 277 38
4751	78 269 8 287
4752	160 261 90 274
4753	157 239 141 273
4754	30 194 200 12
4755	295 9 168 271
4756	53 44 73 36
4757	77 130 292 149
4758	261 278 217 29
4759	191 124 99 64
4760	104 247 159 54
4761	1 108 252 64
4762	18 134 300 209
4763	111 238 194 190
4764	293 25 179 13
4765	155 57 37 294
4766	273 216 264 118
4767	191 25 74 289
4768	61 83 207 146
4769	291 234 16 240
4770	31 54 125 194
4771	4 260 217 65
4772	260 139 120 148
4773	257 242 53 160
4774	105 222 176 251
4775	280 94 127 297
4776	155 241 221 78
4777	204 17 197 110
4778	147 118 199 101
4779	98 198 95 8
4780	194 70 125 250
4781	42 67 262 121
4782	177 122 140 164
4783	289 262 244 56
4784	74 188 154 119
4785	187 212 15 76
4786	64 188 241 220
4787	290 89 281 200
4788	230 253 224 273
4789	264 95 66 23
4790	176 272 48 154
4791	227 75 130 289
4792	105 283 222 243
4793	10 26 222 119
4794	256 167 36 123
4795	178 267 234 50
4796	58 127 165 101
4797	205 180 238 87
4798	258 270 94 57
4799	292 290 55 89
4800	77 190 248 111
4801	22 185 222 255
4802	111 54 300 275
4803	188 86 292 204
4804	215 248 114 227
4805	175 278 72 23
4806	213 113 184 276
4807	262 8 18 197
4808	265 128 27 156
4809	300 207 145 148
4810	43 213 245 34
4811	151 63 99 25
4812	127 159 104 134
4813	103 208 13 71
4814	163 259 288 99
4815	157 282 30 119
4816	56 205 155 284
4817	56 88 22 113
4818	49 66 291 205
4819	122 83 29 81
4820	280 130 31 52
4821	237 295 275 201
4822	163 188 6 21
4823	202 243 160 25
4824	219 88 177 235
4825	131 246 121 41
4826	258 157 179 89
4827	286 88 58 211
4828	272 299 43 259
4829	232 52 85 4
4830	84 115 218 155
4831	258 293 215 111
4832	223 71 197 257
4833	47 166 200 13
4834	26 255 149 277
4835	97 114 123 195
4836	100 92 256 163
4837	50 133 119 53
4838	207 6 62 257
4839	63 226 83 77
4840	74 103 130 259
4841	113 209 32 221
4842	220 203 248 110
4843	124 43 200 22
4844	147 278 18 142
4845	230 166 60 289
4846	245 188 26 136
4847	210 3 267 208
4848	29 158 18 151
4849	41 202 242 154
4850	203 35 214 46
4851	85 22 240 53
4852	5 156 29 157
4853	244 280 286 246
4854	198 141 129 195
4855	297 298 246 157
4856	14 109 265 36
4857	68 215 274 101
4858	20 57 158 144
4859	141 107 2 142
4860	112 229 292 218
4861	97 163 59 201
4862	234 221 199 33
4863	92 140 210 126
4864	264 255 10 104
4865	252 248 270 271
4866	251 78 125 257
4867	127 242 92 278
4868	187 6 220 125
4869	111 234 148 57
4870	142 169 249 10
4871	257 280 144 134
4872	33 138 162 71
4873	133 205 140 266
4874	117 289 108 121
4875	86 162 40 80
4876	105 150 300 240
4877	42 32 133 236
4878	103 236 274 101
4879	269 300 31 223
4880	232 93 86 275
4881	271 243 192 83
4882	80 199 287 76
4883	121 191 133 112
4884	141 185 42 285
4885	174 102 241 130
4886	161 272 256 69
4887	112 140 182 77
4888	116 115 142 174
4889	252 187 300 113
4890	27 170 260 268
4891	48 82 4 290
4892	126 210 60 122
4893	160 14 274 131
4894	148 1 163 282
4895	25 41 228 291
4896	155 91 47 93
4897	192 243 142 278
4898	67 13 125 281
4899	194 257 146 4
4900	74 141 38 257
4901	241 169 2 171
4902	205 19 55 59
4903	287 265 192 50
4904	142 53 90 70
4905	209 180 74 268
4906	221 177 259 273
4907	189 192 190 135
4908	14 251 233 118
4909	196 37 253 36
4910	258 67 168 265
4911	253 131 206 61
4912	197 284 254 152
4913	95 111 80 115
4914	21 299 248 131
4915	98 92 94 196
4916	90 143 64 252
4917	76 177 61 91
4918	96 141 229 129
4919	126 130 220 94
4920	297 251 110 192
4921	242 46 255 64
4922	297 53 110 126
4923	160 26 211 56
4924	177 221 235 209
4925	170 97 217 185
4926	197 68 227 117
4927	187 52 156 274
4928	9 97 207 191
4929	89 138 260 189
4930	87 50 72 195
4931	156 247 63 92
4932	55 97 146 38
4933	54 192 174 161
4934	158 122 127 218
4935	55 193 45 284
4936	54 50 40 148
4937	210 5 16 195
4938	220 246 239 123
4939	87 162 185 226
4940	299 84 33 163
4941	170 118 159 44
4942	274 104 141 93
4943	207 78 15 220
4944	156 298 209 148
4945	125 245 268 172
4946	230 196 15 149
4947	187 2 290 89
4948	137 241 206 89
4949	93 51 233 46
4950	118 65 230 41
4951	228 257 266 255
4952	240 277 255 260
4953	54 22 184 39
4954	143 117 120 66
4955	134 231 194 169
4956	214 97 207 269
4957	224 179 63 232
4958	276 92 177 216
4959	220 126 290 157
4960	10 226 98 83
4961	188 157 233 227
4962	91 201 161 256
4963	8 59 61 190
4964	227 119 168 112
4965	169 78 144 15
4966	179 235 83 67
4967	144 12 176 68
4968	57 136 184 18
4969	171 290 165 4
4970	127 287 15 139
4971	298 119 266 265
4972	274 293 49 250
4973	222 126 13 287
4974	100 238 233 216
4975	188 267 205 226
4976	189 159 192 260
4977	253 22 97 122
4978	137 210 212 6
4979	214 283 193 26
4980	22 133 39 296
4981	78 93 125 74
4982	78 212 155 140
4983	251 200 207 248
4984	1 217 295 56
4985	169 202 106 94
4986	199 209 234 225
4987	228 155 20 231
4988	214 195 40 71
4989	133 152 274 70
4990	148 20 248 297
4991	231 191 214 190
4992	45 7 276 62
4993	93 2 69 91
4994	136 93 175 288
4995	107 133 249 116
4996	111 35 204 283
4997	207 271 75 291
4998	9 211 81 261
4999	260 214 98 171
5000	75 209 160 210
