Course	Room	Teacher	Time	Students
229	9	109	2	102 122 509 527 589 937 945 1017 1032 1067 1069 1165 1185 1290 1343 1470 1789 1881 1940 2011 2024 2205 2481 2488 2502 2584 2656 2931 2991 3102 3128 3213 3235 3320 3526 3528 3563 3594 3640 3755 3873 3963 3967 4017 4088 4110 4127 4273 4343 4400 4437 4556 4569 4574 4696 4740 4741 4807 4830 4842 4879 4917 4990
135	17	119	2	5 40 104 175 316 518 544 564 673 677 946 994 1005 1010 1018 1116 1153 1154 1222 1374 1405 1538 1569 1774 1866 1951 1989 1998 2036 2045 2091 2122 2175 2177 2235 2251 2454 2486 2567 2633 2711 2713 2744 2799 2836 2852 2870 2957 3016 3051 3124 3371 3383 3387 3480 3485 3590 3635 3769 3856 3916 3951 4103 4176 4193 4202 4355 4471 4502 4553 4592 4622 4646 4686 4786 4881 4939 4976 4993
68	26	10	2	41 77 152 220 232 245 365 420 496 613 641 659 676 692 1244 1574 1640 1725 1739 1750 1782 1816 1892 1910 1946 2084 2262 2330 2361 2412 2420 2433 2495 2525 2725 2764 2968 3013 3172 3276 3436 3445 3497 3500 3560 3582 3605 3695 3707 3816 3830 3840 3868 3892 4091 4094 4159 4186 4195 4217 4244 4372 4525 4722 4742 4828 4898 4905 4909
84	7	140	2	20 213 340 452 477 570 686 715 753 865 943 996 1077 1195 1223 1241 1253 1265 1402 1457 1636 1779 1873 1945 2013 2032 2047 2074 2118 2126 2132 2161 2173 2445 2479 2523 2595 2830 2876 2970 3017 3086 3089 3092 3096 3148 3168 3334 3375 3376 3494 3519 3574 3607 3641 3763 3917 4061 4063 4067 4206 4209 4516 4602 4649 4785 4950 4970 4973 4988
172	35	116	2	176 184 237 276 401 427 498 580 669 749 795 824 897 907 928 949 1196 1439 1467 1471 1537 1633 1660 1702 1770 1778 1787 1899 1934 1970 1977 2054 2082 2394 2403 2455 2471 2602 2617 2641 2647 2705 2842 2850 2913 2935 3024 3053 3279 3411 3598 3628 3762 3802 3805 3877 3988 4376 4408 4438 4469 4561 4781 4819 4824 4873 4925
175	28	76	2	105 128 281 390 429 453 479 709 846 984 1003 1105 1132 1139 1214 1316 1326 1367 1442 1518 1616 1631 1884 1927 2281 2338 2345 2357 2423 2475 2480 2652 2663 2715 2780 2821 2857 3000 3198 3233 3256 3349 3391 3440 3531 3599 3680 3822 3825 3937 3957 4007 4008 4158 4242 4309 4506 4534 4567 4668 4728 4864 4866 4942 4946 4995
46	32	102	2	61 80 135 215 449 551 571 588 634 708 779 812 820 844 845 986 1015 1041 1138 1266 1273 1409 1448 1478 1486 1559 1584 1592 1647 1672 1716 1738 1771 1815 1853 1857 2022 2023 2186 2368 2501 2541 2577 2716 2781 2926 2980 3011 3097 3143 3161 3194 3218 3264 3340 3372 3393 3504 3849 3880 3975 4040 4086 4228 4380 4426 4495 4578 4659 4701 4822 4845 4846
81	11	8	2	235 239 435 531 596 618 623 759 761 767 831 834 980 999 1023 1089 1117 1167 1169 1187 1207 1324 1385 1386 1407 1534 1546 1667 1699 1720 1768 1877 1891 1971 1988 2020 2150 2228 2257 2343 2416 2452 2538 2621 2754 2755 2760 2888 2960 2974 3090 3099 3125 3236 3286 3378 3479 3503 3595 3624 3870 3941 4059 4073 4075 4167 4185 4377 4521 4776 4796 4947
115	31	138	2	260 261 289 304 305 309 321 354 380 442 552 607 649 650 857 883 1034 1096 1309 1342 1397 1429 1441 1482 1562 1588 1600 1610 1652 1680 1701 1713 1798 1869 2043 2053 2069 2163 2224 2303 2399 2661 2691 2721 2735 2997 3059 3145 3150 3157 3254 3380 3677 3708 3800 3857 4424 4512 4589 4617 4650 4762 4886 4906
267	3	43	2	171 258 285 353 426 530 556 685 1009 1242 1283 1286 1349 1416 1453 1490 1664 1715 1767 1773 1804 1834 1850 1852 1923 1952 2342 2378 2571 2606 2658 2731 2804 2817 2906 2936 3153 3183 3186 3274 3322 3333 3438 3626 3649 3752 3888 3991 4100 4139 4184 4276 4302 4326 4363 4550 4557 4588 4613 4621 4729 4901
29	8	135	2	8 51 70 160 180 209 284 347 415 646 679 757 876 903 963 1045 1114 1255 1296 1376 1454 1746 1769 1844 1886 1972 2149 2152 2477 2546 2570 2612 2717 2728 2903 3163 3177 3195 3356 3370 3463 3643 3863 3997 4000 4178 4205 4286 4315 4401 4436 4535 4627 4683 4688 4732 4792 4802 4806 4882 4958 4968
74	36	6	2	92 131 195 273 303 319 328 360 394 902 1075 1174 1203 1248 1398 1488 1504 1602 1687 1705 1882 1987 2107 2217 2422 2464 2639 2675 2765 2856 2871 2889 3095 3247 3344 3439 3492 3517 3529 3687 3690 3742 3792 3835 3998 4201 4216 4291 4305 4308 4311 4444 4451 4598 4626 4736 4813 4827 4979
107	15	132	2	15 257 292 336 502 515 542 575 833 932 941 991 993 997 1086 1164 1231 1328 1330 1645 1671 1765 1826 1925 2017 2065 2285 2327 2381 2393 2467 2503 2527 2626 2820 2861 2972 2988 3029 3079 3105 3116 3164 3246 3292 3331 3388 3471 3551 3621 3786 3852 3890 3964 3970 3980 4012 4079 4098 4144 4152 4334 4403 4409
177	18	69	2	90 110 126 174 218 334 381 469 504 595 758 766 910 990 1112 1205 1451 1560 1603 1620 1670 1688 1741 1757 1784 1847 2119 2165 2309 2370 2839 2886 2887 3058 3160 3210 3275 3287 3398 3518 3588 3694 3717 3859 3938 3953 4066 4172 4208 4314 4360 4396 4515 4681 4685 4718 4719 4745 4784 4867
275	2	25	2	22 107 234 314 462 510 550 741 781 822 1049 1054 1121 1413 1516 1523 1615 1629 1669 1883 1909 1992 2030 2101 2134 2139 2356 2366 2369 2406 2438 2564 2604 2673 2718 2779 2812 2838 3100 3170 3248 3271 3353 3379 3389 3455 3733 3929 4104 4210 4214 4248 4252 4346 4486 4497 4528 4540 4597 4611 4690 4725 4749 4775 4895 4949 4992
6	10	53	2	18 96 208 210 283 620 663 699 705 882 974 1064 1111 1150 1184 1307 1325 1388 1426 1485 1571 1621 1719 1781 1799 1874 1955 2105 2172 2283 2511 2590 2593 2667 2747 2751 2868 3014 3065 3174 3181 3341 3444 3577 3667 3691 3977 3992 4010 4137 4199 4289 4344 4463 4476 4481 4614 4653 4662 4903 4966 4981
28	20	103	2	4 46 49 272 290 569 592 729 813 926 1383 1447 1591 1796 1856 2055 2077 2089 2451 2592 2597 2634 2739 2787 2922 2942 2977 3067 3138 3205 3231 3347 3348 3385 3399 3421 3472 3474 3506 3554 3591 3973 3994 4114 4162 4258 4269 4304 4552 4595 4631 4635 4654 4656 4715 4834 4836 4861 4940 4984 4998
33	4	7	2	29 38 56 169 270 323 601 854 1071 1135 1331 1363 1365 1544 1683 1819 1894 2019 2026 2108 2250 2427 2605 2681 2700 2853 2899 2963 3022 3046 3049 3332 3553 3615 3662 3730 3754 3823 3832 3851 3891 3978 4006 4018 4070 4123 4160 4211 4386 4441 4442 4464 4549 4599 4638 4655 4691 4764 4780 4791 4859 4915 4916 5000
166	21	88	2	127 190 242 366 524 532 662 675 682 808 811 900 992 1002 1019 1073 1202 1218 1259 1335 1375 1491 1635 1646 1678 1685 1692 1743 1783 1920 1958 2085 2088 2469 2579 2581 2594 2608 2865 2981 2990 3025 3130 3152 3171 3182 3185 3262 3653 3701 3782 3865 4019 4022 4092 4163 4358 4402 4480 4669 4706 4782 4865
251	29	62	2	74 132 194 392 489 500 566 667 782 816 964 977 1137 1234 1522 1568 1593 1693 1735 1749 1751 1805 2137 2188 2310 2358 2364 2440 2528 2542 2550 2687 2789 3243 3318 3329 3338 3561 3564 3660 3729 3780 3821 3837 3882 3922 3939 4032 4054 4194 4267 4284 4301 4529 4757 4768
273	37	73	2	11 26 120 162 192 248 271 386 404 594 631 755 861 1056 1099 1238 1346 1536 1596 1609 1733 1928 1930 2050 2087 2129 2179 2183 2328 2506 2513 2552 2573 2623 2908 2945 2959 3030 3039 3047 3087 3104 3296 3420 3523 3623 3633 3651 3731 3846 3900 3913 4031 4157 4290 4345 4443 4568 4726 4938 4982 4994
14	1	64	2	2 173 185 318 324 459 465 475 534 600 769 950 1172 1302 1339 1381 1424 1434 1445 1446 1468 1793 1937 1947 1953 1973 2210 2227 2249 2337 2392 2447 2640 2924 2958 3203 3212 3226 3295 3361 3430 3627 3648 3709 3728 3737 3748 3829 3956 4116 4138 4190 4272 4336 4389 4603 4609 4675 4703 4759 4809 4892
19	34	36	2	59 111 157 387 397 409 528 609 658 670 772 814 895 1106 1268 1301 1403 1459 1512 1582 1822 1896 1984 1996 2010 2081 2083 2138 2254 2280 2290 2349 2591 2609 2831 2921 3129 3250 3400 3422 3425 3451 3453 3513 3659 3679 3861 3879 3881 3976 4014 4125 4165 4200 4240 4251 4354 4415 4699 4710 4767 4931
112	27	93	2	199 236 300 338 439 476 540 543 614 818 929 959 973 1080 1192 1233 1337 1370 1427 1474 1549 1622 1700 1744 1839 1991 2004 2117 2128 2239 2331 2386 2472 2514 2549 2553 2562 2568 2684 2885 2937 2984 2998 3034 3055 3154 3234 3382 3397 3410 3495 3924 4011 4026 4275 4527 4586 4618 4723 4967
129	5	100	2	37 68 98 178 187 770 806 827 936 942 1043 1197 1263 1423 1493 1532 1583 1607 1625 1764 1893 2079 2080 2147 2312 2470 2551 2637 2686 2709 2719 2961 2985 3060 3070 3118 3184 3215 3253 3366 3481 3509 3556 3601 3930 3940 3972 4181 4218 4268 4494 4542 4587 4667 4738 4758 4769 4888 4900 4902 4960 4985
143	13	129	2	42 76 164 229 288 473 621 625 742 847 886 954 1013 1066 1093 1305 1450 1555 1650 1675 1752 1936 1961 2144 2211 2258 2268 2288 2411 2600 2761 2798 2872 2873 2917 3040 3048 3144 3207 3367 3417 3524 3600 3841 3866 3895 3925 4099 4213 4247 4295 4379 4383 4579 4628 4660 4862 4876 4977
256	25	111	2	146 345 470 492 790 888 922 961 965 1055 1127 1499 1517 1551 1576 1586 1608 1682 1800 1924 2121 2220 2261 2293 2355 2362 2493 2580 2644 2653 2694 2795 3068 3107 3229 3245 3414 3449 3555 3569 3718 3721 3784 3793 3842 3966 4016 4177 4219 4231 4262 4277 4447 4642 4713 4766 4839 4919 4934 4935
289	40	51	2	87 252 406 512 559 616 636 647 674 1020 1101 1123 1133 1181 1182 1239 1272 1297 1465 1466 1545 1547 1677 1828 1900 1912 2151 2185 2317 2325 2490 2500 2769 2776 2829 2966 3149 3188 3216 3362 3468 3548 3699 3758 3759 3798 3981 4003 4049 4105 4126 4238 4280 4330 4384 4397 4418 4467 4570 4693 4705 4801
21	39	104	2	130 359 382 438 484 651 751 850 872 906 960 1097 1151 1270 1410 1414 1484 1524 1565 1627 1638 1734 1762 1788 1915 2018 2100 2123 2225 2377 2460 2530 2679 2697 2880 2893 2920 2949 2987 3001 3015 3050 3061 3119 3176 3230 3277 3298 3402 3566 3674 3779 3838 3901 3947 4033 4270 4278 4300 4382 4501 4555 4558 4910 4922
184	23	126	2	230 240 400 454 455 573 633 637 794 819 884 1051 1091 1118 1155 1246 1358 1479 1539 1589 1618 1634 1775 1813 2111 2206 2240 2256 2354 2367 2389 2607 2651 2672 2733 2785 2891 2933 2939 3012 3173 3343 3467 3584 3608 3611 3620 3833 3971 4030 4113 4170 4233 4257 4357 4449 4457 4600 4714 4883
294	16	86	2	109 167 212 278 337 414 468 493 537 789 815 868 1016 1063 1102 1209 1211 1236 1240 1359 1428 1438 1703 1823 2166 2192 2214 2216 2231 2282 2371 2407 2431 2533 2743 2807 2978 3043 3237 3252 3464 3473 3557 3647 3698 3719 3814 3824 4055 4331 4378 4381 4475 4484 4564 4633 4717 4752 4853 4869 4896
69	19	50	2	47 214 255 348 389 693 853 919 969 1161 1189 1216 1344 1452 1521 1530 1552 1554 1742 1825 1862 2016 2052 2115 2194 2219 2484 2805 2837 2896 3310 3412 3452 3454 3581 3675 3684 3722 3834 3949 3985 4002 4064 4207 4237 4390 4416 4466 4612 4665 4711 4825 4870 4897 4907
126	33	101	2	31 48 108 198 216 268 298 402 460 565 602 689 694 716 764 810 843 1006 1014 1046 1191 1243 1264 1730 1777 1812 1962 1995 2025 2057 2062 2124 2174 2190 2582 2664 2748 2750 2768 2783 2793 2894 2964 3031 3112 3190 3196 3280 3301 3321 3328 3418 3596 3685 3933 4025 4028 4080 4129 4197 4391 4405 4518 4682 4716 4838 4971
150	38	32	2	33 73 274 487 572 582 644 652 653 666 832 892 1125 1152 1177 1193 1252 1433 1755 1803 1806 1829 1887 1921 1929 1942 2012 2039 2073 2130 2159 2248 2286 2436 2439 2448 2456 2574 2758 2778 3064 3189 3369 3374 3501 3642 3760 3815 3932 3934 3943 3955 4134 4151 4362 4454 4800
218	24	125	2	9 147 179 357 503 548 606 680 725 737 748 848 875 923 1104 1143 1276 1579 1872 1956 1963 2068 2071 2255 2340 2383 2425 2434 2482 2757 2762 2801 2803 2843 2875 3071 3073 3221 3265 3284 3585 3657 3704 3757 3897 4020 4058 4084 4089 4135 4189 4367 4429 4544 4730 4731 4770 4799 4871 4891
253	12	136	2	21 119 133 251 302 311 350 432 519 536 587 719 858 870 890 953 1068 1095 1108 1262 1333 1368 1507 1614 1721 1740 1761 1876 1897 1918 1919 1999 2002 2090 2136 2341 2465 2504 2510 2655 2734 2802 2914 2947 3066 3294 3342 3433 3490 3536 3578 3746 3790 3854 3869
260	30	141	2	88 163 244 363 364 371 388 421 707 752 791 914 971 975 1004 1035 1085 1373 1950 1959 2001 2005 2072 2097 2180 2200 2348 2388 2405 2489 2537 2599 2624 2678 2692 2818 2819 2822 3007 3052 3081 3093 3180 3211 3416 3511 3550
295	22	150	2	63 200 287 294 395 410 474 507 638 732 785 930 956 1000 1084 1130 1157 1250 1392 1393 1443 1496 1542 1557 1564 1605 1632 1657 1674
37	9	8	4	27 191 218 518 547 641 799 831 841 900 1086 1088 1138 1194 1351 1358 1497 1533 1550 1784 1799 1817 1941 1998 2004 2039 2078 2164 2190 2353 2433 2455 2520 2652 2736 2772 3152 3201 3223 3353 3387 3497 3625 3679 3785 3789 4023 4029 4145 4314 4354 4381 4439 4445 4454 4497 4664 4750 4775 4876 4880 4881
48	14	55	2	79 405 412 521 664 720 731 744 807 988 1022 1024 1048 1065 1136 1308 1419 1487 1580
54	6	145	2	17 64 106 166 186 207 553 561 739 776 860 1072 1148
67	17	142	4	26 689 785 871 873 973 975 1081 1294 1436 1480 1483 1500 1613 1768 1931 1981 2099 2221 2308 2320 2371 2378 2425 2481 2510 2564 2671 2759 2833 2849 2878 2983 2984 2988 3014 3052 3114 3124 3127 3261 3339 3803 3919 4255 4398 4436 4521 4552 4656 4674 4683 4780 4868 4885 4905
70	26	85	4	43 45 186 192 331 492 571 602 802 855 922 1047 1054 1140 1186 1246 1285 1574 1833 1851 1854 1876 2071 2094 2176 2208 2396 2405 2444 2450 2496 2505 2538 2567 2970 3010 3011 3140 3178 3235 3360 3379 3444 3456 3652 3749 3795 3806 3913 3968 4016 4331 4582 4617 4648 4746 4878 4948 4966 4997
90	7	145	4	35 134 249 299 528 591 614 624 733 755 771 825 895 925 966 1060 1250 1297 1306 1401 1543 1647 1659 1706 1750 1755 1776 1787 1903 2304 2326 2376 2380 2482 2571 2584 2912 2926 2971 3193 3453 3531 3569 3714 3716 4019 4121 4320 4391 4495 4513 4666 4713 4813 4861 4929 4950 4968
123	35	130	4	96 100 147 169 208 360 576 595 684 685 851 1024 1101 1225 1527 1688 1711 1726 1758 1948 2101 2165 2334 2445 2488 2501 2532 2636 2677 2702 2731 2747 2825 2907 2941 2973 3023 3069 3087 3246 3487 3616 3715 3731 3758 4132 4211 4265 4432 4548 4644 4700 4850 4857 4930
127	28	41	4	90 253 377 389 404 432 612 644 652 859 861 878 1061 1248 1493 1648 1732 1798 1838 1894 1932 1977 2312 2424 2533 2616 2725 2819 2827 2848 2895 2920 2987 3013 3128 3177 3180 3305 3350 3475 3575 3591 3614 3799 3907 3995 3996 4090 4110 4149 4176 4200 4222 4375 4388 4416 4490 4506 4637 4723 4804 4818 4877 4949 4951 4955 5000
169	32	26	4	292 327 332 372 376 464 543 594 726 775 998 1063 1161 1227 1263 1344 1384 1389 1419 1482 1540 1660 1878 1912 1913 2011 2318 2439 2448 2526 2563 2629 2650 2662 2709 2744 2790 2792 2820 2956 3068 3228 3259 3301 3433 3455 3606 3621 3961 4048 4079 4156 4204 4330 4462 4479 4557 4607 4824 4843 4908 4915 4927
220	11	58	4	82 251 280 323 371 391 403 426 776 833 854 963 974 1022 1262 1271 1288 1312 1463 1513 1606 1672 1703 1730 1840 2283 2414 2419 2456 2534 2663 2723 2728 2841 2913 3036 3097 3103 3171 3254 3255 3316 3481 3563 3864 3906 3960 4057 4092 4263 4306 4413 4781 4884 4921 4961
223	31	89	4	21 72 81 87 88 99 237 412 415 524 822 1234 1385 1454 1469 1515 1651 1745 1910 2058 2077 2093 2191 2193 2521 2530 2546 2619 2632 2651 2695 2732 2743 2801 2814 2917 2989 3118 3121 3126 3137 3162 3346 3432 3437 3559 3632 3873 4233 4325 4407 4499 4519 4688 4754 4975
246	3	60	4	6 10 107 205 343 387 431 468 529 599 660 796 915 1114 1158 1181 1214 1251 1346 1368 1376 1408 1411 1427 1449 1462 1534 1594 1637 1658 1661 1859 2017 2121 2185 2285 2435 2451 2543 2617 2641 2689 2691 2700 2775 2835 2940 3344 3390 3457 3469 3669 3838 4006 4167 4223 4269 4484 4638 4794 4839
281	8	57	4	95 162 268 297 298 381 527 656 663 797 888 892 910 972 1170 1287 1300 1314 1443 1655 2006 2028 2064 2129 2145 2300 2457 2755 2773 2804 2935 2980 3016 3106 3243 3295 3419 3501 3505 3512 3558 3694 3726 3761 3786 3877 3894 3974 4018 4143 4157 4196 4277 4405 4599 4628 4679 4692 4854 4858 4982
287	36	99	4	117 233 240 265 445 458 616 704 719 743 746 813 907 1084 1198 1205 1249 1270 1293 1348 1473 1551 1561 1605 1663 1717 1754 1769 1845 1947 2143 2146 2196 2204 2214 2325 2333 2391 2611 2831 3079 3085 3209 3275 3395 3612 3683 3769 3807 3945 3993 4175 4246 4259 4322 4419 4442 4556 4965 4988
10	15	18	4	59 202 206 259 285 374 378 564 580 691 787 936 953 979 1001 1102 1171 1174 1199 1353 1360 1362 1519 1531 1734 1823 1827 2041 2062 2152 2202 2209 2218 2622 2623 2757 2760 2763 2864 3420 3565 3609 3678 3832 3872 3876 4202 4245 4643 4726 4820 4897 4899 4974
94	18	143	4	113 172 236 308 356 427 521 567 569 643 884 918 1000 1117 1273 1281 1316 1349 1435 1458 1636 1693 1696 1724 1761 1794 1806 1846 1922 2031 2082 2168 2303 2330 2335 2464 2644 2761 2828 2972 2978 3047 3049 3173 3269 3326 3341 3710 3848 3880 3889 3934 4022 4171 4303 4335 4429 4580 4622 4814 4962
128	2	101	4	1 28 122 156 293 573 738 882 929 938 1038 1113 1172 1286 1342 1417 1438 1457 1511 1612 1626 1830 1880 1920 1961 1971 2057 2126 2267 2343 2374 2667 2758 2889 2894 2904 2909 3006 3028 3122 3134 3359 3443 3467 3573 3607 3843 3884 3916 3969 3976 4158 4178 4310 4368 4612 4620 4686 4793 4801
139	10	37	4	58 129 217 256 261 357 408 472 493 570 636 758 826 926 978 1112 1278 1345 1378 1437 1481 1529 1573 1577 1580 1727 2249 2336 2395 2613 2654 2718 2753 2852 2910 2934 2936 3039 3076 3088 3111 3150 3181 3199 3502 3538 3551 3564 3746 3811 3979 4198 4231 4237 4324 4399 4406 4446 4564 4650 4721 4760 4769 4874 4920 4932 4942 4973
178	20	76	4	9 345 375 424 582 585 587 702 740 811 846 912 931 1017 1144 1279 1313 1318 1662 1746 1759 2107 2207 2228 2247 2274 2321 2522 2539 2756 2824 3008 3241 3285 3292 3293 3503 3696 3738 3797 3903 3992 4260 4271 4285 4323 4341 4395 4532 4597 4629 4895 4980 4996
180	4	67	4	126 390 399 418 490 504 653 724 768 875 930 977 1007 1193 1226 1327 1400 1402 1725 1756 1805 1949 1958 2103 2144 2187 2275 2294 2485 2531 2582 2602 2625 2767 2858 2881 2902 2975 3112 3147 3161 3230 3252 3318 3366 3405 3451 3474 3734 3767 3812 3914 3966 4108 4116 4144 4463 4493 4538 4670 4789
194	21	138	4	24 228 277 296 320 396 428 441 476 610 666 674 1236 1338 1407 1484 1523 1617 1620 1669 1856 1939 1982 2206 2257 2305 2331 2349 2373 2421 2656 2706 2886 2901 3227 3291 3372 3398 3414 3454 3595 3630 3685 3703 3765 3844 3944 4084 4087 4130 4347 4410 4470 4636 4687 4918
202	29	127	4	62 94 177 211 342 620 739 788 839 950 1029 1074 1098 1209 1212 1309 1429 1546 1614 1766 1788 1924 1957 2037 2098 2233 2428 2609 2701 2727 2786 2796 2893 2995 3078 3250 3431 3488 3491 3730 3813 3997 4007 4103 4201 4213 4397 4450 4547 4560 4619 4731 4782 4819 4842 4875 4882 4981
205	37	11	4	170 187 462 588 680 756 866 887 932 1070 1216 1255 1261 1308 1395 1467 1518 1576 1646 1728 1743 1791 1882 1970 2063 2162 2329 2403 2575 2585 2807 2928 2949 2981 3059 3168 3195 3198 3248 3290 3317 3392 3579 3667 3671 3770 3776 3936 3948 3952 4081 4183 4235 4240 4284 4414 4492 4575 4642 4645 4668 4669 4821 4922
244	1	35	4	101 167 176 188 203 210 222 288 315 358 359 367 463 486 560 760 1018 1094 1120 1192 1232 1245 1269 1601 1618 1697 1843 1855 1942 2240 2352 2504 2515 2682 2685 2768 2809 2874 3055 3197 3200 3240 3441 3530 3757 3818 4095 4165 4194 4197 4390 4452 4482 4545 4577 4734 4887 4946
259	34	98	4	135 341 449 482 597 705 870 901 902 1003 1049 1067 1126 1207 1231 1439 1632 1687 1691 1709 1820 1825 1906 1907 1995 2155 2192 2302 2550 2578 2628 2729 2771 2863 2887 2927 2943 2993 3000 3020 3123 3202 3225 3315 3498 3508 3588 3647 3720 3886 3923 3933 4053 4124 4360 4611 4848
263	27	65	4	138 220 269 448 631 694 729 767 838 904 980 1068 1165 1206 1215 1217 1242 1487 1508 1593 1624 1641 1670 1785 2117 2426 2541 2566 2598 2614 2642 2661 2710 2742 2945 3015 3215 3283 3409 3415 3448 3484 3574 3723 3742 3781 4133 4148 4206 4471 4591 4603 4800 4816 4849 4856 4889 4912
11	5	114	4	257 260 279 295 439 711 793 809 886 889 909 1051 1176 1369 1393 1492 1579 1585 1639 1749 1802 1890 1988 2250 2404 2498 2506 2545 2562 2643 2782 2851 2880 3031 3077 3282 3325 3337 3349 3399 3435 3521 3524 3635 3649 3672 3862 3915 3924 3950 4102 4117 4226 4291 4488 4578 4898 4903 4953
16	13	34	4	31 159 511 618 827 872 914 960 1008 1044 1059 1115 1235 1421 1446 1498 1707 1751 1819 1829 1928 1967 2151 2181 2199 2223 2338 2436 2473 2489 2666 2832 2845 2892 2999 3075 3080 3120 3260 3483 3556 3581 3697 3739 3938 4076 4105 4215 4220 4229 4234 4348 4350 4653 4654 4659 4662 4718
18	25	53	4	106 232 312 541 575 611 665 747 794 853 865 897 949 1021 1055 1145 1160 1277 1598 1638 1664 1869 1979 1985 1992 2086 2179 2255 2415 2524 2554 2592 2595 2688 2812 2964 3040 3086 3125 3238 3244 3319 3377 3447 3486 3493 3494 3707 3766 3831 3849 3959 4065 4173 4437 4443 4535 4677 4967 4987
98	40	90	4	158 319 330 351 436 488 723 879 905 1010 1020 1103 1109 1341 1504 1538 1692 1740 1940 2013 2019 2079 2081 2212 2273 2417 2422 2535 2640 2724 2885 2915 2922 3007 3220 3371 3428 3480 3571 3628 3784 3867 3897 3900 3904 3912 3926 3972 3989 3998 4093 4107 4241 4369 4503 4534 4753 4764 4825
116	39	24	4	39 75 85 143 215 262 321 347 398 475 598 615 626 716 867 874 885 1027 1050 1162 1304 1403 1490 1570 1650 1690 1864 1900 1974 2000 2022 2053 2245 2266 2279 2306 2449 2599 2779 2808 2854 2923 3004 3072 3074 3107 3142 3345 3383 3522 3527 3718 3773 3782 4047 4151 4248 4352 4380 4478 4527 4581 4739 4931
144	23	86	4	2 127 194 275 317 627 661 718 852 883 891 959 1078 1124 1128 1168 1197 1223 1237 1252 1303 1326 1352 1380 1433 1634 1700 1826 1841 1984 2148 2225 2281 2337 2390 2430 2502 2648 2655 2938 3131 3249 3262 3430 3670 3713 3721 3728 3808 3863 3893 3928 4097 4208 4250 4254 4365 4665 4743 4747 4913
152	16	59	4	139 151 254 333 551 635 640 744 752 801 919 967 970 986 1119 1142 1153 1178 1180 1213 1241 1322 1422 1510 1718 1719 1790 1965 2102 2124 2160 2301 2516 2523 2536 2580 2687 3073 3256 3289 3684 3741 3851 3909 3983 4027 4088 4106 4232 4283 4302 4353 4362 4374 4421 4458 4468 4737 4749 4772 4795 4802 4846
188	19	13	4	63 201 273 282 289 393 558 877 987 1141 1148 1320 1328 1418 1595 1682 1694 1729 1870 1983 2073 2085 2180 2282 2351 2561 2693 2694 2735 2834 2890 3092 3169 3271 3273 3287 3300 3308 3343 3351 3735 4024 4109 4129 4140 4177 4236 4372 4403 4415 4425 4474 4554 4765 4832
190	33	71	4	66 74 173 184 470 670 696 709 819 858 1147 1204 1224 1415 1476 1581 1657 1668 1683 1771 1780 1801 1909 2044 2136 2195 2311 2319 2392 2503 2528 2591 2674 2720 2722 2777 2778 3038 3063 3094 3270 3537 3541 3549 3583 3681 3931 4155 4216 4346 4349 4356 4504 4651 4892 4909
192	38	134	4	97 302 429 477 659 780 849 856 1200 1272 1398 1420 1524 1716 1757 1770 1836 1873 1889 1899 2167 2254 2256 2280 2437 2544 2555 2653 3051 3082 3101 3115 3418 3539 3662 3780 3888 3905 3940 4078 4217 4312 4317 4318 4408 4435 4440 4483 4498 4566 4685 4738 4783
279	24	12	4	23 54 112 152 190 197 248 344 353 453 495 549 647 655 700 766 832 943 1210 1323 1397 1425 1460 1587 1609 1722 2076 2355 2358 2406 2931 2985 3042 3056 3091 3322 3403 3426 3442 3570 3646 3680 3688 3706 3729 3764 3922 4005 4063 4068 4298 4361 4555 4815 4904 4941 4963 4977
39	12	92	4	3 79 179 336 456 473 553 557 584 778 792 795 816 941 968 982 989 1093 1136 1202 1310 1356 1441 1629 1644 1795 1850 1891 2047 2056 2109 2171 2234 2399 2569 2597 2600 2862 3184 3194 3357 3492 3597 3599 3692 3724 3732 3783 4011 4075 4091 4152 4295 4338 4593
55	30	144	4	50 51 195 294 328 383 425 487 555 805 1036 1052 1053 1166 1296 1339 1412 1431 1521 1689 1774 1814 1867 2034 2050 2400 2494 2638 2665 2746 2754 2883 2990 3024 3247 3258 3367 3446 3458 3499 3760 4035 4067 4279 4430 4457 4460
100	22	54	4	44 108 131 137 440 451 471 532 604 639 657 678 683 804 911 1033 1301 1340 1366 1471 1501 1572 1590 1592 1866 1934 1960 1969 2049
102	14	52	4	84 239 361 373 423 593 654 676 732 742 779 803 812 829 862 880 999 1039 1056
104	9	37	6	62 135 643 671 872 879 942 992 1129 1280 1358 1361 1417 1461 1574 1637 1680 1681 1710 1719 1811 1814 1851 1873 2019 2022 2058 2150 2179 2211 2315 2591 2851 2899 3222 3381 3519 3534 3579 3750 3800 3835 3885 3911 3945 4028 4069 4078 4261 4323 4431 4472 4697 4797 4893
157	6	46	4	11 52 181 242 286 422 484 507 517 540 664 706 806
164	17	24	6	29 66 139 141 142 147 226 309 354 630 775 937 1052 1067 1070 1087 1179 1365 1445 1464 1615 1648 1805 1917 2064 2089 2131 2138 2339 2431 2621 2642 2861 2872 2882 2928 2994 3024 3108 3130 3162 3189 3225 3267 3393 3423 3546 3708 3761 3772 3790 4076 4271 4309 4325 4326 4379 4416 4492 4850
181	26	148	6	20 65 177 378 380 426 469 632 633 650 658 727 822 852 857 911 1016 1093 1120 1350 1459 1480 1585 1598 1908 2038 2071 2105 2187 2232 2459 2473 2606 2608 2665 2714 2957 2960 3093 3159 3193 3234 3431 3918 3929 3958 4002 4388 4395 4455 4457 4518 4584 4683 4705 4824 4847
191	7	144	6	198 359 424 780 786 808 874 903 1113 1119 1127 1231 1448 1462 1485 1529 1581 1634 1655 1691 1824 1928 1958 1990 2200 2259 2366 2427 2562 2649 2774 3206 3298 3424 3465 3561 3580 3613 3721 3743 3847 4054 4245 4331 4477 4530 4592 4761 4791 4798 4800 4810 4840 4855 4978 4986
231	35	108	6	154 209 219 349 461 555 599 691 817 828 969 1190 1286 1418 1525 1553 1666 1735 1745 2005 2025 2046 2048 2241 2244 2290 2372 2399 2587 2664 2796 2807 2924 2943 2955 3131 3219 3265 3373 3440 3483 3677 3871 4034 4108 4134 4185 4281 4297 4301 4488 4614 4616 4680 4746 4783 4862 4925 4963
232	28	33	6	47 132 183 196 200 458 508 534 559 587 621 684 900 978 1088 1095 1131 1134 1211 1334 1400 1444 1698 1720 1759 1790 1895 1941 1993 2165 2176 2375 2434 2507 2625 2724 2821 2865 2923 2927 3096 3320 3420 3569 3610 3739 3916 3990 4049 4051 4083 4151 4453 4496 4516 4567 4576 4623 4651 4778 4806 4830 4865 4922
274	32	106	6	56 273 332 340 356 549 556 597 610 810 818 835 958 1281 1314 1382 1516 1539 1594 1683 1794 1834 1835 1869 1900 2066 2067 2160 2186 2205 2214 2299 2410 2491 2552 2611 2616 2692 2737 2813 2864 2987 3145 3146 3315 3341 3380 3437 3566 3617 3656 3705 3717 3907 3939 3950 4040 4073 4333 4337 4343 4364 4556 4564 4905 4928 4972
12	11	66	6	61 71 255 489 664 711 724 784 804 888 909 1092 1214 1216 1263 1271 1298 1346 1491 1499 1933 1936 1943 1959 2141 2174 2222 2272 2329 2363 2488 2526 2622 2706 2811 2852 2855 2890 2916 2953 3034 3254 3307 3370 3429 3470 3490 3536 3587 3598 3618 3707 3819 3836 4187 4225 4434 4443 4573 4604 4618 4723 4838
131	31	96	6	145 374 384 402 467 603 619 646 648 701 716 730 753 799 851 905 932 1002 1053 1066 1100 1141 1264 1322 1353 1460 1612 1892 1913 2009 2032 2034 2128 2169 2253 2257 2506 2519 2567 2628 2809 2853 2975 2989 3255 3382 3415 3498 3501 3641 3912 4129 4139 4214 4512 4599 4843 4890
146	3	77	6	75 144 231 345 348 351 370 547 635 800 866 871 986 1104 1169 1235 1261 1325 1333 1535 1593 1678 1708 1714 1748 1889 1901 1994 2243 2436 2465 2476 2740 2909 2914 3064 3151 3182 3345 3360 3444 3559 3570 3577 3658 3673 3716 3802 3863 3864 3919 4077 4164 4166 4246 4355 4522 4804 4891 4904
171	8	146	6	60 124 186 223 276 284 346 478 488 522 636 655 934 1007 1065 1084 1269 1407 1532 1545 1635 1699 1845 1968 2010 2170 2236 2249 2283 2337 2364 2478 2504 2653 2728 2745 2920 2930 3153 3322 3346 3410 3487 3627 3639 3723 3788 3815 3903 4008 4065 4101 4442 4498 4503 4598 4632 4930 4965 4997 5000
250	36	39	6	55 188 298 367 383 387 394 436 736 759 769 913 979 1123 1288 1616 1661 1755 1764 1797 1803 1932 2023 2096 2247 2288 2307 2333 2369 2646 2883 2900 2976 2984 3242 3327 3461 3506 3686 3775 3797 3899 3927 4131 4177 4255 4300 4307 4363 4569 4591 4709 4739 4864 4909 4947
272	15	14	6	150 274 323 413 421 690 710 806 1082 1331 1342 1387 1468 1567 1642 1721 1750 1792 1855 1909 1930 1974 2269 2314 2494 2532 2788 2789 2986 3065 3191 3196 3216 3358 3447 3624 3670 3690 3719 3776 3777 3872 3979 3995 4000 4025 4126 4234 4240 4348 4482 4541 4917 4976
62	18	127	6	4 31 52 261 331 429 481 497 560 626 637 692 697 737 740 782 955 1061 1106 1296 1324 1457 1463 1520 1695 1753 1898 1944 2163 2197 2215 2254 2439 2451 2557 2636 2717 2950 3077 3109 3207 3208 3384 3401 3507 3522 3525 3745 3795 3943 4048 4142 4155 4224 4269 4303 4708 4736 4896
95	2	17	6	85 149 229 355 527 561 578 878 881 924 927 1162 1244 1477 1512 1534 1576 1689 1690 1725 1726 1890 1904 2043 2273 2354 2419 2676 2732 2738 2965 3011 3027 3040 3239 3336 3595 3664 3806 4038 4079 4232 4334 4418 4528 4582 4615 4859 4908 4926 4987 4995
110	10	97	6	12 23 48 134 325 330 362 661 675 790 844 873 918 1208 1268 1373 1543 1558 1599 1600 1752 1860 1965 1979 2076 2101 2130 2262 2268 2276 2342 2396 2447 2752 2756 2836 2910 2922 2982 3057 3755 3820 3857 3889 4136 4262 4339 4422 4435 4483 4545 4563 4663 4671 4914
133	20	28	6	391 432 615 764 877 1132 1164 1256 1370 1431 1483 1507 1579 1849 1856 2065 2068 2088 2104 2116 2189 2191 2225 2304 2353 2361 2391 2470 2654 2871 2894 2898 2948 2971 3365 3628 3697 3799 3888 3948 4037 4128 4188 4276 4346 4357 4444 4639 4689 4693 4809 4835 4955
189	4	126	6	114 166 205 206 238 290 455 470 523 668 702 893 940 1058 1073 1404 1467 1494 1617 1665 1677 1758 1828 1848 1874 1945 1997 2015 2171 2277 2323 2411 2430 2505 2516 2520 2599 2956 2979 3044 3117 3533 3609 3625 3663 3748 3794 3813 3902 3953 4011 4122 4274 4692 4695 4775 4877 4960
208	21	21	6	8 121 165 182 292 328 459 563 575 839 931 1013 1020 1153 1218 1228 1258 1260 1273 1348 1432 1641 1734 1825 1831 1999 2192 2352 2453 2455 2486 2495 2497 2741 2759 2781 2867 3161 3330 3368 3408 3482 3563 3611 3662 3689 3749 3879 3980 4018 4044 4088 4106 4132 4244 4588 4627 4648 4712 4728
224	29	139	6	208 215 222 502 536 576 584 592 611 663 720 734 761 988 998 1077 1250 1312 1381 1656 1718 1762 1765 1782 1935 2070 2112 2251 2294 2306 2637 2675 2699 2860 2952 2983 3041 3075 3084 3098 3141 3232 3269 3480 3733 3740 3906 3926 3940 4222 4400 4409 4426 4694 4871
283	37	107	6	30 64 313 430 545 698 995 1071 1107 1111 1167 1194 1202 1210 1241 1772 1808 1838 1973 2027 2125 2127 2311 2452 2467 2468 2528 2545 2618 2710 2767 2937 3019 3104 3395 3441 3517 3554 3557 3586 3651 3803 3924 3985 4227 4264 4289 4296 4344 4398 4427 4464 4786 4823
288	1	136	6	334 366 433 454 612 672 712 974 983 1054 1340 1371 1376 1389 1465 1566 1625 1650 1700 1766 1836 1902 1972 2122 2152 2182 2264 2309 2492 2551 2671 2713 2748 2901 3001 3054 3220 3305 3439 3638 3653 3774 3923 3996 3999 4089 4207 4278 4373 4491 4603 4720 4918 4959 4984
7	34	22	6	125 201 306 326 447 670 1142 1252 1294 1380 1399 1643 1674 1743 1827 1865 2146 2158 2204 2221 2274 2326 2349 2350 2392 2413 2424 2438 2522 2667 2733 3125 3272 3300 3303 3489 3526 3626 3637 3865 3984 4009 4097 4116 4130 4144 4367 4393 4428 4501 4678 4725 4874 4875 4934
80	9	66	8	82 101 227 363 444 485 543 1103 1208 1323 1347 1355 1509 1553 1607 1659 1792 1867 2007 2132 2245 2313 2533 2571 2581 2591 2623 2838 3195 3222 3281 3324 3534 3578 3625 3684 3711 3766 3787 4039 4109 4253 4272 4320 4358 4517 4546 4651 4660 4670 4759 4832 4940
130	27	74	6	34 38 100 257 634 681 944 993 1128 1183 1220 1310 1430 1458 1514 1560 1596 2091 2230 2287 2389 2463 2688 2768 2779 2998 3224 3253 3313 3413 3476 3567 3642 3710 3792 3823 3900 4087 4141 4147 4230 4315 4513 4833 4841
142	5	94	6	98 189 247 437 505 628 660 875 1012 1047 1072 1541 1572 1706 1821 1837 1875 1905 1925 1949 1964 2021 2074 2135 2202 2210 2332 2471 2498 2540 2605 2683 3152 3176 3310 3369 3463 3818 3858 3910 4103 4115 4182 4203 4256 4275 4287 4360 4370 4517 4565 4702 4818 4870 4881
153	13	83	6	89 148 275 299 307 382 526 568 581 677 680 774 982 990 1051 1149 1151 1359 1453 1570 1582 1709 1916 2103 2153 2173 2238 2398 2416 2614 2639 2701 2977 3126 3142 3282 3538 3545 3553 3564 3565 3576 3585 3604 3640 3671 3676 3753 3905 3915 3951 4094 4140 4148 4340 4362 4508 4609 4789 4940
207	25	125	6	77 116 117 233 246 268 277 337 513 703 745 826 952 971 1030 1275 1293 1500 1638 1654 1668 1682 1751 1763 1817 1951 2347 2404 2417 2461 2511 2525 2632 2758 2893 2905 3036 3155 3417 3433 3438 3845 4257 4288 4378 4675 4713 4722 4941 4957
214	40	131	6	107 264 450 457 778 867 886 976 1089 1122 1137 1360 1397 1501 1555 1597 1730 1777 1789 2036 2056 2092 2328 2346 2408 2435 2512 2590 2620 2771 2858 3062 3085 3101 3244 3290 3325 3510 3513 3593 3633 3666 3702 3744 3842 3914 4192 4254 4266 4433 4515 4729 4763 4819
286	17	106	8	51 62 69 112 126 143 153 205 238 246 454 480 513 550 633 798 816 860 863 1110 1207 1265 1353 1443 1447 1587 1766 1863 1898 2042 2149 2381 2480 2499 2556 2624 2702 2718 2749 2914 3102 3193 3223 3302 3360 3532 3636 3647 3678 3725 3850 3853 3920 4126 4187 4576 4927
291	39	99	6	57 76 123 210 227 287 318 353 435 448 579 721 894 935 946 954 1038 1060 1171 1401 1476 1488 1498 1509 1627 1639 1820 1888 1919 1980 2157 2246 2266 2370 2537 2679 2780 2849 2878 3009 3083 3213 3230 3306 3451 3499 3962 4061 4064 4084 4231 4347 4520 4613 4657 4677 4679
9	23	140	6	137 161 297 300 373 441 490 510 594 652 746 805 941 951 1056 1144 1175 1233 1278 1428 1435 1604 1614 1623 1651 1767 1807 1926 2086 2380 2508 2535 2558 2962 3037 3079 3088 3095 3139 3211 3250 3352 3392 3866 4165 4236 4480 4536 4758 4826 4942 4951 4977
23	16	42	6	193 286 420 464 531 541 586 678 771 964 1029 1090 1108 1163 1471 1502 1556 1575 1606 1847 1859 1876 1878 1996 2216 2310 2359 2457 2484 2514 2669 2690 2846 2991 3103 3124 3136 3188 3236 3297 3378 3409 3449 3511 3539 3543 3645 3824 4154 4204 4223 4397 4421 4590 4606 4640 4670 4684 4820
26	19	45	6	68 151 171 341 422 512 515 593 622 747 917 930 957 1081 1200 1226 1309 1496 1819 2030 2052 2093 2317 2357 2586 2660 2792 2854 2906 2911 3240 3271 3281 3466 3485 3547 3582 3601 3736 3855 3947 3959 4006 4043 4221 4399 4459 4538 4542 4575 4703 4777 4834
27	33	20	6	256 379 525 732 836 1040 1140 1166 1184 1188 1305 1515 1528 2018 2073 2075 2106 2115 2154 2229 2237 2271 2281 2464 2475 2570 2785 2793 2797 2825 2904 2932 2933 3092 3137 3167 3200 3337 3471 3515 3643 3751 4119 4238 4467 4474 4511 4539 4549 4553 4597 4610 4754 4954
42	38	16	6	90 109 305 324 335 551 656 722 796 1109 1315 1321 1391 1577 1780 1795 2132 2223 2409 2460 2794 2907 3115 3123 3186 3221 3268 3386 3464 3550 3583 3606 3683 3816 3917 4045 4135 4212 4229 4251 4313 4324 4533 4634 4674 4755 4900 4938
43	24	30	6	115 232 397 474 479 483 529 617 638 695 842 1156 1221 1236 1251 1349 1385 1447 1647 1862 1912 1942 1986 2209 2298 2300 2446 2531 2539 2572 2627 2645 2744 2959 2992 3174 3187 3190 3293 3377 3400 3419 3456 3555 3603 3620 3728 3746 3812 3834 3860 4353 4448 4462 4570 4733 4916
52	12	69	6	216 230 263 291 789 854 908 1027 1069 1311 1390 1548 1578 1592 1624 1707 1883 1950 2133 2149 2203 2403 2734 2753 2769 2826 2829 2938 3010 3033 3102 3138 3259 3406 3520 3562 3714 3764 3811 3913 3921 3928 3982 4066 4302 4475 4495 4773 4793 4937 4961 4999
56	30	91	6	10 157 225 565 649 654 750 845 853 997 1182 1523 1530 1786 1810 1815 2001 2175 2190 2217 2371 2500 2815 2824 2884 3028 3302 3363 3460 3650 3699 3734 3793 3841 3862 3874 3887 3938 3946 3954 3961 3993 4014 4096 4173 4206 4523
92	22	38	6	32 46 128 156 184 360 662 714 735 751 798 1033 1097 1135 1178 1189 1267 1292 1449 1450 1475 1583 1672 1738 1770 2083 2124 2198 2499
103	14	82	6	39 466 501 760 840 883 972 1079 1484 1601 1669 1733 2044 2184 2226 2284 2321 2415 2483
117	6	31	6	195 241 243 250 259 283 303 311 491 520 538 554 613
186	26	75	8	49 244 255 315 359 460 508 512 541 577 619 660 762 768 830 834 1191 1206 1213 1230 1326 1357 1369 1426 1493 1819 1916 2097 2111 2133 2201 2264 2289 2331 2400 2649 2660 2778 2906 3378 3545 3589 3955 3994 4047 4075 4100 4334 4463 4516 4544 4627 4671
193	7	70	8	66 91 99 127 190 307 464 766 770 920 1033 1099 1308 1399 1649 1768 1844 1887 1935 1955 2038 2052 2117 2131 2226 2321 2530 2568 2804 2854 2950 3005 3132 3170 3179 3199 3283 3359 3581 3604 3673 3741 3838 3884 4050 4125 4133 4150 4201 4339 4430 4461 4577 4581 4707 4719 4885
230	35	30	8	28 34 50 63 97 309 467 585 598 695 896 1309 1377 1430 1453 1605 1762 1804 1840 1903 1923 1980 2060 2188 2380 2412 2443 2648 2701 2707 2783 2913 3073 3146 3284 3526 3630 3754 3809 3827 4094 4169 4310 4332 4673 4721 4794 4808 4980
247	28	4	8	7 13 197 368 369 449 501 515 545 590 618 691 731 891 985 1123 1406 1546 1625 1876 1906 1960 2092 2134 2208 2296 2373 2394 2657 2673 2818 2883 2891 3044 3060 3071 3113 3251 3687 3702 3706 3763 3779 3914 3984 4053 4093 4112 4213 4283 4375 4578 4747 4756 4876 4977
254	32	137	8	30 47 65 179 220 250 280 310 372 395 537 565 673 685 694 775 899 1042 1218 1302 1350 1455 1704 1709 1826 1914 2094 2395 2442 2458 2476 2517 2536 2552 2645 2693 2834 2932 3021 3087 3133 3151 3228 3234 3267 3300 3530 3531 3761 4128 4396 4427 4530 4656 4913
270	11	118	8	54 61 128 160 348 461 487 499 692 772 1041 1120 1121 1148 1289 1392 1472 1610 1666 1757 1818 1830 1832 1862 1881 1900 1913 1978 1990 2000 2020 2079 2202 2390 2406 2449 2467 2692 2713 2842 2856 2868 2870 2897 2998 3148 3197 3276 3334 3450 3654 4149 4192 4282 4322 4574 4594 4899
1	31	102	8	12 33 58 81 84 366 506 539 558 613 623 627 742 821 996 999 1307 1391 1420 1671 1705 1778 1890 1932 2005 2045 2093 2260 2439 2698 2970 3000 3141 3215 3221 3391 3493 3695 3709 3737 3798 3953 3969 4021 4143 4376 4377 4448 4454 4547 4564 4664 4702 4712 4809 4852 4985
17	3	147	8	102 266 300 305 407 446 484 586 881 1009 1074 1096 1115 1238 1295 1731 1753 1809 2046 2425 2426 2559 2565 2613 2844 2849 2876 3117 3299 3335 3460 3622 3665 3708 3724 3783 3788 3895 3928 4026 4056 4059 4103 4221 4338 4340 4404 4510 4573 4647 4722 4812 4861 4886 4929 4960
32	8	110	8	40 404 411 567 885 965 1025 1026 1112 1116 1215 1398 1405 1452 1664 1870 1893 2140 2147 2242 2262 2397 2407 2417 2463 2502 2542 2553 2848 2934 3273 3287 3328 3330 3349 3354 3441 3496 3524 3775 3849 3882 3944 4063 4090 4172 4394 4437 4477 4665 4768 4931
40	36	82	8	26 90 274 445 494 831 1186 1276 1283 1327 1339 1360 1461 1586 1633 1636 2080 2125 2143 2181 2214 2371 2402 2413 2490 2696 2739 2835 2954 3023 3051 3052 3074 3075 3127 3147 3159 3255 3401 3423 3528 3555 3584 3638 3682 3738 3987 4012 4316 4630 4813 4830 4951 4958 4992
44	15	91	8	38 139 210 279 496 578 642 679 717 756 875 1068 1235 1243 1261 1384 1449 1526 1608 1622 1710 1767 1799 1872 1882 1929 2014 2240 2243 2276 2626 2658 2719 2806 2823 2896 3160 3166 3167 3209 3513 3631 3664 3753 3789 3864 3919 3967 4068 4152 4412 4435 4465 4572 4648 4741
45	18	112	8	4 168 219 282 308 434 463 482 517 629 656 687 722 923 942 1090 1203 1348 1371 1489 1495 1552 1694 1744 1851 1942 2206 2302 2367 2385 2454 2483 2662 2780 2802 2830 2901 2963 3003 3064 3089 3116 3189 3370 3448 3520 3614 3713 3802 4120 4130 4193 4484 4538 4795 4842 4945
47	2	29	8	41 121 247 447 555 603 605 608 744 827 1010 1019 1163 1220 1242 1290 1372 1505 1517 1541 1581 1745 2169 2303 2329 2382 2404 2496 2601 2892 2956 2967 3035 3204 3352 3398 3558 3592 3663 3781 3825 4044 4183 4234 4258 4330 4425 4470 4545 4714 4780 4828 4829
50	10	132	8	18 178 189 442 516 594 624 747 836 1089 1132 1216 1379 1527 1662 1701 1787 1834 1904 1933 1967 1997 2135 2166 2284 2466 2519 2529 2544 2726 2770 2791 3043 3134 3149 3185 3278 3292 3350 3657 3680 3762 3883 3904 3952 4178 4214 4297 4366 4384 4422 4507 4746 4820 4870 4902 4990
66	20	9	8	44 67 158 208 223 303 374 571 682 741 750 757 956 966 1037 1046 1071 1124 1139 1157 1222 1376 1416 1487 1518 1578 1726 2146 2230 2334 2353 2588 2695 2888 2974 2989 3094 3311 3503 3601 3758 3970 4046 4065 4181 4231 4243 4423 4676 4708 4748 4760 4801 4939 4978 4991 4994
75	4	26	8	94 98 110 187 224 243 251 489 553 632 658 879 1016 1065 1375 1473 1547 1736 1813 1926 2031 2168 2170 2194 2195 2319 2388 2534 2550 2655 2828 2831 2873 3015 3091 3112 3236 3280 3331 3355 3490 3533 3573 3704 3760 3832 3834 3861 3988 4034 4227 4313 4333 4595 4687 4754 4864 4880
96	21	80	8	118 150 235 259 351 402 457 527 675 745 977 1059 1082 1098 1129 1196 1434 1475 1537 1544 1599 1708 1791 1996 2056 2141 2477 2486 2579 2871 2881 3054 3067 3202 3495 3603 3931 3932 4185 4457 4536 4613 4765 4937 4974
134	29	5	8	25 78 225 370 416 492 615 765 982 998 1006 1023 1100 1154 1252 1305 1317 1408 1444 1572 1686 1689 1691 1788 1793 1796 1919 1921 1999 2087 2301 2501 2528 2669 2699 2750 2827 3070 3144 3187 3356 3522 4061 4086 4098 4174 4557 4571 4608 4692 4733 4956 4973
160	37	104	8	83 141 155 157 563 574 1047 1310 1504 1506 1511 1568 1670 1706 1739 1742 1748 1783 1790 1802 1823 1857 1866 1874 1968 2261 2265 2370 2375 2547 2594 2629 2737 2895 2910 3045 3061 3115 3243 3400 3512 3586 3611 3772 3796 3921 3974 4225 4312 4345 4365 4440 4490 4788 4848
216	1	47	8	37 89 322 399 546 562 628 786 832 873 1126 1248 1418 1569 1719 1740 1880 1902 1946 2085 2210 2252 2300 2597 2712 2752 2866 2898 3203 3212 3288 3308 3340 3372 3509 3583 3605 3723 3844 3888 3901 3999 4191 4203 4424 4464 4472 4636 4658 4704 4706 4739 4753 4766 4797 4859 4903
217	34	46	8	114 907 913 972 1012 1015 1045 1078 1087 1141 1182 1275 1497 1499 1563 1858 1879 2013 2091 2250 2280 2355 2362 2376 2503 2570 2627 2684 2731 2801 2839 2946 2961 2994 3055 3192 3201 3270 3394 3627 3696 3767 3869 3963 3972 4101 4160 4199 4246 4274 4335 4459 4691 4786 4787 4823 4924
226	27	39	8	5 159 204 453 475 711 1002 1077 1119 1159 1173 1177 1241 1246 1352 1370 1465 1595 1642 1678 1692 1746 1841 2090 2263 2267 2272 2279 2295 2348 2508 2766 2851 2889 2908 3050 3078 3120 3183 3210 3286 3289 3453 3549 3912 4162 4390 4392 4453 4519 4531 4649 4690
298	5	1	8	36 95 202 207 269 312 794 810 921 933 1179 1287 1316 1531 1676 1723 1729 2098 2113 2225 2232 2237 2270 2344 2410 2431 2465 2549 2580 2853 2905 2926 2955 2973 3140 3247 3434 3498 3591 3700 3908 4045 4077 4153 4209 4259 4337 4450 4529 4745 4840 4845 4853 4883
24	13	23	8	96 263 271 325 497 724 856 865 892 935 959 1005 1036 1306 1315 1335 1356 2021 2035 2167 2183 2292 2324 2399 2456 2475 2643 2700 2706 2923 2949 2979 3226 3332 3500 3580 3676 3752 3893 3962 4052 4248 4270 4386 4403 4408 4436 4438 4727 4851 4888 4923 4932
41	25	3	8	152 378 383 393 478 514 645 828 840 874 901 976 1040 1156 1205 1299 1561 1619 1749 1755 1848 2103 2271 2474 2516 2604 2689 2864 2869 3126 3139 3175 3248 3275 3396 3439 3565 3585 3588 3632 3668 3705 3759 3770 3846 3903 3976 4014 4037 4141 4318 4351 4418 4559 4680 4738 4750 4863 4916 4920 4933
63	40	115	8	108 265 409 456 471 535 573 668 864 994 1007 1035 1104 1264 1321 1334 1628 1722 1807 1895 1907 2335 2493 2537 2538 2634 2670 2715 2741 2879 2924 2944 3114 3337 3342 3473 3561 3677 3716 3721 3801 3843 3854 4242 4244 4263 4266 4637 4725 4767 4772 4831 4914 4921 4926
85	39	95	8	185 237 289 304 326 377 807 868 897 1057 1284 1403 1519 1582 1697 1712 1750 1817 1850 2015 2275 2307 2440 2500 2685 2767 2843 3037 3042 3263 3319 3436 3454 3523 3543 3629 3744 4015 4085 4095 4329 4361 4389 4458 4617 4633 4666 4701 4732 4792 4889 4954
105	23	97	8	70 198 350 391 396 419 708 784 940 950 981 1063 1223 1245 1312 1554 1564 1630 2051 2099 2144 2191 2241 2365 2488 2616 2671 2708 2764 2850 3231 3327 3412 3481 3666 3780 3875 3946 4030 4096 4117 4121 4370 4399 4431 4537 4550 4596 4774 4799 4816 4897
111	16	20	8	115 264 294 488 498 500 521 533 686 688 795 919 922 928 929 983 1097 1204 1262 1311 1363 1609 1773 1779 1891 1928 1941 2065 2066 2159 2186 2652 2683 2840 2861 2930 3011 3072 3106 3110 3264 3316 3390 3594 3722 3769 3866 4004 4113 4286 4307 4344 4417 4893 4944 4982
125	19	32	8	140 287 339 364 412 430 437 443 455 523 657 719 736 825 1004 1031 1032 1043 1107 1146 1300 1320 1329 1400 1413 1422 1644 1854 1981 2054 2095 2287 2297 2298 2333 2437 2492 2566 2815 2847 3109 3188 3244 3397 3422 3465 3518 3777 4001 4087 4524 4534 4579 4591 4769
149	33	77	8	24 32 401 510 538 579 783 890 961 1169 1282 1351 1448 1463 1589 1695 1853 1899 1952 1975 2003 2026 2340 2422 2515 2578 2642 2865 2887 2940 2951 3001 3083 3361 3369 3468 3535 3587 3615 3693 3829 3865 3867 3881 4147 4252 4488 4509 4606 4685 4715 4836 4887 4890 4953
161	9	47	10	342 529 545 687 724 770 994 995 1021 1068 1320 1337 1368 1542 1863 1909 1966 2011 2493 2536 2631 2754 2788 2789 2833 2850 2893 2996 3013 3017 3056 3080 3101 3334 3453 3622 3759 3802 3811 3825 3911 3982 4270 4328 4364 4424 4643 4710 4716 4770 4819 4847 4872
179	38	71	8	45 120 343 361 534 544 595 703 839 915 916 995 1155 1338 1437 1643 1674 1829 1943 2069 2114 2116 2199 2248 2299 2314 2460 2491 2663 2900 2953 2995 3002 3312 3559 3712 3726 3778 3899 4062 4119 4220 4224 4228 4273 4296 4426 4486 4600 4611 4638 4711 4781 4872
182	24	60	8	10 172 211 327 385 566 569 667 788 855 947 1011 1062 1240 1324 1328 1361 1367 1655 1715 1821 2083 2154 2157 2258 2320 2387 2555 2560 2574 2667 2817 2826 2936 2947 3156 3375 3455 3640 3649 3747 3991 4016 4080 4541 4560 4592 4632 4642 4962
235	12	96	8	6 8 136 226 291 295 301 306 319 355 357 392 473 610 939 1003 1066 1432 1640 1772 1839 2008 2033 2040 2145 2224 2357 2378 2583 2675 2824 2982 3069 3082 3135 3178 3198 3610 3619 3675 3736 3859 3978 4022 4060 4076 4118 4138 4168 4196 4558 4589 4657 4734 4854
240	17	23	10	71 154 167 175 266 321 493 905 1053 1124 1191 1219 1280 1317 1329 1377 1386 1389 1505 1560 1637 1801 1849 1931 1941 1951 1981 2009 2170 2238 2445 2794 2943 2981 3243 3245 3468 3495 3592 3777 3828 3870 3905 4021 4034 4051 4112 4163 4229 4320 4335 4411 4462 4717 4730 4866 4881
252	26	4	10	15 199 226 328 407 469 553 556 596 714 753 802 844 915 962 1024 1469 1533 1645 1795 1890 2030 2149 2278 2363 2383 2409 2496 2682 2689 2702 2944 3206 3249 3260 3345 3517 3707 3748 3873 3941 3955 3989 4080 4146 4212 4449 4478 4652 4683 4788 4955
297	30	150	8	133 317 389 398 410 441 450 502 693 729 1095 1176 1180 1588 1602 1611 1668 1684 1717 1782 1824 1842 1917 1940 1962 2055 2100 2308 2377 2384 2513 2514 2522 2618 2773 2808 2859 2863 2921 3225 3277 3326 3411 3527 3826 3835 3941
22	22	38	8	129 131 286 380 593 755 833 958 1201 1395 1474 1478 1536 1559 1639 1760 1763 1797 1905 1966 2121 2156 2164 2322 2487 2630 2756 2788 3032
30	14	42	8	134 376 452 625 674 706 733 773 938 989 1014 1266 1333 1415 1425 1515 1556 1843 1846
59	6	48	8	1 16 22 72 86 188 214 221 254 277 293 311 340
65	7	147	10	60 99 684 690 896 950 996 1281 1335 1489 1501 2014 2072 2115 2196 2219 2252 2264 2566 2600 3030 3089 3145 3173 3256 3378 3442 3456 3459 3512 3549 3621 3730 3739 3743 3755 3887 3958 3967 4013 4033 4101 4105 4109 4169 4195 4336 4369 4623 4662 4817
78	35	78	10	177 326 396 440 538 544 617 707 738 768 823 876 898 989 1050 1122 1160 1178 1396 1833 2164 2289 2294 2318 2550 2643 2768 2785 2803 2894 2991 3043 3094 3193 3303 3306 3385 3402 3403 3477 3489 3514 3631 3686 3796 3867 4081 4149 4207 4288 4532 4968
101	28	149	10	125 173 193 233 271 340 514 598 599 619 730 734 817 935 981 1008 1038 1039 1157 1284 1345 1425 1563 1585 1871 1969 2123 2267 2288 2326 2327 2402 2469 2609 3154 3163 3220 3252 3315 3331 3501 3600 3693 3731 4036 4111 4235 4467 4477 4588 4667 4768 4803
113	32	63	10	207 289 297 459 468 476 681 703 737 763 1095 1150 1177 1197 1724 1773 1936 2019 2204 2253 2310 2323 2328 2330 2632 2673 2693 2765 3019 3036 3050 3070 3116 3166 3578 3648 3668 3677 3683 3696 3713 3852 4066 4225 4304 4358 4514 4516 4539 4636 4647 4845 4871 4896 4966
121	11	6	10	43 75 103 245 248 575 675 771 796 800 829 847 1025 1028 1078 1113 1128 1187 1596 1609 1737 1920 1976 1991 2182 2619 2662 2767 2857 2864 2882 3061 3176 3316 3560 3607 3680 3746 3813 3894 3930 3995 4110 4131 4133 4292 4340 4406 4493 4520 4553 4672 4739 4758 4783 4815 4979
140	31	80	10	13 52 278 348 352 479 592 606 642 725 911 921 1014 1179 1411 1491 1496 1517 1640 1702 1825 1905 2313 2666 2797 2915 2971 3179 3228 3239 3445 3499 3669 3758 3885 4074 4099 4114 4266 4278 4337 4649 4893 4941
141	3	19	10	92 123 341 477 508 539 711 723 982 985 1070 1086 1112 1118 1166 1224 1816 1984 2088 2291 2428 2549 2575 2705 2710 2965 3093 3242 3323 3343 3465 3545 3548 3618 3623 3780 3898 3961 3963 4058 4104 4204 4281 4312 4327 4555 4568 4572 4601 4698 4708 4766 4835 4912 4945
147	9	149	12	12 45 122 276 316 451 491 612 751 782 783 821 826 866 883 934 1035 1045 1243 1255 1347 1378 1486 1575 1595 1668 1703 1860 2059 2123 2258 2527 2575 2620 2684 2714 2751 2837 3003 3082 3121 3203 3265 3380 3462 3608 3742 3896 4051 4117 4142 4431 4586 4790 4966 4992
155	8	137	10	22 142 204 425 798 863 945 987 1111 1158 1167 1283 1332 1510 1957 1961 2059 2106 2129 2217 2300 2305 2500 2552 2565 2579 2583 2784 2994 3038 3052 3074 3099 3257 3274 3276 3365 3447 3458 3516 3659 3685 3747 3810 3822 3889 3925 3957 4123 4316 4401 4441 4550 4559 4561 4798 4869 4996
173	36	123	10	80 130 145 803 862 917 999 1076 1145 1154 1175 1466 1990 2075 2163 2177 2203 2316 2373 2453 2605 2846 2976 3152 3208 3238 3364 3457 3472 3554 3613 3665 3762 3787 3791 3816 3984 4046 4132 4150 4303 4313 4343 4583 4596 4690 4732 4939 4984
174	15	34	10	23 54 116 160 213 252 319 385 522 571 578 609 634 889 940 965 1062 1225 1260 1312 1370 1500 1830 2024 2155 2236 2315 2433 2554 2573 2738 2796 2869 2985 3027 3029 3033 3149 3297 3313 3556 3634 3691 3942 3992 4025 4156 4184 4233 4299 4784 4805 4856 4858 4882 4956 4967
187	18	70	10	35 36 57 114 234 315 565 631 659 733 790 797 947 997 1098 1200 1302 1343 1353 1355 1394 1553 1561 1616 1683 1840 1854 1925 1950 1959 2012 2110 2338 2462 2477 2527 2721 2770 2772 3090 3117 3132 3187 3357 3574 3644 3652 3688 3918 3934 3950 4053 4095 4190 4407 4676 4906
221	2	40	10	372 435 548 626 735 767 953 1073 1186 1196 1461 1486 1540 1590 1658 1738 1753 1760 2135 2778 2855 2934 3010 3106 3286 3443 3463 3576 3661 3695 3756 3913 3929 3971 4005 4071 4120 4220 4274 4385 4456 4489 4497 4594 4598 4696 4795 4824 4828 4952
228	10	94	10	39 111 172 356 433 558 568 624 731 807 984 1101 1143 1152 1257 1357 1472 1513 1516 1591 1652 1659 1808 1945 1997 2029 2038 2090 2161 2391 2760 2826 2880 3103 3267 3376 3502 3551 3565 3646 3740 3760 3766 3964 4056 4067 4188 4612 4616 4699 4801 4910 4923 4965 4973
239	20	103	10	7 198 384 483 509 726 756 765 795 820 838 884 968 1199 1424 1446 1493 1569 1599 1676 1964 2004 2050 2051 2096 2332 2593 2672 2822 2895 3066 3121 3168 3261 3610 3657 3744 3764 3875 4098 4161 4217 4247 4352 4641 4837
276	4	68	10	24 46 88 136 153 164 339 465 517 560 639 646 665 1075 1195 1239 1406 1557 1581 1604 1720 1747 1786 1804 2001 2040 2139 2153 2162 2190 2247 2429 2640 2742 2839 2845 2878 2881 3214 3393 3413 3427 3541 3575 3697 3778 3896 3977 4019 4143 4218 4300 4563 4655 4750 4927 4974
299	21	61	10	37 203 395 458 583 683 688 777 813 836 891 948 1135 1291 1393 1428 1442 1543 1736 1887 1910 1911 1927 2080 2208 2285 2329 2393 2680 2697 2729 2734 2862 2952 3224 3408 3492 3555 3645 3706 3798 4038 4107 4230 4359 4431 4458 4468 4551 4566 4842 4959
34	29	44	10	6 28 106 169 295 400 431 448 523 793 826 954 960 971 1020 1300 1336 1455 1499 1654 1701 1979 1995 2055 2297 2418 2755 2832 2863 2968 3006 3054 3296 3446 3462 3546 3636 3715 4037 4050 4069 4228 4363 4392 4675 4681 4701 4714
97	17	78	12	62 77 135 151 388 411 690 699 733 761 830 889 1239 1332 1436 1538 1644 1911 1983 2102 2308 2405 2423 2444 2496 2559 2566 2688 2791 2818 2869 2916 3008 3060 3076 3288 3340 3358 3442 3461 3571 3641 3741 3772 4264 4268 4398 4502 4551 4633 4672 4750 4806
136	37	142	10	20 334 378 386 451 463 608 657 718 736 845 1421 1498 1568 1643 1727 1797 1975 1996 2102 2148 2343 2423 2533 2634 2636 2703 2711 2867 2875 2888 2958 3071 3218 3219 3582 3605 3658 3850 3881 3891 3937 4047 4106 4145 4350 4404 4444 4505 4558 4581 4627 4697 4740 4810
137	1	13	10	14 115 229 265 358 418 621 859 870 927 993 1129 1230 1231 1303 1475 1495 1547 1574 1580 1628 1665 1779 1802 2474 2569 2617 2815 2860 2911 2927 3037 3283 3335 3535 3568 3719 3720 3795 3879 3965 4383 4410 4447 4536 4541 4684 4821 4901 4982
138	34	49	10	241 279 302 413 423 503 515 580 640 815 906 1004 1011 1036 1080 1106 1210 1227 1414 1666 1716 1742 1765 1915 2053 2178 2183 2319 2497 2671 2698 2732 2791 2953 3004 3105 3177 3298 3330 3470 3573 3584 3593 3712 4001 4006 4023 4116 4175 4271 4368 4600 4619 4705 4826 4936 4944 4963
154	27	83	10	27 104 182 441 516 591 654 672 673 782 824 848 904 1027 1189 1202 1483 1494 1573 1601 1739 1852 1879 1907 1916 1983 2133 2140 2200 2222 2262 2273 2334 2461 2774 2917 3118 3134 3282 3594 3653 3765 3814 4017 4041 4072 4279 4451 4533 4650 4769 4825 4916 4983
203	5	115	10	17 237 240 333 376 379 524 655 671 715 727 920 1034 1055 1131 1176 1228 1313 1404 1511 1661 1728 1873 1963 2054 2116 2398 2517 2543 2578 2620 2724 2762 2913 2925 3035 3073 3215 3347 3354 3429 3619 3655 3815 3820 3907 3960 4012 4031 4044 4073 4102 4138 4375 4751 4818
212	13	11	10	65 119 191 243 629 653 754 818 864 1042 1110 1170 1217 1221 1232 1319 1325 1485 1529 1611 1684 1764 1973 2006 2016 2355 2378 2452 2639 2668 2686 2750 2844 3057 3096 3157 3172 3204 3328 3333 3374 3434 3469 3542 3581 3602 3776 3803 3876 4004 4060 4219 4915 4964 4988 4989
213	25	79	10	72 325 416 484 526 566 613 717 750 938 1031 1081 1091 1220 1344 1362 1419 1697 1886 2109 2335 2374 2424 2472 2563 2659 2712 2726 2741 2884 2921 2983 3081 3150 3248 3311 3467 3474 3500 3734 3750 3812 3821 4189 4244 4394 4487 4599 4661 4682 4823 4855 4928
225	40	21	10	91 148 170 329 584 825 888 1005 1140 1240 1272 1482 1532 1535 1549 1722 1935 1960 2087 2242 2441 2507 2539 2637 2664 2739 2763 2816 2870 2933 3125 3251 3369 3370 3491 3550 3667 3790 4084 4136 4164 4253 4345 4511 4562 4629 4669 4759 4838
233	39	119	10	16 206 228 442 460 499 530 574 649 783 933 939 1037 1130 1147 1188 1198 1354 1365 1380 1423 1621 1649 1660 1809 1885 1992 2033 2269 2351 2478 2630 2646 2756 2792 2828 2946 3020 3207 3570 3711 3775 4010 4315 4420 4525 4645 4673 4839 4844
261	23	87	10	29 144 146 165 244 390 511 554 585 600 708 710 967 1264 1285 1289 1379 1403 1479 1508 1653 1949 2207 2366 2385 2687 2740 2775 2805 3169 3183 3213 3216 3321 3340 3417 3425 3449 3485 3494 3627 3701 3705 3710 3830 3880 3919 4070 4170 4319 4500 4526 4602 4607 4969 4993
262	26	79	12	112 119 154 162 178 184 221 416 707 771 774 855 881 963 1285 1357 1394 1423 1579 1605 1761 1820 1842 1944 1952 1987 2027 2033 2049 2589 3205 3273 3279 3290 3331 3347 3428 3613 3614 3922 3949 3962 3998 4080 4131 4210 4260 4270 4353 4395 4460 4542 4866
265	16	25	10	19 132 158 256 304 335 520 667 893 992 1026 1146 1247 1259 1341 1444 1458 1464 1515 1548 1577 1586 1613 1674 1839 1868 1898 1954 1972 2147 2157 2239 2295 2302 2479 2598 2746 2926 3182 3381 3398 3664 3682 3689 3699 3736 3848 4092 4176 4194 4461 4537 4724 4863 4999
266	19	29	10	3 47 58 318 369 403 406 446 494 518 637 664 834 912 955 1052 1480 1552 1620 1686 1756 1776 1785 1867 1938 1943 2379 2626 2657 2677 2681 2891 2918 2928 2974 3002 3241 3255 3291 3388 3615 3698 3793 3840 4008 4127 4242 4268 4523 4535 4610 4744 4907
284	33	35	10	311 350 365 462 874 956 1000 1044 1064 1161 1211 1294 1340 1567 1589 1667 1675 1687 1814 1902 1965 2142 2158 2306 2307 2449 2520 2526 2585 2607 2615 2695 2706 2963 3109 3110 3148 3159 3342 3504 3507 3630 3753 3807 3866 4024 4134 4168 4223 4339 4400 4437 4517 4605 4644 4880
31	38	31	10	97 238 267 320 368 393 444 464 589 628 696 869 894 1017 1207 1578 1732 1749 1767 1875 1939 1977 2104 2176 2210 2349 2384 2708 2781 2795 2877 2955 3005 3039 3305 3480 3486 3687 3771 3817 3855 4014 4179 4293 4423 4529 4626 4680 4748 4990
60	24	113	10	151 336 408 471 502 745 885 924 1079 1102 1108 1265 1503 1603 1741 1789 1882 1953 1970 2175 2215 2314 2403 2440 2745 2825 2849 3137 3156 3225 3325 3336 3389 3436 3488 3527 3608 3745 3844 3975 4174 4323 4338 4380 4391 4455 4695 4743 4756 4757 4890 4918
86	12	130	10	349 505 546 658 698 759 827 1023 1043 1114 1125 1190 1213 1268 1382 1433 1528 1685 1923 2060 2081 2184 2189 2298 2414 2509 2545 2577 2649 2848 3025 3114 3175 3263 3448 3496 3530 3538 3559 3843 3861 3987 4007 4091 4153 4280 4321 4419 4542 4547 4685 4700 4841 4879
88	30	109	10	41 83 181 405 447 501 572 607 669 728 786 835 901 1012 1156 1172 1361 1388 1415 1440 1671 1811 2003 2048 2237 2296 2548 2551 2912 3028 3053 3201 3304 3567 3604 3616 3831 3839 3926 3974 4203 4251 4265 4342 4475 4521 4615
156	22	117	10	53 322 373 414 486 495 780 792 801 805 809 925 1030 1040 1105 1234 1253 1392 1413 1726 1777 1937 1962 1989 2061 2122 2212 2251 2272
168	14	27	10	56 129 162 183 221 375 410 485 525 534 712 757 1138 1214 1274 1470 1497 1584 1705
196	6	131	10	192 225 282 317 535 542 579 651 916 970 1084 1165 1183
200	7	40	12	105 213 242 278 672 689 712 869 905 912 1175 1193 1211 1227 1277 1473 1525 1680 1775 1955 2057 2080 2156 2178 2183 2313 2341 2398 2529 2531 2596 2801 2842 2891 2929 2987 3024 3123 3176 3309 3489 3622 3709 3828 3884 4158 4171 4184 4230 4243 4294 4430 4681 4715 4763 4777 4874
201	35	95	12	103 342 377 419 537 592 626 815 824 880 904 910 920 991 1442 1547 1557 1652 1705 1732 1832 1883 2195 2213 2218 2251 2256 2261 2367 2400 2407 2432 2435 2452 2521 2638 2861 2875 2887 2915 3114 3192 3339 3454 3534 3537 3761 3948 4055 4058 4091 4104 4332 4421 4428 4529 4570 4832 4901
206	28	56	12	34 69 81 140 677 745 788 893 957 1083 1203 1233 1441 1549 1624 1643 1695 1735 1861 1980 2046 2374 2613 2931 3004 3070 3100 3197 3208 3217 3312 3445 3525 3548 3576 3740 3879 3984 4082 4087 4272 4344 4465 4485 4487 4522 4605 4666 4897 4904 4990
236	32	44	12	9 14 15 157 163 293 314 428 481 686 793 971 1260 1278 1341 1352 1504 1567 1630 1696 1915 1968 2021 2029 2076 2110 2163 2269 2316 2385 2446 2624 2656 2698 2796 2845 2897 3002 3044 3196 3317 3414 3434 3520 3786 3952 3987 4064 4118 4259 4287 4514 4682 4737 4902
249	11	120	12	44 101 110 217 301 372 498 577 688 765 789 811 1109 1146 1184 1259 1292 1396 1566 1589 1631 1722 1802 1810 1871 1908 1974 2240 2303 2621 2629 2658 2822 2918 3127 3373 3726 3750 3778 3970 3973 4293 4369 4450 4473 4508 4799 4812 4862 4937 5000
280	31	141	12	259 352 409 570 621 638 676 697 701 748 921 923 972 1152 1158 1171 1208 1249 1343 1363 1372 1411 1419 1422 1555 1586 1614 1740 1769 1838 1878 1893 1965 2333 2459 2614 2630 2740 2846 2866 3026 3161 3281 3661 3862 4239 4335 4343 4444 4709 4813 4919 4925
296	3	117	12	68 138 254 291 442 685 708 763 808 1036 1116 1225 1230 1298 1375 1379 1452 1541 1545 1618 1782 1800 1856 2016 2030 2113 2236 2382 2389 2419 2799 2999 3018 3278 3419 3474 3477 3629 3773 3852 4090 4169 4179 4192 4193 4319 4393 4426 4506 4601 4619 4665 4695 4771 4890
300	8	61	12	189 202 320 540 547 604 619 749 832 876 890 1075 1107 1141 1189 1268 1384 1448 1490 1868 2012 2118 2139 2215 2320 2646 2678 2738 3107 3198 3304 3406 3464 3503 3544 3563 3787 3796 3805 3806 3845 3975 4013 4026 4059 4120 4203 4321 4348 4486 4623 4638 4659 4735 4755 4852 4926
71	36	124	12	121 130 260 279 417 576 586 692 809 958 1046 1144 1183 1530 1642 1706 1884 1889 1989 2233 2286 2339 2572 2639 2680 2722 2787 2985 3098 3509 3514 3603 3652 3839 3869 3942 4056 4077 4122 4124 4386 4409 4434 4472 4526 4700 4825 4850 4853 4938
79	15	92	12	55 100 144 247 292 368 479 548 648 800 856 857 979 1028 1173 1185 1279 1339 1526 1534 1562 1777 1837 1948 1990 1994 2007 2067 2120 2375 2473 2483 2536 2598 2604 3055 3086 3120 3270 3387 3389 3393 3459 3482 3491 3528 3797 4032 4119 4322 4354 4390 4607 4639 4779 4912 4924
91	18	64	12	150 180 267 431 475 528 608 625 647 997 1085 1288 1297 1318 1336 1368 1426 1548 1554 1780 1791 2035 2114 2445 2487 2498 2513 2557 2602 2625 2877 2882 3151 3165 3228 3233 3352 3443 3458 3609 3720 3938 4011 4036 4039 4266 4436 4616 4648 4698 4945 4964 4991
109	2	84	12	32 93 145 249 250 344 364 505 861 968 1164 1168 1190 1212 1487 1517 1692 1818 1925 2069 2142 2235 2410 2495 2511 2515 2622 2634 2699 2731 2763 2873 3016 3065 3190 3257 3285 3455 3701 3774 3794 3800 3895 3958 4053 4224 4371 4415 4479 4689 4923 4935 4946 4996
114	10	113	12	91 322 466 506 639 643 752 838 998 1022 1062 1072 1103 1257 1552 1564 1588 1657 1714 1729 1958 2015 2061 2096 2167 2761 2798 2967 3211 3251 3275 3435 3689 3747 3980 4162 4180 4200 4366 4373 4381 4399 4459 4585 4810 4857 4936
132	20	129	12	27 48 67 87 349 406 421 696 760 870 894 898 925 1008 1015 1094 1154 1199 1228 1337 1387 1466 1619 1632 1724 1728 1741 1910 2238 2727 2752 2982 3111 3168 3669 3676 3704 3784 3793 3829 3920 4041 4078 4448 4461 4521 4554 4590 4654 4660 4724 4811 4871 4894
148	4	81	12	142 478 770 819 906 948 1155 1222 1254 1258 1294 1327 1415 1629 1762 1859 1973 2148 2397 2489 2508 2519 2608 2674 2692 2719 2960 2995 3063 3315 3523 3722 3789 3846 3925 4010 4121 4130 4136 4150 4205 4468 4572 4661 4699 4770 4817 4879 4920 4975 4980
158	21	50	12	40 111 165 422 564 738 762 853 916 1098 1295 1412 1598 1654 1669 1717 1764 1793 1875 2023 2094 2350 2472 2497 2588 2633 2729 2749 2803 2819 2854 2881 3010 3391 3505 3617 3712 3804 3807 3983 4081 4154 4397 4548 4560 4591 4620 4749 4949
165	29	105	12	19 35 363 380 550 562 588 603 660 859 862 1150 1159 1196 1360 1381 1753 1774 1844 1916 1922 1976 2185 2282 2285 2342 2443 2583 2654 2844 3006 3113 3227 3268 3272 3371 3547 3596 3632 3682 3724 3791 3883 4009 4155 4417 4466 4477 4571 4758 4789 4873 4889 4952
176	37	15	12	269 284 358 640 649 682 867 871 927 1137 1217 1256 1362 1406 1409 1432 1582 1587 1623 1723 1801 1906 2032 2034 2200 2352 2361 2485 2518 2522 2524 2753 2838 3178 3191 3343 3351 3383 3407 3519 3552 3593 3651 3823 3836 4017 4031 4128 4137 4326 4368 4411
195	1	43	12	92 123 214 282 338 458 509 552 632 863 973 1058 1219 1308 1388 1391 1571 1815 1947 2071 2098 2421 2592 2650 2659 2694 2735 2808 2886 2946 2959 3042 3145 3258 3416 3788 3881 4075 4255 4292 4355 4385 4402 4413 4541 4589 4650 4694 4796 4867
211	34	122	12	200 355 539 580 597 661 679 768 837 899 933 935 956 961 965 1100 1117 1188 1472 1478 1539 1550 1651 1787 2056 2062 2063 2199 2346 2427 2458 2463 2484 2565 2590 2660 2800 2830 3062 3202 3210 3344 3574 3640 3646 3951 4107 4195 4441 4602 4834 4989
215	27	98	12	25 287 346 472 504 627 651 758 951 974 985 1027 1031 1157 1291 1414 1456 1662 1715 1788 1796 1904 2002 2336 2576 2711 2835 2968 3005 3209 3226 3260 3508 3546 3696 3904 4028 4068 4085 4093 4278 4611 4690 4691 4713 4740 4906 4909 4970
269	5	118	12	73 109 252 262 306 706 847 941 1034 1283 1358 1435 1481 1663 1718 1823 2206 2370 2394 2438 2584 2892 3029 3083 3181 3213 3476 3484 3566 3738 3751 3824 3860 3863 3874 3886 4311 4352 4356 4433 4679 4762 4785 4829 4883 4887 4953
282	13	19	12	33 78 192 299 433 532 538 568 702 829 845 887 980 1040 1061 1148 1433 1540 1747 1879 2132 2152 2270 2359 2783 2825 2862 3001 3180 3239 3241 3368 3524 3556 3568 3639 3690 3731 3811 3826 4050 4284 4298 4367 4518 4608 4761
13	25	48	12	231 452 557 600 629 666 669 721 727 754 835 938 1266 1325 1667 1888 1967 1971 2006 2066 2079 2420 2681 3266 3350 3355 3377 3385 3585 3590 3631 3755 3779 3818 3857 3868 3894 4015 4099 4108 4112 4129 4232 4250 4281 4336 4377 4476 4540 4856 4868
35	40	88	12	168 201 222 386 408 518 614 776 841 943 1445 1592 1646 1698 1836 1887 1988 2001 2138 2277 2384 2413 2450 2454 2474 2503 2535 2657 2709 2841 2847 2935 3037 3119 3129 3395 3532 3644 3674 3771 3927 4135 4189 4207 4285 4543 4546 4733 4751 4998
76	39	54	12	143 176 435 589 693 704 713 896 959 1025 1195 1367 1386 1395 1492 1573 2207 2224 2301 2345 2356 2478 2569 2603 2651 2682 2716 2762 2766 3021 3110 3206 3345 3388 3448 3452 3466 3483 3542 3768 3876 3943 4132 4190 4212 4404 4440 4574 4628 4645 4782 4816
82	23	33	12	42 191 230 290 393 549 605 739 794 817 1090 1180 1232 1514 1520 1704 2047 2050 2054 2072 2090 2095 2246 2291 2332 2770 2805 2858 3533 3592 3662 3672 3817 3945 3956 3960 3978 4156 4238 4331 4721 4752 4845 4900
106	16	93	12	59 330 362 473 678 743 858 931 1060 1088 1101 1267 1356 1502 1521 1687 1827 1858 2011 2137 2140 2273 2447 2992 2996 3032 3171 3229 3381 3431 3469 3602 3615 3665 3703 3710 3756 3757 3931 3964 3999 4035 4040 4074 4153 4199 4420 4808 4830 4835 4892
119	19	116	12	11 95 155 622 731 895 1048 1073 1128 1205 1275 1299 1328 1380 1400 1522 1527 1811 1835 1895 2172 2284 2509 2573 2595 2627 2721 3135 3142 3155 3163 3194 3323 3346 3562 3688 3841 3986 4168 4213 4291 4358 4425 4500 4583 4635 4656 4885
124	33	100	12	106 159 166 174 185 216 266 432 536 929 955 1026 1052 1069 1076 1238 1408 1410 1429 1506 1519 1546 1711 1978 2125 2133 2177 2560 2745 2746 2828 2900 2942 3117 3292 3314 3668 3706 3854 3898 3968 4277 4282 4317 4389 4489 4494 4595 4767 4877 4956
163	38	148	12	28 64 86 89 196 211 253 258 367 450 633 843 873 922 966 1029 1495 1656 1781 1806 1919 1931 2077 2112 2124 2395 2556 2726 3237 3394 3402 3408 3426 3518 3549 3814 3856 3889 3936 3990 4086 4303 4505 4693 4722 4725 4741
210	9	105	14	86 124 139 145 415 428 433 445 467 469 739 779 849 1090 1195 1295 1374 1410 2052 2197 2386 2404 2429 2504 2571 2620 2644 2655 2733 2752 2896 2941 2943 2977 3008 3144 3435 3531 3625 3841 4010 4106 4161 4204 4505 4731 4777 4797 4802 4886
268	24	1	12	164 181 183 255 563 644 1003 1133 1153 1192 1244 1253 1447 1599 1681 1733 1898 1985 2068 2100 2260 2365 2373 2415 2481 2615 2769 2810 2965 3095 3138 3224 3335 3354 3357 3412 3626 3732 3803 3831 3832 3905 3954 4236 4267 4523 4549 4566 4736 4858
277	12	51	12	5 58 325 347 485 487 572 581 777 797 1301 1334 1437 1455 1469 1590 1626 1872 1981 2084 2097 2155 2158 2424 2453 2542 2563 2777 2902 2939 3058 3294 3336 3342 3362 3598 3611 3723 3727 3837 3961 4046 4177 4283 4429 4488 4490 4509 4584 4621 4831
278	17	122	14	267 314 329 392 557 666 718 730 781 915 1028 1123 1145 1257 1320 1512 1640 1718 1781 1845 1881 1956 2281 2347 2525 2661 2685 2743 2748 2842 2982 3112 3153 3386 3495 3539 3705 3781 3830 3842 3908 3979 4015 4073 4102 4152 4173 4226 4256 4312 4340 4533
5	30	18	12	153 194 223 235 375 717 975 1115 1331 1365 1468 1621 1633 1634 1635 1752 1759 1986 2042 2297 2486 2683 2794 2840 2957 3012 3014 3038 3069 3172 3284 3444 3543 3577 3700 3971 4000 4146 4164 4175 4216 4511 4524 4552 4576 4678 4718
49	22	87	12	57 141 389 439 655 806 834 1120 1121 1201 1335 1439 1460 1507 1528 1779 1864 1992 2038 2064 2081 2104 2296 2553 2632 2647 2747 2821 2876
51	14	121	12	133 209 239 271 272 281 470 494 791 1118 1276 1333 1369 1440 1494 1597 1790 1813 1846
53	6	59	12	65 370 620 801 849 913 945 976 983 988 1050 1482 1673
58	26	52	14	7 19 326 343 355 371 483 593 620 988 1226 1417 1492 1658 1713 1737 2082 2083 2143 2230 2375 2665 2672 2790 2874 2897 2940 2997 3009 3053 3085 3119 3332 3397 3434 3540 3592 3599 3666 3840 3890 4187 4189 4262 4268 4351 4419 4441 4607 4633 4749 4948 4961
89	7	133	14	93 178 212 383 424 491 537 617 946 1194 1243 1275 1287 1420 1514 1536 1611 1796 1860 1864 1953 2060 2131 2229 2263 2350 2859 2952 3160 3276 3277 3323 3421 3450 3485 3567 3588 3607 3827 3904 3989 4105 4144 4221 4254 4297 4514 4518 4538 4618 4632 4778 4792 4841
99	35	134	14	20 25 121 190 224 227 420 637 700 836 887 930 949 1014 1051 1060 1113 1127 1274 1280 1623 1673 1676 1801 1832 1858 1896 1917 2295 2385 2416 2648 2732 2895 2903 3036 3074 3103 3317 3564 3597 3764 3970 3994 4001 4122 4141 4411 4439 4613 4776 4810 4964 4986
227	28	124	14	43 418 581 687 879 981 1076 1193 1279 1289 1317 1350 1364 1459 1558 1570 1775 1878 1945 2211 2249 2286 2324 2352 2387 2420 2535 2624 2725 2747 2760 2932 3045 3325 3673 3742 3864 3898 3920 4124 4140 4174 4215 4430 4438 4470 4507 4639 4773 4935 4969
237	32	81	14	59 113 125 265 643 773 880 1058 1092 1150 1168 1192 1259 1282 1478 1538 1563 1681 1685 1721 1850 2008 2067 2228 2278 2341 2360 2512 2603 2650 2666 2830 2933 2972 3042 3155 3159 3338 3379 3431 3551 3739 3785 3988 4052 4104 4115 4364 4531 4626 4877
248	11	107	14	146 171 285 481 516 524 588 668 727 759 818 872 937 1065 1209 1210 1318 1336 1509 1541 1656 1773 1835 1914 1954 2423 2455 2737 2855 2872 3312 3511 3573 3616 3618 3704 3719 3745 3896 4077 4147 4249 4449 4580 4600 4743 4788 4817 4989
285	31	67	14	76 172 221 278 333 511 605 609 641 674 741 926 1017 1030 1212 1451 1603 1786 1995 2041 2125 2402 2428 2462 2501 2589 2809 2948 2999 3083 3111 3148 3283 3314 3428 3660 3668 3771 3809 3977 4030 4067 4260 4294 4376 4475 4735 4921
293	3	5	14	234 286 338 460 611 715 857 967 1069 1199 1304 1405 1440 1526 1650 1765 1810 1818 1863 1974 1997 2017 2045 2065 2169 2245 2270 2271 2379 2405 2517 2531 2618 2812 2814 2927 2934 3048 3200 3258 3285 3411 3641 3899 4158 4205 4382 4407 4452 4525 4609 4872 4983
38	8	143	14	68 101 204 430 463 559 590 602 796 840 894 960 987 1155 1253 1397 1714 1991 2108 2151 2193 2194 2492 2541 2691 2702 2771 2799 2808 2994 3014 3165 3173 3394 3438 3470 3493 3497 3654 3692 3839 3993 4264 4393 4432 4537 4645 4706 4876 4917
72	36	110	14	55 193 218 226 258 301 313 335 583 690 728 784 847 944 1064 1460 1649 1853 1885 2092 2184 2473 2707 2820 2911 2976 2993 3032 3087 3192 3333 3348 3361 3484 3575 3609 3717 3874 3885 3931 3957 3973 4048 4222 4280 4313 4578 4698
162	15	108	14	12 87 245 352 354 510 519 732 1002 1160 1245 1269 1377 1391 1426 1537 1554 1926 1963 2003 2033 2114 2242 2332 2365 2461 2674 2703 2823 2966 3058 3320 3629 3735 3750 3756 3897 3935 4062 4208 4323 4491 4640 4684 4686 4784 4812 4826 4880 4884
185	18	27	14	10 53 69 137 164 260 315 644 928 1100 1102 1215 1303 1307 1540 1578 1729 1730 1778 1780 1784 1940 2070 2139 2241 2252 2393 2476 2534 2561 2670 2735 2800 2919 2996 3134 3157 3694 3766 4166 4191 4272 4310 4478 4490 4549 4703 4757 4832 4860
209	2	41	14	173 175 363 450 541 607 634 642 1159 1176 1222 1288 1291 1412 1894 1929 2144 2322 2323 2328 2408 2409 2479 2497 2520 2532 2543 2623 2793 2797 3012 3061 3107 3262 3297 3301 3329 3643 3664 3727 4021 4036 4160 4202 4233 4251 4373 4396 4420 4445 4480 4985
292	10	12	14	56 60 81 97 275 366 417 505 673 742 910 968 1131 1217 1319 1484 1851 1884 1960 1970 2021 2042 2120 2157 2257 2313 2448 2540 2573 2766 2777 2784 2918 2951 2988 3038 3123 3158 3507 3602 3689 3927 4186 4198 4211 4361 4372 4417 4577 4583 4766 4852 4955 4957
20	20	112	14	30 281 466 495 542 560 591 735 903 909 1185 1254 1354 1372 1387 1597 1598 1627 1686 1824 1874 1897 1946 2161 2215 2234 2382 2776 3110 3122 3175 3321 3422 3590 3822 3878 3883 3987 4123 4255 4309 4368 4678 4756 4787 4862
73	4	114	14	111 231 321 342 425 656 689 1037 1057 1247 1373 1390 1576 1618 1731 1841 1865 2119 2171 2188 2388 2622 2720 2753 2877 3445 3533 3562 3572 3700 3763 3790 3893 3967 4007 4125 4193 4321 4400 4493 4508 4589 4630 4676 4822 4865
83	21	146	14	339 514 564 631 713 723 785 792 838 919 952 1007 1204 1298 1306 1483 1500 1506 1571 1699 1843 2312 2597 2625 2754 2925 2969 3057 3154 3218 3302 3390 3437 3552 3622 3644 3681 3757 3882 4304 4307 4339 4348 4386 4405 4610 4755 4888
159	29	72	14	296 376 749 917 1001 1130 1233 1363 1366 1542 1987 2013 2276 2305 2339 2376 2544 2548 2769 2843 2879 3035 3067 3082 3217 3308 3513 3595 3718 3791 3828 3951 4212 4234 4252 4285 4362 4692 4709 4782 4805 4979
204	37	85	14	116 129 243 304 362 416 494 639 746 777 877 969 1174 1184 1239 1477 1550 1793 2010 2063 2126 2325 2469 2669 2694 2782 2928 3214 3259 3363 3637 3732 3837 3906 4134 4408 4448 4510 4658 4779 4847 4903 4911 4965 4972
245	1	68	14	131 379 423 453 474 488 506 627 697 750 860 868 948 1110 1181 1316 1438 1456 1715 1724 1833 1857 2061 2084 2112 2253 2267 2337 2351 2381 2498 2557 2592 2758 2909 3129 3131 3139 3206 3606 3672 3770 3845 3854 3965 3999 4009 4032 4119 4365 4371 4504 4603 4631 4681
2	34	84	14	50 123 168 291 341 513 522 596 684 705 783 1085 1170 1197 1313 1466 1525 1606 1712 1763 1975 1994 2034 2345 2407 2499 2523 2658 2726 2829 2860 3080 3509 3577 3655 3754 3769 3875 3975 4046 4047 4072 4261 4410 4466 4515 4653 4661 4704 4811
4	27	55	14	344 443 546 561 1008 1074 1237 1314 1645 1663 1695 1969 2051 2073 2102 2156 2299 2487 2524 2929 2992 3020 3076 3151 3191 3289 3352 3405 3456 3482 3512 3591 3639 3966 4183 4290 4575 4586 4606 4621 4861 4895 4971 4996
219	9	72	16	22 25 213 301 401 414 444 497 513 519 549 713 987 1083 1086 1087 1168 1186 1281 1282 1321 1464 1516 1594 1758 1760 1930 2055 2207 2266 2327 2434 2502 2508 2576 2682 2782 2902 2961 3017 3440 3452 3580 3813 3901 4043 4113 4236 4359 4369 4383 4535 4863
222	5	28	14	2 17 477 500 669 688 766 841 955 1161 1251 1277 1330 1413 1414 1522 1591 1628 2064 2198 2291 2316 2430 2538 2575 2582 2774 2836 2965 3141 3201 3232 3246 3324 3427 3468 3476 3504 3515 3518 3587 3798 3825 4163 4228 4654 4949
234	13	139	14	148 155 253 421 509 624 828 1059 1122 1149 1498 1560 1613 1948 2137 2357 2425 2472 2494 2730 2798 2906 2914 2954 3007 3025 3247 3257 3261 3375 3410 3479 3502 3709 3714 3788 3824 4033 4055 4149 4154 4241 4299 4320 4522 4702 4744 4866
36	25	36	14	182 242 388 630 677 699 743 978 1137 1355 1402 1469 1502 1505 1738 1761 1848 1908 1934 2027 2196 2287 2334 2354 2390 2392 2507 2539 2602 2687 2696 3164 3171 3306 3553 4013 4056 4300 4379 4520 4550 4590 4647 4803 4844 4904 4924
93	17	133	16	248 302 423 456 542 559 629 720 820 1085 1232 1238 1254 1314 1536 1707 1794 2122 2219 2315 2610 2621 2677 2765 2777 2984 3048 3253 3319 3386 3446 3558 3593 3612 3675 3691 3698 3800 3880 3940 4004 4035 4069 4098 4506 4647 4688 4728 4778 4784 4985 4991
108	40	56	14	109 154 180 228 391 411 635 698 850 973 1083 1103 1561 1615 1684 1754 1888 1937 1966 2047 2227 2372 2529 2659 2681 2832 3059 3066 3108 3380 3404 3478 3617 3657 3703 3782 3829 4148 4235 4423 4460 4552 4664
122	39	15	14	1 29 61 120 251 908 918 1066 1379 1489 1494 1665 1702 1744 1748 1967 2106 2259 2279 2654 2738 2749 2841 2892 2963 2964 3030 3344 3403 3461 3472 3510 3634 3817 4071 4196 4220 4248 4387 4392 4404 4517 4798 4910 4960
170	23	65	14	3 345 434 597 645 833 970 1099 1198 1393 1443 1496 1555 1575 1911 1961 2275 2330 2750 2781 2978 3016 3088 3249 3362 3368 3424 3499 3532 3675 3711 3787 3821 3941 4110 4232 4319 4499 4526 4540 4641 4742 4780 4827 4934
198	16	121	14	696 933 975 984 1143 1201 1249 1284 1302 1329 1345 1357 1436 1461 1480 1939 1980 2094 2243 2246 2340 2377 2475 2485 2547 2649 2734 2904 2908 3133 3647 3685 3833 3950 3990 4018 4157 4180 4209 4308 4359 4447 4595 4662 4715 4894 4926
257	19	89	14	122 249 288 600 829 1351 1394 1476 1855 2039 2044 2153 2346 2457 2568 2590 2676 2764 2998 3019 3099 3104 3132 3326 3420 3600 3658 3697 3849 3930 3981 4003 4022 4070 4156 4253 4292 4402 4451 4483 4489 4614
15	33	75	14	305 823 846 863 1011 1151 1219 1256 1382 1510 1612 1798 1847 1927 1931 2009 2028 2159 2205 2277 2443 2792 2878 3081 3095 3235 3241 3309 3334 3355 3383 3385 3432 3917 4083 4151 4159 4184 4197 4238 4240 4378 4412 4443 4829 4939
57	38	63	14	283 327 426 574 925 957 1300 1642 1814 1886 2145 2150 2209 2344 2363 2383 2466 2562 2677 2786 2795 3031 3121 3268 3409 3525 3547 3619 3649 3653 3779 3792 3944 3991 4054 4385 4513 4527 4874 4999
238	24	14	14	451 461 486 531 533 579 661 702 787 878 1162 1427 1434 1520 1566 1600 1892 1977 2031 2099 2174 2244 2359 2468 2493 2518 2638 2727 3182 3284 3310 3447 3449 3475 3491 3508 3613 3623 3661 3887 4172 4239 4269 4346 4394 4456 4719 4929
241	12	128	14	149 219 312 337 448 492 536 710 803 1009 1258 1404 1470 1479 1559 1608 1622 1682 1837 1949 2026 2177 2260 2336 2366 2419 2435 2446 2560 2601 2610 2856 2958 2967 2980 3135 3322 3351 3401 3529 3534 3693 4059 4085 4164 4288 4464 4680 4943 4968
290	30	22	14	199 517 577 772 791 962 1117 1286 1381 1732 1868 1877 2109 2147 2180 2458 2471 2509 2516 2558 2577 2631 2787 2813 2871 3018 3021 3033 3137 3229 3291 3327 3364 3659 3728 3816 3855 3921 3954 4099 4206 4282 4366 4384 4559 4736 4837
3	22	123	14	49 134 225 284 647 760 762 798 809 813 1021 1240 1242 1369 1573 1736 1785 1840 2248 2318 2369 2384 2474 2593 2678 2765 2775 2810 2970
61	14	74	14	140 170 220 262 317 456 490 683 714 753 812 1004 1048 1190 1338 1503 1527 1533 1696
64	6	3	14	34 264 270 399 525 552 717 778 1139 1290 1347 1822 1982
120	26	120	16	307 377 495 601 606 756 934 1409 1470 1644 1812 1903 1969 1984 2165 2204 2292 2412 2441 2442 2574 2653 2676 3185 3305 3339 3358 3422 3458 3481 3537 3550 3703 3774 3783 3982 4016 4125 4127 4159 4246 4382 4405 4434 4496 4720 4730 4742 4802 4924 4988
151	7	90	16	70 74 104 168 407 452 802 903 944 1011 1341 1390 1422 1607 1657 1721 1829 1866 2232 2302 2322 2353 2515 2707 2773 2822 2837 2874 2950 2951 3046 3056 3115 3181 3294 3299 3351 3396 3404 3590 3651 3672 3852 4169 4226 4288 4511 4626 4751 4773 4971 4995
243	35	57	16	138 175 405 425 443 533 535 785 828 940 1026 1177 1292 1364 1367 1434 1548 1678 1842 1865 1905 2129 2235 2517 2633 2680 2718 2938 2945 3139 3256 3280 3295 3379 3471 3544 3669 3756 3763 3932 4071 4286 4471 4504 4544 4547 4576 4581 4668 4709 4841 4849
8	28	7	16	75 89 128 275 316 434 486 520 695 697 748 842 898 1080 1388 1463 1677 1693 1716 1725 1901 2113 2172 2181 2216 2264 2331 2335 2470 2619 2674 2698 2882 2900 3113 3128 3269 3418 3427 3820 3868 4021 4029 4042 4406 4572 4639 4800 4964
145	32	45	16	133 261 329 586 755 1024 1188 1296 1338 1473 1544 1602 1675 1797 1807 1918 2093 2187 2234 2321 2395 2421 2594 2614 2761 2840 2868 2929 3091 3129 3165 3282 3674 3872 3898 4180 4194 4208 4210 4333 4385 4455 4465 4571 4584 4615 4712 4851 4948
197	11	16	16	78 313 394 567 583 603 882 958 1028 1151 1261 1383 1407 1435 1456 1679 1803 1855 2037 2098 2197 2212 2227 2319 2323 2447 2586 2755 2793 2941 3006 3153 3162 3190 3231 3473 3535 3655 3720 3795 3809 3871 3892 4028 4327 4379 4556 4719 4724
255	31	10	16	6 36 194 445 449 927 1395 1399 1543 1545 1565 1568 1641 1735 1737 1821 1954 1979 2018 2217 2233 2253 2468 2587 2631 2659 2665 2668 2907 3023 3108 3138 3258 3296 3424 3430 3450 3845 4061 4097 4356 4484 4519 4543 4606 4625 4632 4902 4958
258	3	9	16	13 93 120 125 218 254 417 472 480 585 728 800 819 869 951 970 1163 1303 1371 1440 1671 1697 1723 1869 1914 1933 2154 2168 2221 2545 2678 2757 2831 2856 2863 2911 2991 3022 3240 3382 3715 3747 3770 3877 4076 4256 4262 4531 4811 4929
264	8	2	16	82 83 167 276 419 668 672 712 779 840 864 866 994 1116 1228 1387 1438 1451 1556 1585 1849 1862 1877 2115 2164 2454 2482 2565 2598 2663 2905 3266 3402 3410 3506 3521 3575 3858 3921 4040 4062 4265 4296 4342 4353 4419 4689 4703 4998
25	36	58	16	57 85 159 346 566 577 651 773 843 908 936 1092 1274 1278 1406 1711 1727 1891 1922 1956 2121 2229 2286 2377 2448 2456 2748 2764 2980 3119 3163 3209 3242 3429 3634 3722 3947 3956 4013 4128 4185 4384 4409 4438 4634 4676 4747 4844 4860 4906
167	15	17	16	467 500 503 582 681 704 991 1093 1295 1329 1688 1709 1792 2203 2259 2308 2348 2437 2719 2742 2844 2865 2877 2899 2939 3078 3127 3310 3365 3515 3583 3589 3686 4049 4114 4287 4289 4294 4345 4377 4381 4387 4472 4867 4951 4962
271	9	2	18	53 118 223 246 347 532 773 792 816 1200 1306 1321 1488 1701 1736 1808 1924 2058 2293 2350 2360 2441 2547 2607 2640 2784 2903 2949 2962 2966 3063 3069 3091 3183 3301 3408 3471 3486 3661 3744 4182 4191 4415 4433 4466 4522 4675 4761 4847 4928 4970
183	18	49	16	1 105 149 153 161 180 209 332 384 490 747 830 1006 1350 1405 1491 1833 1848 1872 1998 2097 2119 2127 2138 2182 2230 2263 2277 2429 2469 2650 2696 2879 2978 3642 3654 3700 3733 3772 3996 4221 4512 4631 4695 4796 4891 4908 4933
77	2	73	16	118 196 262 437 439 544 548 746 810 837 962 1191 1530 1590 1699 1817 1867 2009 2130 2184 2239 2305 2400 2471 2480 2627 2751 2817 2843 2916 2937 2975 3049 3158 3218 3291 3314 3977 4063 4137 4167 4274 4349 4461 4646
118	10	128	16	51 71 80 86 195 236 547 554 598 854 899 1059 1134 1198 1462 2096 2128 2153 2189 2364 2386 2477 2699 2710 2711 2815 2826 2867 3066 3230 3271 3406 3459 3679 3815 3891 3943 4052 4237 4245 4261 4308 4507 4565 4764 4831
199	20	135	16	11 18 252 386 680 985 1015 1050 1076 1079 1108 1366 1999 2012 2111 2256 2265 2278 2291 2301 2372 2415 2579 2601 2715 2800 3237 3273 3384 3493 3701 3886 3936 3983 3985 4170 4309 4412 4513 4554 4652 4755 4812 4953
87	4	62	16	84 241 320 358 368 499 589 707 848 851 1342 1559 1597 1633 1660 1673 1771 1847 1861 1870 2035 2208 2250 2359 2513 2596 2724 3222 3245 3307 3488 3572 3873 3882 3918 4058 4086 4253 4473 4587 4711
242	21	111	16	206 245 403 431 438 496 602 856 902 983 1145 1185 1221 1307 1421 1506 1603 1880 2000 2446 2479 2518 2886 2910 3045 3646 3650 3743 3794 3874 3922 3930 3944 4147 4179 4470 4474 4746 4843 4993
