Course	Room	Teacher	Time	Students
24	13	48	2	34 94 135 332 368 380 478 578 674 783 790 832 893 1021 1031 1049 1055 1190 1404 1456 1511 1575 1630 1658 1667 1731 1788 1822 1886 2012 2026 2031 2048 2102 2179 2206 2502 2561 2594 2627 2647 2717 2782 2963 2977 2985 3028 3149 3217 3528 3570 3762 3945 3963 3973 4003 4075 4101 4309 4330 4333 4358 4470 4513 4628 4713 4734 4797 4812 4824 4943 4978 4988 4993
197	15	15	2	102 313 451 621 664 700 779 782 791 796 806 833 942 1298 1310 1331 1388 1390 1494 1504 1534 1604 1670 1717 1737 1818 1923 2033 2096 2147 2192 2211 2231 2271 2339 2353 2365 2410 2445 2462 2663 2918 2940 3126 3147 3163 3193 3196 3200 3236 3317 3363 3409 3456 3499 3649 4012 4226 4284 4531 4553 4572 4577 4617 4702 4906 4960 4969
242	17	31	2	23 149 192 337 339 379 515 592 793 861 899 934 1053 1113 1177 1224 1342 1397 1515 1577 1624 1702 1715 1771 1780 1785 1820 1904 1910 1974 2086 2148 2176 2296 2328 2335 2401 2457 2461 2529 2531 2664 2706 2811 2848 2880 3005 3384 3467 3500 3602 3609 3858 4009 4010 4041 4043 4088 4219 4261 4278 4405 4484 4726 4758 4918 4921
55	27	131	2	1 144 150 336 434 481 482 554 563 585 705 738 761 766 881 998 1078 1170 1302 1339 1440 1549 1606 1672 1684 1701 1900 1966 1988 2126 2221 2245 2247 2443 2708 2756 2774 2781 2850 2875 2889 2911 2924 3054 3061 3197 3240 3460 3473 3564 3805 3833 3864 3970 4020 4036 4092 4180 4349 4412 4453 4659 4660 4691 4894 4946
223	28	100	2	100 178 212 347 362 381 391 429 496 649 708 852 1072 1126 1291 1455 1524 1527 1547 1711 1719 1816 1873 1887 2251 2432 2472 2504 2560 2600 2606 2618 2622 2639 2685 2721 2775 2856 2868 2879 2894 2915 2968 2983 2989 3246 3360 3606 3788 3816 3828 3860 3888 3916 4175 4221 4300 4379 4394 4396 4407 4533 4568 4606 4678 4688 4744
250	29	42	2	133 182 283 439 494 508 567 607 799 826 835 918 980 1070 1086 1181 1232 1364 1478 1573 1602 1654 1759 1811 1823 1846 1865 1911 2032 2400 2475 2522 2534 2689 2722 2796 2846 2878 2961 3094 3214 3389 3479 3532 3639 3643 3665 3720 3751 3757 4084 4104 4106 4156 4268 4273 4440 4542 4552 4604 4665 4808 4900
39	35	123	2	537 616 740 808 872 909 999 1079 1089 1093 1115 1159 1202 1269 1281 1408 1470 1611 1620 1662 1799 1866 2016 2042 2098 2127 2356 2373 2396 2433 2440 2468 2474 2527 2650 2893 2934 3022 3063 3098 3100 3122 3135 3242 3382 3397 3438 3447 3487 3510 3547 3638 3764 3865 3934 4047 4091 4169 4315 4622 4648 4767 4908 4939 4952 4955
87	36	39	2	8 109 139 277 293 495 497 620 673 689 795 901 940 958 969 972 1052 1083 1139 1289 1336 1694 1922 1968 2030 2350 2372 2528 2544 2588 2828 2847 2877 2931 2949 2981 3038 3115 3124 3234 3261 3279 3295 3371 3411 3414 3495 3537 3538 3719 3729 3760 3770 3876 3987 4045 4141 4256 4354 4366 4387 4561 4590 4746 4766 4862 4873 4985 4991
253	10	129	2	78 103 122 491 604 725 838 846 864 917 930 996 1138 1196 1217 1261 1266 1454 1520 1539 1559 1578 1746 1768 1856 1942 1963 1975 2028 2037 2046 2054 2060 2134 2145 2194 2315 2349 2391 2435 2536 2669 2908 2971 3001 3025 3186 3207 3315 3322 3396 3516 3735 3780 3849 3861 3877 4217 4227 4235 4240 4294 4416 4569 4685 4871 4875 4938 4959 4966 4976 4984 5000
284	23	22	2	76 117 208 338 366 423 486 504 541 560 562 605 859 981 1136 1142 1272 1335 1394 1466 1484 1566 1622 1689 1730 1753 1848 2069 2074 2118 2215 2340 2341 2368 2376 2438 2541 2630 2739 2801 2871 2927 3099 3114 3129 3312 3588 3603 3748 3753 3755 3776 3952 3999 4093 4301 4319 4475 4506 4518 4546 4663 4689 4840 4907
292	13	100	4	49 181 426 504 583 1059 1133 1318 1349 1374 1445 1597 1623 1633 1692 1790 1791 1806 1814 1865 1911 1950 2069 2117 2128 2180 2190 2224 2233 2320 2337 2435 2561 2673 2708 2771 2792 3071 3152 3218 3227 3230 3277 3349 3415 3522 3571 3587 3610 3688 3758 3831 3870 3975 4064 4085 4125 4139 4189 4287 4392 4484 4515 4522 4564 4581 4623 4673 4866 4882 4990
84	6	33	2	214 249 260 320 393 477 488 510 576 584 623 636 648 693 827 854 894 1112 1122 1154 1167 1189 1323 1688 1899 1958 2065 2142 2195 2207 2232 2258 2303 2413 2458 2530 2743 2787 2825 2976 2990 3004 3083 3120 3269 3368 3450 3469 3612 3636 3657 3672 3698 3739 4099 4151 4342 4357 4374 4439 4517 4686 4725 4742 4784 4892 4929
137	5	54	2	22 73 326 436 450 528 555 565 713 912 937 1020 1043 1091 1241 1296 1301 1414 1660 1868 1882 1970 2082 2130 2146 2174 2256 2281 2282 2525 2598 2682 2826 2887 2891 2904 2926 2943 2966 2992 3162 3390 3442 3457 3502 3566 3575 3662 3817 3827 3918 3924 4059 4074 4260 4291 4353 4356 4360 4369 4476 4512 4638 4735 4885 4972 4997
200	8	78	2	194 340 421 430 544 588 596 631 692 707 744 746 775 914 936 970 1042 1222 1314 1614 1650 1655 1807 1819 1861 1916 1983 2160 2166 2197 2222 2266 2325 2386 2495 2509 2570 2654 2761 2806 2833 2881 2902 2945 3081 3144 3248 3373 3399 3427 3440 3666 3857 3868 4067 4292 4304 4422 4462 4498 4574 4768 4863 4954 4975
3	34	51	2	56 129 234 543 675 683 712 815 1068 1128 1240 1319 1507 1517 1583 1599 1645 1665 1683 1858 2010 2040 2062 2066 2113 2301 2514 2548 2568 2607 2615 2903 2973 2988 3087 3328 3400 3551 3618 3652 3673 3731 3747 3754 3899 3933 3972 4085 4090 4127 4140 4409 4445 4489 4500 4514 4708 4856 4999
83	14	61	2	24 39 147 357 404 472 516 828 877 1051 1110 1253 1311 1420 1475 1503 1551 1558 1710 1791 1803 1824 1989 2073 2274 2417 2450 2489 2633 2709 2770 2792 2950 3006 3008 3060 3096 3209 3268 3270 3377 3515 3600 3839 3922 3928 3965 3993 4077 4157 4281 4371 4419 4684 4803
118	15	129	4	105 130 151 346 433 803 862 872 985 1099 1112 1114 1264 1269 1287 1303 1487 1489 1497 1595 1730 1752 1769 1792 1898 2222 2356 2410 2641 2683 2761 2780 2840 2888 2899 2976 2979 3249 3345 3438 3578 3636 3687 3728 3761 3828 4021 4060 4109 4184 4533 4563 4675 4676 4698 4835 4898 4977
296	22	19	2	66 114 237 474 512 523 853 878 904 950 978 1006 1100 1160 1263 1373 1401 1536 1692 1837 1897 1962 2021 2193 2276 2329 2427 2471 2674 3017 3093 3226 3251 3291 3308 3313 3336 3337 3338 3342 3508 3715 3716 3866 4193 4216 4314 4323 4543 4573 4576 4592 4601 4610 4834 4876 4883 4886 4916 4965 4981
179	11	120	2	236 242 247 266 483 507 571 577 697 758 804 822 874 1082 1358 1368 1395 1418 1452 1522 1535 1538 1777 1783 1876 1960 2055 2149 2236 2257 2310 2314 2453 2498 2508 2645 2714 2859 3090 3111 3138 3177 3201 3210 3237 3249 3290 3430 3461 3474 3504 3512 3522 3523 3530 3553 3632 3917 4207 4214 4338 4352 4473 4474 4565 4764 4838 4933 4942 4951
271	24	150	2	74 169 217 319 325 373 521 569 580 625 645 691 721 745 788 966 973 1064 1111 1130 1198 1485 1556 1864 1892 1934 1945 1956 1967 1976 2170 2565 2821 2823 2919 3011 3051 3235 3301 3444 3534 3691 3736 3810 4162 4177 4178 4229 4324 4391 4397 4436 4516 4619 4657 4681 4703 4712 4788 4898
27	37	52	2	30 37 90 222 295 327 342 438 913 938 1035 1076 1135 1150 1201 1219 1231 1329 1580 1752 1854 1863 1894 1950 2005 2351 2388 2399 2409 2463 2496 2729 2780 2937 3035 3082 3137 3326 3332 3381 3550 3733 3796 3872 3900 3927 4007 4026 4034 4317 4488 4593 4611 4773 4823 4930
51	1	12	2	25 201 280 299 322 334 355 427 485 586 594 598 641 715 821 825 961 1061 1107 1158 1228 1402 1426 1459 1468 1800 1898 1918 1965 1977 2050 2092 2171 2261 2549 2596 2652 2670 2696 2720 2928 2993 2997 3016 3131 3134 3304 3421 3589 4585 4634 4671 4679 4690 4701 4821
75	17	61	4	2 8 155 172 215 305 372 411 492 595 597 630 656 788 791 796 831 911 928 1121 1530 1590 1717 1847 1866 1937 2051 2089 2240 2297 2433 2487 2709 2852 2925 2928 2938 3089 3156 3162 3238 3244 3407 3541 3641 3723 3748 3769 3929 3934 4074 4082 4146 4165 4167 4218 4225 4504 4694 4696 4828 4873 4884 4924 4988
107	20	124	2	121 197 281 467 506 546 561 637 687 690 743 747 979 982 1054 1067 1163 1254 1383 1393 1610 1648 1687 1734 1909 2045 2097 2342 2558 2563 2587 2839 2864 2969 3027 3086 3165 3310 3331 3412 3429 3545 3659 3667 3674 3842 3846 3930 3960 4006 4015 4117 4192 4228 4373 4511 4520 4582 4621 4637 4723 4833 4974
161	19	80	2	64 294 308 408 531 632 728 737 811 849 898 1131 1153 1229 1246 1324 1698 1747 1754 1790 1842 1847 1871 2022 2141 2692 2737 2798 2810 3121 3288 3417 3423 3462 3517 3536 3599 3607 3611 3619 3648 3681 3703 3793 3875 3909 3959 4018 4021 4039 4112 4145 4163 4245 4267 4277 4345 4377 4486 4646 4770 4786 4917 4941
209	21	18	2	6 72 156 235 270 348 501 574 595 720 818 888 952 1085 1157 1287 1419 1437 1565 1595 1612 1646 1699 1792 1978 2034 2072 2093 2158 2180 2203 2225 2233 2318 2323 2377 2421 2582 2680 2750 2791 3065 3069 3128 3306 3329 3436 3616 3628 3832 3837 3932 3938 4053 4139 4144 4286 4402 4430 4442 4555 4598 4694 4814 4852 4990
115	16	62	2	38 68 116 166 324 377 509 638 650 694 812 841 922 1180 1211 1306 1384 1482 1528 1546 1626 1860 1920 2070 2167 2402 2418 2556 2562 2567 2602 2690 2715 2725 2849 2872 2914 2967 2975 3040 3041 3044 3095 3141 3228 3410 3476 3519 3878 3992 4079 4113 4115 4120 4122 4438 4654
123	18	36	2	48 62 101 155 175 218 288 302 303 498 579 610 724 754 794 801 866 876 896 1069 1175 1205 1221 1742 1757 1943 2135 2136 2196 2205 2279 2285 2378 2385 2476 2490 2681 2738 2758 2876 3021 3127 3166 3257 3432 3503 3595 3604 3610 3627 3684 3695 3714 3769 3937 4096 4135 4174 4241 4381 4529 4599 4752 4904 4989
145	9	60	2	36 63 113 145 245 305 344 352 617 1081 1117 1145 1176 1195 1273 1385 1560 1590 1603 1821 2006 2139 2143 2393 2416 2449 2539 2566 2569 2628 2679 2991 3089 3109 3173 3496 3498 3601 3631 3658 3707 3887 3896 4031 4037 4065 4266 4271 4297 4361 4508 4547 4587 4641 4652 4709 4718
152	3	3	2	50 88 220 257 289 300 394 468 582 609 622 651 897 915 968 1022 1169 1210 1216 1247 1347 1597 1726 1906 1972 2056 2101 2125 2299 2302 2338 2366 2571 2584 2616 2662 2691 2817 2900 2947 3354 3472 3586 3605 3656 3661 3727 3853 3879 4066 4189 4200 4378 4413 4490 4550 4635 4729 4845 4877 4967 4968
222	31	109	2	119 171 180 206 311 502 538 624 640 819 871 971 1155 1276 1297 1320 1338 1369 1458 1581 1591 1700 1716 1797 1831 1869 1913 2078 2079 2189 2209 2326 2452 2460 2550 2575 2624 2769 2802 2805 2916 2974 3030 3088 3164 3195 3407 3494 3997 4152 4220 4233 4376 4492 4525 4567 4607 4771 4801 4893 4949
238	4	53	2	82 142 164 248 365 424 457 524 573 1007 1063 1090 1300 1330 1453 1554 1651 1729 1808 1936 2019 2132 2198 2227 2269 2284 2331 2345 2506 2532 2545 2619 2704 2816 2834 3084 3112 3171 3218 3277 3320 3492 3493 3582 3654 3679 3809 3829 3881 3936 4058 4148 4306 4420 4457 4715 4760 4880 4919 4923
276	7	88	2	4 146 154 161 269 372 657 752 903 1018 1132 1165 1178 1280 1321 1366 1425 1473 1508 1510 1609 1677 1739 1796 2027 2038 2080 2379 2482 2605 3116 3153 3194 3227 3263 3359 3437 3704 3712 3737 3778 3847 3869 3893 3904 3998 4056 4176 4213 4328 4340 4380 4437 4869 4879 4958
28	40	136	2	329 388 500 630 734 753 765 1002 1057 1282 1285 1325 1333 1340 1435 1537 1544 1562 1632 1723 1760 1763 1885 1938 2175 2305 2332 2469 2518 2648 2677 2726 2808 2888 2907 3064 3157 3219 3274 3299 3323 3339 3642 3660 4032 4110 4243 4250 4289 4320 4461 4560 4614 4720 4737 4868 4914 4961 4971
73	39	125	2	108 151 471 539 662 865 955 1024 1048 1071 1403 1429 1431 1521 1639 1680 1804 1817 1850 2002 2210 2404 2464 2467 2574 2764 2921 2938 3105 3182 3189 3281 3344 3482 3556 3693 3814 3873 4165 4295 4321 4444 4449 4545 4566 4631 4649 4733 4858 4979
140	27	124	4	15 18 25 54 122 166 171 519 565 632 638 680 739 844 847 909 1036 1073 1333 1427 1483 1500 1516 1549 1848 1886 2020 2077 2079 2108 2168 2207 2318 2373 2430 2565 2579 2600 2698 2711 2739 3034 3134 3484 3608 3781 3867 3884 3969 4185 4226 4228 4235 4294 4340 4654 4655 4877 4918
195	12	87	2	160 221 271 307 335 343 387 432 459 551 723 987 1004 1019 1030 1041 1212 1371 1477 1493 1550 1615 1675 1690 1697 1721 1745 1750 1884 1905 2306 2316 2374 2491 2731 2804 2807 2885 2965 2970 2972 3125 3184 3202 3229 3233 3296 3370 3459 3490 3546 3558 3774 3947 4143 4232 4370 4446 4558 4626 4639 4884 4911 4920
225	25	118	2	19 143 195 203 228 256 261 268 345 367 406 647 729 856 870 880 929 994 1045 1140 1151 1233 1348 1386 1396 1457 1487 1593 1828 1917 1935 1973 2076 2151 2300 2312 2434 2456 2559 2657 2735 3020 3361 3395 3625 3634 3702 3935 4069 4095 4103 4230 4258 4375 4431 4464 4472 4478 4950 4970
237	30	117	2	9 42 452 601 603 611 654 845 892 1001 1036 1038 1125 1166 1462 1496 1502 1532 1712 1758 1793 1812 2120 2163 2213 2249 2273 2387 2424 2511 2538 2593 2643 2644 2702 2946 3031 3221 3446 3514 3713 3724 3807 3901 4050 4051 4107 4119 4255 4310 4426 4435 4454 4496 4644 4782 4785 4820 4866 4905
241	28	123	4	45 55 69 254 287 304 494 517 530 600 623 728 919 1120 1232 1425 1449 1531 1542 1586 1594 1687 1746 1761 1789 1878 1936 2095 2100 2104 2119 2234 2316 2382 2438 2549 2597 2701 3107 3197 3256 3356 3392 3506 3546 3612 3655 3680 3703 3851 3874 3898 4027 4029 4131 4260 4459 4609 4618 4658 4728 4804 4849 4934
288	33	104	2	99 205 273 425 476 518 525 540 680 735 802 931 1060 1133 1203 1237 1299 1448 1495 1498 1617 1634 1681 1696 1725 1756 1896 1955 1985 2063 2153 2190 2202 2237 2425 2499 2578 2822 2932 3010 3103 3223 3280 3374 3406 3531 3592 3840 3980 4017 4030 4105 4166 4299 4392 4418 4433 4615 4645 4653 4695 4753 4896 4940 4977
34	32	90	2	20 21 67 131 190 215 396 470 558 568 589 612 957 1012 1095 1134 1274 1343 1350 1355 1391 1588 1706 1732 1889 1915 2047 2324 2431 2486 2612 2668 2861 3130 3170 3294 3463 3527 3689 3730 3897 4068 4146 4167 4184 4218 4399 4487 4532 4618 4640 4650 4761 4910 4912 4987
70	38	99	2	35 224 349 363 711 714 760 1011 1077 1265 1344 1840 1872 2201 2230 2292 2313 2500 2555 2632 2640 2772 2799 2844 3142 3146 3168 3198 3255 3369 3520 3573 3697 3765 3903 3939 3942 4054 4194 4259 4509 4581 4591 4669 4724
105	26	20	2	115 315 341 358 385 418 490 756 770 935 1037 1184 1200 1226 1234 1258 1400 1406 1411 1415 1442 1500 1709 1770
170	2	59	2	29 41 158 199 278 312 415 420 437 444 599 677 933 986 1000 1066 1244 1268 1349 1365 1445 1553
205	29	43	4	17 185 415 445 580 617 659 670 778 954 1008 1010 1381 1411 1421 1485 1545 1600 1649 1870 2080 2098 2113 2173 2191 2339 2341 2411 2431 2531 2627 2645 2646 2677 2722 2724 2732 3133 3318 3470 3592 3664 3682 3850 3887 3938 3963 4025 4121 4132 4174 4203 4327 4423 4653 4713 4754 4827
266	35	105	4	5 42 117 161 191 221 224 238 244 353 436 542 545 574 635 703 779 965 1001 1071 1168 1361 1372 1404 1438 1533 1569 1656 1891 1954 2021 2034 2151 2330 2369 2459 2613 2699 2803 2936 3177 3211 3273 3324 3575 3601 3660 3670 3697 3981 4113 4160 4175 4204 4210 4283 4406 4482 4570 4672 4779
4	36	4	4	31 195 318 347 534 554 634 655 688 754 761 834 840 867 935 1076 1077 1200 1222 1231 1286 1709 1722 1867 1943 1974 2106 2165 2278 2280 2300 2479 2491 2499 2885 2915 2932 3304 3388 3482 3576 3593 3674 3760 3811 3859 4057 4134 4291 4314 4318 4341 4633 4660 4765 4815 4816
9	10	143	4	1 149 220 310 359 370 408 455 487 513 653 763 959 1047 1079 1117 1151 1356 1376 1460 1567 1696 1747 1901 2022 2196 2270 2288 2366 2387 2530 2539 2776 2922 3021 3051 3225 3258 3413 3481 3514 3558 3574 3747 3754 3790 4073 4137 4180 4187 4205 4216 4310 4402 4428 4497 4902 4920
59	23	52	4	47 66 128 207 235 315 325 377 463 665 762 792 799 897 1163 1192 1235 1299 1423 1598 1607 1635 1639 1645 1910 1926 1956 2057 2094 2338 2367 2390 2551 2664 2689 2786 2869 2950 2953 2978 3057 3062 3160 3161 3169 3188 3233 3309 3451 3539 3568 3675 3702 3881 3900 3908 4058 4342 4426 4453 4569 4575
72	6	2	4	136 275 283 589 622 751 789 814 926 1016 1023 1042 1196 1338 1409 1451 1484 1738 1763 1917 1967 2037 2144 2187 2264 2291 2357 2429 2439 2573 2682 2785 2942 2948 2994 3018 3130 3202 3220 3272 3283 3296 3476 3530 3555 3604 3621 3657 3685 3782 3803 3933 3937 4067 4196 4223 4237 4270 4362 4375 4416 4432 4452 4929
117	5	66	4	73 180 258 260 417 450 551 883 885 956 960 1080 1132 1267 1275 1297 1336 1365 1471 1660 1718 1825 1933 1942 2093 2115 2254 2308 2419 2492 2497 2523 2540 2896 3208 3374 3410 3421 3485 3639 3679 3691 3814 3841 3903 3949 3971 4088 4099 4108 4155 4194 4241 4323 4359 4389 4865 4947 4953 4981
162	8	98	4	61 132 183 194 330 368 458 531 569 584 707 888 995 1058 1145 1240 1258 1283 1583 1755 1758 1776 1914 2109 2155 2169 2182 2265 2500 2581 2737 2758 2835 2902 3041 3139 3144 3206 3271 3328 3348 3384 3387 3483 3633 3673 3677 3683 3706 3876 3913 3955 4043 4172 4252 4421 4600 4749 4871 4908 4961 4970 4985
168	34	45	4	6 23 89 198 309 339 391 428 527 801 849 997 1015 1055 1138 1144 1149 1315 1346 1350 1744 1834 1908 2161 2215 2268 2407 2496 2585 2671 2773 2866 2935 3236 3281 3292 3331 3382 3471 3472 3699 3842 3869 3880 3893 3941 4023 4169 4247 4385 4425 4430 4447 4593 4725 4756 4992
191	14	31	4	43 137 435 454 523 664 750 952 967 991 1029 1180 1209 1454 1494 1505 1526 1652 1819 1835 1927 2013 2206 2415 2584 2587 2604 2621 2659 2695 2763 2964 3054 3077 3248 3267 3341 3352 3456 3512 3544 3668 3763 3812 3845 3892 3988 4111 4647 4661 4685 4734 4745 4888 4972
196	13	4	6	1 161 219 371 387 739 817 920 1264 1407 1447 1647 1662 1693 1749 1834 1841 1871 1910 1926 1931 2250 2367 2490 2527 2577 2858 2889 3081 3273 3301 3364 3365 3377 3436 3488 3647 3820 3825 3887 3889 3933 4028 4100 4195 4202 4301 4330 4361 4365 4369 4427 4480 4526 4533 4555 4569 4745 4747 4756 4857 4900 4916 4926
207	22	13	4	67 82 162 217 327 467 482 533 752 758 780 826 912 1003 1105 1183 1328 1386 1511 1578 1632 1650 1740 1762 1778 1786 2011 2127 2174 2340 2392 2480 2562 2589 2626 2750 2870 2886 2912 2957 3039 3325 3474 3491 3570 3595 3626 3726 3888 4045 4233 4254 4315 4354 4376 4435 4671 4729 4757
213	11	32	4	158 230 298 383 398 460 484 698 770 1014 1111 1167 1213 1226 1490 1572 1689 1749 1844 1952 1958 1991 2044 2216 2228 2336 2661 2734 2769 2795 2802 2913 2997 2999 3166 3183 3184 3252 3379 3380 3422 3487 3531 3591 3665 3690 3700 3835 3998 4104 4114 4130 4179 4230 4309 4335 4336 4460 4598 4627 4880
278	24	150	4	9 57 107 110 112 160 205 248 362 662 756 773 879 947 979 1364 1492 1610 1711 1765 1893 1995 2046 2084 2160 2625 2827 3004 3044 3061 3067 3080 3223 3229 3263 3311 3343 3429 3594 3627 3753 3905 3935 4013 4051 4063 4102 4116 4154 4171 4188 4214 4239 4456 4573 4625 4637 4677 4751 4810
285	37	146	4	138 214 231 379 381 396 590 609 741 875 1017 1025 1032 1162 1220 1373 1456 1529 1564 1653 1661 1782 1824 1827 1894 1947 2072 2370 2371 2414 2628 2653 2844 2995 3002 3088 3167 3243 3320 3326 3628 3738 3767 3932 3947 4018 4107 4242 4312 4330 4388 4481 4541 4561 4583 4867
8	15	13	6	28 113 164 328 344 348 349 499 519 579 644 1108 1115 1147 1403 1501 1595 1670 1808 1830 2017 2024 2046 2081 2154 2275 2423 2455 2498 2595 2601 2702 2792 3166 3338 3368 3374 3446 3460 3509 3536 3593 3656 3704 3830 3990 4291 4349 4489 4675 4683 4704 4740 4783 4810 4940 4959 4997
25	1	58	4	33 111 119 148 154 249 473 548 717 805 843 868 930 1302 1313 1405 1476 1507 1534 1566 1788 1828 1876 1887 2009 2085 2434 2501 2552 2572 2793 2796 2811 2933 3135 3464 3548 3606 3698 3826 4005 4123 4133 4145 4163 4307 4494 4544 4586 4735 4784 4957 4989
40	20	60	4	219 395 409 631 639 914 964 969 1116 1193 1199 1330 1478 1543 1574 1644 1802 1850 2028 2201 2253 2276 2305 2329 2354 2395 2489 2542 2575 2765 2831 2836 3397 3423 3460 3466 3467 3559 3562 3638 3644 3676 3832 3891 3895 3899 3923 3965 4142 4288 4650 4710 4731 4872 4886 4974 4991
65	19	128	4	48 80 218 227 360 465 572 603 709 733 771 817 1142 1173 1195 1278 1295 1327 1367 1513 1565 1601 1668 1714 1759 1766 1883 2025 2053 2141 2277 2520 2538 2718 2894 2901 2968 3013 3072 3195 3344 3448 3465 3565 3624 3819 3848 3896 3960 3980 4076 4181 4202 4246 4263 4285 4332 4599 4608 4850 4909 4925
81	21	86	4	103 116 237 342 386 401 402 414 453 489 521 612 640 687 902 921 1380 1480 1615 1665 1703 1856 1912 2023 2049 2099 2230 2314 2436 2808 2920 3126 3240 3381 3535 3547 3619 3625 3746 3844 3910 3970 4000 4016 4106 4397 4502 4590 4761 4763 4858 4897 4913 4916
92	16	94	4	32 186 378 384 483 564 578 857 861 891 941 943 1040 1134 1139 1242 1254 1292 1379 1470 1481 1732 1871 2029 2033 2211 2220 2532 2553 2570 2726 2729 2832 2861 2903 3042 3053 3058 3136 3298 3573 3789 3798 3843 3877 3906 4047 4100 4540 4566 4748 4786 4825 4879 4937 4999
104	18	16	4	60 124 153 440 557 759 933 938 955 987 989 1022 1027 1041 1091 1147 1165 1248 1279 1281 1378 1501 1554 1562 1651 1879 1949 1964 2006 2007 2146 2376 2393 2444 2594 2655 2748 2790 3017 3075 3125 3171 3255 3307 3417 3538 3770 3806 3846 3882 3957 4474 4505 4636 4714 4759 4894 4945 4998
116	9	149	4	164 208 296 466 561 615 676 726 755 999 1140 1375 1422 1429 1441 1537 1798 1920 1934 1938 1979 2214 2246 2250 2301 2609 2640 2685 2760 3012 3019 3138 3339 3362 3373 3394 3409 3478 3581 3616 3750 3755 3794 3866 4044 4093 4120 4144 4378 4449 4471 4495 4571 4641 4651 4772 4806 4914
218	3	10	4	129 212 266 367 633 646 683 685 765 804 830 905 1019 1060 1063 1130 1190 1256 1552 1606 1621 1751 1777 1809 1881 2076 2111 2195 2200 2248 2362 2474 2632 2721 2789 2841 2887 2895 2960 3123 3155 3264 3316 3408 3433 3441 3765 3787 3854 4042 4048 4050 4078 4124 4162 4177 4198 4298 4514 4642 4766 4792 4797 4826 4951 4995
235	31	111	4	91 240 253 265 438 442 571 618 701 706 757 821 829 972 990 1150 1206 1236 1255 1270 1334 1366 1457 1693 1783 2162 2315 2374 2401 2404 2426 2469 2566 2651 2660 2742 2772 3043 3064 3103 3132 3205 3232 3251 3303 3340 3370 3411 3808 4052 4325 4454 4496 4528 4542 4545 4666 4803 4875 4890 4922
13	4	74	4	201 209 276 297 317 399 654 720 786 797 813 842 1357 1521 1658 1787 1801 1823 1941 1945 1994 2097 2135 2226 2317 2420 2445 2614 2629 2647 2666 2712 2857 2970 3066 3094 3110 3151 3213 3241 3334 3393 3609 3849 3914 3995 4022 4024 4049 4158 4173 4276 4286 4356 4369 4373 4776
102	7	40	4	3 87 252 332 462 682 768 787 807 863 865 937 1102 1146 1259 1317 1450 1596 1663 1705 1771 1812 1868 1880 1968 2039 2056 2096 2247 2468 2483 2524 2545 2939 3141 3302 3350 3369 3385 3486 3740 3752 3795 3928 4193 4215 4224 4405 4466 4483 4556 4723 4861 4892 4973 4982
119	40	148	4	71 134 222 226 247 324 397 413 447 524 553 742 784 886 934 981 1009 1128 1383 1575 1699 1716 1721 1781 1815 1990 2120 2334 2476 2678 2821 2834 2846 2892 2966 3090 3172 3221 3332 3420 3443 3554 3561 3643 3692 3693 3768 3775 3833 3864 3878 3921 4200 4371 4455 4458 4472 4755 4780
121	39	1	4	182 193 213 290 459 497 539 613 642 649 736 822 1085 1280 1305 1418 1557 1573 1706 1729 1795 1843 1902 2101 2237 2292 2403 2409 2503 2516 2617 2635 2675 2733 2807 2838 2898 2921 3222 3353 3360 3399 3475 3495 3586 3620 3766 4019 4077 4319 4329 4357 4408 4480 4941
163	12	8	4	10 84 170 259 312 508 552 556 657 748 887 951 1170 1216 1285 1444 1536 1710 1805 1845 1965 1973 2045 2124 2193 2241 2275 2389 2457 2544 2592 2692 2706 2744 2800 2890 3055 3276 3585 3764 3972 3976 3984 4037 4258 4306 4424 4429 4433 4552 4602 4605 4724 4736 4744 4790 4814 4912 4955
255	17	105	6	7 12 81 181 245 315 426 472 489 532 539 645 820 916 973 1058 1119 1123 1151 1269 1381 1440 1509 1622 1650 1753 1852 2143 2378 2437 2599 2638 2663 2714 2818 2828 2930 2976 3046 3116 3216 3287 3336 3686 3736 3815 3856 3911 3917 3986 4206 4449 4483 4523 4537 4583 4588 4628 4843
256	25	116	4	40 46 232 419 457 506 806 856 864 949 962 1217 1314 1319 1385 1413 1570 1638 1727 2164 2223 2284 2286 2294 2351 2687 2850 2897 2900 2916 2963 3010 3140 3149 3181 3288 3322 3333 3347 3447 3473 3496 3552 3566 3579 3686 3689 3724 3809 3821 4033 4272 4308 4493 4538 4616 4634 4948 4969 4983
264	30	5	4	14 267 286 303 306 352 423 446 515 586 592 606 798 820 948 953 1284 1370 1439 1467 1544 1669 1895 1955 2032 2163 2186 2378 2486 2606 2652 2783 2883 2993 3165 3174 3175 3176 3219 3224 3301 3540 3611 3823 3886 3904 3954 4083 4098 4138 4156 4316 4367 4384 4513 4587 4767 4844 4846 4864 4881
277	27	40	6	55 294 300 434 602 646 756 784 832 869 908 972 1037 1324 1468 1668 1855 1898 1967 1983 2020 2058 2109 2230 2379 2415 2448 2449 2494 2503 2608 2661 2740 2935 3020 3106 3196 3354 3505 3548 3556 3799 4074 4183 4295 4413 4442 4564 4737 4776 4871 4920 4971
279	33	92	4	7 169 361 416 537 636 729 824 851 976 1086 1106 1184 1202 1245 1271 1273 1335 1407 1431 1469 1519 1603 1642 1748 1923 1981 2073 2082 2244 2281 2478 2768 2816 2847 2990 3091 3114 3323 3398 3457 3696 3729 3757 3816 3837 3912 4038 4227 4256 4626 4680 4753 4785 4799 4895
5	32	112	4	81 126 173 302 331 334 477 544 596 669 712 785 823 852 870 892 895 1188 1588 1634 1664 1676 1885 2062 2219 2381 2383 2599 2667 2672 2707 2778 2818 2863 2871 2927 2988 3028 3315 3469 3560 3659 3669 3710 3855 4271 4355 4380 4399 4412 4444 4457 4489 4524 4589 4610 4670 4857 4926 4939 4963 4979
14	38	142	4	37 41 85 165 210 233 374 392 486 536 629 663 690 749 774 815 882 1124 1141 1205 1394 1453 1585 1622 1640 1685 1799 2000 2064 2136 2213 2239 2289 2442 2874 3025 3145 3286 3377 3404 3497 3603 3622 3645 3717
29	26	77	4	53 92 188 336 541 625 661 700 812 816 854 878 1004 1005 1109 1110 1228 1241 1290 1311 1325 1401 1464 1482
58	2	145	4	58 95 179 225 255 271 293 311 322 581 621 672 715 1341 1540 1550 1673 1704 1793 1882 1959 1986
63	28	7	6	91 112 353 430 449 471 700 757 772 843 942 1219 1230 1246 1435 1528 1551 1573 1586 1593 1614 1638 1678 1775 1781 1865 1873 1998 2069 2090 2107 2131 2132 2235 2349 2410 2439 2589 2643 2739 2805 2895 2908 3084 3108 3181 3239 3452 3470 3583 3630 3751 3846 3948 4002 4006 4061 4411 4465 4481 4522 4624 4708
100	29	37	6	114 120 223 479 503 616 642 713 788 790 904 931 966 1146 1262 1341 1582 1608 1611 1628 1712 2253 2373 2543 2633 2705 2731 3007 3137 3223 3520 3619 3672 3711 3722 3834 3882 4035 4049 4181 4189 4327 4328 4452 4482 4535 4738 4811 4874 4975
126	35	66	6	61 165 202 211 272 303 402 500 585 629 663 834 842 991 1213 1349 1352 1379 1389 1510 1755 1770 1840 2094 2115 2204 2239 2321 2346 2526 2673 2790 2821 2967 3045 3086 3118 3205 3431 3610 3637 3667 3758 4030 4105 4109 4165 4260 4350 4451 4713 4755 4888 4935
129	36	95	6	110 153 233 249 484 496 696 734 937 1164 1168 1189 1245 1252 1289 1294 1359 1386 1412 1561 1803 1836 1881 1912 1927 1996 2050 2214 2386 2406 2549 2592 2728 2736 2791 2843 2902 2942 2943 2985 3245 3592 3600 3684 3701 3720 3885 3898 3987 4241 4244 4278 4348 4400 4462 4504 4617 4629 4666 4784 4832
130	10	39	6	75 199 265 282 421 487 618 677 704 867 936 1060 1062 1094 1103 1377 1455 1474 1527 1562 1630 1645 1695 1966 2018 2578 2681 2725 2998 3173 3458 3516 3572 3768 3819 3984 3985 4080 4086 4286 4384 4386 4390 4549 4553 4759 4772 4800 4813 4821 4914
233	23	81	6	255 316 347 443 469 614 818 873 1044 1057 1059 1251 1304 1543 1567 1652 1674 1911 1952 2110 2212 2245 2312 2326 2387 2440 2470 2472 2488 2491 2559 2674 2917 3077 3171 3215 3344 3360 3379 3413 3419 3555 3579 3662 3707 3761 3965 4005 4136 4147 4292 4366 4409 4412 4532 4563 4897
245	6	117	6	50 98 262 293 392 410 445 624 669 715 751 766 836 929 1034 1083 1555 1633 1669 1762 1777 1839 1854 1981 2025 2091 2114 2152 2317 2425 2509 2669 2735 2767 2793 3121 3275 3350 3453 3508 3528 3554 3589 3602 3648 3708 3800 3828 3868 3910 4211 4257 4345 4497 4689 4746 4878 4921 4965
249	5	14	6	11 13 76 157 231 264 274 384 419 526 670 793 839 862 915 1016 1095 1134 1157 1307 1422 1514 2009 2029 2040 2095 2148 2169 2361 2404 2535 2547 2665 2713 2723 2777 2820 2873 2877 2881 2892 2928 3068 3071 3424 3442 3784 3938 3950 4248 4339 4346 4392 4417 4603 4706 4831 4889
286	8	46	6	27 156 174 224 322 323 435 623 795 840 967 993 1131 1178 1229 1260 1282 1436 1513 1714 1748 2039 2240 2270 2556 2641 2798 2865 2870 2890 3039 3040 3190 3340 3358 3529 3530 3641 3700 3741 3790 3875 3908 4054 4122 4154 4198 4269 4383 4385 4391 4468 4486 4554 4643 4701 4742 4777
300	34	50	6	39 96 144 206 234 329 502 701 879 988 1098 1207 1308 1486 1496 1792 1794 1965 2021 2044 2290 2331 2381 2510 2548 2695 2727 2774 2834 2857 2961 2988 3005 3035 3092 3182 3314 3347 3472 3501 3553 3654 3734 3786 3794 3842 4111 4277 4297 4347 4374 4376 4424 4741 4836 4854 4934 4953 4985
68	14	63	6	35 43 200 256 258 307 373 440 610 617 686 827 901 950 1051 1239 1265 1313 1369 1438 1559 1657 1743 1756 1821 1890 1894 2068 2183 2418 2748 2752 3142 3157 3176 3261 3395 3835 3847 3853 4129 4299 4333 4377 4397 4402 4403 4418 4490 4597 4598 4623 4697 4802 4826 4838 4931 4938
97	22	108	6	236 327 438 441 541 633 659 805 886 907 913 992 1107 1209 1280 1300 1396 1485 1505 1531 1701 1884 2063 2103 2124 2142 2438 2652 2832 2974 3056 3191 3310 3357 3388 3411 3671 3719 3869 3920 4050 4071 4082 4337 4368 4463 4491 4503 4540 4546 4594 4779
136	11	21	6	117 376 563 577 855 880 1184 1279 1415 1421 1441 1581 1596 1626 1776 1879 1900 1947 1955 1977 1993 2064 2078 2082 2141 2158 2228 2259 2332 2352 2384 2436 2593 2618 2654 2730 2829 2864 2875 2885 2905 2933 3057 3078 3119 3242 3259 3363 3455 3587 3622 3773 3862 4249 4270 4559 4572 4591 4638 4653 4796 4856 4891
156	24	149	6	5 69 124 284 427 439 529 605 609 705 748 944 970 1014 1161 1272 1345 1370 1378 1411 1462 1609 1627 1918 1933 1982 2087 2118 2189 2223 2233 2251 2363 2368 2523 2808 2910 2924 2947 2956 2994 3018 3335 3402 3640 3688 3695 3705 3778 3838 3896 3915 3945 4364 4432 4558 4681 4785 4827 4994
176	37	141	6	21 64 74 241 520 565 782 926 962 1096 1255 1354 1373 1409 1499 1500 1820 1853 1877 1899 1941 1957 2033 2181 2232 2238 2364 2454 2485 2587 2662 2866 2911 2973 2986 3117 3257 3303 3316 3468 3510 3565 3611 3832 3854 3860 3904 3918 3931 3939 4008 4041 4157 4164 4250 4310 4332 4430 4431 4799 4883 4986
227	1	15	6	78 101 176 321 405 639 695 720 727 732 891 902 925 997 1011 1454 1463 1603 1616 1807 1825 1888 2047 2166 2175 2314 2380 2388 2446 2468 2478 2521 2591 3009 3060 3153 3199 3202 3206 3212 3240 3252 3266 3268 3271 3290 3428 3437 3753 3802 3852 3969 3975 4355 4599 4724 4818
252	20	126	6	44 140 187 189 254 338 375 567 731 771 952 963 1127 1256 1383 1512 1591 1607 1679 1827 1938 1959 2122 2153 2182 2210 2261 2311 2659 2750 2754 2758 2770 2785 3150 3231 3263 3341 3359 3604 3677 3713 3805 3837 3858 3925 4044 4112 4151 4239 4246 4254 4498 4501 4667 4730 4733 4837 4984 4996
283	19	67	6	477 527 692 718 767 900 1002 1065 1078 1084 1236 1342 1375 1408 1497 1741 1757 1866 2088 2211 2289 2357 2375 2435 2459 2827 2880 2894 2951 3042 3047 3076 3194 3222 3250 3264 3289 3406 3496 3502 3550 3633 3650 3690 3699 3718 3823 3907 3914 4039 4107 4565 4571 4610 4760 4805 4909
11	21	118	6	14 119 134 197 311 319 330 346 528 557 564 844 893 917 919 947 954 989 994 1067 1194 1259 1347 1702 1815 2028 2177 2231 2269 2300 2351 3131 3143 3208 3353 3370 3380 3400 3445 3517 3628 3664 3706 3743 3780 3861 4060 4240 4298 4356 4456 4505 4544 4550 4630 4820 4908
31	16	25	6	123 133 148 275 461 547 570 597 699 924 940 1043 1185 1201 1205 1248 1339 1356 1393 1430 1445 1469 1548 1658 1675 1732 1798 1849 2004 2062 2172 2186 2267 2350 2451 2536 2620 2634 2651 2658 2688 2701 2891 3043 3174 3451 3573 3645 3674 3691 3696 3848 3937 4115 4268 4460 4508 4574 4670 4748 4763 4955
46	18	54	6	51 214 217 309 493 536 599 601 613 939 1010 1125 1287 1414 1429 1613 1653 1680 1683 1833 1913 1920 2102 2422 2492 2511 2613 2631 2646 2741 2848 2944 3029 3087 3103 3109 3218 3543 3576 3591 3653 3745 3793 4197 4204 4217 4219 4284 4425 4439 4471 4529 4536 4625 4646 4768 4790 4807
48	9	130	6	66 229 318 468 620 874 951 979 1104 1113 1158 1250 1306 1362 1437 1552 1570 1895 1932 1951 2074 2121 2161 2184 2209 2229 2307 2362 2508 2711 2814 2978 3051 3178 3244 3265 3305 3318 3397 3408 3443 3479 3537 3552 3639 3913 3952 3960 4040 4072 4091 4140 4245 4579 4668 4705 4787
53	3	73	6	173 285 404 453 544 665 755 803 938 1003 1008 1013 1052 1056 1145 1216 1423 1453 1495 1541 1554 1681 1734 1745 1829 1838 2176 2353 2398 2417 2495 2570 2627 2766 2845 2984 3058 3079 3426 3547 3614 3636 3759 3822 3942 3957 3972 3999 4093 4398 4446 4620 4780 4834 4861
60	31	138	6	33 125 128 163 383 418 515 667 711 781 800 1137 1276 1384 1488 1511 1525 1569 1576 1637 1703 1746 1800 1828 2071 2133 2243 2272 2525 2582 2710 2747 2764 2819 2847 2981 3088 3134 3415 3569 3735 3756 3888 3940 3964 4316 4525 4570 4575 4765 4840 4853 4860 4945
94	4	26	6	186 225 308 313 337 501 554 606 717 741 789 811 852 863 1155 1171 1238 1271 1473 1489 1524 1688 1744 1816 1907 1922 2019 2286 2354 2390 2466 2609 2682 2686 2755 2897 3000 3175 3187 3482 3623 3681 3732 4073 4089 4110 4118 4236 4314 4423 4438 4477 4512 4656 4691 4722 4766 4797 4855 4963
98	7	82	6	16 47 65 84 126 587 595 648 736 753 775 959 1177 1301 1390 1773 1801 2007 2035 2070 2083 2096 2221 2280 2284 2429 2442 2640 2696 2756 2786 2987 3015 3048 3133 3327 3376 3405 3590 3627 3727 3785 3870 3994 3998 4023 4024 4042 4043 4097 4150 4274 4340 4607 4712 4806 4960 4987
159	40	72	6	26 129 277 312 388 416 465 507 575 634 690 978 995 1030 1077 1101 1109 1406 1459 1507 1526 1597 1598 1687 2342 2433 2456 2564 2586 2621 2660 2759 2840 2937 2940 3209 3417 3894 3970 4076 4119 4127 4134 4234 4237 4279 4466 4589 4632
202	39	65	6	267 320 357 359 370 429 433 549 658 708 749 809 1048 1156 1179 1243 1322 1399 1472 1545 1717 1844 1885 2048 2481 2605 2683 2707 2779 2783 2824 2841 2927 2971 3016 3317 3343 3582 3652 3731 3740 3930 3974 4003 4075 4132 4149 4191 4215 4216 4247 4282 4289 4379 4479 4573 4769 4973
228	12	35	6	106 132 240 385 560 591 761 853 956 1068 1087 1208 1713 1758 1813 1889 1930 1964 2084 2099 2271 2278 2358 2572 2697 2718 2789 2876 2886 3063 3073 3152 3162 3207 3213 3272 3307 3393 3462 3568 3649 3710 3752 3810 3826 4037 4079 4338 4500 4552 4627 4658 4692 4882 4894 4925 4927
231	25	121	6	100 147 442 673 786 969 1053 1090 1223 1233 1397 1431 1498 1604 1636 1778 1796 1848 1928 1929 2043 2085 2196 2218 2325 2421 2946 2952 2959 3085 3091 3097 3164 3237 3246 3346 3525 3526 3533 3545 3762 3801 3876 3878 3909 3956 3971 4580 4958 4968 4989
240	13	65	8	96 184 202 290 305 549 723 759 814 837 1120 1204 1427 1504 1532 1590 1829 2014 2077 2090 2137 2155 2285 2434 2594 2812 2896 2931 2993 3002 3023 3049 3080 3122 3177 3320 4103 4114 4130 4152 4163 4266 4319 4345 4376 4511 4619 4631 4682 4718 4739 4853 4955 4977
244	30	18	6	111 127 138 412 538 552 561 689 838 871 933 985 1015 1172 1214 1361 1374 1391 1417 1433 1446 1619 1725 1788 2150 2254 2420 2465 2574 2838 2882 2915 2923 3069 3158 3189 3238 3277 3312 3352 3371 3562 3679 3812 4004 4015 4170 4200 4262 4306 4527 4942 4950
248	33	28	6	179 203 288 298 395 470 568 593 710 912 984 1175 1192 1360 1666 1691 1810 1904 1950 1988 2027 2155 2208 2303 2365 2499 2505 2529 2771 3026 3211 3284 3297 3351 3356 3422 3454 3919 3954 3991 3996 4021 4027 4196 4209 4283 4388 4584 4652 4792 4841
273	32	44	6	77 296 374 513 535 556 578 841 895 981 1046 1092 1212 1309 1332 1420 1568 1723 1786 1862 1901 1903 2026 2073 2128 2217 2316 2385 2413 2428 2477 2519 2588 2724 2831 2989 3168 3329 3399 3439 3771 3783 3936 3989 4352 4360 4416 4518 4622 4725 4749 4774 4839 4999
291	38	75	6	4 251 334 424 490 524 530 716 849 958 1114 1152 1268 1312 1344 1346 1584 1601 1606 1819 1835 1942 1972 2105 2347 2540 2691 2839 2899 2948 3394 3473 3507 3668 3697 3744 3772 3851 3873 3926 4113 4182 4208 4341 4357
21	26	125	6	45 60 72 414 582 697 735 837 889 1005 1049 1055 1073 1355 1387 1410 1428 1434 1533 1634 1663 1986 2072 2112
43	2	77	6	115 175 238 422 432 545 550 589 653 777 814 857 875 948 957 1162 1316 1416 1530 1587 1980 2220
76	15	106	8	9 43 279 431 504 714 738 769 949 1104 1135 1245 1268 1327 1330 1473 1477 1557 1580 1705 1736 1793 1820 1954 2034 2055 2159 2164 2172 2245 2303 2586 2601 2620 2810 2863 3058 3202 3563 3568 3783 4121 4139 4328 4434 4554 4592 4608 4638 4722 4723 4801 4895
96	17	135	8	61 66 114 190 198 314 395 396 463 530 534 694 772 990 992 1158 1239 1262 1338 1362 1367 1464 1538 1659 1707 1724 1976 2054 2157 2203 2237 2550 2566 2692 2807 2841 3006 3176 3234 3371 3385 3465 3535 3540 3612 3841 3938 3997 4014 4062 4140 4201 4258 4540 4690 4844
103	27	85	8	75 193 347 456 464 555 573 600 627 648 664 848 1033 1084 1271 1398 1567 1610 1654 1728 1740 1908 2041 2075 2133 2261 2408 2487 2555 2693 2771 2833 3052 3097 3148 3200 3230 3249 3278 3361 3364 3617 3620 3632 3753 3787 3813 3977 3993 4019 4029 4077 4336 4415 4436 4451 4452 4805 4828 4899 4933
124	28	11	8	326 426 709 717 730 764 798 1143 1259 1296 1326 1463 1537 1647 1696 1704 1766 1809 2173 2174 2299 2376 2377 2516 2533 2560 2589 2651 2705 2711 2719 2744 3007 3169 3303 3572 3684 3731 3734 3751 4068 4192 4370 4394 4443 4449 4544 4717 4809 4849 4916 4944
125	29	148	8	44 93 159 257 506 562 605 673 753 889 980 1129 1277 1343 1447 1476 1510 1665 1669 1760 1762 1769 1771 1978 1995 2043 2064 2095 2118 2230 2336 2429 2684 2702 2829 2909 2978 3138 3313 3412 3666 3715 3821 4084 4221 4382 4385 4426 4438 4441 4485 4726 4728 4750 4843 4867 4880 4892 4908
132	35	110	8	283 300 496 521 632 645 647 690 713 733 775 919 920 1067 1225 1266 1301 1430 1458 1492 1594 1679 1795 1798 1822 1900 2129 2135 2140 2510 2526 2591 2694 2757 2790 2839 2884 2980 3034 3054 3112 3402 3489 3586 3587 3593 3636 3820 3949 4129 4176 4190 4202 4263 4274 4290 4523 4705 4850
164	36	21	8	60 174 207 306 404 490 553 768 831 918 1062 1199 1208 1220 1224 1254 1572 1614 1621 1637 1957 2273 2279 2425 2471 2515 2644 2653 2674 2698 2767 2832 3022 3059 3086 3196 3241 3342 3351 3452 3520 3688 3766 3782 3799 3817 3851 3899 4089 4137 4177 4184 4206 4232 4316 4401 4659 4677 4740
165	10	101	8	5 63 74 116 192 320 331 360 480 514 599 734 736 839 945 1309 1358 1480 1495 1811 1956 2000 2001 2008 2020 2116 2262 2344 2439 2663 2728 2741 2778 2793 2818 2932 3024 3070 3133 3161 3246 3367 3403 3414 3445 3461 3499 3555 3742 3770 3923 4078 4193 4384 4422 4473 4501 4847
171	23	127	8	197 296 301 325 355 365 662 667 788 924 939 1020 1074 1218 1219 1552 1633 1913 1992 2332 2335 2337 2548 2602 2631 2796 2862 2966 2984 3032 3074 3117 3178 3204 3283 3307 3310 3311 3337 3631 3672 3695 3717 3729 3816 3889 3974 4320 4358 4395 4458 4478 4567 4697 4731 4768 4823 4866 4975
173	6	63	8	20 162 316 370 428 448 505 585 636 682 789 840 854 885 983 1015 1124 1394 1630 1733 1814 2023 2037 2193 2508 2680 2799 2889 2907 2948 3017 3212 3327 3345 3350 3393 3506 3539 3550 3718 3871 3897 3928 4028 4033 4097 4155 4323 4353 4417 4479 4505 4548 4612 4667 4687 4712 4719 4970
198	5	93	8	244 345 391 403 449 526 572 611 637 675 735 737 781 833 882 940 1150 1193 1400 1443 1460 1516 1775 1794 2070 2267 2283 2361 2405 2440 2505 2523 2561 2708 2710 2726 3011 3036 3048 3069 3130 3146 3312 3332 3397 3513 3552 3580 3613 3646 3776 3931 4034 4271 4334 4457 4494 4510 4549 4585 4832
224	8	23	8	17 252 284 373 386 444 539 660 974 1002 1032 1046 1183 1216 1311 1417 1439 1451 1880 1937 1941 2088 2114 2307 2469 2498 2540 2659 2749 2814 2969 2971 3083 3104 3198 3233 3288 3299 3564 3600 3606 3687 3760 3777 3803 3852 4022 4161 4183 4260 4428 4609 4665 4852 4942
232	34	7	8	49 209 216 310 315 354 361 382 588 693 706 811 847 1160 1240 1261 1278 1340 1354 1547 1682 1897 1972 2031 2175 2254 2402 2412 2417 2488 2569 2585 2859 3051 3155 3289 3420 3428 3470 3634 3768 3819 4056 4142 4170 4294 4335 4393 4448 4757 4783 4794 4870
243	14	145	8	56 269 273 357 399 417 446 487 529 586 686 716 763 824 853 999 1101 1187 1209 1631 1837 1929 1971 2148 2365 2513 2579 2599 2678 2743 2745 2816 2860 3061 3126 3163 3189 3222 3338 3363 3369 3480 3592 3660 3711 3741 3754 3774 3921 3954 3985 4005 4242 4398 4407 4470 4645 4709 4802 4886 4974
247	22	36	8	123 142 177 200 458 886 943 996 1159 1164 1174 1244 1274 1302 1337 1382 1579 1709 1741 1799 1892 1949 2048 2188 2222 2244 2539 2782 2801 2930 2962 2967 3035 3123 3136 3167 3362 3418 3423 3697 3877 3953 4027 4032 4036 4059 4096 4213 4248 4264 4293 4363 4421 4445 4483 4526 4578 4730 4894 4896
281	11	67	8	34 73 104 118 185 205 249 274 324 476 538 619 671 729 762 783 807 887 1078 1192 1215 1334 1442 1479 1517 1566 1628 1699 1719 1764 2003 2081 2115 2154 2206 2394 2482 2497 2623 2742 3009 3031 3247 3848 3944 3989 4106 4272 4396 4444 4574 4720 4781 4871 4938
7	24	70	8	124 127 302 352 390 412 531 607 661 806 1057 1149 1233 1249 1449 1452 1484 1522 1613 1619 1925 1927 2011 2057 2113 2132 2320 2359 2522 2607 2970 3000 3001 3100 3105 3201 3224 3258 3264 3450 3597 3772 3828 3987 4070 4102 4153 4219 4502 4557 4623 4695 4782 4890 4891
18	37	24	8	52 105 430 471 653 670 760 829 911 1050 1186 1237 1360 1420 1507 1534 1602 1698 1761 2061 2220 2437 2635 2712 2920 2938 3030 3128 3172 3231 3346 3348 3349 3404 3523 3577 3962 4053 4159 4182 4244 4246 4251 4373 4462 4521 4541 4543 4580 4635 4662 4725 4758 4848 4932
22	1	25	8	11 203 233 239 350 452 453 850 916 931 1069 1144 1188 1370 1410 1624 1666 1818 1826 1887 1935 1969 2005 2058 2168 2171 2257 2362 2409 2506 2664 2717 2797 3033 3132 3137 3232 3333 3725 3746 3846 3905 3915 3929 4037 4322 4447 4519 4602 4700 4839 4877 4983
111	20	122	8	88 172 272 634 710 808 901 923 925 1034 1453 1528 1539 1568 1605 1648 1851 1864 2264 2322 2399 2583 2658 2686 2794 2992 3075 3140 3216 3329 3358 3378 3449 3459 3468 3508 3726 3807 3865 3891 3901 4092 4187 4288 4340 4356 4410 4474 4487 4641 4669 4748 4751 4754 4813
112	13	11	10	20 462 466 636 916 966 1016 1028 1140 1174 1291 1306 1529 1812 1857 1858 1878 1900 1914 1991 2025 2154 2202 2380 2453 2577 2614 2691 2755 2929 2960 3050 3085 3493 3497 3524 3538 3553 3572 3665 3791 3926 3981 3983 4287 4307 4317 4491 4551 4682 4728 4806 4831
149	19	2	8	18 467 474 511 515 522 1003 1039 1071 1079 1105 1133 1179 1441 1467 1536 1745 1857 2068 2103 2169 2236 2331 2398 2448 2457 2463 2721 2874 2905 2919 3038 3259 3291 3494 3518 3551 3601 3621 3676 3756 3793 3801 4030 4351 4570 4573 4614 4787 4807 4822 4963
203	21	38	8	19 70 85 215 292 295 378 411 532 559 652 711 770 827 832 978 1010 1152 1298 1774 1906 1999 2125 2250 2381 2453 2507 2610 2641 2777 2784 2852 2885 2922 3010 3127 3175 3262 3317 3467 3509 3737 3784 3895 3924 3955 4007 4099 4312 4520 4661 4670 4683 4743 4949
204	16	144	8	91 111 130 189 319 322 356 375 434 445 629 680 792 903 957 986 1044 1153 1182 1286 1530 1852 2015 2029 2039 2144 2403 2519 2603 2700 2854 3012 3087 3427 3479 3484 3649 3682 3686 3749 3773 4018 4169 4199 4261 4275 4361 4467 4504 4778 4796 4919 4928 4965
221	18	34	8	24 108 414 461 498 591 614 868 993 1013 1072 1109 1111 1121 1206 1380 1486 1501 1523 1584 1784 1807 1832 1889 1961 1986 2209 2238 2268 2347 2352 2483 2587 2592 2612 2656 2747 2768 2913 2963 2998 3474 3488 3610 3936 3984 4001 4138 4157 4234 4377 4454 4560 4575 4607 4699 4753
265	9	88	8	119 147 318 398 454 472 547 548 558 669 800 897 988 998 1088 1304 1315 1415 1583 1603 1691 1770 1867 1936 1985 2042 2112 2233 2290 2475 2524 2590 2689 2715 2729 2762 2823 2934 3183 3297 3372 3413 3497 3542 3836 3855 4025 4065 4185 4285 4304 4528 4547 4555 4851
267	3	80	8	8 45 47 64 65 175 247 351 512 684 815 880 1312 1359 1535 1640 1718 1725 1834 1886 2232 2277 2302 2313 2343 2435 2442 2450 2676 2733 2755 2958 3050 3101 3120 3270 3447 3569 3724 3743 3755 3832 3943 3946 3973 3982 4124 4167 4350 4387 4460 4588 4590 4663 4702 4842 4902
289	31	146	8	81 168 372 374 377 379 400 641 804 820 877 1284 1316 1321 1428 1475 1487 1508 1792 2094 2098 2170 2199 2227 2248 2379 2422 2490 2520 2673 2699 2800 3121 3308 3319 3416 3429 3448 3458 3599 3880 3981 4180 4222 4273 4311 4329 4446 4492 4684 4765 4817
297	4	104	8	3 226 268 299 394 441 628 674 816 817 926 951 1068 1404 1469 1474 1618 1660 1694 1697 1791 1810 1882 1898 1931 1947 2071 2085 2108 2123 2219 2480 2665 2924 2965 3062 3154 3275 3318 3352 3626 3739 3890 3966 4006 4181 4337 4582 4597 4643 4671 4774 4788 4803 4927 4991
1	7	48	8	145 158 473 481 724 851 865 946 954 1086 1157 1368 1518 1529 1591 1616 1626 1644 2012 2163 2298 2325 2456 2462 2690 2722 2765 2783 2858 2974 3072 3081 3103 3180 3197 3226 3252 3381 3419 3530 3651 3961 4087 4105 4224 4238 4872 4910 4981
15	40	50	8	7 83 213 329 406 447 509 581 679 696 821 876 1026 1076 1234 1251 1275 1357 1556 1600 1608 1874 1939 2293 2451 2455 2616 2629 2770 2837 2853 2875 3254 3415 3435 3537 3544 3642 3661 3699 3824 4173 4214 4216 4225 4249 4531 4538 4595 4721 4825 4907
45	15	24	10	77 85 155 165 255 409 505 510 563 673 786 807 985 1020 1051 1101 1117 1118 1448 1501 1547 1601 1845 1871 1926 1933 1954 1980 1986 1987 2068 2116 2122 2150 2294 2342 2635 2668 2722 2869 3096 3282 3289 3355 3377 3384 3544 3558 3570 3666 3867 4073 4148 4628 4795 4965
150	39	22	8	16 204 419 450 491 533 633 797 995 1047 1162 1230 1295 1320 1433 1472 1497 1831 1921 2018 2036 2065 2239 2328 2372 2391 2397 2443 2535 2549 2861 2868 2910 2955 2996 3142 3179 3239 3290 3293 3839 3907 4035 4210 4277 4332 4475 4515 4589 4650 4688 4703 4792 4865
154	12	27	8	152 181 427 443 470 523 540 638 725 742 947 971 1028 1387 1461 1571 1767 1846 1891 1919 1966 2002 2158 2179 2197 2253 2345 2552 2625 2785 2795 2845 2945 2951 3182 3615 3675 3694 3720 3843 3912 3988 4135 4203 4237 4327 4383 4472 4503 4527 4561 4648 4716 4874 4987
172	25	109	8	129 212 333 468 551 576 590 728 872 1196 1351 1371 1372 1768 1896 1945 1959 2096 2310 2340 2466 2518 2580 2617 2642 2781 2956 2986 3139 3228 3245 3273 3426 3471 3495 3498 3556 3566 3721 3788 3831 3967 3968 4104 4205 4287 4315 4633 4647 4829 4909 4964
219	30	9	8	6 40 82 120 166 582 635 830 915 975 1064 1097 1307 1308 1525 1563 1593 1623 1652 1716 1720 1756 1855 1878 2026 2185 2274 2278 2287 2309 2441 2473 2609 2634 2703 2901 2904 3073 3190 3195 3305 3380 3529 3791 3850 3859 3884 3940 3951 3958 4043 4284 4313 4493 4654 4903 4986
239	17	106	10	291 436 568 684 801 1029 1032 1100 1143 1161 1315 1334 1460 1499 1600 1615 1708 1718 1838 1870 1890 1946 2179 2194 2199 2302 2304 2315 2330 2450 2575 2791 2813 2836 3008 3024 3039 3209 3297 3333 3389 3398 3516 3581 3749 3797 3968 4102 4283 4466 4534 4555 4575 4760 4769 4775 4917
295	33	46	8	15 112 187 196 475 564 666 704 718 795 898 1107 1110 1200 1520 1546 1678 1708 1715 1734 1772 1984 1988 2067 2105 2106 2117 2208 2265 2266 2557 2563 2806 2813 2952 2968 2995 3294 3366 3464 3511 3524 3531 3598 3655 3701 3709 3712 3779 3861 3869 4031 4045 4262 4301 4406 4644 4831
6	32	16	8	54 72 125 139 259 389 425 492 544 577 608 658 698 703 715 1070 1401 1496 1657 1783 1946 1948 1967 2052 2126 2180 2323 2436 2531 2675 2695 2903 3108 3156 3238 3322 3386 3425 3492 3521 3591 3671 3804 3856 3978 4160 4175 4231 4678 4746 4747 4887 4996
32	38	138	8	26 176 228 270 416 497 501 755 843 964 1045 1090 1112 1136 1203 1267 1434 1515 1649 1676 1930 1951 2079 2089 2184 2367 2414 2420 2514 2530 2637 2809 3015 3171 3315 3316 3321 3331 3335 3457 3541 3710 3723 3727 3934
38	26	28	8	14 58 95 141 242 340 388 407 413 451 488 618 953 987 1036 1381 1655 1910 1940 1944 2121 2183 2217 2251
49	2	87	8	29 59 149 261 418 440 527 750 813 905 906 932 1141 1201 1293 1551 1581 1674 1747 1893 1924 1960
139	27	56	10	37 65 70 240 302 490 529 591 604 614 747 784 898 932 1041 1069 1081 1303 1405 1466 1498 1635 1679 1714 1830 1902 1998 2405 2541 2572 2630 2756 3129 3234 3260 3271 3364 3410 3625 3979 4098 4101 4171 4428 4535 4547 4591 4659 4954 4974 4994
141	28	94	10	121 142 160 238 308 353 362 363 405 535 671 802 860 907 996 1011 1062 1173 1247 1724 1772 2133 2152 2169 2382 2483 2554 2604 2656 2842 2859 2879 2941 3068 3427 3640 3746 3855 3903 3962 3963 3969 4278 4279 4406 4587 4608 4779 4922
167	29	38	10	11 277 364 415 615 918 975 1175 1491 1519 1618 1638 1640 1737 1949 2087 2101 2393 2578 2804 2895 2931 3007 3175 3366 3376 3465 3525 3812 3852 3912 3922 4108 4198 4334 4536 4556 4630 4636 4672 4740 4778 4817 4882 4903 4915
178	35	103	10	146 162 226 361 446 492 596 793 896 950 1042 1085 1197 1220 1331 1532 1542 1653 1766 1909 1936 2041 2145 2173 2235 2341 2484 2543 2557 2580 2595 2786 2945 3066 3106 3281 3392 3591 3618 3670 3809 3839 3875 3950 3990 4141 4159 4422 4539 4660 4662 4681 4717 4919 4934 4947
194	36	55	10	63 148 151 567 772 927 977 1021 1056 1082 1207 1266 1361 1504 1562 1720 1734 1739 1867 1869 2049 2218 2229 2268 2368 2375 2396 2432 2468 2485 2698 2953 2969 2994 3000 3125 3199 3257 3302 3337 3342 3409 3793 3923 4012 4075 4076 4134 4220 4229 4240 4519 4522 4526 4613 4616
212	10	101	10	92 93 660 726 894 1017 1023 1046 1125 1127 1212 1322 1390 1426 1502 1535 1546 1846 2185 2228 2252 2265 2426 2521 2573 2602 2678 2741 2743 2771 2946 3018 3237 3356 3898 3902 3944 3947 3961 4023 4123 4155 4259 4269 4296 4305 4426 4510 4714 4716 4743 4759 4812
217	23	141	10	412 693 696 732 754 973 1088 1120 1137 1160 1223 1342 1605 1667 1743 1787 1822 1908 1916 2015 2019 2033 2149 2282 2473 2724 2957 3059 3192 3262 3278 3279 3286 3564 3717 3718 3808 3863 3879 3951 4079 4190 4320 4337 4372 4499 4650 4756 4921 4980
229	6	96	10	339 395 431 483 495 540 570 590 598 669 845 866 1227 1232 1395 1476 1595 1613 1723 1789 1839 1844 1876 2014 2311 2335 2347 2404 2761 2942 2985 2991 3110 3150 3330 3373 3421 3422 3455 3552 3603 3815 3825 4027 4112 4343 4436 4468 4530 4640 4823 4923
234	5	128	10	52 439 482 502 569 672 796 799 859 892 1275 1432 1433 1513 1559 1579 1676 1893 2100 2103 2178 2397 2500 2566 2788 2838 2870 2965 3001 3124 3131 3168 3431 3486 3527 3630 3669 3779 3785 3845 3996 4024 4379 4415 4416 4516 4542 4571 4572 4596 4597 4609 4651 4863 4891 4975
260	8	33	10	157 185 220 317 538 611 785 837 858 1106 1251 1392 1657 1710 1713 1804 1923 1941 2177 2241 2285 2317 2339 2407 2414 2672 2785 2824 3280 3447 3485 3721 3766 4058 4195 4345 4354 4450 4485 4494 4509 4736 4764 4772 4808 4821 4842 4872 4927 4931 4946
263	34	5	10	98 199 603 686 776 833 891 901 1025 1388 1434 1435 1526 1550 1583 1588 1624 1921 1979 2158 2165 2212 2445 2537 2643 2806 2830 2972 2981 3046 3215 3235 3387 3545 3583 3714 3748 3799 3801 3813 3997 4062 4344 4478 4584 4612 4629 4658 4700 4789 4791 4794 4816 4844
268	14	59	10	28 86 144 252 393 453 458 578 628 737 992 1170 1344 1350 1367 1415 1545 1680 1864 2000 2104 2162 2431 2686 2730 2862 2906 2944 2961 3033 3044 3076 3092 3147 3225 3311 3491 3803 3826 4034 4083 4172 4199 4261 4266 4267 4280 4331 4429 4750 4849 4982
290	22	64	10	13 211 285 566 745 756 873 984 1050 1092 1119 1148 1211 1270 1283 1309 1317 1371 1470 1742 1782 1978 2055 2143 2161 2237 2379 2452 2544 2701 2826 2959 3005 3013 3139 3275 3595 3743 3774 3847 3988 3994 4136 4183 4311 4400 4404 4456 4531 4768 4964
12	11	131	10	97 131 408 485 545 608 699 881 1191 1482 1767 1907 2082 2129 2205 2242 2254 2256 2423 2616 2684 2795 3012 3026 3204 3343 3359 3533 3654 3663 3745 3772 3842 3843 3859 3862 4065 4069 4081 4208 4258 4495 4513 4674 4767 4781 4905 4972
50	24	147	10	50 125 343 374 635 681 935 1068 1480 1674 1697 1709 1826 2119 2142 2246 2528 2582 2596 2610 2653 2663 2671 2707 2760 2809 2812 2934 2955 3021 3030 3104 3107 3211 3534 3764 3827 3930 3959 4028 4066 4157 4367 4405 4929 4940 4990 5000
67	37	132	10	134 204 208 542 687 692 780 1001 1228 1264 1362 1397 1548 1577 1609 1975 1985 2007 2040 2098 2117 2203 2388 2461 2624 3135 3154 3201 3285 3414 3459 3542 3722 3773 3878 3989 4233 4242 4257 4368 4421 4444 4475 4484 4624 4644 4710 4746 4770 4771 4901 4966 4978
78	1	17	10	56 101 108 168 190 357 407 437 500 625 643 678 890 941 1122 1128 1159 1168 1249 1377 1380 1478 1490 1512 1585 1646 1685 1779 2192 2258 2748 2828 3153 3207 3228 3230 3246 3417 3478 3623 3624 3725 3884 3939 4010 4048 4176 4215 4342 4403 4489 4615 4634 4827 4830 4907 4936
82	20	44	10	17 32 57 96 135 294 310 321 481 548 653 705 731 1066 1123 1262 1735 1748 1780 1834 1880 1984 2008 2094 2174 2398 2411 2478 2535 2568 2615 2617 2740 2744 2797 2876 2878 2884 2915 3105 3122 3145 3159 3250 3270 3345 3501 3506 3596 3953 4249 4391 4562 4580 4950
86	19	113	10	64 194 346 354 576 597 683 744 797 812 863 900 1224 1343 1346 1408 1488 1807 1915 2057 2481 2631 2632 2637 2685 2693 2694 2816 2831 2833 2837 2975 3053 3183 3268 3306 3313 3523 3561 3567 3759 3807 4019 4089 4292 4312 4370 4385 4679 4828 4883 4957
106	21	30	10	113 143 274 387 593 716 908 1077 1156 1180 1243 1299 1364 1467 1541 1608 1661 1757 1815 1905 2204 2260 2297 2319 2344 2403 2510 2567 2601 2825 2843 2856 3098 3127 3247 3310 3346 3469 3856 3919 3986 4061 4067 4226 4470 4520 4576 4670 4800 4897
108	16	95	10	109 172 188 195 298 448 943 961 1141 1198 1750 1796 1799 1802 2012 2024 2095 2281 2320 2354 2356 2395 2527 2688 2728 2736 2796 2954 2996 3038 3108 3116 3231 3267 3309 3403 3434 3510 3577 3650 3853 4196 4459 4515 4678 4873
109	18	121	10	31 304 390 435 658 713 733 1034 1116 1192 1368 1509 1518 1639 1643 1666 1691 1917 1924 1952 2099 2517 2594 2666 2699 2751 2754 2772 3082 3263 3292 3298 3449 3627 3658 3677 3683 3728 3775 3836 3906 3941 4011 4064 4272 4401 4441 4501 4540 4582 4688 4693 4852 4895
131	9	43	10	10 21 33 278 307 335 525 709 767 850 904 942 1054 1112 1265 1279 1340 1443 1523 1654 1728 1803 1818 2076 2190 2224 2293 2851 2922 3004 3047 3172 3205 3265 3269 3300 3350 3480 3585 3871 3927 4030 4100 4111 4117 4186 4189 4298 4350 4390 4435 4440 4796 4804 4886 4949
134	3	68	10	122 474 606 663 759 848 851 857 882 982 997 1070 1328 1348 1465 1522 1712 2022 2058 2225 2226 2357 2550 2558 2715 2784 2854 2916 2987 3002 3031 3256 3490 3521 3550 3739 3792 3885 3907 4088 4274 4711 4742 4773 4787 4822 4856 4875 4973 4988
143	31	137	10	103 152 177 280 326 401 416 634 714 811 819 843 1019 1257 1430 1558 1575 1594 1656 2200 2279 2413 2472 2627 2872 2911 3093 3137 3191 3435 3466 3531 3690 3752 3781 3796 3883 3948 4052 4063 4182 4263 4341 4346 4463 4511 4649 4718 4727 4734 4748 4761 4885 4952
144	4	136	10	34 127 268 331 394 550 556 723 748 861 865 884 945 989 1065 1094 1222 1253 1323 1413 1503 1520 1563 1570 1589 1793 2066 2284 2358 2416 2533 2611 2638 2705 2759 2858 2867 3025 3079 3287 3321 3325 3440 3473 3574 3800 3992 4046 4497 4617 4765 4939 4956 4979
174	7	127	10	124 281 282 383 389 463 626 695 751 773 914 968 1190 1389 1422 1564 1644 1647 1668 1671 1704 1777 1843 1903 1961 2195 2207 2348 2386 2487 2608 2811 2947 2948 3080 3102 3119 3245 3446 3563 3571 3578 3579 3588 3597 3614 3701 3763 3891 3913 4040 4090 4223 4235 4380 4409 4735 4959
208	40	140	10	27 105 193 284 297 582 746 821 988 993 1080 1452 1492 1631 1970 1997 2139 2247 2309 2459 2502 2619 2623 2650 2973 3028 3036 3112 3296 3372 3426 3509 3513 3575 3652 3818 3824 3935 3958 3999 4009 4053 4232 4234 4294 4602 4673 4811 4851 4904 4943
214	39	107	10	2 94 137 476 489 724 847 1049 1145 1177 1206 1590 1627 1692 1760 1806 1859 1868 2006 2042 2089 2112 2132 2151 2164 2213 2264 2345 2390 2585 2633 2681 2690 2778 2990 3402 3483 3518 3716 3778 3780 3977 4087 4156 4250 4256 4431 4569 4635 4708 4788 4818 4926
215	13	56	12	40 59 141 144 162 235 510 702 739 777 783 983 1064 1100 1136 1253 1331 1480 1483 1515 1555 1684 1949 2061 2457 2703 2923 2953 3283 3335 3407 3428 3454 3457 3549 3557 3712 3714 4264 4304 4456 4554 4582 4596 4693 4702 4753 4793 4814 4918 4926
20	12	143	10	78 107 231 493 516 616 782 792 804 823 877 888 923 1000 1006 1026 1353 1393 1425 1437 1621 1738 1783 2045 2171 2277 2355 2475 2520 2753 2790 2835 2905 2921 2979 3023 3332 3475 3682 3694 3806 3854 3857 4130 4321 4417 4455 4473 4605 4606 4686 4832 4941 4985
42	25	83	10	55 170 262 271 360 429 559 607 619 768 789 1061 1282 1384 1414 1446 1459 1493 1514 1539 1586 1598 1733 1761 1805 1883 1944 2004 2349 2383 2406 2763 2890 2923 3014 3077 3303 3529 3784 3830 3858 3966 4033 4253 4333 4395 4557 4664 4738 4749 4763
47	30	69	10	141 232 511 514 534 594 688 708 944 976 1063 1167 1179 1318 1335 1410 1731 1832 1937 1981 1996 2027 2186 2217 2243 2296 2321 2444 2513 2725 2882 3203 3236 3259 3336 3375 3388 3395 3441 3551 3589 3664 3732 3795 3916 3924 4120 4124 4303 4338 4476 4676 4719 4754
52	33	75	10	14 38 54 123 136 223 421 602 813 829 883 1134 1146 1187 1218 1310 1571 1620 1636 1836 1881 2157 2163 2215 2324 2429 2447 2518 2542 2670 2733 2752 2782 2832 2857 2958 2964 3184 3216 3424 3608 3645 3723 3737 3760 3868 3872 4359 4414 4621 4656 4690
62	32	110	10	1 209 222 292 316 382 512 588 790 936 958 1075 1171 1204 1288 1301 1355 1521 1677 1752 1813 1861 1872 1928 1977 2138 2259 2412 2757 2776 2840 2853 2864 2875 2974 2995 3003 3045 3197 3317 3458 3463 3560 3621 3735 4492 4705 4824 4850 4992
64	38	97	10	171 261 328 371 470 528 618 675 794 902 920 995 1031 1099 1135 1289 1296 1324 1439 1533 1884 1897 2039 2053 2111 2188 2255 2377 2401 2474 2622 2855 2908 3169 3239 3251 3357 3362 3598 3628 3657 3786 3943 3946 3975
66	26	71	10	229 263 428 433 480 581 627 869 937 963 970 1012 1403 1468 1471 1531 1540 1625 1690 1847 1982 1990 2002 2305
128	15	103	12	223 331 351 408 417 464 485 579 629 959 1055 1129 1146 1316 1322 1333 1599 1836 1891 1931 1932 1988 1992 1998 2052 2136 2209 2296 2334 2337 2423 2507 2624 2717 2730 2820 2888 3096 3201 3251 3258 3351 3607 3769 3834 3889 4021 4168 4546 4625 4727 4730 4750
151	17	30	12	187 265 340 366 421 499 518 835 946 986 990 1106 1132 1337 1449 1498 1553 1712 1737 1745 1753 1913 2111 2547 2750 2764 2861 3006 3122 3243 3498 3537 3576 3692 4084 4120 4143 4179 4211 4242 4377 4441 4485 4560 4593 4645 4648 4862 4997
184	2	27	10	30 250 287 455 575 655 810 839 846 1060 1196 1347 1366 1424 1506 1681 1863 1886 1939 2052 2263 2333
185	27	49	12	98 297 343 519 908 934 1061 1093 1126 1147 1234 1493 1582 1663 1685 1691 1758 1806 1840 1851 2008 2010 2021 2122 2464 2536 2643 2661 2713 2798 3090 3098 3143 3311 3386 3408 3487 3500 3513 3559 3647 3725 3744 3786 3795 3813 3912 4081 4092 4133 4171 4172 4241 4364 4629 4774 4859 4865
187	28	9	12	51 71 84 402 553 670 679 691 878 905 912 913 935 967 1011 1073 1087 1407 1563 1877 1929 1989 1990 2042 2156 2229 2243 2360 2625 2628 2799 2957 2993 3002 3264 3341 3396 3564 3583 3629 3771 3815 3874 3905 3927 3942 4334 4419 4640 4695 4842 4976
236	29	111	12	37 46 80 108 114 128 239 341 522 554 570 596 657 987 1058 1143 1152 1360 1406 1528 1695 1781 1786 1838 1928 1993 2234 2394 2529 2575 2616 2637 2642 2709 2710 2925 2937 2941 2999 3064 3150 3219 3392 3546 3571 3764 4166 4311 4401 4754 4817 4870 4984
259	35	29	12	75 358 460 524 628 697 994 1121 1294 1300 1359 1388 1398 1572 1578 1646 1759 1824 1909 1959 2043 2063 2142 2225 2488 2583 2601 2608 2692 2765 2805 2819 2992 3165 3206 3424 3430 3523 3620 3644 3704 3781 3871 4229 4457 4556 4653 4656 4674 4729 4747 4751 4919
280	36	6	12	69 183 337 378 400 426 614 718 730 816 975 1169 1235 1250 1303 1344 1373 1537 1872 2100 2102 2106 2188 2203 2246 2262 2295 2421 2477 2646 2698 2882 3026 3043 3106 3212 3288 3438 3507 3717 3797 4069 4072 4221 4290 4329 4342 4417 4622 4792 4854 4857 4922
19	10	37	12	27 79 182 258 278 393 443 482 520 525 805 1258 1289 1314 1488 1548 1587 1686 1713 1722 1749 1888 1901 1948 1958 2014 2186 2371 2472 2732 2787 2825 3059 3093 3278 3411 3433 3509 3572 3578 3599 3630 3696 3768 3775 3794 3970 4383 4841 4905 4959
26	23	116	12	88 227 248 285 286 359 382 504 540 770 863 1032 1046 1074 1243 1321 1377 1466 1579 1771 1784 1955 2004 2401 2444 2501 2539 2558 2563 2577 2727 2844 2962 3249 3254 3371 3394 3539 3608 3913 3957 4008 4079 4282 4352 4410 4500 4568 4584 4616 4756
30	6	19	12	102 237 345 398 608 615 649 998 1000 1172 1418 1767 1969 1977 2271 2282 2339 2448 2576 2878 3022 3114 3209 3287 3354 3389 3395 3453 3482 3615 3705 3741 3837 3860 3991 3994 4057 4070 4109 4218 4414 4549 4553 4715 4745 4835 4846
35	5	73	12	241 369 667 737 862 925 936 1078 1103 1133 1271 1351 1364 1365 1462 1561 1800 1808 1813 1841 1894 2119 2302 2309 2344 2380 2383 2405 2619 2859 2864 3166 3167 3186 3240 3252 3299 3320 3357 3589 3984 4107 4110 4140 4220 4222 4487 4505 4618 4837 4867 4966
37	8	108	12	24 172 244 543 609 1016 1022 1165 1211 1326 1329 1417 1423 1637 1699 1751 1760 1782 1797 1964 2035 2036 2053 2123 2176 2199 2238 2263 2333 2519 2534 2667 2779 2788 2971 3091 3285 3511 3624 3719 3761 4002 4185 4210 4253 4302 4325 4492 4524 4633 4838 4944
61	34	82	12	89 93 127 151 355 643 760 767 803 884 949 1007 1256 1307 1323 1424 1544 1584 1596 1641 1776 1861 2134 2303 2469 2695 2754 2769 2837 2863 2893 2933 2939 2978 2991 3035 3115 3120 3203 3213 3222 3294 3319 3463 3695 3854 3888 3901 4047 4056 4086 4259 4281 4561 4651 4685 4720 4739 4769 4896 4933
113	14	42	12	140 163 279 330 658 681 823 848 855 1086 1127 1142 1308 1349 1374 1631 1669 1726 1733 1738 1743 2128 2260 2320 2331 2369 2564 2781 2949 3160 3200 3253 3308 3359 3932 3964 4011 4054 4061 4101 4113 4135 4407 4448 4585 4796 4805 4824 4868 4950
127	22	20	12	174 211 264 294 399 406 447 613 906 1037 1130 1209 1224 1378 1459 1895 2189 2466 2581 2598 2611 2670 2716 2995 3032 3047 3069 3207 3256 3434 3449 3460 3489 3519 3548 3711 3722 3726 3925 3956 4251 4566 4665 4676 4701 4800 4834 4932 4986 4995
133	11	133	12	90 329 336 364 436 457 677 785 818 1021 1102 1255 1261 1278 1281 1585 1855 1976 2442 2456 2462 2480 2502 2560 2815 3050 3111 3367 3749 3777 4089 4153 4230 4236 4300 4318 4322 4362 4388 4445 4518 4521 4541 4576 4627 4636 4722
146	24	137	12	146 197 415 513 526 586 624 752 999 1013 1070 1181 1368 1434 1450 1621 1774 1785 1947 2125 2181 2336 2355 2484 2610 2719 2729 2851 2922 3158 3340 3370 3387 3436 3512 3738 3784 3873 3919 3940 3981 4051 4150 4280 4305 4372 4481 4600 4680 4699 4761 4831 4887 4939
155	37	41	12	131 167 196 338 397 419 610 706 850 890 997 1119 1154 1226 1478 1764 1819 1849 1978 2012 2121 2135 2137 2245 2327 2340 2470 2676 2860 2862 2918 2926 3056 3259 3291 3342 3368 3450 3554 3664 3945 4118 4191 4544 4590 4811 4816 4818 4878 4940 4973 4999
166	1	57	12	32 48 179 191 270 368 372 642 689 963 1029 1149 1190 1210 1215 1497 1556 1613 1773 1820 1845 1890 1962 2005 2011 2054 2140 2162 2207 2213 2294 2306 2801 3011 3229 3247 3493 3505 3716 3993 4014 4041 4147 4154 4308 4313 4346 4529 4687 4789 4822 4851 4949
182	20	85	12	246 654 656 668 746 872 955 962 1040 1186 1275 1305 1354 1437 1448 1500 1628 1629 1822 1953 2044 2242 2311 2318 2354 2443 2515 2553 2604 2654 2736 2762 2803 2822 3007 3119 3174 3334 3522 3561 3639 3790 3841 3851 4116 4219 4326 4432 4436 4764 4795 4879 4888 4899 4904
188	13	49	14	35 45 225 259 335 771 876 941 959 960 984 1126 1214 1267 1320 1385 1474 1494 1547 1554 1663 1746 1975 2127 2159 2235 2259 2527 2677 2687 2699 2866 2900 2996 3105 3111 3170 3476 3541 3644 3752 3930 3980 4229 4268 4280 4403 4499 4517 4528 4769 4775 4790 4841
190	19	69	12	104 318 401 467 480 676 722 795 860 880 945 1005 1065 1166 1185 1251 1297 1334 1708 1729 1985 1991 2023 2059 2178 2286 2304 2363 2392 2537 2571 2590 2755 2874 2935 2973 3028 3060 3095 3445 3617 3651 3687 3875 3883 3891 3977 4085 4161 4164 4178 4209 4564 4643 4928
216	21	10	12	100 243 263 269 362 494 573 893 909 953 1072 1105 1197 1233 1277 1295 1339 1375 1376 1567 1930 1957 1987 2051 2083 2191 2321 2412 2513 2826 2829 3074 3082 3121 3694 3706 3853 4036 4046 4123 4145 4162 4228 4275 4279 4367 4450 4463 4507 4589 4603 4658 4662 4848
257	16	64	12	42 115 139 176 295 394 493 592 978 1084 1358 1492 1506 1511 1698 1717 1810 1914 2108 2255 2256 2343 2350 2424 2493 2600 2731 2734 2763 2774 2824 2950 3025 3067 3180 3284 3318 3349 3732 3953 4199 4202 4389 4390 4437 4678 4698 4863 4906 4931
275	18	140	12	57 62 105 238 250 386 469 506 580 709 802 885 902 948 1098 1148 1242 1318 1363 1399 1427 1636 1750 1778 2013 2091 2110 2159 2171 2227 2325 2471 2634 2647 2664 3076 3279 3321 3452 3801 3818 3863 4098 4122 4149 4291 4368 4517 4723 4829 4956 4989
16	9	76	12	228 262 281 387 396 456 529 535 798 891 917 942 1048 1088 1260 1325 1340 1436 1499 1620 1662 1680 1723 1741 1816 1883 2131 2170 2266 2520 2656 2693 2737 2930 2944 3267 3306 3322 3431 3437 3545 3740 3755 4097 4167 4468 4513 4530 4700 4711 4827
36	3	90	12	12 559 778 1036 1059 1110 1116 1246 1401 1421 1443 1494 1536 1611 1703 1754 1817 1830 2194 2283 2485 2532 2554 2684 2746 2775 2809 2879 2892 3083 3125 3149 3168 3553 3703 3750 3806 3906 3910 3946 4314 4581 4780 4864 4957
41	31	35	12	208 431 521 555 773 907 988 1038 1109 1118 1274 1283 1419 1444 1456 1458 1527 1604 1831 1963 2265 2411 2413 2538 2545 2556 2644 2840 3052 3241 3481 3514 3516 3634 3646 3684 3982 4316 4349 4386 4519 4579 4605 4612 4692 4696 4790 4847 4937 4962
44	4	102	12	202 226 356 459 496 652 664 844 888 971 1030 1050 1231 1346 1395 1411 1529 1571 1606 1657 1730 1995 2185 2241 2288 2665 2680 2891 2906 2986 3027 3037 3070 3088 3300 3401 3432 3671 3729 3872 3916 4050 4062 4082 4129 4348 4374 4427 4527 4536 4550 4724 4903 4935
77	7	126	12	49 253 289 321 444 550 727 740 883 958 974 993 1263 1288 1293 1352 1361 1369 1402 1491 1591 1915 2067 2197 2622 2704 2784 2932 2998 3029 3112 3124 3151 3179 3543 3920 3939 4138 4244 4261 4293 4331 4411 4442 4464 4551 4571 4910 4924
79	40	89	12	41 242 659 680 754 828 830 977 1024 1026 1096 1104 1257 1304 1335 1382 1409 1452 1875 2139 2248 2287 2329 2494 2551 2655 2749 2880 2984 3014 3152 3154 3155 3337 3391 3404 3425 3804 3949 3966 4075 4131 4276 4296 4317 4336 4479 4525 4647 4703 4719 4978
93	39	122	12	350 437 517 558 611 631 776 808 825 1137 1138 1239 1272 1327 1348 1486 1530 1558 1850 1857 1862 1918 1943 2165 2621 2645 2648 2674 2777 2849 2951 2975 3483 3633 3728 3733 3864 3884 4052 4091 4207 4339 4355 4430 4619 4620 4675 4712 4794 4804 4825 4826 4925
110	12	112	12	86 109 130 232 291 301 353 381 574 587 644 708 817 921 1508 1592 1602 1727 1839 1903 1905 2105 2130 2276 2323 2524 2694 2797 2901 2943 3157 3307 3375 3406 3501 3635 3798 3882 3902 3914 3967 3995 4013 4020 4108 4177 4255 4285 4657 4752 4802 4930 4961
180	25	132	12	33 272 274 323 403 498 769 864 889 923 1227 1238 1262 1405 1464 1503 1735 1768 1811 1832 1844 1911 1961 2007 2075 2437 2482 2700 2855 2868 2958 3147 3159 3274 3295 3314 3365 3534 3567 3596 3830 4031 4039 4095 4174 4263 4267 4306 4455 4471 4649 4673 4741 4820
183	15	29	14	68 95 97 201 308 348 384 617 727 831 844 1092 1203 1261 1409 1565 1641 1674 1679 1694 1720 1776 1802 1804 2170 2216 2461 2532 2537 2591 2632 2734 2799 3019 3073 3079 3101 3107 3358 3454 3456 3558 3785 3987 4078 4404 4405 4439 4576 4604 4652 4668 4804 4855 4856 4981
211	30	8	12	15 97 149 168 204 342 388 725 832 910 1008 1028 1108 1115 1164 1198 1221 1229 1236 1328 1412 1560 1794 1880 1999 2070 2198 2289 2389 2517 2589 2672 2869 3084 3172 3224 3378 3384 3577 3669 3673 3676 3742 3792 3990 4083 4126 4408 4502 4632 4836
293	33	47	12	234 327 371 465 481 602 661 806 882 920 1168 1189 1400 1485 1827 1829 1860 1919 1925 1938 1974 2126 2235 2269 2382 2552 2739 2846 2854 2914 2931 2963 3034 3109 3495 3581 3730 3814 3817 3900 3973 4032 4063 4078 4572 4731 4762 4807 4893 4993
294	32	139	12	58 87 138 184 313 422 452 507 546 866 877 1180 1208 1219 1387 1426 1463 1612 1632 1700 1885 2077 2078 2167 2291 2319 2338 2390 2446 2512 2546 2559 2751 2780 2804 3033 3099 3276 3383 3444 3515 3565 3595 3743 3822 4015 4217 4301 4510 4534 4535 4785 4798 4883
10	38	84	12	63 132 156 159 206 320 612 719 930 931 1090 1171 1225 1270 1273 1504 1702 1791 2212 2272 2400 2422 2436 2449 2505 2506 2629 2679 2720 2842 3024 3031 3145 3262 3518 3521 3560 3655 3707 3709 4048 4295 4512 4562 4631
138	26	45	12	52 77 121 230 275 287 305 333 566 583 674 736 762 846 947 1101 1218 1353 1455 1481 1965 2001 2050 2084
153	2	99	12	94 110 116 150 229 534 633 807 809 895 1009 1033 1254 1284 1442 1509 1651 1664 1673 1740 1842 1899
158	17	55	14	3 59 90 254 282 542 587 691 799 816 854 874 1009 1174 1564 1609 1652 1726 1774 1797 2149 2210 2219 2327 2380 2392 2564 2595 2694 2731 2814 3218 3233 3247 3393 3440 3802 3908 3915 3973 3975 4087 4094 4243 4276 4386 4458 4733
160	27	114	14	167 344 622 722 781 922 1018 1072 1173 1229 1337 1343 1376 1471 1875 1982 1994 2002 2123 2128 2160 2178 2204 2308 2440 2478 2519 2612 2657 2789 2943 3097 3220 3339 3418 3565 3690 3776 3831 4020 4064 4125 4162 4174 4248 4274 4352 4364 4383 4450 4480 4526 4835 4890 5000
169	28	147	14	29 122 207 659 749 903 962 1122 1215 1317 1353 1582 1664 1754 1818 1878 1984 2114 2181 2205 2236 2249 2543 2571 2757 3062 3255 3284 3341 3353 3372 3626 3663 4133 4137 4159 4204 4346 4460 4484 4486 4687 4703 4915 4957
186	29	12	14	82 86 173 323 377 380 400 518 719 769 964 1052 1189 1276 1285 1435 1472 1499 1524 1696 1859 1892 1925 2162 2177 2299 2417 2542 2779 2793 2872 3012 3261 3269 3402 3510 3511 3615 3849 3990 4147 4207 4237 4365 4378 4475 4502 4698 4706 4928 4992
206	35	134	14	118 424 425 478 517 679 710 786 801 828 910 1031 1172 1256 1283 1296 1305 1351 1516 2006 2010 2261 2415 2576 2578 2607 2626 2716 2770 2880 3014 3265 3618 3642 3850 3862 3885 3900 3936 4076 4149 4265 4312 4477 4605 4787 4854 4864 4998
2	36	120	14	104 143 276 325 466 503 721 827 834 840 859 875 946 1033 1259 1358 1541 1780 2048 2091 2208 2448 2462 2565 2623 2672 2723 2884 2926 3181 3232 3328 3489 3515 3566 3723 3762 3775 3786 3902 4103 4114 4305 4324 4361 4425 4538 4574 4608 4674 4868 4892
23	10	51	14	178 280 464 748 869 961 1001 1066 1080 1375 1450 1623 1924 1943 1987 2063 2194 2276 2447 2521 2611 2642 2704 2749 2906 2911 2987 3006 3077 3086 3156 3576 3680 3792 3822 3896 3906 4011 4080 4111 4302 4702 4996
71	23	68	14	19 28 73 169 243 561 666 884 1040 1128 1185 1235 1277 1319 1463 1667 1727 1728 1931 1940 2015 2036 2359 2501 2815 2853 2867 2917 3208 3211 3260 3361 3390 3400 3607 3720 3880 3932 4077 4323 4363 4437 4488 4578 4600 4610 4662 4689 4749 4773 4879
85	6	91	14	18 27 236 263 423 743 776 907 970 1153 1495 1587 1659 1675 1722 1830 1843 1857 1951 1981 2138 2146 2184 2310 2318 2383 2476 2524 2719 2839 2845 2873 2888 2903 3179 3214 3367 3708 3750 3779 3845 3943 3955 4029 4065 4224 4225 4251 4298 4299 4595 4642 4935
101	5	142	14	62 80 81 84 137 196 253 397 450 474 563 615 798 856 1176 1200 1204 1336 1449 1572 1615 1651 1654 1863 1888 1905 2222 2370 2443 2467 2546 2567 2568 2599 2975 3038 3330 3500 3503 3870 3941 3961 4135 4150 4168 4347 4418 4525 4969
122	13	91	16	95 194 287 592 607 639 1541 1787 1790 1833 1851 2252 2294 2295 2361 2370 2475 2476 2515 2540 2554 2588 2620 2639 2925 2939 3015 3043 3148 3173 3266 3272 3273 3361 3367 3416 3484 3563 3584 3663 3669 3877 3893 4126 4331 4349 4354 4382 4477 4674 4707 4736 4786 4946 4960
193	8	71	14	227 281 409 516 627 640 747 758 842 939 963 1195 1333 1444 1514 1670 1939 2001 2017 2060 2086 2223 2269 2764 2902 2904 3041 3063 3095 3134 3217 3391 3403 3405 3488 3582 3791 3817 4127 4212 4273 4293 4503 4664 4713 4738 4774 4962
226	34	139	14	54 83 136 170 222 413 620 674 688 805 870 881 894 932 1149 1161 1252 1386 1428 1482 1553 1588 1853 2093 2297 2309 2336 2348 2384 2389 2391 2422 2460 2477 2913 3109 3239 3245 3323 3348 3382 3704 3935 4047 4180 4408 4580 4596 4732 4823 4922 4976
251	14	97	14	34 293 358 438 471 549 562 590 647 682 989 1310 1332 1405 1440 1555 1627 1678 1849 1854 1873 1916 2038 2043 2144 2148 2315 2337 2399 2434 2558 2651 2712 2752 2802 2947 2954 2960 3052 3076 3158 3242 3549 3606 3737 3852 4046 4339 4440 4887
56	22	74	14	7 11 99 186 354 375 484 510 520 631 641 665 684 734 956 1242 1244 1350 1512 1642 1753 1833 1877 2103 2116 2244 2257 2317 2466 2486 2613 2725 2760 2766 3647 3744 3873 3895 3976 4188 4194 4351 4691 4737 4743 4788 4820 4936
74	11	107	14	10 216 218 333 365 369 560 588 703 735 855 896 924 1188 1213 1312 1345 1416 1519 1611 1647 1711 2016 2180 2459 2649 2767 2776 2820 2844 2891 3053 3167 3187 3277 3281 3301 3598 3600 3605 3736 4396 4655 4679 4953 4963
120	24	26	14	26 343 368 576 971 976 1082 1087 1307 1363 1394 1605 1752 1899 2151 2353 2470 2516 2927 3048 3266 3282 3293 3498 3797 3811 3922 3925 3983 3988 4059 4085 4090 4151 4358 4382 4389 4401 4422 4504 4533 4536 4586 4693 4897 4907
201	37	58	14	25 58 133 154 291 489 547 644 675 732 909 982 1002 1199 1257 1286 1462 1469 1518 1540 1705 1721 1732 1953 2227 2428 2493 2633 2892 3021 3141 3144 3163 3280 3562 3648 3696 3738 3840 3991 4026 4055 4193 4315 4348 4395 4451 4529
246	1	144	14	153 206 239 376 475 545 625 726 739 745 764 950 975 1186 1263 1568 1744 1860 1944 1971 1973 2032 2066 2083 2225 2333 2427 2585 2667 2761 2952 2955 2959 2966 2977 3055 3117 3396 3477 3536 3616 3709 3812 3856 4104 4255 4619 4659 4744 4793 4932
262	20	41	14	6 13 30 42 202 407 455 791 980 1035 1054 1197 1211 1220 1292 1420 1461 1477 1574 1604 1618 1662 1735 1864 1921 2741 2849 2893 2929 3027 3153 3244 3287 3299 3331 3470 3540 3759 3787 3867 3995 4201 4442 4809 4839 4942 4994
272	19	1	14	158 272 307 435 469 473 488 566 593 694 927 949 977 1014 1114 1234 1347 1479 1491 1655 1775 1858 1969 1991 2292 2312 2357 2514 2804 2918 3042 3113 3248 3427 3465 3484 3526 3689 3829 4010 4179 4231 4295 4443 4615 4701 4710 4719
298	21	3	14	177 180 219 246 360 420 630 706 707 768 794 858 890 934 1050 1051 1059 1119 1171 1879 2120 2243 2344 2732 2753 2803 2817 2825 3032 3204 3329 3398 3569 3573 3601 3700 3713 3766 3773 3942 3962 3969 4009 4132 4148 4506 4532 4543 4553 4683 4798
17	16	79	14	22 49 187 241 462 523 851 1029 1088 1091 1097 1132 1298 1360 1451 1509 1538 1972 2183 2193 2226 2306 2551 2569 2746 2865 2941 3036 3174 3302 3314 3416 3719 3728 3848 3909 4101 4122 4153 4158 4459 4567 4635 4677 4704 4711 4715 4727 4815
54	18	113	14	275 356 431 551 597 637 787 898 1181 1260 1432 1592 1619 1914 2035 2054 2129 2156 2190 2295 2365 2511 2517 2531 2706 2747 2774 2877 2883 3115 3118 3347 3485 3502 3584 3621 3641 3678 3681 4042 4128 4186 4217 4281 4318 4400 4675 4778 4847 4853
88	9	119	14	102 145 224 234 288 513 568 575 766 904 930 1148 1164 1542 1671 2189 2272 2304 2394 2701 2805 2919 3078 3120 3192 3226 3305 3471 3524 3556 3637 3722 3865 3886 3894 4015 4115 4213 4233 4279 4283 4391 4547 4840 4869 4884
89	3	135	14	20 92 157 161 336 461 655 700 833 1012 1217 1328 1559 1823 1997 2051 2140 2247 2253 2290 2408 2474 2553 2676 2762 2788 2794 2909 2962 3001 3258 3506 3525 3557 3662 3872 3890 3892 3954 3966 4234 4359 4438 4688 4861 4995
95	31	83	14	79 182 210 398 448 460 774 849 921 1045 1230 1513 1612 1730 1742 2090 2232 2273 2356 2418 2430 2670 2691 2703 2871 2936 2982 3116 3149 3278 3362 3590 3996 4023 4138 4155 4211 4271 4407 4507 4621 4690 4859 4881
135	4	89	14	183 289 399 430 463 486 678 702 911 915 1044 1225 1431 1476 1483 1580 1779 1821 1883 1923 2274 2406 2473 2597 2641 2907 3023 3040 3154 3613 3667 3685 3712 3757 3823 3883 3926 3928 3982 4066 4249 4252 4350 4447 4468 4524 4563 4741 4782 4806 4845 4874 4921
142	7	102	14	93 251 361 410 610 623 652 695 892 1127 1354 1814 1852 1906 1970 1980 1999 2003 2092 2187 2279 2322 2335 2738 2758 2940 3029 3046 3098 3146 3225 3334 3474 3499 3594 3692 3763 3825 4049 4166 4178 4321 4410 4776 4789 4836 4943 4988
148	40	93	14	31 314 459 483 642 668 742 841 860 983 1093 1250 1290 1291 1465 1549 1635 1686 2074 2134 2441 2480 2584 2638 2743 2938 3432 3533 3668 3710 3780 3833 3945 4000 4118 4218 4238 4381 4415 4461 4482 4546 4548 4826
254	15	134	16	21 51 217 291 447 584 666 855 990 1083 1187 1202 1218 1237 1242 1286 1629 1706 1779 1850 1906 1976 2145 2152 2352 2464 2504 2553 2563 2860 2862 3034 3284 3333 3356 3387 3526 3580 3790 3816 3962 3978 4048 4333 4437 4467 4507 4601 4721 4846
261	39	53	14	193 244 451 686 899 919 928 968 974 1326 1470 1505 1557 1570 1600 1629 1648 1747 1796 2019 2022 2280 2301 2463 2512 2562 2648 2860 2863 2980 3008 3253 3490 3580 3596 3619 3643 3661 3683 3834 4017 4313 4613 4630 4714 4858 4876
269	12	6	14	185 373 386 456 533 699 1098 1241 1249 1402 1616 1701 1719 1809 1845 1902 1983 2059 2065 2071 2182 2260 2286 2334 2395 2407 2559 2580 2700 2772 2780 2881 2886 3080 3309 3326 3335 3602 3808 4008 4203 4455 4562 4986
270	25	47	14	89 134 230 311 319 334 337 498 651 656 671 677 765 814 965 992 1017 1027 1043 1143 1228 1325 1362 1489 1617 1632 1643 1656 1772 1784 1842 2115 2200 2329 2366 2688 3346 3543 3567 3571 3650 3866 4004 4341 4362 4721 4739 4797 4901 4966
274	30	14	14	60 107 128 200 277 499 550 773 835 1026 1129 1270 1331 1395 1396 1759 1763 2024 2061 2105 2107 2157 2364 2371 2503 2614 2727 2810 3045 3066 3199 3430 3451 3475 3777 3841 3964 4028 4173 4190 4195 4232 4420 4508 4523 4636 4639 4770 4982
287	33	92	14	479 543 552 595 836 1223 1389 1508 1672 1908 1961 1963 2030 2217 2375 2583 2588 2590 2709 2710 2737 2855 2895 2898 2924 2928 2969 3037 3106 3289 3404 3406 4051 4131 4154 4394 4406 4469 4606 4684 4900 4946
33	17	119	16	18 23 55 77 267 286 392 581 600 668 738 783 894 1148 1186 1698 1897 1921 1996 2053 2114 2123 2197 2240 2334 2590 2598 2658 2744 2806 2823 2836 2896 3151 3221 3321 3519 3724 3750 3791 3876 4007 4012 4057 4062 4148 4169 4366 4495 4506 4835
258	32	81	14	67 189 403 487 532 626 704 810 1063 1481 1682 1874 2191 2224 2465 2596 2678 2801 2822 2953 2983 3085 3340 3344 3399 3448 3527 3633 3699 3745 4164 4222 4264 4387 4413 4491 4594 4860 4906 4956 4983
189	38	70	14	51 87 106 256 257 266 267 364 449 648 809 826 864 1039 1288 1365 1561 1778 1848 1869 2077 2211 2346 2350 2387 2452 2458 2636 2693 3009 3075 3102 3110 3324 3453 3492 3675 3950 3985 4074 4141 4262 4322 4550 4620
282	26	115	14	265 304 306 317 491 643 761 918 1102 1321 1342 1356 1433 1475 1569 1593 1919 1993 2047 2487 2500 2523 2603 2640
99	2	23	14	9 76 213 273 351 569 603 685 824 1084 1105 1191 1484 1599 1707 1851 2080 2126 2165 2355 2650 2669
192	27	130	16	36 167 258 330 478 681 719 740 1160 1235 1399 1549 1622 1664 1788 1884 1945 2113 2131 2136 2267 2465 2470 2572 2681 2724 2905 2933 2961 2964 2970 2972 3157 3309 3327 3437 3444 3513 3658 3808 3831 3922 4038 4041 4245 4420 4644 4677 4837 4915
220	28	86	16	109 177 245 259 429 564 791 1071 1095 1345 1422 1465 1548 1726 1989 2038 2108 2125 2414 2581 2717 2946 2983 2997 3026 3037 3104 3178 3195 3214 3231 3477 3480 3486 3533 3590 3630 3691 3715 3805 3809 3825 3894 3911 3921 3959 4000 4008 4066 4265 4319 4448 4616
299	29	115	16	44 188 246 283 562 621 876 1035 1065 1293 1582 1694 1827 1837 1987 2059 2085 2156 2275 2355 2454 2509 2608 2711 2768 2791 3056 3184 3188 3338 3360 3429 3578 3795 4098 4124 4161 4243 4278 4539 4672 4694 4699 4829 4934
69	35	98	16	26 59 236 296 409 530 593 649 676 696 862 927 986 1153 1517 1523 1764 1932 2003 2333 2389 2458 2525 2634 2649 2657 2811 3041 3193 3441 3479 3581 3588 3597 3977 4011 4059 4115 4208 4469 4614 4778 4862 4900 4905 4913 4995
114	36	62	16	53 118 171 290 375 380 393 526 626 720 750 776 900 954 1041 1338 1487 1769 1821 1904 1940 2100 2147 2218 2307 2346 2424 2479 2492 2881 3161 3242 3250 3253 3270 3312 3343 3594 3757 3767 3840 3979 4020 4096 4184 4188 4244 4284 4427 4680
147	10	32	16	72 155 251 341 660 848 886 1009 1013 1087 1287 1312 1387 1391 1432 1461 1486 1695 1767 1841 2104 2231 2446 2662 2907 2956 3014 3111 3123 3130 3156 3379 3515 3522 3569 3641 3701 3758 3838 3920 3940 3958 3996 4203 4288 4379 4381 4429 4739 4896 4971
177	23	78	16	83 130 136 179 210 228 271 390 448 565 599 870 1047 1124 1194 1447 1627 1672 1673 1714 1724 1828 1953 2124 2201 2248 2327 2360 2396 2547 2842 2988 3376 3453 3582 3835 3861 3951 3956 3983 4006 4017 4071 4080 4152 4164 4334 4599 4704
181	6	72	16	369 423 479 488 505 557 606 661 777 778 823 1099 1106 1118 1144 1177 1181 1247 1290 1310 1313 1382 1661 1731 1735 1881 2030 2153 2178 2216 2239 2260 2263 2384 2593 2619 2630 2638 2680 3304 3386 3613 3721 3836 4160 4224 4239 4522 4604
210	5	114	16	163 359 376 422 445 493 514 797 885 1096 1129 1135 1212 1223 1341 1413 1515 1579 1890 1997 2028 2074 2137 2182 2255 2372 2530 3004 3016 3020 3095 3194 3243 3442 3651 3656 3796 3800 3862 4024 4150 4363 4516 4632 4816
230	8	76	16	219 252 292 297 721 785 808 825 895 924 940 1252 1304 1323 1481 1526 1687 1750 1797 1847 1870 2455 2533 2576 2666 2713 2742 2991 3032 3079 3113 3185 3391 3443 3518 3657 3967 3982 4014 4016 4142 4483 4514 4630 4728 4813 4924 4927
57	34	34	16	140 468 549 672 813 838 858 985 1158 1204 1506 1578 1584 1667 1707 1739 1784 1824 2106 2164 2319 2382 2495 2511 2573 2615 2745 2998 3102 3150 3292 3305 3532 3818 3824 3845 3989 4049 4299 4320 4343 4465 4496 4519 4627 4655 4692 4727
175	14	17	16	67 125 321 365 433 502 685 757 822 834 836 837 887 1003 1172 1253 1352 1544 1625 1728 1811 2083 2097 2385 2447 2569 2656 2982 3094 3203 3241 3308 3433 3471 3732 3738 3991 4013 4029 4296 4297 4310 4371 4419 4642 4735 4767 4899 4969
80	22	84	16	349 442 507 632 635 667 691 826 914 1062 1066 1263 1336 1356 1390 1429 1444 1688 1713 1948 1979 1992 2046 2071 2270 2374 2609 2684 2730 3023 3160 3744 3788 3907 3914 3929 4087 4168 4226 4479 4628 4668 4752 4909 4962
90	11	57	16	15 46 104 192 572 762 982 1156 1264 1450 1518 1619 1642 1852 1863 1874 1922 2017 2092 2198 2498 2534 2555 2726 2794 2831 2919 2954 3101 3330 3354 3503 3976 4052 4073 4129 4144 4195 4481 4493 4508 4537 4603 4618 4646 4782
199	24	96	16	106 209 213 250 366 543 619 630 879 883 922 1169 1182 1191 1540 1542 1682 1719 1765 2268 2287 2308 2490 2906 2916 3003 3380 3388 3454 3534 3559 3568 3574 3640 3646 3804 4128 4143 4322 4326 4554 4557 4588 4850 4898
157	37	79	16	139 309 443 486 558 613 678 707 712 810 846 906 991 1075 1565 1618 2075 2122 2258 2408 2467 2491 2679 2850 2909 2942 2994 3293 3536 3670 3705 3887 4004 4068 4117 4247 4253 4275 4480 4518 4631 4931 4948
91	1	133	16	131 221 256 411 520 546 594 650 926 1018 1038 1056 1098 1322 1551 1564 1772 1801 1957 1973 2024 2304 2369 2397 2546 2935 3224 3392 3605 3617 3798 3997 4003 4060 4212 4305 4595 4695 4757 4793 4801 4857 4878 4994
