Class Times	30
Rooms	40
1	639
2	634
3	193
4	643
5	604
6	348
7	974
8	642
9	732
10	279
11	757
12	969
13	214
14	797
15	770
16	392
17	248
18	727
19	861
20	823
21	319
22	812
23	873
24	899
25	956
26	998
27	507
28	66
29	133
30	495
31	737
32	508
33	386
34	457
35	399
36	444
37	347
38	487
39	659
40	717
Classes	100
Teachers	50
1	42
2	18
3	42
4	3
5	48
6	39
7	26
8	30
9	33
10	29
11	16
12	41
13	9
14	11
15	30
16	29
17	13
18	28
19	13
20	43
21	36
22	48
23	31
24	19
25	21
26	45
27	23
28	38
29	43
30	9
31	23
32	47
33	16
34	15
35	4
36	41
37	25
38	2
39	24
40	39
41	44
42	36
43	19
44	49
45	46
46	49
47	14
48	7
49	18
50	27
51	40
52	6
53	7
54	17
55	40
56	22
57	50
58	32
59	46
60	24
61	2
62	34
63	35
64	34
65	26
66	22
67	5
68	6
69	27
70	35
71	15
72	11
73	21
74	20
75	38
76	4
77	5
78	47
79	8
80	50
81	31
82	17
83	12
84	3
85	8
86	28
87	44
88	1
89	1
90	33
91	14
92	20
93	37
94	45
95	12
96	10
97	10
98	25
99	37
100	32
