Class Times	30
Rooms	40
1	151
2	534
3	276
4	282
5	278
6	808
7	84
8	364
9	110
10	70
11	41
12	500
13	359
14	970
15	10
16	563
17	685
18	356
19	784
20	83
21	74
22	180
23	712
24	134
25	381
26	302
27	53
28	378
29	783
30	280
31	314
32	180
33	731
34	386
35	190
36	118
37	558
38	312
39	885
40	877
Classes	100
Teachers	50
1	35
2	17
3	18
4	22
5	15
6	50
7	22
8	7
9	19
10	7
11	21
12	20
13	18
14	13
15	9
16	3
17	19
18	27
19	40
20	38
21	31
22	11
23	2
24	33
25	2
26	12
27	15
28	3
29	14
30	32
31	21
32	47
33	35
34	38
35	48
36	36
37	47
38	48
39	4
40	16
41	42
42	30
43	20
44	41
45	16
46	37
47	39
48	36
49	10
50	5
51	27
52	8
53	45
54	31
55	37
56	5
57	33
58	30
59	24
60	45
61	11
62	32
63	49
64	41
65	28
66	34
67	24
68	1
69	44
70	50
71	28
72	9
73	14
74	40
75	25
76	49
77	6
78	10
79	17
80	4
81	1
82	25
83	43
84	39
85	26
86	29
87	26
88	8
89	46
90	6
91	34
92	29
93	43
94	23
95	12
96	13
97	42
98	46
99	44
100	23
