Class Times	30
Rooms	40
1	310
2	617
3	693
4	88
5	409
6	840
7	295
8	926
9	643
10	933
11	610
12	220
13	471
14	751
15	886
16	733
17	697
18	277
19	199
20	606
21	913
22	857
23	612
24	316
25	323
26	219
27	384
28	31
29	933
30	305
31	505
32	92
33	405
34	209
35	799
36	834
37	712
38	293
39	723
40	581
Classes	100
Teachers	50
1	14
2	16
3	33
4	27
5	21
6	24
7	7
8	15
9	48
10	46
11	50
12	12
13	2
14	42
15	37
16	5
17	18
18	2
19	21
20	49
21	24
22	47
23	1
24	23
25	22
26	9
27	28
28	13
29	30
30	37
31	12
32	41
33	43
34	44
35	35
36	6
37	46
38	15
39	13
40	8
41	27
42	3
43	32
44	41
45	26
46	11
47	3
48	25
49	5
50	23
51	10
52	16
53	22
54	30
55	9
56	48
57	26
58	10
59	19
60	34
61	1
62	25
63	44
64	36
65	18
66	42
67	32
68	47
69	36
70	49
71	8
72	4
73	38
74	39
75	45
76	34
77	45
78	6
79	11
80	17
81	40
82	50
83	38
84	17
85	40
86	28
87	14
88	35
89	19
90	29
91	4
92	33
93	39
94	31
95	43
96	31
97	29
98	7
99	20
100	20
