Class Times	30
Rooms	40
1	443
2	996
3	784
4	570
5	133
6	647
7	88
8	742
9	263
10	312
11	569
12	268
13	785
14	726
15	54
16	429
17	512
18	705
19	251
20	118
21	417
22	597
23	314
24	974
25	95
26	15
27	68
28	650
29	180
30	164
31	906
32	528
33	922
34	79
35	884
36	992
37	219
38	142
39	524
40	602
Classes	100
Teachers	50
1	16
2	45
3	36
4	34
5	23
6	8
7	28
8	33
9	42
10	16
11	18
12	7
13	1
14	4
15	42
16	40
17	1
18	19
19	7
20	41
21	28
22	23
23	17
24	45
25	34
26	37
27	48
28	25
29	43
30	47
31	20
32	36
33	22
34	46
35	31
36	29
37	8
38	27
39	14
40	5
41	41
42	37
43	2
44	5
45	29
46	25
47	35
48	43
49	13
50	15
51	35
52	50
53	40
54	49
55	26
56	49
57	2
58	11
59	31
60	11
61	10
62	32
63	44
64	4
65	50
66	15
67	26
68	20
69	22
70	3
71	38
72	38
73	33
74	39
75	24
76	10
77	3
78	9
79	24
80	30
81	46
82	48
83	6
84	6
85	12
86	44
87	17
88	47
89	12
90	21
91	32
92	13
93	27
94	14
95	19
96	21
97	30
98	9
99	18
100	39
