Students	5000
1	13 34 33 100
2	56 93 76 67
3	90 77 1 34
4	51 59 45 98
5	46 34 48 29
6	76 77 64 7
7	24 41 47 66
8	35 14 17 53
9	17 53 33 39
10	22 79 57 83
11	21 1 94 34
12	22 97 63 56
13	69 2 42 52
14	29 53 12 15
15	66 81 56 80
16	30 16 40 57
17	95 46 12 1
18	89 97 76 1
19	1 80 99 98
20	24 30 13 79
21	10 51 47 23
22	59 90 86 96
23	81 39 23 55
24	34 50 49 28
25	22 20 100 70
26	80 56 38 57
27	33 70 6 11
28	85 73 3 74
29	43 1 24 48
30	21 15 31 96
31	8 84 7 91
32	48 97 38 89
33	66 5 16 21
34	39 1 30 79
35	35 22 9 11
36	16 62 90 37
37	53 89 18 56
38	50 84 44 60
39	88 42 66 76
40	69 97 82 77
41	22 47 100 85
42	54 99 45 50
43	42 13 1 9
44	24 52 88 26
45	22 43 74 85
46	90 43 56 88
47	47 79 69 90
48	36 99 64 11
49	85 41 38 31
50	75 95 83 36
51	27 83 87 3
52	36 6 19 59
53	14 73 23 21
54	44 33 15 3
55	97 80 1 34
56	7 57 60 33
57	70 44 13 57
58	35 68 38 58
59	46 35 6 70
60	13 47 3 45
61	43 77 81 36
62	42 87 98 34
63	38 56 25 84
64	1 40 92 73
65	81 61 84 45
66	49 70 48 33
67	17 4 89 22
68	20 54 76 68
69	25 6 37 8
70	17 41 49 58
71	51 100 80 43
72	90 59 70 96
73	32 98 21 26
74	63 18 25 35
75	3 94 79 85
76	32 35 40 17
77	49 69 75 80
78	72 6 28 36
79	43 52 95 4
80	13 65 17 91
81	25 8 38 84
82	89 74 4 8
83	52 20 10 43
84	4 38 29 48
85	100 85 59 13
86	21 64 97 51
87	19 85 27 11
88	58 9 44 39
89	79 34 2 53
90	96 84 52 68
91	78 39 10 46
92	82 67 66 4
93	34 50 43 72
94	10 72 21 49
95	4 13 49 73
96	64 73 25 40
97	80 16 31 72
98	8 42 90 20
99	76 21 60 69
100	29 32 3 100
101	61 36 30 83
102	43 11 65 74
103	46 23 80 83
104	7 36 18 72
105	5 34 47 82
106	80 74 39 6
107	52 64 35 87
108	27 22 96 50
109	66 70 23 50
110	65 59 56 73
111	30 24 45 35
112	85 24 66 55
113	10 77 61 73
114	36 41 17 43
115	74 23 86 100
116	60 78 27 42
117	29 39 24 45
118	42 27 10 90
119	43 76 21 2
120	59 34 81 26
121	70 43 18 27
122	71 13 48 65
123	25 90 70 62
124	28 55 41 84
125	10 79 62 84
126	50 84 51 34
127	89 37 80 31
128	57 28 42 39
129	33 80 95 86
130	26 14 10 77
131	100 66 22 95
132	56 6 25 22
133	78 19 56 59
134	76 8 81 72
135	18 12 42 96
136	64 73 67 52
137	100 90 1 96
138	75 93 70 81
139	67 41 46 36
140	31 3 90 51
141	26 25 54 76
142	70 31 64 78
143	5 72 6 69
144	32 62 53 25
145	15 44 20 36
146	81 47 48 25
147	14 42 73 57
148	80 22 67 3
149	28 67 85 87
150	67 98 28 4
151	37 46 33 55
152	55 23 59 52
153	18 90 66 42
154	9 76 23 46
155	81 58 78 2
156	96 62 89 59
157	71 48 64 69
158	92 37 10 88
159	48 45 49 80
160	48 30 26 16
161	42 51 34 60
162	55 70 24 41
163	19 42 22 65
164	52 95 6 77
165	76 6 2 62
166	97 25 86 66
167	29 15 65 58
168	14 57 96 83
169	24 15 97 57
170	43 75 36 84
171	99 46 88 30
172	27 64 18 76
173	84 32 49 35
174	40 50 79 89
175	90 87 85 43
176	95 81 15 65
177	34 59 31 73
178	66 74 1 5
179	71 78 31 100
180	94 89 56 2
181	95 93 48 41
182	25 42 89 45
183	31 57 50 61
184	53 86 99 65
185	51 9 44 20
186	69 13 39 19
187	83 18 2 67
188	21 43 84 76
189	42 55 14 91
190	40 42 94 78
191	55 45 79 52
192	75 65 27 46
193	72 78 41 99
194	40 49 86 64
195	23 51 1 63
196	57 78 75 21
197	55 14 38 17
198	98 81 56 4
199	82 20 83 93
200	9 36 51 54
201	87 66 65 62
202	70 65 44 39
203	46 38 65 52
204	63 69 13 89
205	90 54 56 35
206	98 62 91 55
207	93 69 91 84
208	71 58 89 42
209	38 2 66 43
210	78 51 11 92
211	19 76 41 26
212	2 82 92 73
213	25 33 94 10
214	83 66 78 16
215	68 69 74 98
216	40 92 76 98
217	56 78 88 67
218	23 25 12 30
219	83 70 76 80
220	32 65 5 58
221	56 9 19 4
222	6 95 9 97
223	99 19 43 83
224	3 30 41 56
225	35 2 80 22
226	17 62 87 76
227	45 66 20 50
228	53 27 8 41
229	32 9 79 56
230	20 44 42 98
231	100 44 39 16
232	44 70 25 61
233	89 20 37 31
234	2 19 43 57
235	27 11 36 56
236	43 8 36 23
237	6 75 47 8
238	3 70 48 96
239	36 95 72 91
240	52 74 12 5
241	44 71 87 45
242	31 68 51 4
243	75 40 3 89
244	32 50 77 15
245	92 4 59 39
246	100 6 33 36
247	44 58 79 35
248	75 66 73 53
249	90 10 26 35
250	48 49 27 32
251	80 53 16 42
252	75 21 52 45
253	12 33 49 35
254	86 4 62 75
255	37 56 98 55
256	44 26 85 58
257	1 87 92 24
258	81 39 16 89
259	15 86 17 98
260	93 57 56 40
261	95 48 54 39
262	34 60 54 93
263	35 78 16 81
264	15 100 80 22
265	47 18 54 17
266	90 9 91 12
267	93 65 59 98
268	7 10 66 1
269	66 38 57 1
270	56 99 44 13
271	12 81 13 53
272	42 69 58 40
273	70 83 43 32
274	64 51 80 58
275	67 19 65 50
276	35 86 19 68
277	49 60 21 74
278	75 43 27 94
279	80 71 69 68
280	4 88 35 32
281	40 36 14 69
282	74 16 53 24
283	90 59 79 30
284	23 58 72 81
285	59 77 53 31
286	60 93 100 78
287	10 77 93 54
288	21 60 22 59
289	80 67 94 4
290	11 87 28 41
291	1 50 2 14
292	29 34 75 16
293	3 6 30 37
294	12 8 76 85
295	80 12 1 33
296	36 31 38 23
297	66 2 40 68
298	59 74 6 24
299	16 97 2 49
300	59 78 36 66
301	15 4 21 12
302	97 81 13 35
303	28 53 19 29
304	36 51 38 6
305	30 64 39 13
306	9 5 72 10
307	59 57 77 82
308	64 89 70 21
309	60 1 30 54
310	67 29 70 63
311	78 52 43 5
312	68 4 89 55
313	2 50 83 80
314	94 24 41 45
315	38 83 46 99
316	54 74 2 37
317	49 84 42 45
318	82 46 89 94
319	3 15 55 31
320	43 90 30 83
321	44 47 7 63
322	41 31 42 16
323	83 24 73 72
324	5 48 3 76
325	89 46 10 62
326	83 6 33 21
327	56 7 19 46
328	4 10 99 7
329	77 39 41 68
330	4 86 33 91
331	75 19 87 99
332	42 78 32 7
333	1 24 72 49
334	87 67 29 38
335	32 42 54 82
336	63 81 85 56
337	60 17 75 52
338	47 40 92 83
339	87 94 48 43
340	55 44 25 11
341	87 49 45 37
342	11 21 7 98
343	45 19 58 37
344	79 10 8 7
345	49 58 37 15
346	13 68 16 30
347	22 52 12 79
348	24 87 83 21
349	64 63 52 58
350	52 19 88 74
351	32 5 38 7
352	2 75 89 30
353	61 67 98 10
354	46 4 76 57
355	24 80 84 31
356	81 92 96 44
357	34 73 69 98
358	73 25 3 66
359	37 60 6 77
360	30 41 94 81
361	11 63 44 45
362	66 92 26 45
363	20 68 1 66
364	67 26 54 87
365	69 40 82 21
366	66 55 30 9
367	61 4 88 72
368	5 29 13 90
369	3 100 81 36
370	67 94 76 36
371	5 10 75 3
372	38 87 19 96
373	88 37 79 27
374	92 79 51 74
375	29 89 73 59
376	91 24 43 87
377	43 32 75 8
378	36 91 65 73
379	51 13 43 72
380	38 51 48 19
381	86 23 65 26
382	25 93 22 39
383	34 48 64 87
384	81 8 15 89
385	60 86 25 66
386	88 14 44 81
387	24 59 65 37
388	65 41 3 33
389	18 94 26 34
390	74 65 31 57
391	87 3 70 49
392	75 96 26 71
393	6 69 24 63
394	36 52 11 89
395	90 37 42 17
396	28 2 65 62
397	31 93 74 3
398	44 84 63 77
399	21 13 59 26
400	53 65 79 52
401	98 35 39 77
402	13 22 14 49
403	52 44 31 24
404	31 28 59 11
405	48 99 28 31
406	3 63 35 96
407	33 60 71 35
408	37 43 9 47
409	8 90 80 40
410	32 64 18 90
411	28 98 13 79
412	26 6 68 97
413	79 25 92 12
414	35 79 42 32
415	39 42 50 95
416	31 60 86 67
417	59 61 73 1
418	14 79 52 39
419	10 86 15 61
420	63 56 36 66
421	17 38 95 79
422	41 58 2 4
423	63 16 70 78
424	27 61 63 18
425	13 94 21 87
426	88 89 69 70
427	34 16 85 58
428	56 49 51 96
429	100 19 52 76
430	27 32 60 76
431	12 63 66 91
432	40 27 31 19
433	25 55 52 96
434	58 33 12 3
435	93 23 36 47
436	61 19 100 92
437	34 70 38 30
438	22 14 16 85
439	73 58 49 15
440	29 95 68 39
441	2 81 36 70
442	82 94 69 43
443	68 21 52 19
444	71 37 28 51
445	48 70 84 26
446	6 44 61 81
447	36 12 43 16
448	29 42 64 11
449	43 49 99 62
450	90 54 89 55
451	84 77 55 98
452	20 41 46 44
453	86 16 56 7
454	30 21 43 95
455	26 20 54 48
456	84 5 27 74
457	32 26 15 27
458	90 21 89 83
459	37 96 89 88
460	34 74 5 19
461	90 22 88 25
462	68 17 24 76
463	7 89 60 82
464	81 12 63 35
465	95 46 1 25
466	7 8 6 26
467	8 62 36 28
468	85 98 40 64
469	2 18 37 73
470	13 68 83 62
471	54 71 87 36
472	28 87 63 60
473	72 14 68 76
474	53 79 20 46
475	26 27 21 50
476	9 6 83 49
477	22 100 16 19
478	67 70 86 21
479	88 62 49 66
480	56 95 78 13
481	77 43 11 50
482	73 22 34 99
483	79 67 87 27
484	50 75 12 20
485	68 34 43 23
486	39 10 34 17
487	35 90 44 97
488	26 81 35 27
489	81 38 74 28
490	76 16 3 4
491	43 39 78 31
492	73 19 14 40
493	48 2 60 78
494	18 63 59 53
495	37 50 91 30
496	32 76 40 97
497	65 30 88 77
498	45 56 19 52
499	48 28 1 69
500	70 73 90 93
501	99 21 11 68
502	33 66 100 70
503	53 79 62 1
504	62 29 63 19
505	15 6 95 92
506	85 12 98 73
507	93 75 65 40
508	53 56 70 94
509	74 63 82 62
510	96 43 100 17
511	29 70 68 2
512	24 65 25 46
513	76 17 99 34
514	72 3 44 48
515	90 14 12 63
516	3 67 64 58
517	95 13 99 25
518	70 75 31 78
519	34 15 78 43
520	79 19 26 8
521	56 57 98 83
522	45 36 65 95
523	70 62 35 86
524	39 16 68 25
525	93 41 57 19
526	23 55 94 11
527	14 34 77 8
528	37 20 9 39
529	3 91 44 49
530	41 10 60 76
531	78 50 47 20
532	69 64 20 93
533	75 91 65 4
534	19 27 87 2
535	11 27 3 55
536	21 98 2 43
537	49 97 14 59
538	47 76 67 33
539	67 79 60 88
540	49 34 78 58
541	32 35 75 80
542	69 12 56 70
543	27 23 14 4
544	64 11 36 8
545	74 42 18 9
546	4 35 62 63
547	65 47 76 62
548	83 47 5 49
549	75 15 31 42
550	88 49 78 86
551	51 4 24 95
552	10 23 76 96
553	31 21 55 36
554	42 68 93 64
555	63 14 48 13
556	69 63 19 99
557	21 90 81 33
558	5 21 78 67
559	62 36 28 40
560	45 8 93 63
561	65 86 1 78
562	96 21 31 46
563	57 77 3 33
564	38 11 42 85
565	75 52 18 26
566	77 34 30 71
567	3 49 42 97
568	66 96 93 80
569	51 59 7 43
570	57 20 88 29
571	1 18 25 85
572	79 38 13 20
573	81 89 45 58
574	40 59 43 58
575	91 42 60 97
576	79 6 16 14
577	71 74 49 32
578	1 63 2 18
579	37 95 83 71
580	66 28 99 5
581	83 91 44 43
582	52 19 58 3
583	32 7 81 48
584	29 23 7 27
585	74 4 76 93
586	97 72 58 57
587	83 97 17 24
588	65 53 62 16
589	98 55 96 69
590	29 43 67 99
591	6 63 50 83
592	29 11 100 38
593	20 11 73 45
594	18 47 88 16
595	8 25 55 9
596	29 36 74 19
597	96 62 19 56
598	98 95 17 71
599	25 75 1 20
600	56 91 18 71
601	18 6 67 89
602	63 44 97 66
603	38 34 31 50
604	16 73 34 44
605	5 71 51 43
606	14 70 7 3
607	23 49 58 76
608	76 43 64 54
609	37 26 16 97
610	28 95 100 93
611	84 93 5 35
612	29 22 40 53
613	81 25 98 65
614	87 98 43 24
615	47 61 2 96
616	58 42 33 34
617	72 35 71 59
618	28 32 54 66
619	76 42 44 2
620	84 57 33 20
621	39 23 34 88
622	9 63 36 18
623	40 63 65 43
624	13 33 16 74
625	55 23 73 12
626	29 41 13 27
627	56 57 75 27
628	83 57 91 56
629	10 92 74 84
630	28 99 85 41
631	95 91 65 13
632	64 60 98 31
633	24 18 40 46
634	76 87 81 43
635	51 90 40 79
636	38 5 33 37
637	49 20 36 81
638	52 49 30 17
639	28 47 50 25
640	81 84 80 13
641	77 92 42 71
642	86 48 28 75
643	51 69 53 59
644	70 51 35 98
645	7 47 76 69
646	68 94 53 29
647	27 86 4 45
648	88 57 60 48
649	49 57 7 85
650	90 30 40 18
651	2 38 52 89
652	24 71 34 64
653	75 29 7 78
654	89 75 4 68
655	72 48 80 13
656	97 33 21 41
657	85 76 32 47
658	33 13 96 86
659	85 34 31 16
660	13 30 96 11
661	92 15 79 57
662	33 78 77 60
663	10 49 98 61
664	58 22 61 16
665	38 14 74 3
666	69 25 54 15
667	94 8 58 63
668	46 13 49 19
669	58 32 12 51
670	88 62 34 70
671	75 6 95 65
672	51 30 41 92
673	71 62 24 78
674	49 36 31 8
675	53 44 17 48
676	48 12 54 39
677	89 84 24 21
678	14 21 46 17
679	10 18 1 15
680	31 80 64 3
681	60 96 39 43
682	52 74 54 30
683	81 39 91 80
684	68 24 98 86
685	36 12 99 73
686	32 86 4 60
687	91 77 24 3
688	25 78 60 96
689	66 80 96 11
690	6 95 73 26
691	63 51 24 27
692	39 35 17 98
693	15 29 44 73
694	92 63 58 44
695	59 78 8 54
696	34 21 45 13
697	16 66 30 97
698	52 34 21 71
699	47 59 11 34
700	98 22 89 36
701	18 26 57 72
702	23 28 36 57
703	64 65 22 84
704	34 31 53 12
705	35 44 57 19
706	37 83 94 67
707	97 28 100 32
708	34 35 26 20
709	28 3 37 51
710	99 77 4 12
711	19 17 20 34
712	52 41 24 28
713	67 46 11 71
714	38 6 89 18
715	44 64 11 91
716	50 48 3 57
717	96 9 58 8
718	61 42 69 15
719	93 37 28 58
720	82 67 55 3
721	11 47 58 13
722	79 92 47 10
723	77 85 81 100
724	97 68 23 13
725	87 20 72 21
726	79 98 55 23
727	67 57 73 39
728	92 85 11 31
729	21 78 63 77
730	86 18 36 51
731	55 71 50 54
732	92 17 63 55
733	24 55 2 74
734	28 73 34 91
735	22 39 72 9
736	5 2 96 31
737	3 20 39 88
738	34 80 91 35
739	85 11 24 43
740	41 16 86 61
741	75 72 90 5
742	94 84 5 41
743	30 90 33 64
744	47 14 6 64
745	66 19 42 75
746	55 30 40 20
747	23 34 5 28
748	43 65 97 29
749	28 14 76 34
750	23 36 30 77
751	48 87 45 65
752	96 28 34 43
753	28 51 38 83
754	92 95 84 22
755	57 31 93 67
756	85 58 86 5
757	33 79 55 22
758	11 93 80 34
759	83 90 88 50
760	37 82 78 55
761	100 13 51 58
762	61 5 95 93
763	60 72 22 68
764	61 70 71 68
765	57 7 10 26
766	76 84 40 67
767	4 10 100 37
768	83 61 21 93
769	92 5 8 66
770	13 19 44 46
771	67 1 9 32
772	74 2 15 29
773	71 50 27 44
774	1 65 14 56
775	95 37 96 86
776	78 89 44 35
777	16 23 2 19
778	10 87 81 16
779	48 2 53 33
780	23 87 92 31
781	71 83 59 32
782	7 17 49 18
783	33 76 37 85
784	42 10 88 92
785	12 20 24 89
786	5 23 66 8
787	82 14 73 60
788	100 63 26 73
789	17 75 33 53
790	43 92 96 2
791	35 54 32 50
792	16 69 1 10
793	31 49 28 84
794	68 92 95 76
795	95 27 92 2
796	40 92 25 58
797	26 85 27 97
798	18 56 62 66
799	68 32 100 57
800	82 47 22 38
801	84 74 85 86
802	52 26 36 4
803	8 32 66 50
804	89 45 99 47
805	65 44 85 59
806	21 55 42 69
807	41 69 29 61
808	10 68 85 90
809	8 79 77 47
810	1 17 55 30
811	27 96 95 21
812	69 41 23 16
813	67 28 72 81
814	77 12 62 75
815	82 41 69 96
816	84 78 64 56
817	85 69 36 37
818	30 86 22 100
819	92 19 63 6
820	48 52 49 64
821	70 61 18 29
822	53 66 51 49
823	20 85 32 88
824	9 43 40 60
825	44 82 89 29
826	6 55 39 78
827	45 58 59 88
828	17 14 87 71
829	12 70 68 24
830	87 1 69 80
831	13 4 35 89
832	61 64 54 74
833	66 28 78 67
834	26 95 20 81
835	75 6 5 62
836	34 8 100 12
837	58 27 34 72
838	17 13 32 83
839	78 29 99 10
840	67 93 77 85
841	30 47 8 21
842	92 2 34 98
843	35 13 9 29
844	11 89 41 54
845	10 60 83 7
846	47 37 74 16
847	71 41 27 81
848	94 34 16 85
849	95 92 34 24
850	15 57 16 2
851	11 9 13 25
852	44 92 24 65
853	97 27 87 57
854	77 33 18 74
855	6 19 23 21
856	61 100 53 50
857	31 100 5 66
858	67 25 29 73
859	46 81 85 18
860	84 85 2 83
861	23 24 59 40
862	46 19 41 35
863	21 65 78 31
864	37 29 85 64
865	31 57 33 40
866	88 99 82 48
867	43 12 19 69
868	25 17 98 1
869	60 83 15 66
870	47 24 33 50
871	19 93 70 88
872	81 21 45 63
873	13 22 41 52
874	47 96 52 83
875	33 23 34 96
876	15 95 97 45
877	7 97 33 95
878	2 27 60 57
879	66 9 52 16
880	94 71 89 76
881	21 73 63 6
882	44 32 8 47
883	48 92 75 100
884	10 83 78 92
885	100 87 31 62
886	50 29 22 80
887	78 24 90 12
888	94 50 15 14
889	13 32 11 33
890	18 36 56 42
891	82 69 18 40
892	76 5 18 38
893	72 63 12 61
894	32 47 75 64
895	82 38 39 70
896	22 95 59 70
897	94 14 21 5
898	88 26 70 58
899	43 66 49 51
900	42 14 35 13
901	78 75 43 31
902	78 1 24 19
903	63 50 36 44
904	50 56 95 43
905	22 45 27 9
906	97 54 71 22
907	70 16 15 24
908	69 4 25 3
909	100 61 42 33
910	13 41 25 1
911	18 74 59 84
912	18 88 30 26
913	56 65 24 17
914	2 82 52 80
915	13 6 91 73
916	31 78 67 66
917	19 57 32 94
918	65 5 27 86
919	98 70 69 40
920	71 4 98 14
921	53 70 33 55
922	38 92 79 90
923	32 44 94 69
924	4 85 58 34
925	44 61 65 90
926	78 10 62 43
927	44 75 89 80
928	47 38 67 10
929	16 91 64 34
930	88 85 75 72
931	43 62 78 45
932	100 90 71 49
933	33 67 94 79
934	73 79 37 86
935	36 100 6 67
936	11 2 89 32
937	87 76 59 37
938	52 99 96 4
939	64 12 59 5
940	31 30 3 40
941	34 44 57 87
942	25 79 91 27
943	15 58 31 87
944	6 10 99 34
945	60 45 12 83
946	43 22 49 85
947	7 18 13 93
948	39 36 50 60
949	74 20 35 26
950	43 39 34 20
951	55 68 38 34
952	3 45 69 80
953	71 26 12 56
954	67 80 10 21
955	22 26 9 27
956	35 47 76 48
957	62 15 98 1
958	31 9 60 87
959	34 28 46 95
960	33 64 89 80
961	38 15 65 6
962	73 64 19 24
963	83 26 47 18
964	8 7 27 82
965	56 15 6 93
966	27 43 13 69
967	77 19 99 11
968	73 13 12 72
969	16 41 76 4
970	45 66 89 72
971	24 38 6 42
972	39 94 44 23
973	68 60 58 14
974	20 95 89 85
975	5 81 9 37
976	46 92 22 33
977	63 68 9 62
978	46 34 81 13
979	12 55 49 45
980	61 83 55 80
981	56 55 68 72
982	67 69 13 30
983	33 23 34 84
984	22 15 7 60
985	27 30 3 80
986	86 32 36 99
987	39 96 73 57
988	17 50 56 83
989	69 49 68 20
990	29 37 9 99
991	47 66 80 62
992	85 95 22 55
993	43 88 31 82
994	97 80 33 31
995	100 24 86 20
996	44 3 46 25
997	87 69 84 21
998	77 27 20 35
999	41 49 32 23
1000	88 6 57 14
1001	3 82 36 72
1002	64 17 59 33
1003	92 42 90 15
1004	77 64 33 53
1005	47 32 92 7
1006	49 84 94 97
1007	27 49 96 33
1008	74 58 31 45
1009	45 19 47 12
1010	99 45 78 80
1011	6 100 57 9
1012	2 83 79 57
1013	62 59 8 10
1014	100 96 98 20
1015	17 75 25 98
1016	36 17 78 8
1017	8 89 7 24
1018	71 94 27 11
1019	41 39 90 94
1020	10 64 34 62
1021	44 4 33 51
1022	4 88 93 54
1023	47 96 73 9
1024	47 46 2 88
1025	43 16 57 35
1026	2 1 26 9
1027	1 88 61 83
1028	87 88 52 6
1029	59 67 90 21
1030	78 22 36 43
1031	32 29 1 12
1032	92 64 57 16
1033	67 41 73 91
1034	85 12 67 8
1035	25 55 65 5
1036	28 31 62 48
1037	1 84 50 42
1038	8 89 64 42
1039	13 55 53 5
1040	71 100 25 49
1041	55 88 77 27
1042	66 49 77 96
1043	7 88 47 37
1044	40 75 73 15
1045	8 56 55 94
1046	71 59 62 4
1047	42 82 40 31
1048	62 96 89 78
1049	74 26 24 8
1050	94 70 9 56
1051	57 79 44 88
1052	45 72 61 5
1053	89 1 34 9
1054	25 87 36 9
1055	26 7 41 85
1056	18 42 64 78
1057	83 28 64 47
1058	21 97 61 23
1059	3 50 38 95
1060	92 45 29 97
1061	88 76 77 51
1062	66 43 88 28
1063	6 54 73 19
1064	16 84 32 76
1065	72 20 74 46
1066	11 30 21 78
1067	62 41 9 98
1068	9 14 2 80
1069	26 77 47 39
1070	72 67 9 83
1071	88 94 85 61
1072	12 17 70 11
1073	75 86 54 50
1074	87 68 59 61
1075	13 64 36 50
1076	17 16 21 87
1077	21 85 3 88
1078	68 98 36 18
1079	48 7 27 98
1080	94 22 3 83
1081	68 13 47 5
1082	73 12 60 95
1083	21 65 58 64
1084	9 54 55 11
1085	68 66 100 21
1086	20 30 72 83
1087	73 54 16 9
1088	47 11 100 18
1089	100 12 60 79
1090	24 10 2 59
1091	74 62 40 46
1092	79 25 5 70
1093	99 43 1 70
1094	52 15 76 44
1095	67 27 98 2
1096	100 7 87 40
1097	40 55 62 68
1098	85 69 43 29
1099	18 14 74 56
1100	23 57 8 3
1101	51 57 23 4
1102	62 43 27 61
1103	54 88 12 43
1104	78 26 27 43
1105	81 3 54 9
1106	15 35 75 99
1107	95 67 18 71
1108	25 70 23 43
1109	57 42 5 73
1110	60 5 39 73
1111	35 95 58 60
1112	13 88 59 72
1113	23 81 4 31
1114	34 87 32 17
1115	94 56 40 61
1116	12 100 22 21
1117	9 57 22 95
1118	35 89 62 15
1119	31 33 68 3
1120	16 27 8 64
1121	36 5 80 61
1122	41 83 100 85
1123	64 20 10 69
1124	97 2 27 19
1125	57 82 46 75
1126	49 29 23 2
1127	65 10 52 54
1128	9 22 6 67
1129	46 76 21 11
1130	36 18 66 78
1131	20 33 88 40
1132	70 37 83 61
1133	47 87 36 82
1134	33 49 64 96
1135	17 61 18 3
1136	43 21 62 49
1137	2 78 57 66
1138	90 18 11 97
1139	25 2 9 20
1140	63 4 42 89
1141	96 27 65 17
1142	50 88 84 41
1143	75 48 66 57
1144	1 13 92 50
1145	86 20 47 60
1146	28 36 60 41
1147	13 82 56 24
1148	19 20 29 53
1149	28 56 23 97
1150	91 52 18 3
1151	62 10 55 18
1152	80 14 6 84
1153	88 21 10 20
1154	62 40 41 2
1155	58 95 85 80
1156	66 9 45 59
1157	49 64 88 59
1158	30 98 4 76
1159	97 58 83 7
1160	3 20 33 95
1161	100 92 6 94
1162	28 89 80 17
1163	4 8 20 58
1164	84 83 7 64
1165	76 100 75 58
1166	5 44 3 52
1167	94 72 98 16
1168	76 86 100 79
1169	29 19 93 21
1170	81 79 30 41
1171	83 20 39 24
1172	30 49 4 33
1173	93 32 45 96
1174	20 1 66 84
1175	71 96 54 37
1176	31 38 74 13
1177	9 1 86 95
1178	94 59 75 28
1179	99 41 82 32
1180	99 53 93 59
1181	95 75 17 28
1182	82 35 37 25
1183	87 22 10 65
1184	31 56 30 6
1185	97 47 67 4
1186	26 24 53 44
1187	43 35 14 39
1188	72 64 60 51
1189	100 48 95 4
1190	89 96 79 34
1191	3 78 77 32
1192	65 97 69 64
1193	89 94 65 59
1194	45 11 26 91
1195	47 88 23 38
1196	43 39 38 78
1197	48 92 50 30
1198	60 16 88 30
1199	68 19 25 29
1200	31 45 61 30
1201	52 25 68 78
1202	89 56 98 65
1203	54 67 33 7
1204	1 80 93 99
1205	33 9 88 39
1206	66 13 36 11
1207	29 27 79 99
1208	2 20 31 94
1209	79 8 84 5
1210	19 100 34 26
1211	97 18 54 45
1212	46 34 53 96
1213	73 62 65 71
1214	68 98 81 35
1215	52 2 74 87
1216	11 87 12 89
1217	28 49 4 16
1218	8 5 13 26
1219	22 70 43 68
1220	86 8 16 41
1221	24 55 11 27
1222	71 65 99 42
1223	54 82 93 18
1224	8 67 100 31
1225	95 30 90 32
1226	44 65 66 36
1227	56 39 27 34
1228	7 84 92 29
1229	78 77 63 60
1230	60 20 98 69
1231	57 44 91 87
1232	72 99 7 70
1233	89 4 100 53
1234	31 94 42 10
1235	26 12 46 31
1236	75 51 30 73
1237	67 2 28 85
1238	16 94 100 77
1239	95 70 8 90
1240	78 99 8 66
1241	16 8 98 38
1242	86 21 57 100
1243	41 31 47 70
1244	91 74 2 51
1245	21 83 14 24
1246	38 37 1 25
1247	7 74 51 26
1248	43 49 68 83
1249	19 98 51 66
1250	60 3 12 10
1251	47 62 9 51
1252	97 58 68 82
1253	32 23 16 55
1254	67 62 50 47
1255	35 70 74 2
1256	19 9 25 85
1257	10 70 34 61
1258	50 100 48 35
1259	86 13 92 63
1260	67 70 83 8
1261	49 16 51 64
1262	2 5 95 100
1263	56 97 22 87
1264	16 34 75 51
1265	6 5 26 28
1266	89 84 90 31
1267	27 82 68 12
1268	73 5 41 68
1269	42 90 31 46
1270	65 26 46 48
1271	86 17 2 6
1272	45 10 46 70
1273	14 50 30 81
1274	87 90 42 5
1275	72 11 80 12
1276	38 21 42 46
1277	46 17 59 55
1278	82 96 63 46
1279	20 24 46 35
1280	35 62 99 33
1281	77 28 70 75
1282	28 32 88 3
1283	27 9 73 12
1284	79 32 91 58
1285	59 85 38 31
1286	62 85 27 26
1287	73 57 27 14
1288	71 58 78 49
1289	84 55 12 20
1290	56 21 2 59
1291	96 74 47 35
1292	2 35 100 30
1293	21 97 36 91
1294	19 49 69 81
1295	10 92 47 36
1296	60 37 58 77
1297	31 59 12 72
1298	1 97 91 100
1299	15 39 40 38
1300	58 20 32 63
1301	90 82 17 98
1302	43 63 30 77
1303	22 83 85 71
1304	34 50 44 56
1305	35 15 90 19
1306	30 15 32 67
1307	67 76 10 1
1308	98 70 94 43
1309	94 83 69 42
1310	92 70 33 59
1311	10 6 76 97
1312	45 4 10 60
1313	23 55 77 65
1314	53 38 32 54
1315	3 8 79 7
1316	85 35 81 31
1317	65 82 34 56
1318	50 20 53 73
1319	23 45 39 47
1320	54 3 22 74
1321	82 64 23 8
1322	28 33 91 99
1323	78 19 21 36
1324	60 65 6 98
1325	50 93 39 33
1326	1 20 57 56
1327	35 83 28 66
1328	35 31 60 7
1329	14 92 83 70
1330	50 54 69 72
1331	45 74 46 87
1332	6 68 12 64
1333	49 45 91 34
1334	89 57 50 98
1335	52 83 26 40
1336	92 23 40 4
1337	77 78 100 21
1338	19 83 27 58
1339	13 36 55 84
1340	2 14 60 86
1341	29 56 1 44
1342	61 56 63 75
1343	57 22 85 100
1344	99 45 24 51
1345	83 27 80 16
1346	31 36 24 74
1347	17 4 68 29
1348	10 71 45 99
1349	43 73 33 28
1350	43 57 20 62
1351	8 19 57 46
1352	7 27 50 69
1353	96 51 55 15
1354	63 18 33 67
1355	1 22 38 91
1356	15 45 89 59
1357	32 19 80 6
1358	51 64 43 50
1359	56 35 36 93
1360	20 16 71 61
1361	51 54 58 7
1362	4 66 41 18
1363	6 46 83 96
1364	47 25 69 11
1365	100 38 99 74
1366	24 38 19 84
1367	35 22 20 40
1368	55 98 92 76
1369	14 82 57 66
1370	57 91 29 14
1371	15 2 60 51
1372	11 53 32 41
1373	14 23 24 12
1374	71 61 24 89
1375	80 82 99 11
1376	37 7 16 12
1377	83 48 5 13
1378	96 35 29 55
1379	39 6 67 15
1380	25 60 8 67
1381	8 36 99 57
1382	13 45 3 65
1383	75 11 40 38
1384	86 81 53 17
1385	57 35 5 30
1386	86 31 83 32
1387	61 14 60 68
1388	69 48 52 57
1389	51 99 27 37
1390	78 85 25 24
1391	3 20 44 75
1392	55 31 8 10
1393	17 50 53 76
1394	70 18 93 95
1395	100 88 61 33
1396	31 13 87 9
1397	60 63 22 29
1398	99 20 41 33
1399	49 1 22 98
1400	83 80 87 65
1401	76 64 13 50
1402	78 2 7 42
1403	69 12 19 77
1404	52 94 8 97
1405	95 19 87 52
1406	43 8 20 6
1407	67 41 43 2
1408	6 84 14 43
1409	3 78 48 14
1410	79 96 90 42
1411	25 19 9 21
1412	1 37 15 31
1413	94 99 92 9
1414	29 79 32 30
1415	88 34 59 61
1416	95 22 59 37
1417	56 75 59 97
1418	61 80 18 4
1419	75 22 65 64
1420	31 72 88 60
1421	38 13 46 4
1422	49 26 22 59
1423	3 38 99 96
1424	96 73 37 11
1425	44 56 51 83
1426	38 58 100 61
1427	85 83 91 2
1428	41 26 86 66
1429	33 88 85 6
1430	73 74 15 75
1431	29 17 49 57
1432	64 27 82 71
1433	28 89 80 11
1434	37 90 58 96
1435	60 11 96 15
1436	86 41 3 97
1437	23 63 5 38
1438	47 22 25 42
1439	9 72 88 59
1440	96 16 40 70
1441	6 68 33 64
1442	49 22 58 6
1443	11 63 58 82
1444	52 32 19 5
1445	40 21 3 10
1446	97 92 81 26
1447	4 36 83 75
1448	84 19 75 56
1449	46 88 45 51
1450	65 6 43 51
1451	44 42 63 82
1452	81 66 31 57
1453	79 4 47 14
1454	88 66 16 80
1455	82 34 43 21
1456	29 17 6 77
1457	32 91 20 30
1458	30 79 36 46
1459	99 45 6 96
1460	79 88 57 8
1461	76 11 55 2
1462	77 24 44 46
1463	1 91 10 17
1464	71 20 3 40
1465	28 61 89 50
1466	51 90 21 96
1467	74 52 20 91
1468	6 83 18 58
1469	14 64 75 73
1470	89 87 34 67
1471	19 28 40 22
1472	33 12 15 96
1473	70 65 44 7
1474	1 48 20 12
1475	99 44 96 65
1476	17 64 76 63
1477	21 8 48 18
1478	57 11 23 15
1479	93 67 24 52
1480	14 49 39 17
1481	64 71 7 92
1482	80 57 47 39
1483	37 49 42 81
1484	83 89 32 28
1485	34 98 12 93
1486	43 60 90 47
1487	26 19 50 91
1488	82 16 58 37
1489	44 1 83 51
1490	74 15 75 82
1491	70 63 11 96
1492	76 71 78 15
1493	10 66 1 16
1494	88 78 98 41
1495	35 8 11 82
1496	28 12 93 22
1497	23 7 81 1
1498	62 13 48 65
1499	96 71 88 99
1500	32 2 47 52
1501	65 11 48 20
1502	3 84 13 86
1503	53 19 26 15
1504	45 60 98 44
1505	64 89 90 96
1506	58 86 30 9
1507	57 8 38 33
1508	75 10 77 80
1509	84 62 12 1
1510	40 46 81 6
1511	3 17 72 28
1512	8 83 79 9
1513	41 84 40 56
1514	75 45 85 39
1515	66 34 69 43
1516	53 40 96 83
1517	4 9 52 22
1518	29 20 13 76
1519	22 3 66 42
1520	66 48 57 9
1521	63 26 35 73
1522	63 84 34 20
1523	83 46 89 9
1524	14 91 81 51
1525	41 70 84 7
1526	33 63 44 50
1527	64 51 65 3
1528	43 70 60 34
1529	26 24 76 15
1530	96 18 15 39
1531	83 69 50 38
1532	83 68 8 9
1533	15 45 70 53
1534	50 72 41 52
1535	21 24 66 11
1536	89 98 37 99
1537	81 36 64 76
1538	1 91 14 97
1539	82 41 39 78
1540	4 21 73 88
1541	81 53 10 58
1542	43 18 71 15
1543	21 66 72 26
1544	68 58 98 4
1545	82 99 70 30
1546	48 25 49 7
1547	67 3 66 14
1548	39 24 34 62
1549	71 52 40 62
1550	72 26 19 28
1551	98 62 70 91
1552	69 44 16 71
1553	80 100 45 7
1554	25 63 77 41
1555	4 35 30 63
1556	26 92 39 36
1557	61 12 88 86
1558	54 4 24 1
1559	35 69 20 91
1560	89 98 20 100
1561	62 96 45 9
1562	29 32 47 1
1563	48 2 86 49
1564	50 17 97 93
1565	75 61 62 79
1566	38 20 90 74
1567	89 57 25 77
1568	9 56 83 98
1569	73 62 72 6
1570	23 97 71 70
1571	78 39 97 90
1572	45 98 13 40
1573	37 96 53 38
1574	21 64 88 30
1575	81 60 27 42
1576	94 75 77 57
1577	58 86 98 87
1578	82 21 17 19
1579	97 84 41 59
1580	65 76 17 25
1581	58 62 51 1
1582	90 6 99 10
1583	77 97 76 83
1584	88 31 23 59
1585	40 41 13 93
1586	56 68 20 64
1587	2 10 56 43
1588	20 17 75 9
1589	37 27 67 33
1590	39 58 24 22
1591	34 66 96 37
1592	45 7 25 91
1593	15 12 33 30
1594	9 13 96 61
1595	67 41 21 42
1596	95 32 73 30
1597	90 62 19 42
1598	50 86 38 72
1599	36 32 23 96
1600	87 93 35 5
1601	72 81 88 91
1602	9 10 78 73
1603	31 14 96 37
1604	55 49 2 6
1605	88 49 29 18
1606	38 61 59 5
1607	94 46 5 37
1608	12 96 63 54
1609	29 53 16 32
1610	86 78 48 93
1611	18 4 88 30
1612	13 83 3 26
1613	3 34 44 57
1614	17 75 99 15
1615	21 74 19 72
1616	48 2 43 29
1617	29 69 88 9
1618	49 64 72 76
1619	61 22 87 37
1620	48 87 85 32
1621	25 13 41 6
1622	76 23 18 38
1623	89 90 56 74
1624	85 4 46 24
1625	14 11 16 31
1626	79 93 70 59
1627	90 4 58 14
1628	21 38 55 72
1629	1 43 47 79
1630	11 54 24 68
1631	57 16 29 72
1632	55 6 79 82
1633	53 14 73 4
1634	22 74 16 86
1635	50 38 3 12
1636	72 49 71 23
1637	52 4 58 85
1638	98 82 42 92
1639	43 69 42 1
1640	47 44 53 73
1641	85 7 22 88
1642	94 65 56 58
1643	49 48 80 47
1644	82 20 17 88
1645	95 90 49 41
1646	16 24 9 37
1647	24 42 48 3
1648	100 83 87 72
1649	46 44 59 20
1650	69 41 44 66
1651	43 50 83 53
1652	83 75 34 80
1653	7 6 67 20
1654	25 38 79 33
1655	19 77 14 47
1656	46 93 48 89
1657	58 56 99 22
1658	86 94 88 14
1659	38 30 77 51
1660	98 89 69 40
1661	41 48 70 31
1662	42 61 59 27
1663	19 54 90 100
1664	51 88 70 46
1665	68 23 47 92
1666	57 76 79 81
1667	30 84 2 87
1668	74 100 85 45
1669	61 5 71 59
1670	73 87 22 58
1671	22 15 56 75
1672	36 17 1 24
1673	91 51 1 18
1674	81 16 29 53
1675	46 40 45 7
1676	73 97 20 93
1677	2 86 91 94
1678	67 50 79 73
1679	56 76 80 27
1680	25 74 10 86
1681	18 3 9 15
1682	38 33 1 67
1683	8 3 9 44
1684	29 39 82 100
1685	81 99 65 32
1686	76 87 66 37
1687	23 64 39 79
1688	57 98 66 14
1689	71 82 12 100
1690	78 22 46 50
1691	64 1 71 93
1692	51 87 90 40
1693	95 70 25 75
1694	92 84 53 59
1695	39 34 30 93
1696	86 7 55 58
1697	51 84 80 25
1698	47 83 92 46
1699	14 59 41 48
1700	11 84 71 46
1701	11 9 55 25
1702	72 21 76 11
1703	83 18 34 39
1704	37 88 4 85
1705	11 22 80 35
1706	78 95 100 88
1707	45 82 18 24
1708	10 50 14 55
1709	87 41 40 70
1710	85 77 40 18
1711	30 63 62 76
1712	10 56 81 76
1713	14 25 83 81
1714	45 71 88 72
1715	77 69 5 10
1716	5 4 30 99
1717	32 29 66 2
1718	57 39 69 26
1719	10 88 31 92
1720	3 68 64 51
1721	50 29 16 86
1722	40 50 42 34
1723	57 72 70 64
1724	42 5 33 39
1725	62 42 39 75
1726	100 57 1 5
1727	28 8 30 57
1728	34 11 6 47
1729	35 43 80 27
1730	29 35 99 81
1731	77 52 93 68
1732	21 7 74 36
1733	6 77 43 5
1734	7 13 89 19
1735	13 96 32 84
1736	41 26 54 59
1737	85 100 15 7
1738	57 4 75 3
1739	75 71 59 25
1740	21 68 76 23
1741	72 16 79 32
1742	18 39 24 76
1743	37 89 3 2
1744	65 27 74 69
1745	34 48 93 85
1746	2 79 77 36
1747	42 99 6 4
1748	26 15 57 10
1749	6 49 31 22
1750	73 56 66 90
1751	66 23 20 81
1752	77 48 8 64
1753	74 59 58 96
1754	8 83 7 90
1755	78 44 61 30
1756	82 38 24 9
1757	51 46 59 95
1758	40 69 74 41
1759	22 55 36 19
1760	91 7 76 43
1761	47 21 1 37
1762	9 69 68 95
1763	57 99 62 2
1764	93 7 56 20
1765	15 90 18 76
1766	87 63 41 15
1767	10 46 43 14
1768	2 94 39 92
1769	15 84 27 44
1770	51 44 34 54
1771	41 8 64 54
1772	74 22 70 85
1773	27 100 26 99
1774	16 57 28 71
1775	24 72 32 80
1776	62 31 72 83
1777	18 14 34 90
1778	58 20 47 98
1779	92 96 63 90
1780	69 50 13 96
1781	18 78 66 44
1782	81 17 31 25
1783	93 28 1 55
1784	53 51 94 48
1785	87 94 57 27
1786	12 50 82 61
1787	60 6 7 28
1788	87 7 41 98
1789	69 29 82 54
1790	35 79 53 92
1791	5 75 70 50
1792	94 50 7 81
1793	49 29 27 33
1794	83 1 28 48
1795	64 14 18 17
1796	97 38 27 44
1797	89 16 12 78
1798	57 33 13 42
1799	72 35 92 49
1800	59 81 3 82
1801	8 83 20 54
1802	8 40 44 46
1803	2 67 50 47
1804	49 47 62 81
1805	2 1 98 4
1806	52 16 79 48
1807	36 9 61 86
1808	63 65 66 57
1809	12 43 16 54
1810	14 100 23 64
1811	79 52 56 14
1812	12 81 14 3
1813	66 99 18 8
1814	83 53 62 67
1815	67 10 94 76
1816	26 11 81 56
1817	36 64 50 21
1818	63 19 72 86
1819	28 86 63 54
1820	82 53 30 34
1821	74 43 98 35
1822	82 79 26 85
1823	1 2 51 32
1824	77 5 50 28
1825	26 74 27 75
1826	87 77 75 10
1827	16 33 27 75
1828	97 36 33 28
1829	21 7 87 39
1830	18 9 50 77
1831	3 100 59 56
1832	54 55 11 72
1833	73 89 31 52
1834	84 57 65 96
1835	7 94 54 59
1836	31 100 46 38
1837	75 13 60 25
1838	40 22 20 4
1839	65 2 8 81
1840	28 12 58 84
1841	76 38 46 62
1842	29 60 75 32
1843	14 13 18 44
1844	23 24 27 87
1845	84 60 86 90
1846	89 99 96 9
1847	39 80 16 9
1848	92 40 17 55
1849	3 58 84 91
1850	34 64 76 52
1851	52 42 24 46
1852	56 81 33 83
1853	35 76 20 58
1854	10 79 4 30
1855	65 10 15 89
1856	64 21 90 95
1857	81 69 57 71
1858	46 92 53 9
1859	6 96 69 43
1860	69 61 95 47
1861	23 84 71 74
1862	31 44 27 69
1863	18 58 96 38
1864	50 89 43 65
1865	22 39 34 18
1866	6 7 100 5
1867	55 36 9 77
1868	81 76 83 90
1869	31 7 53 93
1870	86 52 94 45
1871	74 56 55 21
1872	69 67 6 33
1873	57 74 79 51
1874	51 20 78 39
1875	77 20 37 23
1876	7 78 55 47
1877	28 23 36 97
1878	67 12 94 75
1879	21 100 12 32
1880	88 68 78 51
1881	59 48 6 18
1882	9 28 69 65
1883	30 40 73 4
1884	2 52 55 91
1885	47 77 5 96
1886	18 31 60 75
1887	81 18 28 91
1888	2 72 22 45
1889	42 99 4 33
1890	29 4 88 83
1891	61 52 42 49
1892	90 23 5 17
1893	3 89 9 64
1894	11 89 23 46
1895	90 82 80 93
1896	72 86 88 89
1897	29 57 82 98
1898	95 10 1 4
1899	22 29 83 73
1900	48 78 65 57
1901	87 44 53 94
1902	83 24 73 63
1903	18 54 72 100
1904	7 56 38 52
1905	29 51 96 67
1906	88 17 51 76
1907	13 32 45 75
1908	49 3 88 46
1909	19 11 72 87
1910	35 90 67 73
1911	46 85 84 55
1912	75 89 44 100
1913	71 28 48 12
1914	16 7 47 10
1915	100 96 53 13
1916	25 88 21 72
1917	28 66 52 88
1918	45 8 13 86
1919	50 93 77 8
1920	98 89 44 99
1921	10 47 43 66
1922	28 89 47 24
1923	98 84 77 80
1924	98 78 13 100
1925	95 83 90 32
1926	39 92 74 32
1927	53 64 80 9
1928	9 97 79 4
1929	27 40 2 41
1930	87 55 53 77
1931	64 39 56 16
1932	87 92 24 65
1933	57 40 10 89
1934	27 79 41 29
1935	34 28 2 1
1936	8 73 30 53
1937	20 99 7 35
1938	41 51 28 71
1939	64 40 100 3
1940	84 53 12 23
1941	30 2 62 85
1942	90 62 43 61
1943	71 62 72 81
1944	60 35 22 68
1945	90 11 89 71
1946	33 89 22 57
1947	72 48 21 43
1948	23 35 7 68
1949	14 55 75 43
1950	78 94 70 44
1951	91 85 24 52
1952	37 24 93 48
1953	43 44 10 25
1954	46 33 49 67
1955	76 40 42 64
1956	83 37 81 57
1957	98 13 57 28
1958	79 29 36 33
1959	62 9 65 99
1960	19 10 88 28
1961	18 56 31 74
1962	27 98 73 94
1963	4 98 11 41
1964	12 9 6 66
1965	92 71 66 8
1966	25 97 85 80
1967	46 26 82 96
1968	19 46 93 65
1969	7 92 18 48
1970	33 92 23 97
1971	92 66 81 1
1972	9 31 100 78
1973	18 29 27 71
1974	41 99 79 87
1975	7 65 73 38
1976	42 68 31 6
1977	71 64 51 13
1978	92 2 29 28
1979	9 93 35 13
1980	41 44 19 15
1981	36 19 33 79
1982	28 10 59 47
1983	75 60 43 40
1984	90 74 71 36
1985	82 98 61 35
1986	44 13 67 20
1987	69 61 1 73
1988	82 1 90 100
1989	64 38 63 69
1990	16 6 73 9
1991	24 7 90 39
1992	16 100 97 41
1993	80 51 64 55
1994	36 82 89 12
1995	46 48 13 39
1996	19 61 99 87
1997	31 2 57 43
1998	68 13 85 16
1999	39 70 81 88
2000	4 78 83 38
2001	52 86 92 58
2002	4 96 15 82
2003	94 22 73 98
2004	24 77 42 7
2005	2 39 100 74
2006	57 13 98 69
2007	14 71 8 65
2008	73 41 35 65
2009	80 24 8 100
2010	87 78 97 68
2011	3 19 58 38
2012	10 87 61 62
2013	93 90 48 2
2014	66 81 18 93
2015	45 48 78 36
2016	45 83 24 59
2017	85 48 64 32
2018	95 52 10 61
2019	31 13 23 88
2020	46 26 22 57
2021	22 41 29 2
2022	33 21 78 84
2023	21 51 9 85
2024	69 52 25 43
2025	6 12 1 53
2026	72 71 62 12
2027	57 31 27 14
2028	38 28 69 1
2029	15 56 79 95
2030	36 98 37 26
2031	55 2 40 51
2032	29 50 93 95
2033	69 10 57 9
2034	40 48 92 58
2035	34 66 27 25
2036	35 37 54 98
2037	14 51 97 23
2038	44 100 11 82
2039	60 1 38 63
2040	28 87 64 57
2041	93 10 50 2
2042	77 16 53 95
2043	92 22 85 96
2044	46 42 58 90
2045	39 17 11 25
2046	29 77 4 94
2047	81 25 75 77
2048	64 91 93 55
2049	3 41 87 30
2050	26 68 57 8
2051	52 86 66 40
2052	40 82 13 64
2053	19 84 99 59
2054	36 91 27 49
2055	60 87 5 100
2056	28 40 47 98
2057	45 49 60 20
2058	82 18 26 86
2059	12 92 68 82
2060	3 7 19 67
2061	54 85 8 55
2062	51 8 42 58
2063	91 12 18 26
2064	63 53 89 16
2065	51 82 59 96
2066	16 48 99 82
2067	31 12 51 87
2068	68 21 60 69
2069	44 70 33 17
2070	32 3 98 13
2071	9 64 1 60
2072	48 3 4 71
2073	100 41 65 77
2074	56 74 82 38
2075	4 77 3 70
2076	7 44 47 10
2077	88 46 43 16
2078	98 57 64 89
2079	68 57 46 91
2080	28 8 30 59
2081	72 85 70 16
2082	84 62 19 92
2083	90 14 89 21
2084	29 97 8 57
2085	36 18 35 10
2086	43 27 36 13
2087	99 47 66 43
2088	15 83 52 42
2089	84 97 81 45
2090	71 64 94 32
2091	47 72 33 84
2092	86 4 9 94
2093	18 88 47 81
2094	16 12 32 55
2095	51 72 99 62
2096	8 24 3 49
2097	40 98 93 69
2098	41 55 96 80
2099	70 62 80 15
2100	35 8 4 36
2101	36 42 48 80
2102	49 85 20 95
2103	74 11 68 50
2104	69 7 27 13
2105	75 71 10 9
2106	98 51 40 28
2107	60 68 74 8
2108	20 63 30 33
2109	70 94 76 18
2110	50 52 2 24
2111	45 91 46 82
2112	80 43 24 96
2113	67 86 22 58
2114	82 81 73 67
2115	14 76 99 95
2116	33 4 31 32
2117	27 60 20 26
2118	49 71 90 74
2119	42 23 48 5
2120	37 89 95 10
2121	98 94 88 52
2122	32 62 97 23
2123	6 19 69 76
2124	60 15 32 21
2125	55 2 50 75
2126	61 53 83 26
2127	99 75 49 5
2128	32 99 55 63
2129	34 15 90 57
2130	81 50 78 45
2131	94 8 53 72
2132	10 85 66 40
2133	90 65 71 91
2134	69 72 70 43
2135	47 65 95 85
2136	62 69 23 7
2137	45 100 92 72
2138	83 20 91 60
2139	5 71 20 80
2140	32 76 44 5
2141	72 74 93 64
2142	51 7 31 38
2143	68 86 96 44
2144	14 18 58 54
2145	90 31 100 49
2146	12 5 36 27
2147	64 50 100 89
2148	88 33 50 5
2149	58 82 56 34
2150	84 90 58 61
2151	48 93 18 30
2152	25 80 98 47
2153	70 59 39 73
2154	13 43 11 37
2155	91 13 42 61
2156	25 30 71 69
2157	34 17 75 46
2158	53 50 18 68
2159	33 14 30 43
2160	28 93 59 6
2161	21 34 3 95
2162	42 49 9 25
2163	41 15 60 55
2164	99 4 1 74
2165	55 96 72 11
2166	68 58 71 26
2167	6 92 4 82
2168	84 97 66 61
2169	75 74 13 45
2170	96 40 10 80
2171	90 11 21 65
2172	19 46 60 9
2173	18 27 72 40
2174	2 89 8 23
2175	32 60 44 81
2176	42 38 77 23
2177	9 1 67 28
2178	74 50 13 10
2179	7 31 50 86
2180	12 91 73 29
2181	89 99 78 59
2182	11 73 89 33
2183	19 7 86 55
2184	2 5 62 72
2185	29 82 57 67
2186	28 31 95 86
2187	22 89 25 80
2188	75 92 2 24
2189	95 76 25 51
2190	64 85 92 15
2191	71 17 29 86
2192	83 84 90 57
2193	53 96 77 15
2194	15 2 71 86
2195	82 96 34 20
2196	36 50 63 99
2197	100 23 41 55
2198	76 28 86 57
2199	90 38 29 37
2200	87 8 41 19
2201	28 70 39 33
2202	89 48 74 33
2203	32 80 59 71
2204	19 90 75 3
2205	15 23 86 49
2206	35 97 36 54
2207	54 31 21 60
2208	59 86 80 74
2209	57 86 60 65
2210	61 33 14 79
2211	40 51 15 49
2212	90 61 1 16
2213	96 61 26 83
2214	27 70 73 56
2215	69 20 3 78
2216	21 70 92 34
2217	86 27 3 75
2218	70 77 42 20
2219	95 71 82 24
2220	44 67 98 95
2221	76 97 63 59
2222	37 26 16 90
2223	77 12 47 3
2224	53 44 93 13
2225	31 83 84 80
2226	48 97 77 4
2227	49 30 1 51
2228	80 4 5 73
2229	42 61 11 28
2230	41 2 7 8
2231	46 60 84 7
2232	47 41 93 87
2233	14 71 2 22
2234	35 29 85 25
2235	73 5 18 87
2236	16 45 64 6
2237	4 1 70 42
2238	56 77 60 22
2239	60 68 77 20
2240	51 71 90 37
2241	38 9 81 46
2242	78 61 37 49
2243	9 5 28 30
2244	52 9 100 57
2245	55 76 41 52
2246	87 21 10 1
2247	17 40 79 50
2248	45 81 49 67
2249	60 85 49 38
2250	53 92 21 35
2251	15 75 76 91
2252	85 3 40 54
2253	98 79 37 69
2254	12 95 31 75
2255	5 77 16 44
2256	50 70 69 16
2257	52 54 23 58
2258	8 10 56 46
2259	15 84 34 38
2260	35 24 15 48
2261	13 32 42 48
2262	62 57 28 52
2263	96 48 68 65
2264	29 83 99 16
2265	28 66 56 89
2266	11 21 12 57
2267	24 57 88 59
2268	62 48 67 22
2269	74 61 68 21
2270	6 52 99 9
2271	93 25 45 4
2272	72 6 60 38
2273	17 51 6 81
2274	50 71 62 17
2275	20 22 57 4
2276	69 88 8 10
2277	43 67 89 80
2278	41 10 4 25
2279	28 14 34 3
2280	96 81 58 99
2281	49 63 79 33
2282	72 13 84 78
2283	61 71 89 30
2284	33 17 96 37
2285	70 42 8 82
2286	30 22 65 97
2287	85 26 28 3
2288	70 38 24 30
2289	20 7 4 46
2290	74 65 61 97
2291	51 89 71 40
2292	69 28 88 59
2293	60 6 59 58
2294	94 97 2 33
2295	35 14 36 27
2296	52 79 71 40
2297	35 23 4 3
2298	93 10 16 23
2299	76 32 75 98
2300	66 29 87 37
2301	15 7 82 58
2302	40 13 93 76
2303	96 37 65 5
2304	63 83 30 34
2305	31 68 37 95
2306	68 73 93 24
2307	75 74 81 89
2308	32 92 65 18
2309	97 73 60 6
2310	49 27 1 42
2311	3 55 4 90
2312	60 78 77 26
2313	47 4 53 57
2314	46 37 49 100
2315	31 22 41 44
2316	99 2 1 54
2317	31 94 8 79
2318	27 46 51 77
2319	16 17 65 60
2320	90 30 8 37
2321	55 28 14 57
2322	99 34 23 40
2323	6 39 3 80
2324	44 45 14 36
2325	62 77 37 71
2326	90 10 96 67
2327	14 88 17 60
2328	96 97 34 13
2329	74 17 29 95
2330	91 73 19 56
2331	98 36 71 16
2332	82 100 20 60
2333	50 30 69 80
2334	30 28 33 65
2335	19 65 73 44
2336	2 13 20 17
2337	41 12 45 48
2338	50 52 58 60
2339	56 75 34 95
2340	67 70 76 4
2341	28 17 24 86
2342	4 27 9 79
2343	8 34 81 54
2344	48 36 37 43
2345	81 16 60 28
2346	93 4 55 26
2347	98 39 25 82
2348	67 13 50 85
2349	53 60 46 7
2350	54 71 67 61
2351	10 61 93 11
2352	19 69 12 10
2353	32 90 94 53
2354	22 57 83 95
2355	17 53 81 48
2356	15 79 2 20
2357	59 92 80 69
2358	91 14 99 90
2359	32 41 40 73
2360	51 32 76 54
2361	17 56 62 63
2362	21 8 4 67
2363	51 58 9 30
2364	62 52 57 23
2365	62 52 80 31
2366	25 67 26 5
2367	26 52 59 70
2368	22 38 14 2
2369	70 31 82 38
2370	82 75 22 27
2371	97 49 99 52
2372	56 79 74 20
2373	54 37 4 58
2374	26 78 10 67
2375	24 11 53 91
2376	52 75 40 61
2377	42 99 9 20
2378	30 1 39 52
2379	55 58 64 12
2380	27 94 89 48
2381	93 90 97 13
2382	89 44 74 70
2383	70 68 1 66
2384	47 44 86 58
2385	80 76 38 15
2386	90 21 65 96
2387	9 76 83 14
2388	91 28 30 99
2389	72 80 94 76
2390	31 96 12 55
2391	37 50 90 24
2392	95 16 41 87
2393	51 33 90 87
2394	2 51 27 32
2395	12 47 89 3
2396	30 86 85 17
2397	7 47 20 38
2398	37 1 54 98
2399	90 49 53 29
2400	3 20 24 80
2401	25 74 20 49
2402	54 16 10 26
2403	35 25 57 59
2404	65 78 66 2
2405	47 35 38 62
2406	8 45 97 77
2407	77 70 76 99
2408	41 17 18 97
2409	3 11 71 30
2410	86 35 22 93
2411	42 67 79 7
2412	11 71 67 54
2413	86 2 97 63
2414	73 29 96 45
2415	82 43 69 22
2416	54 23 94 69
2417	16 98 72 1
2418	23 41 33 39
2419	35 71 11 10
2420	61 95 31 100
2421	17 36 50 48
2422	9 10 66 2
2423	18 88 41 40
2424	83 1 90 63
2425	76 52 2 78
2426	93 100 42 89
2427	58 51 85 37
2428	88 35 58 15
2429	71 9 2 1
2430	95 17 5 7
2431	73 8 42 41
2432	11 3 41 99
2433	14 60 73 3
2434	5 86 95 65
2435	9 87 60 47
2436	18 40 13 43
2437	1 100 8 72
2438	62 15 52 12
2439	80 48 63 94
2440	72 28 65 57
2441	45 87 2 89
2442	15 31 4 16
2443	92 97 98 75
2444	59 74 90 92
2445	28 34 79 86
2446	60 92 65 13
2447	78 85 93 17
2448	78 41 47 97
2449	58 78 76 62
2450	31 68 34 12
2451	11 71 89 42
2452	37 39 24 64
2453	46 38 78 14
2454	66 14 1 37
2455	46 57 35 88
2456	78 83 40 90
2457	22 91 37 53
2458	15 68 62 78
2459	5 53 18 37
2460	6 51 14 57
2461	42 27 25 65
2462	59 78 75 93
2463	42 67 8 91
2464	78 82 85 40
2465	67 21 38 97
2466	1 45 100 57
2467	54 99 57 60
2468	82 65 45 42
2469	92 83 9 10
2470	56 45 76 69
2471	12 48 15 70
2472	94 91 5 61
2473	97 50 68 74
2474	25 11 8 67
2475	97 93 29 40
2476	60 54 2 64
2477	91 72 31 39
2478	2 74 24 92
2479	50 82 34 19
2480	39 13 9 98
2481	59 83 40 85
2482	75 43 52 28
2483	18 97 35 7
2484	20 25 47 69
2485	35 49 88 47
2486	58 81 45 44
2487	73 23 63 52
2488	17 61 25 4
2489	67 61 90 47
2490	89 26 54 73
2491	32 22 35 51
2492	76 79 80 42
2493	62 13 63 75
2494	8 11 93 52
2495	58 80 39 15
2496	61 62 86 3
2497	6 76 73 61
2498	83 68 51 66
2499	93 54 88 78
2500	51 66 95 43
2501	83 8 100 93
2502	42 56 1 6
2503	84 61 95 55
2504	35 93 12 42
2505	46 17 84 8
2506	89 88 16 70
2507	24 83 69 67
2508	53 17 41 2
2509	46 57 86 88
2510	8 41 99 19
2511	26 21 58 7
2512	59 79 45 96
2513	35 31 33 47
2514	88 53 66 15
2515	13 56 15 3
2516	69 51 46 73
2517	86 13 62 71
2518	69 49 33 16
2519	74 60 21 35
2520	29 90 42 84
2521	88 52 83 63
2522	99 37 46 41
2523	81 99 2 97
2524	8 32 24 28
2525	46 41 60 40
2526	7 31 17 92
2527	33 41 60 78
2528	28 7 95 76
2529	7 95 19 21
2530	52 15 57 55
2531	33 73 45 24
2532	91 71 79 73
2533	49 48 16 21
2534	5 95 23 17
2535	20 21 62 85
2536	70 83 29 94
2537	53 96 61 48
2538	14 65 29 81
2539	14 2 80 50
2540	77 43 71 67
2541	76 96 93 72
2542	5 13 97 82
2543	17 7 79 53
2544	40 44 73 57
2545	4 66 22 48
2546	76 77 95 17
2547	3 97 58 69
2548	83 100 93 19
2549	27 22 91 45
2550	71 46 80 48
2551	73 56 12 67
2552	36 9 31 21
2553	93 48 46 70
2554	96 2 81 94
2555	55 22 65 81
2556	92 70 72 37
2557	31 44 54 1
2558	66 31 33 98
2559	12 87 81 63
2560	13 10 5 62
2561	92 58 80 53
2562	5 97 86 85
2563	80 2 89 45
2564	59 32 91 88
2565	92 34 3 17
2566	60 73 65 79
2567	24 30 83 25
2568	44 36 54 58
2569	17 23 70 100
2570	68 6 25 69
2571	5 39 45 3
2572	48 79 74 68
2573	86 71 33 5
2574	80 99 45 30
2575	10 41 99 80
2576	38 90 6 40
2577	40 6 53 10
2578	89 65 25 3
2579	5 56 22 39
2580	64 88 10 91
2581	18 16 72 98
2582	9 67 54 74
2583	79 27 90 58
2584	19 57 13 1
2585	2 83 97 54
2586	51 95 82 24
2587	30 65 85 59
2588	27 37 48 80
2589	77 27 35 37
2590	61 43 5 34
2591	52 76 88 100
2592	9 1 39 15
2593	5 18 82 23
2594	83 68 17 93
2595	61 3 98 15
2596	9 50 93 78
2597	83 75 62 85
2598	27 56 36 20
2599	13 60 43 57
2600	17 5 40 91
2601	19 51 55 29
2602	66 21 10 2
2603	6 86 53 32
2604	61 10 48 7
2605	85 74 98 70
2606	82 89 41 7
2607	71 91 29 55
2608	3 15 46 18
2609	78 63 87 65
2610	62 91 38 9
2611	18 8 66 11
2612	15 11 63 92
2613	81 12 32 26
2614	21 6 59 12
2615	72 94 13 51
2616	47 100 41 54
2617	8 15 90 46
2618	48 12 88 8
2619	74 86 52 30
2620	56 44 16 37
2621	86 62 92 73
2622	5 8 99 86
2623	84 44 72 19
2624	99 93 66 41
2625	73 37 32 3
2626	17 51 19 42
2627	81 42 12 29
2628	82 93 29 32
2629	94 88 15 39
2630	50 32 42 79
2631	42 3 87 91
2632	21 10 54 62
2633	56 24 82 28
2634	96 15 90 29
2635	94 75 89 84
2636	70 19 99 13
2637	30 84 78 32
2638	56 75 34 36
2639	50 26 29 74
2640	20 24 83 43
2641	32 10 97 90
2642	32 86 48 79
2643	25 37 2 68
2644	93 57 38 76
2645	56 35 84 94
2646	69 61 7 11
2647	15 90 59 3
2648	98 41 85 76
2649	1 66 5 98
2650	18 75 14 41
2651	88 56 99 5
2652	24 3 23 90
2653	6 19 4 31
2654	12 56 27 88
2655	99 34 35 13
2656	78 69 19 58
2657	82 30 7 87
2658	71 97 95 76
2659	60 9 81 29
2660	3 87 30 16
2661	95 57 50 10
2662	95 29 41 61
2663	94 18 68 49
2664	23 52 89 46
2665	53 36 30 93
2666	92 74 59 100
2667	81 42 93 98
2668	9 31 48 54
2669	94 74 19 49
2670	49 92 6 64
2671	70 52 46 68
2672	13 54 65 75
2673	72 79 73 71
2674	2 18 49 58
2675	97 17 11 78
2676	36 100 80 16
2677	24 71 29 11
2678	90 71 100 15
2679	53 45 47 44
2680	54 82 31 46
2681	34 49 16 84
2682	44 58 20 8
2683	84 43 86 34
2684	57 44 21 53
2685	33 77 45 40
2686	70 53 47 39
2687	12 27 94 22
2688	58 4 43 40
2689	17 21 97 28
2690	87 37 7 64
2691	37 34 62 2
2692	84 14 32 3
2693	89 23 90 95
2694	59 47 69 44
2695	3 60 39 62
2696	99 70 90 98
2697	26 22 50 29
2698	33 88 82 75
2699	82 94 99 29
2700	57 99 27 29
2701	96 81 4 43
2702	6 63 20 51
2703	94 45 48 24
2704	91 16 39 54
2705	96 21 15 27
2706	52 85 99 67
2707	34 73 63 61
2708	33 6 79 87
2709	92 11 70 47
2710	83 38 44 17
2711	57 18 60 74
2712	86 45 76 70
2713	25 63 72 87
2714	7 1 84 27
2715	40 100 92 68
2716	77 33 32 52
2717	94 21 14 17
2718	59 57 6 32
2719	83 40 16 54
2720	13 3 96 34
2721	44 49 50 10
2722	24 72 30 13
2723	31 54 62 5
2724	24 43 81 46
2725	7 1 5 62
2726	65 95 100 49
2727	15 19 14 23
2728	37 55 25 11
2729	66 74 10 28
2730	68 57 11 33
2731	90 32 88 83
2732	88 98 21 23
2733	41 48 64 92
2734	49 80 19 94
2735	70 99 9 88
2736	58 80 32 96
2737	24 11 63 32
2738	89 2 60 31
2739	21 89 84 4
2740	73 77 68 96
2741	97 66 95 88
2742	22 92 17 6
2743	56 91 71 92
2744	24 4 81 17
2745	32 72 63 41
2746	93 69 24 75
2747	41 73 42 16
2748	14 73 98 1
2749	3 26 79 35
2750	70 21 8 62
2751	16 54 28 76
2752	51 34 53 94
2753	100 93 4 22
2754	93 54 46 90
2755	61 39 90 59
2756	63 58 42 87
2757	3 48 10 87
2758	52 79 24 47
2759	60 58 86 94
2760	23 40 4 64
2761	3 71 32 83
2762	89 17 93 70
2763	34 30 17 2
2764	34 7 10 12
2765	27 79 19 44
2766	26 87 45 31
2767	25 31 73 67
2768	60 43 90 87
2769	69 17 11 67
2770	56 10 100 35
2771	95 12 60 61
2772	56 24 91 74
2773	24 49 91 55
2774	59 70 17 6
2775	93 2 92 94
2776	38 61 17 10
2777	95 50 29 31
2778	25 83 33 65
2779	72 37 73 54
2780	81 30 64 5
2781	60 42 10 83
2782	42 63 52 55
2783	37 49 83 97
2784	72 1 31 38
2785	63 66 46 53
2786	69 48 53 47
2787	84 11 37 78
2788	27 58 39 7
2789	93 38 9 8
2790	54 78 46 57
2791	73 93 5 31
2792	64 26 29 60
2793	9 84 87 78
2794	91 51 30 63
2795	70 85 87 67
2796	63 40 61 73
2797	60 16 83 78
2798	48 79 67 23
2799	11 28 61 62
2800	53 31 9 13
2801	61 52 72 67
2802	62 45 28 15
2803	61 2 45 53
2804	39 8 32 2
2805	14 90 87 20
2806	70 42 49 74
2807	80 53 46 81
2808	42 60 76 88
2809	4 1 3 2
2810	26 42 1 87
2811	26 83 89 39
2812	29 3 11 69
2813	90 85 40 83
2814	20 23 89 62
2815	33 8 41 2
2816	48 57 44 39
2817	69 11 100 24
2818	15 57 1 93
2819	61 77 83 75
2820	100 22 30 39
2821	12 44 8 31
2822	45 34 86 11
2823	1 91 68 7
2824	81 86 49 67
2825	17 35 50 47
2826	81 47 19 37
2827	29 25 75 65
2828	67 86 41 91
2829	12 8 51 37
2830	85 51 40 6
2831	80 38 41 86
2832	50 76 85 58
2833	39 34 29 48
2834	6 41 87 13
2835	62 25 69 49
2836	54 77 56 5
2837	14 70 28 61
2838	55 72 94 29
2839	1 54 62 87
2840	22 62 49 63
2841	75 41 32 24
2842	57 58 88 21
2843	47 53 82 75
2844	10 70 61 21
2845	49 34 77 96
2846	82 40 100 79
2847	25 56 32 77
2848	53 98 57 86
2849	39 28 35 80
2850	78 97 20 2
2851	48 56 32 59
2852	74 1 52 34
2853	68 5 23 10
2854	60 78 63 15
2855	80 47 6 30
2856	64 80 41 15
2857	61 75 7 93
2858	38 5 13 93
2859	25 89 60 71
2860	61 53 7 3
2861	11 24 25 86
2862	26 59 92 66
2863	94 32 5 89
2864	100 24 95 17
2865	54 86 58 33
2866	67 21 24 46
2867	59 53 17 29
2868	42 64 89 69
2869	37 4 100 29
2870	17 73 76 44
2871	37 58 32 40
2872	92 18 16 25
2873	76 41 100 5
2874	81 82 78 75
2875	54 26 38 79
2876	53 66 65 83
2877	28 43 83 39
2878	2 39 61 64
2879	84 20 10 89
2880	78 15 9 1
2881	28 74 78 33
2882	28 2 67 9
2883	76 89 86 95
2884	20 7 53 23
2885	56 75 95 24
2886	18 76 53 92
2887	21 95 94 86
2888	71 46 5 12
2889	42 6 62 35
2890	51 76 37 86
2891	46 54 40 47
2892	24 49 17 72
2893	91 31 61 51
2894	10 48 33 5
2895	82 5 14 18
2896	16 11 40 96
2897	32 68 57 40
2898	41 70 8 23
2899	87 73 62 78
2900	99 23 62 5
2901	81 97 52 5
2902	44 41 24 31
2903	25 23 62 60
2904	55 59 35 90
2905	60 11 27 82
2906	64 58 10 25
2907	22 6 40 46
2908	84 17 60 44
2909	79 57 99 9
2910	58 3 85 68
2911	8 56 61 66
2912	63 10 98 1
2913	43 70 30 27
2914	48 70 100 95
2915	17 69 91 59
2916	90 52 12 66
2917	21 12 16 32
2918	68 16 20 44
2919	32 87 65 85
2920	90 43 29 14
2921	29 41 18 70
2922	22 64 76 41
2923	13 25 39 3
2924	24 91 75 54
2925	96 27 86 34
2926	5 17 31 87
2927	83 54 8 2
2928	80 9 29 2
2929	37 7 2 55
2930	85 84 72 70
2931	48 79 21 87
2932	8 35 51 1
2933	26 55 28 75
2934	41 84 93 75
2935	94 97 73 52
2936	94 12 67 40
2937	10 48 18 22
2938	88 41 28 49
2939	24 22 8 98
2940	78 74 18 51
2941	58 26 47 43
2942	33 80 59 39
2943	30 22 36 17
2944	86 76 80 55
2945	19 95 3 66
2946	80 52 25 92
2947	85 82 62 24
2948	11 57 38 77
2949	33 29 50 100
2950	100 26 53 78
2951	97 40 71 33
2952	11 84 57 67
2953	66 86 29 11
2954	90 37 1 47
2955	64 53 4 13
2956	27 84 45 73
2957	76 1 81 23
2958	2 80 45 17
2959	79 28 92 43
2960	41 67 72 85
2961	28 99 4 87
2962	95 49 80 26
2963	65 59 8 91
2964	34 86 28 82
2965	50 47 38 46
2966	4 36 8 9
2967	55 91 83 6
2968	19 86 21 63
2969	80 12 89 98
2970	1 25 7 92
2971	72 82 99 59
2972	60 83 67 35
2973	36 67 62 56
2974	24 86 87 30
2975	60 26 25 82
2976	56 50 48 58
2977	66 77 87 56
2978	11 28 39 89
2979	5 91 73 55
2980	40 21 86 74
2981	100 49 66 25
2982	19 76 13 63
2983	96 54 90 76
2984	40 64 42 50
2985	77 28 83 22
2986	37 85 94 70
2987	4 76 27 65
2988	74 96 75 84
2989	45 30 40 37
2990	24 1 75 30
2991	67 57 91 35
2992	67 82 78 22
2993	62 76 54 84
2994	29 50 48 70
2995	32 56 48 39
2996	55 95 44 22
2997	57 17 65 78
2998	7 69 64 37
2999	65 86 6 81
3000	90 93 62 12
3001	38 19 85 76
3002	27 5 56 28
3003	51 61 30 59
3004	70 39 98 61
3005	36 13 73 89
3006	48 58 33 91
3007	13 39 34 95
3008	5 58 2 14
3009	95 59 96 39
3010	45 56 62 38
3011	27 99 84 5
3012	86 35 51 58
3013	41 74 25 15
3014	14 72 79 57
3015	45 10 99 95
3016	36 69 2 11
3017	4 7 68 44
3018	91 39 11 38
3019	30 20 51 9
3020	43 53 20 60
3021	63 84 35 89
3022	60 9 88 29
3023	62 56 85 47
3024	5 44 21 79
3025	33 10 40 26
3026	65 87 96 6
3027	22 39 49 41
3028	11 34 82 49
3029	56 99 90 30
3030	15 55 38 8
3031	39 1 88 50
3032	99 98 85 35
3033	74 96 43 28
3034	65 96 22 72
3035	4 55 44 87
3036	97 100 69 99
3037	64 99 57 72
3038	82 74 71 61
3039	29 90 52 37
3040	16 54 72 33
3041	88 54 79 49
3042	61 65 6 97
3043	18 26 73 29
3044	93 50 28 13
3045	22 96 70 40
3046	10 71 64 49
3047	57 86 24 41
3048	100 6 87 60
3049	69 5 16 28
3050	17 67 13 8
3051	65 35 52 21
3052	35 27 12 71
3053	93 26 72 37
3054	1 68 40 34
3055	44 51 23 7
3056	55 58 48 89
3057	45 22 8 84
3058	81 95 34 27
3059	34 36 87 50
3060	80 63 34 44
3061	21 9 90 53
3062	75 47 33 56
3063	68 69 11 50
3064	13 28 89 54
3065	5 32 55 12
3066	56 7 44 15
3067	10 82 33 94
3068	87 49 13 46
3069	29 95 96 13
3070	74 62 83 30
3071	21 71 56 68
3072	17 28 22 84
3073	84 53 10 96
3074	5 37 17 51
3075	96 90 2 23
3076	46 35 30 23
3077	92 84 46 37
3078	96 69 93 63
3079	59 31 38 54
3080	78 73 95 8
3081	54 51 4 73
3082	42 31 90 100
3083	49 28 72 38
3084	28 95 78 57
3085	97 57 61 25
3086	65 46 63 14
3087	98 72 65 26
3088	12 91 36 65
3089	90 22 45 99
3090	75 78 69 95
3091	83 18 34 5
3092	47 43 75 71
3093	72 60 83 11
3094	31 98 22 32
3095	80 31 3 73
3096	47 62 69 51
3097	50 25 45 64
3098	3 42 14 37
3099	100 44 22 27
3100	100 77 92 13
3101	22 5 16 49
3102	87 9 29 77
3103	97 24 41 45
3104	91 95 46 67
3105	95 80 26 63
3106	81 97 60 21
3107	41 58 74 49
3108	77 30 80 98
3109	57 31 64 62
3110	25 91 49 53
3111	100 31 92 1
3112	17 90 65 11
3113	11 26 14 10
3114	95 67 41 97
3115	38 35 67 6
3116	75 18 64 6
3117	69 1 28 98
3118	37 100 1 65
3119	88 48 64 61
3120	65 17 34 86
3121	95 76 83 40
3122	84 54 22 100
3123	17 29 75 5
3124	59 53 23 6
3125	3 10 65 36
3126	73 12 16 28
3127	8 28 74 30
3128	10 13 48 14
3129	93 86 84 19
3130	66 59 77 71
3131	71 21 60 87
3132	56 73 79 47
3133	14 86 78 97
3134	100 56 53 16
3135	62 24 17 6
3136	74 98 54 59
3137	81 89 86 42
3138	12 75 76 27
3139	86 46 15 96
3140	29 76 31 25
3141	83 73 65 96
3142	33 66 37 77
3143	79 14 6 30
3144	60 7 33 59
3145	53 12 94 33
3146	94 8 47 21
3147	54 74 60 73
3148	63 1 53 40
3149	57 99 20 53
3150	54 43 4 80
3151	50 5 58 53
3152	58 52 68 9
3153	30 55 85 53
3154	6 94 71 72
3155	46 21 88 14
3156	25 98 45 10
3157	94 72 55 35
3158	14 54 69 28
3159	59 81 95 17
3160	65 87 5 51
3161	97 36 56 100
3162	45 75 98 17
3163	81 66 76 50
3164	30 66 79 100
3165	34 93 67 22
3166	3 8 76 13
3167	66 32 90 41
3168	33 69 43 90
3169	24 39 40 72
3170	72 20 90 77
3171	1 67 88 77
3172	33 23 76 89
3173	97 51 52 67
3174	38 100 82 44
3175	1 14 40 6
3176	88 46 47 27
3177	11 71 19 37
3178	21 80 96 8
3179	99 7 5 16
3180	32 30 61 18
3181	6 36 18 12
3182	75 26 69 7
3183	88 2 95 36
3184	69 2 36 82
3185	82 67 26 40
3186	60 75 9 19
3187	21 76 84 90
3188	42 47 38 30
3189	86 84 18 45
3190	63 47 50 18
3191	73 41 32 28
3192	16 84 4 83
3193	100 8 68 55
3194	71 96 59 9
3195	7 46 4 75
3196	39 22 66 59
3197	44 87 99 38
3198	18 14 37 92
3199	83 56 15 29
3200	80 8 71 93
3201	56 20 88 92
3202	95 80 43 92
3203	77 12 28 76
3204	100 69 57 45
3205	88 66 7 75
3206	59 4 25 48
3207	21 30 72 56
3208	98 7 35 71
3209	66 99 57 60
3210	68 57 7 12
3211	10 35 34 14
3212	38 49 10 33
3213	11 5 87 51
3214	18 69 14 39
3215	66 34 44 10
3216	12 81 43 60
3217	75 26 28 93
3218	7 89 56 86
3219	36 44 14 50
3220	36 5 39 71
3221	94 61 45 49
3222	44 73 21 58
3223	57 38 79 62
3224	26 38 58 75
3225	40 1 7 17
3226	9 89 99 42
3227	2 23 47 100
3228	88 81 100 82
3229	39 7 34 98
3230	38 45 92 64
3231	85 16 58 31
3232	88 94 61 22
3233	5 30 48 84
3234	41 79 37 56
3235	48 39 18 47
3236	18 65 48 44
3237	54 36 40 71
3238	39 29 98 80
3239	52 3 68 37
3240	69 37 52 35
3241	56 61 97 77
3242	31 57 33 7
3243	10 80 73 15
3244	36 47 19 26
3245	50 10 8 11
3246	75 81 17 35
3247	17 59 79 82
3248	10 19 85 4
3249	30 97 82 32
3250	11 93 41 66
3251	91 37 56 69
3252	34 25 33 40
3253	2 3 39 8
3254	49 52 44 86
3255	20 75 39 73
3256	22 99 6 36
3257	78 62 60 99
3258	87 18 2 99
3259	35 13 7 66
3260	62 40 42 88
3261	29 21 45 26
3262	58 6 47 74
3263	56 33 98 97
3264	18 36 91 63
3265	66 1 26 49
3266	53 97 45 69
3267	61 27 55 97
3268	83 14 34 91
3269	5 19 16 13
3270	54 3 36 25
3271	48 87 86 71
3272	8 63 40 67
3273	9 30 31 21
3274	63 69 82 98
3275	12 100 92 74
3276	18 62 39 88
3277	80 1 9 94
3278	75 70 8 7
3279	91 24 76 97
3280	44 20 80 42
3281	7 52 85 72
3282	72 31 89 32
3283	57 29 71 27
3284	58 99 12 43
3285	86 72 8 91
3286	30 16 45 25
3287	50 44 69 79
3288	83 70 61 63
3289	98 91 78 81
3290	30 11 81 4
3291	14 10 69 74
3292	43 75 95 33
3293	94 5 65 80
3294	18 23 94 57
3295	14 8 37 83
3296	57 49 44 5
3297	23 85 27 22
3298	44 8 85 90
3299	6 54 11 5
3300	87 13 55 61
3301	69 67 70 87
3302	21 38 33 11
3303	50 88 49 68
3304	69 44 50 19
3305	96 6 51 62
3306	31 1 91 77
3307	36 76 83 33
3308	62 70 82 66
3309	95 72 17 48
3310	89 95 72 42
3311	73 61 41 33
3312	3 32 20 30
3313	99 2 47 4
3314	28 54 69 44
3315	91 31 51 33
3316	5 79 47 93
3317	14 73 5 95
3318	19 46 42 38
3319	81 89 40 66
3320	66 88 94 31
3321	27 51 2 5
3322	49 97 59 54
3323	58 18 48 59
3324	22 53 78 73
3325	99 29 64 69
3326	5 92 28 16
3327	76 91 15 32
3328	39 54 68 16
3329	69 72 41 21
3330	36 95 27 19
3331	14 20 25 10
3332	28 25 47 84
3333	21 15 58 60
3334	4 84 2 54
3335	30 99 2 54
3336	10 82 63 84
3337	93 67 40 50
3338	55 52 38 30
3339	90 34 27 91
3340	48 97 26 70
3341	18 48 14 4
3342	37 3 23 58
3343	71 13 25 87
3344	65 98 1 7
3345	67 21 85 55
3346	69 55 83 7
3347	98 65 2 24
3348	80 74 51 16
3349	79 35 24 46
3350	29 27 2 86
3351	44 47 1 2
3352	1 80 18 65
3353	40 5 60 28
3354	39 29 77 36
3355	36 84 67 74
3356	87 37 45 96
3357	67 94 33 52
3358	50 15 14 45
3359	2 93 28 91
3360	28 70 60 88
3361	52 96 22 5
3362	94 33 57 83
3363	20 7 53 1
3364	97 55 76 69
3365	8 24 99 20
3366	8 34 60 62
3367	50 43 32 62
3368	94 43 27 98
3369	29 8 45 64
3370	45 9 4 100
3371	7 33 99 25
3372	79 89 21 87
3373	98 76 14 60
3374	50 95 46 99
3375	63 96 29 11
3376	90 93 42 16
3377	82 1 27 12
3378	44 60 53 62
3379	78 57 73 6
3380	8 19 25 37
3381	78 6 38 31
3382	45 51 92 96
3383	3 10 51 13
3384	41 95 72 29
3385	74 11 84 44
3386	72 66 79 64
3387	58 40 89 33
3388	65 42 76 99
3389	12 80 17 78
3390	34 47 40 69
3391	7 44 99 100
3392	83 54 77 80
3393	53 99 13 95
3394	78 27 80 72
3395	97 71 37 42
3396	87 64 57 81
3397	98 1 100 75
3398	57 96 10 15
3399	53 62 90 42
3400	61 10 17 39
3401	96 16 15 45
3402	96 22 89 87
3403	41 97 77 94
3404	65 90 12 52
3405	78 100 59 73
3406	8 79 76 7
3407	88 52 62 90
3408	62 39 58 36
3409	50 14 9 79
3410	72 100 73 80
3411	37 46 38 26
3412	85 3 18 66
3413	69 27 62 8
3414	62 41 83 88
3415	19 47 4 10
3416	5 8 63 40
3417	90 89 30 65
3418	23 75 83 28
3419	89 23 90 47
3420	98 46 49 70
3421	33 29 4 68
3422	32 78 100 53
3423	84 86 12 46
3424	40 64 75 65
3425	2 73 72 93
3426	92 1 34 88
3427	92 43 29 67
3428	23 6 69 32
3429	76 57 59 90
3430	17 99 23 15
3431	98 93 47 69
3432	69 68 20 72
3433	67 36 11 61
3434	90 36 12 13
3435	11 20 27 48
3436	8 21 98 62
3437	57 23 7 75
3438	79 80 13 89
3439	1 99 34 88
3440	88 95 42 19
3441	85 38 58 68
3442	28 30 61 98
3443	8 4 81 38
3444	22 63 69 10
3445	78 62 73 84
3446	22 83 31 61
3447	90 30 24 10
3448	11 92 80 48
3449	28 15 85 36
3450	55 5 89 60
3451	85 35 54 30
3452	27 20 97 79
3453	30 67 7 29
3454	56 61 67 79
3455	23 19 54 41
3456	68 32 24 35
3457	73 8 45 58
3458	29 88 24 8
3459	21 97 70 51
3460	98 38 13 83
3461	80 24 83 92
3462	85 25 37 11
3463	32 11 4 60
3464	33 62 80 90
3465	38 75 10 90
3466	91 29 24 36
3467	37 81 43 34
3468	36 99 15 81
3469	61 53 70 18
3470	64 44 12 19
3471	2 21 80 89
3472	21 14 67 72
3473	74 76 35 63
3474	74 98 81 93
3475	38 37 77 13
3476	99 74 92 91
3477	17 50 47 57
3478	36 51 63 32
3479	40 100 98 31
3480	7 35 17 22
3481	11 88 80 63
3482	16 14 71 67
3483	82 63 97 2
3484	90 39 47 46
3485	24 87 2 90
3486	77 10 82 64
3487	3 56 31 100
3488	45 85 2 50
3489	27 94 58 22
3490	19 56 8 50
3491	19 82 64 1
3492	46 73 91 32
3493	55 5 85 100
3494	25 82 24 29
3495	23 100 49 11
3496	98 53 44 32
3497	73 95 46 78
3498	95 7 42 21
3499	74 61 19 76
3500	94 4 47 55
3501	40 56 36 22
3502	56 33 9 89
3503	46 25 73 75
3504	71 19 1 14
3505	49 69 76 63
3506	1 85 11 2
3507	74 11 49 8
3508	4 58 54 96
3509	10 26 81 77
3510	10 26 32 41
3511	31 76 92 66
3512	60 63 44 22
3513	78 68 53 44
3514	32 85 29 11
3515	14 42 96 13
3516	37 21 67 33
3517	94 46 56 67
3518	71 27 91 50
3519	18 50 17 5
3520	17 53 73 38
3521	86 64 51 93
3522	28 55 31 29
3523	5 29 87 86
3524	61 100 16 7
3525	53 51 28 100
3526	72 94 52 43
3527	55 56 38 58
3528	17 75 60 15
3529	99 6 71 44
3530	47 100 11 93
3531	44 93 37 79
3532	42 35 22 54
3533	69 93 44 70
3534	84 17 88 69
3535	59 28 27 64
3536	90 52 2 95
3537	87 1 53 54
3538	33 11 7 32
3539	42 29 49 85
3540	1 89 50 47
3541	11 5 14 6
3542	19 70 86 67
3543	99 64 90 16
3544	28 12 30 73
3545	65 91 59 50
3546	91 44 84 46
3547	30 59 79 52
3548	45 92 12 36
3549	88 21 26 84
3550	29 49 81 42
3551	62 100 25 87
3552	55 72 1 88
3553	23 73 39 62
3554	18 83 21 54
3555	91 90 85 68
3556	81 19 61 41
3557	48 59 69 63
3558	99 13 92 58
3559	67 21 84 25
3560	99 74 19 69
3561	3 18 23 26
3562	69 30 26 82
3563	73 32 53 65
3564	65 42 30 70
3565	35 14 94 87
3566	85 37 77 87
3567	48 20 6 30
3568	56 25 10 13
3569	35 1 65 92
3570	63 46 25 28
3571	26 81 14 44
3572	50 38 92 43
3573	3 54 66 41
3574	46 8 20 63
3575	43 54 7 64
3576	14 3 89 27
3577	31 30 81 36
3578	9 39 31 26
3579	26 7 15 73
3580	88 32 50 51
3581	11 64 45 8
3582	67 17 46 8
3583	84 100 29 99
3584	29 41 8 40
3585	57 18 29 92
3586	28 63 88 10
3587	8 49 51 74
3588	85 58 76 95
3589	54 93 64 72
3590	55 76 23 21
3591	82 29 17 55
3592	92 69 71 4
3593	18 96 66 44
3594	89 32 73 16
3595	95 80 7 72
3596	78 14 33 34
3597	40 94 12 21
3598	45 18 71 55
3599	43 41 45 49
3600	1 26 19 64
3601	61 33 36 16
3602	19 75 51 22
3603	24 30 49 4
3604	36 54 93 42
3605	91 35 69 48
3606	74 20 47 84
3607	66 11 92 19
3608	59 93 96 64
3609	94 25 17 78
3610	54 77 86 28
3611	24 20 1 14
3612	79 14 87 4
3613	50 44 37 65
3614	87 6 82 42
3615	76 72 100 83
3616	5 60 59 32
3617	48 2 34 59
3618	63 21 18 56
3619	68 73 91 89
3620	57 51 34 83
3621	60 91 8 42
3622	33 79 73 97
3623	100 48 16 62
3624	1 19 83 100
3625	52 97 29 67
3626	88 32 21 66
3627	28 83 49 64
3628	32 75 66 13
3629	100 2 23 25
3630	5 41 32 78
3631	81 73 60 53
3632	1 79 22 68
3633	94 38 99 59
3634	12 93 28 49
3635	91 71 41 31
3636	5 81 67 22
3637	18 46 83 15
3638	95 35 38 55
3639	56 79 35 43
3640	17 56 12 46
3641	86 81 53 5
3642	41 31 95 66
3643	37 5 84 24
3644	83 46 49 94
3645	51 58 33 78
3646	11 24 85 95
3647	54 24 49 25
3648	84 9 71 18
3649	50 74 92 17
3650	73 54 2 99
3651	85 20 43 1
3652	55 11 3 89
3653	75 54 87 34
3654	88 87 10 4
3655	64 12 35 60
3656	89 14 3 69
3657	60 62 5 1
3658	37 54 69 36
3659	90 100 69 33
3660	48 92 39 5
3661	19 90 85 93
3662	7 93 67 1
3663	47 78 18 98
3664	84 27 79 39
3665	38 67 54 93
3666	89 31 86 58
3667	11 54 79 31
3668	93 53 37 99
3669	53 64 29 84
3670	10 2 80 25
3671	61 91 22 15
3672	67 90 79 24
3673	12 56 79 7
3674	31 72 25 13
3675	29 94 30 35
3676	57 76 66 46
3677	86 57 30 13
3678	38 71 91 77
3679	33 39 14 75
3680	56 38 90 7
3681	78 18 54 49
3682	71 61 81 51
3683	46 54 9 60
3684	39 21 24 2
3685	85 12 56 14
3686	11 1 98 81
3687	37 28 41 86
3688	46 33 65 29
3689	66 33 94 6
3690	45 38 66 95
3691	44 93 25 81
3692	43 4 42 99
3693	85 35 86 59
3694	80 64 86 81
3695	6 64 53 19
3696	50 81 29 98
3697	90 8 47 9
3698	88 69 91 29
3699	19 87 82 43
3700	75 43 82 32
3701	93 89 22 34
3702	54 66 31 51
3703	23 94 31 60
3704	43 51 59 21
3705	67 51 34 57
3706	52 60 48 11
3707	89 58 65 97
3708	53 16 28 1
3709	86 34 49 58
3710	91 67 93 33
3711	26 87 60 71
3712	53 26 41 42
3713	19 44 40 2
3714	61 53 49 98
3715	41 75 11 82
3716	83 6 9 78
3717	4 34 90 46
3718	66 21 22 17
3719	17 78 99 80
3720	19 92 55 78
3721	15 56 81 32
3722	7 83 57 1
3723	28 42 97 19
3724	32 81 1 51
3725	98 37 74 65
3726	63 3 92 51
3727	24 57 92 4
3728	59 46 65 41
3729	19 77 55 31
3730	2 74 82 10
3731	2 77 48 49
3732	64 100 10 71
3733	15 55 69 54
3734	25 47 36 43
3735	97 3 54 12
3736	61 48 99 5
3737	15 48 19 43
3738	7 31 83 87
3739	43 83 69 62
3740	95 9 19 6
3741	12 98 49 15
3742	11 91 100 24
3743	99 13 94 7
3744	16 92 19 32
3745	69 14 92 12
3746	73 40 51 55
3747	70 5 90 43
3748	31 25 85 69
3749	48 84 37 97
3750	62 91 41 75
3751	69 64 39 72
3752	92 96 22 17
3753	53 72 68 8
3754	18 42 100 48
3755	44 71 17 65
3756	3 7 21 46
3757	1 80 20 54
3758	18 91 33 38
3759	64 62 33 59
3760	30 31 17 86
3761	29 10 46 45
3762	28 7 13 49
3763	34 52 57 16
3764	67 37 62 23
3765	33 57 8 16
3766	28 14 5 75
3767	81 43 24 90
3768	83 24 77 6
3769	85 13 23 38
3770	51 35 75 45
3771	19 79 45 61
3772	53 92 65 62
3773	31 38 61 24
3774	58 6 47 45
3775	14 49 20 90
3776	19 8 66 49
3777	35 57 75 87
3778	41 61 57 44
3779	40 36 97 73
3780	21 50 42 77
3781	61 12 8 88
3782	48 21 79 97
3783	5 51 91 62
3784	6 3 98 81
3785	34 38 48 51
3786	39 3 84 80
3787	100 46 21 23
3788	91 38 52 62
3789	9 54 3 86
3790	32 71 87 38
3791	28 54 70 12
3792	17 67 60 22
3793	76 1 36 23
3794	89 77 32 30
3795	64 12 2 61
3796	64 23 78 85
3797	24 90 69 77
3798	49 66 51 61
3799	29 100 83 6
3800	27 96 89 39
3801	8 55 82 91
3802	27 96 82 77
3803	42 82 13 75
3804	69 17 20 77
3805	72 75 37 42
3806	65 94 76 15
3807	69 83 42 3
3808	61 27 71 60
3809	74 21 5 31
3810	19 85 40 26
3811	81 12 29 48
3812	96 45 43 18
3813	17 55 89 99
3814	7 37 84 27
3815	81 10 79 8
3816	38 39 11 70
3817	93 81 49 25
3818	67 13 88 54
3819	74 17 48 68
3820	26 62 5 27
3821	77 14 87 20
3822	90 33 92 2
3823	84 46 20 38
3824	61 96 76 7
3825	49 35 46 94
3826	23 79 71 87
3827	46 32 80 52
3828	34 35 75 82
3829	18 40 27 91
3830	73 100 66 72
3831	15 96 48 33
3832	88 79 58 20
3833	67 95 30 93
3834	48 98 67 32
3835	86 26 45 58
3836	3 40 21 64
3837	68 72 54 99
3838	100 73 45 12
3839	76 3 69 57
3840	64 6 30 99
3841	85 45 16 87
3842	49 87 46 55
3843	35 41 13 10
3844	29 81 84 37
3845	44 5 94 55
3846	76 96 86 19
3847	12 73 17 97
3848	83 86 49 99
3849	80 13 68 91
3850	19 67 58 40
3851	45 20 18 35
3852	7 53 20 13
3853	59 68 1 22
3854	19 53 4 44
3855	26 29 11 85
3856	37 97 10 5
3857	51 2 53 81
3858	17 87 94 38
3859	85 22 79 17
3860	44 9 8 24
3861	91 52 15 80
3862	78 38 57 59
3863	92 88 27 43
3864	14 48 43 10
3865	77 3 51 16
3866	77 25 8 38
3867	76 12 78 57
3868	90 20 94 92
3869	25 16 74 19
3870	71 30 53 77
3871	4 61 72 91
3872	53 83 97 73
3873	17 78 58 26
3874	50 12 66 92
3875	18 2 8 22
3876	82 34 94 51
3877	12 29 96 44
3878	42 66 81 25
3879	52 87 94 6
3880	36 95 86 46
3881	68 49 12 8
3882	50 34 32 54
3883	76 23 98 22
3884	12 50 22 81
3885	26 32 51 13
3886	87 82 22 28
3887	27 4 10 89
3888	65 15 18 19
3889	12 44 94 57
3890	73 49 94 55
3891	52 73 43 67
3892	25 34 16 62
3893	38 6 48 83
3894	61 93 92 44
3895	62 70 34 19
3896	17 90 21 19
3897	79 48 60 86
3898	43 24 99 100
3899	100 93 18 10
3900	64 12 8 79
3901	78 26 54 70
3902	14 29 59 55
3903	14 21 35 68
3904	87 47 45 29
3905	48 55 3 87
3906	74 29 50 30
3907	35 39 74 33
3908	51 24 91 99
3909	53 34 100 81
3910	28 100 92 87
3911	38 17 1 29
3912	84 100 47 7
3913	33 51 48 8
3914	91 21 94 11
3915	3 28 47 60
3916	34 97 15 69
3917	36 5 25 83
3918	12 84 85 16
3919	24 73 51 12
3920	25 82 60 24
3921	39 45 16 49
3922	1 70 23 97
3923	95 96 86 27
3924	59 66 67 92
3925	94 11 24 87
3926	12 7 44 59
3927	18 14 37 86
3928	91 46 55 26
3929	24 76 10 18
3930	10 50 38 52
3931	95 29 24 4
3932	53 69 95 55
3933	1 21 96 31
3934	86 50 35 72
3935	91 95 57 77
3936	12 77 5 73
3937	10 5 8 43
3938	47 29 78 61
3939	6 7 66 80
3940	62 85 51 53
3941	46 66 93 30
3942	10 77 55 17
3943	85 17 8 32
3944	47 86 53 98
3945	18 6 99 60
3946	5 40 99 53
3947	78 60 31 71
3948	73 99 69 85
3949	51 83 43 4
3950	30 26 36 99
3951	15 81 18 50
3952	28 23 88 80
3953	97 83 48 86
3954	85 13 25 2
3955	21 90 20 53
3956	52 97 30 39
3957	13 23 14 88
3958	38 1 13 77
3959	27 58 38 5
3960	15 28 11 14
3961	83 89 65 62
3962	6 15 20 74
3963	94 43 86 52
3964	47 54 24 61
3965	83 66 44 2
3966	25 49 61 16
3967	17 96 28 99
3968	72 54 92 93
3969	38 80 49 56
3970	79 90 88 29
3971	49 39 58 48
3972	57 83 48 93
3973	32 24 65 95
3974	28 35 91 75
3975	54 35 91 20
3976	53 40 23 59
3977	48 3 65 68
3978	22 30 95 54
3979	32 47 53 57
3980	29 22 44 60
3981	95 49 32 61
3982	25 45 23 80
3983	31 87 48 57
3984	47 63 7 27
3985	73 74 60 33
3986	38 47 29 97
3987	28 70 67 57
3988	82 88 3 21
3989	33 26 58 68
3990	88 90 52 11
3991	1 78 41 90
3992	1 2 78 90
3993	3 95 82 64
3994	61 49 12 96
3995	85 90 84 9
3996	66 43 38 83
3997	62 54 97 98
3998	73 78 70 22
3999	81 35 82 40
4000	56 62 13 72
4001	35 67 4 83
4002	45 8 91 1
4003	56 1 17 61
4004	73 76 60 36
4005	33 78 34 46
4006	36 50 85 14
4007	99 16 50 41
4008	70 92 50 11
4009	100 33 18 93
4010	51 95 2 97
4011	3 56 61 73
4012	28 15 54 68
4013	48 100 52 43
4014	81 78 95 35
4015	28 31 65 55
4016	62 71 93 37
4017	93 81 80 12
4018	81 22 100 72
4019	6 85 68 64
4020	71 18 7 60
4021	44 98 77 89
4022	32 14 3 39
4023	94 56 15 44
4024	87 15 82 37
4025	8 59 53 39
4026	75 78 100 11
4027	57 31 97 89
4028	99 48 57 92
4029	53 12 27 71
4030	2 19 16 34
4031	61 53 4 40
4032	79 35 32 30
4033	22 4 82 51
4034	78 49 28 7
4035	84 31 79 54
4036	11 28 2 5
4037	37 90 95 69
4038	65 20 38 31
4039	9 23 29 72
4040	61 29 58 39
4041	4 93 71 7
4042	19 80 35 84
4043	48 51 82 87
4044	20 90 23 8
4045	19 69 89 4
4046	85 54 22 23
4047	75 90 71 7
4048	33 71 68 70
4049	47 60 38 42
4050	87 58 88 39
4051	85 72 46 38
4052	91 19 95 50
4053	96 88 29 79
4054	75 32 94 52
4055	93 68 88 37
4056	25 26 87 15
4057	28 74 7 54
4058	82 20 12 31
4059	40 99 100 23
4060	13 27 94 74
4061	31 48 61 19
4062	64 90 53 83
4063	99 29 16 31
4064	53 24 46 13
4065	44 5 69 36
4066	62 38 64 33
4067	45 23 7 39
4068	21 79 98 81
4069	58 16 33 50
4070	28 24 39 80
4071	93 61 38 90
4072	28 32 82 16
4073	58 53 66 10
4074	100 81 16 21
4075	69 11 42 3
4076	3 29 44 6
4077	76 31 43 35
4078	16 60 51 62
4079	44 64 30 39
4080	2 87 26 48
4081	51 83 17 74
4082	75 16 74 28
4083	22 10 60 88
4084	64 83 1 8
4085	68 30 34 26
4086	29 37 17 79
4087	84 43 29 70
4088	64 42 100 28
4089	24 77 34 10
4090	98 17 91 21
4091	28 13 85 48
4092	4 83 11 38
4093	25 38 13 35
4094	49 16 69 50
4095	56 82 53 90
4096	56 42 34 74
4097	36 79 5 78
4098	74 79 21 72
4099	100 32 27 53
4100	53 65 9 16
4101	31 28 94 75
4102	57 77 74 88
4103	82 39 79 48
4104	80 73 67 81
4105	6 83 72 10
4106	26 17 15 35
4107	58 21 73 26
4108	22 10 58 37
4109	60 36 88 18
4110	23 28 51 37
4111	92 4 94 60
4112	36 70 44 57
4113	80 78 57 30
4114	2 1 73 42
4115	84 87 38 32
4116	43 28 18 21
4117	72 59 26 48
4118	78 83 100 71
4119	62 26 97 81
4120	47 68 32 56
4121	14 11 74 7
4122	80 58 31 99
4123	11 63 33 79
4124	79 14 96 28
4125	99 81 15 9
4126	79 12 84 27
4127	60 76 80 64
4128	14 46 49 30
4129	90 55 3 74
4130	63 34 13 98
4131	75 78 38 99
4132	73 34 85 56
4133	95 81 46 25
4134	96 79 87 73
4135	86 75 61 55
4136	31 13 44 50
4137	6 73 20 3
4138	15 100 12 3
4139	31 79 45 38
4140	34 85 64 52
4141	64 55 45 41
4142	40 83 53 17
4143	55 17 68 52
4144	34 4 46 48
4145	79 86 94 2
4146	44 72 11 58
4147	79 19 60 4
4148	88 52 31 77
4149	56 42 63 67
4150	89 69 19 21
4151	48 21 89 94
4152	59 92 83 30
4153	50 63 86 59
4154	2 77 13 91
4155	38 56 95 44
4156	77 70 45 72
4157	46 78 47 54
4158	55 8 91 77
4159	79 11 18 68
4160	66 15 80 79
4161	31 79 46 16
4162	61 68 45 95
4163	39 73 3 98
4164	42 54 14 75
4165	25 100 17 52
4166	8 6 64 47
4167	70 8 73 15
4168	23 33 69 100
4169	56 26 88 77
4170	92 80 6 87
4171	8 17 5 38
4172	26 33 27 63
4173	21 35 55 33
4174	21 77 13 94
4175	73 87 49 77
4176	30 99 74 31
4177	69 42 98 6
4178	96 88 6 74
4179	23 74 66 33
4180	35 10 89 75
4181	22 54 26 97
4182	35 89 61 58
4183	23 38 8 32
4184	25 30 58 13
4185	96 39 62 30
4186	92 45 4 63
4187	49 6 16 4
4188	87 13 44 43
4189	30 75 21 11
4190	50 96 45 46
4191	87 71 22 68
4192	72 68 88 58
4193	86 73 33 90
4194	12 83 31 19
4195	1 46 100 54
4196	58 19 2 71
4197	2 63 81 42
4198	29 66 15 11
4199	45 36 12 11
4200	14 44 35 29
4201	4 85 95 89
4202	10 53 45 18
4203	63 6 69 25
4204	15 93 2 84
4205	87 77 27 14
4206	56 19 29 28
4207	100 10 97 40
4208	47 36 57 69
4209	100 29 74 89
4210	16 63 38 89
4211	14 33 9 94
4212	32 43 10 41
4213	20 76 27 57
4214	23 93 87 40
4215	75 50 9 59
4216	72 6 4 22
4217	66 39 31 92
4218	39 23 55 69
4219	75 56 6 1
4220	31 20 19 66
4221	14 61 2 26
4222	32 17 52 27
4223	48 47 41 49
4224	38 37 54 33
4225	86 18 87 58
4226	88 60 81 92
4227	48 59 7 88
4228	28 56 27 100
4229	90 9 74 30
4230	23 92 90 82
4231	96 27 13 14
4232	21 24 25 1
4233	66 91 35 29
4234	10 21 85 63
4235	92 5 95 83
4236	48 20 11 62
4237	95 17 42 51
4238	35 54 64 98
4239	95 43 64 87
4240	17 59 26 60
4241	95 71 51 53
4242	1 28 48 73
4243	21 5 95 12
4244	47 54 73 32
4245	20 36 4 27
4246	1 34 80 60
4247	76 33 96 59
4248	77 84 100 10
4249	82 62 36 11
4250	50 68 36 71
4251	81 2 39 91
4252	89 19 87 46
4253	88 21 75 64
4254	5 15 99 89
4255	66 1 50 91
4256	54 56 15 11
4257	40 38 83 65
4258	100 50 26 98
4259	69 92 15 46
4260	40 39 1 95
4261	44 38 83 96
4262	49 2 98 56
4263	8 80 17 2
4264	77 100 44 32
4265	56 42 62 9
4266	65 42 7 80
4267	96 82 17 2
4268	40 41 81 70
4269	14 32 76 65
4270	30 32 81 67
4271	95 67 7 90
4272	21 82 71 54
4273	66 32 95 50
4274	93 42 35 46
4275	35 70 62 44
4276	97 58 96 25
4277	7 61 17 33
4278	47 16 54 64
4279	20 97 12 58
4280	27 83 41 97
4281	14 51 76 97
4282	99 3 53 54
4283	88 6 92 75
4284	59 9 35 47
4285	82 61 63 72
4286	21 63 18 100
4287	37 80 35 97
4288	1 54 50 56
4289	18 6 31 71
4290	51 89 40 47
4291	83 89 35 71
4292	34 17 20 35
4293	97 94 17 20
4294	21 8 18 16
4295	75 79 15 65
4296	42 37 71 30
4297	61 12 44 82
4298	22 35 2 30
4299	11 83 82 32
4300	18 35 14 90
4301	60 54 84 68
4302	28 4 69 9
4303	81 51 11 90
4304	36 38 82 58
4305	66 9 99 65
4306	37 6 66 70
4307	41 71 52 81
4308	53 72 92 7
4309	76 83 13 27
4310	42 87 20 80
4311	58 39 47 26
4312	18 83 88 82
4313	62 8 17 55
4314	5 47 12 92
4315	21 71 87 63
4316	94 21 32 49
4317	71 67 22 68
4318	40 24 29 62
4319	61 4 5 39
4320	64 60 96 3
4321	63 1 57 28
4322	64 12 74 48
4323	84 89 47 45
4324	9 77 43 22
4325	11 50 26 30
4326	96 33 34 13
4327	90 45 47 94
4328	42 17 70 3
4329	54 40 73 56
4330	13 66 28 46
4331	47 61 91 82
4332	47 92 89 82
4333	37 8 13 19
4334	28 87 70 45
4335	23 54 47 2
4336	86 68 32 60
4337	89 14 73 88
4338	10 81 62 29
4339	5 95 24 67
4340	9 66 34 70
4341	69 19 82 93
4342	29 5 15 86
4343	59 99 91 96
4344	68 67 96 90
4345	97 5 8 99
4346	94 53 45 35
4347	11 86 70 20
4348	82 2 3 86
4349	78 13 76 4
4350	28 70 2 56
4351	9 32 90 70
4352	85 69 37 40
4353	18 32 12 52
4354	3 4 14 90
4355	39 30 8 55
4356	16 75 93 66
4357	88 66 70 47
4358	36 69 33 15
4359	97 7 25 36
4360	47 15 100 53
4361	98 54 59 26
4362	19 58 32 28
4363	60 90 70 50
4364	48 3 95 64
4365	70 33 71 28
4366	40 48 77 16
4367	100 17 16 44
4368	40 45 99 85
4369	38 48 70 44
4370	95 75 85 77
4371	21 20 52 29
4372	80 5 15 11
4373	3 72 65 25
4374	58 32 35 36
4375	37 47 77 8
4376	22 8 32 86
4377	34 49 16 21
4378	70 45 94 29
4379	94 23 48 84
4380	44 87 64 4
4381	18 66 40 90
4382	23 37 10 29
4383	55 50 34 23
4384	74 71 88 100
4385	42 92 8 81
4386	41 12 82 34
4387	41 96 22 76
4388	96 57 86 31
4389	81 12 78 87
4390	66 40 46 31
4391	72 12 32 65
4392	41 81 14 1
4393	89 67 58 27
4394	38 6 9 71
4395	9 51 63 34
4396	5 51 16 44
4397	22 99 90 43
4398	14 27 2 81
4399	25 24 43 97
4400	76 19 36 49
4401	84 23 53 46
4402	18 30 63 2
4403	25 94 62 35
4404	30 76 63 75
4405	69 49 3 4
4406	46 12 53 77
4407	86 84 18 7
4408	19 87 29 61
4409	78 32 52 77
4410	36 75 70 34
4411	15 66 39 41
4412	97 56 85 59
4413	3 83 81 34
4414	63 81 79 73
4415	38 74 55 77
4416	63 87 13 39
4417	93 7 99 94
4418	50 88 30 56
4419	46 33 24 15
4420	57 9 32 71
4421	55 68 72 26
4422	71 11 93 59
4423	67 85 59 40
4424	7 16 11 32
4425	99 11 83 16
4426	31 97 41 81
4427	86 48 58 39
4428	12 68 81 3
4429	54 55 84 7
4430	89 26 27 9
4431	45 69 91 25
4432	55 72 34 39
4433	96 88 4 57
4434	4 97 88 10
4435	31 22 91 54
4436	29 24 41 6
4437	51 49 1 73
4438	24 75 90 12
4439	87 17 98 47
4440	23 95 73 62
4441	67 31 63 23
4442	9 61 69 7
4443	100 71 43 77
4444	92 90 4 15
4445	31 61 60 75
4446	66 6 93 94
4447	22 38 73 12
4448	16 32 71 38
4449	73 39 88 5
4450	15 52 46 2
4451	26 60 46 93
4452	75 86 17 64
4453	8 91 39 68
4454	87 38 32 82
4455	24 32 1 66
4456	37 33 23 45
4457	39 95 71 16
4458	10 8 44 95
4459	41 82 68 58
4460	57 65 45 33
4461	79 37 86 97
4462	89 75 77 97
4463	88 35 94 79
4464	63 94 59 7
4465	32 100 22 56
4466	63 60 58 53
4467	46 44 94 41
4468	78 2 91 86
4469	42 19 40 82
4470	45 68 15 2
4471	55 11 59 35
4472	97 95 72 35
4473	13 54 2 62
4474	56 83 96 32
4475	70 38 60 66
4476	67 82 46 5
4477	78 4 37 5
4478	50 6 78 37
4479	75 34 35 6
4480	77 1 49 59
4481	94 52 39 76
4482	51 37 63 61
4483	4 23 25 70
4484	82 79 52 81
4485	54 74 28 32
4486	79 90 18 75
4487	33 14 76 57
4488	13 44 23 10
4489	56 16 32 21
4490	85 97 49 43
4491	38 26 96 2
4492	49 25 66 82
4493	19 69 12 31
4494	40 30 28 39
4495	73 43 27 41
4496	71 51 55 62
4497	34 48 39 70
4498	15 22 66 61
4499	74 93 88 16
4500	81 96 57 34
4501	82 12 96 13
4502	19 44 16 2
4503	28 97 69 18
4504	15 74 48 34
4505	23 82 4 3
4506	12 89 37 76
4507	59 40 57 46
4508	89 64 15 49
4509	56 95 49 23
4510	3 97 82 62
4511	49 53 94 96
4512	27 23 39 51
4513	66 34 48 5
4514	50 34 87 4
4515	89 42 8 34
4516	6 9 80 75
4517	76 81 3 21
4518	74 22 1 18
4519	24 38 60 33
4520	36 4 87 6
4521	81 63 50 73
4522	42 28 98 10
4523	81 84 49 73
4524	18 17 3 7
4525	69 72 99 13
4526	53 17 39 13
4527	88 2 77 78
4528	69 23 45 79
4529	58 47 44 61
4530	35 15 6 1
4531	41 17 65 31
4532	87 62 82 57
4533	99 86 70 2
4534	48 35 7 20
4535	66 33 56 4
4536	100 96 41 70
4537	27 13 95 70
4538	33 67 24 62
4539	81 70 68 88
4540	30 9 13 19
4541	64 10 20 70
4542	63 45 65 75
4543	74 31 66 12
4544	59 96 30 58
4545	96 95 84 78
4546	94 22 33 59
4547	22 43 73 78
4548	81 68 45 74
4549	92 8 35 24
4550	2 26 21 22
4551	42 88 41 70
4552	69 84 45 11
4553	20 43 68 62
4554	65 82 3 76
4555	39 32 50 90
4556	4 66 54 77
4557	91 12 96 60
4558	37 21 79 1
4559	91 13 97 43
4560	40 81 23 21
4561	39 62 49 75
4562	97 3 82 20
4563	91 32 11 79
4564	95 77 13 91
4565	97 60 22 4
4566	87 30 81 39
4567	29 76 94 47
4568	98 20 94 50
4569	17 12 10 85
4570	36 6 65 91
4571	67 70 34 64
4572	88 11 70 29
4573	13 73 41 63
4574	2 98 4 97
4575	9 88 68 43
4576	9 64 47 76
4577	15 2 69 84
4578	63 59 12 34
4579	52 27 86 18
4580	95 4 28 100
4581	99 28 38 22
4582	78 46 56 43
4583	87 74 67 66
4584	86 60 20 2
4585	55 14 6 88
4586	23 27 71 77
4587	90 8 76 36
4588	32 47 57 91
4589	63 84 40 33
4590	55 91 18 9
4591	79 37 35 21
4592	35 31 11 99
4593	23 95 18 51
4594	94 88 6 37
4595	36 82 86 15
4596	64 2 34 39
4597	41 25 49 33
4598	29 62 22 99
4599	55 53 83 95
4600	36 81 12 4
4601	35 85 25 49
4602	91 39 2 51
4603	95 32 52 14
4604	98 97 39 72
4605	100 33 79 59
4606	88 59 26 15
4607	77 83 35 60
4608	51 65 94 80
4609	19 41 66 86
4610	49 24 59 31
4611	37 5 35 17
4612	62 86 45 61
4613	31 59 89 33
4614	42 69 56 52
4615	44 46 3 29
4616	36 30 25 43
4617	88 89 6 21
4618	63 52 99 56
4619	36 30 23 43
4620	64 88 49 57
4621	68 69 15 75
4622	99 43 44 90
4623	48 81 86 2
4624	77 93 64 6
4625	11 5 3 99
4626	23 44 78 43
4627	24 39 73 91
4628	35 59 53 93
4629	17 28 88 6
4630	67 73 28 20
4631	43 95 70 75
4632	68 78 32 7
4633	7 49 4 98
4634	85 3 75 81
4635	96 3 91 76
4636	35 69 26 11
4637	36 45 7 9
4638	9 21 46 44
4639	95 41 94 69
4640	55 86 90 26
4641	94 99 63 35
4642	70 10 76 7
4643	24 93 9 53
4644	13 21 52 29
4645	48 1 97 21
4646	63 88 21 38
4647	93 24 14 1
4648	15 88 79 66
4649	6 12 64 79
4650	10 45 46 9
4651	41 3 58 60
4652	15 63 80 89
4653	32 49 19 64
4654	78 50 87 6
4655	43 88 58 42
4656	12 28 98 60
4657	24 53 28 34
4658	75 1 36 89
4659	98 38 56 64
4660	79 99 61 52
4661	30 89 84 10
4662	46 47 10 88
4663	2 20 32 51
4664	83 94 87 6
4665	82 100 1 53
4666	97 73 77 44
4667	21 22 94 10
4668	31 26 77 8
4669	59 77 25 4
4670	19 33 41 61
4671	35 88 27 100
4672	65 71 41 51
4673	86 30 66 52
4674	66 56 59 92
4675	55 85 99 61
4676	1 20 89 42
4677	71 58 5 2
4678	42 30 100 73
4679	80 74 31 98
4680	86 33 62 93
4681	7 53 32 44
4682	96 10 36 29
4683	37 71 94 10
4684	95 89 83 92
4685	69 90 26 25
4686	41 60 15 56
4687	37 89 6 42
4688	97 77 53 55
4689	44 92 4 100
4690	100 59 87 17
4691	3 24 66 84
4692	42 69 11 6
4693	72 94 68 59
4694	99 53 21 57
4695	83 87 6 63
4696	51 13 60 50
4697	27 1 59 45
4698	91 47 42 4
4699	68 8 12 40
4700	67 77 12 90
4701	22 54 26 85
4702	72 53 47 17
4703	51 1 48 60
4704	96 16 92 93
4705	96 72 51 47
4706	61 12 41 26
4707	15 32 48 51
4708	51 4 77 24
4709	29 49 50 9
4710	82 8 21 20
4711	82 69 32 65
4712	13 15 36 38
4713	15 97 62 28
4714	1 59 71 18
4715	8 92 29 93
4716	86 53 52 37
4717	95 56 96 94
4718	88 38 54 19
4719	70 77 93 19
4720	11 97 18 37
4721	5 56 69 99
4722	98 41 22 35
4723	83 84 26 93
4724	72 94 36 16
4725	87 23 33 80
4726	94 17 65 19
4727	37 11 64 52
4728	2 21 69 24
4729	73 47 78 84
4730	67 26 84 70
4731	53 88 95 80
4732	2 20 91 46
4733	62 78 89 15
4734	89 58 75 84
4735	32 49 10 65
4736	38 46 61 23
4737	5 81 65 35
4738	26 98 18 88
4739	43 5 23 13
4740	18 21 22 51
4741	93 64 77 78
4742	19 55 64 13
4743	59 79 34 51
4744	90 26 12 47
4745	96 79 36 74
4746	11 15 17 94
4747	89 58 82 61
4748	49 30 56 86
4749	84 91 69 25
4750	64 20 36 98
4751	75 54 84 45
4752	66 87 97 36
4753	25 17 45 96
4754	20 90 98 28
4755	50 38 34 20
4756	49 90 40 45
4757	51 29 14 98
4758	63 41 25 61
4759	1 87 94 7
4760	83 67 39 57
4761	28 7 55 67
4762	80 84 29 88
4763	100 62 7 47
4764	5 27 79 19
4765	59 91 40 66
4766	52 68 10 70
4767	93 81 43 5
4768	59 25 14 88
4769	95 55 38 61
4770	43 87 67 13
4771	92 78 18 14
4772	79 1 36 53
4773	58 50 22 53
4774	47 44 99 55
4775	52 28 20 93
4776	1 80 39 88
4777	25 96 9 57
4778	14 91 7 87
4779	75 69 45 81
4780	3 54 61 13
4781	68 22 69 90
4782	58 33 65 76
4783	76 62 57 55
4784	24 8 30 22
4785	23 65 20 43
4786	64 8 85 81
4787	59 48 27 96
4788	78 68 61 30
4789	85 79 91 51
4790	61 83 36 28
4791	96 3 59 77
4792	68 9 84 77
4793	44 52 29 30
4794	82 81 18 5
4795	100 29 91 83
4796	32 79 45 57
4797	40 30 19 1
4798	38 55 72 37
4799	75 12 21 14
4800	80 68 91 44
4801	18 97 84 94
4802	8 80 7 49
4803	26 49 53 31
4804	57 80 27 49
4805	84 66 50 81
4806	47 38 96 58
4807	97 33 85 73
4808	85 93 74 6
4809	90 37 81 16
4810	70 36 54 84
4811	14 52 93 77
4812	96 35 87 85
4813	80 10 24 62
4814	47 2 44 9
4815	87 37 44 45
4816	51 75 28 40
4817	41 12 73 55
4818	86 40 14 51
4819	85 47 78 4
4820	29 44 14 58
4821	27 63 34 32
4822	17 97 76 36
4823	84 44 32 22
4824	41 75 6 85
4825	96 17 95 4
4826	71 61 1 90
4827	48 83 36 37
4828	41 40 72 90
4829	55 83 29 81
4830	38 82 3 81
4831	46 50 9 60
4832	58 32 70 77
4833	36 1 78 75
4834	21 69 26 80
4835	38 21 30 49
4836	60 20 25 69
4837	28 29 4 57
4838	31 98 66 35
4839	69 34 70 85
4840	26 62 89 22
4841	29 82 10 28
4842	2 55 100 59
4843	58 93 5 76
4844	94 72 25 29
4845	17 5 52 33
4846	1 82 88 75
4847	41 42 82 99
4848	64 32 41 42
4849	94 1 40 73
4850	8 47 64 30
4851	72 42 39 27
4852	23 10 78 41
4853	42 52 80 30
4854	28 31 85 11
4855	12 50 80 8
4856	16 1 35 90
4857	71 5 25 76
4858	53 83 77 84
4859	19 14 79 51
4860	60 85 9 81
4861	29 19 9 21
4862	37 28 38 48
4863	4 90 72 98
4864	5 18 42 63
4865	66 32 81 53
4866	41 50 100 62
4867	36 30 88 11
4868	21 83 45 93
4869	72 62 7 92
4870	40 96 42 66
4871	84 60 44 28
4872	60 70 64 16
4873	55 4 32 38
4874	21 98 69 84
4875	24 1 52 95
4876	29 78 22 79
4877	38 88 51 76
4878	95 63 85 55
4879	88 43 17 53
4880	72 15 94 74
4881	19 95 70 20
4882	10 73 28 50
4883	49 33 35 73
4884	93 8 83 80
4885	73 63 31 68
4886	14 78 31 76
4887	19 88 70 56
4888	14 97 72 32
4889	13 95 64 24
4890	86 24 63 25
4891	64 17 87 45
4892	8 57 97 75
4893	21 46 13 100
4894	36 91 30 63
4895	75 17 8 65
4896	67 15 43 25
4897	64 10 12 6
4898	68 71 7 66
4899	13 56 96 23
4900	96 90 15 60
4901	43 87 65 13
4902	99 60 94 53
4903	20 52 51 34
4904	95 98 39 32
4905	5 4 9 27
4906	2 13 62 59
4907	18 71 6 57
4908	86 29 78 53
4909	90 30 87 15
4910	31 48 100 67
4911	6 72 70 55
4912	50 15 82 55
4913	24 47 34 59
4914	93 77 73 47
4915	64 5 24 6
4916	49 70 13 28
4917	97 68 32 17
4918	43 8 78 74
4919	16 28 60 31
4920	50 9 77 84
4921	21 24 19 36
4922	36 52 35 32
4923	13 31 79 59
4924	80 96 44 94
4925	27 64 38 63
4926	20 57 28 50
4927	45 62 100 51
4928	52 11 53 54
4929	43 1 49 26
4930	61 25 53 41
4931	11 45 75 58
4932	73 60 63 10
4933	47 32 91 56
4934	86 60 51 39
4935	36 60 49 70
4936	17 59 90 25
4937	96 57 69 23
4938	87 34 23 36
4939	32 60 6 14
4940	2 5 70 25
4941	3 91 51 25
4942	87 86 34 84
4943	61 42 65 1
4944	42 40 92 41
4945	92 73 26 82
4946	44 46 48 54
4947	93 10 57 35
4948	29 78 94 76
4949	79 58 88 66
4950	52 8 34 63
4951	50 63 100 57
4952	76 99 54 94
4953	43 93 100 38
4954	42 62 48 35
4955	70 34 54 42
4956	45 49 71 29
4957	98 57 78 76
4958	54 33 11 64
4959	38 100 56 96
4960	62 95 81 78
4961	61 78 87 68
4962	73 23 53 34
4963	60 97 33 53
4964	3 28 88 47
4965	34 95 38 75
4966	19 61 5 100
4967	93 61 44 48
4968	81 59 33 80
4969	5 43 94 92
4970	90 3 16 72
4971	5 93 63 72
4972	81 95 48 52
4973	38 34 76 12
4974	15 20 68 29
4975	41 55 43 61
4976	53 79 7 55
4977	25 8 100 35
4978	98 7 69 47
4979	29 64 96 42
4980	7 61 59 63
4981	60 79 10 17
4982	27 1 55 85
4983	22 21 25 53
4984	5 6 100 77
4985	73 68 8 84
4986	66 49 92 24
4987	1 32 90 5
4988	9 57 50 31
4989	47 27 99 88
4990	27 98 100 59
4991	18 11 76 36
4992	57 1 29 12
4993	67 66 95 34
4994	41 92 46 11
4995	99 20 33 88
4996	41 45 62 47
4997	85 41 11 54
4998	89 78 84 4
4999	37 94 35 91
5000	38 8 41 31
