Students	5000
1	76 46 6 49
2	21 65 63 94
3	11 28 19 83
4	52 82 49 94
5	40 80 23 19
6	84 41 2 39
7	22 74 15 73
8	58 83 32 26
9	61 4 72 86
10	45 56 26 42
11	63 66 100 84
12	80 99 62 50
13	11 98 38 23
14	69 79 13 44
15	36 37 92 83
16	78 52 18 68
17	70 60 56 38
18	99 47 78 67
19	13 67 23 99
20	78 23 63 60
21	48 66 87 19
22	81 63 47 88
23	91 38 76 63
24	94 70 18 26
25	71 21 35 42
26	55 58 70 71
27	57 97 16 22
28	60 29 77 64
29	76 7 42 8
30	8 49 48 77
31	17 2 95 68
32	71 97 70 41
33	44 38 7 1
34	27 86 12 3
35	23 50 58 20
36	64 69 100 41
37	14 56 100 22
38	46 32 31 60
39	50 28 7 49
40	90 38 41 77
41	67 90 81 75
42	59 48 5 89
43	52 26 17 11
44	60 69 58 91
45	62 66 18 79
46	97 47 31 45
47	4 11 6 80
48	4 99 60 8
49	57 72 94 92
50	65 61 18 82
51	42 19 91 50
52	3 61 5 7
53	74 53 14 44
54	8 87 77 39
55	36 33 95 58
56	73 39 57 70
57	65 4 36 80
58	7 32 97 30
59	34 8 80 87
60	52 34 27 33
61	21 58 83 27
62	15 43 82 79
63	78 54 72 76
64	41 46 51 10
65	10 4 76 14
66	96 8 87 34
67	19 64 91 22
68	54 25 42 27
69	70 59 100 53
70	28 44 37 33
71	54 43 7 40
72	88 36 48 82
73	36 12 56 13
74	14 31 55 50
75	2 45 74 28
76	49 75 13 94
77	5 57 39 17
78	52 36 91 90
79	22 53 34 8
80	90 93 92 50
81	91 61 89 68
82	11 70 51 69
83	1 71 65 91
84	60 57 22 95
85	53 38 25 40
86	76 100 2 54
87	58 42 33 27
88	20 43 34 22
89	62 4 36 58
90	9 37 47 14
91	86 41 61 63
92	38 58 65 47
93	86 14 5 87
94	30 62 79 3
95	86 79 33 46
96	24 8 58 72
97	96 4 49 90
98	67 44 65 47
99	72 90 87 77
100	16 38 50 32
101	99 77 71 95
102	51 39 60 35
103	18 32 60 80
104	47 43 50 34
105	40 64 84 39
106	25 59 77 60
107	99 88 85 30
108	9 59 72 81
109	21 97 48 38
110	22 35 76 25
111	94 13 81 78
112	64 54 2 15
113	100 42 81 96
114	87 78 65 9
115	94 50 68 90
116	19 71 89 93
117	47 49 25 66
118	63 95 52 72
119	91 92 15 66
120	86 84 66 28
121	95 25 75 46
122	37 52 38 88
123	6 25 52 82
124	58 38 51 15
125	93 69 97 21
126	34 16 26 92
127	85 63 35 93
128	30 47 78 44
129	50 38 43 27
130	45 23 25 20
131	11 18 12 76
132	58 54 60 84
133	34 10 64 67
134	19 72 94 95
135	74 58 93 64
136	94 62 64 52
137	89 78 74 90
138	94 29 100 16
139	7 34 21 84
140	52 76 44 22
141	91 56 96 97
142	37 17 91 90
143	72 75 76 60
144	42 51 23 36
145	87 93 26 99
146	87 19 77 20
147	73 74 53 19
148	98 13 5 30
149	6 93 29 73
150	56 13 21 23
151	57 95 96 39
152	73 30 74 99
153	82 99 4 62
154	78 29 54 61
155	14 63 20 69
156	98 74 44 66
157	61 6 84 17
158	72 47 5 99
159	59 40 38 55
160	63 86 40 61
161	90 58 54 76
162	13 10 46 35
163	53 79 80 91
164	70 94 11 88
165	34 86 97 52
166	30 69 60 56
167	56 72 79 32
168	44 12 27 88
169	81 44 96 50
170	58 73 36 14
171	94 60 28 48
172	18 78 54 46
173	3 69 90 84
174	39 4 5 60
175	70 81 8 1
176	1 100 79 80
177	43 79 67 42
178	10 28 3 74
179	60 46 66 24
180	52 8 54 26
181	32 11 36 99
182	53 13 80 48
183	55 36 94 18
184	41 83 80 86
185	75 81 20 66
186	4 32 17 22
187	36 62 66 48
188	43 58 77 64
189	10 79 53 85
190	7 44 92 29
191	93 47 99 31
192	85 32 31 20
193	62 21 28 36
194	92 60 90 47
195	55 32 25 39
196	6 70 1 94
197	61 8 19 48
198	21 30 50 65
199	91 22 92 58
200	13 92 19 79
201	7 93 8 9
202	98 14 15 11
203	99 4 48 89
204	36 71 19 45
205	4 29 51 13
206	83 18 5 98
207	87 27 43 59
208	24 91 85 28
209	92 58 80 7
210	26 19 34 85
211	25 6 80 93
212	20 42 84 62
213	40 81 12 100
214	53 60 8 100
215	94 67 16 40
216	56 8 4 90
217	83 39 96 66
218	81 93 67 78
219	22 39 82 7
220	45 86 29 67
221	82 18 62 28
222	46 10 24 64
223	31 21 7 60
224	7 49 75 93
225	33 10 36 53
226	69 98 56 35
227	78 47 4 67
228	35 37 95 61
229	78 29 43 52
230	33 46 98 56
231	67 96 77 99
232	74 39 47 32
233	2 68 48 89
234	9 98 2 75
235	76 50 43 71
236	28 59 34 76
237	82 78 31 77
238	30 100 17 95
239	98 64 18 55
240	14 54 95 12
241	50 72 97 18
242	53 63 76 59
243	23 18 40 37
244	5 14 60 98
245	99 81 56 51
246	17 10 61 4
247	24 77 4 23
248	17 39 31 52
249	34 23 1 31
250	6 37 72 39
251	60 79 93 3
252	10 84 41 39
253	39 6 56 58
254	79 35 31 41
255	26 11 65 63
256	88 34 41 18
257	66 2 57 56
258	90 10 65 2
259	33 63 25 93
260	77 68 1 97
261	100 26 91 8
262	22 73 66 88
263	46 84 79 51
264	15 76 34 97
265	75 63 82 13
266	93 17 21 78
267	2 68 76 30
268	72 12 27 21
269	99 64 5 32
270	16 60 96 52
271	23 82 92 44
272	2 28 51 64
273	37 92 74 95
274	13 9 64 66
275	61 80 45 30
276	3 6 83 59
277	6 9 74 48
278	90 32 41 5
279	4 66 39 32
280	9 94 50 19
281	90 40 71 77
282	65 63 15 45
283	57 6 45 31
284	42 98 87 40
285	89 39 28 86
286	34 72 25 84
287	8 5 80 10
288	53 81 1 83
289	44 91 29 42
290	5 2 96 65
291	93 1 97 16
292	67 94 80 20
293	62 35 36 72
294	51 23 28 4
295	8 81 89 39
296	59 24 48 57
297	60 99 30 100
298	48 85 57 8
299	50 7 1 46
300	50 14 10 66
301	77 78 25 98
302	53 5 98 94
303	52 89 10 51
304	6 39 2 92
305	90 60 86 37
306	4 12 87 100
307	8 3 84 9
308	94 46 44 37
309	16 46 32 55
310	57 12 79 74
311	25 83 6 14
312	97 41 44 65
313	95 98 94 55
314	57 19 31 35
315	93 60 40 82
316	65 44 67 27
317	76 55 40 68
318	81 34 6 67
319	17 76 21 51
320	99 6 14 7
321	70 74 33 9
322	57 23 12 69
323	19 56 99 58
324	19 36 94 77
325	12 22 4 24
326	74 69 15 87
327	93 20 97 72
328	79 17 77 66
329	54 60 77 17
330	78 62 17 36
331	5 22 94 79
332	98 22 1 2
333	65 76 32 53
334	25 32 41 19
335	16 27 89 50
336	85 43 31 69
337	9 34 74 11
338	84 26 33 28
339	80 14 49 83
340	22 72 65 4
341	18 63 2 56
342	12 86 92 24
343	53 47 49 38
344	40 52 64 95
345	76 72 46 56
346	8 98 83 88
347	9 44 74 55
348	64 24 32 65
349	74 3 28 1
350	71 59 32 47
351	15 89 47 22
352	9 75 40 53
353	95 31 1 48
354	73 76 82 70
355	13 67 64 59
356	58 98 64 6
357	46 75 65 99
358	54 82 66 7
359	20 82 27 11
360	61 9 31 26
361	28 62 47 27
362	61 15 60 51
363	81 67 56 42
364	45 43 73 83
365	13 4 12 23
366	11 18 17 83
367	46 89 52 88
368	40 85 55 89
369	36 98 49 67
370	84 86 73 7
371	18 76 13 59
372	50 65 53 61
373	10 70 39 82
374	77 80 61 81
375	42 99 79 11
376	55 18 15 98
377	28 31 57 93
378	95 6 16 10
379	21 9 33 67
380	89 1 90 5
381	65 98 2 21
382	71 16 56 61
383	46 87 97 41
384	54 44 77 80
385	64 83 79 58
386	60 53 59 92
387	28 86 26 29
388	41 27 55 38
389	88 14 39 46
390	45 42 18 27
391	28 83 31 5
392	75 13 83 86
393	54 96 42 87
394	29 79 80 51
395	8 35 28 55
396	13 84 15 60
397	91 54 18 39
398	96 57 7 10
399	54 16 65 39
400	45 56 52 83
401	78 92 32 84
402	45 24 29 55
403	51 73 47 95
404	65 25 34 51
405	66 75 16 79
406	89 28 86 18
407	1 69 10 6
408	61 86 99 70
409	41 32 37 29
410	75 17 56 77
411	60 68 44 47
412	66 77 67 71
413	48 91 26 78
414	28 96 37 63
415	69 19 4 89
416	5 4 53 57
417	5 54 76 35
418	22 14 93 7
419	21 85 25 11
420	42 28 29 96
421	66 2 59 72
422	78 96 65 84
423	3 57 86 53
424	40 63 39 2
425	41 85 60 31
426	31 47 69 83
427	16 86 97 71
428	24 15 98 39
429	71 38 20 13
430	32 80 99 42
431	50 49 73 63
432	36 1 72 46
433	52 38 58 98
434	3 80 28 58
435	5 60 29 3
436	43 88 17 27
437	35 77 47 68
438	78 80 32 31
439	24 9 100 87
440	18 65 24 34
441	96 74 55 21
442	62 10 21 16
443	65 66 70 2
444	34 76 72 60
445	98 57 6 9
446	4 89 94 56
447	75 2 26 3
448	31 96 32 76
449	37 16 96 61
450	14 55 76 57
451	74 21 99 89
452	32 28 3 41
453	35 40 34 86
454	31 26 86 14
455	44 33 82 49
456	56 65 49 94
457	1 19 16 80
458	67 98 40 32
459	24 11 1 99
460	64 61 11 67
461	9 18 66 43
462	32 23 54 57
463	31 9 82 65
464	37 38 10 66
465	100 7 3 88
466	5 9 57 11
467	78 99 25 14
468	56 2 95 18
469	20 38 53 71
470	52 65 34 36
471	72 96 74 3
472	48 12 31 45
473	29 58 65 95
474	45 25 14 41
475	89 17 54 48
476	43 3 42 79
477	10 6 74 96
478	43 68 89 94
479	66 2 50 64
480	62 39 98 17
481	10 63 29 88
482	23 88 39 48
483	13 53 38 1
484	8 63 77 42
485	67 40 79 13
486	67 25 71 84
487	40 53 8 25
488	26 50 78 43
489	30 68 90 70
490	32 90 15 10
491	59 43 69 63
492	10 29 77 22
493	4 68 100 24
494	57 72 91 63
495	30 92 39 37
496	45 17 51 52
497	2 16 58 61
498	24 98 25 84
499	43 68 2 39
500	61 100 99 73
501	54 15 96 89
502	49 4 90 32
503	97 78 43 76
504	56 28 62 91
505	66 71 37 47
506	16 71 49 46
507	70 21 50 49
508	30 38 93 16
509	61 5 20 71
510	8 90 68 79
511	56 33 38 27
512	55 14 3 36
513	53 6 55 48
514	55 76 72 42
515	76 89 13 25
516	85 56 32 24
517	18 26 94 1
518	95 84 78 12
519	6 89 47 22
520	14 16 71 58
521	11 2 51 24
522	62 58 87 33
523	2 20 34 10
524	85 63 81 67
525	44 5 29 54
526	30 48 12 84
527	31 64 56 3
528	38 80 86 26
529	17 57 80 59
530	79 91 15 44
531	44 1 68 74
532	35 74 29 19
533	90 41 40 75
534	77 25 44 15
535	77 88 1 45
536	55 18 69 72
537	23 24 39 80
538	32 36 63 70
539	47 94 85 84
540	48 25 62 66
541	15 4 75 65
542	57 83 34 48
543	26 38 39 27
544	17 48 81 10
545	86 9 7 6
546	23 85 20 43
547	37 85 33 49
548	3 45 88 37
549	23 78 10 33
550	56 34 36 35
551	53 56 91 73
552	64 8 53 76
553	80 15 100 22
554	56 32 24 30
555	100 34 25 33
556	31 100 15 51
557	37 72 26 21
558	79 60 73 88
559	73 42 53 29
560	20 40 11 23
561	53 54 98 37
562	89 60 72 51
563	91 76 41 97
564	20 66 17 87
565	10 51 12 44
566	33 19 69 47
567	82 9 56 62
568	96 43 72 75
569	5 60 44 52
570	30 23 53 45
571	92 41 82 93
572	85 54 26 93
573	52 20 100 75
574	98 65 36 14
575	11 76 21 1
576	65 51 22 74
577	70 71 64 100
578	47 97 83 99
579	70 9 15 63
580	20 43 15 5
581	54 10 60 89
582	35 48 55 33
583	69 92 76 29
584	60 61 58 13
585	63 13 9 46
586	84 19 46 43
587	41 64 55 52
588	51 39 94 43
589	81 24 49 26
590	5 38 34 31
591	52 58 91 24
592	70 84 53 29
593	27 46 83 92
594	49 86 11 98
595	38 5 30 8
596	32 31 62 23
597	88 100 64 45
598	79 46 51 20
599	54 51 56 19
600	1 9 46 35
601	6 2 70 76
602	31 59 75 32
603	71 64 99 87
604	24 28 58 82
605	85 97 8 48
606	89 11 29 6
607	64 62 99 98
608	55 68 90 37
609	69 37 93 32
610	91 4 96 20
611	80 73 96 8
612	60 81 14 21
613	88 5 84 20
614	18 98 81 53
615	55 47 16 96
616	46 41 75 11
617	12 33 22 27
618	95 56 86 70
619	5 35 75 68
620	20 4 85 29
621	93 49 50 8
622	30 95 3 45
623	13 99 23 88
624	1 14 100 25
625	54 57 51 72
626	21 94 67 82
627	61 65 25 80
628	72 27 42 28
629	71 29 69 89
630	72 46 100 43
631	22 63 34 32
632	92 45 41 49
633	79 29 86 94
634	9 48 58 93
635	37 33 8 4
636	33 13 97 84
637	44 91 4 25
638	68 45 100 92
639	21 36 23 43
640	42 61 45 91
641	4 63 97 85
642	71 77 15 12
643	53 97 81 88
644	4 7 35 37
645	33 15 3 65
646	89 17 79 73
647	95 59 15 34
648	33 97 29 75
649	39 21 2 15
650	54 44 28 92
651	65 21 81 94
652	28 58 51 57
653	38 30 50 54
654	44 43 11 58
655	68 89 78 52
656	82 90 73 20
657	72 46 82 48
658	13 11 16 15
659	52 42 14 36
660	25 23 33 63
661	66 13 39 35
662	94 22 86 4
663	23 48 29 62
664	74 76 2 67
665	36 43 37 84
666	6 92 67 14
667	60 81 56 86
668	53 84 32 9
669	33 79 76 2
670	100 49 20 32
671	12 41 70 59
672	14 1 41 50
673	90 72 39 42
674	25 96 82 59
675	83 87 51 71
676	67 79 33 25
677	25 23 56 66
678	1 98 66 43
679	19 7 92 36
680	100 91 53 50
681	82 12 4 58
682	24 65 38 55
683	64 14 86 35
684	60 34 27 16
685	40 17 91 3
686	49 100 98 53
687	28 98 42 4
688	47 28 52 19
689	98 38 76 21
690	19 66 27 46
691	79 13 90 58
692	26 73 70 48
693	96 45 99 46
694	83 37 24 31
695	55 87 50 34
696	4 59 19 89
697	75 22 70 33
698	90 78 54 47
699	61 65 27 99
700	50 62 20 27
701	97 16 64 39
702	12 51 88 99
703	86 46 9 96
704	100 75 52 71
705	28 59 63 96
706	85 11 90 76
707	95 16 55 14
708	67 13 22 91
709	23 65 20 82
710	98 83 33 60
711	24 22 43 63
712	81 7 35 57
713	79 5 23 26
714	42 26 96 24
715	71 53 30 5
716	38 82 68 41
717	10 77 14 43
718	97 81 9 98
719	94 25 57 32
720	43 60 89 85
721	81 42 4 10
722	27 81 51 17
723	2 34 52 75
724	59 11 12 47
725	54 59 10 17
726	85 93 14 24
727	11 16 15 84
728	79 33 48 62
729	49 31 54 46
730	82 23 55 46
731	25 100 95 10
732	100 8 29 4
733	63 82 2 49
734	23 80 29 87
735	89 59 68 18
736	30 77 48 13
737	48 73 1 84
738	69 61 35 6
739	71 17 1 5
740	49 12 71 62
741	95 58 61 44
742	74 69 15 26
743	54 70 56 42
744	47 53 46 60
745	32 12 25 71
746	18 32 78 4
747	41 95 96 69
748	5 41 4 98
749	39 60 11 30
750	27 87 21 67
751	94 69 100 18
752	97 89 36 32
753	83 44 92 69
754	43 74 99 70
755	21 84 35 38
756	36 80 67 71
757	8 92 52 33
758	94 23 34 75
759	95 15 90 94
760	77 39 92 84
761	74 70 60 32
762	87 26 34 80
763	36 5 8 92
764	47 2 73 26
765	36 25 88 30
766	9 94 16 99
767	95 60 11 75
768	80 33 14 66
769	99 94 15 65
770	57 23 19 86
771	10 66 11 57
772	60 44 99 76
773	12 51 20 65
774	11 51 20 86
775	20 80 79 47
776	55 15 49 93
777	7 84 89 78
778	21 18 77 33
779	15 65 36 67
780	14 5 30 98
781	71 29 24 65
782	66 56 49 63
783	2 40 30 72
784	48 79 63 64
785	29 21 64 7
786	66 91 58 87
787	11 4 6 78
788	10 80 17 86
789	62 26 19 14
790	43 31 10 18
791	36 77 100 37
792	80 28 63 7
793	1 73 30 34
794	65 27 21 5
795	98 71 45 68
796	62 33 42 34
797	59 96 6 36
798	28 49 66 52
799	7 30 4 60
800	11 51 52 15
801	1 23 46 75
802	32 11 13 20
803	89 78 100 15
804	54 26 58 63
805	89 26 35 29
806	71 12 24 32
807	96 37 15 51
808	83 71 55 92
809	11 90 86 28
810	21 6 10 83
811	61 99 63 54
812	2 43 87 69
813	23 9 49 57
814	5 60 61 63
815	46 95 92 54
816	17 16 1 19
817	75 37 13 7
818	35 3 86 1
819	20 29 37 30
820	96 74 73 39
821	58 90 36 46
822	10 78 81 35
823	15 41 67 22
824	89 95 34 100
825	78 76 18 3
826	63 22 84 8
827	16 31 6 33
828	13 46 69 95
829	40 38 27 64
830	33 42 93 37
831	96 62 3 59
832	98 96 94 67
833	60 100 38 24
834	95 79 80 7
835	14 33 94 71
836	34 98 26 8
837	42 54 70 43
838	81 63 6 4
839	32 4 55 46
840	61 24 93 6
841	80 55 13 94
842	70 88 17 75
843	27 89 65 8
844	4 36 62 17
845	75 85 15 35
846	96 8 66 90
847	64 13 47 36
848	34 81 38 79
849	53 57 90 67
850	20 41 10 50
851	56 24 3 31
852	15 47 44 6
853	49 48 21 28
854	30 82 38 65
855	4 87 48 25
856	29 66 13 67
857	66 67 79 84
858	94 96 40 48
859	15 99 5 4
860	16 58 32 31
861	22 50 31 39
862	31 94 13 56
863	46 81 71 2
864	65 19 73 100
865	68 40 91 58
866	35 32 57 29
867	96 16 54 51
868	36 53 82 66
869	93 80 37 53
870	81 19 9 63
871	88 4 22 30
872	11 27 15 88
873	62 39 91 77
874	53 59 34 73
875	57 56 37 11
876	87 17 16 91
877	75 82 61 38
878	56 49 5 55
879	3 63 18 90
880	23 44 22 94
881	46 55 86 36
882	91 13 50 61
883	57 8 50 51
884	3 23 34 6
885	32 42 31 85
886	10 28 32 61
887	63 5 44 4
888	69 75 3 59
889	74 24 31 94
890	82 4 37 93
891	97 10 95 49
892	64 4 49 21
893	44 75 69 96
894	73 60 36 38
895	35 91 77 71
896	68 100 22 48
897	45 76 69 55
898	32 48 86 33
899	20 81 96 52
900	2 36 19 99
901	59 81 71 85
902	26 41 45 85
903	22 21 96 38
904	93 64 5 45
905	1 3 69 92
906	84 43 95 46
907	45 25 24 93
908	99 63 56 6
909	77 20 33 84
910	37 22 55 18
911	8 61 94 84
912	47 44 45 3
913	88 72 49 2
914	9 38 24 88
915	100 7 23 18
916	73 94 31 79
917	97 45 66 9
918	50 15 7 59
919	99 96 6 75
920	78 40 65 69
921	88 97 80 11
922	100 63 31 26
923	13 15 8 37
924	36 75 51 61
925	77 57 4 15
926	66 37 80 4
927	14 65 23 69
928	96 8 75 59
929	88 8 62 39
930	20 76 90 88
931	59 100 8 94
932	60 40 32 41
933	89 81 78 76
934	91 56 21 35
935	91 93 18 90
936	96 33 58 83
937	51 95 61 25
938	47 99 53 65
939	11 96 24 47
940	48 23 100 53
941	96 46 28 31
942	64 72 99 30
943	31 80 87 56
944	69 6 74 32
945	6 87 98 34
946	58 52 100 51
947	3 15 47 91
948	28 25 94 78
949	7 34 45 73
950	37 22 85 7
951	6 43 10 57
952	40 71 56 89
953	39 70 6 94
954	54 21 96 87
955	31 73 55 100
956	83 54 66 20
957	19 82 47 20
958	10 83 96 21
959	44 95 84 97
960	26 98 29 51
961	89 90 3 37
962	67 87 85 55
963	60 51 45 47
964	75 98 48 5
965	1 65 52 4
966	63 25 73 29
967	70 7 97 22
968	17 36 7 60
969	82 49 89 93
970	54 41 8 61
971	98 99 53 9
972	53 15 79 12
973	98 6 100 56
974	64 78 75 39
975	64 49 29 47
976	96 80 28 34
977	100 21 6 60
978	48 83 26 51
979	80 23 3 22
980	13 56 3 77
981	57 75 58 49
982	61 49 96 53
983	64 20 36 80
984	1 80 75 23
985	52 97 18 60
986	1 53 22 32
987	60 51 25 58
988	16 6 9 23
989	42 9 45 2
990	90 72 8 62
991	52 15 83 88
992	62 23 29 85
993	59 25 100 69
994	80 17 78 2
995	72 12 67 53
996	64 11 46 2
997	78 64 33 80
998	54 1 36 39
999	98 74 17 28
1000	64 5 79 53
1001	19 7 16 31
1002	15 30 57 41
1003	78 30 21 36
1004	69 84 74 73
1005	18 26 58 86
1006	5 6 55 12
1007	65 93 72 84
1008	37 16 74 99
1009	27 62 73 44
1010	77 94 41 3
1011	63 32 52 40
1012	19 50 79 15
1013	2 87 15 69
1014	64 71 38 7
1015	66 43 57 90
1016	55 78 58 65
1017	58 38 79 70
1018	39 20 78 89
1019	77 28 39 71
1020	44 14 21 96
1021	25 6 30 83
1022	63 100 74 89
1023	14 21 85 60
1024	48 55 67 38
1025	49 47 59 12
1026	74 4 2 75
1027	54 65 63 57
1028	61 100 12 7
1029	81 56 22 94
1030	48 56 43 12
1031	41 65 25 34
1032	41 15 11 86
1033	2 71 36 6
1034	42 100 85 65
1035	21 25 11 32
1036	98 73 48 65
1037	51 68 2 35
1038	20 21 50 39
1039	77 81 96 75
1040	94 22 57 16
1041	74 62 80 28
1042	37 76 41 34
1043	50 93 43 42
1044	15 67 86 81
1045	46 80 45 95
1046	10 62 68 95
1047	57 92 61 97
1048	15 76 49 36
1049	45 13 10 3
1050	95 93 96 54
1051	34 77 19 13
1052	36 97 4 31
1053	55 72 38 30
1054	9 21 42 49
1055	16 39 85 63
1056	48 1 8 67
1057	63 37 39 30
1058	78 3 80 9
1059	23 81 4 83
1060	1 48 8 78
1061	23 59 15 21
1062	60 81 48 39
1063	19 80 6 12
1064	62 87 27 89
1065	64 7 88 16
1066	59 32 66 84
1067	43 97 58 1
1068	62 72 16 93
1069	44 76 88 50
1070	85 25 69 37
1071	78 46 20 52
1072	85 20 79 96
1073	99 100 10 62
1074	15 6 92 97
1075	13 24 12 3
1076	62 94 31 55
1077	36 9 12 4
1078	13 33 70 71
1079	68 26 90 20
1080	43 20 60 15
1081	66 16 10 95
1082	7 44 26 80
1083	87 57 92 44
1084	63 40 80 22
1085	92 46 5 49
1086	50 18 79 23
1087	25 53 95 20
1088	22 72 7 55
1089	75 29 33 42
1090	90 70 78 84
1091	71 63 98 88
1092	52 34 6 20
1093	66 7 26 86
1094	41 85 43 11
1095	98 35 26 33
1096	40 72 90 64
1097	59 37 34 80
1098	93 89 20 36
1099	58 76 82 94
1100	51 86 38 13
1101	52 56 70 60
1102	67 88 100 84
1103	59 81 34 17
1104	22 32 30 11
1105	92 87 20 94
1106	75 61 49 71
1107	27 82 98 81
1108	30 19 53 1
1109	36 50 39 34
1110	17 95 7 43
1111	58 49 55 8
1112	38 21 43 58
1113	42 69 91 6
1114	21 22 71 17
1115	4 40 9 50
1116	41 79 66 61
1117	11 13 71 97
1118	90 91 22 49
1119	28 52 4 29
1120	73 13 28 82
1121	87 9 77 59
1122	82 89 87 43
1123	67 59 69 75
1124	2 83 41 71
1125	96 29 5 6
1126	39 94 45 29
1127	87 1 95 58
1128	26 69 61 97
1129	10 18 76 24
1130	44 26 31 88
1131	1 26 19 43
1132	20 58 3 59
1133	51 47 21 4
1134	34 40 30 5
1135	60 82 10 23
1136	39 77 17 74
1137	5 24 88 18
1138	23 52 39 80
1139	52 57 37 93
1140	11 92 40 15
1141	89 51 57 70
1142	9 33 78 58
1143	89 82 33 1
1144	26 12 90 38
1145	18 83 40 32
1146	7 28 50 63
1147	98 50 21 4
1148	33 80 62 73
1149	44 36 17 87
1150	83 39 64 65
1151	46 82 51 43
1152	87 31 98 33
1153	21 45 66 36
1154	32 26 30 48
1155	34 53 18 15
1156	6 49 90 51
1157	39 70 5 2
1158	74 16 72 50
1159	45 58 73 30
1160	53 24 95 72
1161	45 39 66 62
1162	37 71 88 85
1163	48 18 37 43
1164	37 27 47 45
1165	40 28 62 90
1166	79 74 20 33
1167	80 37 1 15
1168	8 89 47 24
1169	99 28 20 14
1170	77 84 71 36
1171	41 77 38 42
1172	85 32 3 31
1173	30 54 60 46
1174	72 83 64 42
1175	14 21 93 82
1176	69 21 58 75
1177	70 76 52 80
1178	57 35 21 83
1179	36 86 95 48
1180	73 3 65 72
1181	91 57 76 50
1182	57 26 13 18
1183	67 31 72 42
1184	55 23 33 64
1185	56 92 93 73
1186	35 30 99 81
1187	31 4 68 86
1188	82 85 10 49
1189	3 56 20 17
1190	27 34 43 23
1191	88 15 95 92
1192	48 80 85 59
1193	52 29 69 62
1194	92 16 4 43
1195	87 36 76 77
1196	50 7 19 53
1197	68 30 11 66
1198	28 40 19 3
1199	58 47 92 74
1200	67 39 8 27
1201	85 48 30 93
1202	41 25 33 46
1203	67 33 52 53
1204	82 61 42 63
1205	28 20 38 26
1206	99 97 25 20
1207	7 20 64 2
1208	2 15 74 85
1209	82 14 69 15
1210	95 24 37 42
1211	78 98 33 74
1212	94 28 8 85
1213	19 16 22 59
1214	41 29 48 57
1215	15 52 11 95
1216	49 29 34 68
1217	85 73 84 37
1218	84 59 17 24
1219	59 98 12 85
1220	9 36 65 78
1221	95 10 74 4
1222	6 69 71 54
1223	14 10 69 37
1224	86 39 42 8
1225	95 45 23 24
1226	88 86 94 100
1227	13 19 51 23
1228	95 83 47 96
1229	84 37 78 35
1230	43 76 36 66
1231	85 45 81 95
1232	14 9 4 84
1233	81 21 70 1
1234	65 91 87 74
1235	1 88 100 76
1236	47 38 67 54
1237	53 61 40 31
1238	76 88 97 57
1239	58 91 48 44
1240	73 14 86 88
1241	32 8 3 58
1242	4 72 98 38
1243	9 85 65 92
1244	99 85 13 11
1245	40 16 45 94
1246	25 69 37 24
1247	36 3 100 2
1248	86 92 32 85
1249	22 73 26 71
1250	6 58 97 81
1251	80 91 20 66
1252	51 6 50 73
1253	21 41 85 11
1254	97 46 24 19
1255	83 51 92 60
1256	99 41 45 53
1257	12 94 30 6
1258	55 26 11 43
1259	82 18 96 39
1260	72 30 38 48
1261	26 49 3 25
1262	63 21 62 80
1263	40 83 5 23
1264	69 35 71 15
1265	83 98 25 69
1266	22 66 35 14
1267	51 44 22 1
1268	35 33 21 44
1269	2 92 66 72
1270	30 71 89 68
1271	24 61 43 93
1272	42 5 60 48
1273	74 40 84 98
1274	80 77 90 58
1275	53 47 25 83
1276	69 59 83 42
1277	48 54 12 41
1278	75 82 81 22
1279	25 13 65 34
1280	97 54 93 16
1281	44 43 87 14
1282	63 55 3 82
1283	51 2 76 13
1284	57 21 92 73
1285	97 35 90 50
1286	90 60 74 26
1287	61 77 42 58
1288	44 77 54 83
1289	24 60 64 8
1290	90 46 22 95
1291	67 83 62 41
1292	32 88 73 40
1293	20 27 55 17
1294	59 71 36 31
1295	66 26 97 42
1296	17 75 67 42
1297	79 40 91 36
1298	37 72 42 89
1299	47 18 100 89
1300	60 61 94 36
1301	44 52 80 91
1302	21 56 47 18
1303	15 90 55 64
1304	99 6 72 23
1305	44 3 8 13
1306	84 45 65 50
1307	76 89 60 5
1308	4 34 27 38
1309	31 50 85 41
1310	62 47 82 88
1311	65 69 35 29
1312	62 24 13 55
1313	58 64 57 63
1314	17 34 50 29
1315	46 30 93 31
1316	33 44 17 94
1317	57 33 73 55
1318	73 38 65 28
1319	82 43 17 72
1320	65 43 94 33
1321	72 9 13 71
1322	90 59 97 3
1323	41 37 44 24
1324	97 78 91 27
1325	64 41 75 96
1326	9 24 47 20
1327	62 28 31 63
1328	40 42 53 96
1329	49 1 75 7
1330	39 21 100 83
1331	20 89 78 81
1332	5 85 32 28
1333	77 24 100 82
1334	36 44 87 78
1335	75 83 42 57
1336	78 16 32 94
1337	91 11 24 9
1338	91 68 75 98
1339	47 17 5 19
1340	50 34 87 6
1341	94 23 69 54
1342	56 74 28 35
1343	47 90 73 15
1344	41 47 37 58
1345	98 20 13 72
1346	96 41 94 71
1347	61 69 45 37
1348	14 90 71 38
1349	34 33 61 62
1350	35 91 97 89
1351	70 27 68 72
1352	77 60 26 9
1353	43 54 61 16
1354	46 58 56 77
1355	41 6 63 79
1356	5 21 78 91
1357	78 4 11 96
1358	2 91 49 20
1359	33 13 3 97
1360	48 44 54 80
1361	91 4 87 46
1362	76 36 4 80
1363	8 49 64 56
1364	90 93 60 2
1365	76 53 1 32
1366	71 55 80 15
1367	19 26 85 33
1368	84 76 2 94
1369	2 96 54 49
1370	10 65 57 98
1371	34 32 7 72
1372	81 99 31 29
1373	55 40 64 52
1374	22 13 79 26
1375	24 45 84 72
1376	18 17 60 61
1377	62 39 56 92
1378	98 18 88 34
1379	92 1 73 2
1380	35 66 28 42
1381	88 60 70 74
1382	8 50 58 44
1383	57 73 4 49
1384	1 94 31 5
1385	18 8 54 98
1386	22 18 38 3
1387	18 54 82 91
1388	1 5 9 84
1389	2 34 54 18
1390	12 16 8 53
1391	87 11 3 84
1392	92 64 62 68
1393	79 90 56 39
1394	53 66 38 37
1395	20 100 46 27
1396	17 88 4 14
1397	1 5 61 50
1398	83 21 63 62
1399	49 83 8 46
1400	36 42 29 47
1401	84 33 4 97
1402	100 3 73 82
1403	73 59 95 50
1404	12 88 40 59
1405	83 17 70 95
1406	11 63 23 57
1407	98 30 29 34
1408	34 85 41 68
1409	98 79 70 38
1410	51 91 84 14
1411	89 47 24 58
1412	68 27 71 17
1413	94 98 24 53
1414	94 40 75 81
1415	7 66 48 87
1416	70 7 17 47
1417	2 4 93 41
1418	9 11 94 73
1419	60 77 35 78
1420	19 60 24 57
1421	86 90 12 81
1422	97 61 37 80
1423	88 39 26 68
1424	36 15 96 58
1425	84 97 15 69
1426	71 28 100 16
1427	33 76 96 82
1428	81 42 50 3
1429	72 10 53 90
1430	26 94 13 82
1431	11 57 68 99
1432	62 36 4 35
1433	43 27 93 32
1434	76 93 6 91
1435	89 78 97 1
1436	52 38 100 24
1437	78 17 83 1
1438	17 5 80 57
1439	35 46 74 36
1440	9 60 38 97
1441	26 81 53 44
1442	59 57 70 56
1443	58 61 20 44
1444	54 1 53 78
1445	4 23 14 41
1446	47 43 44 41
1447	38 90 68 100
1448	58 62 65 20
1449	49 31 35 99
1450	57 53 47 10
1451	17 56 1 55
1452	11 100 98 19
1453	55 56 8 70
1454	58 55 100 31
1455	83 64 10 90
1456	8 70 92 77
1457	64 30 76 23
1458	50 28 47 7
1459	65 15 52 13
1460	16 34 74 45
1461	75 56 36 59
1462	35 38 19 88
1463	48 38 11 97
1464	93 75 12 69
1465	95 99 17 46
1466	66 60 24 21
1467	37 61 51 22
1468	17 8 61 30
1469	11 80 81 39
1470	44 85 79 53
1471	70 68 76 59
1472	51 12 89 11
1473	34 24 37 22
1474	43 26 91 18
1475	79 20 77 28
1476	86 6 68 29
1477	60 88 55 19
1478	29 20 55 11
1479	32 38 95 86
1480	50 93 46 4
1481	9 67 93 5
1482	20 1 10 32
1483	78 15 54 1
1484	24 18 59 34
1485	91 59 85 10
1486	38 3 53 14
1487	81 53 5 10
1488	62 1 96 57
1489	51 32 45 66
1490	45 13 16 29
1491	88 26 56 35
1492	44 71 39 59
1493	83 5 49 2
1494	18 63 75 65
1495	95 89 15 22
1496	20 10 2 21
1497	94 37 30 28
1498	48 69 2 21
1499	36 88 25 81
1500	80 94 29 23
1501	42 19 43 65
1502	10 32 1 68
1503	75 14 76 85
1504	94 69 8 11
1505	41 93 40 50
1506	80 76 89 58
1507	67 96 38 53
1508	32 13 78 71
1509	19 31 73 96
1510	8 65 44 80
1511	19 17 60 44
1512	81 89 62 73
1513	61 58 6 10
1514	87 35 18 90
1515	82 2 15 13
1516	90 83 28 73
1517	85 89 22 72
1518	54 25 72 62
1519	33 23 3 35
1520	69 95 34 22
1521	44 33 25 97
1522	15 58 40 8
1523	17 67 74 69
1524	67 18 71 12
1525	4 1 66 76
1526	22 82 26 46
1527	59 33 32 87
1528	52 49 11 96
1529	31 11 16 54
1530	74 83 60 38
1531	56 35 40 25
1532	9 58 41 76
1533	55 92 44 36
1534	60 36 45 28
1535	93 11 23 28
1536	65 99 2 52
1537	28 91 6 17
1538	6 81 91 15
1539	91 38 99 11
1540	62 49 28 76
1541	19 9 4 34
1542	42 32 83 25
1543	79 9 39 61
1544	21 38 77 68
1545	32 60 92 17
1546	13 71 84 8
1547	43 46 8 14
1548	21 45 96 11
1549	61 56 83 32
1550	4 82 35 74
1551	52 28 75 58
1552	71 97 3 21
1553	74 86 29 4
1554	24 15 37 90
1555	90 51 71 11
1556	43 85 75 52
1557	79 37 89 48
1558	64 53 33 6
1559	54 46 23 68
1560	89 80 86 87
1561	43 69 16 63
1562	54 46 29 66
1563	82 7 9 25
1564	62 33 19 29
1565	43 55 14 42
1566	50 32 9 45
1567	33 36 93 18
1568	19 67 56 85
1569	70 40 62 28
1570	37 3 34 81
1571	47 34 73 14
1572	29 4 33 82
1573	82 8 40 58
1574	60 46 25 72
1575	88 21 48 52
1576	31 17 73 23
1577	18 66 45 46
1578	42 47 76 63
1579	68 60 7 10
1580	64 3 76 23
1581	29 51 26 27
1582	5 39 84 97
1583	80 27 48 42
1584	41 35 64 16
1585	4 23 9 100
1586	77 58 56 94
1587	19 90 95 46
1588	6 90 11 8
1589	21 74 35 29
1590	4 77 71 22
1591	51 88 36 61
1592	90 98 61 73
1593	93 6 99 73
1594	54 88 68 73
1595	32 70 78 86
1596	84 68 56 70
1597	100 3 47 25
1598	15 25 76 11
1599	54 94 93 61
1600	71 16 43 52
1601	49 75 37 89
1602	15 3 39 25
1603	33 71 60 41
1604	56 27 16 67
1605	23 49 97 17
1606	97 15 62 67
1607	45 14 97 13
1608	15 11 74 71
1609	22 75 68 21
1610	70 24 61 94
1611	7 47 10 52
1612	66 19 33 62
1613	76 26 82 13
1614	13 53 91 26
1615	88 12 40 70
1616	49 37 76 29
1617	81 97 41 20
1618	80 70 7 77
1619	70 19 67 76
1620	60 83 27 28
1621	96 94 44 55
1622	24 96 76 98
1623	54 16 7 41
1624	100 28 77 21
1625	80 74 60 69
1626	47 72 97 37
1627	47 27 75 70
1628	18 80 99 45
1629	85 8 19 6
1630	42 15 97 9
1631	46 20 34 71
1632	83 91 75 23
1633	19 88 27 65
1634	89 11 73 91
1635	29 33 87 36
1636	60 58 38 78
1637	87 9 98 96
1638	75 41 28 7
1639	73 1 52 15
1640	86 73 60 69
1641	96 85 33 60
1642	74 28 53 4
1643	68 28 9 43
1644	66 45 55 6
1645	20 75 12 77
1646	46 18 29 35
1647	66 25 71 21
1648	92 2 58 39
1649	56 42 11 19
1650	31 41 63 89
1651	84 13 19 77
1652	52 53 31 1
1653	26 56 46 54
1654	65 13 52 44
1655	49 54 92 56
1656	73 48 97 58
1657	6 24 93 26
1658	35 66 67 21
1659	58 60 31 15
1660	37 82 97 7
1661	75 5 59 31
1662	48 19 93 72
1663	78 7 26 10
1664	42 26 30 5
1665	25 45 90 37
1666	82 42 57 31
1667	25 39 87 19
1668	6 81 10 46
1669	73 41 38 33
1670	49 62 45 11
1671	90 35 70 32
1672	35 84 67 89
1673	75 5 35 31
1674	87 6 74 23
1675	97 91 18 89
1676	10 21 57 27
1677	12 13 39 44
1678	47 100 92 42
1679	16 37 80 61
1680	52 21 70 42
1681	11 38 45 6
1682	69 59 97 71
1683	72 68 47 13
1684	72 31 48 84
1685	29 6 81 22
1686	36 31 11 54
1687	6 93 2 70
1688	27 3 52 74
1689	95 35 43 61
1690	67 89 57 43
1691	91 7 64 89
1692	25 43 38 9
1693	7 33 16 24
1694	80 85 7 32
1695	17 48 2 13
1696	59 2 39 5
1697	76 2 43 36
1698	93 18 99 74
1699	92 23 47 53
1700	2 44 19 88
1701	79 52 17 61
1702	35 57 32 17
1703	1 60 93 64
1704	35 46 74 50
1705	41 55 70 75
1706	39 90 17 94
1707	29 33 68 82
1708	85 21 23 29
1709	60 94 3 84
1710	95 20 47 44
1711	51 18 4 27
1712	4 44 79 24
1713	12 38 36 4
1714	99 45 21 62
1715	83 92 69 13
1716	7 30 44 28
1717	71 82 99 7
1718	96 20 95 89
1719	21 67 4 57
1720	2 27 58 62
1721	75 47 14 100
1722	43 58 30 8
1723	73 51 83 48
1724	3 29 100 4
1725	6 60 18 35
1726	47 19 1 69
1727	51 1 98 91
1728	92 68 55 59
1729	55 7 73 37
1730	16 90 23 12
1731	100 72 94 15
1732	20 39 58 67
1733	2 42 5 68
1734	25 91 72 93
1735	56 10 7 84
1736	12 51 11 97
1737	24 84 26 22
1738	33 42 93 28
1739	61 97 83 6
1740	97 85 99 68
1741	47 22 91 35
1742	13 8 1 50
1743	19 17 97 43
1744	15 62 75 89
1745	35 38 83 75
1746	19 88 82 34
1747	95 33 88 50
1748	76 45 15 21
1749	18 60 71 83
1750	38 39 7 66
1751	98 52 14 74
1752	27 83 19 25
1753	37 5 62 8
1754	75 23 41 90
1755	74 52 85 1
1756	59 53 23 9
1757	43 65 14 87
1758	65 47 13 49
1759	8 24 66 82
1760	91 33 49 58
1761	63 69 9 87
1762	15 73 72 91
1763	16 89 91 94
1764	58 76 5 10
1765	54 5 61 19
1766	17 35 58 9
1767	73 43 83 58
1768	22 10 11 72
1769	54 45 76 12
1770	23 19 42 49
1771	40 10 34 32
1772	16 88 3 24
1773	34 91 62 87
1774	80 91 30 82
1775	24 73 60 93
1776	50 33 49 96
1777	25 93 68 39
1778	96 2 71 11
1779	55 81 25 75
1780	7 84 81 95
1781	92 95 77 15
1782	47 53 9 78
1783	58 27 82 56
1784	70 43 18 71
1785	69 59 18 76
1786	50 30 27 86
1787	37 30 39 52
1788	12 5 54 11
1789	79 67 14 52
1790	67 18 76 7
1791	1 8 14 21
1792	8 6 41 44
1793	94 95 44 25
1794	89 47 72 22
1795	23 34 97 40
1796	42 76 74 51
1797	1 31 37 72
1798	69 12 22 24
1799	27 95 61 2
1800	21 42 79 46
1801	54 52 29 37
1802	56 27 4 37
1803	64 63 28 9
1804	33 37 15 83
1805	37 60 31 5
1806	38 66 2 46
1807	48 85 79 26
1808	9 11 37 17
1809	79 27 72 80
1810	23 5 80 56
1811	70 68 50 51
1812	82 34 65 13
1813	91 9 13 21
1814	97 85 29 3
1815	2 26 75 19
1816	37 43 72 79
1817	17 24 55 62
1818	37 25 42 97
1819	71 90 47 16
1820	15 81 92 85
1821	7 9 93 21
1822	80 92 93 65
1823	53 22 24 6
1824	3 30 87 74
1825	75 97 70 98
1826	71 84 9 34
1827	22 72 91 79
1828	20 45 80 82
1829	76 48 81 34
1830	86 62 57 66
1831	56 70 99 73
1832	87 28 70 33
1833	94 45 18 74
1834	2 89 24 53
1835	14 99 38 54
1836	29 79 48 94
1837	5 69 40 77
1838	41 42 57 37
1839	20 87 19 69
1840	22 28 72 37
1841	90 68 81 86
1842	83 59 96 94
1843	98 27 82 47
1844	25 80 73 56
1845	97 71 43 46
1846	63 41 19 71
1847	56 74 76 48
1848	67 79 100 75
1849	8 29 18 88
1850	29 43 2 35
1851	20 8 43 38
1852	4 42 56 73
1853	96 49 97 91
1854	71 37 77 12
1855	62 82 27 30
1856	80 13 82 14
1857	53 43 35 99
1858	98 29 46 54
1859	66 73 9 30
1860	51 25 60 98
1861	94 55 52 87
1862	79 48 49 9
1863	42 53 32 55
1864	16 45 51 90
1865	37 84 65 92
1866	43 21 13 23
1867	92 87 74 48
1868	66 41 49 35
1869	79 22 86 68
1870	19 96 20 37
1871	26 68 19 95
1872	2 3 67 22
1873	83 6 5 27
1874	27 63 95 52
1875	85 91 46 92
1876	12 71 94 99
1877	55 71 31 83
1878	7 88 60 54
1879	44 43 63 24
1880	57 58 44 42
1881	63 20 22 78
1882	15 71 26 68
1883	16 57 89 32
1884	55 73 78 97
1885	35 83 76 17
1886	33 67 58 100
1887	21 25 38 41
1888	39 62 24 23
1889	68 47 86 7
1890	20 4 16 48
1891	74 2 23 98
1892	98 35 69 86
1893	96 59 67 72
1894	56 96 74 51
1895	7 100 66 59
1896	32 48 34 8
1897	51 12 2 34
1898	81 90 17 84
1899	77 72 83 69
1900	34 59 37 12
1901	100 95 81 70
1902	30 73 93 31
1903	61 12 89 87
1904	98 74 51 81
1905	99 9 59 62
1906	12 72 98 55
1907	53 1 79 72
1908	89 98 26 10
1909	89 48 14 3
1910	66 49 13 77
1911	80 51 36 55
1912	46 72 15 47
1913	15 7 61 55
1914	16 67 92 28
1915	82 18 61 39
1916	22 98 95 9
1917	88 86 91 31
1918	84 69 99 49
1919	70 15 36 85
1920	82 67 36 81
1921	76 26 70 4
1922	3 100 80 44
1923	99 61 81 9
1924	10 27 77 56
1925	85 84 21 20
1926	50 88 47 62
1927	7 78 90 91
1928	71 22 9 68
1929	31 54 58 36
1930	54 81 36 65
1931	28 10 33 99
1932	78 42 90 65
1933	36 84 94 55
1934	18 22 82 6
1935	45 72 62 27
1936	65 18 94 91
1937	59 7 99 84
1938	33 13 75 96
1939	74 37 49 46
1940	1 83 23 36
1941	43 17 23 35
1942	50 96 88 42
1943	9 55 54 84
1944	71 34 67 43
1945	80 21 44 42
1946	1 85 68 50
1947	3 53 8 46
1948	71 73 54 58
1949	43 78 3 41
1950	62 55 11 26
1951	1 91 86 54
1952	91 63 71 70
1953	68 47 100 15
1954	45 40 23 98
1955	47 56 77 68
1956	32 17 30 44
1957	6 61 54 16
1958	10 37 95 19
1959	1 5 48 54
1960	65 66 29 2
1961	87 80 72 73
1962	68 4 32 22
1963	59 68 73 16
1964	60 25 13 18
1965	48 33 95 10
1966	70 69 25 82
1967	3 13 17 60
1968	52 41 91 80
1969	24 64 51 54
1970	45 88 44 19
1971	85 38 22 23
1972	86 46 8 78
1973	38 100 84 7
1974	41 60 97 4
1975	66 39 23 36
1976	4 93 94 88
1977	38 55 24 63
1978	8 47 65 2
1979	6 98 29 33
1980	79 13 91 55
1981	5 21 10 78
1982	37 52 77 81
1983	69 16 49 93
1984	38 9 12 33
1985	57 76 43 83
1986	80 97 39 83
1987	78 47 84 56
1988	66 3 29 71
1989	64 92 22 38
1990	94 55 5 62
1991	60 95 69 61
1992	65 16 66 91
1993	43 30 36 20
1994	90 62 68 59
1995	54 37 6 31
1996	2 94 16 19
1997	67 82 6 24
1998	55 59 9 16
1999	75 31 11 68
2000	49 35 27 46
2001	35 57 79 98
2002	71 84 40 32
2003	17 89 32 53
2004	28 34 72 48
2005	29 58 10 76
2006	85 68 47 61
2007	1 77 70 20
2008	52 64 57 15
2009	30 84 69 4
2010	65 85 30 14
2011	66 46 65 23
2012	69 47 76 59
2013	63 7 62 97
2014	93 57 13 63
2015	25 42 69 8
2016	18 30 79 23
2017	68 88 18 56
2018	69 2 13 41
2019	83 34 84 93
2020	38 77 91 74
2021	70 68 20 23
2022	70 68 83 81
2023	93 77 1 27
2024	91 25 47 98
2025	39 8 89 100
2026	60 93 95 23
2027	61 86 45 70
2028	76 45 83 12
2029	40 4 45 85
2030	20 14 17 16
2031	47 85 27 22
2032	76 79 48 33
2033	79 2 42 48
2034	56 15 37 32
2035	66 84 25 29
2036	70 87 35 59
2037	29 58 56 22
2038	71 81 35 27
2039	69 94 81 65
2040	25 20 90 37
2041	14 17 78 48
2042	72 59 79 95
2043	8 69 55 12
2044	8 55 80 78
2045	67 35 56 47
2046	61 92 6 5
2047	95 11 24 18
2048	56 33 50 57
2049	75 44 50 93
2050	31 40 93 61
2051	28 87 93 94
2052	26 56 79 45
2053	24 89 58 62
2054	55 88 82 75
2055	20 64 26 85
2056	12 39 94 57
2057	51 18 80 95
2058	53 41 88 51
2059	84 77 15 31
2060	90 86 69 66
2061	74 98 96 18
2062	52 74 10 23
2063	90 57 62 82
2064	88 58 99 68
2065	35 16 2 40
2066	84 18 1 41
2067	64 98 57 45
2068	93 66 83 78
2069	74 78 22 68
2070	44 64 35 100
2071	29 38 90 68
2072	95 85 7 66
2073	10 65 12 63
2074	25 48 18 41
2075	98 51 1 16
2076	32 76 26 2
2077	18 64 82 57
2078	46 95 2 75
2079	81 90 96 93
2080	19 69 81 27
2081	13 45 55 9
2082	54 68 100 14
2083	49 2 51 15
2084	13 7 49 64
2085	51 41 1 44
2086	33 12 82 25
2087	20 89 26 78
2088	63 21 15 75
2089	69 80 73 56
2090	39 17 80 22
2091	61 1 33 15
2092	45 10 11 82
2093	18 33 85 22
2094	76 55 73 25
2095	58 27 10 95
2096	85 11 83 60
2097	7 44 19 22
2098	59 76 80 38
2099	6 26 44 85
2100	29 44 73 7
2101	28 48 90 35
2102	26 34 84 49
2103	89 81 69 17
2104	54 29 49 45
2105	43 64 70 92
2106	8 96 55 47
2107	41 33 69 96
2108	91 96 44 39
2109	68 97 47 56
2110	27 47 44 24
2111	76 35 56 96
2112	38 82 59 16
2113	49 39 95 44
2114	41 5 83 8
2115	74 91 71 86
2116	93 4 24 63
2117	92 51 15 85
2118	91 97 38 44
2119	98 55 10 52
2120	74 82 57 18
2121	3 91 42 85
2122	69 91 100 35
2123	19 64 9 21
2124	57 32 67 3
2125	34 40 64 89
2126	21 91 49 95
2127	78 75 45 38
2128	23 62 3 32
2129	76 62 74 67
2130	16 95 100 30
2131	88 38 53 75
2132	40 63 35 38
2133	74 85 52 88
2134	46 13 96 48
2135	98 39 66 65
2136	8 99 51 70
2137	51 43 9 36
2138	25 96 34 94
2139	36 63 70 27
2140	7 66 75 74
2141	61 79 69 76
2142	3 69 52 60
2143	16 44 12 27
2144	8 6 25 100
2145	64 38 59 95
2146	95 61 11 14
2147	55 82 1 89
2148	42 12 94 23
2149	98 91 42 70
2150	21 95 53 59
2151	57 53 83 49
2152	48 56 6 64
2153	1 78 9 61
2154	95 48 16 99
2155	53 37 89 23
2156	29 22 72 46
2157	88 76 11 8
2158	94 24 41 93
2159	98 45 76 28
2160	94 23 75 10
2161	100 4 87 19
2162	83 97 9 71
2163	18 26 75 49
2164	38 64 28 8
2165	39 57 14 31
2166	9 10 22 28
2167	60 30 20 63
2168	55 89 87 79
2169	2 100 7 50
2170	71 40 75 9
2171	78 98 28 37
2172	95 74 90 63
2173	14 43 98 31
2174	74 96 68 86
2175	53 94 75 13
2176	10 89 73 38
2177	25 100 93 47
2178	86 91 87 90
2179	21 92 22 11
2180	5 23 58 18
2181	72 85 70 61
2182	52 47 45 87
2183	47 78 30 36
2184	44 13 29 95
2185	79 78 26 69
2186	13 86 89 29
2187	64 28 17 45
2188	15 89 47 12
2189	22 55 37 15
2190	66 97 50 31
2191	23 14 22 77
2192	59 90 22 98
2193	86 95 24 45
2194	94 91 65 30
2195	80 92 73 65
2196	56 22 75 17
2197	91 40 25 60
2198	54 84 41 59
2199	23 16 69 71
2200	10 56 88 99
2201	62 76 96 6
2202	6 72 25 74
2203	19 13 17 27
2204	72 95 20 71
2205	62 36 6 4
2206	5 71 21 88
2207	15 81 97 58
2208	16 51 11 3
2209	23 71 91 8
2210	99 54 55 15
2211	42 13 40 30
2212	26 11 35 22
2213	44 29 81 49
2214	1 97 75 26
2215	100 53 30 49
2216	80 95 64 72
2217	35 27 24 85
2218	39 20 53 69
2219	20 37 90 1
2220	36 15 41 31
2221	27 25 61 95
2222	86 92 13 5
2223	27 82 91 4
2224	52 4 84 95
2225	83 26 29 59
2226	29 14 99 57
2227	65 9 100 21
2228	90 69 76 94
2229	72 61 100 27
2230	38 24 73 89
2231	45 36 66 57
2232	4 85 2 11
2233	98 38 80 72
2234	34 80 97 41
2235	27 61 97 22
2236	89 37 35 13
2237	88 60 25 55
2238	73 3 29 6
2239	60 19 83 53
2240	56 69 99 7
2241	91 39 48 88
2242	85 3 60 15
2243	18 97 64 17
2244	65 18 47 92
2245	36 71 24 47
2246	12 55 59 33
2247	33 55 38 5
2248	17 32 61 49
2249	39 24 9 82
2250	94 73 89 99
2251	28 73 16 35
2252	2 62 83 31
2253	56 23 45 92
2254	14 96 47 83
2255	53 28 49 6
2256	72 76 63 43
2257	82 72 60 83
2258	74 80 28 2
2259	34 70 58 27
2260	70 64 51 63
2261	57 25 40 48
2262	68 98 78 27
2263	40 6 70 60
2264	87 35 76 88
2265	51 59 89 93
2266	94 64 83 17
2267	6 37 39 12
2268	92 95 17 10
2269	39 63 37 28
2270	37 91 26 71
2271	71 80 53 83
2272	76 91 24 49
2273	4 42 25 63
2274	51 78 99 14
2275	1 59 64 98
2276	95 82 18 43
2277	71 39 22 51
2278	18 60 74 9
2279	81 66 100 2
2280	28 100 46 84
2281	9 42 80 12
2282	3 90 53 48
2283	22 54 74 61
2284	93 49 68 22
2285	2 18 12 87
2286	67 17 88 81
2287	78 37 40 79
2288	3 77 50 22
2289	13 54 89 61
2290	28 79 37 93
2291	27 59 42 32
2292	66 1 10 74
2293	28 4 60 80
2294	85 56 39 6
2295	46 95 40 7
2296	82 76 38 59
2297	21 51 68 27
2298	94 21 42 76
2299	28 44 25 91
2300	54 88 81 58
2301	93 31 46 15
2302	50 84 28 4
2303	8 44 33 26
2304	30 33 49 56
2305	54 51 25 84
2306	88 41 75 89
2307	7 74 91 79
2308	4 27 76 32
2309	42 69 53 52
2310	48 93 42 40
2311	34 33 53 78
2312	48 54 92 94
2313	21 28 54 6
2314	98 1 5 36
2315	80 79 32 7
2316	58 19 78 50
2317	12 69 75 15
2318	99 40 79 86
2319	39 28 33 81
2320	76 55 9 34
2321	27 3 24 90
2322	17 21 67 2
2323	48 33 20 81
2324	53 58 38 36
2325	90 21 84 72
2326	31 86 65 50
2327	74 54 73 29
2328	76 23 13 100
2329	10 76 94 43
2330	53 60 66 76
2331	39 16 94 71
2332	49 69 5 76
2333	56 78 17 88
2334	95 15 10 87
2335	95 6 1 91
2336	78 40 55 44
2337	88 86 69 89
2338	63 6 13 19
2339	70 84 63 5
2340	46 50 58 18
2341	56 25 78 13
2342	97 22 73 90
2343	35 100 34 59
2344	93 99 44 87
2345	24 72 67 46
2346	82 54 52 60
2347	27 98 51 59
2348	8 77 99 88
2349	87 49 82 14
2350	48 26 56 79
2351	20 52 37 26
2352	93 95 33 1
2353	29 15 12 35
2354	83 100 69 39
2355	72 11 20 25
2356	60 90 31 35
2357	38 23 92 19
2358	42 76 38 31
2359	5 83 72 81
2360	66 14 80 38
2361	46 22 8 64
2362	3 13 37 58
2363	32 11 91 84
2364	72 92 66 2
2365	21 17 31 83
2366	96 76 58 24
2367	72 49 93 62
2368	7 32 45 94
2369	12 95 63 52
2370	85 16 75 61
2371	93 79 81 58
2372	45 49 51 81
2373	13 59 79 99
2374	14 49 77 91
2375	62 57 88 15
2376	16 28 47 69
2377	21 87 63 77
2378	76 84 58 63
2379	96 92 90 59
2380	9 51 23 85
2381	6 100 68 92
2382	50 12 17 92
2383	31 67 43 12
2384	53 47 99 78
2385	26 14 40 67
2386	11 66 2 91
2387	69 74 94 97
2388	59 54 95 99
2389	40 98 91 75
2390	28 5 3 82
2391	63 36 64 100
2392	77 88 60 9
2393	19 75 73 83
2394	88 77 25 44
2395	98 9 19 70
2396	87 6 44 29
2397	96 3 82 31
2398	58 97 12 50
2399	3 1 100 51
2400	50 78 46 13
2401	82 68 55 83
2402	97 6 29 98
2403	97 45 26 38
2404	41 29 32 65
2405	34 77 49 43
2406	8 36 7 86
2407	54 36 26 8
2408	86 25 97 80
2409	11 23 61 8
2410	44 46 62 54
2411	59 32 31 56
2412	84 54 11 89
2413	4 51 84 42
2414	25 69 78 67
2415	53 10 8 38
2416	80 13 38 52
2417	42 7 40 80
2418	64 98 18 71
2419	53 45 32 83
2420	78 56 35 66
2421	41 94 35 26
2422	94 31 53 43
2423	36 7 82 83
2424	53 64 13 35
2425	6 69 62 2
2426	91 37 11 39
2427	11 49 20 5
2428	12 17 80 55
2429	7 52 28 50
2430	17 48 69 76
2431	12 60 35 67
2432	19 99 89 27
2433	79 43 90 13
2434	60 94 29 87
2435	76 1 51 78
2436	84 46 63 81
2437	24 59 19 31
2438	28 44 56 39
2439	92 25 33 35
2440	80 19 71 79
2441	12 34 31 24
2442	33 3 76 6
2443	35 80 37 22
2444	29 80 72 41
2445	8 55 71 61
2446	90 45 24 27
2447	24 87 62 90
2448	82 59 99 80
2449	22 24 79 18
2450	2 55 88 79
2451	7 89 6 27
2452	6 58 79 49
2453	52 4 23 17
2454	24 32 64 12
2455	5 90 74 35
2456	25 81 63 6
2457	59 14 93 7
2458	47 35 15 56
2459	1 63 71 66
2460	47 24 85 89
2461	5 86 70 94
2462	14 72 64 90
2463	59 76 43 87
2464	60 64 4 75
2465	70 33 94 81
2466	79 69 49 26
2467	53 84 74 78
2468	67 42 32 86
2469	57 10 96 41
2470	48 25 60 63
2471	92 14 70 59
2472	70 97 85 65
2473	29 8 50 100
2474	45 79 82 44
2475	62 87 90 51
2476	22 39 58 26
2477	87 57 14 6
2478	80 64 11 78
2479	14 3 62 29
2480	55 39 13 36
2481	38 34 75 3
2482	42 69 51 44
2483	98 21 4 51
2484	8 95 9 6
2485	32 86 10 70
2486	55 23 65 79
2487	50 42 36 66
2488	7 59 4 42
2489	83 10 92 60
2490	27 82 61 30
2491	12 61 62 13
2492	6 86 14 80
2493	72 64 81 35
2494	67 15 63 14
2495	81 20 35 75
2496	15 61 18 91
2497	32 46 93 10
2498	16 12 99 48
2499	96 75 31 92
2500	51 32 4 74
2501	62 90 98 93
2502	39 63 42 92
2503	4 71 79 98
2504	99 10 23 54
2505	81 74 18 77
2506	91 92 43 71
2507	17 51 62 6
2508	50 24 51 33
2509	94 43 36 30
2510	64 25 4 72
2511	30 85 65 34
2512	35 79 7 55
2513	73 52 48 57
2514	29 24 52 81
2515	53 21 50 32
2516	33 29 63 66
2517	84 10 29 5
2518	10 76 13 29
2519	81 61 9 80
2520	67 85 15 18
2521	58 37 85 89
2522	39 3 44 74
2523	94 45 55 61
2524	8 97 6 82
2525	29 87 33 51
2526	51 97 72 3
2527	6 33 62 92
2528	2 63 4 99
2529	69 53 36 16
2530	92 77 100 89
2531	49 26 35 100
2532	86 1 16 53
2533	29 32 62 47
2534	90 35 2 6
2535	76 9 6 91
2536	93 80 27 35
2537	77 36 32 90
2538	43 88 71 76
2539	9 32 86 91
2540	85 51 94 79
2541	3 77 40 86
2542	7 78 42 58
2543	25 66 3 22
2544	94 60 99 31
2545	100 99 61 17
2546	99 25 26 49
2547	4 97 73 63
2548	76 43 100 41
2549	17 11 5 37
2550	41 72 26 85
2551	31 38 42 37
2552	95 22 57 85
2553	80 7 72 82
2554	47 23 68 48
2555	40 27 22 3
2556	5 54 66 83
2557	62 38 41 58
2558	94 53 35 96
2559	44 79 64 83
2560	6 94 42 84
2561	44 100 78 33
2562	2 18 53 44
2563	81 84 32 1
2564	59 38 83 79
2565	57 22 30 96
2566	15 48 89 79
2567	2 79 1 78
2568	86 33 14 39
2569	86 70 48 13
2570	93 51 26 52
2571	33 22 36 7
2572	6 40 3 68
2573	60 87 86 79
2574	82 62 16 89
2575	96 92 1 78
2576	43 70 86 56
2577	12 53 78 28
2578	82 92 17 88
2579	21 97 73 11
2580	50 66 45 9
2581	36 70 40 74
2582	77 65 78 29
2583	78 91 39 13
2584	93 35 38 86
2585	3 18 66 30
2586	89 90 23 94
2587	53 94 74 64
2588	17 3 6 25
2589	93 54 2 49
2590	82 3 16 99
2591	61 24 66 28
2592	80 50 12 37
2593	98 17 25 13
2594	42 55 88 43
2595	11 86 39 25
2596	95 76 80 84
2597	30 26 53 19
2598	6 71 34 21
2599	40 27 14 79
2600	19 82 8 80
2601	70 55 99 1
2602	36 8 92 84
2603	59 96 85 8
2604	91 28 39 18
2605	5 17 63 41
2606	37 6 23 68
2607	34 40 8 41
2608	98 23 7 37
2609	43 42 61 68
2610	4 77 1 88
2611	64 10 52 75
2612	20 99 57 86
2613	18 27 13 80
2614	67 97 71 45
2615	46 10 12 84
2616	58 8 85 87
2617	23 27 8 22
2618	40 67 38 46
2619	50 82 19 77
2620	9 83 31 23
2621	34 37 82 75
2622	36 99 51 57
2623	94 73 61 44
2624	22 83 74 13
2625	83 17 7 49
2626	92 38 86 67
2627	74 53 54 64
2628	26 87 6 98
2629	60 2 49 14
2630	57 3 23 58
2631	97 88 90 37
2632	87 90 29 16
2633	55 12 44 69
2634	83 98 36 90
2635	7 92 43 95
2636	97 43 80 37
2637	82 78 25 15
2638	99 39 21 90
2639	64 71 11 63
2640	40 57 5 60
2641	13 56 100 8
2642	91 21 65 81
2643	67 2 29 35
2644	87 66 38 99
2645	61 3 24 79
2646	99 37 97 24
2647	89 72 48 1
2648	99 62 40 7
2649	46 89 40 95
2650	66 76 99 47
2651	14 92 50 97
2652	88 24 25 76
2653	96 79 67 37
2654	82 30 41 95
2655	37 26 19 68
2656	12 53 43 81
2657	40 90 37 79
2658	17 6 7 86
2659	95 86 72 44
2660	17 57 63 10
2661	6 81 27 65
2662	26 50 87 3
2663	63 59 44 20
2664	10 66 12 89
2665	28 89 2 7
2666	88 75 8 60
2667	48 28 24 64
2668	36 83 12 25
2669	59 17 67 92
2670	21 81 25 49
2671	1 5 66 8
2672	19 79 71 18
2673	50 26 89 20
2674	25 22 67 64
2675	70 100 5 80
2676	76 50 97 49
2677	63 52 45 59
2678	66 26 95 63
2679	2 82 90 81
2680	72 7 11 73
2681	60 57 66 83
2682	60 45 87 28
2683	50 85 94 8
2684	5 48 29 32
2685	43 29 27 70
2686	81 28 15 1
2687	41 74 97 64
2688	9 34 98 24
2689	5 12 73 51
2690	59 58 54 26
2691	77 79 49 1
2692	66 7 38 80
2693	9 56 8 86
2694	52 90 37 15
2695	4 62 5 92
2696	48 56 75 34
2697	30 97 70 78
2698	39 49 35 42
2699	55 91 71 59
2700	81 16 34 87
2701	67 43 40 93
2702	24 14 5 11
2703	83 45 8 49
2704	14 31 85 76
2705	18 41 33 95
2706	28 56 21 73
2707	52 78 35 24
2708	86 99 53 97
2709	51 58 8 89
2710	86 42 21 3
2711	92 8 31 48
2712	35 66 8 33
2713	73 88 1 24
2714	58 4 67 61
2715	70 19 31 88
2716	55 79 80 90
2717	94 93 32 7
2718	93 6 43 84
2719	88 57 43 8
2720	12 34 30 7
2721	25 93 60 91
2722	45 93 89 67
2723	25 58 33 64
2724	10 1 19 29
2725	63 50 93 70
2726	22 85 55 1
2727	95 38 43 19
2728	94 65 34 64
2729	39 86 99 58
2730	54 78 100 25
2731	94 52 59 77
2732	66 30 46 77
2733	68 11 49 59
2734	66 5 49 75
2735	88 99 26 29
2736	78 29 28 94
2737	29 78 54 17
2738	54 70 89 82
2739	6 60 63 79
2740	10 31 33 95
2741	24 23 93 87
2742	3 63 58 94
2743	40 46 82 50
2744	96 50 10 78
2745	21 75 61 82
2746	30 73 26 66
2747	2 31 38 99
2748	92 87 1 35
2749	25 47 24 36
2750	90 65 71 39
2751	95 14 75 41
2752	47 67 4 3
2753	45 6 92 98
2754	59 99 30 45
2755	89 49 42 74
2756	42 38 18 78
2757	68 42 78 65
2758	69 93 79 11
2759	94 17 66 89
2760	51 95 37 30
2761	78 99 31 42
2762	58 40 70 85
2763	54 96 6 74
2764	31 46 44 1
2765	17 33 77 52
2766	13 12 77 62
2767	59 72 35 24
2768	78 76 32 45
2769	60 16 49 71
2770	92 15 3 86
2771	14 18 11 85
2772	38 42 95 66
2773	25 88 9 97
2774	89 22 73 4
2775	85 70 71 63
2776	93 91 33 80
2777	6 87 20 91
2778	59 4 39 60
2779	4 21 76 13
2780	28 11 8 15
2781	15 7 73 42
2782	72 26 4 10
2783	95 28 71 27
2784	79 10 21 17
2785	47 98 38 19
2786	93 87 92 54
2787	32 31 84 7
2788	37 80 85 59
2789	17 92 59 4
2790	10 58 29 83
2791	29 40 96 95
2792	71 43 4 13
2793	98 89 71 42
2794	67 6 88 40
2795	3 82 18 1
2796	85 95 28 71
2797	43 67 14 92
2798	6 16 42 4
2799	28 93 86 11
2800	20 43 32 46
2801	44 68 90 4
2802	68 29 26 60
2803	20 61 31 51
2804	80 79 88 48
2805	16 29 19 93
2806	7 66 32 5
2807	42 44 10 61
2808	89 6 30 20
2809	73 74 64 61
2810	7 85 58 33
2811	44 79 28 40
2812	6 94 5 97
2813	51 19 39 30
2814	14 29 42 25
2815	53 25 95 12
2816	42 26 14 47
2817	55 15 38 9
2818	7 67 59 89
2819	36 84 57 86
2820	74 83 71 14
2821	9 21 12 95
2822	18 10 7 1
2823	82 91 68 39
2824	35 48 53 77
2825	53 67 52 31
2826	91 94 97 87
2827	15 100 97 75
2828	99 47 39 32
2829	9 99 69 51
2830	13 22 98 44
2831	32 78 60 84
2832	38 35 96 62
2833	83 53 56 38
2834	95 13 14 5
2835	40 18 53 13
2836	1 63 91 40
2837	29 21 85 77
2838	13 99 24 3
2839	83 21 80 87
2840	3 90 24 73
2841	38 44 83 95
2842	92 47 39 2
2843	17 95 38 24
2844	88 79 44 47
2845	90 19 67 63
2846	31 53 49 41
2847	61 14 92 83
2848	1 94 26 66
2849	90 62 85 75
2850	18 11 13 66
2851	27 48 18 16
2852	99 31 63 6
2853	7 63 14 85
2854	56 46 12 68
2855	39 76 69 93
2856	94 83 97 3
2857	96 25 5 90
2858	50 27 37 57
2859	92 65 10 68
2860	70 67 34 96
2861	64 66 49 96
2862	86 60 18 87
2863	16 28 53 36
2864	86 49 9 87
2865	70 5 97 68
2866	24 82 22 1
2867	66 63 78 85
2868	86 62 92 54
2869	3 67 59 11
2870	3 30 25 66
2871	36 63 50 99
2872	18 31 3 75
2873	46 37 23 94
2874	52 88 21 22
2875	18 29 23 30
2876	94 35 6 59
2877	44 91 36 63
2878	53 93 85 47
2879	89 74 39 73
2880	13 82 46 9
2881	91 52 22 71
2882	52 37 27 74
2883	4 27 8 97
2884	90 97 61 88
2885	58 41 26 99
2886	100 84 7 71
2887	25 74 62 61
2888	90 30 8 93
2889	98 85 59 4
2890	14 98 10 63
2891	74 15 8 68
2892	48 86 34 83
2893	12 70 22 32
2894	68 21 66 45
2895	37 49 23 94
2896	91 94 62 99
2897	11 16 46 88
2898	24 65 62 1
2899	36 91 23 6
2900	39 85 54 15
2901	40 6 75 17
2902	59 5 63 33
2903	10 33 52 13
2904	65 36 39 50
2905	74 6 44 30
2906	67 85 45 54
2907	13 6 14 5
2908	69 2 36 81
2909	66 7 1 15
2910	39 3 96 70
2911	36 41 27 88
2912	21 23 43 19
2913	30 37 13 74
2914	10 61 30 31
2915	82 45 53 40
2916	46 74 27 65
2917	89 14 85 12
2918	43 10 46 96
2919	38 49 59 47
2920	68 36 85 70
2921	69 87 81 64
2922	85 24 33 20
2923	13 98 90 38
2924	3 72 94 48
2925	23 21 94 28
2926	63 86 66 26
2927	3 79 46 7
2928	89 20 64 55
2929	31 2 9 41
2930	5 38 39 88
2931	20 67 8 19
2932	85 21 17 22
2933	21 29 74 25
2934	94 67 19 42
2935	68 7 94 82
2936	38 100 81 34
2937	24 90 57 68
2938	98 11 100 90
2939	68 87 44 79
2940	7 61 5 49
2941	3 77 43 54
2942	51 7 11 3
2943	6 2 70 80
2944	68 86 100 99
2945	54 28 86 92
2946	30 95 11 17
2947	73 49 37 17
2948	67 19 35 54
2949	70 27 51 81
2950	88 51 15 69
2951	97 84 55 21
2952	39 70 59 10
2953	88 60 38 42
2954	39 97 25 63
2955	77 61 6 4
2956	52 47 38 98
2957	52 9 45 17
2958	18 24 85 4
2959	37 1 25 26
2960	3 79 5 7
2961	77 4 71 64
2962	12 7 4 76
2963	21 68 51 28
2964	41 17 98 97
2965	3 72 97 6
2966	6 72 15 97
2967	35 100 47 55
2968	100 24 42 29
2969	55 16 48 53
2970	11 77 66 55
2971	58 27 45 48
2972	11 1 97 43
2973	41 2 23 97
2974	87 17 47 3
2975	79 2 76 68
2976	2 13 73 66
2977	77 49 40 53
2978	69 90 88 74
2979	42 4 90 84
2980	42 94 83 37
2981	3 34 38 2
2982	46 53 5 41
2983	96 86 66 53
2984	52 56 95 57
2985	24 72 35 41
2986	71 66 23 87
2987	100 85 46 6
2988	42 99 19 8
2989	33 69 94 17
2990	3 36 29 5
2991	5 25 7 79
2992	92 90 16 6
2993	45 41 49 94
2994	10 60 35 59
2995	61 81 23 52
2996	10 42 23 38
2997	7 89 61 95
2998	48 53 4 62
2999	43 47 20 70
3000	63 93 23 74
3001	40 6 32 93
3002	82 44 52 21
3003	43 52 11 33
3004	34 37 72 7
3005	22 53 96 5
3006	48 99 75 55
3007	100 75 47 96
3008	33 1 84 27
3009	90 75 56 7
3010	28 88 81 67
3011	39 10 80 75
3012	88 33 82 12
3013	26 36 94 66
3014	24 10 26 30
3015	88 48 83 31
3016	53 20 47 54
3017	91 46 47 73
3018	73 71 75 77
3019	14 68 97 100
3020	59 41 91 66
3021	25 13 10 2
3022	81 90 46 94
3023	48 46 62 65
3024	92 52 87 44
3025	100 64 21 50
3026	99 66 70 2
3027	42 52 2 18
3028	21 60 17 29
3029	39 95 77 5
3030	43 71 16 77
3031	10 91 19 88
3032	19 73 49 55
3033	85 67 88 64
3034	54 59 75 4
3035	7 17 52 5
3036	86 95 2 64
3037	18 73 64 6
3038	25 13 10 61
3039	57 68 15 60
3040	42 47 20 31
3041	29 69 100 44
3042	6 97 23 36
3043	69 24 79 72
3044	75 45 25 86
3045	12 55 91 31
3046	57 96 5 19
3047	92 89 57 62
3048	73 72 11 16
3049	36 55 92 70
3050	7 46 66 33
3051	4 57 8 92
3052	68 29 11 89
3053	99 20 18 61
3054	54 89 56 77
3055	37 100 72 17
3056	57 38 45 33
3057	83 62 31 98
3058	87 20 38 11
3059	76 91 95 68
3060	7 44 20 47
3061	61 89 72 78
3062	44 98 59 99
3063	90 64 19 59
3064	43 57 55 27
3065	97 31 96 21
3066	29 35 98 85
3067	54 32 74 69
3068	9 57 8 47
3069	50 58 46 91
3070	69 57 42 82
3071	75 6 3 85
3072	23 35 100 45
3073	38 71 36 20
3074	85 59 73 56
3075	43 80 14 91
3076	24 72 58 90
3077	1 100 92 65
3078	75 35 28 100
3079	34 50 73 98
3080	20 80 16 34
3081	73 77 15 2
3082	40 75 45 99
3083	37 76 73 30
3084	77 88 13 51
3085	72 15 23 54
3086	60 96 11 58
3087	35 22 26 71
3088	5 95 33 29
3089	14 28 86 80
3090	43 27 12 58
3091	53 86 37 79
3092	50 17 76 30
3093	65 93 29 26
3094	6 67 42 59
3095	18 15 76 44
3096	47 70 16 31
3097	32 60 58 39
3098	59 56 55 30
3099	43 81 30 98
3100	66 30 25 67
3101	31 27 83 71
3102	27 78 71 47
3103	33 6 67 80
3104	30 52 2 54
3105	33 49 66 86
3106	58 13 65 89
3107	92 61 28 76
3108	100 66 74 73
3109	72 70 94 81
3110	14 45 69 8
3111	41 70 34 93
3112	27 38 31 3
3113	84 48 93 25
3114	50 83 44 92
3115	61 47 77 35
3116	66 24 98 89
3117	4 1 57 68
3118	98 89 57 5
3119	76 37 50 70
3120	85 68 69 90
3121	51 69 48 59
3122	97 14 84 73
3123	32 62 96 25
3124	33 16 49 43
3125	63 88 83 61
3126	41 88 6 51
3127	41 77 16 31
3128	43 46 69 34
3129	85 25 40 81
3130	33 20 73 97
3131	99 86 56 10
3132	69 36 85 68
3133	92 88 21 38
3134	73 95 60 13
3135	99 87 52 91
3136	11 16 65 64
3137	25 53 72 27
3138	25 82 34 67
3139	81 35 10 71
3140	58 87 33 39
3141	64 38 66 12
3142	83 5 78 14
3143	34 60 80 50
3144	99 22 41 55
3145	36 12 41 69
3146	93 39 28 95
3147	23 97 100 56
3148	11 46 55 88
3149	82 97 65 33
3150	51 43 55 88
3151	91 99 63 5
3152	84 13 80 72
3153	2 92 23 45
3154	96 62 15 70
3155	47 96 16 19
3156	82 10 54 57
3157	95 83 20 63
3158	34 40 41 18
3159	24 41 83 65
3160	97 15 27 78
3161	77 80 12 8
3162	15 50 57 68
3163	56 7 40 66
3164	66 40 35 97
3165	69 45 33 16
3166	97 35 7 42
3167	36 37 21 56
3168	5 11 69 40
3169	95 39 96 28
3170	22 12 79 61
3171	72 81 20 100
3172	84 14 24 20
3173	73 16 88 17
3174	7 13 6 35
3175	72 91 75 38
3176	41 62 68 19
3177	50 39 61 41
3178	35 16 72 70
3179	28 55 45 71
3180	90 39 29 42
3181	51 76 48 20
3182	81 78 36 2
3183	86 10 19 5
3184	6 50 83 5
3185	67 3 76 99
3186	45 41 53 76
3187	84 59 93 58
3188	65 39 72 67
3189	73 25 21 12
3190	56 37 80 21
3191	18 75 69 98
3192	40 70 99 93
3193	62 3 88 91
3194	52 35 39 89
3195	72 36 5 9
3196	50 54 43 93
3197	14 49 43 78
3198	66 94 85 53
3199	16 1 22 11
3200	75 76 85 47
3201	18 10 37 56
3202	14 71 94 48
3203	32 2 60 50
3204	50 85 82 14
3205	24 6 67 66
3206	7 30 3 47
3207	22 64 66 59
3208	18 27 91 48
3209	44 98 79 14
3210	30 24 88 65
3211	95 98 26 22
3212	59 72 74 67
3213	97 85 74 36
3214	43 98 78 56
3215	90 5 11 36
3216	63 13 17 86
3217	6 49 30 25
3218	83 65 32 36
3219	30 53 86 92
3220	22 42 97 8
3221	84 27 7 54
3222	88 14 30 54
3223	68 71 15 8
3224	25 57 78 4
3225	90 9 80 89
3226	87 97 17 68
3227	30 44 60 56
3228	28 12 36 47
3229	67 46 59 2
3230	93 20 49 11
3231	26 10 71 76
3232	59 97 64 93
3233	34 43 95 90
3234	32 71 87 85
3235	93 43 22 39
3236	58 34 28 78
3237	8 99 66 96
3238	28 61 57 92
3239	87 46 96 86
3240	7 60 33 73
3241	13 99 55 44
3242	15 60 44 57
3243	44 98 27 46
3244	35 23 27 33
3245	20 61 75 70
3246	40 49 84 72
3247	46 50 17 75
3248	71 68 64 19
3249	79 22 42 91
3250	33 19 66 4
3251	66 81 18 10
3252	81 14 63 11
3253	86 95 29 5
3254	18 28 91 70
3255	94 41 49 71
3256	74 56 7 29
3257	23 37 41 43
3258	53 45 27 86
3259	92 13 19 93
3260	96 86 27 60
3261	24 62 10 94
3262	75 70 59 68
3263	50 93 92 16
3264	9 82 39 8
3265	11 37 95 63
3266	15 98 43 99
3267	56 23 71 38
3268	14 38 85 21
3269	29 74 51 72
3270	36 56 23 13
3271	8 76 54 28
3272	66 73 96 36
3273	50 66 42 18
3274	31 50 46 81
3275	15 56 8 97
3276	98 63 53 40
3277	100 71 6 13
3278	8 42 30 98
3279	97 43 91 22
3280	57 74 40 45
3281	11 30 62 60
3282	40 93 65 61
3283	94 67 66 39
3284	58 94 80 37
3285	9 21 11 20
3286	42 34 75 4
3287	15 31 41 43
3288	58 84 16 74
3289	73 15 1 40
3290	96 81 71 26
3291	67 43 88 70
3292	26 12 95 68
3293	83 65 74 88
3294	85 52 18 92
3295	69 79 93 68
3296	58 54 13 39
3297	68 21 42 61
3298	48 82 50 53
3299	4 7 21 87
3300	95 57 47 46
3301	7 32 18 8
3302	78 75 19 29
3303	65 46 89 78
3304	35 13 42 45
3305	11 56 38 9
3306	19 45 77 69
3307	2 3 70 28
3308	90 68 21 84
3309	9 76 79 15
3310	39 91 50 30
3311	10 35 72 2
3312	54 90 95 55
3313	31 71 66 91
3314	22 37 95 58
3315	23 86 4 26
3316	2 9 86 30
3317	28 14 27 56
3318	60 56 96 41
3319	23 3 16 44
3320	59 54 68 52
3321	6 57 72 2
3322	22 23 53 45
3323	89 70 21 9
3324	61 89 14 73
3325	32 86 49 67
3326	47 60 10 56
3327	95 44 78 4
3328	1 97 4 58
3329	96 7 9 84
3330	66 10 75 95
3331	98 64 13 16
3332	52 53 20 14
3333	99 57 58 78
3334	40 56 66 89
3335	52 4 11 40
3336	24 11 44 96
3337	79 18 35 91
3338	71 93 36 94
3339	25 9 43 31
3340	82 17 42 21
3341	57 100 83 65
3342	85 44 53 80
3343	11 12 86 98
3344	16 42 65 27
3345	84 28 76 73
3346	30 37 16 67
3347	94 3 58 25
3348	57 82 92 81
3349	45 1 74 71
3350	26 13 64 41
3351	76 68 81 99
3352	90 64 7 73
3353	67 28 41 18
3354	16 41 99 90
3355	30 35 71 56
3356	1 89 48 63
3357	74 56 45 71
3358	76 57 63 90
3359	66 35 60 50
3360	98 38 69 88
3361	70 55 42 29
3362	8 17 27 66
3363	15 48 42 46
3364	58 52 43 90
3365	84 11 62 56
3366	24 56 52 29
3367	82 84 64 38
3368	63 36 40 42
3369	70 46 25 63
3370	35 55 14 37
3371	100 72 28 38
3372	37 8 78 26
3373	39 74 13 94
3374	12 89 37 94
3375	19 29 54 52
3376	34 55 8 39
3377	25 44 52 17
3378	75 93 27 1
3379	98 99 82 73
3380	98 92 62 41
3381	2 53 65 87
3382	5 13 28 99
3383	9 11 67 69
3384	84 98 80 30
3385	40 96 36 93
3386	97 83 89 25
3387	34 58 47 70
3388	98 92 28 34
3389	42 63 100 69
3390	11 20 23 100
3391	66 25 55 2
3392	57 70 2 37
3393	11 20 41 66
3394	90 66 92 70
3395	89 10 87 5
3396	93 99 44 65
3397	8 2 93 6
3398	87 3 16 72
3399	7 20 87 38
3400	74 27 16 54
3401	48 56 19 78
3402	22 100 7 58
3403	84 97 13 7
3404	29 36 100 56
3405	47 86 1 55
3406	38 59 98 95
3407	79 25 33 93
3408	15 91 11 64
3409	64 10 94 93
3410	63 69 49 62
3411	41 39 57 58
3412	37 62 17 39
3413	89 4 21 19
3414	47 84 26 67
3415	11 31 97 30
3416	31 11 63 74
3417	89 5 59 11
3418	11 75 32 19
3419	30 96 24 100
3420	69 18 37 4
3421	70 46 98 17
3422	37 80 81 77
3423	12 29 22 19
3424	36 4 5 23
3425	16 49 65 56
3426	75 26 79 92
3427	62 57 12 42
3428	26 75 69 12
3429	44 69 23 91
3430	1 28 40 62
3431	26 31 83 98
3432	47 11 14 61
3433	31 22 97 70
3434	23 20 60 47
3435	80 44 62 70
3436	72 59 11 10
3437	39 17 31 70
3438	51 88 64 66
3439	33 35 72 62
3440	90 96 74 51
3441	11 52 59 33
3442	98 40 71 64
3443	64 54 36 38
3444	31 82 76 59
3445	64 71 54 10
3446	32 36 58 50
3447	92 84 51 46
3448	75 66 73 92
3449	6 81 97 27
3450	75 58 92 38
3451	46 39 40 63
3452	78 13 69 96
3453	52 74 79 26
3454	16 2 89 57
3455	100 96 41 32
3456	61 65 35 81
3457	4 3 26 65
3458	74 11 8 95
3459	79 19 13 68
3460	51 60 62 68
3461	35 12 6 60
3462	41 95 76 3
3463	48 86 60 52
3464	71 62 100 22
3465	76 7 75 16
3466	82 91 33 69
3467	51 28 93 49
3468	19 83 36 20
3469	13 31 48 76
3470	75 70 11 45
3471	47 40 88 19
3472	82 98 89 19
3473	32 76 15 82
3474	21 96 98 77
3475	77 24 22 91
3476	69 85 39 15
3477	67 35 40 31
3478	55 78 64 80
3479	49 74 75 44
3480	67 34 18 20
3481	53 97 4 69
3482	28 94 30 53
3483	22 14 41 95
3484	54 22 16 2
3485	71 16 88 58
3486	60 55 15 24
3487	38 44 81 91
3488	18 37 2 41
3489	46 23 7 4
3490	72 52 98 80
3491	14 59 19 69
3492	64 93 49 17
3493	47 60 26 33
3494	50 2 69 12
3495	20 48 57 12
3496	17 84 5 36
3497	67 43 45 55
3498	90 77 60 81
3499	80 85 63 26
3500	50 55 74 39
3501	19 97 12 56
3502	44 97 94 87
3503	80 68 52 18
3504	86 100 74 65
3505	59 12 8 93
3506	58 14 63 7
3507	77 72 75 42
3508	67 8 4 65
3509	9 19 26 5
3510	65 4 49 9
3511	39 16 76 41
3512	83 9 25 85
3513	71 80 5 48
3514	80 70 47 85
3515	49 62 86 23
3516	90 14 35 54
3517	29 39 25 18
3518	16 8 35 47
3519	74 10 70 19
3520	89 28 16 55
3521	93 87 70 27
3522	14 87 16 69
3523	66 30 31 34
3524	26 88 52 80
3525	25 29 84 43
3526	37 50 29 97
3527	46 61 50 77
3528	29 63 65 61
3529	59 58 13 10
3530	12 38 95 35
3531	2 80 11 36
3532	10 7 16 60
3533	4 84 94 6
3534	80 91 46 81
3535	84 89 46 36
3536	87 57 62 46
3537	75 55 27 7
3538	6 78 58 93
3539	91 7 85 84
3540	3 10 66 91
3541	21 79 56 63
3542	68 66 83 75
3543	76 40 14 9
3544	57 37 16 74
3545	17 40 29 9
3546	97 15 53 45
3547	18 81 58 31
3548	58 5 80 57
3549	53 50 26 62
3550	78 80 94 9
3551	28 51 57 32
3552	85 12 6 90
3553	44 92 70 80
3554	95 39 85 46
3555	98 97 96 100
3556	1 68 65 48
3557	21 52 56 83
3558	4 88 41 3
3559	14 100 4 80
3560	53 71 65 14
3561	94 26 72 57
3562	63 67 3 23
3563	76 48 35 53
3564	75 57 9 50
3565	4 63 86 2
3566	42 12 78 81
3567	3 5 16 48
3568	31 62 35 86
3569	81 35 89 10
3570	47 43 92 25
3571	58 21 37 3
3572	4 50 48 10
3573	58 32 26 55
3574	51 18 8 79
3575	22 75 26 71
3576	87 21 37 3
3577	99 73 75 92
3578	79 74 33 65
3579	50 37 21 7
3580	32 15 93 27
3581	14 28 44 67
3582	20 22 9 28
3583	75 79 89 41
3584	9 44 23 93
3585	73 21 54 58
3586	99 3 66 73
3587	67 69 6 50
3588	54 75 93 32
3589	8 61 29 88
3590	75 20 31 94
3591	39 34 31 45
3592	60 78 41 96
3593	62 82 98 68
3594	78 82 24 22
3595	60 42 37 83
3596	65 57 91 33
3597	60 46 14 45
3598	93 8 13 86
3599	81 23 98 69
3600	82 18 55 70
3601	36 71 53 37
3602	58 79 12 14
3603	91 100 34 32
3604	32 70 1 4
3605	79 55 92 63
3606	100 31 4 50
3607	32 97 89 39
3608	13 66 9 12
3609	14 74 45 7
3610	63 58 47 34
3611	34 23 40 94
3612	32 78 29 87
3613	48 68 55 67
3614	29 52 6 61
3615	53 50 64 37
3616	61 40 75 100
3617	55 50 1 14
3618	81 49 21 32
3619	74 62 45 51
3620	25 57 62 27
3621	9 81 64 59
3622	97 93 91 65
3623	86 2 34 19
3624	42 36 6 31
3625	57 94 71 62
3626	1 11 98 2
3627	85 5 3 46
3628	40 21 100 69
3629	1 55 59 89
3630	23 1 25 80
3631	43 99 52 37
3632	43 14 48 94
3633	41 52 46 45
3634	13 3 96 50
3635	49 73 75 5
3636	15 6 11 97
3637	87 66 91 31
3638	9 79 46 28
3639	41 15 70 9
3640	33 59 32 46
3641	67 74 89 52
3642	82 32 44 30
3643	71 89 20 67
3644	71 83 24 30
3645	18 28 81 19
3646	31 28 14 87
3647	54 90 15 81
3648	46 98 36 95
3649	73 11 1 32
3650	38 42 75 89
3651	72 34 45 67
3652	13 63 38 71
3653	84 24 4 97
3654	35 30 80 8
3655	18 75 48 81
3656	96 15 34 89
3657	88 82 31 64
3658	60 54 67 4
3659	96 41 61 46
3660	12 42 36 90
3661	100 96 28 18
3662	65 13 90 7
3663	87 60 39 58
3664	27 79 41 31
3665	29 32 78 62
3666	11 98 21 56
3667	10 15 11 84
3668	99 19 67 33
3669	100 73 53 88
3670	35 90 4 75
3671	23 6 66 19
3672	45 58 34 16
3673	17 19 61 2
3674	8 94 20 18
3675	82 63 78 39
3676	13 58 8 11
3677	53 47 44 90
3678	47 73 71 64
3679	68 25 85 49
3680	56 75 8 55
3681	8 22 93 47
3682	30 91 92 43
3683	59 65 46 17
3684	91 23 4 58
3685	42 35 33 90
3686	91 83 5 66
3687	50 90 23 81
3688	50 30 76 44
3689	58 15 70 29
3690	52 77 67 39
3691	28 61 75 71
3692	59 47 35 9
3693	27 93 36 14
3694	93 55 7 47
3695	73 34 38 37
3696	67 5 95 16
3697	31 15 83 59
3698	8 24 82 60
3699	93 90 46 67
3700	57 55 94 100
3701	3 73 13 100
3702	40 45 85 74
3703	50 68 39 67
3704	4 61 1 56
3705	85 38 48 28
3706	61 84 44 41
3707	54 28 41 22
3708	61 62 66 10
3709	72 90 81 44
3710	23 80 12 88
3711	66 42 89 97
3712	51 99 37 17
3713	43 78 97 21
3714	9 52 64 43
3715	50 29 20 1
3716	7 87 11 78
3717	97 23 9 35
3718	93 100 16 79
3719	58 16 78 51
3720	26 50 35 58
3721	16 35 47 37
3722	12 48 11 33
3723	87 4 10 68
3724	16 15 65 35
3725	72 65 94 15
3726	13 86 54 40
3727	6 23 62 56
3728	45 56 87 7
3729	13 76 44 92
3730	56 18 75 70
3731	90 88 14 27
3732	40 46 81 2
3733	23 21 5 62
3734	47 3 42 33
3735	11 99 29 62
3736	49 85 11 25
3737	59 40 93 52
3738	89 16 4 49
3739	6 20 31 84
3740	2 77 55 79
3741	40 2 70 63
3742	42 6 66 31
3743	6 69 16 11
3744	70 4 85 48
3745	24 98 5 9
3746	4 14 63 36
3747	52 88 79 86
3748	44 68 25 57
3749	7 6 4 58
3750	92 10 32 84
3751	80 52 13 55
3752	66 80 25 32
3753	41 44 28 54
3754	5 21 85 10
3755	30 52 57 56
3756	88 64 44 22
3757	68 74 78 99
3758	85 73 67 91
3759	99 22 27 35
3760	91 56 25 95
3761	18 96 50 98
3762	84 53 13 70
3763	92 7 8 28
3764	73 24 76 75
3765	4 3 17 25
3766	82 20 29 84
3767	8 60 20 88
3768	53 73 14 81
3769	72 39 54 35
3770	100 59 7 9
3771	27 2 48 99
3772	37 69 21 41
3773	16 52 58 80
3774	26 25 63 95
3775	12 94 29 30
3776	23 15 97 3
3777	16 94 51 26
3778	98 59 54 85
3779	82 88 68 46
3780	81 61 28 55
3781	4 19 84 23
3782	21 90 14 88
3783	63 98 14 26
3784	15 21 70 8
3785	62 2 31 1
3786	18 50 79 36
3787	26 68 53 49
3788	26 66 93 25
3789	19 47 12 18
3790	52 100 84 30
3791	36 32 3 61
3792	58 32 46 8
3793	66 92 33 74
3794	52 39 54 27
3795	54 63 33 92
3796	76 100 37 74
3797	82 33 53 91
3798	76 84 95 42
3799	61 17 99 26
3800	16 93 79 59
3801	5 78 33 65
3802	34 71 25 27
3803	28 76 10 61
3804	54 7 28 65
3805	6 87 94 49
3806	81 7 44 97
3807	87 25 19 93
3808	63 24 80 5
3809	34 66 57 7
3810	99 78 22 56
3811	93 67 59 45
3812	82 65 14 91
3813	75 56 28 12
3814	67 18 64 39
3815	97 21 76 63
3816	86 31 84 94
3817	9 69 37 33
3818	36 57 43 22
3819	70 82 20 48
3820	60 53 42 71
3821	42 32 19 75
3822	47 10 42 19
3823	43 97 44 50
3824	91 59 89 81
3825	29 19 26 22
3826	80 41 95 91
3827	8 40 35 45
3828	37 8 69 64
3829	61 41 86 65
3830	16 77 78 40
3831	60 65 90 54
3832	53 87 58 26
3833	89 75 69 32
3834	50 61 62 87
3835	18 1 63 62
3836	43 56 69 17
3837	23 92 16 99
3838	59 86 30 83
3839	75 10 25 96
3840	9 39 21 11
3841	23 87 54 37
3842	73 48 39 72
3843	100 61 19 97
3844	45 23 40 69
3845	10 18 35 16
3846	73 58 44 80
3847	75 1 12 37
3848	29 7 83 98
3849	24 71 9 73
3850	83 58 40 36
3851	13 22 80 94
3852	22 43 9 97
3853	1 78 72 66
3854	3 11 73 32
3855	92 7 86 55
3856	58 94 37 62
3857	40 32 1 24
3858	82 20 85 40
3859	55 14 94 19
3860	2 74 57 83
3861	66 8 79 94
3862	19 8 54 76
3863	34 79 1 14
3864	65 64 23 21
3865	55 70 27 13
3866	10 13 12 84
3867	9 61 89 28
3868	78 14 79 88
3869	22 26 33 49
3870	62 80 71 44
3871	71 95 63 46
3872	48 1 55 49
3873	3 44 9 64
3874	52 22 39 11
3875	30 3 70 74
3876	14 97 47 80
3877	16 37 49 67
3878	27 18 2 65
3879	98 52 85 81
3880	3 19 91 60
3881	75 43 4 12
3882	23 100 26 48
3883	24 52 33 26
3884	56 95 91 31
3885	69 36 11 27
3886	67 39 98 18
3887	57 17 67 90
3888	66 15 29 11
3889	3 58 69 99
3890	57 96 80 90
3891	6 89 21 31
3892	28 45 60 48
3893	13 5 53 31
3894	5 14 78 73
3895	89 35 23 82
3896	99 11 91 39
3897	24 14 21 5
3898	99 32 10 74
3899	53 89 21 55
3900	34 28 50 24
3901	71 85 2 53
3902	10 43 70 28
3903	34 41 70 13
3904	48 39 42 71
3905	82 6 16 20
3906	93 87 19 88
3907	56 42 13 46
3908	52 35 25 2
3909	30 69 33 18
3910	49 74 67 92
3911	61 58 47 56
3912	48 23 82 25
3913	29 91 59 93
3914	34 13 70 59
3915	66 45 72 53
3916	35 78 48 98
3917	44 53 57 79
3918	3 63 42 79
3919	35 6 86 8
3920	81 18 54 80
3921	39 49 41 26
3922	14 46 21 62
3923	10 4 24 76
3924	90 31 5 96
3925	46 20 69 26
3926	25 95 49 79
3927	91 49 6 36
3928	26 7 29 63
3929	29 87 23 83
3930	8 68 87 35
3931	2 8 93 28
3932	15 83 23 26
3933	97 95 5 47
3934	12 33 15 32
3935	43 86 34 28
3936	40 68 13 12
3937	27 69 21 23
3938	88 84 23 76
3939	32 38 88 47
3940	1 8 71 29
3941	17 82 21 24
3942	78 75 76 5
3943	75 57 73 56
3944	59 47 78 46
3945	76 12 98 41
3946	23 7 61 87
3947	30 39 21 92
3948	57 58 76 91
3949	89 8 68 71
3950	47 38 84 45
3951	23 1 91 10
3952	24 37 4 83
3953	12 57 65 24
3954	6 25 52 36
3955	10 44 41 9
3956	84 7 82 26
3957	91 9 10 93
3958	52 20 43 40
3959	4 41 63 17
3960	21 86 25 64
3961	16 25 95 69
3962	60 61 44 47
3963	94 72 55 15
3964	18 24 77 63
3965	26 15 73 79
3966	93 55 71 13
3967	39 78 86 71
3968	67 76 17 6
3969	31 67 59 65
3970	70 60 9 67
3971	26 27 68 8
3972	66 28 94 74
3973	36 30 56 89
3974	17 3 4 49
3975	52 72 32 43
3976	28 84 27 40
3977	33 5 35 15
3978	66 70 96 93
3979	92 52 35 96
3980	71 80 40 31
3981	45 66 100 31
3982	34 37 29 72
3983	65 68 84 61
3984	5 37 90 80
3985	76 9 78 70
3986	16 2 39 79
3987	81 10 9 55
3988	5 96 6 13
3989	11 22 9 72
3990	64 16 42 26
3991	73 34 78 81
3992	68 71 75 66
3993	66 59 40 53
3994	66 93 37 76
3995	51 41 58 72
3996	79 36 99 67
3997	24 42 95 56
3998	40 37 91 6
3999	25 24 54 89
4000	70 50 26 23
4001	33 16 77 79
4002	62 72 58 67
4003	55 70 35 95
4004	48 58 33 32
4005	68 18 60 90
4006	39 85 55 80
4007	44 60 21 71
4008	57 62 56 11
4009	68 24 95 93
4010	25 7 38 51
4011	94 42 11 64
4012	44 93 57 8
4013	33 63 56 53
4014	43 64 44 27
4015	29 54 48 74
4016	43 37 68 44
4017	42 94 3 5
4018	63 74 11 4
4019	53 43 52 15
4020	3 91 81 13
4021	34 94 52 95
4022	42 66 72 55
4023	98 17 70 29
4024	16 64 49 6
4025	58 18 49 26
4026	30 59 95 60
4027	75 93 22 20
4028	30 17 73 76
4029	94 13 19 6
4030	19 17 42 45
4031	63 46 48 93
4032	13 18 89 97
4033	88 98 82 76
4034	84 36 59 68
4035	65 68 56 60
4036	83 68 12 4
4037	16 73 96 84
4038	9 62 46 58
4039	31 62 52 12
4040	57 61 24 15
4041	22 69 92 47
4042	96 62 41 87
4043	25 62 68 18
4044	28 96 52 3
4045	73 24 41 36
4046	1 34 80 57
4047	10 41 15 12
4048	93 19 92 24
4049	59 70 64 93
4050	25 66 12 20
4051	61 74 96 69
4052	30 2 58 9
4053	95 47 52 77
4054	62 53 1 94
4055	42 52 10 14
4056	60 8 6 90
4057	53 36 100 95
4058	45 60 16 65
4059	82 24 75 25
4060	97 29 74 66
4061	92 2 46 61
4062	48 30 60 69
4063	93 81 91 22
4064	30 75 37 65
4065	27 65 53 29
4066	86 85 41 84
4067	86 97 83 53
4068	26 80 4 51
4069	69 43 60 71
4070	19 91 26 29
4071	78 84 63 70
4072	77 35 55 94
4073	93 8 27 9
4074	56 54 55 15
4075	48 3 45 29
4076	79 52 55 20
4077	8 93 49 62
4078	2 67 61 37
4079	87 19 68 73
4080	88 62 9 39
4081	38 86 77 53
4082	52 7 87 28
4083	83 27 60 26
4084	3 73 77 4
4085	40 55 22 18
4086	13 7 97 77
4087	67 60 90 19
4088	96 88 13 26
4089	34 35 68 93
4090	28 14 39 69
4091	82 61 45 96
4092	58 52 18 63
4093	51 8 26 32
4094	19 44 81 51
4095	10 16 80 96
4096	14 6 98 71
4097	24 48 96 54
4098	66 94 11 57
4099	89 84 23 92
4100	17 69 83 93
4101	58 28 41 43
4102	93 72 79 41
4103	67 83 33 68
4104	15 78 51 3
4105	83 100 65 46
4106	33 63 37 91
4107	9 1 48 29
4108	69 47 53 41
4109	56 89 64 38
4110	87 29 70 35
4111	44 43 65 94
4112	51 32 45 20
4113	69 82 88 52
4114	97 18 53 11
4115	53 45 20 66
4116	19 52 61 88
4117	83 29 93 98
4118	39 81 63 43
4119	42 34 40 60
4120	63 43 17 21
4121	77 40 81 37
4122	2 21 40 4
4123	36 32 29 10
4124	41 85 73 90
4125	21 17 95 45
4126	62 25 91 71
4127	14 72 28 23
4128	15 94 37 61
4129	48 36 16 18
4130	97 78 87 11
4131	90 66 83 82
4132	98 15 69 55
4133	66 2 86 43
4134	5 75 32 3
4135	91 57 84 3
4136	81 92 94 36
4137	73 60 27 64
4138	15 56 22 13
4139	94 61 13 8
4140	60 15 20 67
4141	35 84 98 90
4142	37 36 12 56
4143	94 29 27 72
4144	43 26 59 81
4145	18 80 79 3
4146	17 12 95 34
4147	34 58 74 31
4148	58 29 65 30
4149	66 8 43 63
4150	59 56 47 83
4151	38 57 64 12
4152	86 12 1 41
4153	42 6 81 48
4154	61 43 57 82
4155	31 80 71 43
4156	86 74 51 13
4157	80 15 11 54
4158	24 88 18 27
4159	56 39 92 17
4160	23 76 56 18
4161	78 86 5 48
4162	86 33 38 67
4163	59 96 50 6
4164	69 55 29 45
4165	33 56 68 39
4166	68 38 44 56
4167	32 38 63 82
4168	39 75 3 72
4169	33 95 10 97
4170	99 65 88 54
4171	97 74 61 76
4172	44 36 40 33
4173	91 63 34 89
4174	47 4 96 56
4175	60 57 79 62
4176	98 82 64 10
4177	29 31 95 18
4178	98 28 45 90
4179	44 74 18 17
4180	57 46 15 64
4181	60 30 31 50
4182	4 55 26 39
4183	42 79 23 6
4184	32 10 57 38
4185	83 97 80 22
4186	100 59 22 62
4187	56 12 81 92
4188	10 13 6 18
4189	10 25 87 65
4190	87 58 85 64
4191	27 71 88 24
4192	23 86 28 15
4193	60 55 37 36
4194	90 26 21 70
4195	11 24 14 95
4196	41 78 6 46
4197	40 98 85 57
4198	71 23 18 93
4199	79 65 96 8
4200	25 100 23 49
4201	45 32 4 57
4202	52 15 40 82
4203	8 15 74 10
4204	15 35 57 11
4205	77 66 51 6
4206	65 42 90 9
4207	18 31 52 23
4208	40 8 50 34
4209	29 50 92 57
4210	77 82 94 32
4211	89 78 48 11
4212	25 52 58 41
4213	10 4 38 46
4214	62 27 7 5
4215	14 42 63 81
4216	22 96 32 6
4217	17 77 42 97
4218	91 31 42 33
4219	63 91 12 100
4220	7 91 52 13
4221	9 85 56 86
4222	3 95 29 47
4223	95 52 32 57
4224	54 97 81 98
4225	65 54 41 68
4226	51 56 11 30
4227	20 1 62 90
4228	33 56 46 2
4229	53 28 78 95
4230	54 18 57 51
4231	75 74 25 61
4232	52 33 51 55
4233	74 24 6 25
4234	61 88 90 84
4235	9 40 54 90
4236	48 95 74 34
4237	39 25 16 8
4238	58 78 65 80
4239	54 65 59 91
4240	55 34 20 19
4241	25 42 98 10
4242	86 36 31 40
4243	25 94 24 2
4244	58 40 31 83
4245	68 37 57 48
4246	45 9 61 83
4247	77 60 43 3
4248	92 24 48 80
4249	83 34 100 14
4250	31 74 69 7
4251	52 70 19 46
4252	28 56 12 81
4253	4 66 95 58
4254	92 63 53 8
4255	87 68 63 4
4256	60 94 28 5
4257	21 28 49 64
4258	100 66 42 87
4259	30 62 65 94
4260	57 41 59 43
4261	36 81 46 39
4262	50 9 4 33
4263	68 84 36 37
4264	100 65 94 17
4265	36 59 92 64
4266	35 47 33 32
4267	52 35 38 31
4268	24 89 45 48
4269	53 60 91 42
4270	69 77 9 84
4271	97 44 31 61
4272	43 45 3 76
4273	39 37 99 9
4274	91 43 9 27
4275	33 70 60 28
4276	77 76 26 97
4277	31 34 42 63
4278	70 63 44 100
4279	48 26 66 23
4280	59 68 54 7
4281	59 27 45 46
4282	54 31 91 46
4283	10 35 51 78
4284	37 38 24 89
4285	85 58 88 60
4286	65 17 60 79
4287	98 13 23 44
4288	21 59 11 93
4289	43 90 9 59
4290	55 86 28 88
4291	76 88 15 53
4292	83 46 5 13
4293	76 92 24 97
4294	14 67 10 6
4295	7 36 30 79
4296	19 43 87 53
4297	21 40 97 49
4298	58 9 91 12
4299	34 24 85 57
4300	12 79 89 2
4301	59 11 67 15
4302	73 45 88 27
4303	14 90 91 92
4304	83 28 56 96
4305	90 12 27 23
4306	3 20 39 87
4307	35 25 53 13
4308	13 47 82 68
4309	23 31 15 94
4310	51 25 31 53
4311	24 78 22 95
4312	64 88 17 84
4313	76 50 72 35
4314	31 74 12 25
4315	30 23 60 29
4316	43 45 46 70
4317	47 25 16 57
4318	86 23 32 31
4319	89 27 96 79
4320	58 88 53 19
4321	69 53 4 85
4322	50 11 69 10
4323	80 7 89 44
4324	32 54 73 74
4325	59 5 77 57
4326	30 39 12 52
4327	99 12 4 31
4328	49 43 7 44
4329	31 9 63 43
4330	50 32 69 12
4331	3 50 68 18
4332	24 96 77 1
4333	37 84 19 34
4334	20 65 76 58
4335	44 63 95 38
4336	93 26 8 72
4337	15 28 73 90
4338	61 63 36 49
4339	62 92 24 45
4340	78 56 14 5
4341	84 100 4 61
4342	72 68 74 15
4343	98 56 45 26
4344	3 33 41 20
4345	10 44 64 19
4346	39 36 73 93
4347	50 54 7 65
4348	98 47 5 77
4349	34 59 28 66
4350	5 25 34 12
4351	94 44 36 98
4352	3 62 4 20
4353	29 6 36 10
4354	56 64 73 67
4355	41 75 2 86
4356	57 23 81 40
4357	13 60 21 4
4358	18 54 5 89
4359	66 16 12 43
4360	26 36 47 12
4361	10 98 4 53
4362	7 12 94 57
4363	43 77 10 37
4364	82 35 12 11
4365	96 61 90 22
4366	17 79 93 90
4367	70 42 17 18
4368	77 15 4 29
4369	39 23 33 56
4370	86 91 16 72
4371	56 60 39 85
4372	74 86 34 71
4373	64 73 33 49
4374	53 55 97 47
4375	58 70 51 99
4376	99 91 32 86
4377	86 93 8 98
4378	29 70 63 74
4379	9 71 84 90
4380	10 23 31 20
4381	41 8 57 98
4382	33 6 53 84
4383	83 77 93 39
4384	66 72 68 29
4385	89 9 80 7
4386	74 30 16 68
4387	99 35 10 78
4388	6 88 23 55
4389	24 71 2 49
4390	7 25 62 12
4391	16 57 62 86
4392	64 89 93 43
4393	89 7 9 100
4394	58 91 93 39
4395	89 58 90 76
4396	24 22 80 2
4397	28 79 66 72
4398	8 10 85 46
4399	26 12 91 59
4400	68 31 64 18
4401	81 89 17 69
4402	18 58 83 35
4403	27 86 67 20
4404	15 54 99 66
4405	45 89 74 14
4406	56 3 65 57
4407	48 36 18 3
4408	37 77 95 86
4409	21 39 8 60
4410	87 47 37 48
4411	87 5 99 98
4412	23 5 57 15
4413	72 22 11 15
4414	72 89 48 95
4415	3 53 76 45
4416	68 53 51 9
4417	44 97 85 99
4418	23 80 41 86
4419	7 84 92 91
4420	58 83 20 92
4421	29 32 60 78
4422	53 89 8 5
4423	71 77 82 38
4424	24 13 51 48
4425	61 34 81 58
4426	42 16 49 30
4427	24 53 63 98
4428	72 64 49 23
4429	96 98 14 46
4430	1 100 87 43
4431	23 45 13 9
4432	29 28 13 81
4433	44 96 2 20
4434	88 13 21 43
4435	63 23 60 61
4436	16 37 86 19
4437	79 68 98 89
4438	17 26 7 85
4439	99 34 45 3
4440	80 74 70 88
4441	96 68 61 16
4442	19 78 55 91
4443	6 82 43 4
4444	8 97 65 11
4445	76 55 97 58
4446	39 5 2 48
4447	23 78 98 6
4448	57 93 53 98
4449	28 38 5 67
4450	50 32 14 8
4451	4 28 18 93
4452	47 38 55 59
4453	97 9 37 23
4454	84 15 1 10
4455	77 82 14 29
4456	97 8 43 28
4457	43 25 64 11
4458	83 100 21 94
4459	27 65 5 41
4460	33 97 55 27
4461	28 69 76 52
4462	72 5 31 80
4463	14 15 39 6
4464	82 66 5 8
4465	6 78 92 59
4466	31 1 68 84
4467	3 31 52 83
4468	40 19 70 46
4469	49 94 71 18
4470	76 48 14 100
4471	45 71 75 59
4472	61 4 6 37
4473	14 43 63 4
4474	43 90 82 57
4475	26 69 82 41
4476	17 73 11 13
4477	80 46 83 43
4478	93 41 85 13
4479	51 63 42 73
4480	98 77 37 86
4481	37 48 66 11
4482	8 5 73 19
4483	77 5 97 1
4484	36 42 92 87
4485	63 1 37 77
4486	32 82 40 4
4487	100 35 97 34
4488	8 56 79 73
4489	43 30 53 21
4490	53 80 22 43
4491	69 75 91 41
4492	25 94 49 67
4493	43 20 44 18
4494	27 8 65 90
4495	52 100 15 10
4496	31 77 73 38
4497	81 33 54 55
4498	96 85 84 76
4499	2 91 62 63
4500	45 41 27 99
4501	87 16 84 98
4502	65 23 55 56
4503	99 25 15 79
4504	65 44 99 48
4505	95 80 72 91
4506	31 29 63 18
4507	76 92 38 61
4508	7 16 29 49
4509	70 79 64 69
4510	25 66 17 97
4511	27 59 14 62
4512	32 57 95 43
4513	19 45 92 49
4514	94 57 99 40
4515	79 2 48 83
4516	63 25 98 96
4517	34 81 5 64
4518	43 82 56 42
4519	39 36 21 82
4520	64 58 17 51
4521	47 52 87 98
4522	30 43 71 76
4523	23 54 2 30
4524	70 57 40 5
4525	49 8 73 28
4526	44 48 53 68
4527	10 26 34 31
4528	30 60 39 35
4529	51 27 39 52
4530	17 48 15 46
4531	47 24 29 92
4532	33 53 52 75
4533	75 45 13 65
4534	1 35 81 55
4535	97 20 40 72
4536	36 50 27 97
4537	83 16 61 37
4538	27 5 38 15
4539	27 55 36 77
4540	80 19 65 63
4541	6 76 37 43
4542	98 64 80 1
4543	31 10 85 100
4544	24 36 48 28
4545	72 55 44 28
4546	43 74 68 99
4547	61 56 63 27
4548	1 41 32 7
4549	68 77 65 7
4550	48 64 58 30
4551	19 3 88 79
4552	100 24 77 20
4553	36 65 91 94
4554	80 71 94 62
4555	11 4 21 84
4556	83 77 59 78
4557	30 9 92 88
4558	74 49 35 76
4559	77 3 63 61
4560	36 87 56 51
4561	80 22 8 91
4562	53 20 79 25
4563	94 51 89 55
4564	10 67 56 93
4565	23 73 78 65
4566	80 93 67 11
4567	34 27 45 82
4568	82 49 2 37
4569	44 92 66 74
4570	54 65 68 47
4571	7 29 70 98
4572	49 88 87 72
4573	43 77 71 56
4574	93 99 98 95
4575	48 44 59 98
4576	26 54 50 69
4577	1 64 98 19
4578	91 25 16 12
4579	90 45 5 19
4580	100 50 25 34
4581	41 57 49 12
4582	14 86 8 91
4583	79 98 88 47
4584	98 21 40 100
4585	1 71 26 25
4586	1 32 52 45
4587	6 20 16 94
4588	37 85 73 23
4589	82 29 33 56
4590	43 32 12 19
4591	50 86 1 95
4592	62 87 90 80
4593	58 70 52 38
4594	60 83 5 81
4595	19 50 59 95
4596	79 86 57 1
4597	53 67 59 49
4598	94 68 76 18
4599	19 35 65 20
4600	34 12 41 6
4601	99 43 62 40
4602	77 9 1 91
4603	8 94 56 48
4604	6 93 39 88
4605	78 48 88 90
4606	68 26 57 30
4607	21 63 10 39
4608	63 53 6 2
4609	30 37 13 32
4610	60 18 49 97
4611	4 8 41 1
4612	54 31 42 39
4613	63 11 37 31
4614	80 100 73 93
4615	8 4 80 89
4616	94 43 73 63
4617	100 92 1 63
4618	75 7 81 85
4619	36 100 91 43
4620	68 42 36 54
4621	100 79 74 12
4622	79 100 74 17
4623	48 80 66 24
4624	46 9 23 86
4625	5 29 13 3
4626	99 53 22 94
4627	88 21 14 56
4628	28 44 63 15
4629	50 92 15 9
4630	14 2 33 43
4631	80 65 44 77
4632	67 81 55 62
4633	26 29 7 28
4634	19 69 83 22
4635	24 91 60 15
4636	8 96 6 7
4637	9 41 18 35
4638	81 51 5 39
4639	48 83 21 63
4640	14 23 30 7
4641	99 26 5 36
4642	40 24 5 99
4643	62 84 54 35
4644	14 34 8 71
4645	18 62 51 41
4646	8 82 47 41
4647	100 83 14 40
4648	78 35 31 19
4649	59 24 73 85
4650	52 84 25 100
4651	99 47 28 91
4652	51 53 2 70
4653	87 72 61 44
4654	37 91 29 56
4655	90 48 66 15
4656	95 35 60 11
4657	46 58 30 18
4658	68 16 39 97
4659	64 23 62 27
4660	54 62 12 64
4661	54 89 51 22
4662	95 98 78 33
4663	11 20 53 16
4664	84 50 95 42
4665	22 74 51 39
4666	53 86 37 10
4667	82 67 25 13
4668	78 22 94 32
4669	23 25 44 89
4670	56 84 4 42
4671	53 35 86 47
4672	80 92 40 81
4673	65 49 73 33
4674	40 77 62 65
4675	78 69 35 67
4676	91 98 78 72
4677	56 52 88 70
4678	69 59 98 7
4679	88 8 74 16
4680	54 96 89 17
4681	49 90 67 91
4682	78 47 60 26
4683	95 24 17 92
4684	86 14 49 92
4685	16 20 47 41
4686	59 19 68 49
4687	92 34 79 29
4688	74 54 58 16
4689	95 62 79 83
4690	54 55 77 35
4691	99 64 4 18
4692	32 57 62 33
4693	14 47 62 8
4694	48 85 65 28
4695	68 48 31 40
4696	19 55 44 53
4697	25 82 83 28
4698	94 28 81 47
4699	54 90 58 87
4700	48 66 49 31
4701	1 50 72 56
4702	37 82 8 90
4703	97 50 91 72
4704	79 75 98 6
4705	40 45 28 43
4706	35 55 12 6
4707	89 24 10 22
4708	66 50 95 23
4709	13 22 15 80
4710	69 70 63 67
4711	49 17 98 4
4712	92 11 12 49
4713	32 73 35 42
4714	82 5 19 42
4715	25 28 92 99
4716	26 4 20 31
4717	60 64 83 10
4718	3 72 55 45
4719	47 21 90 33
4720	63 15 96 36
4721	28 27 92 97
4722	69 53 73 5
4723	74 3 36 7
4724	42 78 17 3
4725	45 29 94 10
4726	68 8 41 57
4727	26 9 58 80
4728	87 43 82 98
4729	4 3 8 53
4730	93 16 88 20
4731	74 51 3 85
4732	19 13 69 20
4733	36 32 60 25
4734	82 71 98 13
4735	68 86 89 41
4736	14 26 37 86
4737	25 99 3 74
4738	19 75 15 59
4739	70 90 29 52
4740	47 17 55 10
4741	42 95 64 22
4742	27 28 78 20
4743	5 45 50 93
4744	61 69 18 88
4745	60 4 72 90
4746	34 62 1 18
4747	95 77 94 29
4748	31 26 61 70
4749	58 89 26 20
4750	81 40 74 93
4751	76 21 75 100
4752	99 82 60 41
4753	9 12 86 63
4754	26 15 60 67
4755	25 81 34 47
4756	83 13 54 9
4757	79 95 88 47
4758	48 11 35 56
4759	22 38 76 37
4760	15 20 78 6
4761	82 49 37 71
4762	3 35 99 54
4763	31 95 43 40
4764	51 28 61 25
4765	81 100 9 65
4766	87 78 7 64
4767	76 75 40 12
4768	91 3 18 90
4769	53 46 77 76
4770	93 16 82 48
4771	14 8 3 16
4772	22 32 92 11
4773	95 25 52 8
4774	64 51 32 75
4775	29 52 46 84
4776	62 87 56 75
4777	62 55 44 52
4778	98 76 84 19
4779	27 56 38 60
4780	85 95 41 48
4781	73 57 5 37
4782	42 45 94 71
4783	32 21 28 90
4784	37 90 16 98
4785	20 57 41 48
4786	64 57 5 81
4787	84 65 98 32
4788	79 50 59 86
4789	63 71 16 34
4790	90 53 73 8
4791	70 11 16 4
4792	33 41 89 74
4793	91 99 9 8
4794	44 70 76 26
4795	56 31 8 3
4796	3 25 47 73
4797	86 91 87 93
4798	41 17 71 21
4799	86 24 81 52
4800	3 95 43 9
4801	25 64 92 97
4802	4 55 77 78
4803	80 26 63 65
4804	23 53 25 76
4805	91 77 81 93
4806	14 94 80 36
4807	41 57 40 35
4808	90 43 17 32
4809	99 94 42 47
4810	20 54 12 71
4811	44 65 10 79
4812	31 99 28 42
4813	95 88 27 49
4814	41 31 27 80
4815	24 84 8 42
4816	74 76 89 14
4817	13 7 71 12
4818	34 4 5 79
4819	89 91 97 63
4820	89 81 82 8
4821	97 14 95 91
4822	82 23 18 87
4823	69 71 30 49
4824	90 5 49 59
4825	32 52 24 29
4826	16 66 26 70
4827	5 14 83 32
4828	55 24 63 18
4829	90 49 8 65
4830	61 18 96 66
4831	12 39 72 25
4832	100 52 46 53
4833	49 3 71 30
4834	8 91 62 89
4835	42 85 45 65
4836	52 54 30 70
4837	48 34 7 98
4838	41 3 43 81
4839	18 92 52 8
4840	52 14 41 62
4841	88 70 65 1
4842	92 66 24 64
4843	54 50 12 72
4844	33 13 61 15
4845	31 36 85 79
4846	24 40 64 4
4847	8 61 57 55
4848	62 95 5 91
4849	72 77 25 52
4850	77 12 34 27
4851	22 52 51 59
4852	80 52 1 79
4853	31 68 41 87
4854	24 11 79 5
4855	30 5 95 83
4856	23 29 19 76
4857	74 70 50 59
4858	55 79 63 69
4859	51 99 21 10
4860	45 60 51 17
4861	74 7 85 50
4862	90 38 47 53
4863	45 48 72 40
4864	40 70 52 17
4865	88 96 81 82
4866	89 10 38 47
4867	65 19 99 83
4868	60 34 37 28
4869	99 2 100 41
4870	40 70 56 72
4871	42 17 33 51
4872	84 57 20 88
4873	59 80 49 53
4874	15 14 61 71
4875	100 25 66 81
4876	61 57 45 60
4877	37 48 22 59
4878	68 15 98 54
4879	65 24 80 81
4880	18 88 5 28
4881	73 67 61 31
4882	46 22 12 30
4883	80 15 46 100
4884	25 93 4 44
4885	23 93 40 57
4886	37 48 72 29
4887	32 89 19 27
4888	85 11 24 18
4889	51 29 71 15
4890	14 65 22 92
4891	91 88 69 86
4892	85 21 66 84
4893	54 99 66 29
4894	48 66 57 62
4895	5 16 27 20
4896	49 34 14 55
4897	38 82 41 76
4898	4 77 3 91
4899	90 87 52 91
4900	27 53 85 67
4901	84 93 92 44
4902	38 41 68 31
4903	63 54 14 92
4904	67 87 48 4
4905	33 66 7 96
4906	82 75 63 1
4907	90 67 62 86
4908	10 95 63 35
4909	98 25 48 6
4910	100 24 83 43
4911	56 74 89 90
4912	42 100 29 81
4913	94 89 31 70
4914	58 60 67 19
4915	49 69 87 82
4916	50 72 96 47
4917	12 72 77 78
4918	12 37 74 25
4919	98 5 20 89
4920	96 100 77 19
4921	89 96 32 100
4922	30 15 45 50
4923	88 40 77 13
4924	74 30 63 80
4925	12 67 3 13
4926	79 3 11 16
4927	87 86 89 11
4928	65 9 52 54
4929	17 1 71 24
4930	18 75 24 31
4931	25 65 75 44
4932	87 26 66 50
4933	20 26 63 30
4934	39 68 87 3
4935	15 71 41 50
4936	86 9 66 80
4937	31 35 58 16
4938	62 64 54 75
4939	86 13 22 93
4940	81 35 45 87
4941	86 4 79 100
4942	88 8 59 81
4943	77 4 44 72
4944	86 78 80 47
4945	6 27 99 77
4946	61 37 97 67
4947	5 1 13 87
4948	77 10 70 29
4949	80 19 61 26
4950	95 7 84 94
4951	16 19 86 7
4952	59 39 9 23
4953	2 87 75 65
4954	65 51 53 25
4955	87 82 67 74
4956	52 45 46 77
4957	41 66 72 88
4958	76 96 61 77
4959	25 73 31 48
4960	31 24 47 98
4961	8 91 97 5
4962	47 28 26 69
4963	78 95 82 75
4964	49 97 63 13
4965	37 32 88 78
4966	83 90 17 19
4967	78 70 83 22
4968	48 2 52 88
4969	24 13 78 21
4970	18 38 56 49
4971	61 21 22 31
4972	47 96 34 53
4973	70 5 98 54
4974	91 9 17 29
4975	20 7 70 36
4976	33 53 85 18
4977	56 83 53 28
4978	68 88 82 66
4979	5 89 86 34
4980	93 83 52 99
4981	96 8 49 78
4982	81 69 60 21
4983	83 69 95 88
4984	81 17 99 15
4985	33 98 93 3
4986	21 15 46 6
4987	86 34 56 18
4988	8 7 48 17
4989	35 94 83 20
4990	85 57 94 78
4991	46 27 21 29
4992	49 40 48 74
4993	45 72 3 76
4994	94 54 84 19
4995	91 48 46 54
4996	13 96 65 29
4997	97 42 47 63
4998	30 68 26 5
4999	97 36 21 2
5000	84 96 43 89
