Students	5000
1	23 52 75 85
2	53 46 7 42
3	48 53 27 16
4	55 53 38 85
5	45 96 55 60
6	53 10 99 28
7	53 33 12 47
8	84 3 91 11
9	60 93 74 40
10	46 41 6 50
11	61 56 55 71
12	8 93 14 42
13	24 6 31 68
14	65 29 78 20
15	36 2 62 16
16	15 25 10 74
17	24 33 9 50
18	77 26 75 27
19	63 53 35 66
20	13 47 14 96
21	5 2 65 90
22	28 30 31 42
23	61 32 49 94
24	25 12 98 31
25	63 83 75 22
26	25 97 68 13
27	78 62 83 8
28	28 35 86 8
29	32 34 65 40
30	20 94 11 36
31	86 46 79 44
32	78 89 24 84
33	3 100 52 85
34	83 79 55 13
35	24 78 28 90
36	82 16 40 54
37	15 55 52 100
38	1 22 21 67
39	21 53 1 89
40	13 77 68 21
41	52 1 31 5
42	49 34 69 12
43	62 23 51 89
44	65 63 50 27
45	7 3 74 50
46	65 66 54 100
47	81 95 68 41
48	72 62 6 76
49	9 72 60 84
50	93 36 76 14
51	39 73 33 35
52	70 36 75 12
53	99 77 90 92
54	21 19 87 45
55	34 97 50 44
56	52 81 75 24
57	95 12 79 48
58	30 31 75 81
59	61 56 71 34
60	19 73 33 89
61	95 20 19 74
62	36 69 33 86
63	98 57 43 56
64	64 28 86 83
65	95 67 73 22
66	83 99 71 55
67	12 87 29 18
68	2 27 43 12
69	33 26 47 2
70	31 19 45 64
71	95 89 20 65
72	85 89 41 78
73	81 55 38 28
74	7 11 60 68
75	87 28 89 10
76	62 33 36 19
77	99 81 15 82
78	48 9 58 30
79	6 42 54 5
80	45 57 36 10
81	97 45 60 17
82	56 30 37 36
83	13 33 10 60
84	4 24 96 94
85	89 86 76 27
86	93 22 20 68
87	46 40 44 71
88	24 60 44 64
89	96 62 56 95
90	16 14 98 97
91	42 30 22 93
92	59 1 25 6
93	85 93 81 75
94	87 23 42 54
95	54 32 92 33
96	33 21 24 5
97	90 26 58 63
98	6 10 75 80
99	60 39 25 3
100	83 94 11 56
101	3 12 62 76
102	91 32 45 3
103	64 62 11 99
104	47 24 49 71
105	99 92 44 51
106	84 72 91 78
107	1 70 77 40
108	96 12 33 6
109	14 75 13 28
110	5 11 75 90
111	2 60 43 90
112	66 14 47 65
113	31 19 24 2
114	98 45 76 39
115	63 34 59 21
116	45 15 19 82
117	29 55 39 65
118	58 56 4 81
119	4 91 5 32
120	34 59 100 9
121	30 71 18 85
122	43 15 20 90
123	30 42 87 21
124	27 30 48 18
125	53 96 46 56
126	93 42 64 96
127	38 86 40 61
128	70 15 39 19
129	74 81 89 21
130	40 7 50 13
131	4 93 9 73
132	69 1 98 16
133	29 2 64 31
134	75 71 57 92
135	40 81 56 35
136	49 81 38 78
137	41 13 19 61
138	93 30 100 85
139	2 51 52 61
140	81 24 43 100
141	9 80 24 35
142	66 12 3 37
143	97 73 58 68
144	41 70 65 45
145	6 72 45 90
146	85 66 69 7
147	22 92 49 62
148	2 30 77 92
149	33 71 2 20
150	53 70 63 17
151	42 72 94 3
152	63 2 22 19
153	12 63 46 30
154	81 18 44 99
155	10 86 93 49
156	23 37 20 93
157	28 51 9 58
158	78 9 52 79
159	43 69 61 45
160	1 73 3 48
161	77 46 55 29
162	73 39 94 14
163	98 53 41 33
164	20 85 29 10
165	41 98 82 65
166	52 53 94 34
167	63 95 57 6
168	19 100 98 67
169	95 32 83 81
170	73 23 59 58
171	44 63 87 71
172	22 52 47 14
173	100 93 45 1
174	99 8 71 49
175	87 25 61 69
176	37 52 96 82
177	39 11 69 100
178	20 71 65 25
179	89 5 88 86
180	57 52 5 41
181	70 18 92 77
182	15 56 86 1
183	54 62 66 8
184	36 6 34 74
185	58 74 98 46
186	45 88 82 60
187	51 53 71 49
188	25 10 88 61
189	57 13 67 30
190	12 42 52 59
191	2 80 95 73
192	50 88 73 93
193	20 1 48 29
194	67 14 32 34
195	33 89 83 65
196	69 58 3 99
197	66 69 7 51
198	93 10 25 76
199	70 64 74 9
200	34 89 26 7
201	81 31 28 85
202	10 90 24 49
203	40 45 15 88
204	81 88 29 67
205	59 90 82 3
206	96 74 66 21
207	72 58 31 15
208	17 94 45 83
209	5 74 98 29
210	48 2 17 14
211	52 79 71 23
212	70 86 74 53
213	63 13 53 76
214	50 90 100 44
215	10 87 30 84
216	59 96 12 5
217	8 52 49 80
218	34 56 81 35
219	44 34 47 57
220	43 66 67 77
221	79 91 7 4
222	85 32 67 99
223	39 87 12 99
224	15 21 2 75
225	85 91 62 94
226	60 76 70 69
227	72 10 92 96
228	27 29 65 90
229	100 45 31 26
230	72 69 15 5
231	60 31 42 92
232	34 52 41 85
233	74 13 51 35
234	12 57 44 89
235	97 95 16 72
236	11 39 48 91
237	50 28 32 77
238	28 65 4 5
239	75 94 19 95
240	74 99 25 29
241	41 63 73 98
242	2 92 3 85
243	30 24 61 78
244	39 65 29 8
245	38 98 30 2
246	94 14 95 31
247	49 68 60 24
248	94 47 73 21
249	91 62 26 64
250	85 5 1 68
251	70 91 13 38
252	91 14 54 77
253	100 14 52 31
254	25 76 12 90
255	60 73 63 70
256	66 56 88 49
257	60 58 42 81
258	29 84 64 21
259	20 32 29 63
260	76 93 54 75
261	52 2 16 90
262	4 77 51 26
263	14 78 55 36
264	68 33 5 95
265	39 86 11 44
266	97 4 22 54
267	81 8 58 94
268	63 3 1 51
269	59 11 53 57
270	6 95 66 60
271	98 87 65 11
272	6 69 89 41
273	93 33 47 22
274	19 92 31 73
275	31 95 14 8
276	62 43 68 37
277	14 81 30 29
278	50 25 24 44
279	5 1 99 63
280	39 57 22 14
281	17 93 62 66
282	93 57 46 3
283	32 62 99 23
284	78 16 14 53
285	1 68 56 75
286	91 36 98 87
287	36 35 97 74
288	19 2 46 72
289	39 44 92 41
290	1 48 35 33
291	72 28 66 69
292	28 5 37 2
293	67 50 99 14
294	97 37 80 45
295	29 65 87 33
296	53 5 77 30
297	61 85 90 2
298	37 44 17 68
299	59 14 33 82
300	31 24 44 53
301	4 35 71 87
302	91 92 8 47
303	76 10 17 34
304	81 12 4 27
305	47 27 79 57
306	16 2 38 40
307	22 78 7 5
308	38 64 27 4
309	12 61 4 41
310	97 26 49 10
311	78 23 39 2
312	25 59 97 90
313	15 6 9 98
314	22 33 34 84
315	68 87 64 63
316	67 82 65 23
317	49 4 42 78
318	99 83 90 26
319	80 18 62 85
320	4 49 87 53
321	60 25 33 45
322	21 71 43 59
323	67 48 56 78
324	32 12 61 99
325	58 81 72 43
326	43 78 5 52
327	60 84 62 43
328	62 47 25 75
329	68 31 82 99
330	90 94 23 7
331	26 71 78 31
332	93 66 45 7
333	96 36 21 66
334	23 35 30 33
335	98 76 55 73
336	81 93 38 6
337	85 86 3 48
338	18 28 32 85
339	21 34 12 19
340	46 42 45 55
341	33 92 21 74
342	75 99 89 64
343	41 61 76 62
344	24 77 66 63
345	77 3 76 35
346	92 38 55 61
347	79 93 52 19
348	81 22 67 21
349	92 41 63 84
350	74 67 23 84
351	43 51 75 98
352	89 82 79 48
353	30 27 75 41
354	83 21 59 57
355	95 41 66 87
356	55 35 24 53
357	84 41 95 81
358	90 85 20 94
359	33 37 75 2
360	71 26 74 1
361	61 34 91 60
362	44 52 45 14
363	22 6 7 12
364	48 78 91 68
365	81 82 31 26
366	86 19 59 67
367	78 7 92 74
368	11 42 88 79
369	31 33 95 94
370	56 74 55 72
371	73 14 76 99
372	92 26 20 66
373	33 61 10 75
374	95 25 61 53
375	72 73 38 13
376	5 27 73 87
377	77 92 28 23
378	16 91 26 94
379	1 65 36 4
380	8 5 31 61
381	72 98 75 9
382	32 96 50 98
383	47 100 16 24
384	6 74 80 97
385	51 33 88 82
386	13 81 24 29
387	84 58 96 78
388	40 18 4 90
389	21 27 74 82
390	1 18 28 10
391	53 97 30 25
392	86 8 58 70
393	66 19 55 86
394	87 27 16 3
395	74 53 31 34
396	3 85 28 44
397	80 83 23 69
398	35 58 34 62
399	80 51 42 30
400	46 66 56 10
401	32 69 55 95
402	21 60 19 8
403	81 27 10 43
404	92 17 32 81
405	4 52 18 90
406	2 13 91 25
407	19 63 60 35
408	7 93 24 34
409	53 51 32 28
410	74 51 4 26
411	23 46 77 42
412	18 58 38 77
413	78 27 44 98
414	93 48 15 34
415	50 86 41 80
416	99 76 47 66
417	14 99 100 7
418	9 8 59 48
419	61 73 98 64
420	97 98 63 82
421	13 42 61 72
422	47 22 29 10
423	61 47 82 62
424	14 25 2 49
425	94 57 89 75
426	46 18 50 64
427	54 33 15 16
428	45 36 64 67
429	72 29 14 2
430	70 81 75 36
431	45 49 11 44
432	11 44 22 37
433	43 19 13 10
434	66 10 18 46
435	57 20 88 35
436	100 56 61 5
437	13 43 86 46
438	100 63 67 94
439	95 14 88 15
440	31 59 84 79
441	8 24 83 51
442	40 73 95 38
443	71 18 50 11
444	95 12 71 6
445	11 61 91 21
446	69 96 73 78
447	14 6 11 99
448	96 83 61 24
449	66 30 10 4
450	81 84 9 31
451	45 92 40 60
452	58 57 81 3
453	86 96 24 59
454	45 87 94 84
455	81 2 86 6
456	70 63 91 80
457	48 29 21 74
458	10 42 22 41
459	38 66 51 4
460	9 79 45 92
461	42 57 50 28
462	7 68 87 35
463	94 99 97 54
464	1 12 96 61
465	16 89 62 64
466	8 99 46 47
467	18 45 8 83
468	74 92 22 69
469	88 35 6 56
470	79 8 50 70
471	25 46 67 4
472	12 23 74 31
473	43 60 26 36
474	90 94 44 49
475	92 1 75 81
476	70 25 84 48
477	94 44 78 53
478	43 59 39 25
479	9 73 7 95
480	28 26 33 46
481	50 49 20 74
482	14 82 47 57
483	98 66 61 59
484	95 80 12 74
485	34 61 95 98
486	41 15 5 88
487	48 44 70 96
488	22 25 56 40
489	46 43 92 75
490	72 66 75 73
491	35 64 44 47
492	74 65 51 61
493	4 73 40 29
494	71 93 54 42
495	24 68 32 8
496	24 78 1 100
497	46 50 92 68
498	84 83 15 2
499	46 100 56 65
500	3 59 60 85
501	37 14 55 23
502	53 63 57 13
503	10 100 65 19
504	10 8 99 12
505	18 80 40 19
506	19 1 66 51
507	14 54 91 98
508	71 17 48 92
509	3 10 66 13
510	95 22 48 32
511	15 4 73 2
512	48 93 14 65
513	98 39 77 19
514	62 33 8 78
515	65 49 51 52
516	21 20 68 16
517	9 86 31 51
518	76 90 54 32
519	31 87 75 12
520	2 14 24 100
521	26 14 57 93
522	16 61 76 75
523	72 46 66 89
524	73 45 30 67
525	88 89 94 14
526	10 70 17 8
527	15 8 17 35
528	47 3 37 38
529	90 60 61 54
530	16 26 41 67
531	27 52 23 90
532	47 41 71 76
533	78 24 68 48
534	71 69 16 68
535	78 42 46 60
536	66 96 37 14
537	1 41 98 74
538	99 38 43 47
539	17 66 73 48
540	30 48 62 75
541	63 21 5 26
542	35 90 56 52
543	11 79 63 26
544	19 37 45 12
545	32 89 99 74
546	15 44 59 86
547	91 13 41 57
548	64 83 34 14
549	82 25 17 97
550	68 89 94 98
551	6 7 86 35
552	28 89 19 7
553	77 55 51 31
554	83 81 92 15
555	66 82 55 6
556	39 97 44 10
557	36 84 71 20
558	1 99 8 78
559	48 38 20 5
560	5 47 72 93
561	4 94 34 64
562	17 76 1 51
563	14 50 61 10
564	67 89 90 57
565	98 15 85 5
566	92 23 67 33
567	81 80 86 92
568	54 1 41 19
569	57 17 14 81
570	61 50 45 39
571	17 55 66 52
572	64 30 42 83
573	81 21 9 27
574	83 11 65 62
575	99 59 6 20
576	92 83 49 95
577	24 88 9 45
578	73 21 82 37
579	36 17 51 81
580	15 5 82 68
581	13 18 11 27
582	11 70 82 10
583	92 60 3 59
584	32 31 24 81
585	38 74 15 13
586	19 39 8 90
587	89 83 59 53
588	99 23 22 63
589	59 12 14 33
590	66 13 33 95
591	42 41 61 59
592	26 57 81 58
593	39 31 34 73
594	72 68 90 1
595	82 14 43 77
596	50 46 87 92
597	34 22 82 14
598	82 79 27 85
599	97 21 64 62
600	68 10 25 47
601	5 7 93 75
602	68 39 9 47
603	91 5 59 72
604	34 95 48 90
605	50 91 58 99
606	31 48 42 72
607	16 18 99 88
608	86 38 22 44
609	17 98 60 84
610	7 41 89 66
611	79 25 88 63
612	68 52 63 71
613	14 53 20 65
614	84 69 85 93
615	74 63 25 12
616	6 94 50 10
617	74 68 56 5
618	83 65 34 72
619	8 90 16 69
620	36 34 44 72
621	36 59 83 50
622	80 83 54 30
623	42 59 22 68
624	52 38 12 17
625	61 56 76 75
626	38 51 45 69
627	10 17 1 61
628	81 89 53 40
629	40 77 51 18
630	68 6 44 86
631	86 36 3 24
632	54 14 33 45
633	72 96 37 83
634	29 95 8 2
635	74 44 22 52
636	76 13 1 4
637	54 100 21 4
638	31 81 30 56
639	2 81 72 42
640	31 44 54 97
641	94 43 61 33
642	90 34 1 24
643	56 85 61 64
644	61 39 41 86
645	69 75 20 40
646	48 73 52 10
647	83 68 84 75
648	59 55 87 65
649	42 82 83 20
650	80 45 72 35
651	23 42 94 11
652	91 38 24 4
653	43 78 100 13
654	4 44 74 42
655	36 58 89 74
656	98 71 90 4
657	55 65 41 18
658	29 17 25 57
659	83 86 19 46
660	7 28 51 94
661	44 45 26 37
662	3 13 50 64
663	60 4 99 42
664	78 76 53 75
665	91 19 67 37
666	48 79 70 15
667	79 55 62 26
668	18 56 16 7
669	96 22 37 68
670	93 51 65 22
671	22 17 73 93
672	18 65 99 62
673	41 45 20 46
674	33 96 8 29
675	77 30 70 18
676	86 78 18 6
677	38 17 83 62
678	58 12 92 55
679	22 12 92 14
680	59 69 22 83
681	44 22 88 99
682	100 43 40 98
683	13 38 62 4
684	24 21 11 59
685	5 24 56 33
686	2 36 37 49
687	37 86 61 100
688	66 11 25 79
689	12 66 87 40
690	66 32 34 38
691	86 74 15 3
692	32 24 88 45
693	72 86 17 57
694	77 26 45 61
695	99 88 46 9
696	72 42 88 32
697	66 73 27 86
698	57 60 35 82
699	39 9 72 59
700	19 2 55 47
701	1 38 69 92
702	56 78 24 62
703	93 37 13 85
704	63 96 31 94
705	6 8 41 1
706	36 75 49 94
707	12 49 85 55
708	40 6 57 47
709	66 1 18 46
710	98 23 77 54
711	48 28 64 100
712	75 71 85 52
713	66 81 73 24
714	1 3 6 47
715	98 10 49 13
716	14 36 12 94
717	72 6 87 77
718	63 11 3 75
719	21 14 58 17
720	91 97 99 9
721	51 80 70 13
722	11 60 34 7
723	29 11 39 32
724	1 98 9 67
725	32 80 79 18
726	31 8 49 51
727	88 25 80 7
728	43 3 91 57
729	36 51 42 76
730	52 100 98 10
731	91 34 93 25
732	31 63 64 5
733	19 25 8 76
734	99 76 96 10
735	36 18 37 81
736	79 48 70 33
737	25 17 86 32
738	59 17 39 88
739	50 70 54 58
740	8 12 27 58
741	97 1 75 14
742	13 76 25 31
743	43 73 75 100
744	3 1 15 87
745	38 85 10 28
746	46 95 9 28
747	25 19 69 6
748	80 63 97 70
749	46 66 89 18
750	26 29 50 53
751	13 100 83 69
752	89 94 83 13
753	85 64 43 66
754	88 24 17 54
755	14 86 73 50
756	52 89 74 91
757	42 12 73 47
758	12 45 80 50
759	27 91 1 10
760	61 95 26 25
761	93 69 2 84
762	36 99 40 23
763	84 36 85 21
764	60 86 15 61
765	45 58 42 95
766	45 84 93 86
767	86 13 56 53
768	25 36 2 79
769	18 93 63 89
770	35 62 96 4
771	27 6 54 37
772	62 28 51 19
773	78 18 41 45
774	59 41 75 50
775	79 21 50 92
776	47 24 48 80
777	76 18 28 20
778	51 95 59 66
779	44 73 48 37
780	65 67 61 66
781	68 76 80 86
782	46 49 6 43
783	23 97 38 57
784	9 28 19 59
785	23 56 85 69
786	53 35 20 92
787	36 44 83 37
788	7 86 93 24
789	88 31 6 96
790	47 11 77 15
791	47 68 10 49
792	31 75 73 9
793	55 95 41 4
794	63 79 9 11
795	3 12 85 1
796	89 4 72 62
797	13 48 15 41
798	1 45 35 44
799	91 90 75 10
800	35 11 8 53
801	32 16 26 15
802	2 50 26 48
803	65 54 45 98
804	46 61 67 12
805	3 62 98 8
806	45 27 91 26
807	19 2 31 9
808	41 81 59 60
809	54 3 6 61
810	55 63 37 78
811	85 87 92 5
812	35 1 7 59
813	20 48 74 18
814	45 73 29 77
815	83 95 40 89
816	65 47 34 24
817	9 7 74 55
818	15 18 54 45
819	73 28 86 54
820	37 87 45 74
821	27 50 60 53
822	77 10 71 35
823	63 10 60 76
824	52 57 10 2
825	27 2 22 87
826	98 9 95 99
827	90 87 97 74
828	42 87 1 15
829	8 20 48 35
830	72 83 45 100
831	60 4 85 21
832	12 18 39 49
833	84 71 25 32
834	53 98 64 6
835	32 68 21 85
836	52 90 46 70
837	74 15 16 24
838	17 57 89 66
839	74 39 38 11
840	1 16 22 19
841	16 72 97 96
842	42 1 12 66
843	22 8 68 95
844	49 100 77 67
845	89 100 38 76
846	20 53 78 98
847	28 40 78 5
848	7 44 96 64
849	83 43 64 46
850	27 42 16 9
851	71 14 90 41
852	1 57 23 26
853	84 10 35 8
854	32 77 78 100
855	76 70 57 47
856	66 75 78 86
857	34 88 11 79
858	16 18 43 100
859	53 46 83 26
860	24 30 49 85
861	95 21 23 30
862	31 89 19 27
863	59 82 84 97
864	96 45 30 5
865	30 92 40 75
866	17 29 32 46
867	98 32 13 77
868	42 86 55 75
869	82 6 86 60
870	58 6 86 45
871	91 50 37 64
872	81 77 67 66
873	25 5 88 59
874	27 53 43 95
875	15 23 13 25
876	73 58 59 43
877	48 57 54 37
878	60 37 85 21
879	12 55 10 52
880	37 49 72 52
881	79 63 20 11
882	21 90 30 23
883	97 18 25 86
884	42 98 8 76
885	51 64 5 60
886	70 72 62 19
887	97 16 80 74
888	78 44 95 82
889	93 41 75 7
890	9 73 13 86
891	83 42 82 28
892	21 100 18 32
893	87 67 71 42
894	89 13 49 85
895	59 48 12 51
896	9 16 29 53
897	35 79 74 50
898	35 63 38 71
899	65 5 36 69
900	65 96 92 47
901	54 25 65 23
902	20 70 83 27
903	63 94 21 62
904	78 65 60 34
905	100 61 13 95
906	19 46 55 22
907	13 5 1 14
908	76 80 95 96
909	58 4 53 14
910	26 33 23 61
911	43 75 99 52
912	53 59 96 37
913	40 27 21 53
914	63 26 10 96
915	71 84 86 81
916	100 11 17 2
917	74 17 3 36
918	46 8 57 79
919	86 30 12 21
920	30 7 27 72
921	58 75 6 35
922	21 37 17 47
923	81 66 3 37
924	79 30 6 5
925	86 1 97 84
926	8 23 30 25
927	52 96 21 81
928	6 92 29 73
929	75 84 52 35
930	72 49 5 36
931	16 100 19 12
932	46 84 83 99
933	34 85 91 62
934	17 14 75 70
935	73 44 11 80
936	41 74 30 89
937	38 44 72 75
938	80 61 11 28
939	59 42 29 71
940	28 66 31 24
941	12 71 9 8
942	39 91 34 86
943	30 53 100 40
944	100 92 82 90
945	40 97 82 64
946	39 96 70 85
947	53 19 16 55
948	43 51 7 92
949	21 11 4 22
950	47 10 39 65
951	37 71 14 83
952	68 99 28 34
953	86 84 97 32
954	18 35 5 37
955	78 58 75 61
956	12 28 13 23
957	2 72 7 69
958	73 18 74 61
959	87 28 91 15
960	42 72 4 34
961	89 52 96 99
962	74 82 16 11
963	69 55 36 100
964	81 77 46 100
965	28 3 24 25
966	92 37 78 19
967	92 98 10 76
968	4 11 85 59
969	32 68 85 100
970	97 48 37 80
971	53 79 61 100
972	77 75 21 74
973	46 80 40 7
974	38 100 68 69
975	55 29 46 26
976	3 53 97 80
977	81 79 47 29
978	1 66 94 95
979	85 72 32 15
980	39 80 94 12
981	94 39 12 7
982	71 12 82 6
983	56 29 60 2
984	92 39 63 97
985	19 90 56 100
986	73 16 40 77
987	70 48 79 53
988	64 71 17 53
989	77 46 17 1
990	15 40 79 60
991	33 15 2 24
992	42 49 77 23
993	61 12 9 36
994	75 34 18 16
995	81 88 73 77
996	87 38 95 13
997	89 94 14 54
998	98 58 7 38
999	12 37 80 54
1000	76 61 82 44
1001	14 30 18 1
1002	4 2 26 53
1003	28 70 88 7
1004	20 86 82 18
1005	36 84 81 1
1006	67 92 88 2
1007	27 76 10 20
1008	39 36 10 87
1009	78 36 33 86
1010	83 71 7 81
1011	78 87 22 83
1012	65 80 66 96
1013	41 11 89 29
1014	60 43 51 41
1015	88 26 76 87
1016	68 5 59 8
1017	88 38 46 91
1018	60 42 78 45
1019	79 30 37 80
1020	12 36 44 30
1021	52 43 9 8
1022	65 78 23 15
1023	29 78 54 95
1024	57 90 52 73
1025	78 28 49 62
1026	68 59 85 30
1027	48 70 23 31
1028	84 43 28 26
1029	68 96 13 87
1030	7 40 48 82
1031	29 26 71 95
1032	70 82 43 18
1033	38 8 3 68
1034	92 48 72 80
1035	22 30 40 23
1036	85 16 25 83
1037	61 96 35 24
1038	80 76 75 67
1039	20 90 55 60
1040	73 27 12 49
1041	20 68 4 16
1042	55 23 57 97
1043	56 5 23 65
1044	18 30 79 82
1045	97 31 38 88
1046	47 18 98 82
1047	35 92 74 37
1048	44 77 73 62
1049	13 74 48 2
1050	14 54 39 26
1051	7 97 41 52
1052	43 3 7 67
1053	85 4 26 33
1054	22 48 87 14
1055	24 56 36 94
1056	40 35 39 75
1057	42 25 32 26
1058	35 54 43 18
1059	21 67 62 40
1060	32 25 18 35
1061	42 74 43 29
1062	20 80 92 39
1063	98 45 80 73
1064	97 31 91 50
1065	94 42 71 41
1066	12 61 97 85
1067	4 63 10 38
1068	54 70 79 72
1069	82 66 75 47
1070	2 6 4 55
1071	35 10 36 51
1072	28 7 83 14
1073	30 68 12 31
1074	43 27 32 90
1075	7 8 50 45
1076	48 55 73 14
1077	67 46 5 86
1078	84 91 19 95
1079	61 76 46 5
1080	87 13 68 20
1081	78 85 33 59
1082	85 88 29 51
1083	12 39 57 17
1084	5 44 7 72
1085	51 20 58 8
1086	59 77 64 76
1087	49 8 91 52
1088	72 83 88 4
1089	53 65 52 49
1090	54 65 25 95
1091	55 76 15 35
1092	86 40 99 95
1093	11 93 26 78
1094	40 11 31 88
1095	25 83 98 88
1096	12 82 90 69
1097	29 20 37 8
1098	40 60 29 52
1099	31 12 99 57
1100	30 12 41 76
1101	57 100 87 55
1102	55 61 73 65
1103	92 61 53 46
1104	16 57 89 68
1105	47 25 57 71
1106	69 1 62 61
1107	47 56 23 64
1108	11 80 14 65
1109	86 38 15 18
1110	12 20 45 27
1111	46 56 58 38
1112	2 77 46 45
1113	46 77 99 39
1114	66 88 42 41
1115	83 86 67 8
1116	66 74 79 99
1117	8 68 52 91
1118	42 32 98 55
1119	17 52 82 27
1120	3 20 78 97
1121	61 10 94 38
1122	30 67 43 59
1123	25 16 49 77
1124	27 56 44 20
1125	90 41 49 23
1126	92 20 57 4
1127	81 20 26 24
1128	37 44 64 50
1129	85 62 77 48
1130	39 46 66 82
1131	43 58 10 72
1132	88 79 56 15
1133	46 78 64 41
1134	12 73 17 72
1135	95 54 99 84
1136	32 29 22 66
1137	69 79 88 80
1138	31 100 25 73
1139	86 63 87 4
1140	72 19 14 8
1141	97 7 62 90
1142	41 27 30 76
1143	69 100 78 65
1144	24 44 9 13
1145	36 94 72 62
1146	88 83 84 49
1147	84 75 89 34
1148	74 93 97 16
1149	41 91 16 98
1150	82 100 73 63
1151	11 76 93 69
1152	74 16 68 36
1153	34 69 10 53
1154	92 31 15 58
1155	22 49 47 78
1156	52 8 51 84
1157	48 33 90 14
1158	14 43 13 20
1159	81 6 66 44
1160	87 71 97 61
1161	79 98 3 93
1162	66 11 46 32
1163	40 62 59 60
1164	51 43 91 23
1165	56 47 4 20
1166	38 67 85 12
1167	10 80 55 30
1168	34 49 2 25
1169	40 88 70 12
1170	17 38 98 60
1171	47 90 99 73
1172	41 56 44 57
1173	24 56 48 70
1174	63 14 44 43
1175	25 70 76 72
1176	96 44 5 66
1177	48 7 88 47
1178	24 48 10 90
1179	2 62 49 52
1180	35 2 4 43
1181	9 76 96 64
1182	11 56 82 37
1183	26 78 54 9
1184	39 20 80 41
1185	50 69 36 53
1186	75 85 83 93
1187	24 49 90 19
1188	9 60 7 79
1189	68 34 16 78
1190	51 37 26 17
1191	88 3 34 90
1192	84 49 1 86
1193	95 51 93 85
1194	38 8 57 93
1195	66 71 6 95
1196	47 89 22 2
1197	39 83 33 98
1198	65 83 39 23
1199	35 61 97 6
1200	29 57 41 34
1201	51 72 97 61
1202	6 37 59 91
1203	91 61 6 50
1204	46 59 52 13
1205	67 75 78 91
1206	39 100 1 26
1207	16 4 72 25
1208	65 79 69 14
1209	31 47 85 30
1210	80 94 38 74
1211	82 12 24 56
1212	30 8 75 28
1213	16 36 7 42
1214	4 65 8 59
1215	98 10 59 57
1216	90 24 14 21
1217	27 55 84 86
1218	53 73 99 97
1219	94 54 36 41
1220	8 57 37 15
1221	40 26 81 53
1222	78 13 49 85
1223	28 27 44 90
1224	56 69 68 5
1225	38 41 74 59
1226	77 33 98 36
1227	7 79 71 15
1228	29 54 42 25
1229	37 56 9 24
1230	82 6 32 63
1231	95 40 76 33
1232	65 57 85 87
1233	59 92 95 42
1234	31 2 14 58
1235	56 28 2 15
1236	18 79 73 17
1237	70 45 95 63
1238	69 35 44 14
1239	28 12 15 48
1240	34 75 82 57
1241	64 29 86 30
1242	52 25 37 73
1243	88 84 57 86
1244	66 81 77 19
1245	49 2 89 1
1246	59 68 1 57
1247	84 36 88 43
1248	81 20 56 45
1249	7 9 100 29
1250	94 9 54 65
1251	64 13 80 68
1252	81 90 80 79
1253	17 71 2 13
1254	65 90 59 61
1255	83 35 93 11
1256	92 95 67 40
1257	78 60 55 5
1258	42 87 45 46
1259	45 92 11 94
1260	72 49 39 38
1261	62 53 94 36
1262	26 45 49 79
1263	21 49 19 47
1264	54 81 86 94
1265	26 88 5 86
1266	100 62 54 17
1267	33 78 18 32
1268	55 84 33 52
1269	32 27 31 13
1270	7 59 32 87
1271	32 78 53 99
1272	21 98 12 77
1273	59 47 85 54
1274	69 99 13 46
1275	94 58 79 100
1276	48 80 26 31
1277	23 98 15 59
1278	18 35 10 1
1279	9 99 20 61
1280	67 11 69 16
1281	80 12 85 29
1282	18 98 17 10
1283	14 84 97 21
1284	89 17 39 67
1285	72 94 31 34
1286	45 96 26 49
1287	29 61 57 83
1288	97 70 71 25
1289	17 95 10 100
1290	64 46 11 34
1291	10 5 6 37
1292	100 97 39 87
1293	21 24 100 63
1294	36 16 51 35
1295	11 13 42 86
1296	48 55 14 43
1297	92 51 1 21
1298	1 11 71 73
1299	48 58 89 41
1300	92 42 54 40
1301	72 5 2 18
1302	13 59 30 73
1303	56 64 83 4
1304	100 18 82 94
1305	69 46 3 52
1306	42 40 28 82
1307	10 12 52 34
1308	93 97 61 34
1309	40 71 52 8
1310	9 51 100 90
1311	35 19 100 58
1312	57 62 28 2
1313	62 82 68 90
1314	50 51 100 67
1315	44 98 26 85
1316	97 7 30 10
1317	22 50 82 1
1318	20 85 41 87
1319	84 85 39 26
1320	85 61 100 6
1321	83 58 23 16
1322	2 44 13 58
1323	24 1 59 95
1324	10 70 72 14
1325	99 19 79 90
1326	54 20 31 8
1327	47 70 61 37
1328	63 31 19 27
1329	40 25 51 4
1330	5 81 44 99
1331	92 4 14 93
1332	7 97 13 46
1333	53 55 61 23
1334	78 41 22 61
1335	72 20 19 30
1336	72 49 89 53
1337	97 81 43 100
1338	44 80 99 92
1339	20 80 2 51
1340	35 82 93 94
1341	20 84 61 56
1342	95 87 41 11
1343	26 69 54 24
1344	58 31 35 59
1345	5 88 94 74
1346	37 49 94 89
1347	7 43 75 88
1348	65 93 38 66
1349	4 30 73 78
1350	71 3 10 53
1351	66 93 71 52
1352	65 18 41 34
1353	68 31 88 47
1354	59 91 9 65
1355	25 15 91 89
1356	3 7 52 72
1357	48 5 86 77
1358	91 45 47 74
1359	72 57 99 81
1360	92 84 13 44
1361	16 38 82 57
1362	30 42 100 56
1363	78 98 93 100
1364	53 4 54 52
1365	72 85 6 2
1366	6 71 85 52
1367	97 9 92 35
1368	41 67 46 19
1369	13 46 38 62
1370	82 58 52 7
1371	81 15 47 27
1372	92 69 83 78
1373	40 99 26 51
1374	56 21 80 77
1375	78 9 97 90
1376	70 12 61 46
1377	21 8 24 68
1378	58 53 79 100
1379	10 85 39 98
1380	48 36 90 14
1381	30 66 75 40
1382	86 24 78 73
1383	56 97 40 2
1384	33 59 53 26
1385	17 95 60 57
1386	85 69 51 6
1387	79 6 56 1
1388	1 50 62 61
1389	68 61 62 64
1390	23 99 63 41
1391	97 2 62 26
1392	6 34 95 24
1393	83 78 36 47
1394	47 89 54 82
1395	21 69 48 46
1396	84 59 58 41
1397	40 36 18 19
1398	86 26 16 97
1399	73 38 24 20
1400	85 50 13 77
1401	50 81 23 93
1402	94 2 48 100
1403	12 26 41 81
1404	48 10 67 18
1405	66 35 14 55
1406	13 5 67 94
1407	82 76 59 97
1408	23 52 29 14
1409	38 20 76 83
1410	46 34 19 79
1411	59 28 35 91
1412	12 98 94 37
1413	25 69 22 56
1414	90 62 77 23
1415	91 48 17 30
1416	65 7 3 42
1417	40 41 32 23
1418	77 30 51 69
1419	46 74 21 100
1420	10 55 62 29
1421	61 58 46 29
1422	5 85 31 99
1423	16 24 90 79
1424	34 50 32 73
1425	4 13 43 66
1426	17 13 66 14
1427	86 49 97 6
1428	31 14 30 62
1429	17 3 14 68
1430	80 100 69 75
1431	9 8 43 6
1432	80 81 73 63
1433	33 52 3 35
1434	30 63 95 86
1435	10 77 51 93
1436	12 45 87 1
1437	32 42 93 19
1438	32 51 100 9
1439	38 9 67 61
1440	78 32 85 48
1441	45 22 39 15
1442	14 100 93 98
1443	15 72 91 56
1444	15 18 26 39
1445	1 35 56 39
1446	17 84 43 77
1447	92 96 81 67
1448	14 13 37 90
1449	51 17 36 48
1450	56 41 91 28
1451	57 72 88 81
1452	83 97 84 89
1453	83 7 3 8
1454	40 43 17 26
1455	19 55 8 21
1456	86 91 65 69
1457	33 51 73 10
1458	9 31 65 85
1459	63 51 80 73
1460	4 41 5 62
1461	57 17 41 30
1462	13 56 18 17
1463	96 70 25 15
1464	70 75 60 54
1465	85 74 78 88
1466	35 96 88 59
1467	74 43 55 69
1468	31 70 83 30
1469	96 21 76 1
1470	82 78 18 57
1471	16 41 49 68
1472	83 80 97 4
1473	49 72 28 57
1474	79 8 28 90
1475	78 80 31 28
1476	91 13 96 64
1477	70 15 87 73
1478	59 100 7 82
1479	6 82 66 14
1480	62 66 14 61
1481	98 91 20 92
1482	95 59 56 76
1483	14 73 45 1
1484	17 34 90 20
1485	16 82 77 35
1486	73 21 74 24
1487	27 9 57 84
1488	4 31 90 59
1489	3 39 18 71
1490	45 43 35 41
1491	5 38 67 14
1492	58 54 14 5
1493	34 30 20 68
1494	67 14 70 72
1495	3 51 80 18
1496	22 20 78 23
1497	84 90 88 71
1498	95 32 70 42
1499	65 55 40 9
1500	79 99 40 10
1501	54 16 49 79
1502	49 72 31 53
1503	20 65 12 10
1504	19 1 95 6
1505	96 100 55 13
1506	20 40 22 46
1507	88 4 30 47
1508	7 69 8 63
1509	21 14 8 86
1510	59 78 16 22
1511	25 15 48 29
1512	95 99 42 2
1513	38 12 66 70
1514	31 72 55 7
1515	11 12 91 54
1516	71 38 90 78
1517	99 56 71 53
1518	19 99 92 76
1519	68 61 83 95
1520	60 93 18 21
1521	13 45 27 12
1522	80 17 92 82
1523	3 34 38 7
1524	47 64 10 45
1525	10 43 38 86
1526	5 70 86 39
1527	13 83 72 63
1528	54 98 11 55
1529	23 66 60 19
1530	64 73 60 70
1531	95 38 26 92
1532	46 93 39 1
1533	86 59 2 53
1534	48 21 90 58
1535	8 82 74 78
1536	55 34 41 5
1537	36 7 13 68
1538	100 79 8 25
1539	31 85 88 61
1540	74 99 85 17
1541	4 90 76 18
1542	29 80 82 13
1543	2 67 30 65
1544	46 13 31 73
1545	14 62 6 74
1546	62 55 14 90
1547	21 60 17 39
1548	24 1 41 67
1549	22 56 74 88
1550	94 4 38 1
1551	21 2 89 37
1552	98 74 100 87
1553	64 7 3 60
1554	1 24 26 82
1555	75 28 100 29
1556	97 67 83 88
1557	81 72 17 45
1558	89 50 70 100
1559	43 84 73 90
1560	62 79 95 66
1561	47 70 25 65
1562	38 22 51 91
1563	80 25 11 81
1564	58 23 89 64
1565	74 76 7 87
1566	99 88 86 80
1567	81 3 1 99
1568	30 29 6 54
1569	24 38 32 96
1570	39 44 85 5
1571	83 58 94 16
1572	56 53 50 3
1573	1 51 22 54
1574	40 45 38 78
1575	40 29 37 51
1576	96 74 49 15
1577	76 12 78 5
1578	91 38 78 59
1579	23 45 12 19
1580	3 90 20 99
1581	79 92 25 35
1582	95 2 93 4
1583	96 1 58 46
1584	61 6 79 89
1585	23 38 78 82
1586	34 22 23 92
1587	82 96 76 31
1588	81 11 21 67
1589	67 59 5 94
1590	1 61 44 71
1591	83 62 88 95
1592	21 4 85 13
1593	16 90 9 100
1594	86 100 46 35
1595	71 4 67 81
1596	44 88 96 35
1597	10 65 52 98
1598	92 48 30 36
1599	90 47 96 38
1600	58 99 17 81
1601	47 26 70 20
1602	26 42 8 54
1603	28 30 96 45
1604	53 85 37 91
1605	7 39 53 59
1606	97 91 96 76
1607	62 32 9 60
1608	28 98 74 66
1609	79 31 52 10
1610	71 70 68 9
1611	18 71 11 22
1612	32 69 25 16
1613	43 74 81 42
1614	81 35 9 32
1615	44 31 88 22
1616	87 62 18 66
1617	36 21 55 71
1618	36 64 84 58
1619	33 85 88 71
1620	29 70 95 37
1621	52 88 15 100
1622	86 36 13 48
1623	70 100 38 61
1624	48 32 8 52
1625	8 46 71 85
1626	83 37 43 13
1627	48 13 68 1
1628	83 91 35 4
1629	54 44 82 51
1630	16 1 100 64
1631	16 11 57 26
1632	26 47 80 53
1633	70 56 22 8
1634	15 49 32 61
1635	38 54 17 40
1636	92 67 1 29
1637	56 55 13 85
1638	73 60 68 77
1639	73 83 5 68
1640	63 65 49 100
1641	95 1 60 81
1642	67 14 57 36
1643	33 83 96 5
1644	61 48 34 77
1645	70 1 13 8
1646	57 18 48 35
1647	38 56 2 68
1648	27 9 96 43
1649	53 11 98 97
1650	86 21 57 34
1651	80 61 49 63
1652	28 62 93 31
1653	93 99 29 30
1654	66 97 72 27
1655	67 9 28 15
1656	40 6 50 18
1657	82 32 39 15
1658	18 92 67 54
1659	6 49 90 62
1660	53 89 1 48
1661	79 63 8 70
1662	30 96 82 26
1663	88 97 99 51
1664	94 53 50 79
1665	14 12 8 20
1666	62 38 61 27
1667	92 8 5 24
1668	44 85 42 53
1669	88 53 87 95
1670	64 16 34 46
1671	88 97 47 3
1672	96 91 8 12
1673	79 18 81 80
1674	97 49 35 43
1675	52 49 82 74
1676	52 29 51 84
1677	78 87 55 81
1678	54 43 2 6
1679	47 17 8 68
1680	50 33 69 54
1681	1 12 27 4
1682	100 19 72 84
1683	30 9 2 47
1684	52 42 57 70
1685	22 98 30 5
1686	38 69 10 87
1687	11 4 62 50
1688	91 25 90 17
1689	62 74 20 29
1690	52 17 82 9
1691	3 4 23 47
1692	56 22 2 88
1693	15 69 29 3
1694	57 44 36 13
1695	49 73 7 4
1696	37 34 88 11
1697	58 84 68 50
1698	69 100 31 53
1699	67 66 32 50
1700	80 76 75 43
1701	3 71 42 16
1702	71 44 12 37
1703	17 89 13 7
1704	51 84 73 93
1705	82 94 45 43
1706	66 55 41 56
1707	55 24 43 96
1708	54 14 41 22
1709	36 21 1 24
1710	27 15 42 30
1711	2 20 58 78
1712	75 2 19 9
1713	1 17 20 58
1714	10 39 78 53
1715	72 29 46 15
1716	51 44 56 99
1717	65 61 35 51
1718	82 42 85 63
1719	13 52 2 54
1720	5 37 82 22
1721	41 86 54 73
1722	46 24 62 31
1723	50 58 56 23
1724	62 50 21 48
1725	85 92 61 80
1726	69 15 84 60
1727	45 8 36 81
1728	52 97 17 61
1729	99 27 63 52
1730	15 87 31 19
1731	82 34 84 51
1732	42 46 55 22
1733	22 37 71 90
1734	8 58 34 79
1735	95 88 43 36
1736	50 53 80 72
1737	12 29 31 3
1738	53 5 82 58
1739	53 97 84 22
1740	66 4 29 3
1741	72 5 57 55
1742	67 100 85 74
1743	86 37 48 40
1744	92 56 100 58
1745	40 66 29 81
1746	56 34 29 37
1747	52 41 80 58
1748	91 8 57 35
1749	25 70 68 88
1750	63 6 9 87
1751	1 64 100 48
1752	32 40 49 4
1753	26 50 100 38
1754	37 84 29 55
1755	44 59 72 61
1756	77 62 65 42
1757	66 37 69 43
1758	4 69 88 19
1759	22 11 19 59
1760	68 75 36 81
1761	59 11 71 60
1762	9 79 31 59
1763	100 68 24 27
1764	32 11 61 10
1765	64 38 49 46
1766	32 82 96 83
1767	38 9 59 12
1768	17 86 74 14
1769	24 4 82 71
1770	49 43 42 29
1771	17 64 57 38
1772	69 18 60 66
1773	64 100 95 25
1774	99 53 10 44
1775	28 92 33 42
1776	11 38 95 10
1777	39 42 25 76
1778	37 73 52 100
1779	52 27 96 12
1780	71 100 47 43
1781	28 54 18 3
1782	41 73 94 56
1783	65 66 74 17
1784	14 12 1 4
1785	63 27 92 34
1786	91 7 11 96
1787	61 72 93 26
1788	98 2 95 61
1789	22 87 28 65
1790	16 42 98 31
1791	85 55 43 18
1792	58 4 31 46
1793	40 28 38 56
1794	88 61 83 63
1795	56 57 88 20
1796	51 83 42 62
1797	38 62 3 39
1798	43 72 51 63
1799	53 17 92 41
1800	85 32 42 67
1801	26 62 45 55
1802	88 60 44 98
1803	60 100 9 63
1804	47 39 28 22
1805	83 100 39 58
1806	98 49 45 30
1807	45 7 29 60
1808	60 4 70 77
1809	1 42 93 51
1810	81 47 89 29
1811	96 81 42 39
1812	91 89 75 92
1813	96 48 20 100
1814	64 5 9 6
1815	11 45 96 1
1816	10 15 38 24
1817	83 69 96 14
1818	91 93 37 49
1819	8 41 23 85
1820	89 59 40 58
1821	10 70 83 82
1822	52 77 29 27
1823	89 46 42 31
1824	61 1 34 82
1825	91 20 52 2
1826	71 43 66 84
1827	7 85 86 38
1828	26 14 93 33
1829	47 43 22 19
1830	67 40 93 70
1831	100 24 25 56
1832	63 39 49 61
1833	34 61 69 16
1834	82 37 34 95
1835	71 1 23 73
1836	22 23 90 31
1837	67 87 69 71
1838	93 61 36 82
1839	47 88 58 6
1840	86 39 24 58
1841	46 59 98 26
1842	69 100 65 59
1843	66 80 96 42
1844	29 19 37 56
1845	94 38 16 82
1846	57 21 25 36
1847	38 36 64 69
1848	42 22 90 41
1849	51 38 23 97
1850	8 87 99 65
1851	87 9 74 37
1852	25 20 39 60
1853	79 83 52 63
1854	53 25 28 94
1855	56 61 10 80
1856	88 96 9 5
1857	37 34 12 47
1858	31 44 66 74
1859	9 80 7 94
1860	56 68 77 9
1861	6 51 72 98
1862	75 86 28 94
1863	27 17 70 66
1864	64 86 63 60
1865	78 44 57 3
1866	73 25 46 1
1867	36 83 42 95
1868	19 22 60 40
1869	71 32 34 64
1870	9 97 83 53
1871	55 81 4 46
1872	62 70 25 40
1873	88 79 55 54
1874	72 33 83 29
1875	65 82 29 78
1876	15 6 84 97
1877	91 27 43 20
1878	90 20 99 96
1879	6 41 53 39
1880	12 80 27 63
1881	63 40 23 24
1882	37 94 10 25
1883	45 6 3 33
1884	29 41 93 94
1885	51 16 41 39
1886	100 70 9 71
1887	96 86 12 87
1888	71 5 83 13
1889	47 56 11 53
1890	24 50 42 84
1891	58 61 8 77
1892	83 31 35 13
1893	37 73 99 36
1894	72 49 25 17
1895	25 57 54 93
1896	88 59 55 68
1897	6 93 27 84
1898	47 52 59 30
1899	71 27 87 56
1900	81 28 92 15
1901	81 47 34 79
1902	87 25 26 13
1903	2 62 4 7
1904	72 99 54 62
1905	87 37 19 65
1906	42 50 19 99
1907	18 25 29 60
1908	13 43 94 3
1909	1 19 32 41
1910	99 54 90 10
1911	15 96 51 47
1912	53 43 50 62
1913	80 96 55 73
1914	6 96 61 10
1915	12 56 50 31
1916	15 53 31 47
1917	23 48 55 5
1918	28 30 82 43
1919	77 22 41 38
1920	9 71 37 60
1921	45 18 41 97
1922	84 10 70 93
1923	57 28 65 86
1924	86 23 85 88
1925	27 81 65 37
1926	8 61 38 48
1927	52 94 98 20
1928	11 50 54 72
1929	18 14 13 7
1930	21 90 38 36
1931	41 75 58 63
1932	96 41 72 80
1933	52 15 73 68
1934	21 83 24 12
1935	75 61 43 94
1936	61 74 89 22
1937	71 14 86 34
1938	67 30 74 69
1939	12 11 61 7
1940	8 54 13 87
1941	25 19 74 28
1942	82 88 95 42
1943	4 43 88 28
1944	82 65 93 57
1945	35 92 100 85
1946	82 26 50 46
1947	97 82 80 49
1948	34 87 43 23
1949	71 30 60 77
1950	98 100 18 27
1951	39 1 21 58
1952	23 12 92 51
1953	49 5 12 15
1954	36 48 83 93
1955	92 2 42 69
1956	78 100 48 43
1957	41 18 94 13
1958	67 100 85 69
1959	85 26 32 6
1960	84 29 69 64
1961	12 55 81 13
1962	12 89 59 70
1963	51 43 81 65
1964	39 50 6 37
1965	20 9 55 31
1966	26 32 7 16
1967	26 16 99 74
1968	99 89 2 17
1969	80 97 33 93
1970	68 85 77 59
1971	21 23 20 66
1972	5 1 40 77
1973	79 86 17 16
1974	14 83 20 92
1975	4 52 75 65
1976	68 84 24 28
1977	25 19 84 87
1978	54 80 90 18
1979	82 88 3 56
1980	72 6 24 51
1981	67 50 44 43
1982	86 79 19 80
1983	62 13 61 97
1984	62 81 42 51
1985	68 8 51 21
1986	15 78 33 88
1987	23 65 5 72
1988	45 15 51 29
1989	3 71 88 39
1990	91 85 37 3
1991	92 16 48 7
1992	2 98 91 66
1993	36 4 3 71
1994	33 49 48 66
1995	26 5 63 75
1996	62 93 64 59
1997	14 95 34 92
1998	49 31 98 54
1999	16 43 99 90
2000	5 27 59 49
2001	67 77 99 55
2002	79 69 74 7
2003	59 72 64 6
2004	55 25 64 19
2005	32 12 95 38
2006	6 17 12 96
2007	98 47 60 41
2008	97 7 12 10
2009	47 31 23 90
2010	97 67 47 36
2011	6 66 71 91
2012	27 48 58 7
2013	62 63 22 48
2014	86 93 88 65
2015	55 84 42 94
2016	8 57 90 100
2017	79 99 98 11
2018	2 52 78 27
2019	20 72 88 68
2020	18 37 10 84
2021	17 63 70 89
2022	99 53 38 49
2023	95 5 33 39
2024	79 22 58 2
2025	51 4 71 74
2026	59 73 36 86
2027	20 4 67 10
2028	23 20 49 15
2029	84 16 71 87
2030	51 72 3 82
2031	51 55 65 66
2032	40 84 47 50
2033	50 24 2 90
2034	54 94 73 17
2035	79 7 97 92
2036	3 7 83 51
2037	88 45 60 14
2038	53 76 12 51
2039	38 100 83 8
2040	93 43 34 78
2041	78 65 14 68
2042	63 78 22 88
2043	80 85 89 82
2044	15 20 96 72
2045	64 32 66 95
2046	25 45 80 64
2047	85 78 53 47
2048	59 68 28 19
2049	46 45 98 29
2050	51 75 1 64
2051	45 84 54 93
2052	62 59 58 95
2053	64 56 3 68
2054	42 29 76 95
2055	88 79 19 49
2056	64 15 11 95
2057	88 50 65 74
2058	28 54 72 89
2059	51 54 89 55
2060	9 20 40 17
2061	53 9 38 5
2062	45 44 12 60
2063	37 54 46 85
2064	40 66 14 84
2065	84 22 47 100
2066	14 40 86 74
2067	26 72 96 2
2068	62 45 18 19
2069	89 75 83 62
2070	11 46 59 96
2071	22 67 36 63
2072	59 71 46 25
2073	12 58 79 5
2074	14 98 81 29
2075	50 27 59 88
2076	86 7 4 12
2077	85 59 93 72
2078	77 22 12 62
2079	45 96 78 71
2080	91 8 54 82
2081	16 32 19 29
2082	81 75 20 91
2083	87 11 68 2
2084	14 22 49 71
2085	2 68 25 95
2086	45 46 17 73
2087	86 62 63 19
2088	82 1 70 98
2089	50 98 60 73
2090	100 53 27 28
2091	4 35 48 16
2092	100 24 39 81
2093	51 100 10 71
2094	61 83 21 19
2095	85 10 35 64
2096	92 24 79 6
2097	42 17 74 49
2098	54 52 55 41
2099	23 42 30 36
2100	61 69 53 68
2101	37 73 89 24
2102	80 70 87 26
2103	82 12 5 40
2104	53 56 80 29
2105	32 64 46 8
2106	16 54 69 37
2107	62 61 36 88
2108	61 100 34 41
2109	99 66 55 79
2110	96 26 36 98
2111	65 27 100 67
2112	92 32 67 40
2113	31 61 52 100
2114	21 72 50 7
2115	6 44 99 95
2116	85 43 4 17
2117	3 7 70 32
2118	75 57 48 98
2119	78 84 85 66
2120	65 35 3 10
2121	54 80 12 15
2122	70 36 15 72
2123	63 47 95 11
2124	52 66 94 72
2125	22 66 84 15
2126	32 82 90 12
2127	42 25 11 54
2128	70 93 17 18
2129	70 88 94 48
2130	3 35 61 33
2131	60 2 21 25
2132	27 64 33 55
2133	80 96 22 34
2134	23 48 10 55
2135	33 62 32 45
2136	61 8 87 41
2137	32 53 100 54
2138	13 66 18 87
2139	17 20 70 27
2140	63 10 33 72
2141	83 84 97 80
2142	48 59 68 98
2143	58 28 36 94
2144	55 14 26 88
2145	87 25 26 40
2146	42 52 61 97
2147	67 60 41 30
2148	43 14 50 35
2149	6 1 73 8
2150	24 97 56 66
2151	75 53 42 52
2152	18 72 89 66
2153	80 48 21 100
2154	95 56 21 45
2155	89 8 52 47
2156	99 84 97 91
2157	35 33 72 97
2158	53 32 95 96
2159	42 47 62 51
2160	52 65 25 1
2161	18 96 81 34
2162	58 23 55 89
2163	65 48 40 22
2164	48 63 66 9
2165	84 80 28 89
2166	81 4 76 30
2167	1 24 62 82
2168	59 89 23 15
2169	5 66 68 91
2170	88 2 97 77
2171	39 17 22 43
2172	11 97 95 35
2173	91 61 88 38
2174	57 20 78 73
2175	34 24 29 37
2176	100 14 9 79
2177	31 77 57 68
2178	23 22 97 33
2179	25 96 95 11
2180	36 73 28 13
2181	8 58 1 19
2182	76 37 79 49
2183	77 46 30 76
2184	23 16 13 21
2185	43 73 42 81
2186	16 89 14 58
2187	11 9 84 71
2188	78 14 12 56
2189	98 11 29 70
2190	12 93 34 14
2191	16 5 37 31
2192	66 18 62 13
2193	87 84 19 61
2194	24 57 68 60
2195	56 12 27 67
2196	8 43 22 54
2197	87 96 60 85
2198	71 81 90 6
2199	37 30 71 9
2200	63 26 73 68
2201	46 40 90 59
2202	68 54 19 45
2203	65 9 20 71
2204	26 47 63 53
2205	29 42 71 100
2206	60 82 47 61
2207	42 64 59 23
2208	67 76 74 53
2209	52 45 99 65
2210	23 95 3 17
2211	57 98 18 94
2212	14 88 36 79
2213	84 25 67 100
2214	13 24 76 39
2215	80 11 88 36
2216	51 73 25 96
2217	34 58 80 86
2218	87 39 59 5
2219	70 73 41 19
2220	90 18 14 74
2221	39 99 36 29
2222	23 96 77 28
2223	41 70 87 48
2224	30 48 67 12
2225	31 33 35 32
2226	100 27 19 93
2227	62 43 7 13
2228	46 86 90 39
2229	8 71 25 44
2230	78 98 63 73
2231	22 81 84 52
2232	95 65 17 51
2233	68 15 70 30
2234	68 83 92 51
2235	25 78 75 7
2236	6 74 69 33
2237	14 45 92 38
2238	95 3 57 14
2239	92 25 16 35
2240	89 64 92 10
2241	39 85 4 8
2242	60 100 42 76
2243	34 52 50 82
2244	16 26 41 20
2245	70 29 11 44
2246	56 42 4 80
2247	10 51 57 54
2248	75 70 1 72
2249	8 4 27 42
2250	99 4 5 79
2251	59 5 40 20
2252	70 48 34 41
2253	34 45 48 36
2254	54 74 16 69
2255	99 16 62 75
2256	35 61 10 2
2257	69 28 23 18
2258	71 84 30 60
2259	62 44 58 17
2260	27 58 36 42
2261	99 73 89 16
2262	74 79 63 7
2263	89 34 44 96
2264	47 5 99 65
2265	68 31 73 71
2266	59 48 38 92
2267	3 93 22 85
2268	59 100 43 23
2269	67 78 1 2
2270	72 85 25 66
2271	91 11 55 69
2272	87 75 41 85
2273	45 67 82 58
2274	89 64 71 97
2275	52 41 83 86
2276	18 17 55 95
2277	45 15 40 96
2278	98 30 51 69
2279	2 72 58 40
2280	44 87 67 89
2281	29 35 32 24
2282	68 39 28 29
2283	46 66 64 15
2284	26 36 79 49
2285	21 61 16 54
2286	13 86 98 38
2287	42 28 31 82
2288	73 21 14 74
2289	64 71 63 69
2290	85 95 64 12
2291	31 34 21 67
2292	44 65 84 83
2293	47 94 43 24
2294	45 9 43 46
2295	24 21 89 78
2296	31 33 20 89
2297	51 80 11 17
2298	26 9 70 86
2299	3 88 6 52
2300	29 51 17 36
2301	70 27 35 26
2302	75 43 51 53
2303	20 73 63 8
2304	6 82 64 12
2305	14 89 41 27
2306	7 21 96 99
2307	52 67 51 29
2308	64 47 79 43
2309	50 48 47 37
2310	75 12 94 65
2311	63 66 15 54
2312	73 75 79 9
2313	60 82 41 35
2314	90 27 59 63
2315	81 8 70 57
2316	16 94 77 64
2317	4 28 53 49
2318	57 70 93 98
2319	53 18 31 7
2320	99 41 49 20
2321	40 15 16 79
2322	68 1 35 77
2323	39 57 88 4
2324	16 94 81 3
2325	21 55 70 67
2326	79 90 14 81
2327	81 6 63 66
2328	41 63 97 71
2329	54 6 42 86
2330	92 33 91 7
2331	10 90 67 63
2332	79 15 27 48
2333	35 81 49 62
2334	74 46 35 87
2335	1 76 53 93
2336	71 83 60 32
2337	39 12 56 63
2338	11 48 73 34
2339	34 57 40 83
2340	21 61 78 13
2341	27 3 79 86
2342	9 63 79 22
2343	13 46 57 81
2344	37 53 51 78
2345	71 12 73 85
2346	17 34 49 16
2347	19 10 69 44
2348	16 44 34 50
2349	44 62 61 93
2350	92 57 1 67
2351	24 98 56 35
2352	27 56 98 61
2353	50 88 2 43
2354	47 9 25 54
2355	57 4 31 61
2356	59 93 67 19
2357	64 6 51 96
2358	71 33 92 24
2359	49 59 83 91
2360	52 68 51 71
2361	32 25 35 2
2362	90 68 73 36
2363	32 49 21 73
2364	14 53 43 32
2365	14 95 92 61
2366	28 43 96 52
2367	77 3 49 96
2368	88 33 47 14
2369	58 81 63 31
2370	44 58 41 92
2371	8 2 75 26
2372	64 55 94 18
2373	73 69 51 58
2374	64 11 85 97
2375	56 75 74 54
2376	32 49 22 99
2377	68 12 54 26
2378	10 32 16 52
2379	88 89 10 7
2380	93 66 83 37
2381	9 81 35 42
2382	61 12 71 86
2383	36 37 8 83
2384	87 84 36 59
2385	31 13 77 78
2386	6 49 70 46
2387	11 93 23 22
2388	92 49 95 4
2389	7 56 31 49
2390	79 38 45 98
2391	67 76 45 29
2392	18 57 71 27
2393	36 38 70 94
2394	74 81 1 17
2395	65 49 43 2
2396	85 17 34 76
2397	35 37 100 93
2398	85 5 37 66
2399	37 48 26 61
2400	21 49 96 32
2401	14 86 32 35
2402	92 28 75 62
2403	100 90 2 21
2404	23 91 44 80
2405	33 96 4 56
2406	72 48 61 96
2407	1 65 27 16
2408	15 42 14 73
2409	96 85 7 61
2410	42 75 66 22
2411	45 85 22 94
2412	31 8 4 44
2413	45 68 19 93
2414	10 95 16 26
2415	52 35 95 28
2416	20 82 7 19
2417	22 99 68 9
2418	80 29 59 58
2419	19 21 28 11
2420	32 82 95 43
2421	6 76 83 8
2422	5 48 92 90
2423	54 15 75 77
2424	72 89 57 62
2425	97 84 74 68
2426	87 2 25 51
2427	51 20 49 26
2428	67 48 19 50
2429	52 19 35 63
2430	2 3 6 37
2431	76 39 85 73
2432	36 62 95 18
2433	97 54 65 10
2434	51 96 48 98
2435	27 68 91 64
2436	21 24 15 74
2437	32 51 12 65
2438	30 49 95 13
2439	50 58 65 99
2440	41 77 19 74
2441	24 97 12 86
2442	65 96 67 29
2443	87 4 43 28
2444	85 92 32 4
2445	27 54 31 44
2446	36 71 35 51
2447	80 39 48 85
2448	100 73 45 19
2449	41 56 2 95
2450	62 26 24 38
2451	17 90 7 35
2452	8 84 87 18
2453	86 76 60 79
2454	15 38 42 10
2455	20 54 52 87
2456	50 13 28 1
2457	99 98 79 80
2458	13 45 23 35
2459	58 67 42 17
2460	67 47 54 42
2461	87 59 22 13
2462	21 77 32 73
2463	93 89 86 82
2464	24 62 66 86
2465	11 98 40 80
2466	25 42 34 89
2467	26 59 53 38
2468	68 20 47 83
2469	31 77 15 78
2470	40 68 48 41
2471	37 55 20 25
2472	53 46 24 67
2473	68 11 34 41
2474	65 8 56 80
2475	52 28 35 89
2476	3 92 85 35
2477	19 39 52 22
2478	64 99 49 95
2479	79 14 82 85
2480	78 57 68 48
2481	20 100 82 53
2482	15 63 20 42
2483	91 17 98 85
2484	33 12 89 90
2485	28 83 6 96
2486	90 25 41 2
2487	50 94 70 13
2488	92 78 87 57
2489	3 94 77 69
2490	86 88 89 78
2491	79 62 9 53
2492	3 78 79 72
2493	73 86 7 38
2494	84 48 36 14
2495	70 7 62 50
2496	62 58 65 1
2497	3 83 62 85
2498	80 65 22 26
2499	67 31 83 59
2500	43 12 72 63
2501	77 3 11 87
2502	27 54 86 1
2503	61 48 41 89
2504	4 41 82 97
2505	4 73 25 23
2506	25 47 87 62
2507	42 35 38 24
2508	67 27 81 32
2509	84 94 5 98
2510	18 63 90 5
2511	52 34 50 3
2512	68 88 100 58
2513	60 49 39 22
2514	71 98 46 39
2515	43 76 22 31
2516	25 33 78 84
2517	23 89 56 52
2518	51 2 67 29
2519	57 93 69 4
2520	8 63 50 21
2521	93 46 10 16
2522	99 31 72 23
2523	90 78 19 17
2524	100 86 90 33
2525	1 27 63 91
2526	92 70 69 39
2527	85 14 20 31
2528	17 34 2 96
2529	59 42 14 15
2530	55 66 71 33
2531	65 12 83 61
2532	60 79 87 10
2533	58 47 33 75
2534	69 58 7 5
2535	99 51 55 93
2536	53 79 1 30
2537	58 91 53 35
2538	17 79 86 91
2539	85 47 42 98
2540	11 95 75 92
2541	55 36 68 26
2542	70 16 80 5
2543	44 4 96 100
2544	83 44 88 20
2545	23 35 53 81
2546	17 86 68 70
2547	72 43 10 29
2548	60 27 68 3
2549	86 84 52 3
2550	96 63 73 50
2551	31 64 88 11
2552	74 78 21 6
2553	10 66 91 29
2554	44 33 38 82
2555	80 57 16 66
2556	25 60 95 5
2557	14 98 69 87
2558	91 88 32 81
2559	17 25 3 55
2560	65 82 87 28
2561	26 72 5 77
2562	63 66 94 50
2563	73 91 36 58
2564	44 76 75 45
2565	67 37 27 41
2566	62 22 9 11
2567	38 46 87 28
2568	75 58 8 62
2569	44 73 74 96
2570	81 65 93 88
2571	25 71 79 92
2572	67 46 26 11
2573	18 53 55 86
2574	64 76 4 28
2575	50 34 26 27
2576	98 2 34 40
2577	84 3 1 22
2578	72 81 73 42
2579	24 81 16 43
2580	14 89 26 28
2581	100 6 88 49
2582	45 83 90 34
2583	66 64 89 32
2584	69 70 28 88
2585	23 69 92 31
2586	77 79 19 31
2587	38 1 45 69
2588	12 19 99 79
2589	11 73 75 22
2590	9 100 85 61
2591	56 61 94 87
2592	4 76 40 6
2593	43 15 57 29
2594	28 94 72 11
2595	6 50 79 100
2596	37 18 95 39
2597	51 75 9 18
2598	11 22 39 52
2599	1 95 23 34
2600	89 3 74 27
2601	14 22 81 55
2602	22 57 56 17
2603	9 80 97 79
2604	75 71 51 19
2605	91 48 90 25
2606	8 9 71 5
2607	67 20 39 56
2608	73 3 84 61
2609	6 59 79 40
2610	2 86 62 28
2611	64 39 31 14
2612	70 16 59 56
2613	24 15 51 70
2614	51 43 82 29
2615	14 21 40 45
2616	73 81 23 60
2617	34 29 47 91
2618	7 42 14 62
2619	96 36 66 45
2620	84 91 54 93
2621	27 16 44 77
2622	53 85 90 71
2623	16 19 67 1
2624	24 44 55 16
2625	30 28 48 17
2626	89 87 20 22
2627	84 89 74 66
2628	15 74 47 4
2629	3 92 35 75
2630	10 32 29 37
2631	41 79 12 83
2632	95 45 74 86
2633	86 53 37 4
2634	92 41 99 72
2635	20 47 90 70
2636	62 17 68 77
2637	50 48 99 7
2638	87 33 31 86
2639	67 59 53 68
2640	75 87 30 7
2641	93 71 50 65
2642	5 61 31 37
2643	4 24 26 45
2644	55 54 79 25
2645	52 53 23 40
2646	73 3 46 29
2647	69 72 76 87
2648	93 11 46 66
2649	72 83 19 24
2650	17 74 96 77
2651	73 54 72 49
2652	14 7 80 36
2653	93 45 79 30
2654	49 29 33 38
2655	5 94 50 95
2656	45 81 6 89
2657	100 57 25 31
2658	79 89 8 12
2659	43 29 50 38
2660	87 89 35 71
2661	86 66 34 98
2662	70 86 13 34
2663	98 6 91 82
2664	32 63 97 54
2665	18 12 28 11
2666	77 42 45 21
2667	46 17 94 58
2668	12 32 45 98
2669	57 31 61 90
2670	41 70 63 67
2671	77 44 99 94
2672	62 41 22 57
2673	59 36 25 92
2674	47 53 49 13
2675	97 68 30 98
2676	76 96 90 9
2677	1 15 73 39
2678	34 43 8 37
2679	14 79 16 15
2680	62 92 25 12
2681	9 39 60 29
2682	84 38 68 14
2683	81 36 20 54
2684	62 87 42 18
2685	71 67 88 31
2686	90 68 80 5
2687	7 21 66 45
2688	18 47 14 67
2689	72 69 99 67
2690	37 100 74 57
2691	41 27 54 11
2692	55 61 56 82
2693	92 6 21 86
2694	46 83 72 58
2695	69 72 50 1
2696	9 82 70 21
2697	82 86 66 20
2698	58 87 32 2
2699	74 21 17 47
2700	16 32 43 53
2701	28 100 44 66
2702	55 4 77 51
2703	37 63 4 38
2704	43 72 68 63
2705	46 72 61 33
2706	38 11 33 19
2707	86 85 19 39
2708	30 39 28 14
2709	68 1 83 69
2710	22 14 90 97
2711	30 28 46 88
2712	74 86 42 14
2713	32 83 8 22
2714	6 22 36 3
2715	21 25 4 50
2716	67 80 88 59
2717	63 25 71 30
2718	31 24 54 21
2719	31 53 26 17
2720	75 60 44 59
2721	24 92 74 38
2722	39 69 72 50
2723	46 19 67 39
2724	4 72 66 63
2725	10 68 93 56
2726	84 20 28 56
2727	53 47 97 4
2728	64 88 7 67
2729	30 16 20 11
2730	45 6 30 59
2731	58 19 54 74
2732	96 54 25 43
2733	81 40 87 88
2734	29 82 66 37
2735	40 93 86 83
2736	37 18 29 34
2737	86 51 21 20
2738	36 60 17 91
2739	58 44 47 20
2740	76 45 72 10
2741	70 51 34 25
2742	29 18 75 57
2743	7 69 83 42
2744	7 29 87 84
2745	52 48 23 63
2746	22 61 41 93
2747	47 20 36 80
2748	95 77 65 36
2749	64 43 33 92
2750	53 99 87 16
2751	4 77 100 82
2752	82 95 62 89
2753	6 67 47 40
2754	52 43 41 93
2755	91 70 66 14
2756	33 87 24 93
2757	65 6 2 75
2758	23 100 89 61
2759	31 54 87 49
2760	51 77 99 84
2761	76 40 3 37
2762	53 97 65 76
2763	92 99 58 91
2764	80 32 31 46
2765	32 66 63 89
2766	38 69 70 81
2767	91 90 53 75
2768	32 33 29 3
2769	53 92 62 100
2770	32 81 39 7
2771	42 27 82 68
2772	63 24 91 28
2773	53 19 40 93
2774	50 7 57 41
2775	94 35 14 65
2776	71 39 46 78
2777	41 91 82 84
2778	93 27 1 59
2779	29 24 13 85
2780	73 9 62 98
2781	59 3 29 82
2782	16 56 29 10
2783	55 81 20 70
2784	16 40 76 50
2785	1 23 43 12
2786	36 59 10 3
2787	7 15 99 25
2788	26 62 37 94
2789	17 85 41 66
2790	58 28 20 16
2791	53 14 37 5
2792	35 91 92 67
2793	11 10 42 52
2794	64 9 39 22
2795	67 86 16 57
2796	11 36 4 2
2797	26 21 23 46
2798	26 45 64 61
2799	53 64 10 28
2800	91 24 64 73
2801	86 14 62 42
2802	38 57 46 53
2803	5 32 38 7
2804	39 99 65 96
2805	31 67 82 83
2806	70 28 1 66
2807	45 87 83 8
2808	28 83 77 99
2809	13 47 5 89
2810	92 41 23 96
2811	39 54 11 29
2812	83 76 36 15
2813	30 34 18 8
2814	14 69 43 10
2815	88 17 98 20
2816	44 79 15 66
2817	67 17 78 65
2818	36 99 13 81
2819	56 41 40 23
2820	89 60 37 43
2821	94 24 67 15
2822	17 72 64 22
2823	19 47 100 78
2824	98 34 48 82
2825	73 39 64 11
2826	66 34 3 62
2827	93 26 8 82
2828	12 27 56 52
2829	36 68 38 83
2830	2 95 37 15
2831	35 22 95 37
2832	25 80 28 53
2833	40 79 64 30
2834	21 51 62 30
2835	33 51 100 64
2836	75 84 90 94
2837	10 20 95 48
2838	60 99 30 35
2839	96 34 84 66
2840	26 88 77 15
2841	35 81 75 59
2842	51 56 95 11
2843	37 86 48 62
2844	61 99 8 53
2845	71 76 54 13
2846	7 77 13 58
2847	4 63 35 37
2848	14 71 19 74
2849	56 43 41 75
2850	76 95 24 34
2851	86 67 59 73
2852	26 50 51 30
2853	66 86 9 21
2854	63 67 45 88
2855	20 73 92 45
2856	98 24 78 99
2857	44 20 46 99
2858	1 85 74 16
2859	70 7 4 23
2860	70 10 43 16
2861	88 93 3 42
2862	15 73 60 99
2863	48 6 45 93
2864	57 39 9 26
2865	91 77 88 29
2866	32 96 92 22
2867	98 33 93 90
2868	19 59 88 50
2869	71 16 28 99
2870	54 29 69 70
2871	24 29 17 47
2872	52 8 24 97
2873	58 92 74 40
2874	15 56 42 53
2875	97 3 82 79
2876	31 90 99 26
2877	90 14 72 55
2878	35 41 63 42
2879	48 95 83 3
2880	69 52 63 10
2881	17 2 14 28
2882	57 34 40 8
2883	2 18 90 77
2884	62 96 21 68
2885	1 49 18 82
2886	38 16 40 49
2887	96 9 72 26
2888	11 43 25 56
2889	11 66 43 70
2890	22 28 99 43
2891	23 55 56 85
2892	65 21 95 64
2893	39 55 72 97
2894	78 51 75 36
2895	58 64 39 24
2896	99 34 64 31
2897	80 72 96 83
2898	32 100 55 75
2899	27 22 74 94
2900	26 44 19 54
2901	71 16 38 75
2902	58 4 45 95
2903	58 99 85 94
2904	91 66 6 62
2905	80 91 25 40
2906	67 99 83 80
2907	25 7 42 76
2908	96 86 92 42
2909	8 18 33 91
2910	55 86 67 23
2911	91 50 43 52
2912	81 38 11 9
2913	34 20 66 85
2914	41 49 8 68
2915	85 40 65 13
2916	79 67 83 62
2917	24 89 56 35
2918	31 47 44 11
2919	41 67 77 66
2920	7 76 89 61
2921	80 11 67 35
2922	81 4 75 99
2923	36 31 76 40
2924	38 14 9 8
2925	51 89 53 79
2926	8 34 43 27
2927	65 21 17 7
2928	59 77 27 25
2929	4 97 81 75
2930	6 28 35 32
2931	1 65 74 60
2932	7 81 37 70
2933	91 46 89 25
2934	100 77 52 67
2935	8 4 99 81
2936	58 52 43 76
2937	57 78 40 73
2938	5 77 45 81
2939	61 4 44 38
2940	43 94 89 66
2941	42 69 2 21
2942	28 70 90 95
2943	33 72 53 14
2944	37 35 31 12
2945	67 31 45 23
2946	85 86 67 47
2947	82 44 86 20
2948	13 71 88 35
2949	49 2 30 43
2950	57 69 22 31
2951	30 49 31 77
2952	10 56 30 90
2953	66 7 40 3
2954	40 98 74 49
2955	48 20 86 56
2956	91 2 20 99
2957	6 64 97 85
2958	32 89 22 82
2959	3 15 4 88
2960	24 16 85 89
2961	39 41 46 27
2962	64 19 14 99
2963	72 19 4 53
2964	14 95 10 62
2965	9 5 43 49
2966	81 87 27 58
2967	65 48 64 31
2968	23 97 44 18
2969	40 71 4 33
2970	74 27 59 63
2971	9 58 73 1
2972	7 94 88 43
2973	34 85 67 65
2974	37 12 75 99
2975	53 89 16 60
2976	85 87 20 51
2977	78 77 7 11
2978	66 100 86 54
2979	24 35 78 85
2980	78 47 28 58
2981	25 1 68 50
2982	17 84 77 56
2983	83 93 38 55
2984	3 37 17 43
2985	69 4 62 57
2986	94 32 75 64
2987	6 47 87 33
2988	25 10 56 8
2989	63 21 42 15
2990	39 66 43 78
2991	52 98 24 86
2992	65 100 36 21
2993	33 99 40 13
2994	78 79 52 11
2995	55 73 23 85
2996	41 63 49 27
2997	48 41 11 63
2998	25 79 36 23
2999	79 8 52 10
3000	38 8 91 62
3001	100 99 46 64
3002	91 80 89 26
3003	54 32 33 96
3004	87 74 60 10
3005	39 48 46 38
3006	13 37 9 19
3007	48 19 95 41
3008	62 72 27 41
3009	43 31 37 82
3010	2 41 79 64
3011	11 40 99 56
3012	50 59 14 19
3013	53 12 40 3
3014	63 69 31 99
3015	47 12 87 53
3016	6 94 79 80
3017	6 69 79 54
3018	41 44 17 51
3019	84 7 70 4
3020	16 3 19 33
3021	18 27 16 2
3022	26 31 88 100
3023	34 78 88 87
3024	58 39 25 37
3025	64 24 37 48
3026	98 40 46 88
3027	58 57 89 12
3028	81 75 28 43
3029	49 16 39 3
3030	36 97 85 29
3031	64 1 54 3
3032	66 77 16 79
3033	26 87 35 41
3034	11 75 27 7
3035	18 77 42 80
3036	82 59 86 57
3037	79 77 7 67
3038	60 72 64 54
3039	68 84 53 81
3040	68 33 16 28
3041	41 45 96 70
3042	19 92 61 36
3043	6 68 52 16
3044	5 2 72 1
3045	40 18 99 46
3046	46 69 100 77
3047	24 78 5 42
3048	49 58 80 8
3049	84 4 8 14
3050	75 21 50 39
3051	60 2 3 42
3052	93 35 71 24
3053	69 21 60 68
3054	36 2 100 86
3055	94 74 38 28
3056	13 12 63 98
3057	100 83 73 34
3058	1 55 12 27
3059	43 95 93 9
3060	30 15 96 6
3061	69 19 93 42
3062	71 40 22 42
3063	41 3 1 46
3064	44 18 2 51
3065	62 80 24 90
3066	5 86 40 73
3067	2 80 74 99
3068	3 12 65 74
3069	29 2 70 33
3070	17 66 14 74
3071	68 74 71 14
3072	46 34 73 71
3073	38 46 54 33
3074	77 23 63 79
3075	54 83 43 19
3076	75 57 72 40
3077	6 77 47 87
3078	85 5 39 69
3079	67 66 33 83
3080	43 77 76 14
3081	62 63 39 81
3082	87 66 58 14
3083	91 51 47 44
3084	95 75 51 76
3085	33 5 70 23
3086	46 42 37 38
3087	82 35 39 87
3088	44 63 65 10
3089	24 69 80 92
3090	86 25 22 97
3091	94 16 91 64
3092	5 8 27 7
3093	88 6 21 65
3094	5 92 42 71
3095	23 12 37 14
3096	82 85 5 7
3097	27 23 47 80
3098	28 71 67 9
3099	83 66 19 63
3100	61 37 94 10
3101	87 23 93 27
3102	5 63 69 77
3103	25 51 33 30
3104	72 90 77 26
3105	57 40 1 16
3106	80 51 17 87
3107	88 29 93 47
3108	3 50 2 62
3109	83 33 53 65
3110	76 9 41 19
3111	46 87 89 77
3112	56 42 39 8
3113	31 91 24 85
3114	57 99 33 80
3115	98 49 11 27
3116	14 28 45 91
3117	5 43 87 98
3118	68 91 86 27
3119	30 40 65 86
3120	3 83 99 66
3121	15 5 54 56
3122	49 37 89 14
3123	40 66 7 52
3124	87 84 71 53
3125	16 11 71 85
3126	95 66 62 11
3127	12 60 37 99
3128	92 84 88 72
3129	22 7 75 57
3130	93 46 32 96
3131	77 59 91 31
3132	24 70 28 50
3133	71 83 14 34
3134	23 48 43 99
3135	83 60 70 93
3136	96 81 9 36
3137	47 76 49 48
3138	51 52 1 49
3139	96 36 1 94
3140	12 88 2 61
3141	89 72 15 4
3142	29 32 86 26
3143	13 48 25 91
3144	45 3 69 30
3145	67 66 8 92
3146	61 67 19 79
3147	100 54 3 30
3148	16 7 2 88
3149	12 50 53 30
3150	51 55 95 41
3151	92 97 28 54
3152	63 66 100 55
3153	20 32 43 41
3154	37 90 55 41
3155	96 81 80 82
3156	71 26 19 85
3157	69 56 41 91
3158	95 52 43 37
3159	38 11 42 54
3160	29 22 75 55
3161	5 9 30 98
3162	3 99 64 30
3163	49 52 100 99
3164	11 49 89 99
3165	50 42 90 13
3166	52 68 92 49
3167	65 33 40 88
3168	31 21 100 12
3169	29 26 55 95
3170	44 36 13 54
3171	1 99 23 78
3172	15 26 75 37
3173	99 64 92 15
3174	8 94 35 22
3175	85 10 30 37
3176	34 19 22 18
3177	18 38 43 69
3178	52 80 32 10
3179	36 12 97 16
3180	88 10 66 50
3181	28 13 52 97
3182	41 90 93 18
3183	91 22 97 3
3184	11 41 90 2
3185	7 35 33 29
3186	54 20 99 81
3187	26 15 43 16
3188	80 12 29 14
3189	81 28 19 16
3190	14 86 20 90
3191	42 85 96 69
3192	94 73 42 68
3193	77 50 49 53
3194	51 53 10 16
3195	50 96 74 34
3196	29 72 50 34
3197	85 75 7 11
3198	48 75 92 66
3199	3 21 31 95
3200	25 87 67 95
3201	89 50 54 30
3202	70 42 15 10
3203	95 84 3 43
3204	51 4 18 96
3205	84 28 4 33
3206	18 4 92 41
3207	89 84 78 72
3208	51 38 42 82
3209	52 68 78 37
3210	80 48 55 65
3211	64 93 39 60
3212	44 24 4 96
3213	24 43 29 80
3214	38 85 42 73
3215	12 40 58 23
3216	73 29 12 19
3217	99 81 54 95
3218	95 33 96 14
3219	42 9 60 47
3220	40 37 34 77
3221	51 75 56 3
3222	11 36 45 10
3223	75 10 20 82
3224	49 89 78 22
3225	31 85 84 1
3226	23 5 64 56
3227	1 24 20 81
3228	52 93 48 20
3229	85 66 36 59
3230	79 21 18 72
3231	98 58 99 14
3232	29 28 88 40
3233	44 45 38 58
3234	4 43 60 96
3235	29 77 98 92
3236	57 24 87 32
3237	93 32 41 29
3238	86 95 8 38
3239	62 67 71 95
3240	38 84 18 37
3241	89 57 84 48
3242	41 46 33 91
3243	65 98 82 95
3244	85 14 74 5
3245	44 21 36 50
3246	59 11 54 48
3247	73 56 6 74
3248	18 88 12 78
3249	22 58 20 78
3250	61 92 20 12
3251	3 2 84 37
3252	47 51 29 17
3253	74 26 24 49
3254	45 98 38 3
3255	93 90 27 17
3256	74 64 4 69
3257	59 44 24 49
3258	10 42 83 80
3259	38 15 91 9
3260	11 91 3 24
3261	85 50 70 37
3262	20 57 21 63
3263	55 37 58 51
3264	31 28 22 8
3265	82 47 39 31
3266	78 45 88 54
3267	98 8 14 94
3268	93 82 45 14
3269	100 7 11 62
3270	62 73 53 31
3271	42 35 50 22
3272	32 18 24 15
3273	75 51 47 13
3274	29 2 61 54
3275	74 93 36 40
3276	35 4 40 66
3277	48 90 7 73
3278	43 97 17 5
3279	12 39 22 78
3280	23 49 79 48
3281	34 90 19 50
3282	28 36 59 29
3283	45 57 74 58
3284	6 20 27 93
3285	3 15 57 6
3286	49 51 90 10
3287	67 23 69 92
3288	82 7 24 100
3289	90 92 32 55
3290	60 78 74 3
3291	1 34 27 55
3292	18 8 21 17
3293	3 4 1 35
3294	58 13 17 70
3295	93 81 39 54
3296	14 38 98 90
3297	32 25 62 84
3298	48 64 39 78
3299	60 77 36 22
3300	52 57 45 18
3301	63 6 72 8
3302	10 77 37 6
3303	18 100 87 38
3304	2 92 53 74
3305	28 12 48 95
3306	63 19 54 40
3307	61 45 28 100
3308	55 12 10 34
3309	46 75 61 5
3310	7 56 62 69
3311	79 81 33 86
3312	70 27 78 92
3313	45 52 25 31
3314	28 73 49 4
3315	48 59 19 23
3316	78 56 30 58
3317	10 66 78 30
3318	73 90 49 13
3319	80 49 63 44
3320	60 48 9 71
3321	76 65 42 15
3322	68 11 48 30
3323	65 71 9 61
3324	89 40 42 86
3325	88 80 6 95
3326	2 41 93 19
3327	10 46 59 14
3328	93 63 16 33
3329	74 60 48 1
3330	38 64 68 97
3331	61 20 46 77
3332	12 28 1 47
3333	8 6 88 31
3334	33 60 77 43
3335	92 49 15 35
3336	27 65 91 24
3337	67 51 36 88
3338	66 4 70 39
3339	55 38 67 56
3340	4 90 75 64
3341	5 55 80 24
3342	80 98 31 61
3343	82 49 26 74
3344	14 76 80 89
3345	92 24 79 73
3346	96 68 95 28
3347	44 83 24 30
3348	33 10 100 86
3349	64 74 70 33
3350	92 61 62 94
3351	59 79 48 40
3352	60 63 100 86
3353	86 29 7 23
3354	65 14 15 10
3355	80 67 20 76
3356	83 85 18 93
3357	84 32 38 48
3358	61 85 84 49
3359	73 39 29 62
3360	35 66 42 33
3361	77 100 49 14
3362	47 84 90 37
3363	99 51 53 2
3364	43 19 4 30
3365	85 97 24 15
3366	90 83 71 15
3367	56 59 58 76
3368	59 82 45 97
3369	21 11 54 98
3370	19 14 100 92
3371	45 72 8 3
3372	41 34 39 38
3373	70 72 90 40
3374	1 48 59 6
3375	48 28 32 29
3376	89 60 41 26
3377	94 85 68 48
3378	75 22 82 44
3379	95 79 5 22
3380	46 52 34 42
3381	55 67 24 51
3382	99 66 51 20
3383	93 29 58 2
3384	9 100 92 39
3385	32 53 61 42
3386	40 41 58 28
3387	71 13 54 12
3388	33 17 26 91
3389	32 54 70 81
3390	14 90 39 64
3391	29 49 75 32
3392	79 73 45 55
3393	15 24 78 40
3394	65 99 85 34
3395	89 77 5 13
3396	43 10 68 44
3397	95 93 42 33
3398	25 6 23 10
3399	64 71 47 21
3400	10 76 17 94
3401	87 74 92 69
3402	38 27 60 98
3403	100 95 63 55
3404	56 67 38 62
3405	21 93 26 19
3406	58 68 42 56
3407	17 59 90 66
3408	2 59 50 52
3409	80 99 36 37
3410	1 9 74 88
3411	85 77 94 47
3412	85 66 37 92
3413	92 77 8 51
3414	21 32 22 79
3415	39 56 76 71
3416	33 38 25 34
3417	96 52 78 16
3418	26 52 51 24
3419	69 82 41 84
3420	50 99 69 66
3421	55 14 29 51
3422	16 3 83 40
3423	3 99 5 90
3424	11 84 97 69
3425	15 63 58 41
3426	40 10 57 75
3427	86 3 95 77
3428	12 18 71 28
3429	55 5 24 82
3430	46 10 68 76
3431	47 12 31 76
3432	55 87 85 81
3433	84 7 85 10
3434	24 81 4 40
3435	91 50 43 55
3436	11 97 60 46
3437	17 62 46 53
3438	4 66 88 54
3439	27 25 16 33
3440	96 11 3 71
3441	94 54 73 20
3442	92 79 85 4
3443	19 42 73 44
3444	98 22 36 89
3445	4 87 63 41
3446	55 74 8 19
3447	17 79 44 74
3448	23 74 15 68
3449	40 5 54 28
3450	80 5 32 78
3451	28 36 94 56
3452	63 71 86 73
3453	83 35 33 13
3454	79 17 16 4
3455	13 17 86 91
3456	4 17 57 85
3457	21 72 96 11
3458	41 71 1 25
3459	5 13 40 14
3460	84 80 66 32
3461	29 88 4 32
3462	76 38 33 56
3463	37 100 91 68
3464	73 70 45 22
3465	32 12 94 58
3466	42 9 5 99
3467	48 64 99 97
3468	19 37 93 82
3469	36 69 1 51
3470	46 92 71 91
3471	37 55 85 71
3472	40 49 52 77
3473	86 12 21 31
3474	72 92 97 17
3475	61 74 88 33
3476	66 13 38 61
3477	4 92 10 34
3478	15 10 61 80
3479	31 93 33 70
3480	40 75 87 52
3481	45 97 100 28
3482	28 48 60 52
3483	28 1 38 40
3484	39 24 60 89
3485	93 60 43 26
3486	81 54 29 49
3487	23 76 97 4
3488	30 7 37 61
3489	81 41 92 37
3490	42 28 60 87
3491	75 94 50 58
3492	55 33 99 94
3493	63 18 43 80
3494	21 40 5 66
3495	70 24 1 19
3496	67 89 9 91
3497	94 41 6 76
3498	5 6 86 13
3499	7 83 66 22
3500	38 10 72 68
3501	99 93 50 2
3502	85 98 93 71
3503	89 55 7 64
3504	19 17 83 97
3505	56 70 78 10
3506	87 59 26 57
3507	99 30 16 49
3508	84 15 41 31
3509	74 50 24 46
3510	99 46 32 37
3511	1 37 5 65
3512	67 44 90 12
3513	99 41 63 39
3514	33 54 95 68
3515	72 70 46 91
3516	97 15 26 91
3517	64 81 28 98
3518	70 96 38 27
3519	93 55 87 53
3520	62 44 39 42
3521	36 10 77 70
3522	55 23 74 33
3523	42 75 71 11
3524	77 10 43 17
3525	69 61 95 16
3526	38 13 5 92
3527	64 75 33 22
3528	72 25 6 92
3529	36 61 24 70
3530	25 74 62 93
3531	33 63 42 54
3532	25 64 15 67
3533	69 28 66 44
3534	23 21 32 41
3535	81 30 57 20
3536	32 5 31 53
3537	89 42 48 53
3538	48 58 91 45
3539	86 28 44 67
3540	47 76 9 19
3541	31 53 96 16
3542	1 48 97 72
3543	21 35 1 87
3544	25 72 90 33
3545	94 17 4 15
3546	89 71 41 42
3547	74 68 83 85
3548	3 44 70 16
3549	51 65 59 64
3550	79 77 71 24
3551	90 77 91 36
3552	95 67 94 98
3553	63 82 58 31
3554	38 27 15 99
3555	54 42 100 49
3556	13 47 23 24
3557	10 6 52 28
3558	25 11 98 4
3559	74 50 29 86
3560	53 10 75 51
3561	25 62 77 59
3562	25 87 22 54
3563	28 18 95 24
3564	92 11 35 49
3565	9 83 87 98
3566	64 97 79 20
3567	2 18 87 63
3568	90 21 86 77
3569	37 1 77 23
3570	23 33 84 100
3571	6 75 61 93
3572	2 1 14 21
3573	11 97 63 47
3574	52 71 68 16
3575	74 78 46 2
3576	32 78 72 91
3577	10 46 75 6
3578	55 97 72 31
3579	60 20 94 73
3580	81 64 16 24
3581	27 97 56 1
3582	80 84 17 46
3583	1 42 32 96
3584	94 80 60 48
3585	20 77 89 8
3586	58 1 40 56
3587	8 65 1 12
3588	79 3 85 92
3589	99 1 93 98
3590	56 59 41 98
3591	16 75 46 72
3592	30 24 52 34
3593	48 22 36 70
3594	38 88 9 92
3595	7 69 10 98
3596	49 34 39 55
3597	82 19 20 32
3598	25 100 6 72
3599	60 31 29 70
3600	31 97 93 42
3601	61 47 62 20
3602	97 69 87 68
3603	97 68 13 53
3604	23 40 75 50
3605	92 38 55 84
3606	26 32 12 85
3607	59 26 98 83
3608	9 97 40 86
3609	8 44 96 34
3610	49 22 84 88
3611	39 91 47 100
3612	6 44 16 77
3613	30 57 79 21
3614	91 55 24 23
3615	33 97 11 43
3616	21 87 28 25
3617	97 6 5 21
3618	82 38 28 44
3619	92 11 14 49
3620	81 67 3 9
3621	67 93 77 87
3622	91 95 76 49
3623	4 84 62 6
3624	93 62 77 86
3625	29 50 18 1
3626	88 54 10 69
3627	19 40 87 7
3628	81 34 13 46
3629	66 90 18 72
3630	17 47 27 60
3631	82 60 26 27
3632	93 14 90 58
3633	96 49 74 34
3634	41 8 37 60
3635	40 20 44 50
3636	20 1 32 99
3637	21 70 52 44
3638	73 49 23 67
3639	71 7 19 28
3640	100 71 21 59
3641	85 6 41 44
3642	10 58 54 52
3643	20 22 51 90
3644	5 39 40 79
3645	20 69 86 51
3646	57 39 62 63
3647	1 78 16 61
3648	31 85 82 15
3649	18 96 45 55
3650	78 47 85 91
3651	90 56 75 24
3652	21 24 49 70
3653	53 25 70 61
3654	100 80 45 42
3655	39 70 98 67
3656	97 98 76 73
3657	35 48 82 43
3658	1 63 82 76
3659	32 86 57 81
3660	56 99 61 88
3661	80 81 98 19
3662	38 35 69 34
3663	17 97 27 44
3664	9 33 93 26
3665	47 26 81 37
3666	77 60 38 89
3667	61 88 82 43
3668	53 92 59 40
3669	27 32 62 48
3670	96 28 67 92
3671	11 93 88 43
3672	39 97 85 60
3673	8 15 7 19
3674	59 45 81 7
3675	6 87 91 62
3676	11 53 60 29
3677	49 60 56 78
3678	42 11 31 3
3679	84 65 79 92
3680	18 7 4 70
3681	10 35 29 38
3682	4 45 96 42
3683	38 32 68 48
3684	6 59 48 69
3685	45 3 64 85
3686	67 73 100 16
3687	89 27 90 57
3688	29 62 44 60
3689	81 99 30 45
3690	29 93 26 65
3691	93 79 80 23
3692	67 24 61 5
3693	14 37 97 90
3694	52 35 29 26
3695	34 83 17 22
3696	2 72 27 75
3697	50 87 6 60
3698	45 74 12 84
3699	30 25 99 73
3700	22 8 43 68
3701	61 73 40 54
3702	39 7 45 73
3703	12 40 17 15
3704	17 37 25 33
3705	62 14 26 7
3706	65 6 16 66
3707	1 95 86 38
3708	48 100 91 76
3709	79 31 78 60
3710	67 95 31 79
3711	35 49 17 79
3712	27 65 83 59
3713	37 53 100 58
3714	54 83 93 58
3715	96 41 3 7
3716	44 43 64 66
3717	38 79 57 1
3718	60 73 11 92
3719	63 60 100 7
3720	29 65 9 88
3721	52 26 78 16
3722	28 14 17 44
3723	35 39 69 4
3724	99 57 39 73
3725	28 100 66 57
3726	91 40 32 7
3727	18 23 97 35
3728	28 6 19 57
3729	49 37 83 68
3730	20 77 63 89
3731	7 85 33 88
3732	65 66 18 52
3733	64 13 27 46
3734	73 75 96 82
3735	78 11 40 87
3736	55 13 2 100
3737	26 96 9 33
3738	57 60 54 20
3739	45 28 48 43
3740	56 48 63 76
3741	69 82 47 41
3742	69 73 45 70
3743	27 60 47 97
3744	58 41 55 81
3745	99 24 40 92
3746	26 84 81 53
3747	20 51 58 63
3748	6 88 26 4
3749	42 58 3 13
3750	41 45 3 38
3751	93 59 36 73
3752	5 85 78 42
3753	86 56 38 4
3754	65 54 56 15
3755	15 20 24 72
3756	47 57 37 40
3757	10 92 43 31
3758	91 37 26 64
3759	4 45 32 12
3760	78 30 12 93
3761	18 34 73 8
3762	53 59 68 79
3763	23 26 45 85
3764	15 51 99 100
3765	93 17 91 38
3766	30 21 18 52
3767	35 47 88 55
3768	68 30 22 55
3769	20 9 93 89
3770	38 65 61 55
3771	60 77 14 89
3772	30 59 17 91
3773	19 79 5 21
3774	75 86 26 6
3775	69 95 30 66
3776	16 71 62 54
3777	10 23 62 72
3778	99 69 18 95
3779	98 47 36 14
3780	13 65 84 21
3781	87 97 67 78
3782	66 87 2 41
3783	39 1 60 8
3784	17 31 44 53
3785	30 82 85 78
3786	8 11 95 99
3787	58 57 83 82
3788	76 4 99 72
3789	89 54 15 10
3790	23 39 6 14
3791	12 8 54 7
3792	21 29 89 32
3793	87 21 89 31
3794	85 43 9 77
3795	92 15 49 47
3796	26 94 90 73
3797	6 9 30 42
3798	18 73 16 8
3799	13 93 12 62
3800	72 4 26 56
3801	15 87 75 36
3802	81 12 29 91
3803	12 92 87 33
3804	45 36 22 57
3805	96 61 39 79
3806	8 64 53 14
3807	53 22 5 30
3808	53 65 1 76
3809	34 27 12 74
3810	29 54 31 1
3811	53 11 40 49
3812	78 85 90 4
3813	87 63 4 47
3814	5 34 18 89
3815	56 65 5 27
3816	29 17 85 38
3817	91 58 49 71
3818	91 80 9 2
3819	15 87 76 59
3820	60 88 55 42
3821	27 44 94 18
3822	78 22 8 21
3823	80 79 78 18
3824	65 36 80 93
3825	46 69 94 31
3826	73 38 60 90
3827	74 41 92 76
3828	10 3 71 49
3829	42 26 37 71
3830	60 63 9 88
3831	64 86 99 95
3832	2 32 92 14
3833	79 52 81 73
3834	41 68 37 66
3835	55 72 84 73
3836	90 29 25 73
3837	76 59 87 34
3838	100 44 47 89
3839	34 30 53 78
3840	70 55 95 15
3841	86 68 14 35
3842	57 98 7 97
3843	87 83 78 98
3844	100 13 52 43
3845	11 100 39 90
3846	21 59 62 24
3847	67 93 37 13
3848	90 11 45 46
3849	94 73 60 3
3850	41 13 42 7
3851	52 69 65 94
3852	3 63 86 98
3853	66 40 97 70
3854	66 87 95 85
3855	66 22 47 42
3856	9 78 72 97
3857	40 22 83 89
3858	14 42 59 81
3859	21 26 4 42
3860	9 24 15 46
3861	52 17 71 29
3862	32 88 25 93
3863	56 53 18 50
3864	12 74 14 99
3865	23 3 56 31
3866	95 28 20 44
3867	55 62 15 80
3868	94 67 45 58
3869	90 32 48 99
3870	79 18 13 31
3871	64 33 35 10
3872	87 1 25 68
3873	93 85 52 38
3874	7 9 82 58
3875	4 88 11 81
3876	29 66 23 35
3877	75 19 63 67
3878	38 12 78 79
3879	92 50 89 58
3880	57 63 43 78
3881	19 10 24 88
3882	95 81 90 44
3883	44 32 53 88
3884	64 66 79 14
3885	40 54 80 16
3886	34 52 96 44
3887	80 89 25 11
3888	46 50 58 79
3889	3 98 36 62
3890	38 50 12 44
3891	78 99 96 85
3892	18 91 7 13
3893	20 4 30 16
3894	16 63 74 5
3895	41 22 42 6
3896	16 87 29 39
3897	12 32 27 94
3898	15 20 58 94
3899	22 12 84 2
3900	25 98 53 48
3901	59 54 46 25
3902	93 27 5 98
3903	47 71 65 23
3904	60 98 46 82
3905	3 4 20 92
3906	72 94 47 20
3907	58 53 89 78
3908	22 3 35 99
3909	34 90 57 66
3910	48 90 42 72
3911	75 81 54 82
3912	75 99 72 46
3913	52 6 53 99
3914	12 32 69 53
3915	11 25 30 58
3916	51 40 55 57
3917	98 34 48 97
3918	42 89 47 39
3919	81 83 39 73
3920	2 6 96 84
3921	37 74 33 66
3922	57 7 15 90
3923	73 37 40 60
3924	56 67 72 95
3925	38 95 90 10
3926	77 34 81 64
3927	36 72 39 64
3928	94 13 3 91
3929	31 12 55 1
3930	32 5 94 30
3931	51 55 72 22
3932	95 72 23 89
3933	54 97 64 87
3934	11 23 18 96
3935	50 46 63 54
3936	22 14 66 54
3937	45 20 55 10
3938	2 58 69 15
3939	87 17 41 3
3940	54 51 29 70
3941	90 93 64 29
3942	40 21 43 97
3943	17 46 9 55
3944	28 72 6 97
3945	63 31 94 12
3946	89 49 84 72
3947	8 64 13 9
3948	5 68 62 44
3949	30 27 91 26
3950	42 99 78 81
3951	20 53 88 22
3952	98 2 62 71
3953	70 28 16 69
3954	59 67 63 60
3955	80 15 26 23
3956	61 9 54 46
3957	9 94 18 95
3958	5 51 35 8
3959	60 15 56 88
3960	36 73 3 78
3961	25 52 13 2
3962	46 24 97 13
3963	95 97 50 18
3964	9 60 73 29
3965	27 94 17 9
3966	33 72 60 66
3967	34 24 69 64
3968	99 6 68 59
3969	97 83 89 18
3970	24 22 61 37
3971	19 93 79 14
3972	3 38 81 88
3973	38 90 14 19
3974	91 88 74 66
3975	32 65 37 54
3976	93 3 89 48
3977	6 14 77 21
3978	53 39 79 8
3979	60 26 42 46
3980	52 33 23 90
3981	99 82 89 65
3982	96 24 74 27
3983	81 72 93 53
3984	54 97 21 100
3985	91 24 6 89
3986	24 20 78 37
3987	41 30 42 23
3988	30 38 6 74
3989	52 58 55 26
3990	41 26 55 37
3991	54 20 17 22
3992	3 80 89 36
3993	43 61 65 22
3994	25 93 28 23
3995	74 10 17 22
3996	6 73 20 24
3997	66 61 33 91
3998	92 31 63 74
3999	3 59 42 82
4000	73 85 68 69
4001	63 25 45 16
4002	37 60 23 10
4003	30 97 47 75
4004	40 83 26 22
4005	92 58 33 54
4006	19 90 28 97
4007	37 25 71 58
4008	65 85 59 47
4009	35 31 93 24
4010	69 60 74 6
4011	40 5 99 73
4012	82 68 7 2
4013	98 35 27 23
4014	51 79 21 84
4015	41 98 23 84
4016	26 78 43 9
4017	66 51 10 95
4018	2 42 89 28
4019	44 100 45 38
4020	10 30 33 67
4021	66 45 47 1
4022	86 64 32 84
4023	58 5 64 45
4024	14 24 78 42
4025	99 34 76 2
4026	49 89 96 62
4027	53 21 1 71
4028	59 47 66 100
4029	54 56 25 51
4030	34 49 31 50
4031	3 86 97 56
4032	28 86 55 31
4033	94 49 23 44
4034	23 51 84 44
4035	63 60 79 76
4036	7 64 75 11
4037	5 49 15 83
4038	8 94 64 69
4039	61 72 32 5
4040	50 47 88 9
4041	65 29 47 99
4042	65 52 33 51
4043	87 10 65 45
4044	84 86 36 28
4045	24 60 7 57
4046	8 48 78 88
4047	63 16 67 20
4048	95 83 68 96
4049	81 25 35 19
4050	47 23 92 82
4051	45 39 92 85
4052	91 61 58 48
4053	8 13 5 70
4054	66 7 57 12
4055	38 59 78 83
4056	14 69 57 44
4057	8 78 2 42
4058	100 55 35 68
4059	14 29 10 57
4060	51 53 46 93
4061	75 50 29 1
4062	70 71 66 94
4063	59 23 92 6
4064	39 73 72 81
4065	9 60 43 38
4066	93 60 52 98
4067	84 20 93 64
4068	10 55 84 63
4069	35 94 4 52
4070	66 42 12 75
4071	47 12 41 99
4072	68 6 98 84
4073	11 78 93 61
4074	29 17 71 51
4075	48 40 54 91
4076	24 64 41 74
4077	63 57 75 11
4078	26 50 96 82
4079	93 30 71 65
4080	60 17 99 70
4081	85 10 6 25
4082	94 76 87 93
4083	66 63 77 41
4084	82 67 64 89
4085	47 27 35 70
4086	30 77 75 10
4087	73 37 56 25
4088	4 3 5 90
4089	13 70 74 3
4090	34 98 38 14
4091	49 67 35 20
4092	91 50 2 92
4093	74 47 20 60
4094	20 32 15 3
4095	9 7 95 33
4096	86 54 71 83
4097	90 35 41 8
4098	79 48 71 2
4099	13 82 73 1
4100	39 77 64 76
4101	2 67 36 78
4102	14 71 94 69
4103	4 89 23 7
4104	10 71 97 94
4105	64 76 29 87
4106	90 9 18 87
4107	70 64 49 76
4108	80 72 86 48
4109	21 98 22 78
4110	57 58 9 31
4111	75 81 47 8
4112	9 52 32 94
4113	3 78 82 88
4114	18 96 68 22
4115	2 72 84 63
4116	93 47 11 28
4117	80 65 100 12
4118	16 29 31 64
4119	64 68 29 8
4120	53 88 45 71
4121	54 89 73 31
4122	50 37 89 81
4123	4 70 99 67
4124	80 47 59 8
4125	99 49 35 4
4126	94 77 71 60
4127	40 81 85 78
4128	65 67 62 47
4129	23 12 16 42
4130	1 74 12 11
4131	5 34 75 29
4132	43 79 85 90
4133	78 31 81 55
4134	29 26 4 91
4135	84 75 88 14
4136	62 95 25 11
4137	32 65 25 47
4138	65 27 6 64
4139	70 93 76 44
4140	83 80 92 26
4141	6 20 86 41
4142	39 49 12 10
4143	77 67 10 68
4144	84 21 11 86
4145	55 100 30 31
4146	34 42 80 31
4147	82 57 46 96
4148	68 64 17 85
4149	80 7 77 40
4150	94 61 28 27
4151	83 19 14 76
4152	24 66 8 74
4153	14 86 87 12
4154	48 39 51 25
4155	10 42 94 32
4156	35 9 52 21
4157	43 80 68 11
4158	77 78 46 22
4159	18 91 31 66
4160	86 17 90 34
4161	74 53 7 49
4162	65 32 54 27
4163	41 13 60 85
4164	77 51 8 24
4165	38 67 51 69
4166	30 68 31 20
4167	97 95 47 2
4168	71 1 78 83
4169	47 83 76 20
4170	6 4 90 71
4171	49 58 40 30
4172	40 56 59 47
4173	20 57 68 16
4174	58 59 97 56
4175	52 90 37 12
4176	28 74 1 75
4177	41 79 51 94
4178	100 88 64 45
4179	98 17 2 35
4180	72 9 98 53
4181	47 45 99 13
4182	21 91 56 74
4183	28 52 65 64
4184	94 78 34 74
4185	38 60 2 6
4186	56 59 54 40
4187	52 16 42 81
4188	55 65 84 74
4189	95 50 85 69
4190	68 61 78 35
4191	44 87 34 97
4192	24 62 21 73
4193	46 35 31 14
4194	58 93 59 91
4195	38 80 8 97
4196	54 64 79 35
4197	26 43 34 54
4198	58 87 92 61
4199	76 54 95 92
4200	40 13 55 32
4201	95 42 81 25
4202	96 20 80 70
4203	80 72 40 39
4204	52 50 84 20
4205	15 22 28 80
4206	8 56 83 58
4207	92 34 48 82
4208	19 97 46 11
4209	41 89 92 78
4210	88 82 71 76
4211	27 51 55 97
4212	47 24 86 38
4213	42 62 48 99
4214	56 4 15 53
4215	98 28 14 76
4216	4 37 53 85
4217	93 17 14 55
4218	94 22 17 46
4219	78 18 92 40
4220	18 38 94 90
4221	71 38 25 16
4222	94 50 77 54
4223	88 20 83 80
4224	9 70 72 16
4225	17 86 54 28
4226	96 54 65 64
4227	13 86 82 61
4228	50 88 47 97
4229	90 65 23 67
4230	22 2 37 69
4231	91 32 18 41
4232	88 1 59 71
4233	100 1 70 80
4234	74 82 32 62
4235	6 84 1 50
4236	23 66 61 64
4237	75 23 50 90
4238	70 80 61 37
4239	44 33 47 53
4240	40 28 2 82
4241	89 52 27 67
4242	66 96 100 76
4243	89 62 81 17
4244	53 47 2 30
4245	66 5 34 85
4246	52 82 89 2
4247	45 60 88 69
4248	49 48 12 97
4249	98 39 74 38
4250	28 12 27 95
4251	36 43 11 59
4252	37 86 68 83
4253	39 33 45 29
4254	29 44 84 26
4255	39 94 44 6
4256	47 23 44 13
4257	34 46 80 84
4258	3 20 78 79
4259	54 60 26 61
4260	41 9 62 1
4261	14 30 62 65
4262	52 41 45 13
4263	61 14 78 100
4264	74 47 98 18
4265	93 65 78 60
4266	23 63 38 32
4267	41 24 69 43
4268	91 76 6 84
4269	66 14 17 7
4270	29 23 49 43
4271	79 51 9 89
4272	21 76 57 14
4273	31 9 44 48
4274	87 82 52 20
4275	93 61 84 70
4276	28 9 21 85
4277	20 90 27 84
4278	75 69 23 77
4279	87 22 81 46
4280	92 8 75 80
4281	84 5 6 47
4282	94 14 52 31
4283	21 74 39 92
4284	50 90 5 61
4285	31 51 67 27
4286	79 95 28 65
4287	68 12 57 7
4288	56 97 93 2
4289	81 25 82 37
4290	72 59 9 14
4291	91 75 7 24
4292	23 89 70 30
4293	91 94 39 38
4294	6 98 47 97
4295	34 38 99 54
4296	46 86 13 54
4297	4 54 52 34
4298	75 99 4 36
4299	11 97 15 10
4300	81 67 86 19
4301	88 50 94 72
4302	47 13 23 41
4303	99 9 48 47
4304	26 91 81 9
4305	82 38 23 54
4306	94 55 45 8
4307	32 70 48 62
4308	90 11 14 42
4309	25 67 1 97
4310	89 94 82 27
4311	77 92 44 16
4312	88 96 52 92
4313	38 15 100 6
4314	80 26 43 85
4315	19 78 85 84
4316	79 3 81 78
4317	74 95 10 31
4318	93 90 100 78
4319	21 96 92 70
4320	27 82 11 61
4321	82 49 30 28
4322	46 57 15 12
4323	28 20 51 10
4324	86 78 23 46
4325	58 83 13 1
4326	17 10 24 61
4327	18 90 45 86
4328	53 93 49 9
4329	78 57 86 43
4330	1 34 93 53
4331	75 49 52 42
4332	60 96 16 99
4333	40 65 91 94
4334	59 86 2 13
4335	56 37 53 79
4336	93 25 27 1
4337	58 32 89 73
4338	36 24 9 79
4339	84 75 43 51
4340	94 40 32 81
4341	35 68 94 100
4342	98 77 63 65
4343	19 68 91 5
4344	66 25 33 29
4345	26 92 14 56
4346	32 13 34 73
4347	96 23 42 11
4348	27 6 10 62
4349	18 28 77 51
4350	26 80 90 86
4351	60 41 83 20
4352	93 36 69 89
4353	75 10 90 86
4354	1 72 77 14
4355	89 21 53 5
4356	81 52 20 99
4357	59 30 3 75
4358	42 15 38 89
4359	12 6 20 70
4360	56 77 89 13
4361	81 45 38 20
4362	57 21 91 33
4363	89 61 97 43
4364	69 25 2 77
4365	76 90 100 2
4366	88 32 12 35
4367	25 80 97 7
4368	73 22 21 38
4369	27 81 69 55
4370	19 57 80 91
4371	7 70 73 82
4372	33 10 82 87
4373	54 30 57 17
4374	15 60 50 10
4375	35 11 34 92
4376	88 19 58 2
4377	4 61 89 91
4378	80 79 71 69
4379	51 85 12 35
4380	30 14 68 80
4381	55 90 94 71
4382	95 53 84 3
4383	88 55 87 61
4384	4 11 70 42
4385	76 87 53 75
4386	11 91 5 73
4387	87 4 56 15
4388	13 95 73 28
4389	29 44 11 7
4390	99 38 54 96
4391	82 4 22 67
4392	46 12 41 82
4393	58 63 41 24
4394	100 32 66 45
4395	32 58 20 87
4396	53 44 36 96
4397	15 58 30 46
4398	43 3 69 31
4399	66 15 87 26
4400	58 79 65 83
4401	56 8 26 25
4402	4 97 71 86
4403	98 10 63 4
4404	51 45 75 43
4405	68 49 4 94
4406	18 11 21 39
4407	81 4 7 24
4408	61 34 14 65
4409	5 23 36 12
4410	75 9 82 47
4411	89 76 81 93
4412	12 28 83 45
4413	78 54 89 46
4414	36 20 91 67
4415	17 78 23 40
4416	51 88 5 35
4417	85 18 42 22
4418	32 25 13 30
4419	24 52 12 4
4420	68 83 94 23
4421	74 89 75 38
4422	3 80 62 21
4423	80 51 34 14
4424	44 95 21 33
4425	12 57 71 35
4426	43 77 66 74
4427	56 9 76 79
4428	28 95 62 19
4429	72 54 41 2
4430	65 7 15 63
4431	47 1 71 24
4432	75 2 92 76
4433	58 67 85 68
4434	50 18 56 3
4435	51 79 83 96
4436	98 60 50 17
4437	85 90 39 61
4438	42 16 12 74
4439	46 80 4 37
4440	58 36 28 91
4441	96 76 49 39
4442	62 94 15 17
4443	30 95 62 69
4444	7 74 38 87
4445	6 81 21 4
4446	7 5 51 21
4447	51 16 61 48
4448	12 38 46 99
4449	61 14 20 60
4450	53 92 47 3
4451	16 69 77 42
4452	58 24 69 99
4453	74 61 80 82
4454	50 67 44 27
4455	21 15 67 17
4456	20 9 56 42
4457	16 72 94 53
4458	91 56 89 92
4459	56 68 70 7
4460	52 18 34 85
4461	44 41 22 54
4462	95 97 98 86
4463	84 4 82 66
4464	23 35 69 12
4465	87 61 67 84
4466	41 23 52 6
4467	40 34 81 1
4468	84 85 38 90
4469	85 2 1 28
4470	96 48 3 10
4471	22 96 85 59
4472	19 84 12 36
4473	82 84 39 91
4474	9 60 88 36
4475	17 13 8 18
4476	46 26 78 37
4477	63 6 85 9
4478	11 93 31 62
4479	60 70 32 25
4480	5 62 25 30
4481	38 7 92 32
4482	12 30 55 5
4483	9 30 81 26
4484	76 43 62 66
4485	48 56 41 95
4486	88 47 54 50
4487	63 14 99 73
4488	37 93 77 39
4489	90 17 9 95
4490	43 14 18 77
4491	32 19 42 56
4492	53 98 85 32
4493	93 32 94 99
4494	72 48 63 52
4495	39 7 91 13
4496	85 82 11 26
4497	33 5 85 90
4498	48 55 29 12
4499	11 16 38 74
4500	7 16 96 62
4501	46 69 45 24
4502	89 97 65 76
4503	38 93 56 73
4504	4 41 17 78
4505	62 14 22 44
4506	69 94 59 20
4507	76 41 61 4
4508	36 17 27 31
4509	63 58 16 27
4510	81 21 47 74
4511	14 51 55 41
4512	30 66 96 15
4513	81 62 33 27
4514	55 75 2 12
4515	40 34 27 11
4516	25 67 3 47
4517	41 95 39 37
4518	32 49 12 27
4519	25 26 40 16
4520	3 6 10 73
4521	81 79 41 30
4522	93 85 1 89
4523	42 53 48 75
4524	35 98 93 75
4525	98 54 66 8
4526	32 72 51 39
4527	94 72 29 8
4528	23 15 93 60
4529	79 47 15 61
4530	17 7 35 69
4531	42 19 24 7
4532	6 11 91 78
4533	38 50 19 23
4534	71 51 59 79
4535	13 45 10 72
4536	73 27 67 96
4537	51 28 22 65
4538	77 36 18 60
4539	9 63 74 99
4540	95 62 18 64
4541	9 66 83 85
4542	10 40 54 11
4543	62 82 5 95
4544	95 53 39 32
4545	39 48 49 76
4546	18 64 19 87
4547	47 68 15 30
4548	32 33 66 82
4549	98 89 43 8
4550	73 58 41 30
4551	87 3 38 86
4552	22 35 43 39
4553	4 22 85 45
4554	48 33 40 29
4555	48 50 77 35
4556	27 51 70 47
4557	66 86 32 96
4558	76 54 91 82
4559	78 54 56 33
4560	97 60 46 3
4561	12 76 92 78
4562	45 36 56 12
4563	29 28 30 75
4564	33 10 51 52
4565	9 80 37 35
4566	66 45 35 68
4567	56 88 23 3
4568	60 67 77 15
4569	97 77 67 8
4570	62 34 55 4
4571	98 68 44 46
4572	2 94 100 20
4573	14 25 26 65
4574	39 26 83 28
4575	89 1 67 29
4576	63 60 11 9
4577	13 93 80 64
4578	3 49 58 21
4579	88 82 73 28
4580	20 13 67 80
4581	23 64 2 72
4582	41 98 60 72
4583	14 34 91 100
4584	47 13 20 97
4585	74 67 5 60
4586	71 13 74 22
4587	16 68 33 32
4588	44 93 51 57
4589	56 36 82 86
4590	89 70 20 46
4591	87 88 71 74
4592	9 43 91 31
4593	18 57 63 49
4594	48 15 12 6
4595	84 21 50 52
4596	66 37 38 90
4597	53 45 93 94
4598	10 17 52 37
4599	19 50 69 48
4600	54 22 21 51
4601	45 4 86 88
4602	70 5 22 66
4603	24 94 86 47
4604	22 58 93 98
4605	49 10 4 45
4606	31 37 71 90
4607	60 74 47 35
4608	8 24 55 11
4609	20 68 94 79
4610	71 27 33 45
4611	84 19 78 24
4612	28 5 71 42
4613	28 53 76 92
4614	73 20 47 92
4615	97 48 85 27
4616	59 61 24 89
4617	88 50 100 9
4618	28 91 41 6
4619	82 50 48 32
4620	28 49 22 32
4621	26 5 18 40
4622	64 63 88 68
4623	88 44 86 51
4624	36 48 12 75
4625	49 68 75 28
4626	70 75 46 13
4627	39 8 28 87
4628	100 7 6 1
4629	57 47 41 73
4630	53 12 94 89
4631	100 38 11 9
4632	81 12 48 70
4633	97 91 43 57
4634	45 55 56 3
4635	73 25 32 59
4636	69 36 16 42
4637	77 54 72 22
4638	98 54 87 40
4639	52 16 37 88
4640	38 10 37 77
4641	68 46 6 97
4642	79 69 74 25
4643	96 2 20 56
4644	65 27 91 24
4645	82 80 15 3
4646	12 7 25 38
4647	89 25 63 74
4648	58 59 39 26
4649	32 7 53 70
4650	47 55 19 24
4651	77 96 30 39
4652	34 8 11 71
4653	21 17 2 36
4654	45 10 46 92
4655	97 42 69 57
4656	45 85 7 53
4657	69 14 10 73
4658	93 61 24 68
4659	61 71 96 21
4660	6 100 29 93
4661	24 85 61 68
4662	65 66 98 85
4663	39 70 63 50
4664	1 44 60 82
4665	66 14 28 33
4666	26 100 92 18
4667	18 71 38 22
4668	90 60 7 26
4669	23 83 14 85
4670	92 79 73 61
4671	56 62 29 60
4672	71 7 63 1
4673	34 42 1 37
4674	7 76 53 70
4675	34 33 18 52
4676	18 76 65 21
4677	32 60 82 66
4678	95 5 76 8
4679	5 23 33 39
4680	98 53 94 63
4681	80 47 29 64
4682	42 5 91 19
4683	26 23 14 93
4684	28 47 99 57
4685	42 46 80 12
4686	95 23 35 61
4687	86 2 41 52
4688	27 55 54 23
4689	62 2 93 97
4690	97 30 60 87
4691	48 11 4 6
4692	99 5 9 34
4693	23 24 92 86
4694	84 63 69 59
4695	86 45 24 20
4696	22 75 54 61
4697	100 46 86 27
4698	24 75 70 72
4699	65 76 48 5
4700	94 61 1 82
4701	63 15 94 56
4702	4 58 100 37
4703	68 96 87 48
4704	85 76 95 53
4705	19 13 83 99
4706	85 97 68 57
4707	96 18 81 14
4708	85 16 88 28
4709	49 43 88 7
4710	75 65 59 76
4711	84 23 100 95
4712	56 74 78 100
4713	10 38 26 41
4714	62 87 37 41
4715	93 36 22 86
4716	10 78 53 67
4717	3 54 18 73
4718	69 68 94 44
4719	84 96 24 91
4720	48 71 64 98
4721	8 37 28 53
4722	64 100 3 28
4723	10 48 14 19
4724	92 36 19 3
4725	27 2 45 47
4726	68 84 10 67
4727	97 72 100 96
4728	7 16 36 28
4729	2 40 68 80
4730	86 63 60 51
4731	87 67 63 77
4732	52 19 53 67
4733	36 71 28 57
4734	36 100 22 75
4735	93 85 91 84
4736	89 53 45 15
4737	44 6 25 88
4738	74 21 27 50
4739	12 22 65 60
4740	44 30 25 42
4741	9 20 37 72
4742	52 39 59 71
4743	95 54 67 46
4744	55 50 14 83
4745	27 54 36 11
4746	36 16 67 76
4747	49 68 61 29
4748	84 54 36 51
4749	61 92 8 42
4750	63 30 75 96
4751	28 29 44 1
4752	54 15 50 19
4753	47 89 72 30
4754	49 70 12 99
4755	45 87 100 37
4756	42 7 38 52
4757	14 34 46 61
4758	45 55 91 42
4759	96 3 82 97
4760	47 54 93 56
4761	9 79 92 99
4762	6 66 13 7
4763	91 69 1 72
4764	98 71 7 86
4765	45 75 29 46
4766	32 74 90 31
4767	14 68 100 32
4768	23 41 16 90
4769	22 85 56 100
4770	82 42 78 46
4771	40 77 97 41
4772	12 20 37 100
4773	43 35 41 94
4774	45 12 83 34
4775	24 79 23 98
4776	28 5 71 20
4777	71 87 38 62
4778	22 12 46 88
4779	69 56 26 51
4780	98 90 99 30
4781	58 95 35 80
4782	57 6 52 19
4783	77 1 60 45
4784	55 3 60 53
4785	6 41 88 10
4786	16 90 27 46
4787	50 49 42 4
4788	91 59 8 29
4789	20 3 55 51
4790	3 96 64 87
4791	24 32 65 95
4792	53 87 3 12
4793	63 92 80 67
4794	98 88 23 62
4795	66 30 90 25
4796	46 30 98 64
4797	36 28 54 68
4798	4 33 48 92
4799	88 23 26 14
4800	90 85 69 92
4801	19 45 7 99
4802	93 27 99 22
4803	98 55 64 23
4804	68 76 69 78
4805	21 51 74 48
4806	89 81 19 90
4807	43 22 35 54
4808	17 89 53 68
4809	62 75 43 95
4810	19 20 69 16
4811	89 96 95 39
4812	49 75 60 34
4813	53 9 73 47
4814	88 7 26 24
4815	80 4 32 38
4816	39 69 23 34
4817	38 84 74 61
4818	44 16 45 80
4819	92 60 9 90
4820	64 22 31 69
4821	97 34 29 68
4822	41 15 57 36
4823	8 11 75 61
4824	51 89 60 71
4825	80 9 92 23
4826	35 86 70 99
4827	80 15 47 27
4828	100 71 34 86
4829	48 25 72 97
4830	63 45 44 60
4831	81 91 20 70
4832	97 37 19 67
4833	42 54 78 21
4834	71 48 68 52
4835	66 8 56 81
4836	42 65 86 91
4837	8 87 80 74
4838	88 94 53 20
4839	14 8 54 82
4840	59 93 60 66
4841	54 23 14 66
4842	59 69 17 30
4843	90 80 10 34
4844	60 63 55 90
4845	16 61 36 46
4846	96 72 45 32
4847	68 25 15 74
4848	73 95 82 79
4849	52 8 97 53
4850	91 40 21 78
4851	9 85 45 2
4852	67 19 49 77
4853	99 20 8 86
4854	15 54 82 46
4855	59 20 53 18
4856	27 72 3 10
4857	56 54 100 53
4858	92 75 45 11
4859	40 60 54 71
4860	68 24 90 56
4861	80 76 9 33
4862	27 82 98 93
4863	35 70 72 82
4864	82 81 25 35
4865	19 72 39 58
4866	9 72 54 47
4867	90 94 35 67
4868	1 96 47 94
4869	52 78 98 48
4870	61 16 82 83
4871	71 22 68 75
4872	4 50 3 26
4873	36 83 12 89
4874	4 7 27 41
4875	50 62 92 80
4876	69 37 36 66
4877	74 38 85 25
4878	100 40 87 99
4879	28 60 30 52
4880	51 93 88 62
4881	25 72 86 4
4882	75 62 44 28
4883	95 78 47 48
4884	13 1 94 18
4885	80 86 93 47
4886	77 97 88 74
4887	73 20 74 22
4888	29 62 28 46
4889	81 50 58 4
4890	34 60 67 70
4891	32 64 43 40
4892	92 85 2 79
4893	21 84 52 75
4894	45 49 32 71
4895	65 14 59 81
4896	40 22 31 3
4897	84 82 42 64
4898	59 34 79 76
4899	48 31 20 53
4900	77 44 90 3
4901	90 34 8 59
4902	11 24 82 30
4903	99 73 95 82
4904	13 30 19 59
4905	73 70 82 64
4906	20 34 60 99
4907	2 71 6 98
4908	36 44 54 30
4909	87 54 35 100
4910	10 31 21 12
4911	20 74 88 6
4912	15 90 25 70
4913	60 16 79 72
4914	66 51 47 65
4915	67 48 28 53
4916	29 9 5 66
4917	88 94 44 96
4918	46 51 55 15
4919	82 59 33 92
4920	47 50 94 97
4921	76 21 33 82
4922	53 31 96 37
4923	38 55 48 45
4924	77 1 98 82
4925	79 49 77 48
4926	50 82 64 95
4927	16 71 88 30
4928	29 46 32 2
4929	3 62 70 6
4930	41 56 60 13
4931	54 98 19 29
4932	81 12 57 35
4933	17 46 73 4
4934	54 28 27 23
4935	49 65 7 40
4936	80 1 53 47
4937	56 96 52 40
4938	23 55 100 79
4939	91 23 46 50
4940	97 51 79 58
4941	96 47 71 53
4942	9 50 19 44
4943	23 18 88 26
4944	3 35 25 74
4945	59 54 4 88
4946	1 34 24 13
4947	57 8 21 31
4948	26 20 48 9
4949	50 44 94 38
4950	44 65 25 92
4951	99 98 39 47
4952	43 84 4 42
4953	56 21 61 70
4954	61 81 69 93
4955	45 4 12 91
4956	64 40 63 61
4957	68 37 24 57
4958	99 26 24 92
4959	82 2 86 78
4960	3 83 25 18
4961	86 98 27 63
4962	19 41 3 67
4963	44 59 80 57
4964	22 14 41 97
4965	6 46 12 21
4966	3 23 74 8
4967	98 36 18 24
4968	12 34 84 96
4969	43 64 14 72
4970	14 95 41 32
4971	53 22 27 87
4972	80 43 98 17
4973	87 53 17 78
4974	36 62 30 73
4975	61 59 65 7
4976	13 39 70 87
4977	84 75 72 71
4978	12 58 85 8
4979	19 21 29 53
4980	48 83 9 34
4981	54 72 56 14
4982	97 28 27 95
4983	27 85 98 54
4984	20 8 56 84
4985	93 27 98 26
4986	66 61 12 77
4987	93 4 73 47
4988	60 75 43 5
4989	63 90 9 40
4990	100 35 33 63
4991	91 47 51 97
4992	60 49 38 46
4993	45 88 47 40
4994	5 84 79 41
4995	73 83 13 3
4996	53 61 49 7
4997	14 82 74 60
4998	72 17 26 76
4999	96 53 38 39
5000	20 96 50 7
