Course	Room	Teacher	Time	Students
67	15	4	2	70 84 109 242 258 316 390 449 466 480 482 494 547 548 623 858 861 934 944 983 1021 1038 1072 1119 1252 1263 1279 1345 1348 1352 1412 1462 1466 1495 1501 1646 1663 1781 1801 1859 1946 1971 2023 2112 2122 2131 2160 2211 2231 2286 2289 2322 2337 2413 2516 2539 2553 2693 2755 2800 2810 2815 2882 2955 2969 2980 3025 3031 3074 3127 3149 3165 3185 3189 3243 3260 3303 3335 3387 3441 3510 3593 3603 3629 3717 3722 3744 3786 3803 3872 3943 4059 4091 4134 4294 4351 4356 4390 4485 4497 4541 4555 4706 4718 4721 4740 4764 4786 4868 4881 4938 4967
35	37	36	2	11 28 47 75 110 148 192 271 394 414 437 457 471 479 497 608 669 699 821 832 859 1005 1094 1104 1130 1148 1199 1229 1238 1248 1275 1349 1361 1390 1478 1521 1576 1652 1676 1729 1731 1810 1821 1849 1867 1912 1931 1957 1984 2165 2180 2207 2363 2408 2474 2480 2498 2525 2609 2656 2676 2688 2698 2801 2803 2806 2843 2915 2994 3001 3066 3092 3211 3219 3233 3242 3277 3314 3331 3383 3384 3434 3476 3597 3639 3664 3673 3693 3844 3890 3957 3958 3963 3974 3995 4061 4126 4141 4143 4226 4299 4341 4408 4419 4422 4427 4567 4695 4711 4833 4873 4932 4945 4951 4996 4999
13	34	37	2	20 21 50 73 74 83 134 144 172 294 308 372 454 468 472 599 603 606 627 642 689 694 769 829 834 881 929 1049 1083 1110 1139 1156 1176 1196 1227 1300 1328 1387 1592 1630 1631 1648 1673 1681 1710 1755 1762 1888 1985 2016 2134 2148 2204 2212 2220 2228 2265 2338 2349 2355 2356 2388 2405 2470 2513 2518 2561 2613 2700 2747 2875 2884 2913 2934 2968 2992 3009 3032 3033 3035 3129 3162 3225 3266 3373 3436 3457 3573 3626 3632 3658 3708 3719 3793 3801 3818 3839 4084 4202 4232 4281 4375 4410 4446 4499 4556 4561 4599 4608 4654 4691 4700 4701 4855 4890 4927 4952 4962 4964 4972 4997
44	23	7	2	81 124 230 280 364 399 426 427 499 681 733 736 755 786 789 868 873 874 925 931 1089 1152 1184 1198 1236 1244 1247 1260 1325 1340 1525 1573 1577 1594 1628 1741 1831 1861 1863 1880 1926 1933 1968 2059 2061 2079 2143 2295 2320 2327 2333 2369 2375 2410 2416 2448 2460 2461 2507 2523 2552 2557 2682 2725 2763 2780 2795 2849 2863 2954 3011 3057 3068 3076 3083 3279 3333 3389 3405 3470 3591 3620 3622 3633 3729 3806 3831 3834 3906 3907 3981 4020 4055 4064 4101 4129 4133 4215 4228 4240 4251 4278 4461 4545 4574 4588 4673 4724 4749 4775 4810 4894 4908 4936 4944 4960
62	18	38	2	77 156 177 231 235 253 288 295 307 368 393 408 431 465 496 523 562 622 628 674 750 784 787 801 812 833 888 902 921 935 1051 1102 1131 1169 1170 1253 1281 1363 1411 1417 1422 1474 1524 1542 1554 1558 1566 1689 1707 1963 1970 1978 2000 2025 2089 2194 2225 2227 2280 2292 2307 2373 2463 2633 2687 2858 2885 2905 2909 2912 2917 2919 2983 3007 3058 3085 3136 3197 3212 3244 3295 3302 3347 3415 3450 3462 3609 3613 3668 3696 3821 3882 4042 4048 4115 4199 4220 4268 4283 4306 4447 4470 4486 4501 4522 4580 4630 4655 4681 4714 4772 4785 4805 4806 4845 4852 4858 4866 4871 4925 4946 4975 4980
8	35	15	2	1 159 160 197 214 245 265 274 279 293 311 356 444 544 560 581 626 665 722 738 774 814 817 843 899 942 964 1031 1039 1066 1069 1095 1101 1118 1187 1210 1296 1400 1423 1484 1496 1559 1674 1761 1889 1894 1900 1907 1959 1962 2033 2053 2070 2115 2261 2276 2310 2326 2330 2406 2422 2424 2451 2505 2582 2643 2671 2691 2779 2809 2825 2861 2894 2921 2975 3045 3087 3093 3114 3131 3196 3316 3317 3351 3358 3413 3475 3519 3549 3592 3647 3815 3865 3891 3921 3978 4035 4078 4113 4124 4144 4173 4197 4309 4340 4421 4426 4440 4540 4546 4571 4578 4683 4712 4800 4892 4917 4919 4930 4991
70	9	27	2	3 26 54 89 126 147 189 251 277 348 361 375 458 566 575 676 712 813 841 880 980 1065 1068 1117 1163 1188 1226 1258 1334 1443 1488 1491 1539 1547 1629 1705 1749 1794 1797 1927 1930 1993 2008 2042 2087 2104 2105 2111 2129 2137 2271 2318 2334 2343 2372 2380 2473 2527 2533 2548 2587 2590 2597 2603 2702 2704 2782 2798 2865 2977 2985 2995 3018 3021 3062 3125 3133 3294 3359 3396 3437 3444 3452 3477 3542 3572 3576 3636 3651 3670 3694 3754 3774 3791 3874 3895 3910 3925 3928 3941 3971 4043 4171 4187 4189 4474 4534 4537 4595 4601 4606 4619 4632 4687 4729 4781 4819 4959 4968 4969
21	3	42	2	32 92 96 201 228 233 247 260 301 333 396 453 464 474 510 529 546 574 586 640 643 649 667 707 717 838 907 976 1014 1019 1136 1195 1218 1266 1292 1299 1354 1358 1426 1475 1520 1535 1591 1655 1692 1727 1736 1746 1748 1779 1819 1837 1911 1913 1979 2009 2021 2022 2056 2081 2190 2302 2314 2342 2357 2361 2423 2441 2444 2450 2469 2494 2559 2628 2640 2690 2784 2841 2901 2987 3077 3120 3166 3234 3252 3257 3330 3355 3366 3447 3480 3484 3608 3677 3727 3788 3813 3823 3854 3932 3936 4116 4172 4259 4282 4295 4322 4328 4350 4359 4376 4466 4488 4554 4650 4662 4713 4821 4857 4864 4895 4907 4933 4974 4979 4983
52	40	13	2	19 59 76 97 157 187 193 216 236 237 300 319 324 387 395 416 502 508 518 557 610 641 678 688 752 820 827 872 949 993 994 997 1034 1040 1168 1180 1197 1201 1309 1327 1362 1386 1418 1437 1506 1531 1537 1546 1562 1616 1635 1651 1711 1740 1777 1818 1832 1844 1852 1853 1875 1899 1935 1950 1964 2043 2191 2232 2306 2317 2418 2428 2452 2501 2554 2584 2599 2663 2678 2680 2735 2761 2807 2840 2924 2926 2929 2941 3024 3029 3152 3163 3168 3188 3192 3237 3296 3323 3334 3430 3517 3642 3649 3685 3852 3903 3969 3976 3997 4028 4137 4193 4211 4256 4291 4304 4331 4393 4397 4398 4454 4514 4581 4609 4637 4665 4720 4825 4899
14	10	5	2	2 78 139 246 354 702 723 754 756 790 803 824 867 879 894 917 922 940 971 986 991 1043 1050 1063 1179 1181 1203 1216 1257 1335 1369 1481 1502 1534 1571 1719 1791 1792 1795 1858 1895 1947 1969 2092 2138 2145 2146 2147 2163 2174 2209 2229 2344 2347 2432 2468 2606 2662 2674 2692 2708 2728 2733 2797 2831 2835 2860 2952 3005 3012 3078 3140 3183 3203 3245 3273 3278 3318 3392 3395 3464 3558 3586 3611 3617 3644 3645 3686 3723 3789 3807 3809 3822 3840 3855 3955 4016 4119 4174 4178 4194 4287 4289 4361 4438 4451 4639 4656 4676 4708 4878 4901 4909 4982 4986
95	19	28	2	6 57 106 107 120 256 273 290 415 450 462 495 549 580 592 615 619 648 661 664 759 771 785 912 1059 1085 1099 1164 1178 1308 1346 1371 1374 1395 1419 1434 1503 1513 1536 1667 1753 1785 1816 1860 1944 1975 2005 2028 2037 2196 2237 2321 2364 2382 2407 2430 2445 2486 2522 2562 2647 2681 2836 2852 2853 2857 2942 2997 3023 3063 3084 3146 3170 3191 3376 3506 3530 3552 3575 3588 3623 3646 3695 3725 3733 3783 3826 3842 3843 3888 3922 3968 3975 3982 3986 3999 4031 4046 4148 4150 4156 4315 4323 4330 4335 4346 4347 4352 4353 4416 4538 4557 4584 4603 4636 4640 4661 4746 4757 4768 4783 4828 4948 4973 4992
41	30	22	2	18 52 141 162 218 220 257 350 355 402 404 417 429 441 587 797 1025 1033 1080 1082 1222 1254 1288 1347 1384 1460 1538 1556 1633 1672 1790 1887 1939 2006 2093 2095 2114 2119 2155 2169 2178 2201 2222 2223 2259 2431 2433 2456 2464 2519 2571 2622 2652 2657 2771 2837 2932 3079 3108 3144 3204 3215 3227 3255 3288 3422 3449 3554 3600 3634 3635 3765 3830 3833 3868 3879 3960 3980 3998 4077 4086 4102 4110 4128 4246 4280 4316 4334 4494 4495 4536 4617 4641 4645 4658 4820 4839 4842 4859 4865 4913 4956 4994
92	11	49	2	55 71 151 186 207 287 376 423 430 451 631 657 791 836 871 878 906 951 975 1023 1061 1090 1171 1200 1213 1265 1269 1274 1310 1318 1336 1398 1515 1565 1584 1588 1608 1658 1730 1738 1767 1771 1820 1843 1909 2034 2039 2051 2136 2179 2378 2497 2526 2551 2560 2624 2709 2723 2767 2817 2830 2904 2927 2962 3050 3094 3201 3283 3286 3308 3313 3403 3567 3584 3665 3721 3746 3858 3938 4024 4037 4056 4057 4070 4117 4219 4234 4239 4307 4308 4402 4449 4616 4682 4702 4715 4807 4843 4869 4882 4947
75	28	40	2	51 238 239 278 336 338 349 401 526 531 538 597 605 632 730 788 901 909 1026 1124 1251 1282 1413 1445 1487 1514 1516 1569 1624 1647 1815 1823 1876 1901 1976 1989 2020 2031 2060 2073 2128 2206 2250 2298 2368 2398 2471 2483 2531 2585 2589 2591 2604 2660 2667 2670 2744 2772 2906 2974 2998 3003 3017 3042 3123 3157 3174 3223 3329 3349 3421 3442 3514 3524 3547 3556 3672 3676 3700 3753 3794 3828 3857 3942 3954 3989 4096 4167 4175 4185 4195 4203 4218 4293 4333 4369 4450 4493 4509 4542 4543 4570 4626 4652 4716 4887 4902 4957
80	5	26	2	8 27 80 85 95 164 222 303 309 312 313 335 386 629 646 685 842 910 927 938 1020 1056 1224 1359 1377 1383 1385 1519 1527 1563 1572 1597 1618 1632 1683 1717 1725 1769 1865 1914 1965 2221 2404 2511 2524 2545 2574 2639 2716 2828 2866 2873 2890 2891 3054 3088 3097 3107 3112 3200 3210 3235 3248 3267 3337 3364 3375 3394 3456 3488 3522 3555 3580 3599 3718 3726 3770 3832 3862 3944 4047 4072 4154 4161 4168 4205 4212 4217 4270 4288 4311 4319 4338 4384 4444 4500 4600 4725 4766 4804 4829
99	17	14	2	40 104 115 121 142 182 198 210 259 263 268 269 344 476 500 513 537 594 624 630 636 666 775 805 862 865 870 914 979 1120 1127 1133 1245 1250 1290 1294 1332 1368 1372 1408 1436 1465 1500 1541 1544 1604 1811 1855 1905 1941 1997 2057 2071 2075 2133 2153 2167 2285 2293 2354 2409 2485 2529 2601 2611 2621 2648 2654 2658 2696 2750 2827 2844 2936 2958 3292 3298 3299 3369 3416 3440 3461 3463 3544 3564 3692 3771 3824 3896 3905 3970 3993 4009 4022 4094 4162 4208 4210 4265 4266 4368 4378 4379 4400 4407 4476 4491 4492 4515 4526 4596 4634 4651 4763 4880 4914 4989
22	6	12	2	46 116 154 200 292 347 377 392 422 520 527 541 556 584 634 652 671 690 695 748 762 866 889 891 915 985 998 1052 1064 1073 1075 1114 1276 1313 1396 1414 1456 1461 1480 1552 1564 1568 1585 1612 1744 1750 1866 1929 2047 2085 2118 2258 2396 2420 2570 2576 2579 2592 2729 2758 2760 2778 2821 2859 2889 2918 2931 2939 2947 3060 3091 3096 3103 3135 3139 3218 3261 3352 3393 3469 3492 3590 3596 3614 3616 3674 3720 3790 3827 3835 3867 3881 3949 4023 4025 4149 4160 4177 4192 4222 4223 4242 4277 4318 4424 4434 4459 4505 4524 4551 4553 4604 4622 4733 4794 4814 4891 4900 4910 4971
37	26	34	2	98 105 123 130 165 183 212 435 442 469 511 534 570 577 585 637 744 847 869 898 939 961 982 1047 1084 1087 1113 1134 1206 1211 1237 1283 1301 1356 1446 1454 1457 1477 1482 1611 1685 1703 1742 1836 1842 1848 2116 2176 2195 2247 2311 2332 2339 2352 2366 2385 2443 2493 2509 2564 2602 2618 2712 2762 2787 2788 2805 2824 2862 2898 2945 2957 3155 3176 3213 3254 3306 3363 3372 3390 3402 3451 3494 3529 3545 3553 3615 3625 3680 3798 3802 3817 3845 3870 3884 3909 3953 3966 3977 3983 4081 4112 4123 4238 4371 4377 4455 4465 4521 4573 4575 4598 4610 4615 4692 4698 4703 4747 4760 4850 4912 4963
84	22	46	2	10 49 137 296 320 321 330 351 383 385 407 463 564 611 651 693 700 704 741 747 767 826 849 904 930 1071 1105 1165 1202 1291 1421 1449 1476 1548 1590 1596 1660 1680 1780 1782 1796 1874 1934 2018 2049 2091 2107 2248 2256 2328 2387 2390 2454 2488 2504 2538 2555 2714 2734 2737 2869 2880 2896 2907 2965 2967 2973 3036 3099 3228 3342 3418 3499 3507 3518 3574 3582 3660 3799 3837 3863 3913 4026 4095 4105 4345 4360 4367 4385 4409 4423 4443 4498 4587 4613 4742 4798 4813 4888 4987
15	25	11	2	58 64 68 79 206 221 225 281 297 370 406 439 596 601 658 668 677 806 807 920 1001 1012 1058 1100 1138 1144 1174 1293 1307 1312 1497 1529 1583 1589 1602 1619 1621 1625 1665 1675 1701 1713 1714 1734 1745 1783 1885 1904 1955 2044 2058 2166 2296 2308 2614 2717 2783 2838 2878 2922 2930 3037 3082 3100 3158 3161 3199 3222 3253 3341 3346 3348 3429 3443 3550 3585 3604 3619 3621 3735 3742 3761 3775 3917 3929 3979 4019 4049 4052 4053 4181 4275 4325 4428 4464 4481 4504 4614 4667 4748 4812 4846 4862 4867 4875 4889 4931 4984
4	13	21	2	13 23 38 158 227 282 318 328 418 470 475 551 567 663 675 703 729 770 816 863 954 962 984 1091 1111 1219 1221 1225 1267 1280 1329 1458 1505 1522 1560 1574 1587 1798 1835 1869 1932 1992 2019 2078 2086 2156 2301 2304 2305 2324 2389 2393 2411 2425 2442 2459 2496 2596 2600 2608 2637 2649 2727 2736 2829 2832 2871 2925 2951 2982 3061 3182 3184 3258 3307 3324 3353 3357 3370 3371 3401 3419 3445 3460 3487 3531 3560 3570 3581 3751 3759 3763 3796 3899 4029 4067 4085 4250 4271 4349 4411 4441 4462 4532 4589 4631 4672 4710 4762 4767 4774 4827 4830 4838 4922
49	15	14	4	41 110 151 165 215 395 397 471 491 494 495 515 552 578 600 699 752 981 1008 1036 1058 1158 1170 1185 1202 1218 1219 1227 1248 1354 1356 1376 1560 1565 1657 1663 1698 1752 1885 1900 1904 1944 2077 2107 2119 2235 2243 2259 2273 2366 2416 2467 2568 2588 2591 2632 2652 2716 2755 2876 2901 2942 3105 3115 3118 3181 3230 3257 3401 3483 3608 3637 3641 3667 3708 3736 3747 3775 3799 3805 3847 3924 3941 3971 3979 4190 4218 4275 4314 4317 4350 4393 4404 4517 4547 4610 4615 4669 4708 4713 4736 4755 4787 4790 4809 4845 4846 4858 4877
56	37	13	4	71 80 120 300 349 354 407 506 565 566 589 603 641 669 772 795 843 882 901 935 992 1033 1107 1215 1291 1329 1357 1369 1377 1379 1507 1561 1618 1650 1683 1701 1755 1774 1821 1832 1864 1873 1876 1893 1921 1932 1967 1979 2030 2048 2075 2078 2095 2131 2189 2261 2282 2327 2387 2433 2483 2488 2507 2521 2572 2712 2827 2836 2844 2846 2904 2914 2920 3035 3044 3061 3120 3159 3232 3294 3297 3302 3320 3355 3357 3428 3430 3505 3533 3586 3600 3633 3648 3652 3707 3722 3774 3851 3929 3937 3951 4046 4052 4053 4084 4095 4098 4117 4179 4227 4256 4313 4355 4432 4544 4574 4586 4588 4881 4905 4910 4977
96	36	47	2	190 204 264 289 332 340 374 455 486 524 550 600 645 673 682 710 804 819 844 885 905 918 957 1042 1140 1150 1183 1259 1287 1342 1344 1373 1399 1404 1407 1428 1464 1575 1677 1708 1760 1804 1829 1841 1945 1951 1977 2046 2090 2130 2164 2184 2208 2270 2275 2283 2503 2615 2642 2715 2775 2881 2886 3069 3086 3150 3187 3265 3293 3320 3344 3378 3379 3382 3426 3435 3455 3489 3557 3587 3598 3650 3702 3709 3724 3812 3866 3902 4014 4060 4107 4127 4138 4146 4169 4191 4264 4373 4389 4414 4431 4475 4577 4677 4697 4756 4802 4817 4903
2	34	5	4	5 29 88 127 175 179 214 245 296 348 430 450 457 516 538 556 581 611 637 651 802 873 931 958 969 1034 1066 1162 1194 1201 1269 1284 1289 1393 1431 1694 1695 1712 1743 1764 1769 1776 1865 1882 1908 2021 2040 2063 2100 2108 2115 2127 2159 2171 2202 2212 2256 2290 2318 2352 2379 2394 2613 2636 2698 2706 2711 2813 2895 2907 2911 2919 2961 3142 3279 3287 3315 3342 3343 3391 3397 3427 3478 3484 3504 3589 3595 3602 3655 3660 3670 3712 3871 3931 4036 4073 4109 4177 4186 4293 4306 4327 4392 4396 4489 4490 4551 4558 4718 4737 4754 4804 4829 4848 4853 4889 4978 4985
30	31	6	2	69 133 138 174 315 378 446 512 517 522 591 602 701 719 745 779 780 837 850 903 1004 1044 1182 1277 1285 1306 1333 1376 1397 1427 1438 1447 1459 1485 1662 1691 1786 1827 1877 1919 1986 2161 2177 2266 2281 2282 2351 2395 2502 2537 2547 2620 2632 2745 2768 2892 2966 2972 2979 2991 2993 3043 3056 3075 3156 3169 3195 3249 3381 3400 3414 3428 3448 3474 3534 3563 3601 3712 3880 3898 3933 3946 3988 4000 4045 4122 4153 4155 4233 4244 4292 4380 4382 4388 4503 4523 4605 4611 4618 4638 4657 4741 4823 4937 4940 4985
79	23	37	4	4 31 39 136 143 356 446 448 482 499 512 554 562 586 722 757 930 989 1009 1073 1081 1083 1193 1223 1262 1322 1332 1370 1390 1408 1434 1467 1470 1503 1511 1515 1532 1547 1556 1593 1594 1617 1942 1943 1998 2014 2027 2103 2105 2109 2141 2177 2201 2260 2317 2466 2480 2502 2517 2590 2602 2692 2724 2753 2793 2873 2929 3175 3207 3254 3333 3354 3454 3466 3493 3520 3546 3564 3576 3715 3752 3823 3844 3855 3948 4026 4102 4129 4160 4235 4319 4395 4437 4506 4510 4516 4550 4637 4657 4661 4668 4694 4697 4730 4890 4912 4967 4998
89	16	33	2	9 101 140 249 252 261 304 314 337 359 409 419 433 539 545 555 672 715 740 781 811 875 897 908 941 945 1081 1205 1230 1303 1317 1364 1382 1389 1391 1511 1833 1873 1891 1937 1958 1980 2198 2277 2379 2490 2514 2530 2636 2746 2773 2839 2847 2879 2949 3051 3109 3138 3226 3238 3285 3404 3458 3465 3467 3472 3538 3739 3743 3756 3766 3787 3836 3919 3950 3967 4002 4027 4076 4139 4180 4279 4300 4332 4364 4365 4401 4471 4511 4512 4528 4529 4544 4560 4612 4620 4643 4679 4758 4844 4906 4942 4970
16	18	47	4	10 67 126 358 393 416 452 521 534 541 598 628 671 718 738 750 782 834 837 846 850 854 874 1007 1085 1133 1152 1208 1246 1272 1303 1328 1385 1403 1426 1441 1486 1576 1602 1613 1639 1658 1691 1794 1929 2042 2050 2074 2128 2167 2193 2319 2330 2334 2363 2445 2461 2537 2727 2762 2774 2775 2797 2835 2862 2892 2909 2943 2953 3102 3107 3117 3139 3184 3221 3352 3403 3496 3590 3593 3628 3691 3697 3720 3751 3787 3887 3912 3915 3919 3960 3970 3995 4054 4057 4164 4222 4223 4278 4282 4287 4324 4361 4375 4381 4405 4511 4570 4726 4753 4782 4816 4838 4850 4893 4897 4941 4947 4983
34	1	41	2	37 41 65 234 360 380 384 389 400 413 425 456 484 659 670 708 718 726 743 809 810 947 1093 1141 1249 1316 1337 1355 1444 1463 1494 1532 1693 1699 1702 1716 1732 1776 1851 1884 1893 1921 1940 1973 2002 2017 2064 2096 2183 2218 2251 2288 2426 2429 2458 2482 2535 2577 2777 2792 2870 3090 3142 3250 3287 3297 3310 3424 3511 3537 3565 3606 3671 3701 3714 3748 3853 3859 3860 3876 3885 3889 3900 3965 3992 4003 4036 4066 4073 4097 4118 4135 4152 4235 4257 4273 4321 4357 4479 4487 4563 4621 4717 4737 4787 4834 4861 4905 4954
53	27	44	2	25 67 122 149 180 217 229 262 305 334 412 504 604 609 679 845 887 933 936 1028 1142 1149 1155 1172 1215 1233 1241 1243 1370 1441 1471 1543 1600 1694 1879 1892 2054 2102 2117 2154 2210 2235 2254 2353 2360 2435 2437 2472 2481 2508 2586 2644 2666 2685 2697 2721 2722 2769 2826 2848 2864 2872 2874 2920 3039 3047 3048 3067 3121 3164 3186 3280 3291 3312 3328 3354 3361 3391 3406 3431 3523 3610 3661 3667 3728 3734 3764 3784 3841 3886 3887 3990 4017 4041 4063 4114 4125 4221 4286 4298 4313 4362 4403 4453 4506 4564 4642 4647 4776 4841 4939 4981 4998
60	32	10	2	60 136 224 275 365 432 443 493 515 533 588 593 613 692 705 706 727 782 802 968 974 987 1185 1223 1272 1366 1392 1405 1483 1490 1498 1557 1615 1640 1661 1696 1735 1803 1808 1838 1840 1864 1882 1994 2063 2098 2125 2152 2159 2187 2199 2230 2238 2255 2315 2336 2365 2386 2414 2427 2434 2543 2565 2623 2625 2634 2669 2673 2699 2730 2739 2754 2759 2933 2948 2999 3041 3126 3132 3180 3193 3239 3270 3274 3309 3471 3509 3513 3559 3612 3638 3653 3655 3663 3690 3711 3713 3738 3749 3760 3762 3778 3883 4001 4006 4013 4039 4050 4108 4198 4227 4392 4478 4508 4625 4690 4759 4915
20	20	23	2	61 118 161 209 240 244 346 353 478 488 489 516 573 654 687 696 798 857 950 977 999 1077 1125 1146 1235 1305 1323 1425 1499 1523 1553 1643 1654 1704 1765 1789 1805 1966 2224 2244 2264 2294 2313 2453 2475 2484 2500 2517 2536 2550 2653 2790 2804 2868 2893 3064 3128 3145 3181 3209 3232 3269 3276 3327 3420 3433 3496 3561 3583 3662 3697 3745 3776 3810 3850 3851 3918 3996 4011 4093 4103 4151 4164 4170 4184 4230 4274 4412 4415 4420 4473 4517 4585 4586 4607 4624 4722 4723 4755 4790 4792 4837 4848 4856 4898 4911 4928 5000
63	35	49	4	156 176 233 237 265 281 321 352 383 410 441 557 618 810 912 932 1002 1010 1021 1093 1094 1213 1301 1499 1608 1634 1684 1738 1757 1812 1814 1839 2020 2054 2150 2169 2268 2272 2286 2332 2356 2393 2451 2452 2501 2514 2661 2682 2723 2867 2985 3003 3034 3100 3110 3113 3160 3201 3260 3345 3413 3457 3470 3511 3538 3567 3716 3731 3795 3812 3858 3963 3986 4001 4105 4156 4172 4184 4196 4240 4294 4307 4341 4357 4408 4410 4411 4472 4485 4486 4488 4491 4655 4682 4727 4743 4765 4771 4818 4822 4852 4888 4974
64	21	8	2	66 163 173 181 188 267 327 367 382 459 506 565 590 621 662 720 815 884 924 1000 1191 1194 1214 1297 1314 1450 1453 1467 1510 1540 1545 1687 1757 1759 1806 1847 1918 1923 1949 1990 2065 2069 2139 2142 2188 2192 2350 2400 2465 2575 2610 2629 2710 2718 2720 2743 2785 2796 2846 2877 2988 3002 3049 3104 3106 3115 3175 3221 3224 3466 3527 3607 3652 3699 3705 3716 3747 3849 3914 3991 4038 4098 4132 4163 4204 4249 4276 4303 4342 4355 4374 4391 4457 4484 4516 4527 4531 4549 4552 4565 4568 4569 4582 4591 4660 4669 4686 4704 4726 4753 4796 4824 4849 4941 4950 4993
72	8	31	2	17 29 62 82 93 94 113 128 213 322 345 397 461 477 505 559 612 709 766 839 978 990 1008 1011 1045 1074 1098 1123 1161 1207 1268 1350 1351 1613 1636 1766 1770 1897 1974 2004 2036 2077 2106 2162 2175 2272 2278 2284 2303 2329 2397 2479 2569 2638 2789 2808 2812 2820 2854 2956 2981 3022 3073 3171 3321 3388 3482 3493 3536 3643 3684 3707 3715 3767 3785 3869 3894 4142 4145 4243 4314 4329 4445 4583 4628 4644 4680 4689 4815 4924
83	9	10	4	25 89 90 122 140 166 192 240 270 359 426 508 605 695 712 736 780 859 880 893 896 1040 1046 1126 1150 1164 1216 1235 1276 1320 1349 1419 1462 1563 1572 1635 1713 1748 1791 1834 1868 1870 1877 1884 1926 1972 2034 2166 2191 2264 2309 2382 2389 2409 2414 2419 2575 2617 2618 2721 2741 2785 2849 2863 2866 2959 3027 3048 3085 3162 3196 3273 3307 3311 3432 3512 3547 3591 3627 3677 3741 3753 3771 3791 3796 3798 3827 3874 3877 4015 4147 4153 4231 4308 4384 4387 4394 4414 4420 4460 4496 4512 4554 4563 4600 4606 4638 4671 4690 4742 4798 4812 4814 4835 4869 4906 4997
6	29	16	2	33 86 108 155 331 357 420 428 438 445 485 490 503 542 572 716 758 763 773 783 793 851 882 969 1041 1079 1153 1208 1302 1319 1403 1469 1512 1599 1609 1614 1698 1722 1814 1822 1936 2076 2144 2149 2173 2215 2252 2262 2341 2412 2417 2499 2532 2567 2598 2616 2631 2655 2719 2738 2971 3013 3034 3059 3101 3147 3230 3289 3311 3385 3520 3525 3532 3533 3541 3605 3628 3641 3656 3683 3704 3737 3797 3820 3923 3924 3935 4030 4131 4209 4255 4261 4285 4348 4432 4460 4467 4502 4510 4520 4566 4734 4752 4808 4816 4835 4851 4896 4923 4953 4966
1	33	39	2	87 369 452 530 728 734 749 768 958 973 1006 1018 1022 1032 1037 1107 1112 1175 1186 1271 1304 1343 1365 1406 1420 1424 1634 1671 1678 1682 1684 1726 1743 1778 1813 1862 2011 2082 2100 2213 2234 2243 2279 2383 2549 2595 2661 2741 2752 2833 2903 2961 2970 3046 3055 3202 3374 3386 3417 3595 3637 3681 3829 3838 3901 3962 4004 4007 4065 4075 4121 4183 4207 4229 4252 4320 4344 4386 4387 4513 4562 4579 4593 4633 4707 4728 4751 4779 4799 4860 4886 4965
71	12	1	2	12 31 56 99 112 178 191 254 266 363 410 616 653 660 713 737 751 753 796 848 937 959 1010 1132 1166 1209 1367 1375 1379 1431 1504 1508 1561 1700 1721 1784 1830 1902 1920 1924 1938 1961 2024 2029 2072 2084 2126 2203 2236 2260 2399 2439 2446 2478 2520 2528 2558 2617 2664 2683 2819 2895 2899 3071 3102 3111 3198 3217 3229 3262 3301 3315 3340 3411 3546 3594 3640 3730 3732 3768 3773 3819 3964 3972 4033 4079 4082 4087 4140 4176 4224 4272 4326 4343 4418 4429 4430 4482 4507 4525 4533 4684 4685 4795 4822 4853 4854 4870 4876
100	3	28	4	72 97 148 186 221 225 241 250 377 422 424 455 463 485 492 509 517 527 536 592 630 640 730 742 746 781 792 830 947 1013 1070 1077 1079 1092 1109 1184 1231 1233 1313 1317 1341 1343 1391 1411 1496 1566 1610 1629 1638 1655 1697 1716 1719 1730 1765 1804 1829 1863 1927 1973 2028 2122 2155 2178 2223 2227 2312 2316 2336 2435 2459 2472 2525 2550 2589 2681 2693 2781 2788 2807 2819 2832 2888 2936 3033 3047 3081 3174 3247 3261 3295 3308 3309 3364 3379 3426 3476 3491 3524 3659 3762 3886 4005 4131 4140 4165 4173 4286 4292 4298 4338 4386 4448 4482 4651 4716 4776 4900 4920
42	40	36	4	48 141 162 213 271 322 326 327 420 459 475 582 597 604 692 697 783 790 941 948 955 1148 1241 1254 1274 1290 1339 1346 1366 1423 1493 1510 1673 1700 1715 1836 1869 2112 2116 2140 2168 2172 2184 2218 2254 2324 2348 2443 2477 2527 2569 2592 2606 2612 2654 2656 2663 2667 2906 2964 2998 3019 3075 3116 3125 3227 3235 3242 3329 3369 3373 3412 3421 3463 3474 3487 3535 3580 3596 3643 3718 3764 3784 3814 3868 3896 3907 3917 3956 3962 4060 4103 4215 4233 4269 4270 4272 4291 4378 4403 4440 4451 4504 4534 4546 4549 4555 4567 4573 4601 4639 4678 4689 4722 4733 4783 4867 4872 4942 4969
47	14	25	2	4 45 53 103 129 145 167 194 205 211 241 243 317 373 411 424 558 583 595 655 683 684 757 777 799 893 900 913 916 946 960 966 1027 1070 1116 1159 1177 1212 1393 1394 1430 1448 1507 1579 1617 1641 1642 1644 1645 1688 1706 1751 1834 1915 1917 1942 1988 2001 2026 2038 2040 2074 2109 2140 2245 2257 2287 2346 2421 2438 2541 2581 2659 2705 2711 2748 2786 2902 2923 2938 3044 3052 3072 3141 3247 3282 3326 3332 3446 3481 3491 3627 3780 3804 3864 3961
88	7	50	2	30 48 117 127 323 371 381 460 483 487 491 507 553 568 764 876 911 923 928 956 1030 1078 1108 1145 1158 1256 1298 1339 1402 1435 1468 1489 1607 1622 1656 1712 1733 1817 1846 1857 1881 1886 1906 1928 1943 1996 2003 2168 2219 2239 2269 2323 2384 2449 2512 2593 2612 2668 2684 2703 2764 2766 2793 2867
97	10	27	4	33 119 171 208 210 223 340 389 468 470 476 478 486 524 529 607 677 700 749 751 759 822 826 894 927 996 1028 1154 1160 1200 1203 1311 1336 1478 1544 1569 1585 1654 1705 1733 1768 1777 1787 1846 1859 1899 1917 1939 1947 2000 2038 2043 2049 2053 2069 2142 2230 2238 2277 2335 2365 2373 2411 2446 2522 2564 2587 2599 2619 2639 2766 2783 2864 2937 3004 3050 3054 3095 3145 3153 3169 3255 3256 3272 3299 3313 3370 3371 3374 3380 3423 3442 3461 3783 3831 3863 4027 4034 4069 4107 4135 4201 4316 4366 4380 4401 4536 4561 4582 4623 4717 4745
39	24	9	2	15 16 24 39 100 114 223 250 310 366 398 403 492 501 525 569 576 735 840 932 989 1048 1106 1109 1121 1143 1167 1264 1284 1315 1493 1603 1623 1718 1720 1724 1774 1799 1878 1883 1991 1995 2010
61	19	38	4	16 17 26 77 117 159 177 218 235 263 267 268 304 336 379 387 447 547 580 612 617 646 705 767 768 858 870 902 982 984 988 1059 1064 1076 1111 1119 1147 1212 1242 1372 1396 1421 1520 1523 1605 1669 1676 1682 1685 1723 1808 1811 1824 1825 1866 1931 2118 2183 2219 2224 2280 2302 2594 2614 2675 2714 2791 2912 2930 3164 3212 3278 3292 3348 3351 3384 3398 3416 3443 3456 3499 3623 3754 3780 3842 3869 3875 3935 3942 4024 4077 4120 4137 4170 4183 4202 4247 4258 4354 4373 4389 4427 4461 4508 4535 4541 4565 4709 4721 4827 4857 4938 4952 4953
9	30	22	4	22 95 106 145 185 197 246 345 394 436 465 488 503 546 564 658 667 741 745 853 862 876 905 977 980 1019 1037 1042 1068 1275 1306 1348 1471 1480 1571 1586 1606 1630 1680 1686 1772 1880 1903 1925 2039 2068 2072 2125 2144 2203 2234 2276 2519 2583 2653 2664 2685 2761 2771 2802 2810 2831 2878 2933 2965 2987 3005 3051 3079 3136 3140 3170 3195 3198 3243 3281 3360 3375 3393 3433 3684 3717 3728 3757 3797 3818 3841 3862 3894 3916 3949 3987 4013 4197 4205 4219 4261 4290 4304 4320 4379 4435 4470 4471 4520 4571 4622 4630 4676 4715 4731 4772 4799 4805 4914 4936 4972 4981
33	4	35	2	43 63 125 150 166 169 176 215 248 291 298 299 379 447 532 535 582 711 731 823 825 856 860 943 988 1060 1092 1137 1151 1217 1255 1262 1452 1567 1570 1582
46	11	42	4	102 133 139 157 184 204 307 332 351 362 483 533 623 629 675 825 920 934 970 1031 1054 1087 1096 1135 1183 1305 1309 1321 1450 1537 1580 1598 1633 1640 1642 1802 1913 1923 2007 2064 2076 2083 2143 2176 2214 2240 2245 2296 2326 2354 2375 2468 2504 2512 2547 2646 2659 2665 2687 2695 2715 2751 2756 2799 2817 2845 2947 2952 2960 2982 3002 3007 3087 3148 3165 3178 3228 3270 3280 3298 3453 3509 3545 3565 3640 3696 3820 3921 3977 3994 4010 4056 4076 4111 4199 4229 4242 4542 4569 4593 4609 4641 4681 4738 4761 4773 4828 4874 4917 4926 4971
54	28	39	4	43 59 87 125 138 259 282 286 435 487 609 622 624 734 801 889 904 979 1022 1118 1128 1169 1220 1237 1293 1298 1300 1389 1436 1443 1477 1522 1622 1734 1758 1801 1890 2094 2134 2139 2151 2153 2215 2285 2315 2362 2369 2402 2413 2423 2496 2553 2554 2744 2764 2816 2834 2838 2848 2918 2988 3010 3097 3252 3336 3497 3534 3542 3570 3727 3811 3816 3819 3881 3885 3982 3983 4025 4079 4096 4162 4166 4226 4259 4285 4300 4343 4362 4368 4438 4469 4480 4581 4751 4834 4843 4995
94	5	50	4	20 51 56 61 105 114 173 174 205 273 289 311 365 484 520 539 568 650 673 774 794 911 939 998 1017 1026 1078 1084 1163 1192 1258 1312 1326 1330 1382 1397 1442 1512 1555 1601 1614 1631 1664 1744 1780 1792 1861 1922 1941 1948 1976 2061 2062 2090 2299 2323 2361 2374 2380 2397 2428 2434 2438 2498 2515 2565 2603 2610 2725 2763 2778 2825 2851 2855 2967 3009 3038 3206 3310 3318 3420 3559 3646 3649 3651 3690 3758 3911 4167 4188 4224 4365 4371 4390 4453 4497 4500 4502 4519 4626 4739 4780 4817 4891 4908 4949 4958
78	17	8	4	44 86 115 153 232 253 275 363 432 437 559 688 703 709 713 762 797 804 860 916 972 1062 1071 1101 1139 1140 1141 1171 1224 1282 1319 1394 1526 1536 1611 1746 1779 1797 1977 2008 2067 2081 2152 2173 2295 2340 2355 2359 2401 2489 2552 2607 2631 2643 2660 2731 2779 2796 2809 2869 2938 2975 2979 3069 3071 3074 3189 3199 3241 3253 3262 3312 3377 3410 3435 3462 3516 3607 3620 3638 3714 3726 3746 3748 3848 3872 3920 3978 4009 4065 4074 4085 4087 4104 4158 4206 4228 4268 4372 4503 4526 4527 4529 4575 4729 4747 4801 4810 4813 4844 4863 4898 4966 4973
28	6	34	4	37 83 100 178 182 193 238 249 324 328 355 404 413 555 585 596 724 777 845 891 903 956 961 964 974 1001 1048 1067 1080 1097 1115 1136 1179 1214 1261 1399 1415 1464 1495 1564 1597 1704 1747 1783 1789 1862 1916 1946 1950 1951 1962 1966 1969 1970 2026 2098 2129 2192 2207 2228 2233 2283 2325 2343 2357 2378 2436 2450 2469 2508 2600 2616 2626 2680 2737 2854 2910 2917 3060 3129 3141 3157 3204 3240 3288 3300 3350 3367 3521 3617 3622 3656 3709 3721 3743 3785 3849 4008 4019 4035 4083 4136 4144 4200 4207 4281 4422 4583 4652 4700 4784 4789 4797 4820 4968
32	26	25	4	42 49 93 196 242 254 272 298 308 314 329 374 431 473 693 890 919 1065 1088 1113 1137 1211 1297 1347 1410 1424 1432 1487 1501 1550 1615 1616 1624 1645 1651 1762 1810 1813 1837 1898 1918 2016 2096 2104 2117 2147 2251 2384 2385 2399 2415 2417 2432 2493 2509 2531 2535 2566 2573 2601 2630 2641 2668 2679 2710 2883 2896 2922 2962 2983 3055 3062 3103 3166 3167 3249 3267 3359 3389 3399 3411 3482 3619 3675 3700 3794 3822 3829 3865 3909 3997 4007 4020 4091 4132 4154 4255 4311 4312 4336 4363 4400 4441 4518 4523 4533 4664 4750 4794 4806 4868 4922 4963
36	2	20	2	5 7 102 131 135 168 208 302 326 421 467 481 519 543 554 563 633 644 746 808 877 886 919 963 1024 1126 1160 1162 1220 1289 1330 1360 1429 1509
43	38	19	2	143 219 276 286 306 388 405 448 571 579 639 732 742 846 853 854 864 883 895
58	39	30	2	44 91 119 132 170 343 352 391 473 498 589 618
69	22	48	4	55 64 131 158 167 325 337 350 408 418 419 540 553 587 653 674 678 798 817 936 946 986 1003 1004 1006 1035 1052 1138 1167 1209 1239 1327 1398 1413 1567 1625 1689 1703 1709 1823 1920 1963 2070 2113 2154 2205 2222 2294 2298 2404 2454 2532 2669 2691 2719 2768 2794 2803 2823 2879 2889 2956 2974 2981 2992 3041 3132 3151 3156 3168 3246 3368 3394 3450 3488 3517 3581 3631 3644 3701 3769 3793 3854 3870 3903 3908 3910 3936 4080 4119 4213 4234 4289 4426 4619 4659 4842 4870 4879 4903 4913 4948 4999
90	25	32	4	82 103 203 258 261 277 366 384 467 500 510 569 577 615 616 625 627 655 684 698 725 812 838 944 975 983 1018 1032 1047 1098 1108 1112 1182 1195 1251 1294 1407 1488 1528 1541 1562 1671 1720 1740 1771 1830 1845 1855 1857 1860 1879 1936 1956 1999 2013 2023 2024 2073 2085 2114 2123 2311 2368 2580 2628 2740 2861 2978 3058 3078 3090 3134 3155 3186 3200 3233 3251 3322 3390 3438 3601 3612 3693 3749 3807 3876 3905 3923 3959 3981 4055 4061 4094 4148 4178 4253 4333 4348 4417 4456 4476 4498 4515 4560 4599 4642 4698 4704 4728 4756 4757 4760 4826 4916 4950
7	13	40	4	68 91 147 164 188 206 207 317 381 385 440 461 755 847 892 913 921 929 952 1175 1196 1252 1337 1365 1373 1457 1485 1529 1534 1652 1672 1721 1726 1784 1786 1849 1850 1975 2037 2071 2079 2084 2145 2188 2217 2263 2275 2322 2400 2408 2463 2471 2544 2549 2745 2780 2786 2822 2840 2924 2931 3001 3012 3029 3031 3108 3218 3219 3284 3305 3330 3332 3385 3436 3480 3522 3523 3541 3626 3702 3732 3778 3806 3843 3884 3899 3944 3972 4134 4149 4161 4310 4367 4391 4416 4442 4449 4455 4631 4634 4683 4691 4741 4749 4770 4800 4823 4902 4915 4955 4976
19	36	17	4	46 423 443 496 531 694 761 770 773 833 906 926 990 1049 1051 1072 1117 1161 1173 1197 1232 1245 1263 1331 1371 1420 1422 1452 1463 1509 1518 1590 1626 1770 1817 1841 1974 2035 2066 2086 2091 2210 2213 2225 2252 2266 2308 2313 2367 2398 2442 2534 2635 2647 2677 2694 2699 2707 2713 2758 2760 2800 2812 2903 2949 2977 3068 3217 3231 3258 3419 3492 3562 3572 3599 3603 3629 3639 3685 3734 3766 3770 3913 3958 3989 4051 4100 4139 4189 4337 4399 4487 4495 4513 4598 4605 4607 4627 4628 4653 4667 4775 4839 4871 4954 4956
25	31	15	4	79 135 149 152 155 209 293 301 339 347 398 399 439 513 535 634 638 647 714 723 739 747 832 871 897 937 1029 1086 1089 1146 1225 1271 1287 1288 1435 1459 1587 1627 1661 1678 1853 1856 1858 2006 2089 2149 2209 2211 2255 2269 2279 2293 2305 2321 2331 2333 2421 2426 2700 2829 2900 2935 2984 2993 3016 3131 3214 3248 3250 3303 3317 3383 3501 3525 3540 3553 3597 3604 3663 3674 3786 3813 3832 3834 3838 3864 3882 3939 3974 4032 4068 4082 4112 4127 4143 4191 4216 4220 4263 4592 4594 4613 4614 4616 4620 4625 4778 4802 4807 4824 4856 4861 4865 4931 4961 4992
86	16	33	4	1 161 195 284 344 438 504 507 584 608 642 726 796 831 878 895 915 968 1063 1259 1375 1500 1513 1521 1533 1535 1543 1596 1662 1729 1751 1763 1799 1912 1919 1935 2102 2120 2157 2179 2187 2199 2200 2258 2503 2558 2559 2577 2623 2818 2852 3094 3123 3137 3154 3192 3290 3361 3362 3387 3455 3459 3489 3527 3556 3560 3624 3645 3666 3699 3763 3779 3792 3840 3902 3906 3988 4031 4066 4122 4171 4175 4192 4211 4279 4296 4335 4347 4374 4385 4459 4478 4521 4566 4568 4649 4719 4786
59	1	20	4	7 96 150 217 251 269 330 335 412 458 588 635 662 884 923 1043 1143 1155 1178 1206 1228 1355 1380 1454 1469 1474 1483 1524 1545 1644 1728 1735 1778 1790 1803 1952 2003 2010 2019 2059 2101 2110 2249 2270 2301 2453 2462 2520 2560 2579 2605 2649 2688 2718 2736 2750 2798 2868 2872 2923 2927 3006 3008 3053 3057 3066 3138 3209 3220 3245 3266 3277 3314 3381 3448 3467 3529 3579 3587 3723 3859 4011 4043 4078 4142 4169 4198 4230 4244 4245 4248 4260 4267 4301 4344 4349 4356 4358 4425 4467 4501 4532 4635 4643 4674 4832 4836 4862 4884 4907 4929
77	27	31	4	54 99 118 234 305 318 331 375 390 417 543 550 619 685 735 754 769 788 800 816 872 924 1012 1015 1055 1134 1157 1247 1250 1277 1316 1383 1400 1449 1472 1557 1589 1604 1732 1788 1796 1891 1902 1983 1990 2004 2009 2126 2133 2194 2197 2278 2291 2306 2338 2342 2386 2482 2541 2596 2757 2858 2884 2969 2971 3122 3126 3269 3274 3289 3334 3395 3429 3437 3473 3486 3532 3558 3598 3613 3625 3635 3664 3679 3737 3788 3825 3826 3852 3914 3938 3950 3953 3964 3980 4022 4042 4064 4180 4181 4209 4214 4273 4302 4330 4439 4537 4654 4686 4696 4866
85	32	16	4	12 13 62 130 132 201 360 364 376 406 462 501 548 621 656 680 793 808 852 960 1020 1189 1236 1304 1342 1484 1489 1492 1527 1549 1551 1584 1647 1666 1745 1754 1838 1896 1915 1924 1938 2135 2156 2158 2161 2163 2180 2287 2392 2418 2447 2456 2475 2516 2530 2551 2595 2597 2673 2678 2787 2789 2828 2847 2870 2880 2945 2954 3025 3037 3067 3091 3112 3185 3216 3223 3229 3392 3424 3469 3548 3569 3611 3614 3688 3740 3790 3845 3846 3918 3968 4006 4108 4128 4145 4264 4334 4376 4454 4463 4580 4602 4604 4636 4663 4777 4830 4876 4923 4990
18	20	11	4	50 76 101 169 236 274 353 411 464 481 502 514 522 567 576 660 661 666 676 715 733 744 842 877 879 922 943 1014 1041 1165 1270 1285 1286 1350 1360 1392 1430 1476 1481 1681 1692 1737 1759 1833 1871 1888 1897 1907 1930 1945 1995 2033 2047 2060 2087 2093 2121 2130 2257 2339 2427 2465 2478 2495 2523 2562 2576 2620 2629 2651 2689 2690 2709 2782 2792 2842 2859 2890 3040 3072 3183 3193 3244 3439 3475 3528 3574 3692 3710 3738 3810 3883 3930 3973 3976 3985 4000 4004 4059 4210 4274 4284 4288 4406 4475 4530 4539 4596 4608 4658 4720 4744 4880 4935 4946 4957
50	21	45	4	142 146 181 313 409 428 429 433 434 445 497 498 575 583 663 728 758 775 776 803 813 844 881 910 925 959 1061 1069 1123 1240 1244 1268 1281 1325 1384 1444 1479 1482 1508 1592 1632 1656 1659 1766 1800 1816 1854 1910 1911 1954 1982 1986 1991 2041 2124 2231 2236 2307 2328 2350 2353 2391 2395 2441 2458 2479 2494 2542 2670 2701 2704 2708 2759 2821 2875 2882 2916 2934 2946 2950 2996 3014 3026 3135 3211 3328 3408 3417 3418 3431 3555 3618 3630 3713 3735 3765 3781 3782 3879 3895 3904 3926 3934 3961 3969 4021 4116 4126 4138 4251 4276 4321 4562 4645 4725 4937
5	15	17	6	30 47 63 91 168 182 262 330 333 338 372 381 395 501 506 514 552 645 693 708 713 728 784 792 810 836 881 885 894 908 918 920 958 973 1048 1063 1080 1083 1121 1141 1201 1284 1353 1416 1429 1432 1504 1554 1565 1603 1658 1675 1717 1733 1757 1762 1777 1805 1823 1824 1845 1854 1863 1865 1906 1956 1965 1976 1995 2011 2040 2085 2103 2171 2190 2197 2206 2230 2243 2287 2293 2325 2368 2402 2404 2415 2419 2433 2437 2440 2451 2455 2496 2527 2532 2573 2600 2607 2740 2761 2781 2792 2836 2893 2913 3004 3006 3040 3053 3126 3146 3154 3213 3215 3261 3285 3336 3353 3378 3396 3418 3441 3463 3519 3540 3563 3577 3605 3627 3633 3754 3788 3882 3892 3934 3975 4009 4011 4090 4095 4161 4179 4204 4205 4216 4221 4225 4229 4245 4290 4366 4399 4446 4451 4452 4570 4653 4691 4704 4724 4745 4791 4887 4896 4961
11	8	41	4	6 11 34 40 163 248 279 291 400 466 519 532 639 681 702 720 820 863 866 899 951 963 966 1023 1116 1177 1180 1314 1455 1465 1498 1579 1588 1718 2036 2080 2082 2221 2241 2344 2473 2474 2486 2490 2505 2506 2538 2540 2555 2642 2676 2697 2734 2865 2877 2944 2957 2970 2972 2989 3011 3013 3024 3032 3052 3070 3096 3104 3146 3163 3259 3271 3422 3460 3678 3682 3755 3830 3892 3901 3925 3992 4040 4121 4208 4249 4252 4297 4318 4342 4360 4398 4419 4464 4507 4524 4545 4712 4788 4791 4795 4911 4943 4962 4993
12	29	2	4	14 24 94 112 231 280 333 380 427 453 523 525 528 652 665 696 789 861 868 875 914 949 993 1100 1142 1145 1253 1265 1296 1334 1338 1353 1361 1368 1412 1414 1505 1636 1637 1653 1711 1749 1775 1878 1961 2011 2018 2056 2057 2058 2164 2174 2185 2196 2250 2360 2390 2444 2476 2491 2510 2513 2539 2561 2571 2584 2702 2729 2754 2806 2808 2826 3022 3177 3275 3444 3550 3563 3662 3669 3703 3803 3833 3836 3861 3940 4033 4075 4113 4305 4329 4409 4429 4462 4735 4779 4901 4970 4975 4982
38	33	19	4	23 63 65 98 154 257 285 294 299 310 320 415 474 537 571 591 614 633 771 823 828 887 962 1011 1039 1187 1210 1222 1243 1363 1429 1568 1649 1674 1690 1874 1988 2012 2052 2181 2247 2265 2288 2370 2372 2403 2431 2492 2500 2586 2650 2666 2705 2717 2747 2767 2860 2897 2928 3049 3056 3098 3128 3133 3144 3179 3205 3215 3276 3282 3404 3451 3472 3510 3514 3536 3549 3585 3650 3680 3694 3744 3967 4028 4044 4048 4090 4159 4217 4246 4332 4415 4445 4452 4552 4587 4618 4647 4688 4703 4711 4796 4859 4989
23	12	7	4	137 180 190 194 262 266 295 309 341 391 396 401 493 542 679 701 707 708 732 824 953 971 1005 1053 1074 1075 1103 1129 1159 1172 1323 1351 1358 1404 1433 1574 1591 1660 1668 1679 1696 1714 1760 1852 1886 1965 2031 2046 2232 2274 2300 2346 2567 2658 2696 2726 2732 2765 2804 2886 2921 3021 3046 3063 3077 3099 3109 3119 3190 3237 3339 3382 3402 3440 3495 3507 3552 3566 3571 3573 3592 3672 3711 3729 3873 4047 4176 4187 4212 4257 4277 4339 4528 4644 4699 4785 4831 4854 4875 4885 4904 4928 4932 4939
29	14	29	4	52 123 129 189 199 227 306 323 343 479 706 716 818 848 900 909 1000 1045 1110 1205 1229 1279 1425 1439 1448 1494 1517 1573 1609 1725 1727 1828 1883 1958 1959 1993 1997 2025 2097 2136 2246 2262 2281 2337 2545 2556 2593 2645 2657 2746 2770 2856 2905 2997 3059 3089 3304 3324 3340 3400 3464 3468 3481 3490 3537 3575 3609 3653 3668 3761 3835 3853 3857 3957 4038 4049 4058 4081 4118 4195 4232 4369 4388 4402 4407 4443 4450 4505 4553 4556 4603 4693 4706 4762 4841 4847
81	7	4	4	18 92 183 226 252 421 764 809 938 967 976 1030 1199 1273 1295 1364 1405 1406 1440 1466 1475 1540 1548 1607 1724 1742 1781 1809 1826 1844 1872 1887 1960 2099 2162 2165 2239 2284 2289 2341 2405 2487 2524 2529 2557 2563 2621 2624 2638 2648 2773 2777 2839 2857 2871 2874 2899 2940 3020 3030 3130 3158 3188 3203
26	37	29	6	1 9 45 126 149 166 169 225 293 303 325 346 357 387 436 437 480 532 537 548 587 639 650 697 767 840 852 893 896 928 985 1059 1074 1095 1102 1111 1157 1168 1222 1249 1261 1299 1302 1333 1340 1366 1419 1433 1529 1558 1562 1574 1597 1664 1752 1760 1796 1860 1928 1991 2032 2093 2117 2164 2211 2214 2307 2374 2381 2461 2473 2494 2508 2615 2641 2695 2711 2732 2754 2756 2786 2837 2920 2943 2950 2958 2989 2996 2997 3026 3177 3198 3226 3265 3305 3365 3401 3411 3413 3476 3541 3601 3632 3809 3864 3928 3932 3957 3982 3990 4034 4071 4099 4105 4192 4264 4325 4339 4344 4351 4381 4456 4500 4566 4577 4591 4598 4624 4652 4694 4695 4707 4731 4747 4789 4844 4939 4950 4994
73	24	23	4	15 57 70 85 168 212 216 230 243 290 371 373 414 626 645 763 784 855 857 994 1027 1095 1099 1120 1122 1125 1131 1166 1217 1234 1256 1283 1417 1612 1767 1807 1819 1889 1957 1971 2032 2198 2422
3	34	2	6	8 49 111 119 211 216 219 235 239 256 288 380 388 390 482 541 547 551 582 594 606 633 643 662 701 711 788 812 821 822 828 843 867 887 888 923 957 1015 1032 1057 1064 1105 1131 1161 1175 1189 1239 1245 1301 1352 1427 1445 1460 1474 1521 1538 1586 1619 1684 1690 1700 1775 1793 1828 1842 1862 1883 1900 2001 2052 2064 2065 2086 2219 2239 2273 2304 2322 2376 2401 2403 2420 2427 2448 2489 2492 2558 2566 2576 2593 2598 2646 2687 2724 2733 2812 2901 2915 2944 3023 3077 3172 3191 3202 3231 3292 3357 3454 3455 3513 3528 3588 3628 3713 3779 3786 3798 3832 3845 3914 3939 3965 3974 4024 4025 4037 4041 4051 4097 4165 4172 4199 4312 4346 4432 4435 4492 4518 4525 4602 4642 4648 4658 4687 4708 4733 4771 4846 4850 4874 4905 4918 4974 4987
17	4	46	4	58 124 134 200 211 220 264 276 312 315 392 405 460 480 574 610 636 670 686 704 760 778 807 987 991 1057 1144 1151 1174 1190 1280 1307 1388 1401 1531 1559
24	2	12	4	81 107 111 292 544 549 561 590 602 620 690 691 710 719 779 815 835 856 864 965 978 1016 1038 1091 1104 1105 1121 1124 1127 1226 1249 1267 1318 1416
57	23	48	6	113 117 128 153 227 244 344 384 427 434 534 556 581 592 601 617 624 657 743 765 853 871 876 880 982 1002 1027 1031 1055 1295 1306 1321 1338 1440 1455 1457 1473 1476 1495 1517 1519 1552 1639 1657 1666 1677 1728 1750 1756 1774 1833 1844 1868 1904 1941 2009 2017 2023 2038 2081 2094 2147 2217 2220 2347 2355 2389 2409 2476 2490 2516 2523 2591 2599 2630 2676 2685 2716 2760 2802 2814 2846 2867 2871 2919 2941 2949 3054 3076 3078 3088 3111 3156 3176 3196 3203 3227 3280 3316 3367 3383 3423 3446 3465 3495 3532 3551 3572 3637 3689 3691 3750 3755 3764 3803 3828 3874 3897 3967 4005 4070 4115 4118 4152 4155 4176 4177 4193 4207 4234 4238 4370 4375 4392 4408 4416 4442 4443 4542 4584 4643 4661 4716 4749 4758 4809 4920 4972 4976
27	38	44	4	9 35 36 75 144 172 191 202 219 229 255 334 342 403 425 454 505 613 682
40	39	3	4	2 73 170 283 297 303 402 442 477 489 518 572
51	18	35	6	35 61 89 90 136 193 200 238 255 278 306 315 368 374 377 389 403 410 474 476 483 495 509 527 550 578 616 637 664 687 703 720 737 768 801 827 855 869 879 882 883 901 917 926 956 970 981 1003 1056 1062 1116 1190 1230 1233 1272 1285 1320 1346 1364 1365 1387 1542 1563 1580 1595 1610 1641 1646 1696 1719 1723 1730 1739 1746 1800 1838 1856 1866 1886 1913 1968 1977 2035 2037 2042 2113 2153 2198 2212 2221 2262 2264 2305 2320 2406 2408 2418 2467 2504 2533 2540 2608 2675 2751 2801 2832 2844 2851 2859 2963 2969 2988 2994 3010 3043 3085 3193 3249 3347 3356 3389 3421 3467 3548 3553 3569 3612 3663 3723 3935 4003 4017 4054 4074 4080 4102 4164 4166 4178 4301 4326 4328 4374 4405 4484 4535 4673 4726 4785 4788 4803 4805 4833 4839 4884 4940
31	35	32	6	14 73 76 133 147 156 195 279 281 287 300 341 343 504 635 646 673 698 777 849 962 1008 1014 1017 1058 1107 1113 1138 1150 1164 1202 1203 1270 1326 1380 1621 1630 1655 1732 1768 1801 1803 1819 1930 1962 1988 1998 2022 2074 2080 2135 2166 2238 2240 2248 2268 2313 2336 2411 2458 2469 2481 2577 2585 2620 2639 2644 2648 2659 2672 2747 2770 2795 2799 2805 2879 2890 2916 2953 2980 3042 3062 3121 3131 3150 3250 3278 3308 3328 3368 3435 3474 3493 3501 3609 3641 3710 3717 3719 3871 3905 3912 3920 3950 3970 4000 4052 4063 4075 4093 4110 4125 4188 4219 4253 4260 4295 4329 4387 4460 4523 4550 4593 4603 4606 4622 4647 4675 4682 4699 4762 4837 4864 4894 4895 4897 4900 4925 4926 4934 4986 4990 4991
48	9	6	6	44 106 108 167 190 214 215 218 241 242 375 386 433 487 489 499 515 540 557 597 649 690 727 748 772 837 844 865 929 1009 1038 1039 1088 1106 1143 1192 1207 1241 1243 1252 1331 1354 1356 1383 1451 1467 1480 1498 1508 1584 1638 1652 1726 1773 1783 1832 1848 1881 1939 1955 1999 2073 2101 2182 2203 2253 2261 2285 2391 2407 2410 2465 2574 2625 2658 2768 2772 2806 2823 2838 2868 2894 2960 3014 3019 3060 3086 3093 3161 3197 3204 3229 3287 3299 3341 3366 3384 3410 3450 3451 3453 3486 3558 3660 3669 3683 3726 3733 3817 3846 3925 4045 4106 4136 4139 4143 4158 4322 4323 4336 4356 4360 4380 4410 4421 4425 4431 4447 4448 4477 4499 4564 4631 4669 4728 4748 4786 4794 4810 4829 4830 4851 4886 4888 4899 4932 4959
55	3	21	6	42 145 189 197 222 258 277 304 329 365 383 392 406 409 454 528 676 750 776 794 806 816 857 933 959 989 992 1001 1013 1020 1042 1084 1119 1132 1176 1195 1210 1273 1315 1396 1398 1404 1461 1479 1516 1528 1612 1626 1632 1676 1721 1729 1754 1806 1810 1839 1897 1907 1918 1926 1979 2082 2126 2155 2208 2265 2272 2319 2323 2365 2388 2397 2413 2414 2470 2557 2568 2709 2710 2785 2800 2889 2922 2959 2987 3092 3179 3205 3210 3271 3333 3372 3456 3470 3492 3597 3625 3631 3650 3735 3742 3752 3762 3768 3773 3776 3777 3823 3858 3927 3951 3961 3964 3969 3987 4029 4107 4142 4145 4209 4222 4237 4304 4355 4384 4394 4406 4413 4420 4454 4482 4486 4503 4521 4549 4561 4613 4635 4639 4641 4650 4730 4735 4779 4787 4790 4828 4908 4930 4958 4966 4984
74	40	9	6	15 28 36 125 140 207 280 312 316 367 413 468 549 593 602 668 692 764 839 862 1076 1172 1173 1178 1286 1304 1357 1421 1446 1471 1491 1527 1553 1582 1594 1702 1710 1727 1734 1772 1814 1905 1942 1951 1972 2007 2039 2051 2066 2078 2114 2167 2237 2338 2364 2392 2513 2525 2526 2535 2552 2564 2632 2717 2748 2752 2776 2826 2830 2835 2880 2927 2957 3103 3174 3190 3192 3263 3275 3322 3403 3414 3480 3547 3570 3654 3682 3703 3738 3784 3818 3878 3891 3919 3936 3993 4019 4022 4023 4072 4096 4100 4129 4147 4154 4228 4231 4258 4271 4306 4347 4369 4391 4404 4466 4475 4481 4527 4681 4692 4744 4777 4782 4819 4820 4853 4865 4910 4923 4960 4971 4977 4992
93	10	24	6	10 58 78 79 150 203 317 319 352 361 407 449 472 511 621 632 640 644 651 680 749 755 761 838 848 868 892 906 940 950 1026 1097 1104 1154 1159 1185 1223 1237 1246 1292 1303 1349 1360 1361 1362 1394 1431 1464 1518 1530 1578 1656 1659 1695 1706 1770 1870 1880 1914 1967 2019 2053 2084 2302 2353 2367 2439 2531 2544 2567 2578 2622 2624 2681 2738 2749 2789 2828 2834 2861 3032 3069 3083 3113 3115 3117 3123 3130 3214 3225 3310 3317 3342 3358 3400 3408 3464 3466 3468 3500 3503 3512 3534 3573 3591 3608 3624 3642 3665 3721 3746 3800 3909 3944 3956 3971 3984 3991 4013 4275 4338 4345 4354 4419 4437 4491 4505 4534 4536 4553 4567 4571 4573 4637 4657 4663 4688 4721 4738 4756 4863 4869 4924 4943 4973
87	15	24	8	16 97 128 151 160 171 291 344 356 367 439 443 449 469 491 519 528 540 560 570 571 583 599 615 695 707 714 739 770 780 787 846 858 872 930 971 1019 1024 1051 1055 1071 1102 1145 1151 1157 1232 1257 1271 1282 1301 1311 1319 1335 1346 1400 1408 1421 1431 1432 1453 1456 1462 1471 1483 1518 1526 1541 1542 1547 1556 1575 1585 1588 1682 1707 1708 1711 1713 1751 1772 1819 1838 1843 1853 1859 1904 1949 1956 1968 1972 1980 2067 2102 2120 2126 2193 2247 2305 2333 2345 2353 2383 2391 2445 2465 2482 2491 2499 2547 2551 2669 2683 2712 2788 2823 2848 2863 2875 2887 2921 2936 3070 3101 3124 3140 3166 3173 3209 3283 3302 3326 3349 3395 3431 3531 3535 3650 3701 3760 3798 3807 3824 3849 3929 3951 3954 3956 3984 4016 4040 4088 4114 4184 4250 4275 4301 4335 4381 4424 4449 4465 4480 4514 4518 4525 4629 4723 4788 4803 4871 4884 4899 4915 4918 4942 4955 4984
98	19	30	6	20 33 34 109 158 267 270 320 322 327 369 424 460 469 485 508 520 538 558 570 577 634 661 670 695 717 753 781 805 863 889 939 945 988 1019 1022 1029 1030 1049 1079 1137 1181 1204 1229 1244 1381 1392 1436 1442 1481 1490 1492 1502 1669 1708 1718 1788 1818 1825 1835 1873 1917 1927 1960 2012 2020 2021 2128 2129 2146 2159 2161 2186 2202 2308 2340 2348 2373 2436 2457 2482 2484 2562 2623 2629 2653 2661 2674 2689 2699 2702 2721 2813 2820 2873 2964 3041 3096 3112 3134 3155 3224 3258 3276 3338 3340 3362 3499 3502 3567 3636 3676 3697 3714 3722 3729 3739 3766 3767 3772 3782 3801 3808 3821 3890 3999 4111 4203 4217 4236 4265 4343 4407 4450 4457 4463 4465 4470 4497 4547 4586 4628 4636 4683 4686 4711 4765 4915 4951 4957
10	30	18	6	13 18 39 130 184 185 202 271 331 477 524 560 572 579 678 726 731 783 791 818 819 895 983 1052 1061 1147 1158 1199 1242 1275 1311 1347 1351 1389 1422 1447 1453 1526 1555 1566 1569 1624 1627 1634 1665 1674 1701 1804 1822 1827 1949 1994 2006 2043 2045 2069 2149 2162 2181 2192 2224 2312 2350 2351 2380 2390 2405 2449 2456 2583 2602 2603 2636 2677 2731 2737 2771 2788 2876 2907 2955 2972 3007 3034 3035 3094 3098 3122 3168 3221 3315 3323 3343 3407 3426 3452 3516 3524 3614 3622 3626 3673 3675 3695 3883 3901 3902 3948 3972 3992 4053 4078 4084 4148 4299 4331 4361 4378 4424 4462 4498 4519 4569 4611 4680 4767 4780 4797 4818 4881 4907 4945 4988
82	37	18	8	38 47 78 108 129 141 146 206 221 358 402 416 490 501 546 561 584 593 609 613 639 659 729 789 819 840 845 913 928 948 960 963 992 1013 1085 1109 1114 1176 1188 1224 1255 1275 1308 1317 1320 1428 1435 1446 1451 1545 1554 1562 1619 1636 1678 1690 1693 1741 1753 1778 1783 1807 1825 1835 1842 1849 1856 1887 1901 1914 1923 1952 1992 2003 2016 2035 2090 2091 2119 2122 2127 2146 2159 2295 2312 2335 2366 2436 2536 2569 2582 2594 2595 2598 2626 2686 2723 2727 2742 2743 2790 2802 2804 2851 2909 2923 2940 3008 3017 3057 3066 3110 3149 3159 3185 3220 3238 3244 3266 3360 3364 3370 3374 3387 3436 3664 3678 3779 3817 3843 3919 3932 3969 4022 4046 4060 4100 4136 4150 4160 4214 4218 4243 4263 4280 4322 4380 4383 4390 4406 4417 4444 4459 4482 4494 4508 4558 4566 4579 4604 4619 4650 4662 4664 4671 4735 4757 4760 4761 4770 4776 4812 4830 4863 4896 4919 4957 4985
45	11	45	6	84 85 179 217 228 285 362 452 473 478 493 510 536 539 559 569 677 689 778 905 915 927 946 1037 1053 1081 1122 1240 1290 1309 1334 1374 1408 1456 1472 1493 1494 1544 1570 1576 1662 1715 1724 1731 1743 1763 1791 1809 1811 1847 1909 2024 2057 2077 2092 2123 2160 2205 2233 2275 2288 2292 2329 2430 2444 2560 2590 2657 2663 2720 2758 2793 2897 2945 2968 2982 2983 3001 3024 3045 3051 3063 3182 3216 3309 3320 3327 3354 3388 3442 3550 3576 3600 3611 3656 3699 3712 3720 3795 3796 3797 3810 3835 3837 3844 3865 3881 3917 3959 4012 4015 4026 4050 4069 4156 4162 4173 4187 4302 4314 4397 4433 4444 4493 4572 4600 4616 4746 4750 4838 4877 4944 4978
66	28	43	6	4 31 93 118 124 177 301 318 321 332 335 351 358 364 442 498 507 518 521 563 585 654 807 829 831 834 878 903 937 938 972 986 995 996 998 1035 1093 1110 1133 1169 1193 1217 1221 1227 1228 1289 1324 1341 1345 1393 1424 1546 1605 1622 1640 1650 1688 1782 1795 1821 1864 1888 1937 1971 1978 2075 2145 2158 2175 2185 2345 2435 2464 2479 2485 2520 2666 2757 2765 2784 2797 2881 2891 2911 3039 3105 3128 3138 3148 3167 3220 3241 3257 3262 3268 3277 3326 3344 3377 3381 3478 3482 3538 3606 3694 3737 3847 3860 3872 3880 3898 3922 3958 3997 4002 4030 4031 4056 4086 4150 4169 4262 4280 4281 4428 4472 4473 4476 4502 4504 4526 4557 4625 4693 4713 4718 4801 4802
65	34	43	8	25 28 39 92 134 143 173 211 232 297 338 372 412 417 488 515 517 541 545 568 643 697 717 726 746 757 829 839 864 918 944 952 1004 1010 1078 1100 1127 1128 1193 1207 1235 1266 1343 1344 1363 1410 1412 1447 1466 1469 1488 1490 1498 1500 1638 1650 1651 1653 1673 1691 1714 1873 1910 1919 1931 1969 2055 2073 2089 2111 2217 2229 2249 2250 2298 2388 2446 2474 2478 2485 2497 2554 2620 2630 2651 2681 2689 2701 2763 2827 2834 2899 2913 2925 3080 3106 3163 3236 3254 3277 3286 3320 3366 3398 3468 3491 3494 3495 3507 3514 3539 3580 3610 3686 3700 3706 3714 3741 3769 3789 3927 3933 3946 3958 3983 4023 4026 4059 4090 4120 4131 4133 4140 4161 4180 4226 4232 4238 4239 4253 4283 4285 4296 4346 4369 4370 4391 4466 4474 4509 4513 4554 4563 4584 4617 4621 4634 4651 4654 4711 4733 4740 4741 4799 4818 4843 4844 4867 4929 4961 4981 4987
91	5	26	6	2 21 68 96 165 178 183 204 247 286 363 397 402 451 467 530 607 631 666 739 760 786 811 952 965 966 975 1114 1235 1254 1264 1269 1312 1337 1359 1437 1524 1539 1551 1568 1585 1623 1709 1749 1776 1798 1831 1858 1871 1894 1895 1961 2099 2111 2172 2184 2223 2235 2246 2274 2286 2316 2362 2363 2371 2393 2434 2466 2472 2488 2511 2596 2604 2628 2637 2651 2654 2713 2715 2809 2818 2825 2848 2856 2932 3008 3048 3050 3079 3095 3119 3188 3212 3272 3286 3319 3324 3339 3392 3416 3494 3517 3549 3552 3562 3574 3648 3698 3740 3758 3916 4044 4062 4195 4257 4297 4311 4402 4438 4439 4483 4528 4582 4597 4621 4666 4685 4689 4800 4815 4835 4879 4892 4953 4998 5000
68	17	1	6	27 102 122 172 187 230 260 305 337 425 459 522 561 588 599 672 681 706 797 941 942 943 951 954 1098 1128 1191 1209 1232 1253 1344 1375 1395 1397 1417 1509 1590 1613 1616 1642 1698 1747 1771 1785 1787 1843 1916 1940 1996 2036 2055 2106 2110 2229 2271 2281 2303 2328 2346 2441 2447 2450 2477 2524 2571 2580 2616 2640 2722 2730 2764 2857 2898 2914 2937 2965 2998 3067 3132 3142 3180 3194 3301 3329 3425 3439 3458 3518 3542 3543 3581 3607 3615 3618 3658 3704 3705 3732 3743 3793 3820 3826 3850 3863 3937 3943 4010 4028 4103 4140 4171 4184 4242 4254 4259 4272 4289 4341 4359 4379 4423 4434 4453 4509 4556 4617 4634 4660 4668 4703 4743 4761 4774 4799 4814 4825 4872 4885 4928 4948 4980
76	6	3	6	112 134 196 261 272 289 302 376 398 401 416 429 440 455 486 500 567 573 574 580 638 648 729 734 782 795 859 964 1023 1024 1044 1077 1082 1096 1140 1179 1308 1319 1339 1358 1388 1409 1470 1486 1599 1643 1679 1699 1722 1759 1781 1784 1802 1910 1932 1934 1943 2027 2151 2173 2207 2309 2358 2361 2379 2417 2421 2460 2462 2487 2609 2635 2706 2723 2736 2782 2803 2807 2822 2858 2892 2904 2925 2928 2929 3011 3016 3070 3242 3255 3345 3360 3379 3422 3462 3477 3510 3526 3575 3590 3630 3679 3730 3819 3824 3831 3839 3896 3940 4001 4126 4185 4198 4206 4296 4348 4395 4396 4422 4478 4479 4494 4548 4576 4578 4632 4679 4723 4732 4763 4798 4808 4832 4883 4946 4979
