Class Times	30
Rooms	40
1	700
2	437
3	420
4	353
5	615
6	514
7	169
8	828
9	791
10	44
11	486
12	688
13	521
14	768
15	631
16	766
17	535
18	716
19	601
20	396
21	880
22	288
23	219
24	486
25	19
26	968
27	691
28	127
29	279
30	291
31	905
32	422
33	180
34	356
35	55
36	770
37	970
38	921
39	599
40	264
Classes	900
Teachers	450
1	81
2	443
3	47
4	432
5	116
6	108
7	418
8	282
9	168
10	307
11	182
12	78
13	181
14	209
15	345
16	447
17	416
18	291
19	262
20	234
21	234
22	135
23	339
24	393
25	127
26	198
27	334
28	342
29	297
30	113
31	109
32	89
33	422
34	426
35	10
36	226
37	209
38	432
39	434
40	290
41	405
42	156
43	8
44	104
45	279
46	194
47	414
48	284
49	206
50	315
51	186
52	76
53	86
54	238
55	141
56	271
57	223
58	265
59	191
60	345
61	275
62	270
63	377
64	111
65	295
66	185
67	269
68	7
69	343
70	56
71	128
72	124
73	60
74	164
75	42
76	303
77	37
78	157
79	67
80	182
81	308
82	374
83	378
84	406
85	43
86	221
87	450
88	143
89	352
90	393
91	381
92	362
93	64
94	289
95	154
96	202
97	216
98	367
99	228
100	376
101	117
102	34
103	237
104	281
105	201
106	434
107	24
108	192
109	128
110	444
111	35
112	266
113	85
114	211
115	367
116	161
117	231
118	161
119	80
120	246
121	313
122	78
123	221
124	32
125	423
126	211
127	31
128	275
129	330
130	17
131	218
132	143
133	291
134	290
135	428
136	394
137	137
138	442
139	326
140	191
141	259
142	139
143	439
144	227
145	241
146	99
147	38
148	375
149	284
150	145
151	369
152	158
153	148
154	407
155	101
156	381
157	94
158	101
159	38
160	364
161	282
162	12
163	96
164	45
165	109
166	380
167	113
168	61
169	232
170	25
171	400
172	445
173	130
174	313
175	244
176	11
177	231
178	335
179	346
180	359
181	362
182	277
183	41
184	125
185	355
186	122
187	375
188	188
189	410
190	403
191	52
192	359
193	439
194	167
195	2
196	192
197	437
198	150
199	252
200	372
201	436
202	239
203	295
204	180
205	248
206	415
207	385
208	133
209	54
210	397
211	343
212	222
213	292
214	286
215	303
216	314
217	119
218	356
219	8
220	102
221	129
222	194
223	195
224	358
225	82
226	315
227	430
228	28
229	377
230	205
231	237
232	413
233	296
234	410
235	139
236	72
237	247
238	263
239	280
240	380
241	115
242	189
243	353
244	26
245	355
246	167
247	185
248	24
249	127
250	156
251	246
252	228
253	374
254	56
255	52
256	198
257	431
258	448
259	308
260	97
261	90
262	412
263	338
264	193
265	97
266	163
267	224
268	287
269	22
270	305
271	177
272	318
273	437
274	77
275	206
276	293
277	445
278	55
279	147
280	33
281	212
282	281
283	70
284	176
285	399
286	202
287	409
288	324
289	263
290	29
291	121
292	292
293	150
294	3
295	41
296	154
297	256
298	371
299	17
300	190
301	145
302	76
303	204
304	415
305	114
306	280
307	236
308	251
309	129
310	319
311	193
312	180
313	239
314	372
315	54
316	406
317	370
318	77
319	46
320	91
321	3
322	232
323	152
324	216
325	250
326	342
327	256
328	62
329	386
330	84
331	335
332	144
333	87
334	382
335	419
336	325
337	53
338	354
339	148
340	301
341	382
342	441
343	341
344	314
345	397
346	320
347	285
348	170
349	422
350	157
351	96
352	260
353	319
354	210
355	279
356	220
357	118
358	131
359	69
360	102
361	37
362	34
363	118
364	337
365	356
366	337
367	300
368	306
369	204
370	27
371	174
372	368
373	329
374	283
375	163
376	88
377	132
378	444
379	247
380	144
381	87
382	126
383	29
384	93
385	312
386	250
387	387
388	265
389	419
390	106
391	346
392	104
393	373
394	53
395	65
396	423
397	323
398	436
399	100
400	21
401	14
402	7
403	2
404	217
405	18
406	187
407	137
408	11
409	324
410	403
411	296
412	75
413	112
414	166
415	352
416	293
417	138
418	49
419	368
420	71
421	417
422	197
423	110
424	235
425	9
426	117
427	430
428	30
429	189
430	73
431	210
432	159
433	278
434	285
435	405
436	325
437	267
438	266
439	379
440	159
441	213
442	399
443	242
444	25
445	158
446	358
447	1
448	170
449	344
450	364
451	298
452	45
453	278
454	31
455	30
456	61
457	212
458	294
459	240
460	92
461	394
462	46
463	21
464	69
465	114
466	10
467	407
468	70
469	400
470	420
471	235
472	245
473	392
474	131
475	83
476	449
477	149
478	27
479	300
480	135
481	304
482	312
483	169
484	44
485	119
486	344
487	443
488	178
489	147
490	66
491	332
492	88
493	428
494	136
495	213
496	86
497	241
498	219
499	141
500	59
501	348
502	330
503	271
504	376
505	223
506	383
507	48
508	441
509	227
510	40
511	51
512	431
513	351
514	222
515	429
516	13
517	92
518	413
519	244
520	383
521	50
522	42
523	341
524	107
525	310
526	19
527	411
528	305
529	408
530	332
531	435
532	396
533	307
534	80
535	255
536	217
537	220
538	310
539	15
540	329
541	106
542	65
543	75
544	274
545	215
546	79
547	390
548	107
549	62
550	326
551	184
552	357
553	242
554	171
555	115
556	309
557	351
558	207
559	63
560	297
561	421
562	173
563	57
564	47
565	99
566	361
567	138
568	328
569	258
570	427
571	175
572	370
573	208
574	243
575	63
576	438
577	93
578	169
579	360
580	142
581	103
582	20
583	264
584	318
585	84
586	94
587	396
588	248
589	152
590	177
591	60
592	333
593	71
594	447
595	340
596	287
597	398
598	385
599	233
600	214
601	267
602	179
603	259
604	240
605	140
606	389
607	229
608	19
609	146
610	311
611	365
612	357
613	398
614	373
615	450
616	197
617	274
618	165
619	304
620	429
621	328
622	369
623	166
624	178
625	205
626	73
627	349
628	176
629	433
630	411
631	199
632	172
633	59
634	361
635	225
636	190
637	57
638	43
639	105
640	255
641	264
642	164
643	116
644	273
645	215
646	317
647	417
648	321
649	172
650	276
651	327
652	320
653	261
654	306
655	72
656	123
657	108
658	409
659	51
660	105
661	379
662	363
663	360
664	20
665	55
666	338
667	134
668	67
669	302
670	183
671	412
672	389
673	442
674	18
675	288
676	262
677	353
678	200
679	302
680	226
681	354
682	58
683	366
684	427
685	261
686	229
687	111
688	160
689	440
690	39
691	283
692	388
693	149
694	142
695	91
696	195
697	44
698	100
699	251
700	90
701	85
702	323
703	272
704	130
705	207
706	199
707	28
708	155
709	230
710	132
711	165
712	49
713	160
714	124
715	339
716	236
717	184
718	268
719	438
720	146
721	179
722	123
723	243
724	35
725	392
726	122
727	276
728	257
729	201
730	269
731	134
732	230
733	120
734	433
735	272
736	435
737	421
738	249
739	334
740	48
741	414
742	15
743	12
744	175
745	200
746	386
747	340
748	68
749	277
750	83
751	14
752	26
753	89
754	252
755	387
756	402
757	188
758	270
759	331
760	133
761	171
762	350
763	155
764	136
765	22
766	103
767	74
768	418
769	402
770	121
771	336
772	404
773	348
774	404
775	253
776	327
777	9
778	64
779	316
780	95
781	366
782	218
783	440
784	140
785	40
786	74
787	317
788	391
789	6
790	401
791	208
792	395
793	371
794	162
795	203
796	378
797	81
798	311
799	16
800	82
801	301
802	424
803	36
804	238
805	350
806	449
807	245
808	288
809	98
810	1
811	225
812	384
813	316
814	321
815	258
816	289
817	233
818	294
819	286
820	363
821	224
822	66
823	13
824	268
825	365
826	333
827	36
828	39
829	95
830	331
831	16
832	299
833	384
834	349
835	23
836	4
837	391
838	249
839	6
840	299
841	187
842	162
843	186
844	33
845	181
846	408
847	174
848	253
849	273
850	183
851	257
852	390
853	416
854	5
855	79
856	336
857	203
858	5
859	125
860	23
861	98
862	120
863	153
864	260
865	153
866	424
867	448
868	214
869	50
870	32
871	446
872	322
873	68
874	425
875	347
876	309
877	254
878	426
879	446
880	173
881	58
882	219
883	388
884	298
885	425
886	395
887	110
888	112
889	196
890	401
891	4
892	347
893	196
894	420
895	168
896	254
897	151
898	126
899	322
900	151
