Class Times	30
Rooms	40
1	325
2	96
3	170
4	555
5	674
6	494
7	471
8	451
9	181
10	814
11	722
12	331
13	741
14	181
15	221
16	537
17	573
18	556
19	154
20	684
21	820
22	65
23	845
24	696
25	308
26	716
27	214
28	98
29	501
30	303
31	121
32	653
33	250
34	435
35	78
36	855
37	786
38	566
39	614
40	186
Classes	900
Teachers	450
1	350
2	332
3	202
4	145
5	283
6	140
7	59
8	63
9	37
10	276
11	99
12	3
13	145
14	270
15	402
16	450
17	157
18	377
19	123
20	255
21	33
22	83
23	50
24	394
25	21
26	170
27	16
28	142
29	14
30	391
31	78
32	5
33	345
34	4
35	181
36	64
37	62
38	63
39	375
40	202
41	5
42	99
43	365
44	232
45	13
46	416
47	380
48	289
49	236
50	421
51	334
52	259
53	31
54	399
55	408
56	261
57	196
58	268
59	136
60	43
61	122
62	34
63	100
64	49
65	219
66	44
67	181
68	236
69	266
70	393
71	264
72	29
73	66
74	318
75	304
76	84
77	206
78	76
79	350
80	385
81	86
82	267
83	231
84	69
85	12
86	156
87	414
88	126
89	308
90	336
91	229
92	109
93	372
94	104
95	272
96	180
97	405
98	103
99	68
100	75
101	387
102	168
103	388
104	204
105	392
106	126
107	365
108	344
109	123
110	80
111	182
112	423
113	307
114	295
115	448
116	410
117	388
118	57
119	115
120	112
121	250
122	287
123	118
124	321
125	257
126	41
127	221
128	154
129	40
130	262
131	233
132	119
133	58
134	23
135	363
136	176
137	297
138	239
139	53
140	160
141	286
142	334
143	270
144	184
145	93
146	165
147	358
148	103
149	303
150	346
151	218
152	163
153	6
154	109
155	234
156	300
157	60
158	175
159	235
160	246
161	76
162	222
163	124
164	206
165	171
166	361
167	423
168	170
169	44
170	54
171	253
172	386
173	7
174	362
175	94
176	174
177	342
178	41
179	43
180	232
181	211
182	402
183	90
184	81
185	50
186	122
187	252
188	301
189	239
190	37
191	337
192	42
193	71
194	329
195	314
196	31
197	246
198	264
199	229
200	197
201	428
202	100
203	294
204	416
205	283
206	252
207	431
208	357
209	79
210	48
211	279
212	255
213	327
214	379
215	297
216	6
217	321
218	117
219	84
220	385
221	149
222	363
223	250
224	160
225	289
226	355
227	22
228	115
229	139
230	2
231	398
232	39
233	342
234	307
235	263
236	161
237	411
238	311
239	371
240	243
241	207
242	282
243	331
244	207
245	438
246	257
247	247
248	13
249	92
250	245
251	249
252	121
253	442
254	47
255	131
256	47
257	294
258	382
259	149
260	386
261	191
262	441
263	77
264	320
265	375
266	280
267	276
268	231
269	280
270	46
271	254
272	344
273	311
274	437
275	155
276	431
277	186
278	316
279	428
280	377
281	320
282	60
283	148
284	139
285	22
286	180
287	179
288	198
289	108
290	343
291	8
292	192
293	8
294	312
295	127
296	406
297	78
298	354
299	242
300	387
301	272
302	2
303	358
304	291
305	118
306	295
307	191
308	135
309	59
310	224
311	315
312	316
313	424
314	223
315	389
316	265
317	371
318	420
319	171
320	418
321	341
322	433
323	226
324	233
325	30
326	74
327	175
328	436
329	278
330	46
331	414
332	134
333	266
334	197
335	66
336	271
337	317
338	337
339	261
340	142
341	144
342	223
343	148
344	87
345	74
346	355
347	240
348	313
349	90
350	28
351	346
352	3
353	52
354	7
355	395
356	379
357	269
358	88
359	433
360	199
361	164
362	65
363	298
364	219
365	14
366	435
367	80
368	419
369	284
370	420
371	179
372	370
373	48
374	312
375	240
376	220
377	112
378	298
379	15
380	17
381	162
382	441
383	327
384	410
385	138
386	281
387	293
388	143
389	450
390	339
391	192
392	449
393	446
394	427
395	230
396	332
397	68
398	354
399	21
400	389
401	16
402	89
403	345
404	165
405	437
406	38
407	443
408	378
409	278
410	151
411	296
412	274
413	374
414	212
415	137
416	347
417	448
418	434
419	372
420	132
421	258
422	185
423	436
424	65
425	35
426	15
427	399
428	162
429	98
430	315
431	42
432	324
433	323
434	154
435	367
436	432
437	32
438	273
439	108
440	81
441	70
442	141
443	96
444	306
445	288
446	23
447	140
448	383
449	194
450	426
451	159
452	269
453	324
454	129
455	329
456	54
457	167
458	67
459	19
460	151
461	260
462	446
463	201
464	432
465	244
466	51
467	92
468	173
469	364
470	326
471	87
472	157
473	199
474	383
475	405
476	143
477	213
478	265
479	205
480	214
481	189
482	12
483	271
484	193
485	435
486	417
487	445
488	62
489	242
490	247
491	356
492	33
493	226
494	195
495	28
496	196
497	442
498	429
499	347
500	152
501	318
502	279
503	225
504	299
505	323
506	57
507	174
508	35
509	364
510	439
511	93
512	25
513	353
514	296
515	340
516	447
517	114
518	281
519	61
520	187
521	187
522	310
523	205
524	449
525	169
526	155
527	412
528	91
529	24
530	25
531	169
532	204
533	224
534	178
535	89
536	400
537	26
538	394
539	322
540	238
541	20
542	94
543	189
544	56
545	220
546	166
547	136
548	284
549	86
550	434
551	326
552	114
553	362
554	39
555	102
556	356
557	310
558	392
559	138
560	184
561	352
562	290
563	177
564	53
565	404
566	254
567	164
568	10
569	336
570	73
571	193
572	201
573	357
574	277
575	96
576	70
577	134
578	217
579	291
580	158
581	243
582	305
583	194
584	107
585	186
586	351
587	234
588	343
589	124
590	348
591	443
592	262
593	302
594	1
595	71
596	214
597	222
598	424
599	113
600	19
601	427
602	260
603	418
604	445
605	237
606	215
607	277
608	17
609	228
610	401
611	253
612	129
613	73
614	391
615	29
616	439
617	411
618	116
619	203
620	267
621	64
622	230
623	208
624	349
625	331
626	447
627	293
628	440
629	384
630	132
631	182
632	209
633	69
634	245
635	111
636	285
637	359
638	398
639	9
640	422
641	373
642	227
643	248
644	195
645	135
646	190
647	300
648	237
649	268
650	241
651	413
652	185
653	208
654	352
655	52
656	390
657	176
658	215
659	51
660	102
661	225
662	67
663	156
664	20
665	408
666	368
667	381
668	209
669	400
670	146
671	335
672	290
673	330
674	382
675	373
676	147
677	210
678	38
679	10
680	406
681	381
682	340
683	88
684	241
685	104
686	221
687	228
688	178
689	301
690	390
691	415
692	303
693	374
694	24
695	152
696	351
697	415
698	130
699	75
700	79
701	190
702	9
703	117
704	309
705	275
706	244
707	359
708	369
709	45
710	360
711	380
712	173
713	146
714	105
715	429
716	36
717	426
718	166
719	314
720	72
721	144
722	168
723	98
724	121
725	1
726	306
727	384
728	322
729	238
730	330
731	328
732	256
733	125
734	248
735	308
736	101
737	341
738	299
739	188
740	203
741	328
742	319
743	285
744	401
745	141
746	325
747	161
748	188
749	407
750	369
751	422
752	200
753	147
754	82
755	259
756	396
757	396
758	137
759	370
760	45
761	183
762	34
763	55
764	49
765	407
766	27
767	333
768	397
769	107
770	218
771	210
772	213
773	397
774	275
775	274
776	30
777	56
778	150
779	97
780	319
781	412
782	119
783	216
784	127
785	105
786	72
787	91
788	353
789	304
790	11
791	368
792	172
793	376
794	216
795	83
796	97
797	309
798	85
799	404
800	211
801	120
802	325
803	409
804	227
805	335
806	4
807	287
808	338
809	286
810	235
811	110
812	338
813	11
814	61
815	133
816	77
817	110
818	130
819	212
820	27
821	82
822	302
823	419
824	18
825	288
826	421
827	361
828	40
829	305
830	251
831	409
832	249
833	200
834	128
835	32
836	106
837	393
838	360
839	438
840	85
841	430
842	273
843	367
844	116
845	125
846	413
847	366
848	444
849	153
850	153
851	128
852	131
853	159
854	133
855	177
856	120
857	18
858	172
859	282
860	425
861	183
862	106
863	395
864	339
865	440
866	313
867	158
868	403
869	366
870	292
871	101
872	425
873	333
874	198
875	349
876	111
877	263
878	150
879	217
880	317
881	55
882	167
883	376
884	403
885	256
886	95
887	348
888	163
889	95
890	113
891	36
892	444
893	378
894	251
895	430
896	26
897	58
898	417
899	292
900	258
