Class Times	30
Rooms	40
1	781
2	522
3	468
4	81
5	295
6	338
7	899
8	147
9	583
10	130
11	838
12	493
13	398
14	217
15	494
16	123
17	347
18	654
19	877
20	597
21	107
22	332
23	800
24	525
25	476
26	559
27	632
28	905
29	118
30	205
31	177
32	164
33	760
34	17
35	335
36	573
37	206
38	328
39	664
40	888
Classes	900
Teachers	450
1	447
2	235
3	105
4	230
5	409
6	401
7	47
8	280
9	196
10	190
11	414
12	217
13	67
14	16
15	5
16	339
17	100
18	67
19	375
20	1
21	430
22	165
23	374
24	71
25	372
26	35
27	220
28	350
29	314
30	340
31	369
32	269
33	36
34	260
35	45
36	260
37	58
38	188
39	413
40	156
41	71
42	158
43	149
44	77
45	207
46	42
47	29
48	320
49	38
50	272
51	219
52	160
53	266
54	359
55	382
56	54
57	33
58	245
59	356
60	384
61	100
62	399
63	332
64	167
65	428
66	354
67	109
68	136
69	147
70	209
71	386
72	317
73	197
74	305
75	172
76	392
77	440
78	36
79	142
80	419
81	126
82	279
83	116
84	292
85	27
86	55
87	299
88	327
89	440
90	155
91	75
92	385
93	24
94	255
95	373
96	407
97	376
98	341
99	370
100	389
101	257
102	211
103	133
104	3
105	200
106	47
107	393
108	168
109	142
110	23
111	48
112	136
113	306
114	239
115	33
116	90
117	220
118	222
119	335
120	119
121	90
122	439
123	5
124	104
125	259
126	249
127	62
128	332
129	1
130	337
131	219
132	391
133	102
134	154
135	377
136	116
137	88
138	427
139	184
140	308
141	50
142	151
143	312
144	88
145	39
146	375
147	92
148	55
149	302
150	75
151	328
152	321
153	35
154	161
155	76
156	317
157	199
158	229
159	156
160	25
161	242
162	89
163	197
164	353
165	135
166	93
167	15
168	225
169	108
170	78
171	282
172	113
173	342
174	80
175	179
176	356
177	258
178	130
179	198
180	397
181	413
182	193
183	17
184	149
185	69
186	377
187	183
188	340
189	228
190	330
191	268
192	170
193	123
194	21
195	25
196	444
197	244
198	14
199	22
200	160
201	263
202	227
203	44
204	108
205	293
206	308
207	396
208	389
209	127
210	446
211	46
212	217
213	390
214	284
215	147
216	171
217	393
218	225
219	291
220	28
221	424
222	314
223	231
224	157
225	402
226	319
227	126
228	301
229	305
230	226
231	81
232	157
233	24
234	214
235	424
236	402
237	39
238	148
239	205
240	287
241	216
242	361
243	150
244	30
245	407
246	138
247	123
248	300
249	264
250	169
251	380
252	267
253	19
254	77
255	216
256	103
257	400
258	42
259	29
260	296
261	447
262	324
263	312
264	339
265	345
266	60
267	145
268	32
269	69
270	190
271	304
272	292
273	239
274	52
275	345
276	264
277	169
278	284
279	218
280	206
281	137
282	46
283	349
284	266
285	21
286	32
287	6
288	53
289	103
290	62
291	400
292	379
293	449
294	180
295	148
296	276
297	72
298	222
299	15
300	228
301	315
302	22
303	289
304	188
305	154
306	131
307	87
308	304
309	404
310	334
311	234
312	229
313	381
314	262
315	17
316	235
317	311
318	20
319	177
320	301
321	170
322	82
323	369
324	198
325	193
326	185
327	403
328	128
329	152
330	419
331	162
332	421
333	112
334	113
335	105
336	34
337	438
338	51
339	316
340	117
341	145
342	211
343	399
344	299
345	438
346	448
347	215
348	315
349	261
350	76
351	254
352	3
353	364
354	143
355	207
356	318
357	391
358	382
359	387
360	274
361	176
362	300
363	257
364	392
365	310
366	110
367	112
368	164
369	395
370	295
371	352
372	422
373	125
374	396
375	441
376	433
377	114
378	423
379	372
380	158
381	64
382	93
383	378
384	384
385	446
386	122
387	135
388	351
389	282
390	37
391	14
392	151
393	270
394	99
395	416
396	162
397	150
398	102
399	168
400	349
401	231
402	252
403	201
404	92
405	448
406	443
407	358
408	359
409	244
410	406
411	212
412	376
413	120
414	351
415	84
416	99
417	124
418	84
419	4
420	253
421	163
422	184
423	206
424	307
425	283
426	37
427	262
428	441
429	422
430	249
431	97
432	68
433	243
434	368
435	408
436	436
437	11
438	122
439	246
440	72
441	353
442	268
443	159
444	176
445	374
446	199
447	233
448	445
449	276
450	240
451	2
452	41
453	106
454	98
455	61
456	433
457	331
458	295
459	16
460	366
461	13
462	269
463	109
464	373
465	4
466	236
467	323
468	218
469	361
470	38
471	265
472	322
473	316
474	125
475	178
476	110
477	194
478	309
479	28
480	30
481	287
482	200
483	163
484	134
485	429
486	341
487	406
488	85
489	405
490	51
491	360
492	251
493	338
494	182
495	181
496	121
497	346
498	83
499	360
500	427
501	306
502	311
503	83
504	204
505	44
506	355
507	404
508	357
509	329
510	140
511	380
512	41
513	401
514	439
515	65
516	52
517	263
518	326
519	189
520	261
521	281
522	335
523	58
524	174
525	281
526	309
527	98
528	74
529	26
530	48
531	8
532	59
533	342
534	179
535	336
536	56
537	230
538	430
539	60
540	326
541	378
542	331
543	330
544	270
545	279
546	82
547	124
548	167
549	208
550	417
551	191
552	418
553	423
554	186
555	130
556	7
557	185
558	387
559	271
560	428
561	368
562	370
563	367
564	247
565	97
566	320
567	178
568	54
569	357
570	241
571	371
572	362
573	175
574	303
575	366
576	273
577	94
578	412
579	265
580	159
581	280
582	191
583	143
584	383
585	241
586	65
587	297
588	8
589	10
590	272
591	165
592	23
593	238
594	221
595	429
596	410
597	96
598	443
599	18
600	415
601	19
602	237
603	436
604	12
605	201
606	286
607	221
608	175
609	328
610	106
611	285
612	420
613	234
614	307
615	226
616	73
617	444
618	194
619	416
620	273
621	94
622	394
623	131
624	303
625	9
626	421
627	432
628	133
629	344
630	232
631	291
632	329
633	81
634	224
635	258
636	91
637	283
638	296
639	117
640	409
641	49
642	435
643	355
644	362
645	242
646	232
647	202
648	204
649	236
650	61
651	237
652	171
653	20
654	174
655	336
656	186
657	86
658	248
659	43
660	350
661	34
662	417
663	134
664	405
665	302
666	390
667	208
668	333
669	6
670	358
671	215
672	442
673	26
674	346
675	49
676	138
677	146
678	310
679	9
680	322
681	177
682	449
683	245
684	95
685	285
686	119
687	86
688	253
689	205
690	432
691	223
692	426
693	365
694	411
695	11
696	367
697	246
698	408
699	137
700	27
701	182
702	324
703	365
704	173
705	259
706	78
707	435
708	425
709	80
710	288
711	286
712	333
713	66
714	434
715	95
716	114
717	155
718	267
719	68
720	398
721	383
722	254
723	289
724	293
725	87
726	107
727	420
728	166
729	414
730	89
731	56
732	101
733	40
734	152
735	118
736	297
737	248
738	288
739	294
740	187
741	139
742	403
743	196
744	50
745	128
746	212
747	101
748	321
749	129
750	394
751	344
752	437
753	129
754	395
755	294
756	144
757	214
758	57
759	164
760	111
761	187
762	445
763	371
764	12
765	120
766	411
767	57
768	195
769	385
770	397
771	210
772	334
773	53
774	318
775	431
776	388
777	127
778	343
779	192
780	271
781	243
782	7
783	104
784	111
785	337
786	274
787	209
788	85
789	73
790	278
791	256
792	418
793	343
794	379
795	107
796	115
797	43
798	255
799	31
800	180
801	381
802	181
803	450
804	434
805	278
806	252
807	172
808	388
809	426
810	18
811	91
812	195
813	347
814	140
815	64
816	13
817	79
818	298
819	10
820	139
821	298
822	2
823	354
824	364
825	59
826	240
827	146
828	173
829	437
830	238
831	256
832	66
833	290
834	161
835	115
836	70
837	323
838	121
839	442
840	412
841	247
842	450
843	415
844	319
845	63
846	203
847	202
848	386
849	118
850	79
851	250
852	227
853	153
854	251
855	144
856	398
857	132
858	431
859	348
860	74
861	352
862	224
863	96
864	290
865	327
866	275
867	410
868	63
869	213
870	277
871	70
872	313
873	347
874	141
875	338
876	45
877	132
878	277
879	153
880	192
881	31
882	363
883	203
884	325
885	325
886	250
887	425
888	275
889	233
890	141
891	40
892	189
893	223
894	363
895	210
896	166
897	213
898	348
899	183
900	313
