Class Times	30
Rooms	40
1	822
2	229
3	334
4	820
5	697
6	309
7	122
8	602
9	602
10	682
11	916
12	945
13	173
14	226
15	550
16	761
17	539
18	920
19	885
20	466
21	452
22	962
23	698
24	975
25	10
26	270
27	125
28	515
29	476
30	672
31	683
32	870
33	706
34	660
35	276
36	331
37	862
38	747
39	650
40	782
Classes	900
Teachers	450
1	120
2	85
3	307
4	397
5	375
6	323
7	68
8	228
9	61
10	426
11	118
12	442
13	222
14	56
15	406
16	10
17	432
18	93
19	42
20	311
21	361
22	89
23	149
24	103
25	217
26	295
27	104
28	355
29	223
30	126
31	142
32	284
33	240
34	149
35	185
36	66
37	142
38	23
39	157
40	325
41	204
42	161
43	162
44	311
45	364
46	158
47	326
48	351
49	255
50	449
51	39
52	424
53	336
54	28
55	216
56	321
57	435
58	251
59	326
60	419
61	429
62	373
63	209
64	263
65	399
66	297
67	211
68	314
69	433
70	268
71	209
72	192
73	201
74	441
75	345
76	197
77	381
78	41
79	26
80	171
81	53
82	52
83	372
84	420
85	80
86	74
87	259
88	295
89	147
90	350
91	444
92	76
93	143
94	160
95	203
96	243
97	48
98	104
99	33
100	358
101	450
102	72
103	61
104	353
105	194
106	207
107	365
108	68
109	307
110	160
111	24
112	420
113	368
114	49
115	219
116	320
117	111
118	197
119	300
120	314
121	231
122	324
123	344
124	6
125	308
126	90
127	434
128	84
129	165
130	419
131	124
132	38
133	404
134	130
135	161
136	69
137	151
138	445
139	365
140	166
141	5
142	109
143	375
144	74
145	427
146	381
147	190
148	77
149	73
150	198
151	88
152	240
153	327
154	106
155	347
156	338
157	263
158	352
159	87
160	257
161	3
162	350
163	352
164	284
165	357
166	16
167	91
168	169
169	320
170	269
171	46
172	191
173	65
174	279
175	368
176	332
177	237
178	162
179	102
180	316
181	247
182	266
183	233
184	328
185	341
186	327
187	46
188	405
189	89
190	435
191	129
192	303
193	113
194	228
195	333
196	349
197	116
198	246
199	17
200	400
201	83
202	293
203	45
204	156
205	151
206	28
207	96
208	438
209	35
210	406
211	42
212	238
213	52
214	124
215	154
216	306
217	254
218	114
219	156
220	338
221	56
222	118
223	440
224	136
225	199
226	237
227	159
228	106
229	254
230	278
231	334
232	13
233	13
234	348
235	374
236	360
237	58
238	159
239	424
240	170
241	373
242	183
243	374
244	290
245	72
246	115
247	97
248	133
249	235
250	336
251	426
252	189
253	366
254	308
255	354
256	167
257	174
258	349
259	78
260	103
261	1
262	83
263	155
264	244
265	273
266	358
267	59
268	289
269	174
270	410
271	317
272	75
273	139
274	275
275	77
276	166
277	310
278	7
279	132
280	88
281	167
282	101
283	15
284	440
285	109
286	428
287	315
288	362
289	415
290	444
291	116
292	85
293	414
294	122
295	409
296	416
297	112
298	363
299	400
300	292
301	392
302	250
303	392
304	148
305	18
306	64
307	50
308	369
309	76
310	436
311	44
312	35
313	47
314	211
315	246
316	182
317	23
318	203
319	399
320	202
321	218
322	153
323	325
324	95
325	33
326	429
327	188
328	210
329	445
330	78
331	171
332	294
333	93
334	182
335	102
336	262
337	135
338	4
339	370
340	433
341	198
342	186
343	432
344	176
345	14
346	366
347	356
348	81
349	97
350	268
351	51
352	113
353	202
354	133
355	430
356	257
357	312
358	139
359	63
360	14
361	364
362	157
363	342
364	438
365	430
366	422
367	344
368	201
369	17
370	236
371	100
372	395
373	73
374	242
375	115
376	51
377	414
378	26
379	370
380	267
381	10
382	361
383	331
384	69
385	378
386	297
387	150
388	244
389	315
390	177
391	81
392	415
393	194
394	236
395	112
396	123
397	105
398	339
399	121
400	437
401	169
402	99
403	285
404	411
405	2
406	126
407	363
408	335
409	125
410	298
411	187
412	290
413	220
414	394
415	339
416	266
417	143
418	389
419	222
420	299
421	75
422	252
423	309
424	62
425	422
426	273
427	318
428	114
429	248
430	283
431	277
432	131
433	195
434	138
435	1
436	398
437	397
438	418
439	135
440	386
441	177
442	188
443	18
444	260
445	193
446	286
447	304
448	179
449	418
450	195
451	225
452	110
453	212
454	305
455	65
456	407
457	183
458	6
459	94
460	291
461	449
462	250
463	110
464	224
465	27
466	275
467	242
468	348
469	262
470	220
471	318
472	141
473	34
474	98
475	302
476	154
477	281
478	50
479	271
480	16
481	153
482	41
483	416
484	146
485	192
486	377
487	155
488	329
489	316
490	386
491	443
492	63
493	107
494	329
495	196
496	193
497	214
498	351
499	66
500	425
501	70
502	36
503	121
504	401
505	189
506	43
507	164
508	369
509	346
510	286
511	288
512	148
513	269
514	409
515	356
516	252
517	310
518	335
519	322
520	322
521	403
522	343
523	359
524	423
525	86
526	391
527	312
528	4
529	175
530	196
531	249
532	19
533	84
534	49
535	294
536	441
537	274
538	283
539	261
540	60
541	439
542	372
543	241
544	229
545	439
546	383
547	355
548	425
549	265
550	158
551	144
552	54
553	388
554	411
555	132
556	146
557	245
558	95
559	98
560	60
561	303
562	100
563	127
564	218
565	384
566	264
567	163
568	421
569	235
570	291
571	357
572	258
573	70
574	296
575	380
576	293
577	136
578	448
579	274
580	285
581	24
582	388
583	333
584	427
585	25
586	101
587	141
588	249
589	217
590	210
591	398
592	213
593	29
594	215
595	317
596	450
597	25
598	185
599	367
600	54
601	123
602	367
603	67
604	165
605	319
606	3
607	353
608	215
609	362
610	387
611	147
612	332
613	226
614	22
615	279
616	230
617	301
618	107
619	280
620	219
621	43
622	443
623	9
624	298
625	401
626	64
627	280
628	31
629	313
630	7
631	127
632	199
633	261
634	134
635	380
636	345
637	27
638	99
639	234
640	37
641	371
642	19
643	55
644	278
645	111
646	238
647	382
648	255
649	282
650	8
651	389
652	22
653	128
654	187
655	281
656	58
657	309
658	248
659	407
660	170
661	87
662	47
663	200
664	36
665	221
666	128
667	91
668	120
669	79
670	434
671	21
672	44
673	304
674	227
675	393
676	271
677	225
678	337
679	208
680	428
681	436
682	37
683	354
684	79
685	190
686	292
687	119
688	117
689	341
690	30
691	117
692	229
693	359
694	67
695	394
696	404
697	175
698	20
699	172
700	45
701	270
702	245
703	226
704	2
705	410
706	144
707	38
708	125
709	431
710	80
711	53
712	247
713	391
714	393
715	15
716	267
717	129
718	186
719	231
720	299
721	330
722	346
723	408
724	96
725	302
726	191
727	181
728	371
729	423
730	108
731	337
732	11
733	92
734	184
735	57
736	321
737	288
738	90
739	31
740	447
741	30
742	179
743	259
744	277
745	384
746	306
747	300
748	378
749	105
750	313
751	276
752	301
753	382
754	39
755	412
756	270
757	48
758	32
759	212
760	176
761	379
762	413
763	32
764	256
765	163
766	205
767	172
768	347
769	214
770	282
771	437
772	180
773	34
774	138
775	29
776	206
777	213
778	403
779	405
780	20
781	223
782	150
783	243
784	208
785	289
786	402
787	140
788	119
789	395
790	396
791	12
792	421
793	55
794	131
795	181
796	108
797	376
798	264
799	331
800	385
801	82
802	40
803	251
804	412
805	224
806	340
807	396
808	180
809	221
810	296
811	253
812	446
813	234
814	342
815	276
816	343
817	173
818	385
819	383
820	232
821	57
822	272
823	360
824	9
825	377
826	178
827	305
828	140
829	122
830	417
831	40
832	145
833	334
834	387
835	379
836	134
837	5
838	207
839	164
840	253
841	390
842	448
843	265
844	145
845	390
846	408
847	319
848	59
849	233
850	206
851	232
852	272
853	417
854	152
855	152
856	184
857	230
858	328
859	376
860	62
861	205
862	21
863	130
864	82
865	340
866	442
867	446
868	71
869	260
870	204
871	413
872	256
873	227
874	402
875	8
876	178
877	239
878	239
879	137
880	92
881	323
882	287
883	241
884	287
885	330
886	200
887	173
888	94
889	447
890	431
891	324
892	258
893	12
894	216
895	86
896	71
897	137
898	11
899	168
900	168
