Course	Room	Teacher	Time	Students
120	6	276	2	11 91 132 159 280 798 932 1194 1347 1614 1643 1767 1859 1934 2085 2176 2225 2374 2378 2577 2694 2745 2768 3129 3146 3282 3492 3581 3746 3762 4015 4411 4478 4801 4934
751	12	446	2	182 199 381 391 403 446 474 590 610 987 1191 1266 1533 1995 2068 2237 2263 2318 2332 2490 2493 2620 2659 2743 2958 3029 3038 3469 3554 3847 4488 4700 4796 4917
62	26	249	2	24 36 305 365 887 917 1223 1309 1388 1390 1668 1839 1904 2350 2409 2440 2680 2731 2848 2901 3157 3413 3443 3574 4113 4207 4340 4608 4655 4706 4805 4910
383	35	387	2	41 52 382 568 747 1116 1199 1462 1617 1633 1635 1649 1756 1898 2034 2160 2256 2427 2464 2485 2639 2667 2842 2986 3297 3832 3866 3933 4010 4143 4677 4951
428	33	428	2	58 236 269 310 432 562 793 853 928 964 1186 1255 1512 1542 1613 1765 1771 1857 2187 2245 3131 3347 3499 3546 3688 4009 4179 4291 4532 4698 4804 4950
779	31	391	2	33 326 1171 1268 1316 1361 1591 1609 1654 1798 1801 2115 2316 2360 2415 2551 2724 2983 3003 3240 3242 3249 3330 3805 3889 4118 4158 4550 4627 4742 4812
818	25	206	2	277 861 1422 1430 1459 2045 2382 2452 2671 2757 2798 2810 3065 3216 3255 3444 3457 3522 3680 3732 3888 3985 4383 4466 4483 4923 4937
860	23	374	2	149 384 551 689 761 1081 1557 1584 2189 2287 2324 2388 2394 2572 2713 3028 3048 3059 3147 3197 3206 3324 3463 3703 4059 4135 4145 4170 4234 4376 4457 4538 4578
604	20	393	2	9 63 160 318 416 673 779 851 908 1036 1122 1185 1187 1264 1392 1627 1696 2075 2079 2153 2940 2985 3266 3351 3439 3714 3845 4227 4259 4431
702	2	227	2	348 466 510 571 692 1071 1447 1539 1676 2164 2227 2432 2451 2548 2747 2952 3329 3415 3541 3654 3678 3823 3958 4047 4077 4090 4186 4643 4651 4756 4816 4897
708	24	243	2	49 303 524 553 823 1180 1244 1286 1346 1582 1883 1885 2418 2526 2943 3124 3162 3232 3572 3884 4017 4191 4211 4395 4432 4455 4512 4772 4784 4888
742	29	183	2	1 312 399 480 481 541 652 679 707 825 896 924 984 1079 1220 1298 1354 1560 1656 1882 2090 2122 2180 2738 3058 3480 4101 4318 4373 4561
791	6	391	4	71 75 216 233 390 510 629 776 1352 1442 1686 1781 1827 1839 1959 2288 2290 2389 2437 2454 2601 2700 2776 3030 3306 3418 3959 3996 4083 4272 4531 4761
404	1	199	2	207 252 671 848 882 885 997 1045 1172 1413 1624 1735 2232 2252 2481 2618 2924 2955 3057 3075 3084 3104 3170 3350 4079 4249 4580 4685 4798 4837 4975
663	37	152	2	3 54 168 324 444 694 1207 1708 1816 1822 1897 1917 2356 2661 2977 3112 3281 3370 3650 3899 3969 3998 4067 4083 4139 4326 4423 4485 4704 4743
845	15	355	2	746 816 826 1219 1576 1657 1787 1957 1991 2226 2236 2311 2358 2434 2779 2859 2885 2923 3009 3043 3116 3361 3434 3483 3531 3602 3629 3723 3725 3979 4225 4308 4650
7	21	65	2	114 247 412 513 617 744 833 1000 1015 1049 1059 1410 1419 1458 1872 1937 1938 2133 2428 2778 2814 2835 2969 3133 4020 4036 4105 4287 4350 4517
59	32	388	2	222 410 447 563 703 1044 1325 1332 1337 1553 1577 1884 2008 2020 2455 2550 2882 3333 3341 3461 3527 3939 4407 4501 4502 4649 4681 4745 4864 4964
156	13	127	2	50 459 766 1066 1101 1267 1321 1440 1764 1924 1992 2257 2561 2988 3105 3176 3180 3217 3253 3325 3677 3763 4117 4331 4447 4588 4867
177	39	198	2	316 350 549 558 613 636 690 957 971 1396 1423 1456 1470 1762 1999 2037 2218 2489 2752 2839 2935 3613 3652 3661 4018 4108 4413 4579 4676
334	28	263	2	90 424 476 483 998 1167 1322 1358 1516 1866 1887 2016 2333 2665 2712 2905 3187 3267 3306 3355 3532 3618 3835 3853 4032 4451 4536
401	16	77	2	46 231 267 352 442 564 572 606 640 700 727 1082 1123 1476 1483 1556 1961 2081 2158 2813 2819 2948 2993 3201 3510 3564 3699 3912 3934 4299
684	34	236	2	569 800 1039 1619 2196 2199 2288 2558 2582 2626 2764 2904 3035 3221 3305 3397 3427 3595 3603 3664 3773 4130 4260 4343 4433 4487 4571 4701 4890
36	8	396	2	292 663 784 836 1114 1592 1994 2128 2147 2290 2633 2635 2684 2921 3015 3123 3478 3544 3576 3607 3634 3651 3922 4296 4454 4529 4596 4618 4974
67	3	10	2	191 605 883 963 1064 1341 1453 1754 2193 2523 2808 2827 2851 2853 2868 3283 3319 3450 3571 3731 3757 4042 4248 4577 4830 4908 4927 4954 4999
137	14	260	2	157 302 620 1013 1151 1680 1712 1968 2392 2437 2445 3013 3098 3250 3313 3797 4053 4160 4196 4243 4307 4398 4467 4535 4763 4873 4885 4892 4979
163	36	155	2	6 74 80 626 655 739 1169 1629 1874 1945 1982 2273 2314 2354 2484 2540 2805 3134 3334 3500 3601 3760 3951 4011 4519 4600 4638 4821
206	22	363	2	294 332 544 906 1020 1276 1563 1638 1813 1833 2167 2816 2869 3165 3183 3189 3245 3765 3821 3865 4165 4365 4542
270	27	420	2	439 672 1019 1062 1248 1747 1841 2088 2349 2359 2448 2459 2611 2630 3093 3505 3614 3801 4034 4192 4332 4410 4471 4759 4786
377	5	208	2	251 258 475 789 916 1096 1154 1421 1481 1602 1641 2012 2313 2475 2500 2553 2557 2693 2770 2908 2994 3357 3621 3817 3881 4002 4056 4127 4399
464	40	395	2	53 221 401 415 863 868 1027 1491 1667 1714 1724 2497 2514 2532 3076 3191 3226 3745 4104 4149 4278 4349 4493 4574 4632 4668 4993
466	9	58	2	276 335 643 974 1057 1300 1608 1820 1878 1950 2376 2645 2682 2809 3143 3179 3363 3453 3504 3526 3556 3573 3590 3659 3854 4285 4366 4773 4803 4871
552	4	163	2	741 750 976 1011 1233 1262 1290 1888 1990 2009 2150 2170 2450 2575 2642 2648 2984 2991 3110 3156 3633 3896 3991 4274 4357 4718 4854
626	11	74	2	86 155 189 547 858 1102 1304 1331 2175 2317 2426 2723 2744 3081 3173 3200 3231 3446 3486 3518 3626 3792 3794 4024 4157 4213 4382 4656 4714
636	7	207	2	68 134 137 142 150 163 850 902 1087 1148 1355 1434 1535 1550 2369 2386 2762 3049 3078 3186 3436 3479 3876 4073 4229 4749 4916 4931 4982
773	18	434	2	128 179 234 422 482 500 545 731 1445 1517 1664 1689 1753 1988 2161 2772 2978 3167 3418 3429 3758 3882 3920 4679 4788 4829
801	12	206	4	44 78 236 599 641 651 872 1090 1222 1229 1439 1441 1501 1734 1759 1809 1858 1944 1953 2286 3134 3779 3840 4093 4133 4143 4371 4482 4554
853	19	372	2	77 309 543 822 991 1041 1047 1210 1503 1520 1532 1640 1672 1943 2018 2152 2253 2470 2491 2619 2866 3085 3119 3477 3534 3653 4281 4448 4510 4663
882	10	219	2	20 238 821 930 946 1297 1469 1487 1793 1931 1972 2038 2211 2414 2581 2704 2929 3356 3591 3772 3818 3843 3901 4156 4247 4445 4460 4755 4819
10	30	130	2	423 512 788 1085 1237 1414 1496 1502 2084 2104 2209 2402 2465 2549 2666 2971 2995 3300 3349 3425 3430 3857 3944 4000 4052 4540 4724
76	17	185	2	83 103 301 451 781 1120 1545 1594 1644 1663 1805 2347 2387
103	38	104	2	151 683 827 1189 1404 1590 1844 1852 1861 1974
224	26	380	4	34 90 468 505 1206 1477 1689 1813 1924 1990 2007 2423 2557 2581 3048 3072 3161 3207 3503 3681 3689 3723 4314 4403 4688 4697 4698 4836 4865
230	35	69	4	284 436 554 575 723 982 1260 1574 1626 1732 1958 2039 2221 2283 2692 2915 3353 3407 3423 3521 3641 3909 4674 4679 4858 4923
273	33	124	4	52 102 164 221 612 750 1068 1115 1194 1299 1473 1611 1723 1737 1997 2102 2119 2310 2447 2478 2608 3042 3090 3299 3321 4090 4180 4522 4540 4939
312	31	314	4	453 671 701 841 918 1265 1453 1514 1563 1601 1712 1721 1979 2059 2099 2261 2277 2695 2757 2926 2959 3178 3188 3359 3812 3896 4070 4138 4341
316	25	403	4	214 243 409 589 876 1382 1404 1780 1889 1894 1900 1964 2050 2269 2329 2336 2338 2357 2707 3262 3461 3614 3617 3746 4058 4210 4378 4900 4949
317	23	303	4	26 27 60 180 394 685 963 1026 1215 1237 1251 1491 1509 1618 1852 1861 2370 2502 2562 2616 2672 3431 3841 4030 4305 4866 4899
322	20	223	4	508 602 724 787 818 945 959 1047 1092 1484 1812 1829 1830 1902 1998 2005 2247 2798 2872 3075 3234 3244 3411 3465 3778 3836 3855 4354 4687 4710
351	2	90	4	37 61 222 316 496 797 815 1002 1077 1789 2100 2109 2386 2565 2652 2774 2834 3007 3101 3120 3206 3729 4239 4520 4860 4863 4942
375	24	292	4	142 293 454 457 501 712 757 958 1321 1485 1607 1864 1911 2107 2641 2726 3031 3133 3229 3310 3314 3399 3557 3642 4267 4456 4510 4639
432	29	199	4	41 55 68 150 538 600 616 649 1003 1087 1462 1530 1637 1731 2118 2473 2669 2691 2705 2819 3066 3425 3524 3724 3833 4115 4571 4749
514	1	51	4	273 361 374 456 504 725 835 882 997 1033 1287 1296 1519 1524 1627 1951 1975 2064 3009 3393 3436 3706 3758 3806 3932 3947 3988 4276 4880
546	37	440	4	59 313 465 718 786 822 931 1048 1089 1207 1425 1786 2093 2377 2379 2628 2927 2973 3103 3305 3432 3438 3733 4053 4707 4721 4876 4914
559	15	86	4	186 280 435 458 580 1100 1134 1281 1421 1518 1585 2033 2097 2416 2519 2779 3010 3024 3087 3235 3491 3509 3569 4116 4357 4398 4528 4748 4811
567	21	144	4	92 503 713 938 996 1034 1285 1309 1370 1420 1503 1579 1604 2076 2084 2147 2300 2850 3038 3261 3673 4420 4429 4585 4590 4716 4774 4976
635	32	400	4	24 40 183 209 315 540 676 736 1119 1191 1475 1550 1564 2053 2199 2578 2600 2677 3041 3139 3375 3430 3561 3914 3945 4104 4683 4857
723	13	375	4	56 218 348 498 783 1037 1258 1312 1551 1592 2035 2110 2218 2521 2555 2573 2727 2825 2830 2871 3142 3166 3542 3570 3919 4025 4175 4346 4987
734	39	30	4	79 203 412 552 653 1472 1573 1646 1688 1799 1810 1859 2101 2323 2349 2375 2637 2644 2662 2866 3968 4245 4258 4286 4325 4572 4791 4884
752	28	256	4	76 116 145 261 484 1384 1571 1728 1834 2140 2183 2348 2374 2421 2584 2685 2699 3763 3792 3889 4044 4230 4327 4669 4850 4882 4895
756	16	288	4	19 804 1118 1182 1324 1674 1678 2090 2468 2859 2887 3108 3319 3550 3634 3716 4220 4406 4539 4567 4615 4686 4696 4769 4792 4807
793	34	272	4	45 330 568 728 871 1488 1590 1769 1798 2072 2226 2728 2788 2981 3019 3074 3300 3360 3529 3760 3769 3935 4038 4095 4350 4477 4813 4967
804	8	358	4	2 404 431 534 624 627 913 1107 1129 1391 1714 1794 1978 2309 2378 2570 2803 2962 3078 3216 3297 3469 3644 3847 4033 4187 4591 4594
875	3	197	4	126 163 414 438 526 1126 1157 1187 1295 1340 1374 1401 1544 1593 1598 1691 1779 2561 2609 2636 2653 2698 3273 3470 3515 3526 4078 4197 4802 4921
20	14	94	4	38 117 260 283 555 693 705 765 806 1050 1117 1554 1867 2153 2295 2308 2417 2841 3119 3260 3848 3918 4034 4094 4099 4264 4651 4902 4957
74	36	168	4	43 229 238 336 372 695 721 934 1431 1811 1885 2201 2276 2491 2703 2837 2864 3157 3343 3344 3885 3955 4172 4186 4218 4463 4652 4803
119	22	239	4	63 332 666 696 962 1012 1057 1201 1269 1931 1992 2004 2206 2393 2492 2513 2526 2675 2876 3107 3420 3803 4004 4461 4558 4723 4765
129	27	281	4	72 98 308 421 672 880 1152 1254 1445 1539 1622 1771 2044 2126 2353 2466 2538 2576 2987 2992 3372 3965 4091 4452 4700 4763 4881
166	5	176	4	139 319 337 561 763 828 1005 1019 1143 1392 1567 2045 2918 3172 3313 3494 3598 3678 3748 3982 4166 4384 4441 4498 4930 4946
169	40	240	4	181 206 1205 1216 1264 1268 1318 1399 1542 1613 1623 1729 2092 2210 2274 2489 2761 2888 2895 3141 3145 3333 3345 3565 4306 4563 4885
171	9	79	4	185 237 556 703 722 844 940 1225 1317 1397 1515 1532 1676 1954 2346 2917 3069 3156 3203 3318 3424 4075 4304 4509 4667 4729 4843
275	4	212	4	138 279 322 1326 1359 1437 1589 1921 1989 2024 2041 2178 2495 2913 2922 3404 3445 3672 4032 4249 4428 4602 4833
280	11	278	4	176 200 247 249 294 307 509 775 899 1179 1849 1948 2051 2080 2258 2486 2594 2944 3205 3448 3466 3609 3881 4177 4222 4815 4908 4951
307	7	24	4	254 992 1284 1356 1667 1918 2026 2326 2627 2634 3097 3187 3562 3872 3894 3900 3951 3995 4536 4662 4855 4927
325	18	37	4	54 192 376 563 630 683 737 1414 1451 1610 1824 1840 2042 2385 2415 2507 3046 3100 3302 3475 3536 3866 4492 4559 4818
347	19	56	4	17 169 244 267 605 647 829 985 1250 1398 2197 2301 2475 2539 2667 2711 2795 2836 3220 3696 3946 4226 4321 4619
353	10	284	4	416 601 819 873 909 1056 1190 1696 1730 2212 2337 2735 2812 3248 3361 3753 3762 3851 4048 4377 4545 4581 4614 4823 4883 4897
362	30	295	4	143 266 342 1365 1367 1452 1512 1741 2116 2181 2186 2500 2503 2668 3180 3211 3346 3383 3809 3820 3908 4010 4085 4101 4496 4546 4732 4909
433	17	426	4	10 111 452 489 675 960 1083 1149 1773 2248 2460 2832 2950
564	38	280	4	213 369 842 877 886 988 1353 1636 1706 1828
594	6	311	6	27 161 203 278 305 373 465 469 533 550 746 792 922 927 1167 1855 2307 2497 3544 3587 3595 3818 4055 4480 4568 4702 4796
611	12	134	6	532 548 595 856 1066 1110 1150 1261 1509 1668 1793 1952 2034 2173 2738 2782 2930 2959 3122 3235 3357 3686 3785 3792 3851 3888 4387 4676
645	26	86	6	205 733 1032 1104 1302 1449 1615 1626 1754 1953 2197 2265 2294 2724 2736 2911 3265 3380 3566 3576 3895 4045 4088 4280 4345 4682 4847
680	35	26	6	23 57 187 525 721 944 1007 1015 1050 1635 1711 2019 2505 2921 3352 3445 3548 3701 3902 3983 4109 4165 4171 4639
688	33	324	6	98 211 429 520 566 574 818 845 996 1638 1661 1831 1846 1938 2169 2330 2455 2552 3149 3466 3614 3782 3976 4430 4449 4835 5000
769	31	80	6	22 70 262 313 506 546 571 836 1119 1208 1769 1824 1933 1947 2390 2749 3004 3164 3358 3852 3885 3904 4026 4217 4747 4772 4979
819	25	247	6	3 268 334 381 402 770 987 1373 1757 1773 1978 2108 2196 2923 2993 3081 3691 3808 4097 4172 4257 4313 4425 4444 4458 4559 4633
830	23	232	6	4 163 617 698 993 1204 1241 1745 1821 2546 2688 2976 3001 3023 3252 3761 3789 3920 3967 3978 4126 4659 4674 4727 4863 4988 4993
832	20	20	6	298 667 1084 1206 1218 1447 1703 1710 1712 1847 2245 2602 2609 3236 3389 4281 4320 4407 4461 4481 4573 4653 4668 4739 4797
861	2	294	6	1046 1143 1355 1402 1487 1697 1837 2439 2536 2564 2970 3005 3022 3087 3172 3870 3996 4002 4140 4423 4525 4645 4811 4904 4916 4996
871	24	430	6	222 297 407 625 676 803 1219 1679 2004 2213 2240 2600 2928 2954 3065 3401 3537 3663 3946 3974 4009 4381 4509 4713
873	6	430	8	77 167 542 894 975 1179 1303 1357 1380 1470 1529 1641 1772 2205 2244 2385 2698 2818 3102 3471 3486 3639 4129 4162 4397 4472 4669 4719
884	29	180	6	2 25 40 169 242 764 1034 1043 1103 1105 1500 1551 1902 2054 2190 2590 2605 2612 3306 3433 3451 3961 4073 4417 4547 4616 4981 4991
1	1	212	6	423 504 511 905 1198 1311 1348 1760 1822 2198 2239 2359 2451 2906 2910 2941 3069 3279 3284 3723 3843 3853 3857 3867 4039 4253 4588 4971
32	37	205	6	303 488 670 805 1381 1414 1462 1543 1691 1748 1811 1868 2089 2266 3070 3182 3205 3517 3575 3636 3646 3729 3865 4161 4635 4638 4836
37	15	228	6	243 340 477 490 561 577 723 953 986 1189 1199 1290 1398 1633 1751 2391 2482 2498 2790 3080 3123 3408 3631 4013 4642
85	21	412	6	274 585 757 1060 1367 1586 2025 2379 2466 2737 2963 3055 3138 3348 3528 3610 3738 3802 4035 4080 4136 4284 4575 4629 4798
104	32	57	6	422 591 659 921 1909 2066 2083 2135 2322 2765 2835 2856 3030 3092 3178 3255 3278 3340 3513 3712 3915 3966 4040 4155 4380 4499 4984
125	13	389	6	127 198 458 883 929 967 1364 1433 1460 1541 1800 1843 2111 2217 2950 3589 3672 3846 3862 3872 4038 4206 4209 4464 4792 4795
188	39	2	6	583 615 743 900 976 1307 1401 1435 1663 1807 1988 2227 2450 2522 3041 3440 3581 3648 3901 4036 4180 4384 4451 4560 4825 4861 4994
218	28	239	6	66 259 325 716 752 784 1012 1063 1236 1285 1343 1368 1761 2037 2195 2352 2647 2791 2938 3108 3623 3811 4051 4541 4663 4968
242	16	289	6	119 283 411 489 907 919 1041 1562 1992 2106 2293 2396 2422 2596 2716 2793 2836 2852 2973 3103 3541 3679 3894 4538 4692 4771 4813
265	34	390	6	140 197 315 472 480 677 722 1053 1305 1406 1688 1927 2335 2443 2846 2897 3021 3167 3430 3756 3788 4182 4204 4344 4418 4613
271	8	398	6	69 123 218 392 682 941 1055 1247 1458 1463 1511 2097 2120 2192 2730 3017 3047 3559 3683 3780 3979 4043 4123 4396 4850 4870
277	3	329	6	46 857 916 1030 1223 1431 1434 1456 1987 2157 2338 2381 2743 2751 3027 3200 3427 3715 4121 4174 4187 4296 4400 4406 4625
281	14	278	6	118 935 939 974 1051 1464 1513 1519 1524 1911 2446 2449 2460 2620 2955 3009 3269 3428 3630 3942 4005 4046 4173 4612 4808
293	36	18	6	437 754 1102 1128 1457 1682 1685 1851 2138 2387 2421 2818 2884 2932 3044 3393 3543 3743 4033 4371 4473 4479 4741 4883 4901
381	22	350	6	307 382 631 772 780 1296 1627 1687 1772 1995 2014 2016 2525 2689 2764 2773 3353 3555 4237 4436 4439 4470 4807
456	27	447	6	656 663 989 997 1039 1201 1332 1399 1681 1762 1993 2029 2100 2193 2459 2734 2860 3299 3311 4266 4694 4845 4857
487	5	61	6	65 181 549 1293 1350 1578 1587 1608 1655 2032 2039 2131 2444 2463 2561 2625 2735 2769 3173 3228 3388 3601 3736 3779 3950 4152 4228
489	40	354	6	109 193 507 581 588 692 1226 1230 1559 1829 1856 2320 2341 2582 3090 3126 3152 3170 3481 3708 4236 4340 4440 4695 4728 4762 4849
510	9	204	6	101 593 739 998 1584 1589 1976 2060 2274 2291 2429 2567 2580 2622 2665 2711 2725 2759 3256 3502 3685 3705 3797 3937 4501 4557
532	4	108	6	232 378 426 1190 1605 1670 1783 1949 1963 2082 2098 2231 2569 2767 3320 3626 3727 3800 3914 4273 4424 4562 4563 4746 4777 4826 4903
562	11	299	6	158 361 774 809 1220 1345 1565 1642 1782 2337 2389 2472 2493 2638 2762 2784 2965 2994 3036 3052 3768 4556 4838
612	7	298	6	589 621 758 886 1133 1441 1474 1631 1912 1967 2158 2163 2235 2280 2770 2826 2859 2998 3011 3013 3251 3309 3467 3529 3703 3784 4766 4778
632	18	449	6	359 385 515 679 820 1278 1517 1667 1895 2077 2186 2282 2717 3349 3421 3468 3678 3892 4082 4110 4327 4354 4363 4471 4627
660	19	39	6	281 484 635 725 1071 1334 1468 1652 1713 1750 1939 2001 2052 2177 2712 2715 3150 3303 3355 3483 3586 3897 4454 4474 4591 4869 4928 4967
710	10	214	6	21 134 137 351 742 749 782 879 1121 1181 1242 1518 2221 2283 2311 2804 3193 3364 3666 3732 3735 4166 4207 4552 4715 4982
749	30	48	6	139 368 711 793 817 1327 1695 1732 2116 2400 2477 2478 2492 2592 2806 2816 2957 3312 3599 3662 4263 4282 4657 4776 4941
794	17	347	6	592 688 718 808 828 911 1267 1363 1409 1498 1625 1791 1915
809	38	219	6	84 223 912 1154 1375 1432 1485 1544 1651 1797
813	12	132	8	155 412 782 875 915 990 1723 1739 1758 1866 1925 2476 2645 2776 2982 3049 3098 3136 3193 3381 3542 3649 3731 4125 4572 4898 4991
863	26	107	8	92 105 180 333 838 887 995 1392 1524 1531 2444 2480 2526 2530 3147 3190 3242 3247 3751 3773 3896 4078 4381 4429 4779 4943
864	35	7	8	117 192 210 580 983 1427 1527 1601 1670 1818 2159 3035 3091 3249 3611 3755 3897 4266 4275 4277 4403 4486 4708 4813 4875
895	33	139	8	206 216 234 420 1103 1320 1571 1820 1942 1986 2191 2260 2866 2887 2900 3130 3155 3312 3553 4231 4368 4466 4542 4562 4635 4819 4906
4	31	416	8	200 597 802 888 926 1337 1736 2317 2409 2441 2488 2657 2967 2971 2988 3105 3545 3583 3788 3939 3954 4179 4246 4726 4799 4896
5	25	177	8	146 286 1124 1208 1248 1479 1547 1826 1956 2007 2025 2042 2289 2433 2578 2899 2949 3082 3612 4051 4053 4544 4747 4912
27	23	320	8	126 179 306 311 538 890 954 1265 1310 1797 1856 2275 2487 2616 3208 3243 4346 4374 4385 4422 4443 4568 4570 4581 4594 4742
110	20	244	8	26 247 718 882 1011 1335 1351 1836 1968 1992 2777 2916 3028 3223 3298 3304 3458 3638 3718 4199 4201 4415 4547 4632
133	2	386	8	362 395 463 562 635 684 773 905 979 1402 1575 1681 1715 1748 1850 2146 2822 2963 3138 3277 3279 3286 4096 4625 4664
140	24	406	8	262 305 896 936 941 958 980 1100 1211 1457 1677 2744 3179 3212 3301 3494 3543 3817 4069 4192 4278 4673 4710 4820
160	29	342	8	89 406 518 808 1020 1766 1833 1842 1971 2116 2242 2354 2408 2429 2485 2615 2687 2788 2793 3076 3194 3399 3774 4134 4648
191	1	145	8	447 493 565 617 865 889 960 1061 1180 1238 1275 1288 1406 1596 2419 2482 2606 3280 3344 3408 3654 3778 4265 4438 4506 4705 4919
240	37	110	8	255 900 967 1104 1254 1373 1598 1649 1908 2432 2594 2934 3101 3204 3945 4091 4092 4114 4183 4452 4515 4606 4812
261	15	188	8	828 843 919 1105 1125 1247 1520 1618 1673 2112 2187 2330 2486 3067 3083 3085 3166 3221 4127 4261 4272 4691 4720 4861 4940
287	21	73	8	30 109 327 424 935 1400 1499 1665 1860 1947 2071 2185 2345 2346 2411 2675 2791 3165 3368 3527 3889 3913 4184 4390 4493
300	32	407	8	178 335 491 621 661 978 1663 1897 1901 2458 2471 2719 2786 2798 2964 3128 3496 3576 3806 4103 4437 4599 4678 4814
327	13	331	8	154 275 339 540 1156 1241 1645 1775 1806 1979 2184 2496 2500 2767 2828 2920 3251 3470 3586 3721 3936 3977 4018 4610 4692 4870 4977
367	39	411	8	17 161 282 497 584 1047 1217 1339 1507 1619 1752 1802 1954 2095 2268 2270 2457 2532 2879 3477 3667 3885 4074 4075 4215 4465 4539
370	28	378	8	264 569 717 814 1387 1493 1835 1878 2871 3173 3443 3460 3467 3676 3810 3814 4008 4259 4428 4448 4707 4762 4939
382	16	175	8	66 201 578 671 846 1079 1135 1700 2070 2113 2232 2390 2643 2759 2907 3026 3079 3174 3182 3629 3842 4095 4108 4245 4337 4434
403	34	46	8	62 100 261 346 430 592 1017 1018 1657 1760 1817 2067 2706 3021 3090 3154 3311 3317 3552 3767 3783 3951 4004 4005 4155 4289 4878
415	8	147	8	36 460 513 698 763 1051 1609 1743 1796 2299 2320 2541 2548 2678 2708 2722 3152 3160 3348 3616 3908 4300 4377 4877 4926
425	3	338	8	61 560 634 674 816 1110 1168 1192 1709 1783 1814 1921 1997 2008 2239 2339 2838 3054 3557 3623 3989 4159 4224 4317 4558 4983
470	14	134	8	82 251 393 623 667 809 834 917 1272 1343 2005 2010 2097 2248 2312 2396 2512 2741 2811 3195 3324 3811 3838 4298 4383
472	36	341	8	23 745 1319 1774 1784 2090 2166 2208 2338 2787 2794 2803 2845 3271 3397 3572 3720 3904 3910 3988 4101 4194 4195 4583 4633 4913
550	22	264	8	197 612 695 716 765 902 952 1370 1648 1746 1964 2075 2078 2088 2148 2539 2619 2742 2994 3777 3873 3981 3994 3999 4189 4463 4636
656	27	231	8	71 85 495 676 851 858 898 1067 1313 1443 1883 2029 2117 2304 2391 2639 3118 3340 3507 3723 4204 4514 4543 4604 4675 4960
686	5	379	8	371 794 1138 1243 1266 1297 1324 1391 1533 1773 1940 2246 2259 3233 3358 3385 3405 3511 3823 3911 4267 4336 4775 4858
695	40	417	8	544 555 1064 1084 1409 1546 1640 1768 1951 2230 2358 2431 2574 2717 2740 2892 3052 3099 3352 4066 4233 4264 4458 4507
737	9	63	8	20 173 471 1006 1183 1379 1504 1506 2058 2126 2171 2445 2509 2517 2953 3244 3518 3771 3916 4083 4193 4210 4364 4617 4683 4954
748	4	427	8	113 299 347 364 644 711 789 860 977 1315 1423 2048 2229 2382 2543 2747 2958 3112 3224 3645 3906 4001 4038 4802 4965
789	11	373	8	16 120 159 485 575 1308 1314 1353 1590 1770 2182 2481 2663 3001 3016 3025 3111 3255 3362 3585 3958 4105 4284 4884
807	7	225	8	43 477 482 746 1212 1263 1326 1403 1415 1482 1777 2250 2623 2825 3127 3245 3302 3396 3577 3922 4141 4206 4621 4662 4833 4947
814	18	372	8	405 440 464 595 907 1041 1108 1113 1581 1755 1862 1869 1892 2006 2087 2175 2881 2918 2945 3686 3804 3917 3974 4056 4187 4872
835	19	44	8	14 194 233 541 771 1092 1377 1744 1779 1829 2103 2478 2533 2797 2807 2854 3376 3594 3636 3985 3992 4154 4790
847	10	54	8	162 548 586 921 992 1007 1043 1062 1153 1301 1899 2613 2631 2707 2785 3365 3377 3416 3588 3670 3684 3787 3827 4485 4908
849	6	107	10	27 157 383 1285 1441 1814 1876 1991 2249 2562 2593 2721 2823 2848 2853 3404 3495 3524 4041 4082 4111 4149 4347 4862 4917
859	30	99	8	352 429 546 702 901 910 1045 1332 1383 1534 1950 2720 2984 3132 3264 3402 3498 3881 4145 4269 4473 4600 4797
867	17	271	8	215 545 647 715 757 1130 1151 1196 1565 1599 1600 1735 1759
881	38	424	8	336 338 675 803 994 1003 1099 1855 1905 2056
893	12	53	10	88 114 341 442 503 669 812 876 999 1049 1235 1555 1777 1996 2046 2652 2807 3045 3163 3932 3982 4005 4536 4812 4899
899	26	429	10	60 487 525 645 1232 2061 2308 2310 2493 2564 2605 3386 3536 3555 3741 4104 4239 4265 4492 4556 4734 4789 4911 4951
46	35	444	10	698 829 888 1068 1366 1583 1976 2599 3379 3423 3580 3851 3938 3968 4052 4392 4405 4736 4762 4820 4883 4986
50	33	82	10	201 461 856 935 1428 1487 1532 1560 1757 1844 1941 2137 2407 2517 2980 3114 3248 3255 3258 3726 4222 4305 4429 4642 4689
58	31	422	10	318 375 472 520 606 974 1105 1169 1407 1980 2263 2324 2391 2456 2527 3054 3098 3125 3361 3650 3731 4301
69	25	309	10	171 294 596 675 830 1266 1534 1745 1836 2053 2795 2821 2911 3071 3482 3587 3819 4012 4123 4241 4261 4503 4511 4722
111	23	171	10	48 258 817 930 990 1291 1599 1872 2579 2643 2657 2958 3130 3236 3377 3384 3454 3559 4065 4072 4257 4369 4444 4957
136	20	11	10	33 490 659 713 1184 1234 1243 1283 2095 2219 2270 3091 3633 3765 3769 4055 4074 4267 4397 4650 4797 4824 4882
152	2	267	10	21 374 403 476 620 831 920 1046 1160 1476 1752 1796 1890 2423 2838 3214 3320 3337 4116 4318 4462 4626 4783
194	24	437	10	108 353 1143 1210 1261 1588 1634 1951 1954 2123 2233 2334 2361 2367 2437 2471 2595 2836 3514 3624 3738 3896 4552 4998
216	29	295	10	271 470 1278 1543 1564 1656 1768 1848 1925 1971 2089 2375 2555 2568 2874 2906 3106 3135 3504 3827 4006 4030 4088 4389 4401 4699
234	1	68	10	178 194 281 454 493 1034 1126 1311 1380 2230 2364 2370 2691 2707 3273 3411 3446 3490 3992 4208 4361 4386 4841 4848
274	37	356	10	84 523 939 1454 1700 1778 1787 1915 2105 2572 2632 2839 2974 3196 3278 3477 3672 3849 3965 4103 4124 4133 4966
315	15	342	10	131 191 306 342 419 913 1300 1346 1457 1497 1628 1699 1868 2098 2177 3262 3284 3727 3891 3906 3909 3934 3960 4313 4851 4918
320	21	291	10	69 363 538 863 1083 1151 1246 1453 1510 1982 2207 2321 2633 2727 3073 3093 3109 3126 3322 3373 3531 4419 4576 4778
333	32	332	10	28 162 285 345 444 566 914 1423 1867 2214 2436 2508 2768 3218 3339 3625 4043 4134 4146 4240 4308 4359 4384 4880 4995
379	13	14	10	202 304 557 1122 1222 1356 1677 1765 1860 1870 2075 2289 2909 3137 3166 3604 3697 3830 4036 4112 4375 4393 4707 4827 4889
380	39	383	10	734 1018 1267 1891 2015 2103 2121 2201 2311 2516 2520 2876 3253 3406 3421 3551 3600 3673 3935 4182 4183 4216 4245 4647
412	28	106	10	79 87 255 627 756 931 1212 1569 2259 2454 2461 2878 3232 3395 3635 3743 3941 4024 4068 4366 4643 4658 4720 4739
424	16	280	10	140 325 599 714 842 1058 1427 1466 1679 2051 2552 2694 2868 3096 3177 3208 3804 3861 4107 4199 4517 4632 4817 4941 4960
453	34	316	10	19 385 427 435 607 715 1052 1258 1303 1412 2285 2518 2637 2733 2999 3329 3562 3572 3722 3803 3899 4164 4320 4446 4464
465	8	209	10	72 236 296 358 509 537 864 985 1019 1031 1124 1170 1233 1365 1470 1475 1558 1734 2381 2561 3048 3081 3122 3882 4093 4980
482	6	267	12	5 365 636 1429 1694 1955 1987 1999 2057 2302 2336 2954 3220 3531 3539 3789 4161 4204 4733 4740 4761 4878 4988 4993
488	3	443	10	277 357 492 1078 1341 1374 1521 1631 1883 2064 2113 2412 2469 2575 2580 3243 3374 3576 3664 3687 3699 3848 3853 4159
534	14	85	10	215 519 630 1313 1673 1861 1936 2033 2213 2623 2656 2857 2944 2993 3139 3223 3252 3657 3694 4119 4256 4328 4711 4728
570	36	187	10	167 453 801 1506 1998 2087 2248 2292 2323 2486 2574 3084 3169 3431 3517 3721 3795 3801 4122 4178 4188 4196 4416 4481 4801
613	22	376	10	141 170 628 780 982 1381 1429 1937 2049 2745 3026 3249 3298 3501 3660 3957 4211 4236 4356 4490 4628 4657 4706 4745
625	27	184	10	198 421 494 575 1023 1537 1556 1657 1683 1821 1833 1994 2266 2316 2772 2826 2948 2982 3277 3553 3597 3718 3828 4611 4627 4748
628	5	128	10	55 113 618 638 942 1403 1597 1609 1832 1967 1969 2216 2395 2439 2541 2654 2811 2828 3141 4174 4193 4226 4431 4515 4897 4950
640	40	44	10	1 158 768 783 936 1005 1092 1172 1238 1866 1884 2309 2494 2715 2756 2895 2900 3046 3265 3414 3456 3663 3989 4852 4958
652	9	343	10	153 377 658 1073 1121 1284 1302 1305 1536 1596 2130 2246 2287 2431 3037 3222 3332 3798 3813 3984 3987 4084 4106 4200 4808
670	12	187	12	448 1223 1335 1681 1747 1766 1831 2056 2066 2506 2806 2908 3050 3071 3455 3474 3483 3806 4013 4178 4350 4374 4540 4548 4703 4985
674	4	302	10	346 389 720 821 1245 1348 1646 1827 1918 2011 2043 2124 2521 2779 2810 2903 3068 3301 3584 4744 4764 4800 4898
677	11	353	10	105 855 860 1012 1137 1164 1177 1436 1480 1694 1775 1830 2413 2762 2937 3006 3484 3637 3752 3811 4516 4723 4896
678	7	247	10	433 731 777 1072 1208 1271 1292 1570 1834 2067 2225 2327 2427 2893 2894 3094 3198 3336 3599 3878 3894 4060 4497
689	18	439	10	47 356 648 687 834 912 1435 1620 1933 1952 2165 2206 2265 2677 2763 3066 3179 3979 4521 4712 4752 4777 4839
704	19	42	10	121 416 560 616 710 728 869 1117 1418 1507 1584 1729 2088 2410 2659 2976 3207 3347 3589 3824 4879 4990
706	10	303	10	207 539 711 865 994 1316 1616 1842 2012 2161 2710 3012 3290 3369 3372 3485 3505 3540 3568 4011 4215 4459 4533 4944
713	30	117	10	11 32 418 488 742 877 957 1926 2185 2299 2393 2650 2687 2699 3078 3176 3450 3472 3557 3648 3719 3958 4525 4530 4823 4838
730	17	335	10	394 702 1461 2204 2275 2531 2658 3060 3420 3480 3502 3521 3534
762	38	263	10	227 373 649 667 729 738 1424 1451 1804 1903
766	26	379	12	432 462 838 1307 1613 1654 1863 2216 2379 2607 2664 2665 2773 2783 2881 3549 3642 3931 4037 4134 4274 4360 4705 4766 4773
776	35	45	12	433 518 735 827 926 1040 1242 1667 1684 2245 2293 2348 2551 2560 2598 2618 2626 3316 3470 3721 3774 3949 4389 4925
784	33	422	12	110 128 149 583 880 988 1240 1514 1522 1572 1907 2019 2392 2406 2411 2458 2716 3732 3741 4283 4413 4696 4725 4752 4998
806	31	351	12	85 138 248 388 483 523 758 1072 1084 1205 1598 1763 1924 1995 2362 3201 3298 3432 3450 3610 3815 3900 4533 4565 4953
812	25	22	12	321 893 1010 1320 1633 1666 1932 2209 2247 2373 2731 2907 3011 3083 3218 3224 3457 3950 3981 4132 4244 4294 4671 4886 4940
817	23	105	12	10 22 256 473 1174 1221 1317 1535 1905 2025 2100 2322 2439 2528 2730 2896 3082 3702 3938 3958 4280 4331 4488 4489 4598 4918
892	20	197	12	397 553 947 1004 1204 1778 1889 2097 2264 2318 2331 2366 2545 2880 2903 3093 3362 3365 3673 3689 3821 4188 4853 4877
23	2	181	12	272 1027 1110 1593 1790 1865 1916 2092 2117 2241 2355 2390 2501 2693 2856 2977 3064 3100 3392 3448 3612 3714 4119 4774
34	24	179	12	121 639 1175 1622 1985 2034 2421 2487 2492 2574 2608 2736 2774 2891 3271 3272 3335 3632 3725 3734 3874 4045 4180 4869
41	29	255	12	93 157 351 458 520 527 970 1036 1049 1087 1440 2273 2559 2643 2647 2972 3017 4620 4662 4692 4943
63	1	450	12	140 326 662 691 951 1107 1580 1597 1689 1853 1894 1959 2258 2367 2686 3002 3047 3279 3514 3783 4011
66	37	216	12	358 444 998 1190 1465 1761 2340 2625 2727 2857 3001 3026 3174 3286 3321 3506 3728 3928 4084 4251 4682 4754 4889 5000
77	15	327	12	11 471 818 1075 1195 1994 2021 2469 2549 2712 3034 3136 3412 3655 3797 4456 4527 4623 4736 4810 4846 4883 4898
82	21	251	12	39 430 466 524 547 569 619 740 810 1361 1469 1549 1563 1630 1803 2229 3032 3294 3653 3770 3903 4628
83	32	286	12	38 227 567 853 857 1638 1675 1809 1861 2129 2197 2399 2685 2775 2950 2960 3080 3247 3252 3421 3913 4000 4093 4422
95	13	67	12	120 382 667 968 985 1000 1408 1467 1489 1547 1960 2036 2119 2135 2474 2778 3123 3366 3724 3742 3781 4042 4172 4508
100	39	265	12	823 852 896 1021 1035 1387 1610 1858 2093 2193 2284 2418 2718 2818 3109 3190 3277 3583 4070 4142 4405 4553 4769 4784
118	28	431	12	343 451 502 564 645 786 894 1319 1697 1776 1891 2006 2015 2251 2529 2543 3223 3688 3846 3870 3969 4446 4506 4912
121	16	248	12	132 389 449 602 820 1134 1170 1273 1275 1611 1619 1984 2463 2538 2769 3256 3422 3570 3867 4332 4370 4502 4785
126	34	445	12	426 537 824 902 925 961 1088 1333 1721 1966 1986 1989 2361 2472 2627 2653 2672 2817 2890 2939 3070 3356 4123 4549 4726
130	8	164	12	19 160 192 331 755 1076 1094 1185 1220 1327 1612 1837 2486 2537 2697 2894 3386 3987 4569 4571 4924 4928 4975
172	3	301	12	69 235 285 1168 1707 1817 2254 2863 3187 3296 3363 3503 3684 3754 3929 4016 4158 4690 4697 4724 4970
174	14	326	12	124 188 201 334 413 435 764 1017 1444 1545 2899 3091 3241 3248 3253 3540 3569 3668 3970 4301 4544 4729 4803 4976 4980
179	36	93	12	13 136 196 241 328 778 1068 1602 1737 1941 1974 2442 3057 3254 4227 4292 4390 4487 4786 4888 4948 4956 4962
180	22	242	12	129 341 491 594 607 608 684 711 1269 1523 1708 1883 1909 2213 3522 3580 3595 4144 4215 4285 4328 4647 4881
184	27	9	12	57 101 470 658 697 873 897 1390 1647 1756 1981 2141 2785 3213 3259 3326 3332 3390 4127 4330 4371 4478
186	5	299	12	18 171 519 555 845 1082 1216 1280 1585 1701 2329 3145 3268 3517 3765 3799 3883 4003 4141 4353 4567 4709 4809
189	40	157	12	263 396 704 908 1067 1229 1236 1352 1403 1406 1743 1979 2287 2343 2715 2882 3214 3541 3759 3827 3899 4483 4534 4572
213	9	171	12	37 226 240 560 955 1060 1097 1799 1930 2080 2095 2172 2244 2261 2709 3008 3044 3184 3270 3327 3518 3601 4255 4419 4996
219	4	63	12	174 183 673 1705 1892 2325 2969 3053 3056 3257 3374 3525 3647 3974 3999 4329 4338 4416 4459 4517 4687 4710 4965
221	11	436	12	62 119 497 722 844 888 1699 1825 1996 2155 2277 2649 2739 3069 3162 3216 3542 4214 4408 4442 4779 4876 4997
228	7	413	12	105 245 597 654 700 1032 1132 1731 2069 2179 2386 2522 2544 2583 3922 4500 4566 4630 4654 4875
238	18	320	12	60 677 713 1048 1239 1407 1702 1723 1870 2009 2046 2195 2658 3045 3159 3299 3538 3709 3902 4402 4880 4902
298	19	198	12	99 175 551 798 859 920 1711 1716 1900 1913 1961 2047 2194 2535 2542 2958 4047 4063 4163 4339 4444 4491 4504 4515
329	10	96	12	374 517 688 847 966 1016 1109 1893 2183 2456 2678 2822 3006 3039 3312 3395 3545 3737 3830 3960 4388 4610 4770 4800 4920
368	30	111	12	308 875 1070 1350 1525 1877 2004 2143 2184 2215 2256 2407 2997 3014 3593 3597 3807 3894 4228 4309 4448 4793
396	17	62	12	28 252 1140 1402 1530 1640 1690 1874 1901 2068 2278 2294 2388
399	38	75	12	314 350 643 665 1206 1274 1289 1334 1355 1579
406	6	72	14	756 767 1047 1121 1259 1744 1812 2168 2185 2290 2328 2534 2606 2679 2765 2845 2855 2934 3918 3953 4436 4644 4695
420	12	186	14	37 240 403 626 688 880 991 1122 1237 1447 1912 2437 3089 3157 3338 3405 3447 3863 3893 4001 4022 4081 4169
426	26	266	14	120 123 178 387 490 1218 1226 1335 1428 1716 1904 2116 2127 2329 2543 2591 3486 3647 4223 4297 4438 4505 4839 4969
437	35	6	14	1309 1571 1792 1952 2027 2091 2391 2519 2567 2639 3121 3194 3220 3651 3825 4077 4149 4248 4281 4602 4641 4694 4843 4892
442	33	116	14	30 137 142 473 776 878 884 1845 2194 2201 2364 2566 2835 2873 3269 3429 3555 3687 3833 4175 4352 4487 4522
445	31	444	14	67 109 275 448 794 953 1063 1498 1560 2051 2148 2352 2554 2610 2696 2975 3181 3218 3351 4152 4825 4831 4996
448	25	110	14	585 601 655 1010 1158 1178 1245 1553 2165 2292 2299 2362 2801 2846 2879 3036 3133 3315 3700 3911 4484 4597 4834
450	23	149	14	248 461 615 747 764 773 792 917 1000 1076 2061 2068 2123 2222 2240 2426 2611 3238 3798 4399 4507 4523 4970
451	20	395	14	64 491 559 903 947 1757 1855 1905 2254 2570 2580 2701 2883 2888 3024 3535 3562 3567 3692 3871 3917 4712 4968 4992
455	2	251	14	165 399 636 653 714 1030 1529 2001 2014 2079 2179 2357 2450 2690 2905 3426 3627 3717 3762 3943 4008 4108 4354 4711 4842
459	24	365	14	220 376 413 475 952 1537 1703 2365 2387 2513 2837 2895 3168 3288 3317 3372 3425 3681 3728 4015 4151 4480 4867 4995
475	29	17	14	246 313 463 502 660 781 1065 1170 1390 1785 1825 2024 2479 2713 2889 3013 3103 3201 3259 3766 3879 4186 4475 4761
485	1	66	14	26 47 234 379 1436 1471 1742 1819 2269 2359 2452 2694 2829 2947 3492 3966 3984 4375 4545 4584 4607 4681 4859
495	37	27	14	195 237 267 571 593 969 1630 1758 2286 2424 2587 2833 2962 2980 3292 3391 3607 3780 4087 4250 4322 4936
551	15	167	14	87 580 1214 1295 1451 1477 1538 2012 2537 2729 3023 3073 3128 3322 3346 3409 3605 3625 3641 3742 3956 4010 4626 4709 4929
560	21	338	14	209 286 304 741 1413 1826 1881 2000 2149 2151 2163 2203 2471 2820 2901 2904 2954 3075 3208 3488 3604 3637 4003 4646 4715
571	6	116	16	970 1132 1700 1901 1928 2044 2191 2335 2697 2700 2778 3485 3539 3568 3696 3697 3928 4023 4138 4213 4358 4787 4805 4833
572	32	285	14	99 174 1139 1159 1347 1684 2347 2358 2510 2616 3084 3202 3336 3342 3411 3875 4089 4132 4231 4570 4868
601	13	382	14	392 462 466 664 1094 1359 1374 1419 1644 1770 2003 2614 2732 3171 3368 3533 3718 3759 4171 4583 4785 4840
609	39	160	14	393 602 699 846 1713 1930 2005 2074 2112 2118 2258 2804 2850 2951 3449 3769 3990 4050 4078 4105 4163 4678 4855 4964
622	28	22	14	107 516 681 1018 1372 1755 2157 2182 2282 2448 2792 2839 2867 3004 3059 3083 3464 3855 4002 4229 4256 4770 4999
641	16	151	14	139 733 758 763 1002 1250 1344 1389 1391 1541 2247 2268 2509 3390 3394 3724 3869 4237 4286 4433 4773
642	34	297	14	112 175 449 477 639 673 817 908 1005 1095 1304 1395 1603 1906 2294 2572 3005 3713 3947 4044 4048 4232 4610
643	8	344	14	63 288 930 1123 1182 1528 1554 2125 2280 2498 2529 2720 2739 2900 3233 3307 3364 3749 4020 4092 4203 4313 4605 4638
644	3	178	14	104 308 1020 1086 1231 1368 1393 1465 1499 1719 2243 2376 2671 3512 3551 3772 3785 3937 4440 4528 4554 4756 4818
651	14	87	14	16 73 217 455 629 735 762 1290 1774 2188 2581 2668 2899 2919 3188 3685 4202 4292 4541 4637 4731
664	36	102	14	186 230 665 748 791 891 895 1050 1174 1190 2017 2310 2670 2796 2966 3027 3963 4216 4257 4356 4421 4891
685	22	306	14	4 44 131 216 250 428 642 807 841 845 1222 1521 1773 1800 2750 2775 2777 2928 3374 3540 4104 4221 4665
691	27	80	14	371 489 498 1156 1255 1282 1283 1316 1939 2342 2353 2453 2575 2743 3072 3198 3589 3771 4189 4206 4708 4889 4963
724	5	173	14	556 1448 1862 1975 2173 2542 2726 2784 2788 2915 2946 3088 3148 3150 3328 3660 4183 4226 4634 4680 4792 4852 4879
735	40	76	14	71 329 499 641 787 936 950 1228 1704 2249 2274 2371 2494 2684 3113 3229 3437 3458 3788 3926 4323 4454 4716 4944
757	9	317	14	276 625 708 813 927 1054 1200 1274 1452 1582 1585 1787 2238 2711 2797 3626 3831 3929 4240 4536 4789
781	4	81	14	141 388 587 624 628 777 853 897 1101 1108 1577 1857 1973 2057 2124 2469 2703 3496 3776 3954 4193 4496 4932
803	11	136	14	28 363 370 1354 1654 1730 1740 1747 2030 2309 2490 2501 2585 2909 3006 3112 3177 3200 3398 3484 3670 3840 4122 4143
826	7	289	14	214 354 847 1176 1202 1299 1467 2226 2301 2462 2602 2691 2761 2847 2977 3163 3452 3549 4062 4228 4351 4549 4611 4768 4863
854	18	336	14	18 41 42 164 464 540 1446 1661 2318 2378 2800 3002 3037 3470 3474 3971 4481 4622 4704 4765 4949
872	19	277	14	190 362 431 1217 1583 2006 2029 2102 2176 2177 2414 2859 2921 3022 3537 3793 3977 4040 4110 4147 4365 4659 4688 4972
887	10	42	14	199 360 484 564 1036 1534 1724 1726 1822 2508 2853 3017 3325 3332 3923 4205 4366 4491 4514 4735 4787 4924 4961
2	30	181	14	59 356 613 686 732 958 962 1169 1459 1926 2150 2170 2351 2809 3704 3753 3781 3837 3884 4066 4289 4526
11	17	101	14	70 404 588 1791 1864 1915 2211 2233 2481 2774 2944 3502 3622
16	38	362	14	534 709 717 926 932 1690 1911 1927 1936 2113
25	12	436	16	152 242 260 1244 1400 1434 1650 1872 2035 2105 2109 2640 2654 2734 2865 2966 3984 4147 4263 4279 4366 4956
31	26	200	16	1385 1494 1513 1794 1910 2114 2161 2211 2293 2427 2551 2622 2627 2967 3044 3125 3260 3637 3775 3803 4370 4372 4693 4715
38	35	7	16	563 1196 1272 1345 1554 1887 2130 2421 2473 2646 2666 2703 3129 3597 4075 4598 4647 4673 4937
40	33	249	16	232 616 840 1051 1277 1646 1880 2326 2404 2681 2699 2723 3376 3419 3448 3786 3807 3986 4420 4604 4726 4989
47	31	423	16	58 134 178 202 815 846 1063 1131 1200 1849 2206 2339 2485 2560 2589 2736 2852 3217 3304 3600 3791 4181 4753
68	25	446	16	699 740 1067 1080 1253 1262 1776 2141 2217 2603 2789 3061 3132 3354 3452 3490 3760 3972 4199 4368 4990
70	23	214	16	36 401 724 825 885 951 965 1150 1236 1835 1917 1950 2360 2365 2394 2524 2590 2608 2842 4179 4399
72	20	94	16	330 450 1064 1305 1460 1514 1524 1580 1674 1870 2270 3072 3148 3566 3616 4137 4281 4341 4482 4529 4776 4837 4935 4944
90	2	398	16	156 344 648 867 871 1029 1254 1280 1337 1342 1519 1881 2048 2071 2076 2475 2483 2727 2740 3759 4257 4348 4421 4928
93	24	27	16	168 311 371 570 727 768 1313 1452 1496 1733 1963 2448 2586 2893 2993 3159 3491 3585 4025 4202 4657 4684
131	29	368	16	321 400 535 585 911 929 1106 1278 1448 2203 2748 2887 2949 3117 3312 3391 3420 4065 4166 4472 4474 4769
132	1	448	16	293 358 448 469 789 835 947 1135 1555 1763 1785 2166 2236 2243 2416 2458 2998 3030 3912 4145 4386 4452 4856
135	37	169	16	212 215 236 284 361 455 457 478 618 856 1575 1850 3102 3113 3348 3385 3431 3689 3756 4298 4439 4669 4828
139	15	347	16	119 223 256 439 548 650 973 985 2423 2537 2906 2920 2943 2945 3674 4007 4291 4355 4586 4756
141	21	290	16	213 262 468 500 682 923 1102 1228 1357 1944 2269 2367 2506 2674 2951 3192 3204 3328 3466 3765 4005 4698 4795
147	32	340	16	362 429 462 913 1160 1259 1306 1338 1510 1606 1815 1856 2011 2062 2634 2815 3267 3814 3909 4200 4324 4346 4752
154	13	39	16	30 726 1157 1198 1442 1468 1508 2218 2463 2908 3031 3210 3245 3320 3451 3711 3828 3940 4141 4652
185	6	423	18	5 6 55 235 295 488 574 833 1075 1128 1281 1363 2018 2312 2534 2791 3325 3503 3681 3973 4478 4623 4684
201	39	408	16	315 529 934 1098 1120 1257 1360 1535 1603 1854 2047 2093 2469 2867 3106 3215 3499 3705 3808 3978 4661
203	28	240	16	196 642 732 795 1384 1567 1587 1651 2060 2111 2121 2142 2184 2189 2499 2758 3981 4458 4477 4658 4852 4924
204	16	385	16	243 354 792 1073 1155 1625 1664 1711 1859 1895 1906 2382 3004 3274 3578 3608 3618 3861 3898 4015 4163 4345 4842
207	34	300	16	192 377 391 461 463 582 1010 1035 1070 1077 1372 1584 1782 2289 2673 2907 3505 3630 3903 4497 4703
214	8	70	16	130 655 701 797 986 1346 1539 1922 1972 2019 2102 2395 2444 2555 2716 2910 2928 3240 3743 3868 4310 4532 4746 4854
236	3	279	16	151 218 301 438 474 513 515 579 865 1238 1419 2000 2010 2089 2133 2271 2342 3690 4162 4342 4403 4735 4853
246	14	266	16	425 560 747 749 1344 1538 2302 2445 2824 2877 3300 3582 3686 3692 3701 3704 3750 4194 4207 4255 4986
257	36	5	16	95 326 327 502 546 714 921 1008 1168 2036 2154 2588 2729 2953 3064 3615 3628 3787 3946 4234
259	22	83	16	332 353 696 704 1115 1374 1379 1628 1882 1949 2601 2606 2753 2775 2886 3388 3557 3699 4115 4412 4484 4695 4774 4810
272	27	10	16	214 624 743 915 1082 1256 1973 1976 2174 2179 2643 3175 3495 3529 3657 3764 3860 3895 4161 4343 4561 4866
288	5	157	16	266 445 590 751 919 1040 1328 1484 1621 2046 2333 2375 2455 2496 2564 3130 3153 3223 4003 4164 4821
319	40	100	16	449 683 1297 1605 1692 1863 1941 2149 2295 2320 2429 2512 2527 2816 3055 3395 3497 3795 3953 4087 4526 4848
346	9	147	16	270 521 545 668 905 909 1318 1388 1473 1481 1660 1715 2294 2398 2420 2938 3074 3738 3918 4271 4314 4514
388	4	153	16	73 320 541 629 887 1722 1739 1746 1806 1981 2085 2371 2536 2541 2817 2914 3338 3347 3440 3956 4058 4417
390	11	26	16	132 595 641 855 978 1467 1512 1634 1797 1823 1945 2397 2709 3174 3253 3997 4035 4238 4299 4479 4589 4834 4922
393	7	397	16	8 464 519 584 594 762 769 988 999 1188 1476 1566 1788 1873 1942 2037 2384 2591 2632 2655 2784 3533 3703 4269
408	18	415	16	76 339 646 1249 1579 1737 1929 2131 2721 2843 3156 3263 3383 3619 4153 4352 4486 4566 4642 4655 4742
413	12	100	18	65 478 596 1398 1948 2100 2138 2224 2461 2655 2780 3135 3307 3682 4094 4169 4217 4360 4609 4782 4853
419	19	435	16	126 139 436 1197 1411 1426 1578 1596 1637 1876 1909 2032 2368 2631 2984 3358 3865 3921 3931 4017 4123 4206 4709 4878
422	10	23	16	59 145 318 441 505 614 736 801 1258 1599 1796 1953 2031 2724 3170 3416 3508 3599 3833 4225 4378
430	30	259	16	170 231 601 834 1096 1368 1378 1706 1743 1798 1888 1891 1987 2057 2759 3330 3472 3604 3656 4082 4144 4170 4333
441	17	283	16	245 249 355 796 990 1162 1181 1311 1498 1704 1718 2123 2328
461	38	402	16	3 56 210 282 511 520 604 717 806 1537
463	26	433	18	496 510 946 1364 1479 1543 1577 1591 1799 1841 1851 2199 2422 2551 2737 2936 3043 3191 3331 4049 4547 4578 4679
467	35	81	18	159 409 652 735 862 1163 1169 1481 1595 1746 1879 1884 1993 2411 2746 2772 2884 3265 3766 4566 4768 4868 4909 4931
481	33	165	18	25 415 599 701 765 904 1061 1323 1809 2214 2466 2591 2635 2696 2896 2974 3274 3626 4179 4415 4525 4899
491	31	344	18	82 189 301 313 337 419 447 832 1140 1292 1900 2045 2406 2525 2544 2692 2968 3832 3993 4125 4333 4459 4600 4714
498	25	273	18	107 656 734 954 1259 1578 1616 2082 2208 2222 2622 2676 2688 2787 2834 3101 3633 3834 3871 4072 4153 4537 4631
505	23	195	18	289 411 414 505 1050 1139 1444 2078 2165 2739 2965 3067 3104 3356 3807 3829 3902 4218 4271 4387 4462 4736 4793
530	20	288	18	11 296 484 1245 1279 1347 1400 1483 1544 1572 1959 2250 2275 3056 3639 3686 4052 4203 4503 4732 4953 4966
540	2	158	18	116 179 430 469 474 646 687 800 831 1103 1284 1415 2405 2516 3298 3493 3862 4320 4334 4542 4575 4751
547	24	88	18	81 86 111 879 1016 1027 1060 1162 1239 1413 1419 1669 1706 1981 2238 2996 3012 3437 3640 4030 4713 4745 4900
575	29	72	18	14 142 239 317 787 932 1026 1478 1946 2132 2286 2296 2373 2407 2761 2882 3416 3665 3722 3780 3786 3831 4081 4576
590	1	66	18	187 260 310 384 512 655 848 869 1505 1840 2084 2410 2567 2573 2672 3140 3224 3473 3569 3650 4100 4131
627	37	440	18	185 214 397 653 858 969 1115 1175 1277 1847 2816 3407 3658 3719 3999 4060 4236 4273 4379 4670 4693 4933
629	15	62	18	383 543 973 1260 1585 1679 1714 2111 2331 2413 2447 3057 3127 3184 3800 3994 4013 4245 4265 4792 4987
655	21	160	18	263 291 853 1089 1354 1604 1725 1758 1960 2186 2596 2707 2792 2962 3010 3131 3196 3444 4010 4043 4347 4404 4491 4947
661	32	313	18	83 922 935 1119 1411 1427 1464 1566 1934 2398 3149 3257 3810 3858 3955 4178 4190 4312 4906
672	13	343	18	274 303 338 341 774 942 1596 1842 1903 1928 2335 2610 3243 3609 3735 4276 4291 4647 4750 4894 4924
673	39	108	18	91 148 211 348 396 644 792 900 1562 1588 1896 2372 2430 2490 2983 3309 3384 3449 3739 3754 4214 4288 4519 4618
676	28	322	18	324 368 395 516 564 589 793 1014 1271 1393 2027 2228 2906 2910 3264 3334 3548 3798 3816 3941 3969 4410
681	16	405	18	184 467 493 594 640 748 938 1108 1308 1818 2317 2663 3199 3259 3263 3547 3813 3942 4098 4437 4757 4962
699	34	264	18	292 604 798 866 914 1430 1727 1830 2597 2885 2999 3076 3145 3148 3433 3698 3699 3779 3891 4202 4805
711	8	46	18	1021 1091 1676 1869 2117 2192 2232 2265 2400 2438 2681 2699 2956 3239 3402 3936 4061 4176 4243 4286 4495
714	3	285	18	441 984 1153 1177 1480 1835 1972 2094 2266 2654 2880 3097 3228 3439 3864 4775 4807 4885 4915
716	14	367	18	15 247 370 1165 1377 1893 2122 2288 2686 2690 2751 2831 3455 3463 3482 3738 4230 4332 4401 4571 4788 4873
725	36	104	18	269 302 956 1171 1343 1503 2754 2808 3040 3088 3203 3210 3227 3624 3705 4369 4392 4407 4518 4520 4675 4802
726	22	241	18	335 756 1098 1114 1207 1275 1828 1845 2146 2955 3551 3753 3814 4000 4132 4357 4511 4532 4646 4863
753	27	163	18	17 125 868 878 945 1107 1434 1875 2244 2316 2383 2505 2652 3317 3516 3648 3910 3980 4069 4090 4129 4584 4823 4982
764	5	250	18	1 176 182 186 336 532 1069 1208 1380 2031 2388 2427 2586 2858 2925 3221 3290 3659 3774 4545 4860 4912
765	40	131	18	153 299 514 550 1247 1396 1424 1425 1455 1531 1717 1726 1974 2341 2467 2811 2841 3118 3400 3622 3637 4154 4448
785	9	183	18	300 359 1126 1227 1394 1526 1680 1852 2155 2568 2862 3440 3549 3645 3948 3952 4028 4319 4326 4423 4434 4534 4725
798	4	310	18	242 264 386 674 823 1052 1158 1241 1486 1516 1702 1762 1970 2424 2630 2776 2840 3025 3036 4046 4284 4290
824	11	360	18	106 1111 1270 1362 1513 1610 1816 1844 1908 1919 1944 2633 2969 3000 3120 3282 3295 3508 3578 3687 4192 4835 4981
828	7	54	18	377 425 515 567 568 754 785 874 1181 1294 1320 1955 2443 2589 3141 3401 3423 3498 3716 3890 4180 4876
831	18	190	18	59 122 253 330 706 975 1144 1255 1443 1853 2092 2315 2377 2847 2933 2987 3178 3310 3625 3851 3893 4505 4541
842	19	78	18	486 1197 1215 1517 1636 1698 2145 2159 2332 2693 3231 3247 3523 3524 3846 3906 3925 4403 4583 4692 4700 4929 4954
856	10	55	18	2 150 271 329 582 609 807 1023 1570 1930 1966 2023 2059 2130 2272 2425 3371 3556 4225 4298 4586 4764
870	30	232	18	259 529 669 859 1454 1493 1639 1933 2198 2495 2677 2886 2978 3090 3147 3660 3676 3930 4656 4746 4911 4997
897	17	193	18	283 526 1006 1130 1457 1971 2121 2167 2330 2838 3062 3293 3635
13	38	362	18	114 408 495 586 1040 1066 1112 1127 1322 1551
22	6	142	20	459 689 1335 1471 1784 1909 2755 2796 2905 2948 3151 3192 3359 3398 3554 3713 4019 4160 4292 4543 4645 4682
49	12	333	20	452 600 627 696 725 869 979 1736 2276 2747 3296 3424 3487 3609 3696 4394 4677 4698 4737
57	26	308	20	463 697 797 1215 1411 1475 1650 1707 1953 2612 3062 3405 3519 3603 3695 3839 4184 4544 4601 4757 4904
73	35	195	20	32 364 471 503 874 1033 1127 1291 1450 1668 2115 2174 2584 2823 2841 3294 3438 3491 3551 4577 4740 4942
75	33	399	20	97 482 886 1074 1193 1371 1720 1735 1768 2043 2181 2456 2673 2702 2885 3069 3682 4378 4409 4477 4623 4804 4915
78	6	333	22	144 232 389 865 953 1001 1184 1252 1382 1549 1624 1652 1695 1801 1925 2347 2995 3161 3574 3817 3874 4112 4218
81	31	202	20	108 322 668 694 715 1159 1595 1730 1823 1880 2617 2678 2987 3163 3858 3943 4120 4256 4520 4890
101	25	200	20	210 342 428 528 785 1246 1437 2077 2310 2484 2519 2546 3020 3237 3267 3375 3391 3763 3857 3956 4332 4388
107	23	448	20	23 526 577 642 752 1096 1403 1436 1438 1615 1776 2675 2720 2956 2970 2972 3014 3822 3939 4051 4800
113	12	308	22	404 578 972 1055 1109 1351 1705 1767 1829 2000 2070 2442 3237 3422 3499 3824 3835 4416 4447 4557 4742 4782
115	20	392	20	304 590 686 816 862 1282 1463 1675 2178 2207 2230 2389 2860 3011 3230 3750 3982 4027 4118 4566 4605 4615 4714
127	2	159	20	1094 1329 1430 1461 1804 2517 2822 2904 3111 3380 3523 3563 3593 3675 3684 3793 3812 3870 4069 4254 4312 4524
146	24	132	20	93 106 110 372 612 1104 1548 1877 2251 2488 2499 2502 2579 2995 3195 3412 3606 3837 4202 4467 4722 4875
148	29	234	20	123 403 1185 1557 2040 2159 2272 2331 2513 2556 2601 2717 3332 3561 3728 3778 4004 4109 4319 4373 4528
151	1	164	20	161 330 417 870 890 1062 1116 1552 1572 1597 1887 2167 2349 2477 2478 2631 2824 2844 3080 3676
158	37	201	20	17 87 293 1086 1137 1342 1401 1694 1749 1786 1927 2292 2620 2790 2812 3075 3340 3360 4546 4818 4830 4960
187	15	253	20	743 851 1226 1540 1564 1902 2237 2248 2351 2545 2741 2915 2975 3103 3619 3643 3704 4085 4405 4417 4589 4599 4741
199	21	337	20	53 376 738 740 1580 1853 1892 2139 2262 2531 2979 3260 3363 3490 3596 3621 4078 4370 4457 4664 4946 4993
243	32	98	20	291 297 352 678 800 949 1212 1283 1449 1481 1652 1998 2150 2392 2753 2894 3154 3525 3618 3815 3962 4022 4753
266	13	74	20	124 415 633 755 893 1486 1771 1906 1982 2063 2074 2313 2330 2583 2628 3402 3959 4255 4343 4349 4940 4970
283	39	122	20	310 394 591 680 775 900 1175 1228 1386 1546 1741 2110 2189 2433 2757 2766 3215 3767 4451 4513 4707 4959
289	28	245	20	259 540 708 750 773 920 937 1111 1567 1635 1659 2065 2202 2649 2981 3095 3283 3657 4239 4442 4986
292	16	438	20	164 265 628 841 842 973 1133 1214 1542 1674 2395 2430 2642 2669 2864 3337 4042 4151 4326 4395 4426 4779
294	34	220	20	44 279 748 774 972 1004 1240 1387 1480 1789 1903 1966 1969 2638 3442 3679 3727 4064 4223 4597 4810
296	8	243	20	314 527 760 971 1448 1688 2070 2791 2801 2802 2810 3179 3247 3293 3622 3747 3980 4367 4460 4675 4873
304	3	275	20	94 146 448 537 690 726 1333 1573 2298 2424 2910 3257 3295 3456 3495 3644 4130 4155 4516 4603 4689 4974
308	14	223	20	425 443 677 904 1025 1530 1565 1633 1833 2064 2877 2986 3058 3410 3535 3972 4076 4231 4250 4277 4416 4453 4791
309	36	15	20	1278 1803 2214 2428 2899 3271 3507 3611 3668 3752 3771 3828 3836 3843 3904 3907 3977 4007 4147 4342 4581 4963
324	22	274	20	67 810 839 1312 1510 1576 1788 1997 2021 2033 2038 2257 2261 2629 2714 2961 3331 3957 4300 4301 4805 4825
332	27	50	20	55 379 559 898 1479 1581 1874 1957 2017 2553 2867 3074 3086 3514 3598 3627 4018 4537 4673 4831
344	5	182	20	421 558 593 611 819 1328 1385 1719 1920 2252 2483 2807 2819 2989 3740 3802 3826 3997 4289 4499 4558
349	40	357	20	197 309 419 966 1130 1268 1561 1692 1697 2228 2283 3007 3190 3556 3571 3572 3944 4302 4503 4658 4683
350	9	124	20	468 964 1112 1339 1458 1917 2414 2534 2558 2651 2963 3210 3301 3396 3742 4267 4392 4413 4569 4638 4702 4839
361	4	293	20	22 156 337 374 650 769 1604 1812 1835 2035 2197 2529 2848 2941 4021 4029 4137 4138 4362 4471 4617
366	11	270	20	889 1113 1375 1587 1629 1706 1965 2127 2142 2209 2418 2865 3018 3153 3211 3235 3711 3987 4324 4385
384	7	215	20	133 308 481 607 623 756 1270 1536 1627 1932 2084 2356 2472 2516 2655 3285 3733 4140 4176 4750 4947
410	18	184	20	1 319 912 1051 1294 1307 2186 2387 2524 2674 2931 3051 3926 3942 4089 4523 4573 4640 4777 4788
443	19	133	20	149 339 449 981 1151 1166 1649 1806 2143 2218 2359 2479 2947 3046 3238 3501 3751 4162 4356 4789 4856 4999
447	10	126	20	68 219 578 603 693 1081 1303 1489 1685 2134 2602 2645 2664 2779 2902 3047 3503 3620 4296 4330 4824
458	30	79	20	5 200 500 622 730 829 958 1165 2236 2746 2898 2991 3234 3406 3607 3847 3880 4181 4368 4482 4639 4696 4717
469	17	1	20	273 486 531 813 899 1029 1142 1327 1698 1727 1929 2099 3323
484	38	287	20	234 476 570 854 932 943 1781 2044 2305 2452
490	26	329	22	56 345 363 385 523 588 843 960 1450 1492 1828 2395 2617 2793 2843 3142 3315 3697 4037 4428 4747 4781
494	35	390	22	48 52 323 334 1231 1760 1812 2254 2650 2695 2721 2866 2924 3028 3233 3282 3333 3659 3702 3852 4235 4694 4872
506	33	221	22	265 399 443 610 770 986 1471 2055 2518 2614 2850 2975 3033 3545 3766 3967 4020 4246 4310 4672 4712
508	31	363	22	5 228 383 979 1371 1556 1615 1737 1844 2435 2673 2903 2937 3119 3642 3664 4044 4567 4751 4790 4949
515	25	143	22	152 153 316 426 441 744 993 1704 1919 1999 3053 3108 3339 3473 3528 3587 3834 4084 4263 4400 4552
519	23	70	22	217 542 737 794 1097 1125 1601 1608 1629 1849 1895 2315 2456 3056 3060 3141 3310 3355 4146 4232 4578 4815 4903
542	20	38	22	167 336 632 873 1068 1189 1293 1807 1920 2226 2502 2942 3107 3782 3827 3895 4000 4099 4302 4370 4934 4982
568	2	114	22	295 364 466 648 751 918 1219 1407 1753 2821 3264 3427 3591 3751 4017 4091 4262 4347 4429 4460 4689
573	24	260	22	78 145 260 767 789 851 964 1221 2468 2580 2666 3005 3064 3607 3661 4264 4527 4611
581	29	175	22	49 203 477 554 1044 1147 2082 2178 2483 2586 3189 3380 3452 3592 3940 4105 4240 4438 4450
587	1	409	22	208 227 290 299 596 1161 1378 1433 1437 1885 1956 2304 2498 3164 3348 3350 3516 3883 4414 4675 4969
588	37	135	22	478 512 565 1046 1200 1324 1594 1754 2162 2972 2986 3015 3025 3454 3586 3674 3768 4286 4425 4643 4850 4867
616	15	57	22	535 594 612 708 759 899 906 1248 1363 1526 2035 2043 2742 3085 3213 3462 3901 3978 4115 4301 4365 4489
634	21	121	22	220 264 533 644 1301 1349 1978 2191 2192 2362 2558 2647 2795 2881 3240 3564 3641 3811 4410 4538 4767
637	32	376	22	43 103 132 249 587 2253 2291 2405 2506 2681 2981 3598 3612 3776 4173 4174 4367 4522 4556 4710 4760
668	13	92	22	120 125 258 760 1028 1086 1277 1306 1719 1842 2548 2549 3035 3830 4117 4142 4150 4671 4730 4834 4947
671	39	12	22	154 257 626 1043 1786 2114 2223 2364 2491 2703 2709 2970 2976 3059 3073 3665 3746 3860 3865 3937 4540 4582 4771
682	28	192	22	186 269 483 606 634 1015 1155 1514 1636 2401 2477 2495 2569 3048 3206 3498 4065 4491 4821 4910 4985
690	16	208	22	331 811 1152 1165 1670 2089 2496 2929 3003 3087 3268 3442 3695 4114 4288 4486 4524 4535 4811 4858 4935 4989
692	34	25	22	26 703 837 1041 1053 1304 1325 1502 1726 1739 1979 2271 2916 3269 3691 3743 3993 4195 4212 4249 4681 4956
694	8	404	22	156 712 724 963 1177 1292 1358 1779 1896 2355 2440 2661 2719 3323 3588 3671 3749 3799 4401 4719 4758
736	3	298	22	18 128 312 527 678 948 1118 1203 1850 1997 2234 3263 3318 3394 3489 3787 3813 4152 4668 4716 4948
758	14	414	22	141 691 819 863 923 949 1114 1134 1195 1848 1972 2125 2740 3185 3430 3567 3773 4613 4706 4804 4874 4977
763	36	222	22	166 248 619 1022 1568 1684 1852 1875 1935 2131 3146 3437 3460 3913 3952 4096 4213 4624 4633 4773
770	22	52	22	71 790 832 846 877 891 977 1721 1946 2710 2786 2790 2828 3680 3786 3983 4338 4388 4419 4634
774	27	47	22	96 122 381 422 616 827 1045 1098 1146 1279 1329 1671 2520 3314 3441 4029 4224 4329 4349 4543 4599 4828
782	5	125	22	102 318 366 530 591 1618 1749 1791 1860 1905 1993 2232 2397 2510 2880 3104 3630 4200 4551 4661 4717 4841 4869
795	40	231	22	196 398 453 549 633 839 1007 1561 1680 1927 2296 2951 3043 3345 3459 3501 3502 3507 3739 4021 4588
805	9	360	22	202 210 348 384 431 495 746 1141 1417 1463 2251 2556 2997 3009 3088 3137 3761 4009 4727 4921 4994
816	4	304	22	380 664 694 706 765 904 1013 1106 1361 1639 2228 2602 3230 3698 3708 3916 4241 4299 4644 4784
851	11	442	22	95 129 292 367 387 557 680 1145 1186 1432 1676 1888 2194 2381 2453 2878 2882 3083 3250 3645 4866
869	7	13	22	730 788 1183 1389 1527 1731 1788 2188 2499 2756 3168 3256 3393 3409 4151 4194 4741 4743 4823
885	18	89	22	213 327 440 625 917 967 1153 1548 1632 1780 2002 2013 2369 2624 3018 3024 3396 3666 3825 4317 4512 4584 4845
889	19	194	22	62 184 388 390 459 1062 1459 1736 1981 1984 2093 2128 2635 2762 2781 2851 3234 3351 3800 3839 4076 4442 4945
6	10	407	22	80 224 715 1204 1314 1330 1990 2020 2072 2160 2408 2665 2855 2911 4253 4293 4344 4432 4809 4842 4987
9	30	59	22	230 411 697 878 1438 1599 2313 2332 2604 2733 2925 3127 3406 3488 3730 4001 4056 4220 4545 4581 4937
21	17	228	22	174 874 1482 1666 2054 2303 2967 3150 3196 3280 3329 3692 3802
43	38	61	22	65 321 799 1311 1477 1497 2207 2706 2766 2789
53	6	381	24	776 870 922 1136 1561 1890 2322 2445 2566 2616 2640 2872 3007 3051 3291 3802 4203 4241 4629 4905
60	12	113	24	287 353 377 501 521 539 1118 1618 2272 2484 2677 2692 2695 2809 2909 2941 3016 3485 3825 4061 4380 4941
99	26	34	24	443 684 909 1056 1189 1756 1923 2042 2168 2423 2548 3258 3268 3629 3770 3774 4394 4408 4446 4921
102	35	16	24	147 184 1234 1289 1482 1827 2208 2234 2380 3236 3386 3403 3640 4040 4110 4135 4379 4860
106	33	40	24	516 702 964 1123 1140 1502 1767 1959 2065 2149 2422 3055 3114 3264 3548 3663 4258 4390 4412 4559 4565
112	31	56	24	95 180 286 406 993 1141 1224 1592 2204 2443 2741 3039 3054 3115 3858 4221 4374 4385 4508
114	25	15	24	181 389 522 1300 1306 1469 1643 1653 1691 2046 2811 2911 3111 3124 3704 3882 3968 4073 4216 4630 4887 4889
123	23	369	24	175 899 901 1120 1145 1649 2745 3021 3149 3233 3736 4094 4426 4554 4575 4703 4740 4768 4824 4844
181	20	352	24	396 854 948 1037 1266 1902 2073 2155 2202 2281 2540 2873 2898 3017 3657 3793 4103 4247 4504 4539 4577
198	2	87	24	7 114 657 666 719 1013 1196 1338 1817 1904 2420 2473 2934 2984 3136 3309 3333 4027 4294 4359 4822
208	24	126	24	182 1001 1142 1172 1213 1416 1695 1810 1879 2314 2800 3296 3389 4238 4382 4485 4672 4807 4944
211	29	349	24	408 452 517 628 672 1253 1430 1601 1778 2114 2122 2854 2893 2985 3143 3814 4197 4437 4702 4837
251	1	29	24	173 420 640 1265 1284 1606 1896 2009 2129 2413 2505 2585 2763 2812 2817 2902 3996 4063 4187 4595 4962
255	37	432	24	355 511 600 803 814 1079 1202 1355 1367 1840 3302 3327 3394 3479 3554 3643 4167 4435 4467 4507 4546
279	15	318	24	12 255 1260 1269 1550 1738 1956 2191 2545 2552 2966 3155 3270 3526 3665 3835 3962 3992 4449 4653 4690 4959
290	21	88	24	400 467 627 1017 1027 1093 1555 1625 2077 2169 2344 2386 2403 2688 3094 3698 3721 4313 4945 4952
291	32	443	24	31 124 360 530 749 955 1405 1752 1763 1994 2022 2085 2466 2979 3064 3089 3693 3753 3794 4058 4249 4624
313	13	438	24	372 489 688 891 1369 2636 2820 2838 2879 3105 3199 3474 3565 3623 3834 3928 3973 4778 4806 4831 4925
326	39	262	24	21 614 795 871 1038 1473 1952 2187 2298 2683 3505 3884 3950 4011 4028 4080 4275 4404 4484 4593 4599 4745
357	28	138	24	13 273 620 759 775 1053 1488 1843 2007 2098 2503 2651 2782 2914 3426 4340 4608 4631 4781 4840
363	16	410	24	974 2137 2417 2553 2621 2704 2717 2832 2840 3095 3222 3254 3326 3492 3530 3582 4037 4131 4473 4816 4827
372	34	313	24	98 732 1155 1240 1282 1686 1853 1910 2157 2165 2302 2568 2953 2991 3002 3842 3975 4059 4293 4316 4766
374	8	268	24	38 136 393 1036 1217 1288 1474 1520 1996 2136 2883 3249 3287 3569 3679 4355 4466 4648 4932
397	3	105	24	418 753 857 1045 1156 1186 1820 1986 2020 2476 2793 2849 3063 3140 3935 4106 4342 4578 4640 4689
407	14	189	24	23 297 388 654 895 981 1399 1687 2315 2342 2384 3118 3207 3353 3617 3898 4071 4563 4605 4636 4838 4930
417	6	34	26	14 96 102 183 283 329 745 980 1147 2358 2367 2587 2641 2873 2935 3063 3303 3825 3828 4085 4691
429	36	331	24	276 345 742 1003 1082 1138 1408 1668 1765 1768 1838 2059 2131 3076 3393 4498 4871 4904
473	22	439	24	57 185 205 253 314 557 681 799 1179 1593 1718 1740 1934 2680 4054 4287 4456 4634 4656
501	27	75	24	72 410 903 1185 1426 1501 2257 2303 2629 2644 2682 2815 3323 3508 3632 3910 4146 4188 4585 4625 4965
502	5	287	24	568 573 706 1078 1388 1557 1878 1920 2018 2031 2048 2062 2224 2243 2268 2343 3450 3652 4391 4532
537	40	383	24	109 427 581 1319 1364 1415 1855 2152 2170 2284 2434 2515 2556 3010 3033 3788 3824 4062 4082 4201 4865 4919
545	9	205	24	24 254 705 1425 1652 1726 1845 2015 2375 2398 2487 2694 2858 3325 3558 3573 3654 3934 4217 4579 4711 4794
557	4	31	24	329 349 494 790 1159 1261 1276 1345 1732 2628 2784 3144 3283 3428 3482 3647 3869 3931 4295 4326 4738
599	11	271	24	51 275 493 890 1114 1525 1621 1893 1949 2597 2829 3209 3417 3441 3651 3669 3830 3920 3953 4319 4526
606	7	359	24	108 195 479 959 1251 1257 1476 2415 2569 2594 2725 2933 3100 3305 3841 4129 4142 4587 4612 4731 4914
624	18	148	24	170 544 629 710 1147 1244 1533 2124 2183 2363 2664 3050 3301 3360 3490 3638 3730 3923 4414 4537 4973
650	19	129	24	88 791 1109 1166 1262 1707 1955 2010 2190 2242 2758 2874 3020 3281 3307 3413 3875 4185 4337 4684
653	10	224	24	397 487 598 751 1040 1173 1318 1366 1504 1742 1898 2096 2141 2222 2239 2480 2871 3164 3879 3883 4680 4891
659	30	252	24	106 344 433 990 1042 1069 1075 1385 1444 1783 1903 2350 2684 2760 2823 4023 4039 4348 4550 4784
696	17	140	24	9 33 543 1341 1642 1985 2104 3088 3382 3405 3435 4041 4050
707	38	319	24	67 141 143 392 492 842 1309 1616 1965 2014
715	12	317	26	84 369 691 838 1085 1205 1252 1373 1459 1810 1894 2109 2229 3288 3633 3678 3701 4219 4307 4426 4620
727	26	154	26	31 209 259 1210 1349 1511 1943 1948 1963 2219 2258 2939 3161 3748 4205 4297 4457 4488 4582 4852
732	35	311	26	229 656 729 961 994 1484 1549 1573 2058 2886 2925 3031 3082 3183 3199 3292 3793 3956 4234 4322 4704
738	33	316	26	306 623 1251 1607 2263 2533 2584 2595 2761 2781 3055 3291 3334 3384 3504 4014 4260 4333 4640 4761
778	31	115	26	265 492 668 897 1140 2001 2042 2242 2368 2931 2954 3119 3132 3543 3578 3927 4025 4415 4754 4919
790	25	91	26	881 882 1441 1635 1915 1961 2655 2732 2787 2858 2890 2952 3366 3529 3690 3747 3796 4008 4054 4132 4331 4901
796	23	441	26	15 113 138 358 607 713 782 1076 1317 1558 2091 2136 2472 2577 2689 2959 3313 4384 4687 4974
802	20	29	26	406 562 580 699 937 1074 1130 1314 1661 1788 1989 2447 3169 3323 3512 3568 3722 4207 4558 4877
833	2	217	26	246 499 654 827 966 1116 1315 1958 2541 2764 3061 3158 3840 4217 4272 4557 4565 4720
844	24	421	26	66 249 501 872 1830 2021 2412 2549 3138 3276 3689 4021 4057 4190 4191 4282 4778 4799 4822
848	29	47	26	646 678 986 1753 1792 2002 2509 2607 2667 2752 2920 3284 3346 3465 3605 4170 4253 4339 4383 4439 4617 4866
858	1	141	26	131 613 685 860 948 1296 1528 2006 2151 2231 2406 2961 3176 3658 3724 4555 4668 4686 4731 4938
868	37	168	26	167 271 638 671 1340 1422 1510 1614 1644 2161 2188 2524 2660 3019 3464 3584 3786 3797 4212
880	15	31	26	479 1193 1642 1669 1700 2290 2565 2730 2863 2990 3030 3045 3419 3545 3919 3940 4034 4334 4500 4774 4918
3	21	351	26	110 125 370 675 755 983 1660 1731 2417 2449 2840 3159 3186 3322 3573 3737 3768 3792 3826 4335 4618
15	32	402	26	519 1388 1755 1975 2103 2121 2307 2554 3074 3121 3449 3476 3707 3845 4266 4361 4412 4735 4935 4984
18	13	340	26	38 217 219 456 577 890 973 1460 1775 1783 2862 2869 2878 3056 3131 3732 3877 4019 4836
19	39	161	26	373 1106 1353 1455 1621 1964 1973 2110 2309 2718 2725 2926 3215 3454 3467 3513 3643 3644 4095 4549
56	28	431	26	730 761 762 791 892 1058 1131 1227 1390 1632 2047 2065 2414 2704 2731 3295 3716 3892 3950 4093
61	16	77	26	317 1018 1228 1770 1912 2026 2031 2081 2172 2185 2319 2464 2468 2845 3106 3202 4030 4148 4354 4606
64	34	437	26	254 412 836 1002 1235 1325 1811 1970 1980 2453 2603 2632 2813 2851 2917 3144 3258 3304 3627 4418
138	8	172	26	443 500 910 1088 1117 1865 2203 2544 2788 2827 2844 2938 3052 3113 3524 4688
192	3	410	26	78 101 351 467 869 987 1404 1913 2033 2224 2750 2801 2805 3023 3204 3251 4237 4285 4288 4648 4795
202	14	348	26	144 281 590 702 902 1033 1061 1164 1418 1949 2736 3126 3286 3412 3546 3711 3726 4414 4718 4738
217	6	421	28	148 261 385 505 543 888 991 1526 1776 1925 2019 2267 3273 3336 3538 3876 4306 4515 4521 4587
225	36	315	26	366 410 723 775 927 943 1365 1717 2011 2144 2204 2299 2363 2593 2806 3198 3260 3272 4724 4783
263	22	253	26	107 615 636 849 1071 1197 1359 1360 1901 2086 2291 2373 3099 3201 3520 3807 3938 4051 4064 4712
276	27	133	26	630 709 854 1011 1070 1135 1178 1405 1464 1492 1495 1508 2238 2380 2982 3070 3341 3552 4531 4895
297	5	286	26	398 473 587 774 837 840 1007 1065 1339 1462 2153 2415 2432 2588 3570 3594 3880 3888 4195 4553
311	40	408	26	408 423 460 488 525 731 777 1615 1662 2007 3049 3189 3318 3331 3717 3849 4518 4533 4619
330	9	30	26	320 828 1025 1055 1567 1655 1688 2014 2382 2591 2656 2785 2998 3000 3316 3985 4101 4162 4613 4790
337	4	371	26	371 552 569 1108 1183 1377 1582 1605 1634 1675 1721 2099 2127 2244 2702 3478 3615 3625 4131 4377
345	11	41	26	151 347 637 907 1093 1161 2194 2328 2630 2722 3213 3252 3362 4261 4274 4665 4717 4725
365	7	4	26	20 29 39 50 169 784 809 1026 1035 1038 1465 2282 3219 3483 3899 4363 4513 4641 4644
373	18	16	26	94 264 884 1482 1862 2126 2657 2715 3029 3115 3241 3914 3943 4086 4408 4604 4659 4753
387	19	356	26	197 681 772 1139 1931 2312 2671 2922 3155 3421 3492 3533 3602 3609 4063 4168 4177 4372 4751
389	10	339	26	58 383 437 686 705 1167 1285 1672 1718 1929 1939 2137 2274 3008 3092 3246 3933 4341 4674
395	30	114	26	1122 1362 1420 2200 2399 2489 2741 2870 3324 3744 4072 4176 4244 4353 4649 4821 4847 4878 4948
402	17	296	26	286 464 670 1302 1777 1863 1969 2101 2148 2261 2279 2351 2428
405	38	406	26	86 526 660 977 1447 1620 1914 2029 2095 2108
434	12	67	28	165 367 438 788 912 1603 1648 1723 1866 2103 2719 2890 3034 3354 3480 3709 3857 3998 4337 4666 4826
435	26	364	28	658 1086 1121 1230 1512 1856 2156 2311 2429 2617 3313 3560 3776 3927 3970 3976 3992 4115 4470
439	35	60	28	368 391 763 1074 1148 1294 1343 2140 2323 2687 2720 3142 3216 3374 3650 3795 3997 4176 4308 4496
457	33	112	28	15 146 166 597 633 638 782 981 1326 1493 1749 2205 2210 2619 3281 3478 3711 4252 4568 4649 4932
503	31	40	28	21 116 918 1083 1292 1428 1777 1815 2325 2340 2576 2604 3730 3755 3887 3944 4611 4737
511	25	229	28	75 808 1113 1253 1686 2129 2525 2531 2732 2821 3081 3222 3539 3628 3735 3872 3916 3949 4754 4848 4925
520	23	275	28	47 465 1029 1084 1157 1200 1340 1558 1791 2038 2393 2563 2794 3385 3474 3522 3583 4063 4338 4375 4552
536	20	95	28	9 284 387 1298 1678 1708 1745 1936 2241 2334 2540 2606 2647 2979 2995 3000 3535 4086 4300
541	2	334	28	33 94 100 786 951 1006 1056 1223 2020 2030 2115 2364 2446 2953 2956 3511 3644 3736 3993 4948
554	24	69	28	704 810 1098 1569 1665 1681 1873 2094 2337 3361 3602 3822 3933 3971 4271 4298 4311 4514 4790 4887
561	29	123	28	65 112 225 657 1028 1446 2027 2192 2223 2441 2571 2767 3513 3658 3749 3777 4372 4474 4855 4938
566	1	150	28	418 625 635 1071 1422 1801 1878 2083 2168 2234 2574 3396 3580 3853 4031 4443 4936
584	37	434	28	365 434 481 578 942 1315 2023 2139 2195 2645 2701 2827 3400 3419 3468 3649 3856 3954 4427 4465 4663
595	15	92	28	74 185 651 1048 1211 1486 1751 2596 2702 3287 3366 3631 3651 3859 4100 4126 4216 4396 4922
602	21	162	28	509 908 1307 1653 1795 1886 2288 2408 2479 2721 3215 3512 3586 3867 3886 3921 4050 4445 4573 4628 4699
617	32	45	28	66 115 742 840 962 968 1703 1728 2021 2024 2385 2495 2888 3455 3544 4066 4903
619	13	169	28	378 566 1032 1484 1868 2049 2058 2820 3244 3403 3634 3702 3717 3810 3812 4074 4214 4643 4797 4862
630	39	312	28	12 312 533 576 884 889 1004 1516 2079 2263 2287 2324 2471 2624 2903 3303 3553 4501 4512
646	28	378	28	223 536 610 632 766 1024 1031 1037 1257 1696 2128 2346 2609 2705 2849 2967 3590 4650 4713 4813 4833
654	16	2	28	8 833 996 1288 1445 1491 1803 1847 1872 2147 2509 2689 2912 3145 3692 3864 3988 4080 4102 4232
667	34	427	28	287 351 530 801 1202 1203 1583 1899 2080 2306 2307 2528 2870 3274 3667 3966 4039 4340 4389 4594 4879
683	8	245	28	759 1443 1449 1807 2347 2362 2401 2435 2883 2917 2964 3095 3107 3371 3973 3980 4127 4624 4667 4978
687	3	109	28	473 474 838 862 980 1010 1289 1559 1628 2075 2230 2713 3005 3073 3098 3151 3319 3924 3937 4856
717	14	375	28	478 565 933 1331 1395 1709 1770 2369 2685 3139 3152 3293 3339 3496 3757 3820 3962 4125 4145 4915
719	36	118	28	32 843 1133 1229 1647 1763 1811 1930 1977 2040 2157 2813 3411 4210 4303 4374 4550 4569 4857 4874
739	22	99	28	83 455 457 572 1088 1213 1701 1790 2096 2438 2660 3258 3459 3622 3638 3794 4220 4697 4845
768	27	225	28	86 96 270 298 433 495 698 1109 1128 1273 1371 2644 2755 2994 3241 3990 4037 4988
788	5	103	28	319 346 754 1522 1671 1698 2073 2305 2320 2598 2733 3568 3647 3839 3923 4048 4071 4476 4893
837	40	174	28	137 302 395 496 870 944 956 2200 2539 2557 2595 2907 2946 2975 2981 3523 4117 4212 4287 4574
857	9	374	28	245 741 823 939 1494 1609 1713 1944 2296 2497 2565 2593 2610 2676 2960 3285 3488 3813 4279 4506 4603
886	4	53	28	290 398 719 978 1195 1598 2214 2235 2278 2321 2668 2836 3181 3289 4173 4246 4530 4726 4780
888	11	117	28	201 263 737 925 929 1002 1336 1412 1478 3227 3712 3833 4024 4065 4099 4231 4592 4706 4718
28	7	98	28	593 820 1433 1658 2275 2465 2510 2648 2783 3086 3160 3183 3417 3497 3546 3947 4586 4828
39	18	136	28	208 665 984 1218 1362 1465 1624 2086 2107 2279 2459 2461 2601 2679 2822 3063 3387 3713 4243 4740
51	19	111	28	92 216 332 458 778 799 1356 1588 1602 1636 1819 1919 2178 2246 3093 3493 3655 3766 4738 4771
52	10	213	28	793 1065 1070 1536 1786 1980 2144 2374 2462 2501 2504 2728 2744 2830 3027 3880 4107 4314 4494
54	30	242	28	1295 1351 1490 1764 2169 2416 2656 2751 2863 2891 2952 3175 3305 3389 3750 3841 3967 4057 4198 4827
116	17	137	28	82 650 824 1131 1163 1317 1393 2781 2802 2897 3219 3805 3843
143	38	302	28	373 408 659 818 1125 1256 1673 2120 2659 2662
149	6	144	29	103 471 567 1060 1081 1192 1568 1843 1890 2301 2333 2755 2854 2997 3318 3381 3887 4393 4820
153	12	83	29	64 147 423 728 745 804 1127 2550 2799 3471 3874 3952 4038 4195 4433 4440 4548 4686 4733
155	26	305	29	98 288 521 703 802 847 1256 1261 2540 2620 2637 3784 3819 3849 3866 4192 4290 4483 4617
159	35	179	29	6 119 436 536 541 547 965 1586 1617 1910 2101 2107 2633 2673 2892 3299 3790 4230 4744
175	33	361	29	586 1224 1558 1983 2000 2013 2370 2757 3177 3182 3383 3873 3882 4185 4247 4268 4275 4597 4601 4783
178	31	166	29	224 323 683 771 1042 1085 2366 2577 2820 3171 3345 3350 3646 4228 4490 4621 4680 4970
205	25	84	29	268 524 665 1016 1530 1744 2203 2297 2584 2679 2927 3078 3562 3745 3757 4088 4090 4450 4564
210	23	224	29	154 420 528 552 1111 1198 1221 1247 1971 2380 2662 3404 4269 4327 4618
222	20	258	29	426 796 819 1149 1161 1203 1640 1650 1702 1727 2216 2818 2949 3295 3888 4009 4320 4681 4717
235	2	185	29	380 709 1144 1164 1236 1394 1500 1653 1712 2112 2118 2160 2254 2522 2535 3917 4626 4691 4843 4872
239	24	323	29	77 90 482 522 937 995 1243 1273 1456 1523 1867 2331 2397 2670 3227 3412 4136 4279
244	29	389	29	50 297 1342 1579 1774 1854 2106 2162 2441 2683 2689 2970 2991 3062 3079 3691 3829 4315 4427
250	1	371	29	56 302 811 1209 1412 1515 1713 1908 2281 2634 2897 2914 3058 4351 4397 4596 4613 4715 4829
252	37	382	29	24 429 460 884 1054 1238 1286 1531 1600 2017 2680 2714 2832 2999 3066 4244 4423 4468 4884
256	15	281	29	854 1146 1233 1237 1393 1438 1499 1528 1655 1900 2504 2676 3696 3764 3804 4297 4441 4676 4822 4914
264	21	377	29	339 369 446 556 826 895 2151 2528 2955 3041 3157 3527 4028 4201 4309 4603 4804 4850
267	32	357	29	402 502 1116 1162 1693 1805 1839 2062 2292 2592 2748 3032 3401 3801 3912 3979 4014 4061 4144 4565
268	13	254	29	692 759 1202 1750 1871 2224 2648 3169 3509 3561 4129 4169 4350 4381 4392 4455 4496 4981
282	39	191	29	97 209 415 1301 1518 1541 1631 2039 2660 3758 3881 3948 4027 4342 4607 4764 4845 4907
310	28	233	29	181 194 400 1058 1077 1094 1559 1569 1822 1877 2559 2771 3588 3694 3727 4302 4380 4619 4954
318	16	385	29	166 172 366 696 1134 1155 1408 1513 1577 2058 2646 3259 3437 3552 4173 4361 4760 4799
358	34	49	29	413 414 871 1298 1336 1363 1427 1641 2023 2825 2898 3191 3269 3506 3652 3741 4669 4927 4959
364	8	334	29	439 445 720 944 952 1180 1299 1410 1705 1857 2050 2905 3126 3324 3514 3706 4321 4352 4748
371	6	377	30	406 1316 1538 1758 2056 2267 2416 2458 2626 3456 3816 3941 4014 4164 4198 4519 4607 4847 4871
392	3	384	29	46 513 760 761 1074 1087 1813 2085 2134 2352 2403 2464 2547 2783 3484 3767 3907 4240 4367 4386
409	14	409	29	419 1011 1024 1048 1124 1272 1367 1624 2008 2077 2102 2339 2525 3040 3165 3655 3918 4306 4310 4763
414	36	380	29	35 118 279 349 672 972 1055 1590 1789 2015 2053 2518 2624 2871 2957 3185 3615 4360 4906
436	22	282	29	75 80 99 196 643 864 1021 1941 2052 2071 2148 2202 2222 2242 2560 2704 4031 4278 4590
446	27	248	29	198 563 695 861 923 1356 1551 1896 2145 2237 2265 2629 2889 2990 3311 3719 4379 4460 4534 4855
449	5	397	29	807 1446 1803 1918 1920 1940 1943 2349 2500 2615 2696 2848 3257 3446 3796 3890 4032 4210 4339
486	40	364	29	7 359 418 432 472 1319 1662 1689 1826 1847 2209 2255 2361 2669 2837 3358 3379 4345
493	9	332	29	93 170 298 1001 1330 1828 1881 2341 2682 2776 3077 3701 3806 3815 3995 4212 4270 4335 4708 4743
497	4	238	29	61 456 928 1034 1163 1204 1377 1574 1907 1990 1998 2511 3276 3336 4405 4679 4749 4806 4997
500	11	426	29	307 1409 1452 1660 1747 1823 1928 2235 2251 2875 3314 3354 3744 4114 4223 4454 4493 4709 4900
512	7	6	29	29 100 1280 1825 1848 1894 2490 2641 3143 3327 3342 3523 3528 3579 3844 3953 3963 4023 4160 4772
516	18	135	29	135 367 609 850 901 1089 1170 1275 1669 1686 2241 2316 3211 3674 3818 3856 3860 4494 4574 4757
525	19	418	29	176 1052 1113 1439 1506 1522 2028 2041 2201 2377 2678 3210 3337 3677 3927 4072 4075 4084 4887 4976
531	10	413	29	506 514 576 1322 1344 1418 1485 1497 1733 1970 2597 2932 2965 3343 3447 4204 4254 4838
535	30	35	29	654 940 1166 1440 1873 1977 2142 2229 2935 3263 3285 3341 3369 3549 4391 4737 4798 4973
543	17	277	29	76 202 203 258 1227 1646 1860 1880 2833 3236 3418 3596 3665
549	38	417	29	238 535 693 721 1029 1490 1815 2363 2457 2930
558	12	306	30	148 305 434 1177 1426 1534 1831 1837 1846 2731 3297 3567 4150 4167 4363 4690 4748 4856 4978
563	26	90	30	386 497 680 1156 1404 1969 1999 2231 2319 3123 3164 3310 3831 4068 4256 4290 4562 4955
565	35	36	30	115 188 268 355 531 602 704 708 2028 2072 2184 2300 2760 2814 3556 3579 4783 4984
569	33	85	30	35 70 147 219 571 637 921 1342 1472 1750 2327 2682 2800 3356 3729 4098 4128 4711
576	31	158	30	323 365 866 928 1095 1224 1458 1569 1794 3171 3209 3231 3656 3777 3898 4112 4637 4768 4898 4996
578	25	258	30	664 1192 1249 1369 1416 2126 2780 2844 2849 3175 3302 3438 3852 3922 4089 4168 4490 4997
582	23	152	30	39 731 1159 1248 1366 1438 1557 1921 2113 2136 2250 2378 2722 3181 3397 3608 4509 4917
585	20	257	30	42 837 1379 1540 1612 1620 2120 2356 2434 2685 2738 3469 3676 4229 4241 4328 4450 4596 4762 4981
591	2	64	30	450 934 1587 1734 2494 2573 2651 2805 2880 3414 3760 3859 3959 3997 4318 4508 4895 4987
593	24	96	30	25 40 116 576 868 904 1288 1291 1602 1745 3789 3809 3886 3965 4052 4469 4641 4708 4786
597	29	146	30	74 199 282 506 764 892 950 961 1671 1914 2321 2366 3080 3272 4041 4106 4355 4787
621	1	8	30	395 424 1137 1296 1389 1692 2026 2032 2419 3203 3235 3292 3319 3392 3410 3427 3489 3559 3998 4472
631	37	13	30	145 241 603 977 2047 2114 2483 3105 3419 3475 3795 4012 4149 4358 4561 4636 4693 4936
639	15	221	30	75 228 229 394 472 1493 1738 1943 2403 2750 2753 2924 2961 3060 3101 3190 4422 4546 4908
648	21	19	30	64 155 237 359 769 1478 1679 1863 2018 2059 2073 2912 2915 3658 4417 4452 4650 4840 4875 4896
665	32	55	30	118 160 409 606 657 1371 1717 2034 2162 2583 2590 2631 3500 3600 3603 4152 4157 4171 4794 4802
669	13	256	30	174 240 661 867 1678 1799 2752 2777 2781 3196 3663 3799 3892 4294 4484 4670 4704 4765 4832
679	39	415	30	29 933 1174 1254 1634 1934 2206 2270 2326 2610 2638 2724 3446 3464 3987 4401 4909 4919
700	28	139	30	78 171 1025 1258 1280 1359 1504 1708 2455 2785 2852 2897 3051 3775 4425 4513 4533 4557 4932
703	16	213	30	269 529 581 843 1274 1454 1525 1665 1869 1897 2266 2453 2524 3040 3100 3986 4438 4620 4925 4957
741	34	345	30	480 826 859 893 1214 1417 2829 3136 3154 3308 3329 3632 3784 3866 4273 4432 4664 4923
746	8	25	30	173 290 320 573 1024 1166 2751 3355 3520 3592 3640 4196 4253 4296 4524 4697 4930 4979
755	3	121	30	101 326 1707 1759 1784 1790 2118 2515 3027 3246 3534 3990 4047 4251 4268 4556 4810 4819 4835
775	14	250	30	217 566 835 856 1500 1576 1617 1962 1984 1991 2238 2285 2409 2650 3068 3460 3635 4461 4756 4964
783	36	115	30	414 459 630 1099 1171 1212 1892 1937 2074 2112 2205 2296 3224 3375 3577 4062 4133 4346 4676 4844
822	22	367	30	689 811 1031 1701 2062 2141 2210 2368 2813 3053 3425 3782 3826 4025 4109 4360 4373 4521 4971
838	27	321	30	949 1008 1093 1203 1321 1492 1628 1751 2264 2504 2749 3077 3510 3571 3613 3763 4086 4130 4262 4324
855	5	28	30	362 527 814 1277 1376 1858 1929 2173 2605 2656 2942 3096 3112 3815 3932 4016 4609 4755
862	40	226	30	248 273 634 773 939 1015 1043 1191 1378 1522 1550 1626 1879 2132 2402 2667 3440 3754 4336
890	9	346	30	221 1334 1494 1908 2144 2170 2488 2594 2930 3033 4060 4135 4232 4376 4507 4518 4593 4605 4606 4660
891	4	424	30	152 1035 1664 1704 1732 1935 2513 2810 2928 3416 3563 3925 4079 4219 4283 4397 4414 4465 4890
8	11	315	30	490 1838 1956 2465 2474 2476 2978 3135 3185 3461 3566 3615 4255 4311 4351 4934
24	7	274	30	126 402 446 895 1152 1451 1479 2009 2257 2345 2628 3049 3262 3521 4117 4393 4449
30	18	203	30	235 509 1014 1044 1145 1395 1741 1824 1871 2350 2701 2881 2922 3115 3178 3619 3960
45	19	254	30	198 254 340 368 687 1889 2076 2223 2983 3102 3173 3487 3752 4269 4444 4531 4723 4882 4886
48	10	209	30	599 720 1124 1906 1988 3140 3241 3344 3364 3575 3769 3904 3945 4067 4107 4541 4595 4612 4662
87	30	222	30	559 710 802 1443 1662 1748 1793 2365 2693 2815 3187 3322 3685 3694 3718 3975 3977
91	17	279	30	104 125 863 1232 1566 1757 2167 2181 2187 2268 2393 2664 2746
108	38	202	30	176 338 550 1097 1271 1710 2260 2325 2499 2508
124	6	118	27	252 270 1643 2520 2571 2630 2925 3316 3482 3519 3826 4067 4409 4410 4434 4480 4680 4911
144	6	432	25	151 621 622 739 909 934 1174 1431 1525 1722 2124 2193 2661 3448 3770 4468 4601 4814 4926
157	6	401	23	51 300 380 514 567 719 906 1181 1225 1464 1521 1938 2336 2368 2523 2804 2966 3656 3756
197	6	322	21	317 347 582 755 806 1209 1234 2256 2582 2627 2960 3140 3594 3628 3783 4254 4315 4920 4923
215	6	89	19	9 45 252 263 825 966 1252 2154 2215 2589 2929 2989 3175 3200 3244 3370 3373 3952 4186
227	6	32	17	693 919 1046 1187 1406 1470 1511 1740 1923 2040 3434 3803 3819 3834 3854 4209 4499 4609 4922
232	6	65	15	67 360 407 682 980 1235 1568 2138 2857 2875 2893 2957 3791 3805 3861 4387 4436 4719 4806
247	6	3	13	679 911 1017 1460 1820 1838 1923 2506 2559 2583 2735 3225 3598 3662 3887 4177 4382 4619 4766
258	6	216	11	130 189 486 722 783 830 875 1591 2308 3398 3434 3499 3671 3790 3854 4306 4501 4517
262	6	24	9	7 35 467 758 938 1079 1127 1411 1466 2176 2430 2544 2625 3468 3856 4057 4400 4808 4994
285	6	312	7	52 317 638 861 997 1220 1306 1386 1719 2473 2710 3150 3182 3716 4006 4235 4262 4905 4949
323	6	237	5	94 172 608 725 918 1526 1607 1802 1963 2164 2431 2487 2705 2737 3160 3275 3566 3818 4335
328	6	449	3	251 440 901 1008 1042 1059 1153 1337 1421 1644 1790 2255 2346 2380 2913 2943 4505 4986
385	6	450	1	175 244 384 816 1405 1877 2344 2535 2976 3372 3394 3679 3713 3926 4719 4721
411	12	237	27	272 515 1336 1780 2139 2639 2837 3304 3532 3536 3588 3772 4323 4436 4459 4637 4859 4991
416	12	215	25	103 106 270 462 694 1135 1389 1885 1926 2255 2672 3266 3279 3404 3655 4278 4303 4616 4795
418	12	330	23	212 434 454 508 767 1260 1619 1716 1937 2436 2777 2901 3242 3564 3839 3972 4194 4782
423	12	412	21	122 577 656 676 734 785 796 915 1165 1173 1529 1736 2099 3177 3630 3893 4034 4589 4832
438	12	172	19	154 282 379 533 570 768 804 1545 1886 2537 2758 3194 3275 3288 3428 3653 3820 3911
454	12	353	17	404 833 1154 1268 1407 1562 2030 2215 2376 2563 3382 3413 3720 3837 4391 4406 4408 4646 4808
462	12	341	15	223 333 820 1032 1138 1566 1639 1891 2431 3186 3228 3232 3662 4021 4143 4862 4864 4879
471	12	17	13	434 470 620 771 779 931 1000 1606 2169 3118 3134 3582 3597 4139 4587 4767 4817 4861 4933
476	12	20	11	250 278 561 968 1196 1824 1967 2213 2799 2839 3029 3043 3151 3308 3737 3856 4119 4222 4864
478	12	51	9	352 802 804 999 1123 1328 1421 1620 1648 1806 2004 2494 2864 2908 3342 3455 3870 4972
483	12	97	7	507 678 1548 1560 1562 1572 1671 2210 2240 2522 3199 3275 3709 4141 4155 4382 4576 4957
492	12	103	5	152 215 229 246 335 709 852 2119 2303 2402 2404 2748 3288 3418 3871 3931 4293 4848 4888
509	12	270	3	349 1432 1455 2066 2709 2742 2769 2939 3162 3188 3560 4018 4295 4498 4543 4576 4826 4843 4933
528	12	325	1	189 193 363 461 938 1270 1730 1766 1888 2105 2135 2202 2240 2462 3265 3376 3897 4121 4896
529	26	400	27	268 660 728 815 840 1323 1365 1386 1728 1767 2013 2171 2592 2623 3445 3561 3757 4754
533	26	355	25	171 179 598 780 1023 1057 1129 1132 1565 1923 1932 2225 2252 2621 2649 3184 3646 3947 4489
538	26	210	23	45 99 204 289 504 534 811 898 981 1129 1149 1176 2823 2849 3485 3541 4156 4304 4476
539	26	229	21	619 1864 2160 2250 2262 2406 2430 2949 2974 2978 3291 3489 3558 3563 3924 4077 4367 4595 4734
548	26	257	19	190 407 516 537 1216 2183 2276 2280 2529 2599 2609 2612 3877 4055 4418 4469 4735 4977
580	26	156	17	2 91 160 199 531 927 1199 1914 2133 2527 2852 2939 3180 3250 3565 3606 3612 3729 4506
583	26	140	15	42 144 190 322 1136 1276 1673 2105 2241 2474 2687 3180 3854 3860 4044 4221 4696 4787
596	26	71	13	669 1213 1281 1424 1743 1779 1940 2826 2933 3391 3506 3653 4121 4170 4189 4481 4682 4758 4972
603	26	170	11	265 924 1168 1243 1540 1782 2076 2091 2436 2569 3050 3628 3908 3940 4016 4178 4574 4615 4817
647	26	445	9	117 182 281 431 551 1408 1508 1528 1691 1771 1816 2036 2926 3018 3114 3957 4020 4385 5000
658	26	441	7	12 93 1206 1416 1751 2041 2078 2538 2603 2754 3116 3500 3593 3938 4275 4389 4494 4555 4867
705	26	272	5	88 193 206 333 767 1333 1502 2057 2147 3035 3039 3553 3652 3668 3913 4246 4344 4564 4607
712	26	91	3	144 346 380 649 1401 1536 1837 2055 2060 2146 2249 2531 2936 3051 3649 3781 4734 4767
721	26	227	1	44 257 445 570 762 975 1016 1391 1570 1696 1827 1946 2648 3206 3382 4402 4585 4621 4846
729	35	145	27	1008 1279 1507 1650 2086 2400 2716 2797 2861 3011 3195 3509 4074 4168 4266 4614 4936
731	35	43	25	37 445 579 753 910 1234 1383 1495 2518 3186 3509 3522 3768 3998 4258 4345 4477 4760
733	35	373	23	4 205 288 651 889 1498 1578 1645 1709 1825 2819 3110 3378 3385 3458 3595 3668 4492 4933
797	35	119	21	557 1131 1222 1310 1386 1492 1523 1836 2012 2517 2562 2650 2708 2863 2879 3620 3875 4125 4945
811	35	323	19	553 611 674 876 969 1133 1142 1405 1733 1893 2073 2562 2597 2869 3290 3306 3983 4369 4411
821	35	244	17	226 632 1291 1435 1480 1490 1710 1897 2236 2702 2891 3204 3267 3970 4198 4273 4564 4592 4632
839	35	180	15	28 469 1193 1282 1310 1383 1625 1637 2002 2052 2441 2514 3087 3248 3352 4042 4136 4148 4470
843	35	78	13	10 81 172 451 883 1145 1473 1989 2040 2419 2451 2734 2872 3067 3413 3530 4283 4466 4780
846	35	273	11	50 169 241 413 806 1072 1197 1230 1299 1376 2396 2936 2964 2977 3131 3573 3682 4043 4750
894	35	425	9	158 194 256 372 867 1658 1854 1875 2334 2470 2503 2706 2873 3463 3909 4322 4412 4453 4902
898	35	429	7	190 844 1059 1821 1932 1958 2003 2180 2789 2806 3019 3162 3434 3796 3824 3898 4083 4209 4686
900	35	346	5	73 253 514 720 894 907 1250 1463 2083 2735 2747 2909 3278 3481 3596 4586 4670 4974
17	35	119	3	952 1006 1300 1586 1715 1813 1839 1960 2164 2771 2824 3219 3400 3850 3946 4048 4864
42	35	113	1	716 734 987 1128 1325 1435 1626 2547 2748 2851 3034 3133 3174 3214 3749 4033 4122 4424
55	33	296	27	465 992 1141 1357 1495 1744 1849 2080 2480 2764 3024 3399 4071 4304 4316 4508 4727 4851
65	33	403	25	476 558 814 1100 1439 1857 2175 2576 2623 3013 3125 3211 3289 3362 3493 3717 4465 4734
80	33	50	23	328 417 643 652 732 790 1022 1063 1899 1983 2341 2941 3580 3722 4205 4224 4268 4946
86	33	4	21	13 58 69 242 1687 1752 2132 2420 2861 3065 3142 3262 3397 3453 4464 4701 4720 4881
88	33	259	19	16 574 886 1078 1373 2086 2255 2300 2802 2821 3079 3146 3900 4169 4201 4235 4793 4958
109	33	33	17	300 1761 1946 2028 2154 2389 2440 2570 2598 2877 3429 3685 3773 4019 4167 4259 4421 4942
117	33	109	15	357 752 950 989 1328 1346 1781 2117 2149 2305 2312 2436 3414 3435 3703 4293 4518 4597
122	33	182	13	89 300 350 486 955 1211 1298 1469 2143 2279 2844 3289 3673 3902 3930 4413 4440
134	33	137	11	100 342 1033 1095 1176 1541 1919 2030 2335 2425 2814 3472 3525 3822 4555 4591 4844 4886
145	33	420	9	204 255 528 721 1097 1695 1711 2063 2460 2686 2922 3433 3476 3570 3646 3816 4297 4894
170	33	276	7	53 289 673 1182 1734 2054 2204 2563 2719 2745 2895 2980 3317 3414 3495 3848 3934 4097
183	33	141	5	112 321 817 942 1272 1312 1357 1865 2096 2279 2507 2831 3110 3542 3684 4259 4505 4593
200	33	33	3	136 682 1009 1194 1418 1682 1769 1958 2384 2449 2501 2854 3367 3829 4087 4671 4695
229	33	194	1	298 428 457 475 547 898 2585 2607 2713 3500 3671 3915 4026 4302 4358 4420 4614 4962
241	31	386	27	135 950 968 969 1424 1988 2850 2952 3019 3158 3205 3226 3700 3770 3939 4017 4165 4395
245	31	282	25	29 80 645 1233 1858 2345 2353 2697 2797 3403 3602 3858 3862 3903 4050 4283 4376 4464
249	31	122	23	244 251 257 681 1496 1518 1658 1821 2626 2697 2940 2985 3034 3710 3864 4140 4260 4527
269	31	186	21	129 483 522 1264 1746 1962 2814 2929 3487 4136 4184 4258 4288 4353 4671 4892 4955
278	31	348	19	43 546 875 916 1413 1488 1647 2207 2652 2931 3007 3086 3664 3669 4151 4373 4622
301	31	370	17	291 859 1081 1381 1399 1759 1764 2127 2446 2465 2614 2805 2874 3225 4274 4531 4555
306	31	419	15	1090 1239 1497 1630 2180 2303 2413 2515 2914 2968 3321 3381 3439 4120 4142 4918
321	31	291	13	153 158 222 677 1426 1682 2338 2342 3294 3487 3620 4114 4190 4248 4375 4529 4759 4926
339	31	64	11	10 995 1315 1814 1880 1942 2039 2119 2536 3772 3873 4054 4102 4157 4479 4639 4952 4980
343	31	35	9	640 983 1276 2497 2542 2669 2714 3690 3791 3941 3976 4046 4067 4140 4487 4738 4911
354	31	18	7	20 277 357 386 400 949 1067 1369 2032 2690 2902 3842 4635 4780 4781 4922 4985
355	31	60	5	140 344 450 1242 1329 1394 1961 2723 2919 2992 3353 3618 3669 4262 4602 4763 4788
369	31	159	3	224 744 1065 1249 1358 1516 1966 2523 2754 2789 3168 3359 3371 3447 3511 3924 4492
427	31	162	1	574 812 821 1160 1210 1523 1539 2205 3020 3261 3357 3605 4616 4660
468	25	49	27	162 498 970 984 1057 1384 1520 1680 1876 2442 2467 2641 3217 3386 3435 3890 4056 4667
474	25	58	25	177 212 1555 1840 2069 2322 2951 3613 3783 3868 3873 4102 4221 4270 4534 4582 4741
479	25	220	23	227 707 795 915 954 959 1807 3565 3708 3740 3775 3809 4242 4244 4730 4861
507	25	32	21	324 766 1073 1188 1286 1834 1931 3475 3481 3548 3771 3999 4334 4504 4666 4841
517	25	193	19	135 241 562 657 1061 1340 1449 2028 2502 2765 3132 3326 3408 4328 4677 4910 4926 4939
521	25	307	17	195 1195 1437 1521 1699 1725 1976 2402 2508 2582 3683 4584 4780 4846 4890 4972 4983
522	25	112	15	161 240 660 965 1265 1720 1753 2111 2940 3152 3496 3538 4085 4312 4327 4396 4419 4822
556	25	177	13	442 690 807 1273 1283 1290 1742 1781 2231 2289 2305 2646 2676 2983 2996 4172 4396 4523
577	25	352	11	3 133 881 943 1054 1178 1308 1851 1980 2317 2467 2756 3111 3518 3974 4323 4590
614	25	428	9	177 401 507 586 1240 1593 1898 2061 2438 2947 3238 3338 3423 3613 3742 4661 4849 4968
620	25	261	7	235 797 1023 1336 1370 1538 1591 1816 2304 2484 2774 2862 2892 3274 3290 3410 4951
638	25	189	5	595 809 824 1039 1090 1274 1531 1563 1623 2515 2618 2997 3489 3719 4237 4279 4666
697	25	414	3	130 422 641 700 790 1468 2327 2708 2795 2971 2973 3158 3463 4315 4521 4716 4796 4816
718	25	129	1	243 274 670 858 933 1173 1295 1617 1832 1836 2200 2365 3137 3239 3611 3821 3875 3970
720	23	401	27	499 508 524 1111 1173 1207 2281 2352 2503 3491 3838 3930 4443 4786 4820 4966 4971 5000
745	23	59	25	379 417 719 1163 1231 1429 1629 1846 1924 3000 3239 3919 4120 4154 4351 4746 4983
747	23	73	23	73 233 1232 1970 2043 2065 2163 2755 2918 3032 3045 3836 3869 3964 4338 4489 4793 4969
771	23	394	21	231 277 284 1362 1527 1725 1950 2394 2595 2754 3031 3077 3124 3767 3862 3916 4122 4486
808	23	48	19	112 128 163 622 679 738 959 1157 1641 2325 2354 2858 3135 3948 4307 4404 4451 4755
834	23	294	17	501 551 582 674 778 925 1005 1293 1663 1664 1683 2766 3550 3917 4092 4277 4705 4955
836	23	28	15	345 442 1183 1552 1935 2094 2221 2700 2990 3280 3493 3755 3926 4073 4227 4233 4659 4703
852	23	196	13	334 1495 1505 1710 2074 2662 2802 2870 2936 3068 3099 3212 4033 4242 4478 4479 4721 4966
866	23	11	11	230 246 328 666 781 1802 2426 2634 2877 2884 3061 3156 3297 3823 4470 4830 4912 4967
877	23	365	9	504 837 1058 1229 1330 1491 1505 1850 3368 3390 3452 3521 3558 4126 4500 4781 4859
883	23	246	7	136 204 604 689 1101 1659 1672 2306 3037 3086 3389 3398 3639 3733 4199 4718 4870
26	23	381	5	378 945 1600 1692 1968 2235 2280 2587 2945 2946 3144 3370 3599 3800 3991 3994 4252
35	23	230	3	188 989 1102 1119 1519 1630 1722 1749 1765 1801 2491 2688 2711 2800 3461 3714 3923
164	23	359	1	432 685 805 1009 1312 1333 2155 2337 2550 2659 2841 2898 3621 4086 4215 4528 4952
165	20	300	27	184 369 686 1019 1425 1592 3037 3193 3219 3546 3614 3855 3933 4500 4648 4870 4909
168	20	262	25	250 1610 2024 2053 2324 3326 3407 4007 4070 4198 4305 4372 4395 4623 4728 4884
182	20	366	23	40 399 538 1205 1442 1882 1898 2281 2383 3794 3850 3859 4324 4724
190	20	14	21	218 349 494 510 1769 2115 2493 2857 2896 2920 3060 3154 3293 4108 4189 4359 4683
196	20	370	19	149 245 633 1375 1385 2054 2163 2786 3062 3226 3359 3426 3624 3972 4277 4364 4699
223	20	235	17	589 661 850 879 1093 1423 1693 2890 2988 3077 3125 3886 4352 4751 4826 4958
231	20	416	15	347 661 753 914 925 955 1001 1670 1698 1760 1772 1955 2666 3094 3852 3880 4434
253	20	328	13	338 717 1117 1143 1146 1330 1677 2137 2401 2446 2530 2611 2891 3033 3197 4041 4950
260	20	255	11	320 325 354 565 622 769 911 1387 1466 1505 1983 2357 2460 2670 3130 4530 4672
299	20	345	9	662 1339 1517 2088 2412 2607 2771 2782 2896 3213 3251 3278 3424 3683 4214 4356 4509
303	20	156	7	7 292 707 1252 1614 2223 2550 2708 2749 2790 2961 3012 3986 4432 4450 4458
331	20	404	5	290 323 545 906 916 960 1774 1794 2146 2546 2649 3104 3436 4289 4570 4629
352	20	366	3	470 532 1126 1201 1489 1804 2087 2145 2314 2476 2992 3025 3096 3099 3417 4158 4637
356	20	131	1	943 961 1348 1508 1638 2104 2348 2464 2636 3850 3921 4317 4441 4476 4527 4817 4998
359	2	350	27	343 632 733 812 1264 1789 2454 2475 3212 3731 3812 3903 4455 4483 4485 4770 4929
360	2	349	25	992 1014 1529 1546 1573 1588 1724 2233 2444 2498 2889 3176 3328 3352 4457 4655 4687
376	2	43	23	92 430 554 867 937 1039 1666 1725 1916 2932 2937 3634 3758 4069 4560 4798
394	2	435	21	22 691 1089 1499 1766 1805 2026 2182 2681 3117 3234 3494 3513 4134 4530 4570 4646
398	2	283	19	319 366 559 712 1693 2108 2220 2366 2701 3138 3280 3608 3620 4150 4265 4502 4674
431	2	433	17	49 375 542 1322 1442 1874 1922 2618 3028 3029 3155 3432 3750 3985 4203 4660 4767
477	2	418	15	89 446 596 613 1321 1613 1750 2262 2482 2845 3528 3863 3982 4222 4224 4428 4462
504	2	154	13	62 79 102 166 427 799 1549 2514 2640 2773 3128 3804 4023 4130 4182 4431 4876
518	2	268	11	572 639 776 796 940 1660 1859 1995 2090 2243 2384 2658 3036 4098 4701 4705
524	2	166	9	64 127 428 481 485 1138 1267 1369 1488 2171 2271 2376 2379 2843 3915 4482 4628
527	2	138	7	172 378 584 1607 1645 1868 1986 2989 3160 3314 3636 3935 4111 4294 4317 4688
553	2	354	5	34 108 386 528 664 1974 2050 2101 2298 2660 2865 3473 3537 3975 4243 4418 4940
555	2	120	3	51 424 479 714 922 929 996 1262 1841 2732 2996 3221 3579 3707 4442 4598 4943
574	2	337	1	77 311 468 743 877 1188 1329 1331 2216 2530 2695 3052 3819 4331 4349 4559 4815
607	24	211	27	444 692 864 940 957 988 1375 1595 2333 2516 2587 3197 3442 3780 3955 4615 4961
610	24	326	25	35 392 576 830 1226 1869 2108 2329 2530 2773 3065 3285 3378 4167 4227 4250 4504
623	24	165	23	47 83 603 705 1003 1249 1754 2198 2547 2614 2706 2772 3526 3575 3876 4191 4985
633	24	261	21	76 111 450 892 1270 1432 1875 1938 2219 3195 3357 3415 3438 3863 4407 4622 4839
728	24	149	19	131 344 852 1928 2063 2133 2180 2600 2847 2986 3167 3193 3365 3907 4022 4365 4368
743	24	148	17	479 635 832 1384 1433 1440 1780 1912 2071 2485 2803 3277 4512 4661 4733 4789
750	24	190	15	603 803 1287 1331 1454 1870 1887 1895 2297 2425 2577 2644 2913 4012 4494 4794 4811
754	24	335	13	343 531 965 1428 2278 2934 3726 3747 3891 3963 4008 4088 4563 4894 4913
759	24	23	11	193 492 609 744 905 1396 1996 2249 2306 2826 2989 3092 3456 3893 3980 4651
760	24	41	9	31 497 699 1420 2267 2405 2526 2728 2765 2792 3282 3320 3471 3632 4334 4437 4513
761	24	170	7	239 287 573 752 1013 1072 2038 2120 2171 2861 2926 2937 3409 3799 4658 4827
799	24	309	5	507 946 956 970 1348 2286 2545 2547 3149 3379 3387 3472 4238 4316 4580 4814
800	24	102	3	127 435 829 1101 1209 1230 1581 1611 2188 2344 2894 3667 3702 3961 4364 4917 4989
810	24	387	1	225 525 555 791 1241 1409 2140 3395 3661 3666 3764 3905 4076 4579 4622 4713 4977
815	29	167	27	85 425 670 1193 2227 2533 2570 2831 3230 3271 3378 3756 4378 4493 4516 4832
827	29	226	25	440 748 761 849 957 1112 1472 1547 1702 1716 2919 3207 3369 3536 3671 3675 3739
840	29	394	23	250 296 303 872 999 1216 1964 2027 2159 2409 3008 3406 3835 3871 4456 4653
850	29	12	21	416 836 885 1301 1556 2833 3159 3261 3547 3577 3605 3832 3869 4181 4553 4956
865	29	246	19	266 278 375 605 735 841 1501 1509 2992 3185 3537 3675 3886 4097 4163 4636 4937
878	29	188	17	376 631 864 3158 3402 3443 3590 3715 3968 4158 4164 4208 4234 4280 4282 4321 4978
14	29	230	15	583 831 1139 1232 1978 2345 2565 2588 3286 3629 4131 4230 4325 4522 4653 4800
71	29	191	13	847 1028 1030 1547 1917 2010 2125 2360 2371 2532 2566 2692 3560 3863 4049 4834
96	29	161	11	237 427 876 891 2313 2319 2557 2768 2948 3227 3844 3889 4059 4722 4929
97	29	368	9	1436 1503 1515 1597 2225 2343 2918 3287 3532 3838 3959 4427 4654 4844
98	29	128	7	191 1142 1450 1677 2175 2298 2579 3006 3245 3435 3642 3971 4121 4280 4415 4630
193	29	218	5	228 813 923 1414 1542 2563 2718 3781 3849 3883 4049 4535 4652 4665 4938
233	29	153	3	257 354 454 2260 2480 2812 2927 2974 3330 3584 3919 4560 4785 4849 4920 4960
237	29	95	1	79 207 280 614 736 914 989 1724 1914 2381 2674 2700 3976 4567 4953 4975
302	1	146	27	68 666 760 850 1125 1129 2166 2182 2624 3296 3343 3682 3710 4251 4463 4510
314	1	290	25	1154 1257 1263 1466 1485 1622 1720 1960 2332 2799 2980 3720 4103 4205 4383 4886
335	1	327	23	115 272 381 391 631 879 2061 2635 2968 3230 3460 3600 4252 4620 4887 4980
336	1	178	21	88 401 561 579 810 944 1263 1720 1886 3273 3303 3715 3787 3920 3962 4468
341	1	37	19	409 1213 1455 1936 2017 2228 2383 2770 2933 2946 3868 4197 4309 4348 4355 4645
386	1	324	17	410 601 1368 1612 1802 2640 2916 3067 3229 3453 3868 4077 4314 4381 4828
460	1	330	15	34 238 855 1395 1471 1933 2036 2658 3070 3168 3284 3481 3876 4049 4603 4796
480	1	305	13	51 402 783 824 976 1191 1559 2134 3008 3501 3571 4165 4425 4595 4739
499	1	265	11	8 309 600 896 1105 1251 1397 1977 2372 3163 3439 3516 4542 4733 4865 4971
523	1	1	9	111 353 982 1083 1162 1350 2410 2576 2680 3144 3579 3594 4028 4311
605	1	36	7	356 512 1038 2130 2372 2554 2824 3197 3497 3567 3666 4580 4666 4891 4990
618	1	176	5	225 310 948 1945 2037 2730 2783 3109 3181 3239 3691 3694 4120 4284 4657 4921
649	1	241	3	104 658 1012 1287 1293 2091 3530 3543 4109 4135 4579 4614 4901 4931
698	1	120	1	206 224 650 1286 1304 1353 1991 2400 2737 2960 3189 3246 3344 4641 4749 4907
767	37	52	27	239 438 967 1215 1606 1683 2079 2306 2590 2653 3050 4040 4610
777	37	234	25	499 604 855 1025 1501 1728 1808 3046 3540 3697 3944 4096 4261 4406 4723 4967
786	37	173	23	848 1761 1967 2267 2374 2651 3116 3445 3479 3707 3808 3905 4157 4510 4841 4907
787	37	358	21	261 382 716 1448 1533 2005 2215 2642 3003 3592 3809 3820 3921 3963 4007 4094
829	37	174	19	729 866 878 1044 1397 3023 3254 3640 3823 3850 3895 4263 4577 4731 4806
841	37	336	17	460 738 870 991 1224 1289 1396 3042 3121 3966 4548 4573 4685 4851
12	37	82	15	337 522 549 1478 1709 2581 2973 3465 3583 3624 3707 3989 4026 4902 4964
44	37	369	13	611 647 822 1042 1841 2136 2164 2233 2399 2615 2875 2987 3401
79	37	238	11	262 275 393 517 652 1160 1188 2016 2156 2519 2938 2940 3603 3759 4677
89	37	123	9	173 333 508 778 1580 2571 2683 2943 3117 3139 3796 3983 3988 4070 4307
195	37	143	7	529 1246 2022 2308 2654 2913 3710 4147 4150 4181 4362 4701 4815 4935
254	37	325	5	177 784 1217 1352 1805 2001 2354 2556 2766 3059 3377 3836 4156 4400
286	37	419	3	291 883 1548 2002 2212 2533 2538 2696 3475 3695 3864 4126 4139 4308 4529
295	37	127	1	177 862 1049 1161 1256 1310 1376 1603 1819 1881 2277 2767 3128 3715 4900
338	15	361	27	1137 1922 2122 2285 2902 3068 3147 3246 3441 4153 4208 4336 4903 4905
348	15	328	25	54 280 544 1120 1259 1344 1831 2023 2507 2722 3478 3582 3745 3847 4357
421	15	203	23	72 978 1069 1158 2411 2479 2856 3300 3547 3762 3929 4019 4154 4323 4999
440	15	106	21	343 390 550 1219 1507 2013 2357 2769 2957 3268 3476 4064 4404 4984
444	15	236	19	552 1320 1350 1410 1632 2132 2468 2733 2883 3120 3887 4185 4535 4684
452	15	297	17	34 60 530 747 1957 2087 2360 2632 2698 2834 3601 3712 4003 4640
513	15	235	15	164 766 1104 2172 2668 2868 2962 3085 3225 3250 3272 3712 3837 4831 4973
544	15	307	13	143 207 587 726 893 1553 1879 2846 3014 3575 3709 4066 4137 4462 4915
579	15	38	11	316 375 487 795 1009 1194 1323 1338 2195 2220 2327 2572 3378
592	15	150	9	54 122 411 579 1287 1672 1699 1834 2710 2830 3091 4560 4750 4847
598	15	392	7	710 971 995 1056 1092 1380 1456 1775 2272 2571 2985 3369 3924 4079 4769
615	15	19	5	57 485 951 1176 1349 1656 1697 2107 2457 2463 2670 2796 3661 4837 4877
675	15	252	3	407 794 812 813 861 872 1913 2787 2794 3308 3533 3994 4055 4891
740	15	411	1	608 619 684 1022 1080 1383 1595 1675 1808 1846 2646 3042 3202 3337 4171
780	21	151	27	588 605 779 1239 2064 2104 3015 3113 3115 3202 3228 3454 3878 4124 4311
792	21	207	25	274 312 498 611 826 1741 1832 2282 2876 3097 3335 3816 3900 4846
820	21	192	23	367 1845 2277 2558 2674 2801 2874 3266 3376 3596 3677 4001 4941
825	21	447	21	637 700 740 1326 2348 2726 2860 2942 3459 3471 3608 3675 4102 4309 4874
879	21	425	19	113 187 350 707 1024 1302 1474 1504 3058 3511 3585 3730 4047 4208 4303
896	21	196	17	110 1400 1973 2069 2295 2301 2420 2585 2861 3097 3191 3415 3848 4554 4728
29	21	314	15	147 296 553 730 1416 2109 2227 2260 2276 2923 3012 3364 4252 4730
33	21	218	13	168 436 831 1231 1345 1867 2072 2297 2743 3670 4100 4271 4427
94	21	233	11	204 287 314 585 1080 1735 2300 2878 3071 3368 4039 4433 4814 4965
142	21	8	9	324 1410 1483 1818 2049 2523 2579 2600 2622 2744 2963 3146 3700 4166
150	21	21	7	517 536 757 866 1621 1977 2083 2604 3558 4029 4511 4888 4952
176	21	101	5	115 598 1370 1589 1637 1658 1916 2094 2199 2397 2403 2454 3829 3912
209	21	155	3	180 304 931 1171 1381 2336 2798 3610 3621 3635 4421 4475 4645 4801
220	21	292	1	97 360 592 963 1506 2022 2536 2876 3129 3564 3672 3872 3973 4116
248	32	3	27	768 845 941 1594 2190 2424 3741 3879 3885 4119 4592 4608 4630 4899
305	32	405	25	165 1714 1748 1782 1968 2285 2433 2599 2900 3291 3581 3589 4475
342	32	339	23	220 397 727 1475 1483 1785 2048 2353 2608 2808 3014 3225 4359 4473
378	32	304	21	322 398 506 581 639 1054 1684 2220 2264 3161 3341 3517 4182 4344
391	32	310	19	123 390 1038 1431 1444 2512 3400 3535 3838 3996 4031 4453 4612 4976
400	32	68	17	370 1147 1209 1461 1916 1926 2156 2200 2457 3015 3497 4304 4364 4562
526	32	217	15	1648 1854 2264 2339 2340 2343 2865 3165 3309 3507 3674 4153 4732 4752
600	32	204	13	84 946 962 1136 1250 1810 1899 2621 2749 3680 3908 4443 4644
608	32	301	11	299 903 1059 1294 1398 1527 1642 1739 2056 2063 3116 3740 4329 4497
662	32	269	9	885 1263 1417 1600 1690 1809 2273 3188 4727 4760 4865 4880
666	32	211	7	121 219 230 523 868 956 1382 1657 3226 3417 3930 4670 4873
701	32	319	5	16 85 340 724 729 754 821 1561 1815 1948 2315 4264 4391
722	32	9	3	82 1445 1718 1962 2220 2284 3095 3426 3467 3752 3906 4031 4156 4175
744	32	321	1	455 518 749 753 971 1545 1922 1985 2326 3428 3563 4032 4968
161	13	76	27	138 289 1091 1281 1778 1910 2066 2399 2734 4523 4524 4526
162	13	130	25	87 325 1378 1655 2138 2323 2803 2846 4029 4144 4593 4757 4913
167	13	84	23	936 1303 2044 2055 2256 2511 3184 3342 3433 3832 4036 4220 4994
173	13	396	21	74 226 441 598 1148 1568 1612 2428 3020 3084 3789 3955 4463
212	13	393	19	39 208 741 1246 1487 1715 1965 2855 3281 3457 3623 4148 4983
496	13	388	17	405 480 723 930 1546 1965 2482 2778 3026 3726 3995 4318 4469
586	13	269	15	133 341 575 834 1076 1394 1450 1468 2725 3057 3109 3371 4905
589	13	71	11	253 839 1227 1332 1496 2763 3506 4211 4387 4402 4729 4857 4979
709	13	399	13	13 739 801 2447 3327 3734 3842 3978 4087 4445 4447 4621 4732
772	13	384	9	42 81 306 1096 2247 2383 2385 2449 2451 3539 3645 4663 4700
823	13	142	7	487 839 880 1064 1152 1422 2221 3032 3038 3108 3879 4568
84	13	5	5	494 1179 1611 2172 2217 2532 4014 4193 4321 4325 4575 4634
128	13	284	3	503 539 1014 1253 2554 2723 3790 3971 4631 4690 4765
226	13	318	1	1703 1804 1862 1890 2106 3339 3585 3693 4058 4096 4978
284	39	201	27	405 648 1158 1576 1740 1940 2319 2543 2612 3388 3547 3706
340	39	210	25	213 695 1392 1756 2153 2553 2780 2828 3662 4133 4893
657	39	97	23	285 591 874 1349 1819 3217 3379 3779 4270 4449 4551 4975
693	39	125	21	133 860 1077 1314 2775 2843 2862 2927 3581 3638 4116 4539
92	39	293	19	95 685 2307 2489 2575 3205 3334 3728 4113 4211
874	39	93	17	18 41 2739 2886 3315 3462 3464 3989 4299 4547 4725
105	39	21	15	1172 1796 2269 2742 2912 3203 3208 3720 3907 4015
876	39	442	13	609 2208 2782 3737 3764 3805 4472 4588 4755 4818
