Class Times	30
Rooms	40
1	28
2	263
3	78
4	49
5	985
6	223
7	516
8	440
9	684
10	341
11	875
12	592
13	757
14	456
15	151
16	235
17	955
18	256
19	901
20	698
21	300
22	796
23	345
24	206
25	313
26	564
27	235
28	210
29	539
30	817
31	481
32	468
33	511
34	29
35	420
36	502
37	747
38	157
39	218
40	926
Classes	1100
Teachers	550
1	162
2	165
3	141
4	81
5	4
6	35
7	113
8	267
9	214
10	37
11	276
12	513
13	69
14	42
15	117
16	122
17	524
18	223
19	177
20	150
21	93
22	191
23	549
24	343
25	322
26	128
27	515
28	346
29	546
30	450
31	218
32	397
33	220
34	265
35	91
36	475
37	37
38	87
39	459
40	524
41	303
42	22
43	329
44	91
45	474
46	169
47	466
48	229
49	439
50	19
51	392
52	306
53	475
54	39
55	209
56	108
57	210
58	515
59	313
60	427
61	550
62	311
63	105
64	191
65	268
66	40
67	322
68	418
69	486
70	259
71	175
72	101
73	50
74	314
75	319
76	408
77	474
78	544
79	176
80	308
81	430
82	243
83	224
84	303
85	123
86	76
87	547
88	462
89	255
90	301
91	286
92	199
93	269
94	204
95	250
96	291
97	219
98	140
99	102
100	455
101	415
102	15
103	534
104	69
105	166
106	522
107	82
108	280
109	388
110	112
111	480
112	378
113	142
114	434
115	391
116	55
117	381
118	433
119	184
120	424
121	550
122	463
123	459
124	60
125	424
126	500
127	333
128	275
129	59
130	528
131	196
132	252
133	378
134	484
135	432
136	404
137	355
138	545
139	339
140	305
141	195
142	65
143	84
144	29
145	488
146	172
147	345
148	222
149	129
150	20
151	245
152	168
153	425
154	447
155	55
156	497
157	517
158	70
159	491
160	155
161	210
162	142
163	176
164	1
165	447
166	23
167	110
168	269
169	235
170	264
171	132
172	430
173	319
174	63
175	11
176	388
177	491
178	486
179	483
180	480
181	158
182	337
183	4
184	65
185	161
186	337
187	265
188	442
189	321
190	529
191	499
192	256
193	351
194	67
195	440
196	24
197	198
198	419
199	274
200	98
201	529
202	87
203	284
204	482
205	248
206	405
207	248
208	82
209	217
210	13
211	168
212	495
213	123
214	407
215	18
216	125
217	88
218	70
219	544
220	471
221	307
222	307
223	126
224	6
225	500
226	200
227	23
228	473
229	253
230	301
231	33
232	135
233	249
234	498
235	115
236	76
237	227
238	124
239	525
240	154
241	403
242	244
243	77
244	152
245	369
246	79
247	81
248	279
249	487
250	133
251	408
252	129
253	36
254	366
255	100
256	149
257	412
258	38
259	28
260	140
261	183
262	194
263	470
264	177
265	267
266	157
267	92
268	276
269	155
270	185
271	138
272	507
273	503
274	121
275	26
276	298
277	169
278	137
279	360
280	455
281	542
282	453
283	292
284	342
285	464
286	199
287	297
288	365
289	158
290	50
291	492
292	433
293	137
294	271
295	446
296	427
297	464
298	381
299	296
300	345
301	329
302	172
303	434
304	122
305	249
306	44
307	102
308	366
309	64
310	514
311	285
312	321
313	39
314	481
315	360
316	61
317	445
318	120
319	299
320	401
321	302
322	58
323	426
324	30
325	289
326	97
327	3
328	339
329	391
330	264
331	355
332	448
333	45
334	443
335	101
336	532
337	414
338	526
339	327
340	531
341	523
342	470
343	61
344	537
345	402
346	266
347	420
348	335
349	205
350	259
351	75
352	11
353	419
354	100
355	288
356	365
357	236
358	221
359	440
360	174
361	215
362	240
363	449
364	299
365	2
366	497
367	231
368	126
369	138
370	289
371	194
372	369
373	530
374	297
375	10
376	343
377	354
378	185
379	432
380	272
381	246
382	483
383	548
384	379
385	246
386	237
387	261
388	271
389	163
390	60
391	90
392	325
393	184
394	361
395	399
396	394
397	359
398	399
399	387
400	528
401	166
402	305
403	159
404	233
405	357
406	473
407	364
408	35
409	45
410	523
411	252
412	14
413	119
414	469
415	521
416	144
417	277
418	291
419	534
420	426
421	506
422	236
423	206
424	456
425	8
426	335
427	313
428	494
429	414
430	95
431	219
432	285
433	402
434	454
435	193
436	6
437	255
438	30
439	104
440	458
441	446
442	278
443	375
444	120
445	296
446	468
447	377
448	340
449	86
450	228
451	375
452	410
453	478
454	542
455	86
456	350
457	384
458	421
459	364
460	263
461	33
462	456
463	13
464	359
465	7
466	8
467	513
468	165
469	277
470	368
471	147
472	40
473	324
474	368
475	57
476	436
477	472
478	327
479	308
480	232
481	393
482	541
483	318
484	29
485	481
486	254
487	68
488	331
489	132
490	16
491	521
492	83
493	457
494	242
495	228
496	503
497	180
498	496
499	208
500	178
501	12
502	134
503	349
504	306
505	215
506	244
507	178
508	342
509	387
510	457
511	268
512	405
513	207
514	270
515	128
516	256
517	403
518	443
519	204
520	232
521	352
522	186
523	348
524	324
525	316
526	136
527	336
528	49
529	111
530	379
531	145
532	295
533	452
534	10
535	226
536	134
537	206
538	411
539	151
540	416
541	21
542	105
543	2
544	41
545	111
546	223
547	422
548	59
549	90
550	546
551	143
552	421
553	479
554	461
555	549
556	411
557	108
558	410
559	525
560	197
561	380
562	28
563	396
564	216
565	26
566	401
567	326
568	294
569	532
570	510
571	531
572	114
573	377
574	114
575	386
576	417
577	148
578	420
579	146
580	346
581	71
582	42
583	181
584	182
585	207
586	352
587	507
588	341
589	452
590	18
591	19
592	88
593	371
594	161
595	498
596	156
597	32
598	334
599	292
600	239
601	74
602	235
603	85
604	220
605	146
606	362
607	356
608	198
609	494
610	451
611	351
612	353
613	462
614	461
615	439
616	130
617	409
618	358
619	57
620	14
621	208
622	144
623	66
624	154
625	78
626	333
627	428
628	435
629	436
630	202
631	227
632	258
633	448
634	334
635	217
636	467
637	384
638	22
639	80
640	278
641	52
642	174
643	332
644	374
645	386
646	397
647	230
648	118
649	157
650	24
651	195
652	315
653	501
654	493
655	143
656	97
657	492
658	320
659	527
660	284
661	422
662	7
663	127
664	326
665	311
666	280
667	36
668	106
669	449
670	282
671	78
672	109
673	68
674	106
675	482
676	66
677	328
678	496
679	371
680	520
681	263
682	468
683	179
684	545
685	133
686	295
687	79
688	406
689	237
690	336
691	234
692	16
693	273
694	238
695	197
696	25
697	200
698	56
699	110
700	423
701	458
702	404
703	390
704	489
705	147
706	281
707	312
708	229
709	52
710	348
711	116
712	31
713	141
714	501
715	400
716	95
717	209
718	92
719	58
720	341
721	540
722	153
723	466
724	53
725	151
726	526
727	5
728	31
729	193
730	149
731	202
732	51
733	250
734	325
735	372
736	310
737	62
738	536
739	490
740	453
741	15
742	300
743	139
744	508
745	83
746	437
747	423
748	270
749	183
750	226
751	493
752	537
753	522
754	478
755	358
756	182
757	25
758	547
759	471
760	451
761	127
762	490
763	504
764	85
765	318
766	390
767	331
768	465
769	469
770	300
771	243
772	476
773	320
774	160
775	274
776	510
777	247
778	376
779	56
780	119
781	450
782	150
783	257
784	121
785	392
786	328
787	118
788	454
789	340
790	67
791	548
792	94
793	216
794	330
795	74
796	205
797	130
798	94
799	472
800	262
801	349
802	224
803	354
804	332
805	152
806	261
807	164
808	75
809	344
810	429
811	477
812	479
813	394
814	517
815	362
816	258
817	115
818	538
819	47
820	136
821	363
822	43
823	247
824	363
825	179
826	21
827	234
828	286
829	96
830	47
831	347
832	315
833	429
834	543
835	407
836	53
837	444
838	511
839	107
840	98
841	508
842	93
843	514
844	231
845	400
846	413
847	41
848	316
849	438
850	173
851	63
852	34
853	260
854	266
855	389
856	160
857	262
858	212
859	437
860	282
861	245
862	3
863	484
864	463
865	504
866	428
867	214
868	317
869	293
870	502
871	109
872	89
873	170
874	77
875	445
876	103
877	373
878	467
879	34
880	254
881	162
882	383
883	374
884	20
885	167
886	260
887	302
888	438
889	383
890	125
891	238
892	298
893	476
894	393
895	442
896	435
897	518
898	159
899	38
900	1
901	104
902	71
903	540
904	509
905	477
906	382
907	409
908	5
909	344
910	502
911	27
912	287
913	512
914	103
915	288
916	221
917	350
918	73
919	361
920	416
921	230
922	181
923	385
924	84
925	417
926	356
927	164
928	131
929	251
930	203
931	413
932	338
933	187
934	353
935	444
936	112
937	317
938	148
939	520
940	187
941	72
942	242
943	465
944	519
945	338
946	203
947	406
948	163
949	543
950	415
951	539
952	211
953	113
954	190
955	527
956	539
957	304
958	518
959	201
960	153
961	43
962	425
963	218
964	412
965	310
966	12
967	380
968	192
969	535
970	533
971	506
972	32
973	253
974	536
975	312
976	519
977	17
978	512
979	499
980	107
981	211
982	72
983	116
984	441
985	330
986	170
987	460
988	382
989	196
990	124
991	396
992	225
993	279
994	167
995	251
996	139
997	370
998	117
999	171
1000	175
1001	389
1002	46
1003	213
1004	222
1005	293
1006	80
1007	489
1008	156
1009	186
1010	241
1011	17
1012	44
1013	287
1014	460
1015	96
1016	511
1017	9
1018	131
1019	173
1020	373
1021	290
1022	395
1023	213
1024	27
1025	46
1026	64
1027	385
1028	225
1029	273
1030	99
1031	487
1032	135
1033	488
1034	51
1035	73
1036	370
1037	367
1038	418
1039	530
1040	9
1041	376
1042	241
1043	309
1044	314
1045	201
1046	233
1047	257
1048	395
1049	54
1050	145
1051	509
1052	171
1053	535
1054	541
1055	188
1056	398
1057	275
1058	283
1059	290
1060	485
1061	304
1062	441
1063	190
1064	505
1065	89
1066	240
1067	281
1068	357
1069	272
1070	533
1071	49
1072	495
1073	367
1074	283
1075	192
1076	212
1077	485
1078	516
1079	347
1080	189
1081	309
1082	189
1083	180
1084	372
1085	431
1086	99
1087	505
1088	431
1089	54
1090	294
1091	516
1092	398
1093	188
1094	538
1095	239
1096	48
1097	48
1098	62
1099	323
1100	323
