Students	50
1	4 10 12 5
2	14 12 6 5
3	1 6 8 3
4	10 13 5 3
5	6 12 10 8
6	13 12 8 7
7	8 12 1 14
8	1 6 5 3
9	14 12 1 9
10	4 5 14 7
11	1 6 8 3
12	1 3 9 8
13	3 1 11 8
14	14 9 11 5
15	11 14 7 2
16	1 9 2 4
17	3 8 11 1
18	11 6 1 7
19	7 4 12 10
20	4 11 3 14
21	13 9 10 5
22	4 14 9 12
23	3 8 10 9
24	5 11 6 3
25	4 5 3 1
26	5 2 10 1
27	5 13 6 1
28	8 1 13 12
29	4 9 12 13
30	3 12 14 8
31	8 3 4 14
32	14 2 11 10
33	3 14 11 8
34	4 11 10 6
35	3 1 12 10
36	8 2 1 9
37	4 12 8 7
38	14 5 3 9
39	14 5 10 12
40	13 4 12 11
41	5 1 2 12
42	9 1 6 14
43	6 3 10 7
44	14 8 7 12
45	4 2 11 9
46	9 8 10 2
47	4 1 5 7
48	10 3 8 14
49	7 11 13 4
50	14 5 11 7
