Class Times	30
Rooms	40
1	843
2	152
3	767
4	609
5	808
6	422
7	658
8	495
9	589
10	445
11	14
12	186
13	995
14	538
15	489
16	602
17	144
18	74
19	502
20	160
21	620
22	391
23	843
24	511
25	229
26	587
27	260
28	176
29	789
30	48
31	87
32	465
33	180
34	557
35	839
36	801
37	488
38	126
39	703
40	885
Classes	400
Teachers	200
1	134
2	153
3	71
4	64
5	72
6	30
7	111
8	197
9	68
10	70
11	170
12	76
13	94
14	87
15	172
16	163
17	55
18	136
19	197
20	116
21	31
22	40
23	117
24	180
25	127
26	169
27	78
28	100
29	76
30	7
31	90
32	53
33	158
34	65
35	75
36	43
37	180
38	113
39	186
40	137
41	81
42	190
43	168
44	169
45	93
46	55
47	136
48	165
49	23
50	139
51	118
52	44
53	34
54	176
55	67
56	195
57	192
58	162
59	141
60	79
61	139
62	6
63	167
64	179
65	187
66	168
67	112
68	53
69	182
70	62
71	71
72	105
73	80
74	118
75	108
76	62
77	142
78	99
79	101
80	26
81	200
82	144
83	178
84	9
85	116
86	98
87	137
88	187
89	148
90	195
91	115
92	167
93	13
94	60
95	41
96	58
97	158
98	66
99	142
100	13
101	60
102	140
103	95
104	70
105	148
106	160
107	189
108	176
109	130
110	175
111	132
112	123
113	145
114	14
115	2
116	191
117	79
118	54
119	69
120	114
121	173
122	108
123	46
124	81
125	35
126	7
127	68
128	22
129	122
130	88
131	110
132	41
133	74
134	40
135	128
136	42
137	182
138	132
139	23
140	184
141	38
142	124
143	117
144	153
145	17
146	17
147	135
148	181
149	94
150	31
151	33
152	78
153	194
154	174
155	109
156	97
157	30
158	52
159	190
160	133
161	113
162	86
163	2
164	185
165	188
166	11
167	124
168	38
169	198
170	122
171	49
172	179
173	135
174	85
175	11
176	72
177	145
178	58
179	191
180	112
181	115
182	170
183	151
184	86
185	22
186	75
187	39
188	45
189	16
190	46
191	103
192	161
193	152
194	172
195	105
196	129
197	1
198	119
199	14
200	35
201	88
202	73
203	85
204	90
205	185
206	50
207	77
208	69
209	178
210	150
211	175
212	87
213	10
214	74
215	171
216	104
217	131
218	120
219	10
220	56
221	146
222	171
223	131
224	43
225	177
226	193
227	181
228	155
229	16
230	164
231	198
232	133
233	1
234	25
235	123
236	4
237	104
238	128
239	150
240	107
241	138
242	67
243	106
244	119
245	196
246	120
247	80
248	194
249	82
250	149
251	59
252	109
253	183
254	163
255	189
256	101
257	44
258	95
259	127
260	52
261	6
262	138
263	34
264	32
265	50
266	91
267	42
268	151
269	66
270	27
271	114
272	91
273	26
274	165
275	192
276	82
277	155
278	107
279	140
280	134
281	47
282	48
283	193
284	61
285	20
286	156
287	96
288	84
289	54
290	196
291	97
292	59
293	157
294	37
295	24
296	184
297	152
298	156
299	8
300	8
301	65
302	18
303	93
304	149
305	21
306	141
307	27
308	125
309	121
310	29
311	73
312	146
313	51
314	9
315	51
316	159
317	130
318	162
319	147
320	49
321	177
322	4
323	15
324	61
325	39
326	144
327	199
328	183
329	36
330	199
331	3
332	110
333	111
334	154
335	12
336	89
337	99
338	129
339	84
340	19
341	47
342	98
343	186
344	102
345	121
346	200
347	25
348	12
349	28
350	77
351	15
352	157
353	32
354	103
355	164
356	102
357	188
358	29
359	20
360	3
361	160
362	5
363	147
364	173
365	37
366	48
367	154
368	36
369	161
370	143
371	5
372	92
373	100
374	33
375	125
376	56
377	24
378	19
379	28
380	89
381	96
382	126
383	83
384	106
385	92
386	166
387	18
388	45
389	63
390	166
391	143
392	57
393	21
394	57
395	83
396	174
397	159
398	126
399	63
400	64
