Class Times	30
Rooms	40
1	322
2	397
3	172
4	245
5	331
6	640
7	384
8	312
9	819
10	742
11	264
12	468
13	939
14	907
15	394
16	691
17	484
18	572
19	857
20	898
21	418
22	611
23	436
24	603
25	831
26	449
27	897
28	428
29	155
30	585
31	886
32	786
33	600
34	34
35	122
36	210
37	318
38	248
39	166
40	500
Classes	400
Teachers	200
1	42
2	151
3	80
4	6
5	137
6	123
7	100
8	183
9	133
10	182
11	21
12	15
13	177
14	84
15	38
16	113
17	163
18	196
19	23
20	11
21	54
22	185
23	106
24	149
25	47
26	13
27	11
28	63
29	161
30	114
31	6
32	178
33	23
34	89
35	189
36	43
37	74
38	200
39	131
40	129
41	78
42	92
43	80
44	150
45	186
46	32
47	78
48	85
49	117
50	130
51	147
52	101
53	101
54	9
55	134
56	32
57	10
58	41
59	42
60	185
61	100
62	104
63	3
64	138
65	70
66	93
67	164
68	61
69	48
70	181
71	52
72	157
73	196
74	179
75	96
76	35
77	47
78	191
79	14
80	172
81	16
82	33
83	151
84	48
85	110
86	99
87	129
88	162
89	108
90	5
91	26
92	94
93	62
94	124
95	149
96	117
97	189
98	68
99	81
100	133
101	109
102	174
103	114
104	89
105	194
106	50
107	63
108	92
109	126
110	45
111	113
112	170
113	52
114	95
115	157
116	143
117	197
118	186
119	165
120	159
121	166
122	57
123	82
124	55
125	197
126	9
127	198
128	70
129	53
130	183
131	137
132	95
133	150
134	96
135	180
136	195
137	175
138	163
139	13
140	65
141	66
142	138
143	145
144	153
145	86
146	188
147	94
148	135
149	120
150	7
151	152
152	125
153	49
154	83
155	77
156	2
157	198
158	159
159	181
160	132
161	76
162	31
163	146
164	170
165	93
166	125
167	91
168	1
169	46
170	81
171	58
172	64
173	142
174	77
175	99
176	139
177	148
178	83
179	53
180	22
181	34
182	36
183	84
184	156
185	68
186	56
187	35
188	60
189	171
190	51
191	115
192	171
193	166
194	69
195	87
196	20
197	128
198	71
199	5
200	97
201	19
202	69
203	131
204	45
205	98
206	40
207	33
208	118
209	172
210	107
211	87
212	130
213	56
214	7
215	29
216	19
217	124
218	177
219	118
220	105
221	109
222	127
223	8
224	22
225	139
226	160
227	82
228	120
229	140
230	67
231	142
232	43
233	55
234	174
235	2
236	191
237	97
238	66
239	39
240	161
241	158
242	40
243	41
244	76
245	190
246	79
247	21
248	173
249	54
250	71
251	126
252	146
253	59
254	17
255	179
256	24
257	105
258	111
259	62
260	31
261	173
262	192
263	158
264	103
265	1
266	102
267	44
268	164
269	160
270	30
271	182
272	122
273	190
274	3
275	27
276	44
277	107
278	38
279	162
280	167
281	15
282	187
283	16
284	116
285	140
286	58
287	37
288	34
289	24
290	37
291	145
292	136
293	17
294	106
295	27
296	36
297	141
298	115
299	10
300	75
301	148
302	64
303	194
304	91
305	25
306	180
307	98
308	122
309	88
310	29
311	61
312	72
313	127
314	199
315	119
316	121
317	167
318	144
319	119
320	176
321	110
322	4
323	30
324	65
325	116
326	153
327	169
328	134
329	57
330	193
331	103
332	175
333	85
334	72
335	178
336	104
337	8
338	75
339	59
340	147
341	112
342	154
343	112
344	188
345	187
346	165
347	86
348	102
349	111
350	90
351	46
352	176
353	90
354	195
355	50
356	168
357	128
358	74
359	192
360	199
361	143
362	39
363	51
364	4
365	25
366	155
367	132
368	28
369	121
370	67
371	18
372	73
373	141
374	136
375	28
376	79
377	108
378	18
379	88
380	169
381	155
382	156
383	168
384	73
385	12
386	123
387	49
388	135
389	12
390	184
391	60
392	184
393	154
394	152
395	14
396	193
397	26
398	144
399	20
400	200
