Class Times	30
Rooms	40
1	292
2	459
3	18
4	800
5	954
6	81
7	396
8	104
9	792
10	82
11	71
12	318
13	254
14	163
15	941
16	432
17	168
18	640
19	176
20	854
21	321
22	811
23	105
24	158
25	994
26	142
27	985
28	221
29	117
30	845
31	974
32	620
33	586
34	288
35	402
36	88
37	14
38	593
39	780
40	707
Classes	400
Teachers	200
1	86
2	156
3	65
4	125
5	9
6	74
7	92
8	72
9	180
10	132
11	52
12	51
13	63
14	150
15	95
16	171
17	4
18	144
19	55
20	99
21	151
22	69
23	29
24	176
25	125
26	146
27	192
28	123
29	130
30	22
31	175
32	47
33	54
34	27
35	7
36	185
37	42
38	31
39	126
40	8
41	80
42	51
43	60
44	86
45	91
46	195
47	25
48	18
49	53
50	120
51	70
52	160
53	92
54	84
55	108
56	197
57	183
58	152
59	106
60	90
61	156
62	58
63	23
64	147
65	107
66	85
67	159
68	197
69	99
70	110
71	71
72	184
73	119
74	109
75	6
76	88
77	132
78	184
79	126
80	144
81	163
82	192
83	57
84	160
85	164
86	5
87	169
88	81
89	29
90	15
91	11
92	49
93	109
94	118
95	77
96	151
97	17
98	50
99	15
100	67
101	121
102	60
103	3
104	87
105	146
106	32
107	78
108	59
109	66
110	118
111	193
112	194
113	183
114	28
115	77
116	121
117	179
118	91
119	2
120	169
121	67
122	54
123	81
124	50
125	140
126	115
127	166
128	38
129	117
130	4
131	5
132	72
133	115
134	58
135	27
136	26
137	62
138	127
139	30
140	120
141	24
142	42
143	187
144	128
145	181
146	138
147	66
148	47
149	3
150	188
151	195
152	106
153	49
154	25
155	159
156	90
157	138
158	17
159	131
160	200
161	167
162	161
163	158
164	98
165	163
166	150
167	149
168	32
169	180
170	28
171	175
172	123
173	193
174	55
175	34
176	80
177	76
178	114
179	170
180	1
181	110
182	196
183	34
184	100
185	48
186	191
187	147
188	46
189	149
190	8
191	135
192	102
193	194
194	111
195	41
196	23
197	189
198	12
199	19
200	89
201	83
202	100
203	45
204	153
205	83
206	85
207	188
208	43
209	59
210	12
211	69
212	26
213	178
214	9
215	171
216	82
217	48
218	143
219	104
220	130
221	40
222	185
223	7
224	142
225	75
226	153
227	198
228	68
229	142
230	33
231	177
232	141
233	119
234	181
235	1
236	131
237	20
238	140
239	164
240	187
241	198
242	31
243	21
244	41
245	134
246	19
247	155
248	64
249	173
250	13
251	21
252	18
253	10
254	33
255	178
256	53
257	200
258	134
259	11
260	166
261	105
262	6
263	172
264	196
265	52
266	2
267	158
268	30
269	84
270	10
271	102
272	62
273	98
274	13
275	65
276	96
277	24
278	96
279	190
280	182
281	57
282	174
283	162
284	177
285	143
286	190
287	39
288	170
289	165
290	64
291	191
292	79
293	20
294	162
295	61
296	111
297	63
298	173
299	97
300	14
301	112
302	45
303	186
304	68
305	139
306	87
307	82
308	36
309	35
310	176
311	95
312	56
313	38
314	157
315	133
316	22
317	124
318	108
319	39
320	179
321	101
322	71
323	78
324	148
325	167
326	172
327	61
328	186
329	75
330	128
331	168
332	161
333	135
334	124
335	113
336	189
337	139
338	199
339	152
340	154
341	114
342	101
343	16
344	154
345	117
346	155
347	165
348	44
349	168
350	157
351	36
352	136
353	136
354	127
355	199
356	141
357	93
358	56
359	93
360	70
361	133
362	14
363	46
364	35
365	74
366	79
367	43
368	73
369	94
370	122
371	129
372	89
373	73
374	129
375	174
376	112
377	116
378	105
379	148
380	145
381	137
382	116
383	113
384	182
385	44
386	97
387	40
388	137
389	122
390	37
391	94
392	104
393	103
394	103
395	16
396	76
397	107
398	145
399	88
400	37
