Class Times	30
Rooms	40
1	622
2	110
3	311
4	748
5	524
6	220
7	690
8	698
9	36
10	980
11	786
12	709
13	698
14	879
15	82
16	886
17	173
18	699
19	524
20	446
21	355
22	892
23	778
24	359
25	879
26	608
27	921
28	66
29	297
30	114
31	751
32	514
33	611
34	172
35	137
36	306
37	234
38	169
39	195
40	145
Classes	400
Teachers	200
1	194
2	32
3	115
4	7
5	184
6	59
7	162
8	40
9	41
10	152
11	199
12	129
13	50
14	134
15	198
16	26
17	107
18	81
19	138
20	64
21	92
22	5
23	41
24	138
25	123
26	50
27	90
28	161
29	162
30	110
31	34
32	36
33	102
34	156
35	184
36	129
37	23
38	8
39	178
40	190
41	128
42	155
43	6
44	86
45	56
46	40
47	44
48	148
49	57
50	11
51	189
52	42
53	197
54	90
55	145
56	121
57	171
58	116
59	8
60	60
61	28
62	25
63	63
64	88
65	95
66	122
67	118
68	199
69	62
70	172
71	82
72	157
73	107
74	34
75	147
76	168
77	122
78	117
79	88
80	79
81	12
82	44
83	3
84	22
85	20
86	5
87	73
88	128
89	61
90	105
91	86
92	66
93	119
94	189
95	148
96	6
97	42
98	89
99	186
100	108
101	152
102	55
103	181
104	49
105	67
106	183
107	36
108	79
109	106
110	154
111	30
112	133
113	63
114	119
115	10
116	139
117	183
118	60
119	176
120	147
121	93
122	134
123	179
124	45
125	98
126	159
127	93
128	68
129	82
130	196
131	69
132	194
133	132
134	104
135	185
136	72
137	71
138	157
139	177
140	18
141	4
142	47
143	146
144	168
145	200
146	76
147	154
148	25
149	35
150	61
151	85
152	180
153	27
154	20
155	197
156	127
157	7
158	2
159	64
160	31
161	30
162	200
163	78
164	68
165	160
166	131
167	72
168	14
169	150
170	52
171	83
172	78
173	170
174	163
175	187
176	192
177	158
178	58
179	37
180	80
181	163
182	100
183	114
184	180
185	139
186	70
187	126
188	54
189	26
190	58
191	170
192	188
193	33
194	87
195	186
196	125
197	127
198	167
199	178
200	160
201	192
202	23
203	120
204	161
205	24
206	135
207	159
208	130
209	117
210	101
211	47
212	188
213	14
214	136
215	31
216	175
217	105
218	35
219	71
220	97
221	167
222	54
223	131
224	118
225	65
226	196
227	123
228	2
229	110
230	69
231	164
232	28
233	124
234	80
235	1
236	143
237	125
238	97
239	22
240	136
241	62
242	116
243	195
244	12
245	3
246	179
247	56
248	13
249	115
250	67
251	141
252	11
253	153
254	89
255	76
256	77
257	38
258	181
259	94
260	190
261	39
262	177
263	55
264	49
265	143
266	126
267	81
268	37
269	174
270	39
271	53
272	18
273	33
274	111
275	99
276	46
277	137
278	133
279	77
280	75
281	113
282	66
283	191
284	149
285	146
286	142
287	165
288	151
289	109
290	106
291	130
292	175
293	53
294	17
295	9
296	85
297	103
298	171
299	46
300	1
301	96
302	45
303	13
304	43
305	102
306	99
307	57
308	182
309	195
310	142
311	109
312	9
313	75
314	169
315	187
316	149
317	52
318	98
319	70
320	24
321	94
322	15
323	121
324	145
325	113
326	27
327	43
328	16
329	16
330	10
331	59
332	74
333	65
334	101
335	17
336	51
337	29
338	153
339	4
340	38
341	137
342	87
343	166
344	74
345	144
346	111
347	19
348	191
349	174
350	173
351	156
352	114
353	135
354	95
355	100
356	29
357	15
358	150
359	21
360	158
361	172
362	73
363	141
364	120
365	51
366	112
367	84
368	144
369	108
370	198
371	91
372	155
373	92
374	112
375	176
376	140
377	185
378	140
379	166
380	96
381	124
382	164
383	83
384	48
385	151
386	91
387	48
388	103
389	182
390	19
391	132
392	173
393	84
394	169
395	165
396	193
397	104
398	21
399	193
400	32
