Students	5000
1	210 363 373 164
2	186 347 98 112
3	5 123 89 132
4	180 238 122 289
5	211 4 194 240
6	347 142 332 123
7	119 91 381 114
8	252 205 356 204
9	273 206 327 224
10	262 374 318 66
11	330 282 46 60
12	271 367 25 133
13	343 352 149 75
14	28 294 151 360
15	57 389 257 65
16	58 225 249 243
17	192 363 395 200
18	137 372 55 380
19	303 93 162 188
20	56 42 145 46
21	107 225 187 162
22	338 121 352 190
23	320 120 255 395
24	48 327 262 146
25	262 184 173 100
26	288 356 394 319
27	380 283 384 88
28	386 89 94 248
29	358 43 187 242
30	146 375 400 12
31	118 175 290 299
32	97 380 258 299
33	54 124 357 61
34	119 220 252 107
35	397 358 246 96
36	365 153 40 151
37	385 144 281 252
38	122 311 190 367
39	365 319 247 74
40	362 297 42 91
41	350 188 81 352
42	20 46 4 244
43	400 346 299 116
44	331 222 288 41
45	182 106 283 139
46	65 181 250 126
47	217 388 156 389
48	119 147 256 281
49	188 362 256 88
50	106 140 295 328
51	152 320 79 69
52	306 305 31 311
53	273 20 339 248
54	204 7 45 156
55	233 353 17 31
56	329 322 244 80
57	208 397 110 347
58	136 272 25 44
59	396 330 5 172
60	196 357 72 135
61	70 65 97 221
62	236 177 88 133
63	232 185 304 393
64	91 61 278 211
65	350 255 37 268
66	336 176 242 26
67	21 259 273 13
68	125 71 293 72
69	388 102 74 267
70	288 255 258 196
71	161 342 34 194
72	121 29 126 288
73	24 238 186 40
74	370 380 4 175
75	12 303 72 301
76	8 2 202 358
77	91 387 317 145
78	122 391 165 227
79	138 240 154 164
80	363 270 211 233
81	259 159 174 82
82	143 360 53 111
83	328 89 292 210
84	282 354 89 326
85	338 119 77 254
86	120 123 266 58
87	377 270 393 20
88	243 56 140 371
89	375 237 263 59
90	111 223 239 118
91	298 291 163 325
92	73 342 175 289
93	295 292 55 90
94	287 362 346 258
95	400 134 259 387
96	395 385 367 351
97	108 139 121 256
98	366 288 55 145
99	187 91 136 127
100	173 169 24 73
101	117 228 157 91
102	61 179 188 146
103	141 306 372 111
104	332 124 176 201
105	225 110 18 35
106	3 35 258 312
107	172 192 151 241
108	369 194 16 243
109	383 326 52 154
110	279 137 317 288
111	189 378 288 57
112	126 26 63 86
113	291 16 42 88
114	229 313 100 308
115	381 369 285 90
116	251 58 283 363
117	165 232 309 92
118	53 232 301 17
119	59 358 386 191
120	109 215 269 310
121	105 297 203 353
122	61 283 153 284
123	44 177 128 56
124	63 180 282 382
125	67 211 105 261
126	330 274 356 141
127	68 33 169 77
128	311 148 63 151
129	179 212 397 199
130	396 79 130 227
131	348 207 265 357
132	176 238 31 171
133	7 324 100 149
134	334 89 31 243
135	223 170 395 187
136	234 58 362 135
137	289 390 44 267
138	274 196 301 31
139	3 89 97 46
140	202 18 373 191
141	374 8 283 324
142	292 145 203 363
143	315 177 22 224
144	347 65 300 359
145	270 288 395 180
146	322 210 304 52
147	113 259 164 310
148	339 47 97 306
149	328 247 195 357
150	243 9 158 80
151	217 14 172 264
152	327 376 344 236
153	81 339 108 319
154	373 221 354 352
155	158 62 2 298
156	344 199 97 128
157	263 159 112 96
158	327 26 375 372
159	197 152 120 106
160	225 350 154 297
161	119 210 302 261
162	278 21 243 39
163	84 20 112 49
164	346 77 382 308
165	233 173 204 115
166	363 33 393 75
167	236 187 301 241
168	367 244 183 217
169	397 162 66 74
170	95 194 339 82
171	295 44 252 346
172	85 172 126 162
173	129 15 266 319
174	102 88 390 321
175	148 307 137 230
176	187 239 36 91
177	376 103 259 292
178	263 136 377 232
179	160 198 254 76
180	392 400 168 238
181	213 91 214 121
182	367 235 242 375
183	316 207 83 303
184	196 137 156 343
185	56 156 158 338
186	356 8 251 218
187	21 220 350 108
188	292 214 154 21
189	219 75 358 375
190	79 290 288 251
191	35 55 98 363
192	80 337 273 76
193	125 113 395 18
194	224 6 192 242
195	119 386 31 285
196	348 95 126 176
197	1 95 36 79
198	157 257 383 329
199	55 113 332 214
200	331 289 385 62
201	165 6 355 284
202	115 373 151 157
203	214 335 18 126
204	32 215 356 333
205	344 321 29 39
206	110 367 250 149
207	340 8 234 394
208	13 220 91 167
209	318 367 243 251
210	375 320 171 333
211	125 35 355 248
212	135 82 25 211
213	135 360 137 96
214	306 149 130 201
215	34 257 283 230
216	62 343 69 221
217	205 397 28 284
218	142 88 358 22
219	171 314 26 300
220	3 154 146 275
221	87 247 135 123
222	128 323 320 104
223	229 236 134 99
224	311 137 296 124
225	110 234 251 148
226	11 326 245 199
227	122 327 285 6
228	209 43 138 140
229	23 37 286 181
230	206 117 212 170
231	147 9 191 111
232	60 306 18 189
233	215 320 109 24
234	88 203 151 301
235	59 188 317 332
236	61 277 235 111
237	317 202 39 36
238	142 222 224 164
239	127 205 394 201
240	367 16 59 328
241	98 80 202 185
242	28 43 336 249
243	138 145 206 154
244	136 257 352 59
245	96 229 288 249
246	305 357 33 242
247	20 147 32 235
248	282 4 85 273
249	284 85 157 339
250	50 288 156 368
251	264 111 235 257
252	54 176 387 241
253	397 19 202 224
254	325 78 93 293
255	392 31 371 335
256	5 168 201 241
257	57 334 122 35
258	340 182 203 186
259	276 146 303 30
260	77 326 176 257
261	80 283 28 220
262	51 199 255 253
263	336 158 308 11
264	379 231 302 236
265	131 27 322 333
266	237 395 51 326
267	34 87 55 287
268	350 370 84 345
269	302 151 66 329
270	11 248 83 26
271	89 221 37 312
272	124 85 170 185
273	374 244 99 140
274	197 156 188 91
275	20 136 343 2
276	366 2 50 13
277	148 169 8 218
278	336 147 259 378
279	260 35 147 390
280	194 7 109 321
281	395 121 209 206
282	344 328 354 131
283	237 191 203 346
284	69 377 74 221
285	22 107 52 233
286	386 319 93 229
287	263 327 278 265
288	152 332 1 387
289	337 197 189 202
290	200 62 4 30
291	138 347 257 389
292	119 350 86 187
293	167 386 72 38
294	21 118 135 161
295	173 304 80 372
296	328 91 365 23
297	88 242 178 212
298	209 324 25 202
299	88 188 106 210
300	102 40 338 278
301	186 41 13 79
302	105 390 152 114
303	88 392 180 257
304	242 349 229 20
305	179 69 90 29
306	387 369 4 44
307	367 169 89 366
308	17 101 112 357
309	253 117 262 400
310	272 296 38 168
311	266 259 267 24
312	207 223 151 5
313	332 318 201 339
314	354 271 272 260
315	28 328 81 106
316	349 75 135 112
317	371 388 59 331
318	327 187 69 280
319	153 129 375 27
320	63 166 321 237
321	272 252 238 141
322	274 393 72 103
323	372 87 29 277
324	179 98 152 383
325	191 96 286 156
326	94 88 40 111
327	250 184 341 108
328	129 281 95 216
329	236 63 55 371
330	66 180 51 127
331	177 300 235 392
332	317 64 308 168
333	121 72 221 231
334	366 326 159 61
335	151 61 397 177
336	81 45 93 235
337	80 351 199 258
338	308 377 99 259
339	7 21 205 341
340	228 15 362 76
341	175 157 398 104
342	162 106 297 391
343	108 112 274 231
344	69 83 234 141
345	26 252 269 170
346	110 47 354 267
347	353 173 292 78
348	163 238 179 32
349	304 23 85 33
350	194 315 88 22
351	300 356 63 57
352	98 239 17 203
353	215 103 216 12
354	45 283 59 89
355	31 92 247 58
356	293 338 102 49
357	354 46 335 230
358	114 34 386 330
359	302 367 38 119
360	243 199 386 251
361	43 361 383 58
362	378 57 339 59
363	199 75 378 268
364	373 103 110 352
365	194 385 355 149
366	314 214 130 338
367	225 197 363 275
368	127 190 103 396
369	392 282 395 85
370	56 52 205 372
371	317 244 58 360
372	14 144 262 147
373	251 74 65 99
374	153 5 65 341
375	139 250 217 76
376	67 358 154 201
377	343 32 303 397
378	27 241 308 21
379	70 36 83 136
380	332 223 172 312
381	381 362 92 339
382	49 214 177 380
383	225 333 166 131
384	372 47 355 377
385	30 227 394 230
386	214 104 154 228
387	123 47 184 314
388	9 29 80 399
389	218 268 368 187
390	150 208 82 106
391	137 80 55 182
392	73 203 352 275
393	134 42 236 229
394	24 45 165 103
395	356 192 333 248
396	10 181 88 330
397	379 356 10 259
398	73 264 330 369
399	171 297 173 321
400	84 15 328 40
401	48 106 242 297
402	157 109 287 25
403	27 101 218 95
404	47 381 380 65
405	32 197 223 201
406	25 116 374 236
407	60 254 294 356
408	210 35 3 41
409	95 372 366 264
410	305 216 149 143
411	41 345 302 24
412	177 129 260 242
413	226 103 34 120
414	322 313 174 28
415	372 299 1 319
416	189 338 140 169
417	18 379 120 330
418	132 100 180 200
419	332 298 258 279
420	136 192 176 380
421	382 157 250 306
422	292 194 62 180
423	329 11 79 323
424	175 351 355 4
425	331 92 123 318
426	149 354 269 74
427	164 25 174 277
428	223 237 158 64
429	156 319 242 259
430	368 253 260 114
431	239 82 388 361
432	60 138 223 54
433	334 320 172 314
434	279 381 182 41
435	345 8 342 157
436	310 16 53 89
437	62 214 157 396
438	371 330 242 137
439	339 135 15 252
440	234 134 290 267
441	195 130 45 106
442	306 261 328 156
443	353 107 221 175
444	2 311 157 182
445	253 3 356 269
446	181 195 154 165
447	254 274 296 331
448	386 350 387 6
449	90 230 25 18
450	16 318 281 160
451	176 350 372 140
452	129 235 57 289
453	79 143 276 266
454	195 353 86 253
455	69 163 121 287
456	141 30 237 100
457	215 141 150 138
458	29 194 45 99
459	267 153 380 299
460	178 298 267 39
461	195 221 128 215
462	181 44 186 359
463	22 246 114 343
464	141 360 178 367
465	255 156 1 144
466	316 42 281 271
467	217 180 141 266
468	269 217 73 170
469	246 275 7 281
470	312 260 240 322
471	197 89 283 182
472	157 45 176 400
473	121 272 397 319
474	206 11 76 290
475	331 232 336 198
476	264 100 172 129
477	308 2 240 356
478	197 368 92 260
479	45 66 160 221
480	51 338 142 230
481	150 312 36 371
482	89 250 71 269
483	334 166 269 12
484	218 377 317 48
485	290 38 356 149
486	96 139 320 391
487	310 169 5 229
488	168 125 154 258
489	168 229 52 238
490	193 17 336 324
491	175 56 97 51
492	371 288 163 80
493	315 331 85 166
494	124 181 164 72
495	376 156 90 288
496	169 76 378 251
497	20 390 297 299
498	267 97 399 202
499	356 173 23 197
500	73 339 314 112
501	246 196 179 189
502	51 191 107 260
503	21 27 265 300
504	107 43 91 22
505	162 47 359 369
506	341 320 24 26
507	371 210 274 22
508	252 107 172 48
509	189 243 65 251
510	278 5 99 392
511	190 242 393 244
512	336 326 3 362
513	114 184 294 98
514	382 400 144 356
515	258 336 51 195
516	26 1 387 60
517	159 399 122 303
518	219 58 48 286
519	179 258 268 172
520	68 188 89 62
521	185 157 100 163
522	235 272 142 181
523	271 279 58 121
524	42 392 109 209
525	301 209 381 377
526	255 344 62 239
527	13 4 153 357
528	234 310 388 255
529	304 100 52 137
530	86 222 55 247
531	8 40 367 290
532	41 38 288 18
533	261 248 288 244
534	252 282 182 134
535	302 364 133 47
536	47 37 223 352
537	66 248 218 23
538	118 160 348 279
539	101 159 307 181
540	295 339 71 37
541	320 385 282 104
542	344 117 219 279
543	398 323 267 78
544	27 361 320 194
545	62 204 157 243
546	385 382 186 232
547	285 236 373 27
548	47 80 202 293
549	244 4 193 37
550	387 121 192 212
551	285 270 282 396
552	163 255 287 58
553	18 319 230 169
554	132 48 229 192
555	291 209 183 219
556	397 313 317 60
557	52 11 284 64
558	87 242 235 217
559	203 91 299 101
560	279 131 14 252
561	225 104 125 310
562	143 80 1 330
563	240 66 104 88
564	228 48 382 174
565	334 246 32 337
566	77 37 243 234
567	24 391 20 384
568	351 341 243 297
569	159 341 332 299
570	332 68 37 386
571	34 365 28 176
572	64 292 108 29
573	115 12 228 253
574	158 122 358 335
575	296 307 157 254
576	44 287 342 42
577	239 251 111 187
578	285 101 353 177
579	121 397 296 65
580	140 70 322 260
581	145 115 61 178
582	198 229 262 335
583	370 271 91 319
584	148 397 134 157
585	295 237 144 46
586	161 113 225 155
587	232 196 156 358
588	60 207 113 104
589	212 183 191 376
590	276 93 294 324
591	209 315 381 25
592	118 366 392 217
593	182 43 81 78
594	129 150 282 181
595	301 190 358 228
596	264 283 329 48
597	287 291 13 151
598	280 158 174 348
599	65 126 300 154
600	320 273 205 161
601	303 89 373 233
602	177 166 317 345
603	158 307 90 315
604	299 157 52 353
605	95 277 109 192
606	352 296 342 210
607	235 238 220 378
608	370 368 201 137
609	272 219 193 338
610	55 325 206 6
611	200 310 60 385
612	83 267 223 70
613	107 157 94 328
614	398 355 118 10
615	299 181 230 75
616	179 126 233 132
617	296 31 48 126
618	378 35 147 81
619	38 398 301 351
620	381 92 244 334
621	164 228 38 92
622	29 326 61 14
623	27 161 397 194
624	303 374 138 381
625	285 209 77 178
626	280 296 6 350
627	120 231 134 44
628	272 189 137 140
629	327 276 95 288
630	374 321 361 63
631	166 100 63 387
632	187 287 148 362
633	91 247 245 378
634	219 373 390 5
635	131 220 54 344
636	227 3 63 400
637	151 71 107 172
638	330 187 229 305
639	105 211 383 398
640	117 257 376 169
641	270 373 217 60
642	131 182 16 26
643	370 46 166 274
644	180 41 218 92
645	189 161 201 37
646	273 125 110 265
647	214 123 299 300
648	269 26 359 77
649	373 264 327 81
650	340 208 10 396
651	302 236 152 247
652	11 218 80 280
653	316 362 178 207
654	210 142 108 52
655	260 347 161 203
656	264 297 68 79
657	165 355 235 193
658	216 329 109 342
659	92 175 186 69
660	217 178 28 227
661	292 141 289 237
662	198 112 24 290
663	100 295 374 13
664	221 12 181 11
665	364 350 271 317
666	386 172 188 210
667	105 374 179 305
668	198 181 322 180
669	335 299 1 123
670	398 266 9 186
671	52 236 98 245
672	311 298 221 64
673	314 322 71 338
674	296 384 88 380
675	195 373 368 3
676	335 360 45 252
677	336 139 146 123
678	191 300 29 335
679	342 203 178 104
680	219 85 359 267
681	383 209 299 199
682	127 223 368 202
683	160 93 246 167
684	77 151 216 371
685	291 343 270 175
686	145 99 349 49
687	222 42 116 216
688	299 397 276 368
689	83 312 62 103
690	58 74 169 378
691	381 38 22 399
692	219 90 59 326
693	163 134 164 334
694	228 286 27 227
695	174 7 79 216
696	233 312 95 285
697	120 176 212 228
698	285 277 389 162
699	32 135 34 92
700	395 185 243 84
701	168 139 183 14
702	76 393 20 351
703	186 103 155 203
704	200 386 375 148
705	173 81 331 143
706	387 83 375 9
707	272 221 287 385
708	364 254 79 199
709	95 341 157 232
710	315 45 313 223
711	301 372 237 240
712	331 158 170 116
713	195 113 20 138
714	250 130 327 242
715	208 383 339 268
716	96 32 87 99
717	240 136 293 268
718	331 171 49 226
719	48 321 350 124
720	282 319 146 186
721	242 247 260 258
722	337 230 19 361
723	241 130 125 256
724	67 58 127 57
725	178 274 260 127
726	290 32 86 322
727	149 105 24 5
728	294 149 174 180
729	228 6 276 46
730	310 289 30 385
731	179 224 314 215
732	350 318 87 243
733	359 107 270 212
734	16 273 160 385
735	297 41 94 65
736	365 31 373 112
737	213 336 78 392
738	207 141 94 18
739	339 143 16 340
740	308 72 143 264
741	324 322 341 2
742	114 187 63 64
743	20 285 348 261
744	120 33 228 343
745	205 258 103 97
746	367 99 357 258
747	214 204 17 303
748	291 240 383 179
749	154 173 355 342
750	349 212 239 375
751	11 35 9 314
752	382 353 369 117
753	99 129 137 133
754	309 34 159 36
755	124 114 156 351
756	333 167 385 4
757	146 215 302 336
758	274 233 390 37
759	146 97 64 168
760	242 249 11 277
761	341 88 131 221
762	360 366 117 82
763	42 186 249 161
764	51 151 172 297
765	112 320 115 251
766	309 323 297 329
767	365 184 17 299
768	238 22 260 372
769	312 306 301 310
770	241 387 131 232
771	191 180 342 59
772	344 352 324 25
773	106 399 92 227
774	276 82 257 285
775	244 367 100 83
776	229 288 284 334
777	248 23 325 373
778	392 88 304 360
779	28 9 106 388
780	296 255 313 378
781	19 106 199 380
782	17 130 24 230
783	66 306 26 171
784	301 150 81 391
785	221 295 263 122
786	169 352 196 72
787	375 44 279 119
788	53 279 353 306
789	210 18 45 331
790	8 365 392 74
791	43 1 361 117
792	108 203 99 319
793	87 147 79 38
794	106 54 247 217
795	362 258 188 88
796	353 40 22 390
797	1 133 285 37
798	277 32 3 10
799	11 87 204 234
800	369 3 119 196
801	366 80 261 163
802	189 121 150 163
803	299 277 180 69
804	63 321 310 17
805	221 71 157 172
806	252 76 212 354
807	337 359 214 305
808	111 149 244 124
809	13 298 201 380
810	97 266 91 158
811	275 319 133 153
812	123 231 156 346
813	312 187 321 197
814	383 395 337 117
815	139 332 22 246
816	91 193 72 362
817	242 195 319 26
818	43 365 250 108
819	174 95 232 285
820	82 256 313 127
821	156 386 100 209
822	392 161 167 274
823	287 121 336 312
824	172 208 66 220
825	308 77 377 315
826	104 381 359 151
827	18 327 307 347
828	278 310 154 378
829	202 129 373 143
830	333 312 316 99
831	149 154 110 53
832	23 98 189 179
833	163 375 356 177
834	164 242 69 365
835	140 356 153 65
836	322 8 362 12
837	352 127 28 368
838	163 340 5 277
839	197 30 261 45
840	199 210 136 43
841	286 44 376 117
842	321 334 32 301
843	136 263 377 220
844	278 362 56 190
845	15 378 223 364
846	90 228 4 251
847	261 96 26 81
848	96 169 346 276
849	385 103 391 298
850	268 293 8 18
851	317 75 120 196
852	362 277 159 343
853	335 114 115 1
854	100 376 125 314
855	254 2 120 138
856	297 4 323 150
857	125 137 42 167
858	388 126 169 322
859	200 211 197 279
860	352 213 2 37
861	20 222 164 43
862	23 33 101 18
863	27 198 358 181
864	117 189 32 381
865	399 237 391 384
866	344 349 203 209
867	199 170 147 194
868	126 91 271 231
869	42 139 72 134
870	98 226 345 336
871	298 163 77 22
872	375 379 315 205
873	208 326 42 47
874	226 285 124 158
875	87 280 19 118
876	29 58 259 23
877	229 272 86 134
878	260 339 225 358
879	95 88 288 255
880	155 129 252 376
881	62 122 16 378
882	150 86 197 13
883	6 120 76 139
884	142 308 122 91
885	99 60 235 195
886	291 297 360 136
887	16 126 357 229
888	247 388 22 92
889	295 336 199 257
890	203 117 64 248
891	43 30 114 199
892	341 109 382 142
893	307 152 42 397
894	1 199 215 201
895	165 15 19 225
896	274 312 303 28
897	96 97 371 190
898	125 295 67 385
899	164 307 216 339
900	147 242 86 196
901	104 132 113 118
902	61 15 11 353
903	146 88 124 14
904	108 375 34 103
905	243 16 5 139
906	129 389 172 397
907	321 280 333 237
908	159 239 213 276
909	211 370 208 153
910	64 336 319 313
911	121 266 297 26
912	181 393 321 158
913	170 278 252 184
914	262 273 305 74
915	117 265 87 247
916	84 242 135 327
917	111 208 379 178
918	31 381 368 59
919	337 31 135 101
920	74 255 300 161
921	331 369 293 235
922	103 342 274 161
923	234 208 204 121
924	348 55 126 152
925	349 276 192 163
926	356 272 52 15
927	109 386 128 47
928	7 358 349 125
929	88 236 276 192
930	202 281 306 267
931	232 11 169 40
932	304 16 130 370
933	49 344 224 322
934	386 153 236 127
935	75 391 104 183
936	211 357 52 352
937	107 280 221 344
938	257 398 377 140
939	103 137 316 132
940	23 270 173 191
941	246 110 33 216
942	246 373 365 395
943	312 92 200 82
944	389 19 314 195
945	275 380 310 220
946	228 106 149 122
947	196 297 136 288
948	276 253 228 219
949	31 308 12 399
950	94 133 371 290
951	110 23 166 114
952	270 380 228 345
953	122 151 346 81
954	197 175 105 163
955	106 30 215 69
956	108 180 134 62
957	107 365 7 228
958	377 293 24 25
959	295 390 372 251
960	219 96 26 366
961	235 197 58 359
962	125 84 13 320
963	149 1 120 195
964	346 169 179 366
965	379 31 98 220
966	356 183 308 378
967	270 48 8 321
968	34 395 125 167
969	24 206 337 154
970	196 229 382 34
971	85 394 64 193
972	34 63 131 76
973	37 330 127 96
974	36 124 368 32
975	213 188 352 287
976	126 103 36 295
977	20 188 186 343
978	62 116 68 134
979	107 160 303 281
980	222 281 267 77
981	259 149 179 152
982	174 149 35 28
983	331 33 278 195
984	168 20 14 218
985	395 34 219 104
986	308 60 336 224
987	381 306 286 312
988	136 216 2 182
989	259 338 9 249
990	255 106 280 192
991	8 295 142 235
992	340 90 281 334
993	266 384 155 252
994	89 7 293 373
995	323 4 196 256
996	173 13 305 72
997	367 205 313 44
998	325 377 346 327
999	216 306 335 150
1000	337 21 253 55
1001	345 185 96 168
1002	19 59 71 87
1003	134 62 274 296
1004	195 36 103 371
1005	100 362 62 300
1006	150 341 52 220
1007	206 262 93 264
1008	384 268 117 330
1009	381 37 186 203
1010	273 280 175 248
1011	166 67 143 105
1012	336 365 234 274
1013	270 378 185 213
1014	151 362 185 70
1015	194 90 298 149
1016	84 17 26 290
1017	203 51 138 98
1018	195 230 159 323
1019	330 394 279 345
1020	200 167 127 43
1021	209 365 353 396
1022	204 317 249 148
1023	197 343 31 355
1024	255 146 157 399
1025	372 148 340 55
1026	46 113 381 80
1027	67 381 75 25
1028	236 89 291 53
1029	185 271 29 303
1030	365 304 285 329
1031	6 290 214 50
1032	309 117 72 44
1033	8 204 99 356
1034	356 105 332 388
1035	356 185 312 269
1036	375 289 213 364
1037	295 333 358 299
1038	99 32 157 8
1039	69 205 143 371
1040	189 176 5 148
1041	398 243 29 144
1042	280 41 134 102
1043	344 151 203 295
1044	113 269 239 31
1045	59 298 201 209
1046	265 99 201 314
1047	46 305 73 252
1048	281 257 230 173
1049	76 372 365 349
1050	82 184 29 1
1051	256 35 200 251
1052	342 257 179 325
1053	365 391 65 66
1054	153 329 27 297
1055	337 93 98 110
1056	354 104 82 270
1057	180 264 261 228
1058	148 383 177 204
1059	269 400 346 80
1060	112 335 306 271
1061	256 364 242 343
1062	219 324 174 66
1063	234 198 43 214
1064	43 20 288 61
1065	27 136 25 76
1066	319 317 85 46
1067	388 212 370 220
1068	176 177 68 325
1069	249 381 82 245
1070	30 359 347 367
1071	197 304 340 400
1072	209 219 180 72
1073	56 253 214 104
1074	12 202 41 375
1075	185 111 381 117
1076	49 144 280 173
1077	345 129 299 249
1078	322 318 98 360
1079	254 258 342 378
1080	338 103 211 263
1081	295 399 119 136
1082	120 399 174 155
1083	41 266 183 378
1084	105 268 100 288
1085	346 338 1 141
1086	211 355 41 282
1087	57 141 119 376
1088	67 30 181 97
1089	219 93 90 173
1090	336 89 42 256
1091	77 356 296 172
1092	139 50 338 155
1093	313 152 165 149
1094	67 33 50 12
1095	135 219 159 136
1096	233 394 276 178
1097	62 345 26 155
1098	226 111 87 68
1099	378 342 188 272
1100	354 73 91 174
1101	176 123 179 190
1102	257 116 234 185
1103	146 190 377 59
1104	40 219 359 71
1105	171 362 216 330
1106	295 167 388 348
1107	321 238 312 354
1108	164 24 121 242
1109	284 262 40 206
1110	360 34 105 19
1111	321 316 236 306
1112	151 265 76 92
1113	204 174 337 21
1114	5 193 83 88
1115	384 256 155 349
1116	217 141 357 12
1117	301 114 9 213
1118	255 6 117 73
1119	301 242 170 46
1120	295 54 7 83
1121	379 218 19 191
1122	173 86 85 6
1123	264 353 91 36
1124	240 261 134 222
1125	252 281 323 240
1126	75 30 200 131
1127	375 114 119 257
1128	397 206 46 155
1129	157 47 357 21
1130	338 3 77 76
1131	284 156 46 303
1132	105 292 167 109
1133	306 380 363 33
1134	334 265 13 109
1135	172 169 283 232
1136	284 13 14 185
1137	389 189 74 99
1138	220 383 70 294
1139	289 364 245 313
1140	295 51 314 42
1141	289 334 321 296
1142	103 312 170 245
1143	304 332 188 366
1144	299 259 70 334
1145	126 274 216 359
1146	136 140 269 77
1147	290 322 100 380
1148	302 149 83 348
1149	121 265 74 23
1150	57 352 124 260
1151	138 164 119 345
1152	263 210 270 143
1153	82 92 172 315
1154	14 8 243 252
1155	166 164 215 323
1156	229 203 306 84
1157	346 10 398 282
1158	305 386 235 90
1159	367 377 392 351
1160	20 264 353 125
1161	268 219 96 272
1162	227 113 398 158
1163	36 207 354 109
1164	398 14 170 12
1165	13 134 190 390
1166	258 156 390 40
1167	173 294 324 25
1168	180 66 315 378
1169	94 195 170 343
1170	380 86 316 294
1171	134 307 373 282
1172	215 121 186 6
1173	319 317 23 70
1174	104 305 37 325
1175	316 282 163 153
1176	53 391 17 286
1177	91 115 313 333
1178	214 95 399 236
1179	361 301 24 256
1180	207 55 195 151
1181	391 349 219 101
1182	389 235 192 220
1183	17 186 3 15
1184	191 161 133 140
1185	243 322 171 97
1186	125 260 331 367
1187	335 196 400 343
1188	215 75 260 294
1189	188 48 296 335
1190	113 108 64 255
1191	174 212 230 21
1192	150 295 379 310
1193	169 144 323 394
1194	96 17 118 199
1195	252 189 120 383
1196	217 121 139 73
1197	156 58 337 80
1198	155 235 166 120
1199	333 349 289 193
1200	25 10 279 385
1201	306 187 257 223
1202	59 187 129 111
1203	3 123 318 314
1204	223 106 195 211
1205	392 300 15 246
1206	219 70 118 73
1207	397 95 355 266
1208	362 163 272 69
1209	299 8 105 53
1210	282 331 307 284
1211	344 151 258 66
1212	259 163 349 67
1213	307 311 291 312
1214	184 139 67 100
1215	312 131 36 249
1216	241 153 33 385
1217	153 342 320 386
1218	15 385 253 314
1219	24 153 198 213
1220	225 65 36 186
1221	31 369 139 151
1222	255 25 369 24
1223	202 147 125 177
1224	392 259 126 385
1225	365 53 221 383
1226	153 86 63 305
1227	400 203 261 164
1228	359 379 220 53
1229	86 120 87 283
1230	32 217 301 375
1231	397 183 196 289
1232	306 390 341 93
1233	167 364 184 346
1234	260 309 32 187
1235	375 47 298 193
1236	44 168 345 120
1237	168 90 351 313
1238	363 78 101 378
1239	201 388 194 339
1240	272 342 72 11
1241	29 218 103 188
1242	306 121 279 230
1243	27 70 259 191
1244	54 345 66 206
1245	235 232 270 103
1246	360 364 173 2
1247	391 187 165 285
1248	156 151 241 398
1249	192 353 356 169
1250	253 320 178 400
1251	71 224 361 113
1252	148 198 175 332
1253	364 177 139 176
1254	95 126 4 166
1255	135 133 307 386
1256	158 187 81 374
1257	109 160 230 147
1258	201 226 34 68
1259	381 388 375 33
1260	240 22 243 148
1261	389 211 275 33
1262	68 205 35 373
1263	80 157 313 398
1264	140 64 220 382
1265	27 348 249 200
1266	21 48 80 370
1267	142 397 159 148
1268	213 229 331 387
1269	282 51 378 304
1270	386 258 236 329
1271	351 381 93 325
1272	353 43 104 238
1273	256 130 272 143
1274	3 213 28 47
1275	60 149 29 115
1276	335 367 160 357
1277	55 14 226 162
1278	180 102 284 143
1279	373 320 212 53
1280	292 285 255 94
1281	215 18 184 72
1282	331 221 3 29
1283	53 221 169 230
1284	117 317 341 200
1285	239 119 20 318
1286	262 309 162 80
1287	229 59 82 64
1288	36 160 378 201
1289	134 153 104 110
1290	75 162 11 142
1291	230 281 137 104
1292	66 278 308 254
1293	132 189 263 345
1294	287 213 130 400
1295	148 348 217 224
1296	344 96 52 168
1297	256 400 28 287
1298	56 172 271 149
1299	33 131 260 35
1300	197 137 80 122
1301	71 328 151 126
1302	111 389 350 233
1303	94 281 88 89
1304	218 203 358 265
1305	29 53 210 309
1306	147 11 18 245
1307	379 330 313 226
1308	71 235 84 179
1309	321 186 378 260
1310	146 217 234 383
1311	265 291 61 85
1312	38 167 90 332
1313	295 348 80 167
1314	70 300 387 370
1315	83 57 248 110
1316	10 6 285 187
1317	362 292 321 1
1318	116 83 185 328
1319	27 209 92 251
1320	160 279 225 87
1321	53 323 196 44
1322	172 257 40 200
1323	73 339 170 107
1324	380 283 171 192
1325	334 177 178 86
1326	52 314 178 21
1327	272 297 316 301
1328	128 51 126 185
1329	49 12 98 174
1330	172 267 391 230
1331	115 270 273 238
1332	376 92 13 8
1333	11 82 196 272
1334	30 36 70 119
1335	160 107 379 242
1336	285 217 296 370
1337	384 127 164 308
1338	351 77 237 208
1339	12 378 19 203
1340	113 99 379 274
1341	303 69 382 182
1342	68 154 207 54
1343	31 202 108 155
1344	382 292 310 101
1345	357 40 33 189
1346	195 10 5 282
1347	283 131 348 306
1348	207 138 120 108
1349	286 325 115 54
1350	367 249 162 127
1351	294 109 116 129
1352	199 310 104 270
1353	329 261 241 26
1354	295 194 219 297
1355	118 203 331 252
1356	273 205 214 332
1357	353 60 235 7
1358	115 399 172 241
1359	97 329 153 355
1360	132 26 193 218
1361	8 26 394 90
1362	23 370 217 5
1363	67 65 389 114
1364	324 80 86 98
1365	1 228 400 226
1366	115 303 266 368
1367	180 191 170 329
1368	112 255 91 16
1369	75 334 120 70
1370	26 10 277 42
1371	346 1 14 211
1372	282 153 224 320
1373	284 296 317 249
1374	203 318 237 241
1375	98 51 83 278
1376	155 186 53 138
1377	393 213 397 225
1378	364 258 275 115
1379	105 116 138 121
1380	233 120 88 162
1381	335 121 345 13
1382	140 65 179 245
1383	172 163 324 55
1384	122 372 77 189
1385	91 388 89 146
1386	144 312 192 165
1387	91 320 105 175
1388	380 224 273 366
1389	156 113 266 232
1390	380 176 177 85
1391	333 78 376 38
1392	224 36 200 368
1393	245 235 56 181
1394	153 389 347 318
1395	110 307 268 273
1396	316 235 370 65
1397	395 150 258 261
1398	170 83 63 386
1399	383 102 260 346
1400	375 348 104 93
1401	328 339 279 242
1402	17 66 81 303
1403	362 241 132 383
1404	241 276 288 94
1405	221 7 200 1
1406	291 346 153 224
1407	71 285 369 269
1408	320 57 15 47
1409	154 41 399 54
1410	374 242 380 341
1411	111 83 141 144
1412	253 122 169 232
1413	387 74 90 157
1414	122 294 2 228
1415	214 135 272 94
1416	333 99 273 267
1417	318 176 259 274
1418	270 114 227 111
1419	304 154 134 170
1420	304 357 276 167
1421	95 158 162 247
1422	16 386 199 260
1423	267 86 265 332
1424	283 159 193 41
1425	126 397 254 245
1426	378 165 84 392
1427	339 342 253 49
1428	224 400 269 391
1429	250 184 123 161
1430	7 276 195 269
1431	129 89 288 150
1432	72 208 3 240
1433	29 94 206 232
1434	165 316 385 369
1435	147 114 57 25
1436	390 64 20 114
1437	179 86 278 229
1438	3 362 127 7
1439	357 395 2 48
1440	389 74 282 347
1441	292 168 162 86
1442	392 335 107 160
1443	159 25 355 266
1444	339 71 140 354
1445	139 218 327 59
1446	86 88 238 113
1447	37 183 259 375
1448	283 22 312 88
1449	352 120 391 390
1450	258 291 65 294
1451	383 77 306 292
1452	347 217 80 281
1453	2 97 179 338
1454	94 321 15 29
1455	179 50 390 127
1456	298 16 62 44
1457	33 217 289 155
1458	281 6 307 399
1459	81 85 143 82
1460	356 13 294 291
1461	366 330 161 395
1462	3 178 229 140
1463	187 93 117 201
1464	61 256 96 28
1465	16 22 140 318
1466	105 142 389 363
1467	167 384 335 124
1468	252 79 107 61
1469	112 389 167 154
1470	122 228 259 379
1471	387 133 158 185
1472	336 138 107 7
1473	320 251 95 146
1474	250 12 243 241
1475	34 107 172 156
1476	244 185 323 134
1477	382 174 330 69
1478	26 77 192 200
1479	385 156 263 248
1480	101 256 279 377
1481	78 39 230 382
1482	57 118 300 101
1483	116 344 318 157
1484	272 161 370 336
1485	51 119 124 31
1486	153 58 230 302
1487	372 20 213 143
1488	34 138 377 344
1489	83 210 375 137
1490	290 242 203 7
1491	377 165 380 122
1492	37 60 378 215
1493	260 360 208 51
1494	88 351 65 2
1495	169 127 241 196
1496	225 285 95 393
1497	373 158 393 363
1498	209 384 185 310
1499	151 184 302 12
1500	351 112 107 263
1501	310 265 20 349
1502	248 298 39 178
1503	244 295 194 293
1504	124 293 2 110
1505	308 382 96 249
1506	219 230 40 344
1507	376 242 223 390
1508	128 163 287 78
1509	25 313 378 80
1510	17 100 253 365
1511	108 123 129 201
1512	349 42 154 16
1513	301 131 385 371
1514	153 309 156 368
1515	119 207 400 102
1516	63 78 94 175
1517	372 319 1 320
1518	340 130 96 206
1519	360 100 48 224
1520	102 370 83 14
1521	193 61 7 168
1522	233 109 388 372
1523	195 45 400 148
1524	253 147 110 115
1525	46 383 155 285
1526	299 84 114 262
1527	335 91 196 131
1528	225 248 383 240
1529	86 113 128 358
1530	110 121 171 335
1531	92 166 161 334
1532	326 72 182 336
1533	198 350 399 187
1534	262 185 15 371
1535	355 186 129 181
1536	75 246 85 127
1537	224 20 118 77
1538	178 46 69 149
1539	3 230 307 105
1540	314 368 359 291
1541	321 4 60 119
1542	219 231 217 179
1543	381 121 335 19
1544	28 101 13 270
1545	126 224 351 164
1546	166 134 170 192
1547	143 234 337 161
1548	42 344 327 297
1549	279 165 8 374
1550	279 281 330 15
1551	68 275 230 60
1552	208 173 342 106
1553	373 217 215 363
1554	6 274 312 361
1555	389 62 69 259
1556	45 84 330 92
1557	298 123 158 196
1558	353 399 383 331
1559	17 31 311 357
1560	47 202 134 398
1561	42 107 348 272
1562	377 232 353 172
1563	4 112 157 194
1564	217 228 178 294
1565	303 381 73 364
1566	15 30 186 299
1567	33 106 277 347
1568	62 356 265 323
1569	397 394 71 217
1570	327 26 276 103
1571	72 385 263 163
1572	378 144 143 176
1573	3 123 94 212
1574	335 31 233 166
1575	184 261 113 86
1576	74 376 351 177
1577	226 178 249 262
1578	170 254 341 6
1579	30 250 303 318
1580	175 292 353 342
1581	334 4 375 77
1582	288 345 340 364
1583	58 168 336 363
1584	36 219 247 281
1585	234 378 159 347
1586	264 166 266 370
1587	106 281 145 93
1588	108 191 63 117
1589	53 54 34 183
1590	344 315 229 382
1591	27 60 8 294
1592	100 389 347 295
1593	286 177 174 167
1594	253 77 52 249
1595	254 357 384 318
1596	275 176 225 239
1597	79 109 221 155
1598	231 251 246 392
1599	311 143 207 107
1600	175 69 344 101
1601	85 64 176 206
1602	327 252 40 194
1603	239 371 317 259
1604	353 339 260 188
1605	157 99 171 277
1606	39 19 235 36
1607	178 285 1 301
1608	371 330 147 397
1609	221 303 328 211
1610	195 265 124 351
1611	16 113 187 324
1612	146 201 61 262
1613	9 335 339 126
1614	193 57 365 107
1615	243 139 396 274
1616	301 209 358 290
1617	21 200 350 263
1618	140 88 362 298
1619	217 229 60 153
1620	243 333 66 285
1621	90 308 115 231
1622	356 84 151 72
1623	52 311 58 331
1624	136 398 311 344
1625	358 235 147 215
1626	7 91 254 96
1627	199 181 149 98
1628	333 105 366 97
1629	342 37 349 328
1630	243 315 132 392
1631	253 102 12 294
1632	305 48 377 267
1633	286 18 142 16
1634	166 236 345 205
1635	159 174 372 47
1636	149 159 289 261
1637	210 163 280 34
1638	274 40 310 296
1639	75 336 314 204
1640	392 322 271 212
1641	53 145 21 200
1642	142 301 322 84
1643	35 375 353 82
1644	58 86 60 240
1645	140 65 299 7
1646	145 367 326 268
1647	14 139 329 399
1648	174 283 267 73
1649	322 159 375 136
1650	178 237 39 95
1651	381 304 227 130
1652	372 82 224 47
1653	226 296 351 20
1654	64 103 268 96
1655	247 219 333 121
1656	252 142 330 346
1657	284 116 78 28
1658	202 301 383 366
1659	150 1 345 198
1660	262 132 360 209
1661	333 207 129 236
1662	353 27 370 331
1663	134 209 82 266
1664	395 314 195 71
1665	80 346 327 77
1666	138 320 373 38
1667	20 157 121 324
1668	292 138 326 127
1669	285 67 208 95
1670	88 148 345 290
1671	321 399 21 77
1672	74 139 25 101
1673	365 181 328 300
1674	192 100 111 270
1675	5 248 244 89
1676	80 289 314 306
1677	271 314 174 132
1678	213 319 268 177
1679	156 46 40 135
1680	236 85 217 166
1681	139 90 195 348
1682	104 189 35 115
1683	329 68 20 125
1684	239 143 60 106
1685	164 24 328 36
1686	187 196 253 167
1687	68 366 256 233
1688	268 357 64 360
1689	5 345 312 61
1690	44 90 277 272
1691	162 32 49 215
1692	17 215 214 16
1693	360 26 375 358
1694	370 360 336 268
1695	315 5 17 352
1696	355 114 266 48
1697	234 26 188 175
1698	143 318 99 20
1699	69 14 191 15
1700	273 43 243 323
1701	42 77 68 355
1702	397 356 348 288
1703	400 145 134 216
1704	293 299 392 247
1705	151 172 173 66
1706	49 351 107 36
1707	91 208 230 205
1708	142 105 229 250
1709	62 94 145 228
1710	135 43 134 188
1711	15 191 245 44
1712	243 29 304 107
1713	344 258 280 22
1714	269 135 116 284
1715	255 184 338 225
1716	16 64 78 46
1717	154 392 228 179
1718	239 300 182 58
1719	66 124 236 223
1720	366 181 7 231
1721	35 155 203 215
1722	70 363 86 175
1723	397 329 34 179
1724	75 257 116 217
1725	102 37 100 244
1726	363 296 14 390
1727	325 247 300 38
1728	164 255 29 313
1729	391 47 19 128
1730	31 321 216 317
1731	54 170 31 109
1732	16 13 358 75
1733	281 158 222 388
1734	260 150 32 83
1735	7 339 323 378
1736	297 102 208 59
1737	381 215 205 260
1738	6 59 113 233
1739	73 399 110 366
1740	286 130 106 256
1741	365 288 315 327
1742	53 227 193 378
1743	343 220 31 221
1744	45 143 122 340
1745	376 148 213 85
1746	352 49 33 149
1747	391 36 186 271
1748	26 95 264 153
1749	63 286 181 92
1750	259 26 65 146
1751	233 346 31 313
1752	379 45 341 155
1753	276 121 197 60
1754	201 163 392 245
1755	214 101 377 59
1756	320 257 166 64
1757	92 31 175 327
1758	172 77 44 350
1759	381 231 349 233
1760	46 45 291 14
1761	377 255 78 274
1762	204 136 149 366
1763	360 35 261 316
1764	155 357 339 255
1765	384 293 320 130
1766	8 236 344 261
1767	116 95 264 252
1768	50 330 149 328
1769	366 55 155 325
1770	325 139 252 4
1771	4 227 332 305
1772	88 206 173 332
1773	122 184 266 231
1774	200 180 364 47
1775	294 334 34 175
1776	353 262 152 219
1777	248 216 264 252
1778	93 54 363 337
1779	388 78 253 177
1780	218 312 316 334
1781	210 180 297 112
1782	61 310 213 321
1783	83 226 319 175
1784	171 61 324 138
1785	211 118 85 290
1786	316 47 250 136
1787	130 195 97 81
1788	269 261 394 132
1789	376 125 383 60
1790	395 47 216 52
1791	228 53 303 217
1792	93 338 34 106
1793	19 386 75 47
1794	242 50 138 303
1795	97 395 348 381
1796	255 242 152 311
1797	9 273 365 270
1798	137 188 246 207
1799	58 305 270 194
1800	75 359 157 139
1801	335 217 283 212
1802	103 396 75 304
1803	66 365 180 6
1804	389 63 3 235
1805	121 40 257 152
1806	353 270 388 259
1807	23 287 307 364
1808	63 281 7 3
1809	84 253 109 97
1810	111 228 178 303
1811	110 150 216 315
1812	291 105 23 299
1813	384 65 376 391
1814	399 349 241 102
1815	79 62 293 242
1816	387 97 130 400
1817	356 77 391 87
1818	343 60 137 78
1819	260 43 393 309
1820	111 57 340 221
1821	258 274 187 68
1822	220 237 23 134
1823	134 194 371 156
1824	166 251 48 203
1825	143 9 157 70
1826	158 125 127 25
1827	392 109 94 42
1828	255 366 47 152
1829	229 9 134 400
1830	306 27 337 112
1831	139 187 222 78
1832	140 187 41 26
1833	61 82 34 91
1834	378 390 98 162
1835	172 2 386 350
1836	81 74 284 176
1837	266 358 328 100
1838	204 15 69 319
1839	170 185 228 375
1840	314 220 61 217
1841	366 361 274 272
1842	175 238 335 107
1843	136 382 148 85
1844	135 178 249 245
1845	263 317 379 100
1846	228 395 49 207
1847	141 348 215 182
1848	48 232 74 181
1849	263 12 33 183
1850	56 25 270 243
1851	86 120 285 263
1852	151 307 306 342
1853	249 207 166 226
1854	175 124 280 335
1855	147 143 390 367
1856	7 184 399 39
1857	277 111 86 275
1858	355 301 166 262
1859	222 301 234 115
1860	191 120 19 283
1861	183 132 143 35
1862	35 355 123 173
1863	29 110 266 122
1864	149 247 277 16
1865	311 1 376 368
1866	221 110 270 99
1867	394 27 158 45
1868	347 26 96 144
1869	317 84 189 8
1870	108 245 55 6
1871	362 343 172 142
1872	379 360 44 168
1873	375 194 211 202
1874	109 149 16 241
1875	82 208 228 102
1876	384 222 47 329
1877	342 292 393 102
1878	326 129 385 307
1879	283 251 362 231
1880	47 203 323 231
1881	194 17 90 235
1882	374 211 304 22
1883	108 353 395 152
1884	343 251 155 265
1885	309 15 381 256
1886	164 264 336 400
1887	327 224 298 94
1888	189 27 214 291
1889	207 178 114 167
1890	283 240 103 265
1891	155 55 363 292
1892	87 363 334 325
1893	185 179 260 168
1894	149 94 207 107
1895	188 339 178 62
1896	84 177 319 347
1897	247 11 191 30
1898	328 137 131 282
1899	73 191 197 228
1900	130 276 32 26
1901	89 18 381 74
1902	208 13 70 210
1903	60 6 45 140
1904	238 136 397 246
1905	46 300 395 131
1906	183 182 307 301
1907	223 109 333 327
1908	74 167 28 304
1909	75 143 130 47
1910	393 66 122 295
1911	241 44 77 41
1912	54 332 349 376
1913	49 398 182 213
1914	171 190 323 350
1915	127 153 182 216
1916	139 90 356 70
1917	357 267 226 284
1918	18 198 381 328
1919	257 127 331 200
1920	129 361 163 36
1921	120 56 102 19
1922	96 354 289 204
1923	57 98 293 83
1924	1 148 40 112
1925	123 370 217 141
1926	57 67 356 320
1927	373 294 85 236
1928	83 329 131 177
1929	160 212 58 378
1930	216 330 8 87
1931	51 49 247 245
1932	392 387 104 307
1933	238 222 51 219
1934	331 236 250 383
1935	241 248 301 199
1936	249 71 207 164
1937	375 178 50 28
1938	371 205 114 218
1939	25 179 340 252
1940	218 72 116 396
1941	279 358 302 229
1942	144 269 335 314
1943	260 252 36 4
1944	74 332 77 187
1945	218 113 380 15
1946	372 259 1 364
1947	259 168 201 210
1948	244 252 123 340
1949	170 249 102 303
1950	276 52 8 22
1951	383 197 202 189
1952	236 21 51 215
1953	373 345 161 164
1954	57 100 63 189
1955	172 145 153 19
1956	91 346 160 124
1957	157 232 268 74
1958	345 206 75 45
1959	105 275 184 295
1960	176 386 32 96
1961	378 151 325 210
1962	399 188 69 193
1963	382 148 329 341
1964	352 174 338 6
1965	130 199 245 123
1966	125 170 67 365
1967	250 266 304 258
1968	40 341 373 203
1969	81 205 132 219
1970	294 346 266 252
1971	256 279 140 14
1972	13 102 208 72
1973	37 235 397 237
1974	177 371 120 340
1975	25 337 233 41
1976	307 398 26 348
1977	71 186 55 396
1978	243 199 355 359
1979	179 294 382 205
1980	86 77 254 258
1981	37 341 204 396
1982	111 203 14 157
1983	181 287 229 232
1984	400 5 106 392
1985	164 142 138 232
1986	67 268 126 373
1987	4 363 368 46
1988	87 276 157 185
1989	249 101 366 230
1990	239 391 9 90
1991	45 400 168 90
1992	342 145 318 360
1993	360 129 62 372
1994	382 209 153 326
1995	305 110 166 19
1996	139 100 46 47
1997	203 231 153 55
1998	40 398 132 75
1999	122 242 163 120
2000	111 379 297 143
2001	270 61 83 262
2002	163 295 106 92
2003	231 357 85 253
2004	180 299 39 145
2005	386 370 383 220
2006	99 164 161 124
2007	233 224 21 70
2008	322 108 212 236
2009	174 256 83 327
2010	17 271 252 194
2011	219 16 292 318
2012	387 326 167 40
2013	72 221 92 14
2014	104 178 12 238
2015	246 170 158 360
2016	138 86 79 33
2017	1 360 196 134
2018	385 216 165 87
2019	210 258 223 340
2020	32 50 137 38
2021	119 296 176 337
2022	306 373 227 314
2023	12 354 144 124
2024	119 397 231 160
2025	182 362 116 22
2026	129 323 30 132
2027	363 48 104 25
2028	166 62 339 23
2029	116 65 201 335
2030	279 53 345 244
2031	313 373 256 69
2032	198 328 317 247
2033	148 323 63 391
2034	99 215 345 265
2035	77 19 396 196
2036	344 347 308 224
2037	87 107 186 198
2038	346 244 182 393
2039	211 78 267 347
2040	197 296 265 344
2041	296 195 27 60
2042	285 384 218 347
2043	327 107 165 251
2044	374 334 20 121
2045	164 54 356 327
2046	308 265 193 273
2047	210 357 40 269
2048	72 172 169 6
2049	354 281 287 352
2050	354 56 5 302
2051	334 163 126 106
2052	127 241 89 3
2053	149 261 256 33
2054	340 343 7 229
2055	369 153 56 274
2056	266 155 1 315
2057	219 161 255 156
2058	174 51 168 150
2059	139 38 179 249
2060	310 118 389 168
2061	196 271 348 147
2062	21 60 380 173
2063	227 339 50 293
2064	102 334 206 257
2065	388 121 217 44
2066	238 267 82 39
2067	65 258 389 25
2068	125 216 84 68
2069	115 38 49 199
2070	249 292 77 120
2071	137 348 345 68
2072	53 373 9 251
2073	67 56 113 337
2074	27 110 25 115
2075	398 159 258 252
2076	233 399 109 256
2077	303 133 106 108
2078	37 260 314 312
2079	184 228 278 382
2080	374 355 102 357
2081	2 94 241 193
2082	383 207 302 376
2083	156 313 42 61
2084	249 361 269 82
2085	384 242 153 294
2086	379 296 253 356
2087	174 232 354 162
2088	88 9 86 376
2089	311 60 203 306
2090	69 334 251 228
2091	215 284 246 50
2092	194 382 103 177
2093	147 257 296 383
2094	191 214 233 123
2095	133 16 324 269
2096	82 163 24 222
2097	211 308 301 81
2098	158 35 83 64
2099	290 270 249 264
2100	12 160 256 252
2101	66 231 69 242
2102	26 69 110 3
2103	173 30 149 190
2104	52 55 150 310
2105	241 38 215 124
2106	141 75 329 125
2107	23 393 175 136
2108	7 26 385 293
2109	170 109 160 17
2110	105 226 366 131
2111	227 81 386 148
2112	391 172 21 234
2113	354 184 26 167
2114	350 42 258 273
2115	6 231 38 166
2116	367 273 123 267
2117	266 385 177 54
2118	180 205 23 22
2119	181 189 95 371
2120	372 14 62 179
2121	208 43 68 155
2122	225 276 363 320
2123	106 146 46 127
2124	23 363 342 183
2125	255 218 129 30
2126	176 200 184 282
2127	140 130 220 201
2128	19 11 248 196
2129	333 276 144 283
2130	361 12 280 124
2131	356 188 113 262
2132	50 163 347 267
2133	351 202 59 19
2134	204 236 282 157
2135	253 280 92 142
2136	7 207 364 46
2137	218 36 75 351
2138	347 394 10 242
2139	366 119 7 247
2140	316 121 242 124
2141	87 293 156 188
2142	75 304 131 136
2143	355 69 270 206
2144	100 377 319 144
2145	59 155 22 247
2146	205 191 257 130
2147	248 349 330 149
2148	366 177 240 313
2149	269 309 343 122
2150	108 96 392 202
2151	33 248 311 343
2152	189 311 208 396
2153	201 3 159 12
2154	396 65 95 69
2155	388 129 337 361
2156	23 341 118 124
2157	392 363 369 235
2158	125 41 337 111
2159	371 74 179 393
2160	2 260 204 200
2161	388 382 315 334
2162	314 371 3 21
2163	208 145 192 259
2164	89 165 122 198
2165	24 130 21 395
2166	31 250 273 157
2167	94 357 90 399
2168	101 292 197 47
2169	165 347 40 44
2170	142 62 131 314
2171	322 286 179 237
2172	282 341 182 38
2173	226 181 110 30
2174	281 69 306 207
2175	84 269 330 22
2176	176 84 101 151
2177	57 169 352 135
2178	236 334 378 180
2179	378 344 302 169
2180	251 56 205 37
2181	301 392 239 73
2182	255 121 149 111
2183	344 328 299 208
2184	35 69 334 273
2185	173 246 278 136
2186	66 372 20 213
2187	65 133 333 337
2188	199 158 328 51
2189	157 393 241 36
2190	122 106 44 302
2191	149 301 313 302
2192	160 288 370 98
2193	385 322 294 117
2194	264 128 227 216
2195	132 71 18 396
2196	33 24 299 191
2197	384 259 252 382
2198	308 307 325 179
2199	205 367 267 304
2200	302 314 194 283
2201	360 301 93 357
2202	5 321 372 126
2203	387 260 379 250
2204	377 253 300 80
2205	230 9 343 110
2206	27 317 8 223
2207	184 77 309 28
2208	63 378 66 35
2209	315 217 390 61
2210	391 339 239 363
2211	279 351 368 269
2212	303 67 159 220
2213	282 211 113 126
2214	356 295 233 315
2215	37 100 205 246
2216	362 211 132 295
2217	97 379 241 105
2218	58 60 270 210
2219	148 108 287 16
2220	318 360 123 57
2221	26 153 84 126
2222	2 339 320 205
2223	250 354 92 217
2224	164 150 285 332
2225	295 189 21 113
2226	395 99 303 174
2227	107 318 399 293
2228	113 259 200 205
2229	386 22 331 182
2230	106 197 292 272
2231	272 375 107 165
2232	293 30 37 208
2233	127 362 164 349
2234	391 92 101 283
2235	48 111 229 387
2236	236 115 145 20
2237	396 90 142 13
2238	283 221 172 140
2239	227 232 208 301
2240	290 154 248 128
2241	182 101 209 186
2242	176 320 203 111
2243	186 112 219 209
2244	357 36 323 187
2245	50 265 20 342
2246	292 79 22 47
2247	251 259 399 87
2248	275 164 143 134
2249	146 262 70 248
2250	387 204 153 392
2251	297 321 54 259
2252	258 266 141 190
2253	166 334 274 62
2254	355 83 394 142
2255	89 137 5 354
2256	312 379 3 1
2257	62 133 389 49
2258	299 320 26 258
2259	139 237 118 156
2260	28 137 236 69
2261	280 307 390 206
2262	336 140 195 315
2263	382 309 170 86
2264	284 207 111 302
2265	112 392 188 146
2266	92 131 278 306
2267	48 227 299 317
2268	55 188 238 251
2269	367 256 206 127
2270	363 118 169 361
2271	225 356 204 57
2272	55 225 169 60
2273	323 70 3 193
2274	285 43 108 111
2275	307 344 326 205
2276	221 56 287 77
2277	189 245 259 86
2278	308 239 185 273
2279	400 101 373 325
2280	148 132 174 389
2281	8 107 309 315
2282	106 380 132 356
2283	297 382 248 124
2284	102 341 119 397
2285	68 160 338 45
2286	314 89 149 79
2287	91 72 114 189
2288	313 369 160 307
2289	323 100 236 375
2290	230 282 372 207
2291	24 188 56 377
2292	365 232 316 57
2293	90 32 12 75
2294	176 46 324 193
2295	70 305 301 395
2296	204 10 207 141
2297	158 51 371 159
2298	53 314 163 115
2299	216 9 231 382
2300	368 315 320 70
2301	327 252 154 160
2302	173 134 66 120
2303	163 91 149 212
2304	357 329 109 311
2305	352 108 248 268
2306	129 209 166 253
2307	4 289 250 346
2308	162 341 207 61
2309	292 293 55 22
2310	353 92 372 77
2311	392 74 150 351
2312	61 224 109 92
2313	36 100 335 309
2314	352 321 302 381
2315	376 312 15 95
2316	295 169 32 7
2317	222 110 322 345
2318	63 68 46 156
2319	392 83 54 357
2320	345 128 97 171
2321	101 271 302 210
2322	96 202 198 155
2323	10 287 25 60
2324	17 81 134 246
2325	382 51 172 9
2326	342 126 74 16
2327	107 125 90 247
2328	255 178 273 375
2329	392 207 176 24
2330	94 98 347 54
2331	79 283 97 228
2332	87 265 203 380
2333	199 254 108 332
2334	155 384 20 108
2335	358 310 20 211
2336	234 59 273 388
2337	30 157 199 55
2338	288 368 178 351
2339	238 204 12 43
2340	377 67 116 59
2341	223 143 186 120
2342	286 361 226 239
2343	295 324 236 173
2344	11 319 163 48
2345	260 152 357 287
2346	210 222 52 315
2347	385 212 305 270
2348	90 16 335 241
2349	310 219 77 128
2350	275 155 39 55
2351	320 258 300 203
2352	384 150 286 228
2353	27 317 210 118
2354	129 376 154 240
2355	396 198 203 213
2356	362 16 66 340
2357	241 344 309 319
2358	214 30 237 73
2359	284 165 313 393
2360	306 247 190 103
2361	78 183 10 208
2362	344 232 117 113
2363	43 92 84 95
2364	282 316 188 260
2365	155 324 104 144
2366	392 235 285 372
2367	177 135 389 275
2368	128 4 192 184
2369	384 104 227 28
2370	178 348 311 79
2371	24 296 391 102
2372	238 339 303 220
2373	185 3 21 189
2374	34 191 198 50
2375	158 231 379 224
2376	131 89 191 103
2377	163 26 319 227
2378	4 74 136 314
2379	128 94 323 256
2380	88 376 371 122
2381	345 277 220 23
2382	164 386 355 99
2383	307 369 141 111
2384	281 344 184 53
2385	64 283 69 5
2386	41 298 374 50
2387	191 137 111 373
2388	26 386 239 189
2389	278 135 166 153
2390	101 213 196 321
2391	108 347 348 217
2392	222 189 237 126
2393	20 227 377 347
2394	25 274 97 307
2395	148 305 381 101
2396	117 273 317 330
2397	281 307 342 125
2398	366 29 191 324
2399	216 167 332 134
2400	27 196 177 19
2401	239 214 42 9
2402	270 92 289 17
2403	21 267 133 327
2404	144 302 299 215
2405	129 34 197 277
2406	31 327 215 382
2407	302 241 100 266
2408	69 396 153 92
2409	286 254 56 323
2410	175 378 112 1
2411	308 188 266 194
2412	195 9 286 67
2413	30 230 272 293
2414	56 68 298 169
2415	231 239 20 29
2416	175 246 180 362
2417	155 201 347 238
2418	109 398 114 208
2419	164 56 132 219
2420	76 196 293 69
2421	248 326 208 249
2422	25 317 378 391
2423	380 351 142 234
2424	60 64 10 346
2425	146 155 177 200
2426	341 181 176 301
2427	212 3 278 354
2428	171 59 133 356
2429	20 71 62 36
2430	144 12 203 170
2431	154 39 38 91
2432	105 311 26 323
2433	196 108 199 309
2434	53 54 76 272
2435	185 23 105 227
2436	145 191 340 64
2437	201 316 14 61
2438	322 338 115 371
2439	290 172 161 102
2440	358 220 374 384
2441	222 287 105 293
2442	303 168 45 268
2443	237 10 250 213
2444	4 251 83 362
2445	90 320 298 1
2446	393 353 97 178
2447	162 283 170 333
2448	157 284 312 182
2449	383 246 270 97
2450	252 120 122 16
2451	142 344 85 39
2452	186 282 246 348
2453	350 34 2 329
2454	237 369 68 26
2455	125 49 202 364
2456	213 275 229 262
2457	288 351 165 176
2458	279 174 202 9
2459	358 245 11 114
2460	51 363 260 301
2461	47 297 340 60
2462	237 379 60 312
2463	290 307 360 163
2464	246 101 245 148
2465	346 188 255 114
2466	355 324 114 12
2467	387 68 140 335
2468	120 246 323 33
2469	5 23 291 305
2470	158 282 322 137
2471	298 297 218 29
2472	299 22 391 105
2473	378 228 131 45
2474	320 257 152 131
2475	23 149 64 270
2476	154 239 268 349
2477	185 37 214 374
2478	286 312 72 333
2479	16 109 130 13
2480	5 397 54 177
2481	368 172 219 131
2482	104 6 240 216
2483	247 159 309 59
2484	53 311 245 128
2485	1 178 29 182
2486	75 270 138 44
2487	26 301 50 11
2488	252 248 58 206
2489	142 69 387 202
2490	153 359 65 90
2491	49 30 76 78
2492	115 242 170 213
2493	274 157 78 117
2494	56 48 202 60
2495	244 392 271 51
2496	88 9 352 297
2497	30 208 277 192
2498	16 28 283 340
2499	16 81 391 9
2500	144 75 9 400
2501	202 57 179 241
2502	327 280 213 142
2503	89 253 79 353
2504	110 318 68 261
2505	227 297 266 88
2506	312 314 230 282
2507	198 32 252 20
2508	230 51 252 155
2509	135 340 167 90
2510	271 202 93 3
2511	281 358 172 284
2512	280 210 1 70
2513	366 290 253 317
2514	386 4 244 326
2515	84 70 113 192
2516	204 74 252 309
2517	140 287 170 56
2518	72 218 293 198
2519	217 62 49 173
2520	349 218 386 290
2521	69 340 221 211
2522	6 326 248 258
2523	177 176 111 100
2524	155 28 10 4
2525	2 175 375 90
2526	330 172 393 328
2527	179 13 281 111
2528	271 170 156 294
2529	375 332 209 179
2530	233 243 271 44
2531	122 142 32 247
2532	335 106 156 224
2533	258 224 376 181
2534	227 178 44 156
2535	334 279 395 240
2536	399 69 162 293
2537	171 204 294 108
2538	128 185 96 77
2539	11 309 168 88
2540	35 204 199 371
2541	262 349 50 327
2542	230 93 369 237
2543	205 142 140 161
2544	93 51 294 109
2545	131 392 217 135
2546	112 266 224 269
2547	62 50 78 165
2548	107 378 96 264
2549	138 174 164 348
2550	231 32 240 16
2551	155 343 78 113
2552	40 313 114 389
2553	178 34 398 164
2554	125 250 282 304
2555	296 65 353 118
2556	264 122 181 110
2557	33 164 88 127
2558	312 149 370 98
2559	259 338 256 209
2560	93 192 108 119
2561	160 2 368 272
2562	210 367 23 128
2563	42 160 233 332
2564	144 119 273 362
2565	332 357 43 198
2566	56 271 103 180
2567	170 186 221 109
2568	28 163 352 43
2569	235 297 353 116
2570	124 67 251 355
2571	261 220 348 355
2572	392 192 71 44
2573	200 216 191 366
2574	10 14 8 333
2575	228 274 272 103
2576	148 273 159 58
2577	93 369 175 215
2578	18 366 257 359
2579	195 339 1 196
2580	167 387 156 400
2581	100 281 53 41
2582	16 155 83 201
2583	106 100 331 214
2584	48 45 228 186
2585	26 122 34 302
2586	400 247 276 7
2587	92 366 346 375
2588	270 260 286 75
2589	234 37 337 20
2590	321 180 385 288
2591	391 32 311 180
2592	114 54 133 234
2593	255 336 139 355
2594	37 13 342 367
2595	83 138 2 67
2596	266 179 135 323
2597	396 328 26 214
2598	322 95 164 325
2599	21 263 214 11
2600	310 400 364 388
2601	164 112 118 69
2602	400 196 152 376
2603	236 196 84 347
2604	189 34 280 25
2605	245 96 164 317
2606	351 288 100 103
2607	192 340 160 162
2608	60 298 319 119
2609	54 361 8 175
2610	37 232 124 91
2611	366 380 74 322
2612	235 349 48 330
2613	189 56 96 21
2614	303 57 235 181
2615	127 275 134 285
2616	204 174 49 9
2617	11 315 221 200
2618	300 284 260 297
2619	206 108 302 362
2620	253 9 8 327
2621	281 304 3 179
2622	96 188 221 253
2623	106 245 65 383
2624	64 61 351 304
2625	81 77 279 83
2626	199 32 212 295
2627	155 144 69 227
2628	17 387 119 318
2629	133 56 302 309
2630	177 196 51 200
2631	365 270 31 165
2632	178 118 217 377
2633	369 204 136 221
2634	198 210 349 60
2635	375 41 385 291
2636	88 87 126 131
2637	42 120 129 248
2638	262 23 303 2
2639	58 76 390 383
2640	141 239 229 123
2641	45 118 269 176
2642	358 316 20 159
2643	63 267 342 56
2644	269 87 10 239
2645	328 305 293 151
2646	118 394 89 326
2647	79 138 36 376
2648	122 187 113 264
2649	267 355 351 212
2650	204 262 27 53
2651	281 22 105 167
2652	247 299 289 306
2653	291 357 113 228
2654	184 23 91 378
2655	353 113 186 4
2656	277 20 238 182
2657	15 48 298 292
2658	149 196 293 161
2659	152 129 341 116
2660	219 127 369 152
2661	179 227 328 37
2662	228 295 114 33
2663	191 43 287 179
2664	249 238 71 266
2665	246 231 288 311
2666	240 277 139 298
2667	224 10 260 249
2668	117 36 348 137
2669	369 283 281 311
2670	247 384 131 29
2671	303 155 257 190
2672	158 230 178 185
2673	155 395 368 174
2674	53 201 150 277
2675	387 150 99 262
2676	16 336 72 371
2677	364 39 385 346
2678	203 244 234 36
2679	280 236 46 22
2680	78 31 384 77
2681	153 58 224 327
2682	329 302 257 92
2683	169 234 216 395
2684	327 164 44 133
2685	205 31 62 314
2686	1 56 83 392
2687	145 388 327 276
2688	205 386 278 60
2689	163 380 139 124
2690	137 390 212 262
2691	383 380 225 321
2692	392 76 377 122
2693	94 214 159 338
2694	304 321 61 110
2695	153 177 115 279
2696	313 124 275 264
2697	222 6 120 245
2698	191 160 264 147
2699	345 40 348 331
2700	52 53 10 123
2701	33 302 44 108
2702	385 30 327 156
2703	274 350 305 189
2704	300 239 223 385
2705	7 145 208 161
2706	98 160 241 42
2707	57 395 397 213
2708	18 308 366 292
2709	77 232 369 35
2710	24 276 371 200
2711	324 151 149 102
2712	25 76 171 152
2713	265 273 155 36
2714	141 306 33 28
2715	347 29 182 25
2716	21 302 66 264
2717	201 169 126 160
2718	40 328 74 228
2719	167 2 48 342
2720	227 228 276 121
2721	366 285 290 83
2722	213 165 73 207
2723	381 85 347 170
2724	159 171 94 281
2725	381 236 161 202
2726	61 369 65 38
2727	185 186 76 363
2728	338 341 75 190
2729	163 60 149 361
2730	77 391 21 94
2731	334 304 233 156
2732	25 358 15 139
2733	287 184 176 155
2734	136 282 379 394
2735	203 93 32 29
2736	192 26 97 31
2737	367 277 293 20
2738	376 320 252 194
2739	227 150 160 259
2740	232 53 239 156
2741	395 387 208 30
2742	384 303 25 57
2743	287 269 13 302
2744	205 274 37 39
2745	46 252 293 187
2746	176 322 346 335
2747	330 11 350 281
2748	121 244 144 360
2749	308 381 377 138
2750	85 125 44 87
2751	396 229 117 320
2752	264 389 70 212
2753	221 212 299 300
2754	47 313 369 182
2755	122 292 259 399
2756	262 368 245 99
2757	94 321 320 123
2758	3 264 278 7
2759	310 266 276 270
2760	292 221 328 339
2761	191 201 379 88
2762	90 224 376 115
2763	26 181 154 312
2764	340 380 217 269
2765	37 385 89 142
2766	161 278 34 50
2767	13 238 10 260
2768	304 307 322 120
2769	362 222 242 196
2770	295 222 291 280
2771	96 306 299 86
2772	238 24 171 363
2773	202 300 342 379
2774	38 53 54 65
2775	344 338 306 179
2776	159 124 113 194
2777	200 204 328 56
2778	241 102 12 9
2779	279 271 380 85
2780	96 310 175 143
2781	15 11 394 323
2782	222 334 384 101
2783	107 44 233 361
2784	393 249 244 299
2785	285 13 85 396
2786	339 20 300 213
2787	33 75 155 210
2788	372 205 237 124
2789	54 71 360 373
2790	89 325 345 55
2791	257 259 75 41
2792	345 220 218 343
2793	295 83 16 209
2794	10 1 276 142
2795	314 12 320 225
2796	87 323 132 292
2797	261 374 357 396
2798	127 143 9 196
2799	136 26 391 201
2800	170 317 120 204
2801	286 93 101 352
2802	199 390 124 317
2803	122 60 217 179
2804	254 236 77 28
2805	358 218 204 238
2806	303 325 167 357
2807	379 32 8 220
2808	144 236 9 41
2809	303 265 5 1
2810	36 269 388 231
2811	220 145 158 326
2812	307 378 72 263
2813	288 294 175 363
2814	256 203 213 395
2815	290 292 333 116
2816	257 88 41 133
2817	94 304 50 145
2818	231 33 76 224
2819	206 294 179 338
2820	107 365 77 48
2821	60 20 251 54
2822	345 125 116 126
2823	271 212 198 177
2824	291 290 361 34
2825	343 163 373 327
2826	208 317 160 122
2827	357 68 220 14
2828	149 326 50 143
2829	15 396 31 148
2830	126 143 301 321
2831	43 224 199 195
2832	172 132 50 16
2833	49 57 36 380
2834	285 286 54 33
2835	276 331 87 147
2836	232 31 234 104
2837	203 330 125 69
2838	157 32 4 1
2839	315 121 110 141
2840	290 329 36 18
2841	254 39 133 161
2842	279 76 31 50
2843	376 306 122 216
2844	239 83 360 380
2845	123 250 133 317
2846	111 88 348 60
2847	245 305 194 75
2848	249 73 113 170
2849	226 392 132 319
2850	221 38 103 9
2851	159 146 109 37
2852	241 280 366 100
2853	200 325 167 282
2854	55 355 136 323
2855	143 52 308 154
2856	232 324 307 97
2857	264 192 324 268
2858	376 276 81 395
2859	308 338 358 221
2860	27 151 381 51
2861	32 349 188 83
2862	258 106 220 50
2863	389 365 294 270
2864	31 322 103 226
2865	56 148 140 94
2866	273 1 234 42
2867	49 177 283 46
2868	241 169 105 280
2869	298 75 189 17
2870	385 389 283 151
2871	398 182 189 71
2872	199 182 128 307
2873	241 223 171 332
2874	378 43 347 355
2875	82 297 279 200
2876	366 297 323 242
2877	209 193 6 277
2878	326 317 259 269
2879	167 102 31 63
2880	299 237 146 40
2881	12 19 23 68
2882	337 167 164 101
2883	191 44 107 302
2884	294 184 42 366
2885	302 184 275 87
2886	258 35 130 202
2887	235 252 2 62
2888	137 380 21 141
2889	149 223 389 362
2890	187 188 162 144
2891	265 358 216 122
2892	16 245 25 364
2893	50 334 369 135
2894	123 10 151 34
2895	391 79 383 60
2896	296 348 397 51
2897	378 365 167 387
2898	285 257 57 67
2899	127 24 153 348
2900	208 58 132 285
2901	120 69 27 6
2902	166 332 318 310
2903	380 118 5 75
2904	293 222 242 306
2905	345 110 391 375
2906	329 92 18 110
2907	166 358 165 273
2908	161 356 141 45
2909	338 308 363 167
2910	73 206 320 277
2911	251 144 236 191
2912	24 112 242 344
2913	258 21 22 384
2914	395 10 42 386
2915	155 34 22 16
2916	262 168 66 242
2917	18 359 315 134
2918	161 270 358 34
2919	251 278 164 377
2920	200 262 96 41
2921	170 54 7 194
2922	288 13 95 204
2923	8 199 84 333
2924	136 118 114 137
2925	286 89 18 255
2926	75 237 7 183
2927	311 164 34 392
2928	10 373 28 104
2929	28 283 14 288
2930	265 243 93 375
2931	299 20 160 46
2932	156 277 132 249
2933	188 357 191 142
2934	388 20 153 254
2935	61 339 377 188
2936	120 242 217 301
2937	298 79 117 392
2938	363 212 235 6
2939	222 132 156 78
2940	393 241 265 69
2941	284 388 166 368
2942	104 110 181 109
2943	372 1 229 230
2944	34 323 343 120
2945	171 331 17 172
2946	122 193 308 376
2947	363 170 310 296
2948	34 29 235 315
2949	313 287 350 17
2950	255 243 242 140
2951	220 168 234 311
2952	3 9 235 65
2953	343 114 2 293
2954	119 194 151 92
2955	107 210 19 167
2956	231 394 224 319
2957	336 109 133 296
2958	214 118 371 42
2959	280 39 44 292
2960	85 234 254 182
2961	168 398 246 29
2962	290 294 134 272
2963	293 256 209 222
2964	364 382 341 357
2965	63 227 400 90
2966	2 277 370 247
2967	340 199 130 160
2968	194 365 18 192
2969	207 244 37 71
2970	151 126 176 365
2971	255 171 67 91
2972	198 342 222 216
2973	73 55 239 246
2974	198 393 277 84
2975	279 304 231 288
2976	390 145 214 267
2977	223 195 85 124
2978	279 301 394 267
2979	42 85 182 378
2980	364 148 169 365
2981	75 367 221 99
2982	380 395 42 192
2983	282 92 304 33
2984	189 292 331 230
2985	29 113 341 273
2986	98 216 154 146
2987	332 275 78 355
2988	335 5 269 117
2989	61 102 292 38
2990	204 177 174 310
2991	335 370 118 121
2992	111 252 306 171
2993	11 87 14 243
2994	156 116 187 394
2995	37 142 247 335
2996	209 234 141 370
2997	73 91 37 231
2998	189 297 100 146
2999	117 70 375 268
3000	226 163 143 69
3001	85 269 360 195
3002	315 346 44 190
3003	118 372 255 245
3004	147 47 117 211
3005	337 192 32 137
3006	264 87 236 321
3007	329 368 287 141
3008	82 105 39 211
3009	292 14 243 66
3010	110 364 232 95
3011	281 285 40 249
3012	229 134 156 394
3013	147 69 264 130
3014	190 22 43 260
3015	215 110 59 88
3016	348 73 338 179
3017	220 349 48 313
3018	283 118 35 65
3019	375 178 232 16
3020	137 64 293 296
3021	89 212 201 205
3022	49 154 266 386
3023	287 319 85 205
3024	378 60 321 226
3025	280 384 166 251
3026	82 389 19 299
3027	285 45 74 49
3028	52 297 20 151
3029	214 188 321 4
3030	204 19 350 61
3031	34 390 247 365
3032	293 52 27 14
3033	227 266 220 196
3034	129 301 220 309
3035	118 99 348 56
3036	173 221 398 355
3037	358 339 99 331
3038	134 194 45 243
3039	36 177 324 192
3040	191 143 111 141
3041	326 63 59 19
3042	266 191 209 15
3043	86 78 317 181
3044	260 388 304 54
3045	400 318 257 377
3046	328 129 192 270
3047	268 169 107 391
3048	267 155 327 239
3049	159 1 311 284
3050	161 42 48 272
3051	286 335 68 83
3052	190 375 212 4
3053	273 258 263 40
3054	265 39 91 171
3055	398 354 225 26
3056	60 183 53 247
3057	84 221 286 202
3058	94 84 322 220
3059	169 127 64 60
3060	140 53 100 313
3061	319 387 94 352
3062	249 256 52 311
3063	289 373 277 353
3064	220 246 242 265
3065	333 297 242 178
3066	107 158 260 57
3067	314 85 108 41
3068	189 78 101 52
3069	184 78 57 204
3070	124 258 131 150
3071	85 358 71 199
3072	193 54 207 379
3073	362 274 212 367
3074	128 41 131 250
3075	288 275 309 211
3076	335 182 74 146
3077	65 143 63 372
3078	257 343 44 336
3079	100 270 170 301
3080	26 291 243 269
3081	240 256 377 223
3082	59 141 133 158
3083	5 53 260 300
3084	343 295 320 148
3085	95 157 161 251
3086	190 186 68 328
3087	299 316 352 390
3088	98 10 276 391
3089	286 330 15 57
3090	47 347 355 295
3091	383 302 221 119
3092	398 268 21 275
3093	85 231 136 278
3094	363 46 326 135
3095	374 258 168 26
3096	160 343 347 130
3097	352 229 387 392
3098	308 56 26 6
3099	295 260 113 350
3100	395 17 20 138
3101	196 216 352 273
3102	308 47 248 392
3103	220 214 217 191
3104	309 324 335 341
3105	152 132 198 122
3106	339 350 251 386
3107	9 342 117 180
3108	38 277 124 334
3109	371 155 66 268
3110	311 115 23 154
3111	201 344 324 226
3112	71 229 299 53
3113	33 11 207 72
3114	85 146 19 207
3115	132 345 280 400
3116	364 173 350 321
3117	299 162 191 41
3118	349 383 228 226
3119	212 26 23 327
3120	212 225 67 364
3121	392 104 398 158
3122	89 108 107 287
3123	246 43 135 142
3124	82 204 301 371
3125	137 352 322 357
3126	92 261 241 210
3127	138 325 357 184
3128	264 140 250 99
3129	344 339 305 349
3130	2 124 256 80
3131	239 374 120 276
3132	143 41 67 196
3133	167 203 215 107
3134	178 371 42 284
3135	309 343 379 373
3136	138 89 254 226
3137	92 300 37 69
3138	144 235 288 130
3139	216 211 57 318
3140	140 71 52 6
3141	358 328 342 159
3142	340 387 308 148
3143	70 157 335 71
3144	119 338 212 153
3145	81 36 393 188
3146	183 188 107 190
3147	146 362 17 5
3148	165 36 121 353
3149	271 17 221 115
3150	260 373 53 16
3151	308 101 208 162
3152	20 179 339 210
3153	247 345 327 92
3154	62 93 364 199
3155	150 123 251 32
3156	98 365 292 281
3157	394 252 142 20
3158	183 359 51 302
3159	378 143 334 46
3160	369 351 343 334
3161	108 339 131 88
3162	317 64 377 202
3163	229 171 400 163
3164	237 263 328 340
3165	35 236 304 288
3166	14 219 203 45
3167	257 273 286 198
3168	15 64 151 185
3169	351 116 277 251
3170	124 214 347 110
3171	198 240 354 351
3172	254 221 181 365
3173	156 116 63 165
3174	188 391 67 281
3175	340 70 180 129
3176	395 316 120 216
3177	339 278 218 383
3178	37 68 84 126
3179	262 196 245 72
3180	55 316 43 237
3181	322 173 108 242
3182	133 303 393 317
3183	56 211 307 395
3184	266 356 400 103
3185	267 86 33 158
3186	257 91 6 121
3187	48 222 47 173
3188	361 220 263 312
3189	221 49 303 11
3190	69 264 382 24
3191	51 296 292 195
3192	75 220 360 324
3193	137 172 86 376
3194	117 55 159 44
3195	154 208 21 367
3196	147 28 396 111
3197	69 1 318 81
3198	177 5 336 4
3199	186 88 329 175
3200	353 398 238 88
3201	331 170 114 95
3202	121 240 335 374
3203	280 18 219 299
3204	158 92 6 60
3205	267 146 206 234
3206	309 100 382 179
3207	62 307 58 59
3208	196 220 109 190
3209	64 395 93 41
3210	130 366 100 23
3211	110 240 219 279
3212	60 294 10 345
3213	106 182 82 72
3214	232 249 135 36
3215	258 387 130 94
3216	384 19 127 196
3217	95 374 285 352
3218	81 194 99 180
3219	206 35 275 253
3220	118 107 268 228
3221	234 238 362 24
3222	197 74 234 110
3223	397 253 145 59
3224	373 343 12 264
3225	115 202 279 357
3226	89 397 314 236
3227	27 349 91 301
3228	339 398 217 220
3229	203 189 59 139
3230	240 324 162 183
3231	357 13 298 306
3232	47 202 82 327
3233	130 70 202 225
3234	185 330 305 98
3235	384 337 194 76
3236	90 380 342 118
3237	136 53 154 55
3238	1 265 159 386
3239	38 168 145 237
3240	58 169 14 27
3241	40 165 293 313
3242	277 98 42 333
3243	166 13 135 7
3244	308 286 293 283
3245	39 224 358 75
3246	266 226 211 279
3247	146 279 11 136
3248	125 353 11 32
3249	341 237 381 140
3250	317 325 301 303
3251	118 91 394 362
3252	118 202 38 284
3253	86 133 322 290
3254	185 16 33 326
3255	154 320 84 383
3256	243 154 382 363
3257	154 66 104 26
3258	166 201 104 384
3259	205 98 52 121
3260	213 341 381 334
3261	256 196 225 305
3262	147 211 133 54
3263	155 220 385 132
3264	224 165 113 352
3265	274 26 252 108
3266	344 353 146 132
3267	353 279 266 70
3268	199 279 340 45
3269	209 394 61 347
3270	318 394 237 337
3271	159 284 117 195
3272	178 154 12 369
3273	269 4 371 149
3274	311 297 95 326
3275	289 298 290 221
3276	154 384 53 17
3277	338 66 21 259
3278	275 3 156 171
3279	36 101 6 279
3280	147 165 249 230
3281	147 323 326 393
3282	36 357 254 171
3283	146 229 342 97
3284	258 123 154 301
3285	385 252 166 289
3286	170 185 139 350
3287	253 194 361 182
3288	73 321 241 190
3289	286 95 346 289
3290	30 229 341 128
3291	225 230 365 87
3292	156 209 12 375
3293	119 115 281 195
3294	291 325 331 294
3295	130 177 390 164
3296	15 165 293 337
3297	319 147 140 35
3298	278 342 277 390
3299	389 39 120 82
3300	271 380 227 9
3301	287 15 107 81
3302	15 274 338 224
3303	209 36 128 299
3304	11 135 397 190
3305	397 303 96 355
3306	273 196 382 11
3307	71 83 23 389
3308	64 226 383 44
3309	36 249 163 362
3310	361 65 301 91
3311	157 314 17 196
3312	180 185 390 299
3313	220 35 372 297
3314	332 302 377 85
3315	306 393 98 318
3316	236 52 258 61
3317	206 62 146 251
3318	337 114 83 263
3319	374 216 300 103
3320	75 143 71 46
3321	42 274 60 64
3322	19 301 193 380
3323	382 349 77 246
3324	276 377 297 362
3325	290 315 314 172
3326	75 112 352 151
3327	337 227 63 383
3328	279 1 270 242
3329	241 191 236 262
3330	259 279 396 20
3331	111 223 27 160
3332	357 275 335 44
3333	70 19 56 306
3334	178 10 182 197
3335	250 243 104 374
3336	50 358 282 337
3337	59 334 297 184
3338	145 263 4 20
3339	318 343 110 74
3340	173 356 383 181
3341	114 134 238 258
3342	240 84 158 209
3343	224 217 230 12
3344	400 385 255 20
3345	120 337 173 117
3346	243 118 332 275
3347	156 73 74 125
3348	127 183 71 301
3349	156 31 338 51
3350	384 300 390 248
3351	371 321 398 48
3352	36 348 335 228
3353	112 188 228 274
3354	194 19 225 394
3355	238 6 283 143
3356	256 330 148 373
3357	335 20 162 249
3358	378 360 34 268
3359	24 14 275 226
3360	332 51 373 152
3361	238 62 242 151
3362	6 126 113 194
3363	187 365 70 98
3364	312 79 240 87
3365	309 140 340 203
3366	152 240 117 305
3367	276 236 246 47
3368	355 233 384 51
3369	242 122 75 49
3370	34 269 39 11
3371	227 36 28 377
3372	154 266 42 39
3373	212 208 228 319
3374	215 281 222 31
3375	106 40 304 131
3376	297 369 59 202
3377	76 215 241 335
3378	225 271 33 293
3379	155 67 34 234
3380	301 112 232 48
3381	161 72 305 180
3382	21 397 191 342
3383	1 358 179 91
3384	397 96 305 6
3385	91 103 278 266
3386	208 50 96 164
3387	73 294 164 34
3388	138 394 54 305
3389	299 48 239 374
3390	147 386 383 38
3391	369 155 214 392
3392	337 354 167 244
3393	296 13 312 307
3394	356 5 193 362
3395	353 196 94 300
3396	390 53 124 346
3397	75 250 108 59
3398	4 253 85 283
3399	133 391 191 91
3400	275 185 180 357
3401	329 263 145 154
3402	213 389 183 302
3403	198 45 111 146
3404	229 121 308 275
3405	357 114 232 66
3406	313 84 210 212
3407	103 28 321 276
3408	77 394 374 90
3409	160 118 396 34
3410	9 135 209 90
3411	151 387 62 249
3412	157 400 87 74
3413	278 340 331 216
3414	339 24 267 134
3415	314 7 151 287
3416	168 394 84 251
3417	250 197 238 50
3418	19 242 12 55
3419	259 248 199 37
3420	364 148 372 193
3421	227 159 18 393
3422	234 206 398 384
3423	123 237 252 238
3424	51 361 97 371
3425	21 53 307 288
3426	282 297 361 204
3427	117 341 197 190
3428	396 184 266 13
3429	332 183 93 342
3430	140 248 244 295
3431	391 94 332 245
3432	292 345 379 100
3433	211 341 224 365
3434	133 202 399 361
3435	246 114 233 235
3436	111 252 9 233
3437	134 346 140 230
3438	7 73 236 356
3439	318 68 331 44
3440	276 342 83 233
3441	119 178 125 241
3442	159 129 338 379
3443	227 39 325 247
3444	88 258 302 181
3445	63 333 238 144
3446	339 235 325 131
3447	315 341 250 21
3448	334 335 45 365
3449	351 290 394 70
3450	377 71 69 230
3451	167 138 119 50
3452	120 360 215 258
3453	95 293 171 355
3454	47 359 344 164
3455	329 112 156 234
3456	44 94 354 167
3457	57 150 206 113
3458	26 23 324 174
3459	128 146 149 117
3460	367 128 283 101
3461	222 50 355 125
3462	40 305 203 61
3463	207 253 136 47
3464	90 144 17 89
3465	69 104 284 96
3466	388 171 156 398
3467	81 320 344 380
3468	187 170 180 283
3469	107 198 265 67
3470	316 229 112 145
3471	311 310 9 155
3472	312 94 96 98
3473	126 285 50 221
3474	23 88 157 341
3475	223 278 391 331
3476	32 18 371 123
3477	131 83 177 261
3478	393 176 243 88
3479	169 43 201 20
3480	102 133 231 1
3481	118 201 30 224
3482	359 12 285 230
3483	85 169 227 219
3484	81 361 243 48
3485	79 8 314 46
3486	174 22 323 187
3487	100 369 99 193
3488	290 58 381 322
3489	213 78 120 99
3490	8 179 229 55
3491	174 22 9 364
3492	257 111 35 224
3493	347 277 375 171
3494	250 56 28 189
3495	33 394 285 399
3496	52 176 310 86
3497	46 49 110 263
3498	342 311 242 75
3499	304 311 100 97
3500	217 48 262 73
3501	295 162 108 370
3502	153 87 288 212
3503	256 320 335 343
3504	153 242 86 269
3505	32 303 258 162
3506	211 198 84 384
3507	162 2 327 37
3508	346 253 183 296
3509	108 71 204 249
3510	201 385 236 148
3511	138 264 118 137
3512	329 215 346 136
3513	186 247 128 6
3514	82 254 310 226
3515	206 132 328 42
3516	352 230 210 306
3517	187 118 254 248
3518	229 373 368 24
3519	37 67 245 51
3520	26 94 192 39
3521	370 309 117 332
3522	327 134 253 178
3523	133 316 71 137
3524	267 283 250 263
3525	310 374 178 63
3526	279 35 334 271
3527	122 115 138 283
3528	245 102 114 333
3529	357 21 179 319
3530	75 272 77 5
3531	124 269 279 334
3532	166 178 237 6
3533	240 371 91 104
3534	33 112 210 31
3535	344 358 32 173
3536	398 80 273 137
3537	118 64 90 154
3538	382 92 91 202
3539	309 99 61 306
3540	365 341 140 123
3541	87 274 62 220
3542	378 246 44 29
3543	304 274 327 13
3544	337 22 94 376
3545	207 171 132 376
3546	42 205 339 16
3547	95 22 1 213
3548	47 242 220 143
3549	322 9 294 364
3550	37 71 356 293
3551	325 85 111 331
3552	69 119 1 382
3553	368 97 334 321
3554	265 163 49 286
3555	323 302 365 134
3556	14 66 318 294
3557	330 25 140 292
3558	290 216 298 89
3559	128 177 78 6
3560	74 275 341 215
3561	316 204 148 75
3562	369 334 72 273
3563	256 232 33 65
3564	169 324 267 64
3565	128 278 254 209
3566	2 71 13 196
3567	39 354 215 162
3568	244 362 162 252
3569	189 292 330 247
3570	187 143 131 168
3571	236 259 43 173
3572	156 389 79 58
3573	203 156 55 121
3574	72 146 239 106
3575	157 82 246 35
3576	96 294 277 159
3577	15 283 238 151
3578	14 186 222 250
3579	8 6 399 318
3580	200 165 142 138
3581	46 366 308 98
3582	321 394 151 375
3583	76 347 263 200
3584	77 134 29 249
3585	372 151 359 209
3586	287 24 355 68
3587	93 4 359 232
3588	323 276 7 56
3589	5 170 237 63
3590	211 320 52 303
3591	165 102 111 159
3592	143 19 352 239
3593	72 110 245 362
3594	391 245 48 278
3595	26 118 383 176
3596	143 186 362 373
3597	235 165 149 81
3598	395 257 315 364
3599	205 328 156 102
3600	229 123 124 383
3601	242 49 77 302
3602	1 218 157 109
3603	46 79 360 244
3604	258 44 21 269
3605	167 24 180 173
3606	102 32 362 365
3607	390 289 15 222
3608	395 35 17 9
3609	218 20 48 106
3610	367 103 60 268
3611	48 318 297 146
3612	209 56 86 43
3613	275 187 162 239
3614	159 391 290 348
3615	77 187 263 202
3616	62 173 41 31
3617	240 380 162 301
3618	110 160 379 292
3619	390 97 86 45
3620	31 380 321 98
3621	355 97 13 295
3622	232 217 148 35
3623	102 26 104 258
3624	120 218 190 58
3625	368 179 261 329
3626	174 315 252 127
3627	360 347 140 263
3628	382 157 314 222
3629	114 395 44 25
3630	117 116 253 204
3631	46 68 16 356
3632	131 375 369 293
3633	188 7 65 29
3634	96 214 149 159
3635	99 203 291 50
3636	257 256 34 150
3637	263 62 185 247
3638	54 180 352 211
3639	263 302 365 186
3640	9 69 233 15
3641	345 283 237 340
3642	213 351 33 275
3643	182 243 370 15
3644	86 354 385 18
3645	319 316 336 95
3646	271 126 234 245
3647	70 304 192 98
3648	379 254 309 52
3649	67 6 266 211
3650	2 71 265 166
3651	261 230 251 26
3652	12 141 356 114
3653	117 258 35 112
3654	372 18 382 132
3655	285 105 367 14
3656	226 362 218 251
3657	107 151 171 326
3658	355 251 260 271
3659	157 350 363 368
3660	354 53 167 100
3661	24 70 47 255
3662	347 159 73 64
3663	331 256 112 86
3664	25 66 196 124
3665	90 317 224 247
3666	381 57 279 353
3667	17 161 81 370
3668	52 125 204 346
3669	70 366 74 223
3670	221 358 324 280
3671	95 102 300 137
3672	146 80 100 93
3673	67 28 97 363
3674	149 379 175 325
3675	131 232 178 293
3676	95 377 359 332
3677	177 291 383 289
3678	132 383 280 278
3679	342 45 120 52
3680	359 183 121 320
3681	76 87 26 66
3682	356 138 78 307
3683	196 292 352 283
3684	131 126 357 353
3685	104 177 359 53
3686	244 179 51 170
3687	294 25 113 141
3688	199 261 185 126
3689	317 178 196 327
3690	330 75 33 122
3691	247 78 24 189
3692	61 22 83 305
3693	92 145 171 105
3694	296 72 192 373
3695	159 387 180 59
3696	36 189 252 201
3697	125 122 145 96
3698	170 216 372 39
3699	248 284 202 44
3700	17 212 102 167
3701	26 65 169 4
3702	174 342 28 245
3703	22 158 358 99
3704	212 331 106 201
3705	357 183 393 311
3706	16 9 241 140
3707	127 213 221 211
3708	117 30 178 367
3709	95 260 190 369
3710	129 382 229 250
3711	93 126 165 241
3712	68 50 335 188
3713	229 87 123 247
3714	142 70 147 87
3715	329 350 190 211
3716	216 383 236 369
3717	364 188 90 14
3718	21 223 272 113
3719	117 322 373 252
3720	154 287 340 111
3721	339 64 334 21
3722	236 185 267 159
3723	311 68 293 205
3724	255 202 357 276
3725	139 393 43 167
3726	33 259 263 119
3727	274 240 265 113
3728	297 397 51 146
3729	268 344 252 342
3730	212 169 90 22
3731	9 214 384 365
3732	251 241 197 191
3733	32 374 330 117
3734	25 314 233 363
3735	140 276 317 369
3736	169 317 147 258
3737	355 232 156 258
3738	345 367 121 82
3739	301 4 276 213
3740	323 321 34 134
3741	91 39 24 126
3742	287 46 171 193
3743	140 161 70 72
3744	36 210 101 380
3745	96 48 377 398
3746	175 136 152 397
3747	53 323 399 197
3748	126 168 165 171
3749	230 341 33 166
3750	236 395 120 87
3751	67 203 274 39
3752	27 225 309 249
3753	150 273 392 40
3754	118 240 272 76
3755	178 277 130 345
3756	304 107 12 329
3757	47 317 80 127
3758	24 220 175 255
3759	367 255 327 180
3760	217 365 212 46
3761	16 320 136 303
3762	334 390 317 123
3763	199 32 387 110
3764	63 343 110 211
3765	392 236 388 255
3766	329 191 232 382
3767	28 250 76 103
3768	141 241 207 39
3769	347 319 122 90
3770	282 135 358 345
3771	313 103 283 385
3772	276 238 388 128
3773	86 274 291 28
3774	122 123 68 348
3775	68 116 182 399
3776	339 120 344 249
3777	124 126 179 142
3778	350 86 32 118
3779	354 135 55 312
3780	312 186 139 332
3781	396 111 350 65
3782	205 357 365 88
3783	27 56 49 15
3784	120 276 19 304
3785	76 155 205 245
3786	160 99 105 5
3787	262 134 44 266
3788	390 285 275 157
3789	255 41 185 58
3790	337 178 74 25
3791	59 194 313 309
3792	157 29 47 117
3793	156 224 329 154
3794	148 196 81 42
3795	252 383 346 29
3796	66 399 79 75
3797	39 207 227 151
3798	120 293 309 249
3799	27 200 107 382
3800	111 286 131 365
3801	67 226 293 59
3802	226 29 46 70
3803	79 221 128 339
3804	238 217 236 48
3805	92 160 375 340
3806	280 340 196 262
3807	196 279 75 302
3808	272 169 317 175
3809	236 20 244 384
3810	115 297 151 334
3811	15 295 6 27
3812	82 312 360 400
3813	207 126 173 116
3814	109 52 42 275
3815	134 160 3 242
3816	347 240 219 247
3817	336 343 311 360
3818	301 340 136 119
3819	81 84 137 317
3820	390 11 188 250
3821	212 299 128 96
3822	258 60 268 6
3823	97 352 74 24
3824	58 355 217 121
3825	116 183 44 212
3826	250 105 347 13
3827	75 266 25 191
3828	132 193 84 148
3829	111 369 94 320
3830	342 21 203 81
3831	229 205 220 162
3832	26 162 253 242
3833	51 229 206 200
3834	107 94 373 156
3835	56 219 46 396
3836	44 352 367 215
3837	344 55 331 40
3838	331 55 398 226
3839	396 110 19 282
3840	276 19 84 150
3841	166 265 162 368
3842	384 146 185 23
3843	22 14 218 115
3844	85 254 218 44
3845	18 116 330 239
3846	242 381 257 15
3847	308 136 151 283
3848	246 339 275 369
3849	1 257 284 395
3850	285 376 4 186
3851	385 21 273 384
3852	303 156 128 134
3853	96 343 149 162
3854	67 184 362 33
3855	135 242 319 335
3856	186 385 130 294
3857	27 235 341 190
3858	182 290 241 90
3859	51 273 90 389
3860	62 266 9 84
3861	399 221 58 19
3862	206 225 114 181
3863	289 37 41 318
3864	63 44 235 334
3865	80 177 226 360
3866	255 141 298 140
3867	161 290 310 90
3868	64 91 17 331
3869	124 99 198 77
3870	143 199 340 385
3871	177 324 139 82
3872	154 2 207 97
3873	209 125 13 364
3874	259 332 29 283
3875	103 373 133 168
3876	168 277 278 37
3877	77 284 85 311
3878	371 221 258 306
3879	126 187 298 327
3880	335 91 251 33
3881	153 294 352 129
3882	251 245 53 94
3883	400 157 103 298
3884	399 334 129 135
3885	34 235 143 50
3886	158 256 190 250
3887	275 263 118 326
3888	270 48 328 327
3889	29 217 191 160
3890	51 320 326 161
3891	260 229 66 350
3892	164 49 257 121
3893	220 88 267 187
3894	165 93 248 282
3895	243 358 240 254
3896	290 38 327 45
3897	51 285 34 308
3898	55 367 380 177
3899	5 214 122 323
3900	247 397 357 399
3901	304 277 26 172
3902	99 49 361 142
3903	161 46 162 362
3904	370 388 247 326
3905	260 310 131 233
3906	393 320 204 327
3907	161 317 350 390
3908	214 131 89 378
3909	121 285 291 376
3910	21 219 275 157
3911	79 16 135 367
3912	201 294 186 233
3913	79 106 199 128
3914	228 27 396 183
3915	229 137 325 86
3916	208 265 346 122
3917	311 301 99 39
3918	292 62 102 161
3919	339 393 138 70
3920	155 129 334 250
3921	288 274 80 329
3922	206 284 167 92
3923	115 144 209 13
3924	133 247 229 147
3925	276 387 154 187
3926	375 124 26 213
3927	324 221 144 204
3928	152 329 384 36
3929	16 211 329 400
3930	245 104 204 78
3931	40 14 30 274
3932	45 20 333 374
3933	61 172 352 130
3934	265 106 177 120
3935	171 306 263 104
3936	212 279 141 224
3937	158 322 135 289
3938	78 25 190 31
3939	315 33 143 234
3940	329 173 138 33
3941	355 48 346 137
3942	382 269 45 354
3943	61 30 167 10
3944	112 178 342 74
3945	213 261 373 169
3946	330 59 382 212
3947	386 166 276 209
3948	274 380 105 315
3949	12 84 142 86
3950	101 371 73 184
3951	70 320 2 186
3952	335 101 285 383
3953	332 169 396 348
3954	349 81 251 246
3955	154 187 151 74
3956	49 325 287 382
3957	88 58 127 286
3958	324 355 391 2
3959	192 179 279 107
3960	46 65 237 2
3961	339 350 264 183
3962	51 370 29 160
3963	276 297 212 262
3964	125 41 120 205
3965	395 327 288 304
3966	164 115 4 184
3967	250 254 293 346
3968	371 17 224 336
3969	292 25 345 93
3970	284 172 324 41
3971	275 43 173 128
3972	33 251 253 233
3973	227 307 258 112
3974	107 205 23 232
3975	154 279 197 86
3976	19 367 289 194
3977	262 49 156 221
3978	354 155 73 261
3979	214 87 72 23
3980	33 263 399 289
3981	364 292 337 149
3982	354 74 353 391
3983	248 50 353 215
3984	335 95 50 315
3985	100 396 220 200
3986	35 352 197 109
3987	299 262 107 233
3988	328 114 88 60
3989	176 129 173 302
3990	176 165 130 44
3991	358 28 179 295
3992	268 397 159 79
3993	192 43 109 106
3994	84 56 105 164
3995	161 267 8 110
3996	108 286 121 46
3997	194 280 30 147
3998	321 277 59 387
3999	348 144 30 282
4000	365 163 119 281
4001	189 353 222 162
4002	265 204 302 237
4003	375 399 206 207
4004	20 359 88 122
4005	222 245 76 397
4006	329 254 147 281
4007	244 294 113 146
4008	154 59 346 132
4009	153 388 233 181
4010	8 216 103 179
4011	36 52 138 19
4012	114 368 235 22
4013	364 224 42 197
4014	192 25 240 272
4015	119 305 221 377
4016	315 218 291 272
4017	312 363 13 155
4018	309 293 241 160
4019	206 212 269 317
4020	285 276 283 338
4021	366 202 264 60
4022	143 15 359 177
4023	347 395 101 392
4024	240 137 8 14
4025	40 227 39 198
4026	271 180 182 219
4027	220 123 46 275
4028	205 153 194 250
4029	270 277 299 250
4030	392 98 240 45
4031	14 308 243 238
4032	380 188 175 197
4033	237 375 267 21
4034	77 170 341 85
4035	258 344 378 397
4036	141 56 302 164
4037	183 14 115 17
4038	200 118 277 290
4039	99 138 98 190
4040	390 123 365 271
4041	135 300 91 161
4042	212 188 196 264
4043	382 387 42 235
4044	59 227 175 280
4045	163 238 63 264
4046	87 166 62 389
4047	19 230 325 38
4048	50 5 175 191
4049	311 170 377 353
4050	317 310 112 204
4051	234 337 217 299
4052	30 189 50 75
4053	10 250 218 271
4054	184 15 330 351
4055	132 368 57 279
4056	384 134 195 140
4057	117 346 164 49
4058	283 159 252 123
4059	3 253 137 378
4060	108 160 203 106
4061	386 287 107 261
4062	124 308 105 361
4063	9 41 201 198
4064	367 181 241 267
4065	124 222 258 77
4066	189 146 8 311
4067	51 355 85 33
4068	306 166 78 338
4069	232 208 200 6
4070	270 110 45 393
4071	273 2 163 247
4072	217 140 229 249
4073	177 209 289 54
4074	69 377 117 102
4075	205 193 301 306
4076	67 263 171 388
4077	313 213 193 88
4078	81 214 195 386
4079	193 96 197 115
4080	283 76 311 68
4081	71 246 251 135
4082	132 210 88 315
4083	115 197 17 14
4084	209 75 56 292
4085	269 199 253 397
4086	221 9 333 400
4087	50 381 382 302
4088	113 88 52 217
4089	231 243 315 115
4090	7 277 330 166
4091	73 212 32 37
4092	372 228 368 387
4093	184 343 251 76
4094	205 101 325 139
4095	65 128 26 177
4096	318 278 65 216
4097	259 324 70 37
4098	363 375 53 97
4099	16 194 210 150
4100	301 141 123 67
4101	326 365 316 183
4102	94 276 40 88
4103	105 97 343 224
4104	125 296 362 31
4105	215 358 350 5
4106	135 211 5 282
4107	18 25 200 107
4108	282 92 385 247
4109	176 61 193 263
4110	126 287 140 256
4111	341 77 288 310
4112	273 364 374 54
4113	133 179 308 307
4114	138 112 7 207
4115	340 262 187 92
4116	127 57 342 84
4117	162 50 145 376
4118	372 8 107 11
4119	378 250 333 42
4120	121 142 294 179
4121	315 155 387 159
4122	47 371 395 20
4123	84 332 333 236
4124	36 381 214 392
4125	306 225 108 78
4126	292 203 244 85
4127	202 7 84 82
4128	222 4 279 372
4129	49 253 141 239
4130	371 330 117 170
4131	182 348 53 35
4132	29 260 161 179
4133	134 171 79 91
4134	246 102 61 45
4135	54 385 365 304
4136	93 112 26 40
4137	254 118 3 377
4138	222 120 268 18
4139	22 234 76 135
4140	232 31 287 293
4141	60 52 145 183
4142	64 368 224 7
4143	134 230 60 188
4144	30 161 114 16
4145	253 22 209 80
4146	139 98 295 302
4147	66 177 304 192
4148	75 16 371 198
4149	201 75 138 384
4150	372 256 65 312
4151	374 185 37 200
4152	330 172 369 156
4153	78 90 250 94
4154	167 181 272 71
4155	245 203 68 227
4156	192 118 317 42
4157	24 331 346 154
4158	79 378 69 165
4159	107 309 384 376
4160	125 138 248 351
4161	112 5 287 7
4162	198 91 242 283
4163	338 285 172 73
4164	30 369 318 263
4165	231 14 270 68
4166	220 73 327 239
4167	211 318 320 277
4168	17 323 240 355
4169	263 192 294 92
4170	369 294 38 265
4171	137 370 144 306
4172	168 223 151 89
4173	271 214 22 264
4174	357 368 366 241
4175	336 251 222 145
4176	330 11 93 224
4177	68 269 364 389
4178	117 245 161 37
4179	388 138 69 68
4180	344 14 181 363
4181	87 83 168 210
4182	137 352 138 49
4183	215 173 330 247
4184	358 105 58 369
4185	330 184 344 21
4186	90 130 342 303
4187	323 288 29 377
4188	189 350 295 79
4189	297 191 219 22
4190	210 345 394 204
4191	64 291 358 199
4192	34 181 152 228
4193	93 227 229 159
4194	317 318 367 303
4195	365 346 132 328
4196	63 72 149 34
4197	204 40 368 320
4198	306 69 213 370
4199	252 105 198 93
4200	197 189 49 144
4201	342 114 289 16
4202	42 301 172 130
4203	230 4 135 382
4204	212 154 139 190
4205	245 372 270 17
4206	260 24 313 362
4207	65 386 314 2
4208	70 214 176 265
4209	243 150 353 85
4210	203 150 211 113
4211	196 181 69 146
4212	19 161 94 155
4213	268 39 266 254
4214	210 261 327 329
4215	147 175 42 78
4216	148 76 249 252
4217	113 272 28 17
4218	383 265 292 258
4219	164 18 54 36
4220	370 257 286 173
4221	240 61 57 266
4222	142 362 251 312
4223	28 210 371 240
4224	288 194 211 7
4225	118 362 73 134
4226	5 24 286 365
4227	301 391 308 238
4228	130 164 156 32
4229	397 256 220 198
4230	194 14 259 157
4231	130 188 236 50
4232	15 294 204 7
4233	113 44 306 387
4234	399 342 104 192
4235	267 155 357 352
4236	120 74 176 86
4237	215 241 368 251
4238	322 394 296 393
4239	56 39 90 175
4240	26 170 153 262
4241	10 150 273 146
4242	312 323 345 300
4243	16 116 36 326
4244	4 109 212 186
4245	24 221 161 371
4246	321 145 29 284
4247	172 239 182 46
4248	314 298 373 75
4249	74 68 44 234
4250	290 220 215 153
4251	393 126 88 81
4252	291 137 220 334
4253	245 145 155 273
4254	3 165 184 31
4255	255 144 130 298
4256	287 99 198 32
4257	163 364 171 200
4258	108 92 115 80
4259	104 307 153 20
4260	32 135 258 42
4261	71 244 303 12
4262	138 188 237 147
4263	237 150 381 203
4264	302 61 29 388
4265	91 82 176 227
4266	259 365 300 108
4267	72 199 360 237
4268	37 111 18 210
4269	173 340 293 86
4270	343 170 289 193
4271	27 284 175 292
4272	10 299 197 82
4273	128 121 198 285
4274	109 95 211 256
4275	177 38 309 199
4276	191 167 81 116
4277	37 142 345 79
4278	138 279 103 282
4279	215 214 200 364
4280	97 179 61 158
4281	231 83 377 317
4282	95 331 270 92
4283	177 360 50 332
4284	282 124 291 125
4285	142 304 236 48
4286	158 82 313 338
4287	263 95 147 285
4288	47 390 305 199
4289	213 9 185 69
4290	199 380 353 152
4291	212 126 58 89
4292	138 88 243 303
4293	368 72 386 42
4294	118 339 6 131
4295	371 33 150 181
4296	102 63 277 386
4297	237 378 304 355
4298	62 372 330 233
4299	293 383 398 307
4300	68 182 107 354
4301	28 102 378 364
4302	141 393 74 265
4303	35 382 333 208
4304	35 348 132 155
4305	246 192 44 367
4306	169 332 75 334
4307	170 42 96 53
4308	215 11 353 265
4309	147 255 330 374
4310	42 162 127 339
4311	283 262 248 126
4312	130 237 6 82
4313	132 135 119 14
4314	284 348 349 80
4315	185 393 96 163
4316	210 97 270 164
4317	169 109 27 369
4318	143 396 65 192
4319	109 3 49 170
4320	45 1 372 24
4321	209 151 311 148
4322	40 346 389 111
4323	133 15 65 143
4324	250 243 320 69
4325	8 194 351 202
4326	397 383 356 291
4327	47 94 195 229
4328	336 399 170 125
4329	43 333 2 231
4330	338 122 26 165
4331	335 92 93 235
4332	305 43 81 176
4333	385 377 266 313
4334	359 101 171 246
4335	290 129 213 280
4336	104 292 281 269
4337	84 231 219 344
4338	150 79 399 13
4339	333 140 294 222
4340	196 48 28 322
4341	69 117 340 279
4342	32 69 135 231
4343	169 241 315 2
4344	5 31 305 218
4345	260 131 188 306
4346	146 135 35 356
4347	338 79 315 242
4348	393 77 270 307
4349	57 339 87 155
4350	391 293 308 172
4351	383 209 378 201
4352	40 100 389 87
4353	323 337 164 77
4354	230 349 115 91
4355	181 280 187 233
4356	84 384 79 164
4357	231 69 198 106
4358	384 399 335 285
4359	282 63 52 35
4360	292 203 187 306
4361	67 208 217 333
4362	118 29 67 381
4363	294 199 41 115
4364	238 334 55 391
4365	127 319 195 340
4366	353 144 293 375
4367	387 48 249 110
4368	383 42 116 23
4369	342 244 119 25
4370	304 236 13 138
4371	175 51 31 71
4372	220 283 10 263
4373	56 163 128 375
4374	341 221 321 258
4375	126 16 217 349
4376	346 172 388 26
4377	105 231 140 41
4378	367 203 55 59
4379	211 306 8 120
4380	35 17 95 279
4381	102 160 362 400
4382	25 40 80 179
4383	72 15 193 60
4384	18 82 189 271
4385	310 149 327 21
4386	386 181 215 202
4387	36 330 248 202
4388	58 57 7 145
4389	33 250 363 327
4390	163 63 133 23
4391	261 169 168 229
4392	318 382 68 228
4393	36 88 247 164
4394	93 69 92 52
4395	143 113 31 371
4396	385 254 314 172
4397	212 214 228 288
4398	7 301 239 323
4399	258 313 334 372
4400	349 19 283 50
4401	191 32 180 104
4402	35 367 125 224
4403	396 192 291 88
4404	12 210 314 394
4405	307 144 264 240
4406	266 38 187 303
4407	136 230 160 180
4408	12 326 160 248
4409	28 277 252 298
4410	102 364 238 86
4411	130 249 162 269
4412	339 203 58 253
4413	45 318 382 240
4414	124 107 340 351
4415	274 271 13 241
4416	85 379 244 396
4417	279 218 317 315
4418	182 75 322 53
4419	209 41 276 382
4420	35 283 91 51
4421	394 279 175 128
4422	28 64 261 319
4423	184 140 47 254
4424	204 397 2 348
4425	146 118 234 101
4426	86 204 203 138
4427	22 159 73 314
4428	388 169 344 223
4429	214 320 154 298
4430	253 341 59 279
4431	286 181 278 31
4432	203 10 137 84
4433	174 375 122 221
4434	62 120 201 116
4435	337 52 120 328
4436	96 142 212 305
4437	109 315 348 140
4438	323 198 40 258
4439	86 56 366 206
4440	324 32 296 42
4441	212 360 246 377
4442	253 19 123 356
4443	257 345 27 214
4444	333 104 33 385
4445	24 199 304 275
4446	125 115 197 325
4447	48 189 342 381
4448	247 325 21 343
4449	273 15 161 293
4450	65 158 168 152
4451	399 246 155 257
4452	313 370 258 291
4453	350 297 105 348
4454	21 124 205 347
4455	369 282 360 67
4456	218 145 282 365
4457	184 329 107 56
4458	132 2 317 391
4459	223 146 374 61
4460	303 373 202 221
4461	167 206 197 179
4462	322 11 251 237
4463	130 247 104 31
4464	5 237 296 277
4465	72 74 112 336
4466	148 145 246 30
4467	268 320 167 288
4468	153 381 176 219
4469	26 31 212 93
4470	327 16 82 96
4471	251 138 41 278
4472	248 47 210 311
4473	286 200 192 273
4474	363 25 365 160
4475	265 348 288 320
4476	340 67 381 294
4477	267 190 196 217
4478	323 207 86 55
4479	24 99 336 47
4480	44 282 276 384
4481	172 87 252 31
4482	143 11 189 268
4483	145 235 170 38
4484	118 100 397 192
4485	285 364 38 147
4486	354 335 198 4
4487	241 115 5 22
4488	125 187 284 255
4489	268 256 293 232
4490	188 83 227 93
4491	136 242 89 327
4492	200 170 231 202
4493	122 212 98 386
4494	350 379 29 229
4495	307 166 130 175
4496	270 171 292 44
4497	154 134 316 49
4498	228 84 4 79
4499	144 23 274 94
4500	131 50 358 18
4501	212 44 40 155
4502	223 366 26 329
4503	346 201 125 222
4504	317 354 13 78
4505	131 280 129 175
4506	368 162 7 222
4507	231 74 369 14
4508	194 285 124 240
4509	252 51 67 165
4510	123 83 257 243
4511	93 109 46 97
4512	194 50 294 299
4513	145 70 56 65
4514	308 398 160 314
4515	373 83 256 390
4516	22 323 334 319
4517	221 286 350 174
4518	265 62 223 358
4519	377 304 357 252
4520	366 386 64 203
4521	146 235 350 41
4522	219 206 221 180
4523	116 394 12 139
4524	123 266 218 356
4525	138 19 71 299
4526	110 56 292 130
4527	192 312 155 375
4528	91 249 157 338
4529	88 62 301 75
4530	288 122 309 111
4531	314 376 38 290
4532	123 68 165 134
4533	350 229 256 312
4534	321 390 171 179
4535	357 373 30 329
4536	98 171 219 331
4537	169 252 53 236
4538	327 181 160 95
4539	360 302 319 211
4540	319 351 41 9
4541	172 273 215 295
4542	74 4 189 98
4543	366 248 193 310
4544	268 341 83 78
4545	308 30 117 211
4546	45 266 100 39
4547	305 131 254 355
4548	349 267 82 233
4549	254 99 188 71
4550	340 170 21 148
4551	226 227 44 24
4552	139 155 227 267
4553	264 320 389 94
4554	182 249 358 388
4555	67 202 26 118
4556	377 185 164 131
4557	97 224 378 5
4558	125 96 228 249
4559	284 158 202 290
4560	20 295 305 51
4561	188 376 67 250
4562	311 108 94 144
4563	324 38 126 228
4564	188 215 43 121
4565	101 69 204 178
4566	281 217 30 67
4567	47 273 373 57
4568	123 346 355 63
4569	222 68 273 41
4570	300 232 359 68
4571	107 247 32 251
4572	400 360 383 379
4573	353 48 343 121
4574	273 157 303 398
4575	183 25 83 244
4576	301 135 87 183
4577	132 27 372 33
4578	41 106 382 94
4579	69 148 233 209
4580	390 104 352 348
4581	362 22 176 134
4582	116 388 3 46
4583	318 335 55 201
4584	211 219 44 243
4585	379 252 194 263
4586	44 380 180 324
4587	51 88 215 135
4588	333 35 397 97
4589	319 302 39 361
4590	74 159 217 396
4591	20 244 39 191
4592	80 90 36 281
4593	35 168 365 381
4594	292 118 100 227
4595	338 276 186 130
4596	355 96 396 118
4597	111 214 70 247
4598	324 320 37 282
4599	371 175 94 88
4600	298 323 262 139
4601	133 344 125 266
4602	359 236 280 227
4603	397 324 361 354
4604	201 273 186 176
4605	261 27 268 158
4606	384 16 70 151
4607	330 399 322 97
4608	8 51 96 211
4609	256 77 61 105
4610	199 118 246 293
4611	113 93 397 332
4612	18 311 268 196
4613	216 29 336 175
4614	99 275 159 122
4615	83 115 55 103
4616	130 381 358 327
4617	168 216 332 145
4618	189 11 25 120
4619	106 50 379 178
4620	48 268 88 207
4621	171 168 345 254
4622	6 272 351 144
4623	384 134 285 223
4624	179 328 58 189
4625	282 265 205 321
4626	247 214 194 305
4627	142 131 356 345
4628	240 100 96 316
4629	232 48 387 363
4630	45 81 68 40
4631	83 168 361 394
4632	315 301 216 354
4633	369 326 283 344
4634	205 41 251 319
4635	232 109 230 90
4636	373 77 181 143
4637	317 281 233 384
4638	46 102 129 57
4639	46 131 323 375
4640	393 103 161 356
4641	302 110 42 68
4642	51 368 312 278
4643	218 78 198 63
4644	95 231 276 289
4645	198 204 392 385
4646	178 175 104 58
4647	52 295 369 237
4648	78 105 178 244
4649	5 62 324 232
4650	365 337 304 53
4651	35 344 13 272
4652	246 157 58 282
4653	144 373 268 357
4654	194 143 288 125
4655	381 326 64 120
4656	384 195 67 72
4657	395 370 21 227
4658	211 278 81 163
4659	377 380 219 257
4660	365 195 14 129
4661	48 351 181 26
4662	355 346 147 356
4663	122 89 299 67
4664	199 237 97 241
4665	245 273 124 374
4666	386 163 15 105
4667	305 145 37 70
4668	346 106 400 111
4669	269 25 302 92
4670	151 396 374 38
4671	157 222 349 163
4672	263 306 72 286
4673	340 302 301 371
4674	159 294 178 109
4675	329 250 167 90
4676	239 263 382 10
4677	308 88 197 31
4678	198 342 40 100
4679	390 329 222 79
4680	149 18 382 367
4681	183 53 31 236
4682	240 182 54 112
4683	291 275 46 64
4684	400 190 356 354
4685	115 95 343 355
4686	376 242 312 363
4687	90 227 194 18
4688	70 298 397 46
4689	346 128 397 331
4690	235 4 77 79
4691	286 320 154 32
4692	141 38 288 293
4693	150 131 26 247
4694	30 358 61 188
4695	49 248 142 60
4696	216 202 213 110
4697	88 382 337 254
4698	265 384 371 216
4699	302 110 245 158
4700	10 24 305 211
4701	396 80 204 152
4702	71 179 377 297
4703	341 391 119 140
4704	227 238 333 29
4705	23 270 375 386
4706	184 308 74 69
4707	353 241 99 87
4708	299 60 134 86
4709	140 299 346 342
4710	351 69 166 2
4711	297 124 332 24
4712	195 345 309 56
4713	48 293 11 317
4714	168 159 267 313
4715	137 190 187 3
4716	393 151 379 176
4717	296 292 238 39
4718	124 142 248 9
4719	78 243 351 307
4720	204 361 114 159
4721	331 347 194 319
4722	91 81 297 231
4723	387 69 11 351
4724	174 246 254 105
4725	385 160 100 188
4726	165 157 216 64
4727	177 136 224 196
4728	358 66 7 355
4729	378 257 95 289
4730	269 89 280 137
4731	335 299 31 109
4732	27 319 379 377
4733	202 32 274 108
4734	289 223 303 246
4735	146 278 77 375
4736	266 302 173 218
4737	330 322 190 297
4738	188 258 350 95
4739	45 59 1 132
4740	363 173 207 297
4741	143 135 16 329
4742	398 359 102 229
4743	370 72 67 344
4744	160 384 2 393
4745	2 182 262 176
4746	111 220 309 325
4747	271 311 199 87
4748	94 236 235 393
4749	67 394 267 165
4750	297 142 369 42
4751	334 399 156 370
4752	231 69 292 149
4753	204 47 20 220
4754	396 91 234 32
4755	61 266 280 153
4756	73 100 396 250
4757	171 42 2 272
4758	117 386 134 351
4759	299 34 326 188
4760	233 205 237 23
4761	212 162 224 46
4762	280 183 139 62
4763	352 180 21 362
4764	358 267 181 399
4765	271 243 132 206
4766	350 10 44 290
4767	66 375 262 334
4768	206 384 390 153
4769	130 295 355 69
4770	398 302 187 36
4771	265 388 177 43
4772	355 109 144 94
4773	295 184 64 114
4774	10 298 288 396
4775	390 251 208 274
4776	342 281 270 346
4777	100 341 356 39
4778	231 388 195 378
4779	320 310 99 273
4780	333 329 365 357
4781	398 333 2 233
4782	314 165 114 73
4783	385 283 278 122
4784	92 63 349 300
4785	142 152 265 120
4786	15 395 156 385
4787	289 170 305 233
4788	218 165 265 56
4789	391 205 246 162
4790	139 97 322 27
4791	390 383 212 349
4792	218 399 109 341
4793	198 256 268 86
4794	242 381 103 125
4795	328 212 126 314
4796	400 1 284 159
4797	267 240 174 118
4798	44 227 111 302
4799	174 342 340 296
4800	99 396 387 100
4801	229 345 155 144
4802	114 8 90 197
4803	204 60 151 255
4804	29 103 167 295
4805	249 223 292 257
4806	279 258 186 83
4807	264 270 252 149
4808	293 167 152 348
4809	217 117 220 216
4810	320 87 49 359
4811	209 349 366 60
4812	34 180 388 244
4813	241 375 86 261
4814	19 141 28 166
4815	206 162 332 328
4816	54 238 188 170
4817	279 328 32 222
4818	95 320 43 300
4819	189 274 126 296
4820	196 284 335 35
4821	49 11 357 361
4822	110 139 181 85
4823	225 275 18 338
4824	202 395 33 34
4825	43 305 190 289
4826	286 145 24 365
4827	105 51 161 367
4828	61 52 253 40
4829	175 364 241 387
4830	299 88 132 89
4831	119 125 202 111
4832	335 165 372 162
4833	306 125 53 288
4834	205 51 98 38
4835	306 94 14 154
4836	301 80 342 69
4837	173 162 313 239
4838	358 35 9 173
4839	369 291 353 12
4840	186 342 294 400
4841	350 59 65 96
4842	77 1 302 365
4843	123 300 310 52
4844	323 47 16 72
4845	386 188 370 387
4846	114 78 285 356
4847	71 39 185 132
4848	129 150 1 199
4849	336 271 54 382
4850	91 329 82 141
4851	185 58 360 314
4852	168 315 240 43
4853	184 98 202 160
4854	385 88 13 282
4855	156 50 249 225
4856	241 376 85 167
4857	199 112 126 238
4858	137 86 41 258
4859	363 390 269 341
4860	190 84 301 336
4861	334 26 305 278
4862	6 319 59 197
4863	399 262 274 17
4864	137 13 40 217
4865	181 269 258 347
4866	172 60 102 397
4867	248 132 209 293
4868	127 95 232 260
4869	303 155 350 140
4870	277 180 184 336
4871	161 362 165 71
4872	311 299 179 139
4873	357 338 29 120
4874	1 255 360 25
4875	131 197 187 67
4876	137 144 154 227
4877	42 77 30 116
4878	208 108 142 159
4879	147 110 323 257
4880	304 358 332 334
4881	229 149 304 156
4882	68 138 40 330
4883	275 228 290 201
4884	130 95 50 46
4885	161 373 309 376
4886	59 116 84 295
4887	68 7 264 182
4888	282 51 329 295
4889	294 365 386 176
4890	43 215 293 181
4891	159 64 371 348
4892	125 279 261 284
4893	59 296 286 80
4894	117 145 153 399
4895	142 361 167 366
4896	236 34 377 23
4897	324 79 160 240
4898	59 360 283 167
4899	171 235 311 206
4900	339 265 206 382
4901	22 335 276 73
4902	42 218 322 17
4903	219 270 297 358
4904	213 275 153 310
4905	132 194 173 358
4906	241 49 37 155
4907	203 101 256 280
4908	16 173 288 152
4909	287 259 126 69
4910	222 211 288 314
4911	355 105 6 193
4912	26 386 90 183
4913	391 229 301 321
4914	307 232 166 174
4915	215 231 297 399
4916	354 7 44 66
4917	54 156 133 106
4918	222 17 252 352
4919	211 9 67 206
4920	256 349 270 279
4921	272 325 206 339
4922	361 342 376 255
4923	321 131 268 37
4924	26 76 379 336
4925	331 121 256 124
4926	154 338 383 134
4927	398 45 363 80
4928	340 244 219 108
4929	90 97 172 245
4930	397 137 32 217
4931	387 288 386 233
4932	267 334 151 193
4933	23 7 228 208
4934	304 194 347 111
4935	366 399 85 234
4936	5 301 338 251
4937	62 206 254 174
4938	232 327 295 86
4939	69 14 383 28
4940	366 69 8 171
4941	363 50 3 290
4942	359 337 373 375
4943	111 12 36 113
4944	338 366 92 260
4945	63 245 257 23
4946	83 168 396 317
4947	6 323 118 132
4948	131 394 322 149
4949	179 364 192 202
4950	83 50 62 160
4951	268 226 52 45
4952	195 116 399 308
4953	172 317 109 61
4954	208 117 79 353
4955	230 22 384 358
4956	255 267 65 84
4957	292 80 312 324
4958	111 337 173 94
4959	348 212 392 377
4960	256 197 39 5
4961	271 83 322 151
4962	391 393 258 342
4963	17 381 156 54
4964	187 184 392 4
4965	354 159 89 42
4966	318 206 3 202
4967	75 377 21 102
4968	21 112 135 205
4969	239 291 363 120
4970	114 227 170 276
4971	92 67 299 218
4972	399 359 248 391
4973	120 195 65 131
4974	123 91 190 71
4975	19 359 168 345
4976	371 350 351 227
4977	400 138 73 320
4978	33 137 187 162
4979	10 113 23 385
4980	224 287 63 361
4981	290 212 129 58
4982	227 366 177 300
4983	293 28 26 284
4984	291 100 257 265
4985	47 246 48 1
4986	217 314 84 365
4987	279 338 115 120
4988	375 147 260 345
4989	87 204 159 25
4990	20 242 282 355
4991	215 1 15 297
4992	79 305 391 383
4993	305 225 349 139
4994	61 102 94 108
4995	338 9 304 78
4996	79 165 115 41
4997	259 369 43 21
4998	39 82 189 356
4999	256 309 92 376
5000	43 391 176 86
