Students	5000
1	269 363 23 290
2	21 28 249 203
3	209 35 167 213
4	172 290 365 216
5	244 71 13 307
6	57 172 297 189
7	49 306 248 37
8	296 207 133 216
9	320 126 353 148
10	219 86 74 123
11	44 84 96 179
12	31 266 52 264
13	279 276 391 301
14	356 224 79 286
15	393 130 26 359
16	175 290 37 373
17	205 257 338 94
18	78 343 330 111
19	291 135 159 400
20	362 156 255 125
21	54 330 149 86
22	62 278 30 163
23	207 358 272 394
24	257 368 319 65
25	255 390 234 106
26	114 93 183 115
27	51 315 148 154
28	81 315 313 304
29	279 92 360 350
30	344 142 332 94
31	193 373 65 62
32	40 212 77 369
33	181 114 39 314
34	275 124 341 64
35	3 250 316 287
36	353 49 127 7
37	225 9 158 387
38	42 266 209 2
39	271 90 22 291
40	73 134 44 369
41	216 158 145 257
42	304 316 221 173
43	373 307 349 198
44	185 354 294 297
45	242 268 241 374
46	23 74 251 31
47	350 75 149 138
48	168 163 325 121
49	251 152 151 20
50	134 150 293 49
51	154 48 162 151
52	113 189 292 310
53	370 211 251 19
54	60 85 41 34
55	46 192 9 148
56	192 83 268 370
57	379 359 41 253
58	101 301 220 399
59	180 114 289 328
60	152 111 88 329
61	60 229 200 202
62	37 55 166 364
63	167 212 142 39
64	100 274 25 232
65	374 332 79 391
66	331 189 360 249
67	120 105 3 230
68	243 202 308 387
69	322 178 192 81
70	398 62 384 312
71	271 203 37 171
72	368 151 394 133
73	193 174 277 311
74	275 23 221 98
75	380 55 263 97
76	392 398 67 176
77	329 114 255 225
78	277 213 256 286
79	325 181 307 143
80	349 200 378 234
81	258 27 353 384
82	328 289 168 35
83	38 94 45 111
84	114 20 133 217
85	31 204 236 187
86	330 213 78 393
87	26 121 262 103
88	226 47 16 269
89	265 293 92 277
90	16 392 21 210
91	239 148 125 298
92	117 163 244 195
93	120 203 325 289
94	59 385 297 334
95	392 114 376 263
96	158 208 196 97
97	148 116 190 348
98	276 260 195 351
99	101 383 23 291
100	21 289 113 107
101	242 181 216 90
102	109 25 241 233
103	129 220 37 152
104	381 197 318 59
105	227 147 177 221
106	220 214 55 147
107	120 292 49 345
108	250 273 244 394
109	311 146 33 158
110	163 44 366 219
111	312 36 132 246
112	357 173 119 124
113	339 267 213 199
114	2 35 288 76
115	391 395 282 30
116	282 99 209 165
117	87 325 54 354
118	219 100 194 165
119	398 178 269 172
120	359 324 251 47
121	118 83 175 82
122	375 208 280 95
123	247 349 280 398
124	235 186 187 128
125	35 315 204 58
126	283 15 177 168
127	148 277 26 89
128	116 189 225 319
129	271 381 219 33
130	348 370 296 372
131	322 82 123 225
132	400 159 351 23
133	43 94 342 106
134	237 91 54 388
135	77 88 37 246
136	291 126 300 129
137	202 147 233 57
138	332 331 277 280
139	37 129 188 137
140	126 255 321 347
141	217 296 327 272
142	119 103 326 40
143	217 314 309 115
144	207 308 342 118
145	219 149 366 312
146	189 300 237 233
147	296 193 258 5
148	242 367 72 197
149	345 358 62 54
150	186 388 232 132
151	209 143 371 106
152	24 272 238 141
153	108 85 45 373
154	85 74 178 12
155	108 164 220 27
156	137 101 198 231
157	316 130 211 177
158	24 39 157 111
159	102 260 49 354
160	389 59 227 276
161	297 69 157 359
162	296 180 136 249
163	230 161 241 126
164	274 249 345 300
165	80 4 3 375
166	293 234 137 120
167	23 134 265 327
168	295 194 142 69
169	243 394 387 184
170	125 271 201 189
171	234 31 229 15
172	122 183 140 271
173	366 45 378 259
174	39 226 219 227
175	319 320 200 299
176	39 34 154 251
177	340 192 137 65
178	323 212 182 310
179	120 328 344 201
180	59 136 29 104
181	289 281 70 151
182	309 358 22 386
183	384 399 47 203
184	186 212 398 263
185	167 397 306 325
186	363 262 303 193
187	46 348 331 182
188	144 103 350 212
189	228 172 35 63
190	86 223 332 196
191	297 317 337 155
192	255 209 245 50
193	31 137 363 211
194	393 116 349 346
195	367 232 374 334
196	395 99 372 353
197	152 350 3 337
198	114 292 157 320
199	47 134 113 293
200	90 311 270 252
201	102 43 46 201
202	177 162 270 249
203	85 211 229 364
204	106 68 38 177
205	3 151 167 279
206	207 245 125 205
207	67 201 270 70
208	376 123 222 174
209	110 244 278 19
210	25 343 34 19
211	323 372 39 90
212	16 57 218 60
213	356 326 191 186
214	250 215 38 341
215	85 376 289 387
216	95 248 396 120
217	199 41 319 133
218	315 27 125 294
219	205 364 214 377
220	296 41 51 397
221	332 330 150 180
222	287 335 377 26
223	90 68 126 377
224	318 117 209 301
225	357 275 144 152
226	200 286 106 137
227	150 36 202 15
228	193 13 396 369
229	179 2 388 20
230	300 396 356 57
231	9 117 298 229
232	134 180 175 112
233	204 159 241 325
234	105 380 218 368
235	388 2 320 345
236	305 127 385 380
237	322 226 116 124
238	278 210 334 144
239	300 299 329 260
240	125 252 278 379
241	142 13 241 327
242	218 254 247 103
243	79 350 81 223
244	96 296 74 368
245	266 368 123 378
246	371 88 370 38
247	60 279 185 31
248	372 222 155 377
249	71 66 174 342
250	360 36 227 326
251	56 73 377 339
252	50 259 197 175
253	375 303 221 145
254	136 14 338 184
255	41 181 78 108
256	9 115 74 217
257	273 352 150 244
258	255 348 6 271
259	175 238 156 274
260	267 292 23 205
261	305 24 16 64
262	275 135 183 94
263	392 200 48 273
264	105 113 115 5
265	252 279 267 273
266	383 22 256 33
267	284 288 164 107
268	92 387 312 134
269	310 230 6 251
270	251 362 142 237
271	102 242 326 374
272	96 334 155 370
273	148 89 149 203
274	20 229 340 394
275	202 73 370 362
276	190 84 375 303
277	3 100 400 289
278	11 64 307 53
279	365 205 265 21
280	349 172 52 165
281	104 399 300 8
282	276 6 28 70
283	114 221 64 108
284	53 361 233 376
285	389 52 270 18
286	378 92 140 285
287	58 281 133 269
288	188 228 332 207
289	19 302 224 310
290	199 65 181 382
291	233 34 195 355
292	185 82 271 159
293	76 29 118 348
294	86 143 235 328
295	297 222 126 141
296	365 63 148 386
297	260 21 205 146
298	14 189 135 166
299	119 217 245 336
300	318 53 357 44
301	261 231 288 269
302	113 280 134 105
303	295 269 143 114
304	118 278 26 79
305	324 52 70 269
306	369 3 343 262
307	159 230 380 33
308	179 78 324 242
309	96 101 18 306
310	395 148 35 311
311	129 343 137 127
312	262 332 304 260
313	369 387 159 212
314	262 98 342 352
315	204 172 299 345
316	370 60 126 300
317	359 393 163 4
318	156 296 233 202
319	312 44 396 164
320	339 208 188 35
321	69 309 166 341
322	338 27 150 71
323	305 313 304 342
324	253 136 391 66
325	186 369 301 334
326	168 108 193 10
327	286 220 110 260
328	300 14 281 394
329	47 110 180 211
330	273 130 228 87
331	78 244 61 5
332	389 53 99 302
333	326 311 100 26
334	17 23 208 106
335	323 337 186 39
336	349 373 65 138
337	394 42 219 131
338	160 212 279 192
339	199 119 216 34
340	232 136 364 375
341	158 68 398 262
342	315 374 76 67
343	35 113 392 343
344	221 168 158 73
345	291 55 103 105
346	70 251 208 231
347	162 365 178 293
348	347 114 340 192
349	63 309 67 113
350	223 284 309 305
351	246 260 295 147
352	210 395 291 203
353	173 341 359 227
354	77 170 314 192
355	262 27 76 329
356	398 266 262 106
357	286 262 157 12
358	32 46 303 165
359	97 235 168 348
360	304 129 128 227
361	367 25 81 72
362	11 193 177 42
363	229 224 385 34
364	85 204 174 96
365	207 48 185 125
366	306 16 279 358
367	193 278 367 334
368	181 105 392 361
369	364 269 117 32
370	338 275 304 118
371	143 59 399 157
372	289 352 62 161
373	271 4 49 134
374	71 256 316 243
375	66 299 223 319
376	239 148 284 132
377	149 253 277 170
378	151 64 204 287
379	169 59 224 83
380	48 253 260 65
381	253 217 292 150
382	151 312 395 132
383	8 371 213 334
384	200 294 181 386
385	309 285 226 254
386	353 10 366 46
387	52 360 384 286
388	39 338 106 275
389	56 248 69 120
390	260 307 359 220
391	280 61 273 373
392	314 265 311 196
393	363 395 165 400
394	294 300 252 144
395	87 236 89 17
396	362 170 275 272
397	29 56 188 350
398	33 363 387 357
399	297 3 55 299
400	172 327 388 39
401	326 236 294 123
402	66 207 102 339
403	169 375 325 71
404	21 158 162 52
405	219 317 253 136
406	222 134 181 46
407	387 327 111 103
408	111 115 3 258
409	93 70 73 391
410	239 68 355 294
411	317 97 391 2
412	311 143 206 343
413	338 90 299 237
414	267 272 75 330
415	123 229 325 227
416	23 391 217 50
417	257 267 97 59
418	70 80 201 72
419	126 76 392 306
420	250 91 385 291
421	160 60 227 241
422	381 28 385 72
423	156 298 34 391
424	171 156 325 319
425	233 384 326 287
426	69 227 134 179
427	294 73 387 245
428	213 359 344 153
429	269 67 31 391
430	161 193 367 15
431	227 323 159 256
432	340 359 350 19
433	389 95 239 98
434	220 291 343 336
435	2 27 284 225
436	170 229 173 373
437	288 251 6 239
438	181 125 195 285
439	171 163 387 280
440	279 375 218 361
441	243 50 363 230
442	235 181 274 30
443	21 34 181 391
444	331 17 312 232
445	78 370 395 241
446	357 187 377 315
447	27 212 341 174
448	307 288 168 304
449	280 285 179 252
450	317 128 240 238
451	166 80 29 109
452	257 340 51 223
453	72 65 44 229
454	270 6 171 365
455	292 344 154 301
456	171 115 18 236
457	390 160 53 335
458	132 347 222 350
459	244 48 161 129
460	132 359 131 118
461	260 294 365 95
462	275 287 136 151
463	73 273 95 39
464	43 295 20 318
465	137 222 75 386
466	391 34 368 99
467	50 242 244 104
468	182 349 211 246
469	138 261 166 360
470	318 102 97 11
471	323 201 221 54
472	164 391 209 394
473	202 102 332 279
474	321 112 148 60
475	167 186 364 379
476	268 118 52 58
477	149 44 223 128
478	92 53 389 219
479	80 315 95 261
480	21 343 177 121
481	149 159 186 17
482	161 204 115 364
483	77 304 338 153
484	206 22 156 40
485	209 126 267 30
486	369 1 381 67
487	43 37 10 147
488	179 363 117 316
489	171 218 327 112
490	120 259 202 375
491	77 318 313 160
492	61 279 5 182
493	221 14 247 286
494	37 29 183 382
495	99 212 217 69
496	290 307 311 391
497	27 306 84 371
498	352 301 87 308
499	53 300 273 31
500	307 258 24 237
501	280 158 134 85
502	259 34 122 91
503	178 72 352 122
504	252 334 26 90
505	169 11 182 123
506	147 116 233 194
507	78 178 237 121
508	48 354 281 381
509	371 182 84 88
510	348 153 198 239
511	256 345 69 379
512	346 249 54 117
513	60 240 359 51
514	130 269 209 387
515	260 306 172 5
516	311 249 101 63
517	153 24 351 246
518	345 226 124 41
519	91 329 267 295
520	126 129 264 262
521	270 381 23 248
522	81 253 90 223
523	24 93 191 249
524	190 146 16 52
525	232 179 349 348
526	122 83 124 387
527	99 319 328 290
528	280 21 390 179
529	285 170 295 163
530	379 325 218 229
531	77 73 46 68
532	399 237 282 326
533	57 271 280 393
534	74 330 190 373
535	394 347 93 52
536	144 243 309 250
537	43 352 363 171
538	386 287 14 337
539	76 264 128 95
540	114 255 90 112
541	240 252 208 242
542	27 138 175 38
543	167 174 68 30
544	151 346 75 308
545	183 90 324 187
546	193 103 267 4
547	378 194 344 129
548	141 165 247 171
549	55 90 82 166
550	33 150 327 341
551	80 243 95 93
552	88 2 5 396
553	60 149 296 55
554	183 349 291 127
555	206 89 109 149
556	243 321 189 18
557	251 117 258 24
558	76 86 364 90
559	70 23 238 331
560	35 183 325 26
561	270 254 396 267
562	13 237 29 315
563	26 87 324 120
564	254 315 240 219
565	182 218 246 114
566	287 83 274 26
567	185 248 169 319
568	222 248 98 14
569	60 265 323 65
570	168 65 188 211
571	320 54 170 337
572	211 280 232 397
573	102 7 168 349
574	32 357 286 328
575	162 367 373 165
576	236 286 213 316
577	348 203 156 157
578	38 153 309 46
579	221 303 161 17
580	81 328 320 135
581	364 349 348 160
582	37 254 88 274
583	157 183 115 312
584	304 92 276 34
585	160 122 172 246
586	330 48 182 233
587	195 212 83 371
588	57 305 192 158
589	130 43 12 103
590	139 67 298 219
591	42 302 385 313
592	69 157 392 230
593	259 38 290 370
594	19 212 11 204
595	189 148 391 323
596	48 77 71 9
597	188 239 119 187
598	78 238 370 135
599	251 378 4 364
600	232 97 40 116
601	195 108 125 266
602	23 382 322 280
603	235 88 79 312
604	146 145 122 12
605	73 29 99 314
606	312 132 348 70
607	388 166 311 203
608	98 303 251 40
609	158 60 276 135
610	216 11 217 387
611	112 345 27 341
612	279 379 42 128
613	102 172 324 229
614	277 188 274 360
615	194 365 213 376
616	386 216 73 258
617	237 76 219 231
618	373 179 169 204
619	261 192 8 101
620	41 289 256 297
621	115 376 93 392
622	267 49 226 173
623	268 277 206 62
624	330 231 337 97
625	90 123 236 260
626	49 389 371 157
627	166 193 376 152
628	114 212 99 66
629	316 335 137 356
630	357 65 17 195
631	347 54 369 64
632	67 230 113 104
633	21 341 349 394
634	385 31 22 242
635	390 28 211 377
636	266 34 2 115
637	38 317 248 64
638	153 377 326 51
639	147 160 129 366
640	101 135 71 188
641	61 278 88 99
642	57 329 164 103
643	62 27 150 289
644	131 31 267 260
645	196 293 221 262
646	376 169 284 272
647	161 222 389 52
648	48 294 122 348
649	67 377 68 174
650	346 163 257 132
651	31 201 76 210
652	178 47 238 159
653	67 236 328 215
654	80 110 101 196
655	206 290 237 190
656	75 290 372 190
657	213 321 398 212
658	351 364 313 218
659	274 177 283 311
660	256 386 75 94
661	165 156 301 155
662	104 160 138 9
663	343 298 16 278
664	9 376 356 239
665	106 15 94 63
666	129 291 357 333
667	163 232 309 120
668	330 238 109 50
669	225 91 240 223
670	151 160 225 322
671	344 321 170 59
672	335 142 377 30
673	296 240 131 327
674	369 78 249 359
675	184 29 42 283
676	387 234 6 80
677	103 255 43 143
678	107 196 227 297
679	318 245 59 93
680	81 198 337 395
681	2 338 303 42
682	400 368 45 147
683	125 61 95 6
684	142 119 318 161
685	174 329 355 198
686	189 136 50 100
687	298 224 143 99
688	174 298 263 139
689	44 363 106 205
690	332 110 299 24
691	310 384 48 346
692	308 159 237 139
693	245 112 34 124
694	126 153 95 300
695	185 150 136 58
696	92 76 326 101
697	379 280 242 92
698	326 244 120 334
699	102 64 365 373
700	67 72 131 358
701	370 115 341 120
702	371 16 362 8
703	248 319 133 284
704	388 219 163 9
705	50 7 144 203
706	400 257 365 218
707	250 318 181 395
708	109 84 290 385
709	179 315 52 170
710	354 160 388 347
711	384 302 108 251
712	105 261 87 321
713	140 124 120 10
714	172 217 187 234
715	111 358 356 50
716	261 317 61 23
717	108 53 84 278
718	356 335 242 274
719	334 213 373 393
720	70 8 394 53
721	336 219 321 334
722	324 80 314 220
723	313 140 3 255
724	300 293 375 5
725	346 88 249 220
726	23 25 359 126
727	255 182 23 261
728	266 384 166 3
729	95 297 320 119
730	13 85 92 186
731	289 210 281 26
732	145 378 274 191
733	75 204 320 206
734	113 54 22 319
735	260 231 337 52
736	300 307 171 356
737	228 231 324 234
738	3 6 56 58
739	56 68 356 34
740	141 35 240 37
741	164 25 263 75
742	360 285 176 298
743	346 156 92 340
744	192 55 85 281
745	272 193 81 137
746	303 257 44 75
747	353 91 164 80
748	247 279 181 194
749	216 158 122 56
750	147 346 302 212
751	156 231 91 342
752	279 32 337 332
753	3 96 21 139
754	130 129 267 128
755	124 139 105 218
756	72 92 268 297
757	156 207 230 350
758	217 366 287 137
759	10 341 361 158
760	390 67 5 190
761	357 165 213 350
762	33 107 202 302
763	188 337 37 327
764	49 325 375 337
765	311 65 70 75
766	126 364 268 58
767	182 393 331 108
768	356 101 207 70
769	193 62 194 320
770	383 177 190 318
771	298 367 338 136
772	297 383 115 32
773	124 377 61 11
774	138 388 179 332
775	222 202 161 386
776	102 302 291 400
777	335 94 180 102
778	211 306 178 298
779	338 246 122 213
780	96 2 165 146
781	18 334 242 362
782	198 372 305 31
783	330 240 69 383
784	385 300 137 290
785	236 31 40 21
786	361 261 168 283
787	167 38 169 205
788	269 82 332 84
789	385 181 379 147
790	381 345 177 203
791	380 63 36 125
792	125 128 53 183
793	381 86 386 48
794	109 80 377 259
795	46 249 38 132
796	310 169 96 76
797	24 94 80 287
798	163 17 32 214
799	371 320 394 145
800	86 206 293 260
801	75 119 159 184
802	219 380 1 217
803	319 398 287 144
804	241 32 205 154
805	117 307 157 327
806	252 291 126 384
807	207 266 39 329
808	49 68 321 359
809	138 156 84 249
810	239 221 145 4
811	283 53 135 8
812	392 333 5 364
813	68 307 24 58
814	290 220 207 262
815	325 194 121 67
816	370 273 27 167
817	77 96 341 335
818	339 175 145 383
819	291 141 145 122
820	200 248 56 130
821	357 263 318 165
822	29 247 202 121
823	114 169 278 210
824	160 280 55 7
825	307 19 340 18
826	315 171 143 221
827	195 123 347 359
828	381 223 146 269
829	370 158 388 280
830	61 267 134 184
831	296 251 323 306
832	377 44 3 80
833	219 15 163 340
834	172 270 139 384
835	196 156 211 111
836	142 155 139 23
837	347 163 188 55
838	313 204 218 44
839	380 38 60 139
840	283 300 353 144
841	164 47 225 277
842	168 8 259 325
843	361 42 59 148
844	15 346 300 17
845	245 244 150 77
846	90 359 154 256
847	283 82 334 162
848	305 47 46 393
849	43 351 210 352
850	96 385 325 129
851	3 167 201 272
852	379 172 174 130
853	107 396 32 30
854	253 108 227 301
855	318 190 305 227
856	278 241 309 175
857	313 161 279 392
858	12 324 130 237
859	317 216 394 173
860	280 258 215 95
861	158 117 144 297
862	137 356 4 314
863	138 12 349 3
864	78 304 140 321
865	14 171 363 34
866	190 179 213 238
867	93 277 234 67
868	328 359 367 212
869	6 108 349 12
870	206 359 36 387
871	57 104 382 101
872	49 31 36 93
873	399 133 124 171
874	130 106 133 281
875	125 270 144 297
876	349 198 383 360
877	11 242 158 252
878	288 357 41 118
879	85 218 83 207
880	309 176 158 387
881	183 198 345 397
882	289 47 253 28
883	88 47 201 398
884	119 382 71 261
885	378 303 309 127
886	169 391 72 344
887	64 145 374 51
888	43 63 178 24
889	97 117 290 297
890	23 193 94 378
891	96 70 76 56
892	184 139 176 27
893	272 232 16 20
894	165 52 158 336
895	360 335 264 343
896	295 200 23 163
897	293 295 217 399
898	261 64 156 230
899	316 308 274 367
900	393 17 230 117
901	303 251 236 67
902	27 258 48 46
903	101 76 212 295
904	219 37 1 157
905	349 307 37 94
906	211 296 304 368
907	367 205 187 47
908	154 234 315 98
909	92 396 217 307
910	292 231 111 310
911	104 232 237 334
912	217 357 314 159
913	64 35 144 385
914	194 250 378 152
915	113 37 118 268
916	359 370 304 340
917	375 370 13 367
918	255 213 264 145
919	241 329 210 258
920	91 318 327 250
921	53 288 333 131
922	162 297 78 270
923	254 181 90 188
924	26 206 212 333
925	189 58 300 77
926	173 263 213 283
927	67 241 185 16
928	144 262 166 65
929	309 264 317 69
930	206 318 158 80
931	119 52 166 237
932	319 281 202 360
933	187 378 348 74
934	322 370 244 38
935	264 159 85 106
936	72 313 249 47
937	349 76 167 307
938	231 249 286 223
939	166 91 63 393
940	228 176 145 61
941	217 47 255 143
942	29 184 227 154
943	217 286 110 400
944	150 179 212 130
945	321 141 101 390
946	302 156 298 185
947	120 21 43 177
948	289 301 170 82
949	208 295 311 363
950	131 250 364 225
951	96 116 301 249
952	277 15 309 151
953	331 167 123 105
954	319 23 30 52
955	252 186 49 218
956	345 242 153 377
957	316 256 340 141
958	57 235 388 361
959	165 273 293 115
960	311 212 330 111
961	87 246 257 117
962	141 368 379 186
963	4 43 180 69
964	124 126 294 301
965	43 361 26 123
966	344 269 45 54
967	229 380 11 371
968	12 187 203 164
969	180 46 11 230
970	283 349 249 304
971	228 353 149 88
972	395 298 202 344
973	132 383 378 260
974	358 66 141 122
975	300 213 342 118
976	250 398 15 335
977	244 347 289 307
978	314 139 147 141
979	347 358 36 234
980	264 324 294 90
981	241 315 130 233
982	214 7 350 337
983	302 356 13 206
984	58 183 39 178
985	197 326 341 52
986	352 177 253 289
987	240 154 125 361
988	35 310 112 217
989	195 309 91 36
990	306 398 388 129
991	196 149 45 255
992	132 10 188 159
993	350 385 244 266
994	279 354 230 256
995	69 32 227 212
996	343 150 321 211
997	246 18 116 225
998	298 357 189 329
999	330 2 300 195
1000	359 269 178 199
1001	324 253 31 374
1002	29 235 137 359
1003	22 125 212 59
1004	251 194 379 301
1005	359 246 70 90
1006	116 39 334 214
1007	177 229 29 2
1008	213 63 221 89
1009	261 214 82 249
1010	236 342 273 185
1011	291 230 134 309
1012	286 385 42 255
1013	300 240 100 75
1014	175 169 272 337
1015	140 276 235 200
1016	176 207 147 363
1017	96 125 197 223
1018	59 103 162 248
1019	264 222 386 223
1020	125 384 362 393
1021	53 300 231 341
1022	258 262 243 386
1023	169 115 277 41
1024	14 104 2 174
1025	119 348 376 190
1026	11 115 146 48
1027	196 317 370 5
1028	392 60 154 98
1029	90 193 277 365
1030	305 9 138 110
1031	342 344 147 143
1032	3 235 274 188
1033	168 300 340 314
1034	221 398 329 126
1035	154 39 45 364
1036	98 287 384 331
1037	174 138 374 274
1038	103 34 112 208
1039	386 376 145 108
1040	316 292 274 151
1041	327 273 120 240
1042	175 110 297 235
1043	359 88 381 233
1044	209 57 397 312
1045	205 316 266 380
1046	128 220 69 231
1047	287 30 358 385
1048	214 123 56 344
1049	173 299 293 205
1050	128 125 225 237
1051	327 85 119 29
1052	323 108 176 182
1053	117 326 348 317
1054	165 191 236 132
1055	208 292 158 189
1056	68 89 61 302
1057	364 243 85 245
1058	379 280 367 333
1059	201 22 240 279
1060	276 66 28 246
1061	214 384 274 377
1062	300 168 220 20
1063	288 284 293 73
1064	395 238 306 224
1065	380 147 323 115
1066	224 277 326 13
1067	79 383 348 188
1068	65 97 313 187
1069	154 49 109 51
1070	76 379 343 357
1071	149 207 199 144
1072	119 94 91 48
1073	200 206 253 98
1074	372 64 307 337
1075	339 369 348 358
1076	294 79 198 57
1077	379 302 256 367
1078	27 42 265 374
1079	289 85 309 141
1080	245 56 55 5
1081	130 185 13 126
1082	240 260 159 140
1083	358 4 41 265
1084	132 81 45 48
1085	189 354 328 238
1086	178 103 287 118
1087	378 87 355 366
1088	214 351 54 179
1089	77 157 200 312
1090	64 392 367 227
1091	331 28 281 206
1092	369 36 261 200
1093	381 200 113 351
1094	336 315 242 249
1095	13 6 176 378
1096	360 391 369 195
1097	50 301 167 16
1098	179 327 62 300
1099	115 54 198 306
1100	24 304 216 302
1101	307 163 17 280
1102	38 278 145 175
1103	8 71 212 323
1104	141 32 205 108
1105	111 23 384 223
1106	144 85 308 141
1107	232 231 175 386
1108	26 38 228 225
1109	386 152 90 330
1110	66 23 170 136
1111	292 362 16 41
1112	207 76 279 214
1113	114 87 113 254
1114	128 370 38 231
1115	52 144 232 371
1116	338 206 79 3
1117	388 264 125 85
1118	178 22 92 149
1119	280 258 312 223
1120	235 243 223 154
1121	152 368 114 94
1122	145 213 252 46
1123	331 35 259 142
1124	292 208 262 40
1125	243 8 262 35
1126	134 381 345 56
1127	234 83 211 331
1128	115 91 13 259
1129	57 226 273 369
1130	308 117 369 202
1131	142 43 26 270
1132	239 102 127 165
1133	62 68 313 306
1134	93 42 285 378
1135	233 145 29 111
1136	327 303 4 245
1137	274 124 181 23
1138	356 144 108 189
1139	222 135 189 95
1140	170 212 71 11
1141	118 247 248 147
1142	303 216 352 174
1143	150 16 328 296
1144	247 261 329 140
1145	398 368 190 73
1146	145 337 178 390
1147	233 395 19 326
1148	370 309 377 139
1149	186 227 63 392
1150	262 234 323 77
1151	33 272 183 340
1152	195 86 225 54
1153	365 328 333 18
1154	136 61 347 192
1155	121 259 46 345
1156	297 166 94 106
1157	35 126 12 272
1158	369 38 264 322
1159	302 79 56 158
1160	208 159 321 184
1161	104 378 120 316
1162	59 82 321 380
1163	185 107 227 34
1164	304 97 168 60
1165	89 252 212 4
1166	255 284 371 368
1167	343 35 306 82
1168	150 323 56 65
1169	243 325 201 328
1170	359 355 8 32
1171	62 199 236 314
1172	385 62 211 89
1173	32 267 213 138
1174	398 284 313 300
1175	122 59 307 30
1176	153 155 54 51
1177	77 146 99 316
1178	230 157 182 92
1179	9 371 68 193
1180	163 363 322 293
1181	385 346 266 21
1182	364 270 231 197
1183	136 392 91 115
1184	40 44 192 27
1185	215 117 29 336
1186	142 232 300 276
1187	369 137 302 99
1188	149 212 28 140
1189	237 100 270 57
1190	258 283 342 109
1191	18 322 392 175
1192	97 55 343 299
1193	304 277 270 285
1194	167 15 126 382
1195	288 347 357 13
1196	199 177 287 141
1197	288 312 82 318
1198	363 165 176 329
1199	348 364 68 125
1200	278 8 398 277
1201	217 242 203 253
1202	162 133 207 317
1203	238 153 55 308
1204	392 12 180 48
1205	339 138 125 367
1206	57 133 9 147
1207	256 261 297 151
1208	354 182 133 206
1209	319 224 181 370
1210	305 342 110 367
1211	192 323 210 38
1212	59 68 215 333
1213	86 342 228 157
1214	17 345 81 68
1215	350 307 25 293
1216	313 92 87 101
1217	174 124 1 209
1218	286 283 71 326
1219	89 87 267 285
1220	389 1 148 11
1221	284 156 98 273
1222	237 400 20 149
1223	18 97 104 176
1224	201 9 76 94
1225	101 121 234 267
1226	139 195 336 299
1227	166 269 288 96
1228	317 284 106 14
1229	105 369 307 249
1230	238 73 304 52
1231	90 196 65 28
1232	311 121 361 76
1233	197 325 332 377
1234	80 113 194 55
1235	206 342 358 216
1236	62 264 54 355
1237	82 388 172 322
1238	368 231 334 150
1239	129 223 19 357
1240	315 326 80 52
1241	240 98 127 46
1242	323 160 133 329
1243	309 390 35 384
1244	104 151 231 110
1245	13 267 317 6
1246	399 142 108 277
1247	131 342 299 122
1248	345 77 332 183
1249	250 27 104 115
1250	309 123 93 279
1251	183 187 26 9
1252	214 353 342 389
1253	34 290 111 93
1254	27 175 107 340
1255	52 382 224 369
1256	212 52 122 344
1257	329 379 260 357
1258	318 121 32 98
1259	355 388 299 25
1260	323 344 102 114
1261	274 327 199 283
1262	255 86 393 177
1263	158 351 205 347
1264	180 271 161 171
1265	368 202 147 384
1266	81 161 198 166
1267	302 40 26 118
1268	238 77 144 397
1269	66 348 307 237
1270	277 292 307 63
1271	384 183 181 306
1272	275 52 330 219
1273	225 105 297 99
1274	188 386 110 167
1275	102 199 361 338
1276	8 132 284 121
1277	137 304 134 261
1278	64 342 178 76
1279	129 86 182 361
1280	352 6 194 16
1281	171 91 28 262
1282	89 207 49 349
1283	210 264 250 76
1284	324 1 137 120
1285	369 373 324 215
1286	32 361 42 109
1287	259 113 37 40
1288	291 265 375 20
1289	214 260 237 185
1290	94 125 46 337
1291	343 30 269 225
1292	381 323 305 163
1293	123 168 128 44
1294	13 103 367 334
1295	332 337 3 310
1296	156 355 194 79
1297	79 177 169 360
1298	363 50 197 101
1299	98 48 307 318
1300	167 39 307 140
1301	141 307 337 144
1302	127 179 184 318
1303	50 250 132 269
1304	83 111 153 191
1305	75 297 379 205
1306	294 297 64 70
1307	284 100 66 41
1308	214 307 274 44
1309	216 154 110 147
1310	133 78 29 194
1311	327 374 173 332
1312	127 222 286 167
1313	221 62 65 342
1314	109 277 203 204
1315	374 396 206 118
1316	178 144 206 165
1317	27 316 276 335
1318	294 378 292 74
1319	174 277 200 74
1320	243 221 171 392
1321	247 61 193 397
1322	32 282 385 212
1323	279 74 319 380
1324	82 4 181 74
1325	153 113 123 285
1326	322 145 369 328
1327	10 17 181 164
1328	222 116 385 293
1329	260 44 201 134
1330	61 148 335 324
1331	243 20 332 7
1332	388 308 121 216
1333	253 198 269 133
1334	228 122 34 100
1335	390 391 274 170
1336	165 251 37 305
1337	290 217 85 108
1338	140 216 374 15
1339	254 202 350 148
1340	326 301 119 304
1341	213 161 217 269
1342	64 309 2 287
1343	355 199 59 39
1344	106 18 137 337
1345	97 387 70 47
1346	122 379 168 80
1347	383 120 326 312
1348	260 254 327 309
1349	71 77 386 61
1350	360 122 315 1
1351	323 98 260 179
1352	399 244 145 252
1353	377 64 364 131
1354	219 190 260 234
1355	160 167 345 307
1356	3 191 261 105
1357	233 40 196 255
1358	160 327 46 270
1359	22 34 95 332
1360	151 154 202 290
1361	303 290 188 313
1362	28 83 221 123
1363	78 71 175 194
1364	28 55 241 97
1365	9 79 59 327
1366	137 98 53 160
1367	41 221 92 184
1368	229 56 70 131
1369	119 111 133 193
1370	128 137 80 169
1371	383 95 341 168
1372	72 118 384 361
1373	129 133 334 316
1374	28 200 53 352
1375	328 283 275 28
1376	250 148 77 171
1377	221 24 380 215
1378	270 66 293 316
1379	45 363 290 339
1380	295 149 274 349
1381	76 124 227 342
1382	182 127 112 267
1383	173 11 208 380
1384	389 297 91 244
1385	119 248 296 87
1386	130 106 280 263
1387	307 100 258 288
1388	375 157 354 221
1389	67 120 322 219
1390	240 311 175 332
1391	157 390 334 275
1392	128 373 397 55
1393	168 92 174 118
1394	285 205 15 323
1395	25 100 125 298
1396	335 228 322 388
1397	194 267 63 266
1398	235 353 200 75
1399	114 159 399 103
1400	27 231 79 84
1401	173 302 104 146
1402	290 332 360 199
1403	304 28 244 46
1404	126 108 338 25
1405	133 204 55 208
1406	79 54 345 234
1407	111 101 339 396
1408	349 355 298 358
1409	242 195 167 267
1410	34 90 350 282
1411	267 356 53 136
1412	133 351 32 355
1413	7 164 205 378
1414	45 257 207 290
1415	240 77 259 357
1416	314 157 278 94
1417	122 175 155 360
1418	188 237 38 67
1419	122 329 255 273
1420	31 25 312 103
1421	229 356 276 215
1422	36 101 111 21
1423	219 177 74 336
1424	195 134 185 11
1425	384 230 221 204
1426	345 314 278 291
1427	153 164 382 290
1428	176 372 172 117
1429	91 25 275 247
1430	237 74 250 72
1431	220 214 239 49
1432	59 88 316 321
1433	81 212 251 386
1434	246 181 74 191
1435	222 87 331 214
1436	132 230 305 164
1437	129 8 68 185
1438	169 281 150 296
1439	151 145 345 136
1440	396 384 175 262
1441	105 171 217 293
1442	67 83 382 394
1443	81 378 146 208
1444	115 96 51 155
1445	17 99 317 116
1446	366 238 233 52
1447	399 317 234 142
1448	309 391 360 66
1449	169 30 360 113
1450	387 257 14 353
1451	178 185 151 223
1452	331 383 23 249
1453	45 96 161 346
1454	271 226 9 180
1455	380 361 396 310
1456	305 51 36 61
1457	251 84 280 40
1458	244 1 62 135
1459	10 105 116 194
1460	223 218 326 197
1461	136 292 384 197
1462	313 167 274 214
1463	64 172 187 226
1464	76 363 291 69
1465	124 254 235 314
1466	282 136 199 376
1467	43 332 333 92
1468	21 194 372 114
1469	43 78 277 52
1470	356 150 238 207
1471	336 297 28 267
1472	103 1 42 286
1473	2 322 20 220
1474	273 78 294 375
1475	247 271 241 350
1476	333 147 87 77
1477	45 85 130 355
1478	265 395 375 272
1479	372 223 365 222
1480	47 104 356 296
1481	139 264 213 251
1482	373 16 4 327
1483	93 287 392 28
1484	363 377 256 177
1485	110 237 15 127
1486	9 171 142 7
1487	300 18 79 314
1488	36 359 162 236
1489	92 327 218 192
1490	121 12 266 180
1491	321 282 155 139
1492	339 29 35 242
1493	102 108 352 80
1494	11 124 111 246
1495	136 113 332 276
1496	272 344 8 136
1497	306 308 208 325
1498	198 224 120 135
1499	296 131 156 331
1500	331 51 224 247
1501	398 170 70 150
1502	357 241 316 149
1503	397 230 58 291
1504	325 345 102 49
1505	231 223 353 334
1506	331 45 232 173
1507	332 155 63 329
1508	80 124 106 7
1509	350 134 156 32
1510	251 20 215 217
1511	190 55 88 382
1512	333 246 399 356
1513	357 174 335 118
1514	351 360 141 15
1515	396 245 306 327
1516	24 156 48 355
1517	354 191 387 121
1518	324 267 61 249
1519	184 259 111 67
1520	312 282 167 64
1521	387 10 157 318
1522	200 335 210 118
1523	189 227 337 153
1524	125 153 68 396
1525	161 148 263 269
1526	394 314 294 25
1527	247 61 288 67
1528	151 270 5 73
1529	127 184 40 344
1530	297 115 101 298
1531	397 75 28 175
1532	299 252 168 251
1533	9 252 316 137
1534	77 58 342 124
1535	366 338 84 276
1536	125 306 135 40
1537	104 5 3 112
1538	44 42 360 196
1539	131 167 9 175
1540	253 335 224 282
1541	377 320 19 169
1542	53 210 237 276
1543	248 78 161 182
1544	98 334 351 217
1545	118 287 139 94
1546	297 204 113 162
1547	333 187 349 379
1548	108 201 48 196
1549	174 158 73 163
1550	176 182 51 247
1551	189 385 294 355
1552	33 385 234 73
1553	312 191 178 270
1554	375 93 280 387
1555	162 77 166 45
1556	43 123 209 235
1557	347 274 97 55
1558	246 179 133 251
1559	223 219 332 384
1560	4 85 237 301
1561	171 61 140 190
1562	232 192 104 59
1563	156 26 387 203
1564	327 361 221 251
1565	324 293 310 21
1566	117 373 304 149
1567	91 400 279 306
1568	33 219 10 51
1569	60 272 342 372
1570	72 390 351 373
1571	108 242 365 357
1572	251 292 59 273
1573	59 109 119 291
1574	366 277 304 236
1575	298 136 324 271
1576	54 62 90 228
1577	1 82 231 121
1578	20 59 249 107
1579	171 93 178 98
1580	270 43 75 197
1581	39 88 6 397
1582	102 48 248 395
1583	303 370 396 378
1584	119 140 172 81
1585	163 256 164 50
1586	384 219 205 176
1587	161 14 248 124
1588	64 380 38 48
1589	19 307 243 5
1590	291 91 376 44
1591	264 241 134 278
1592	132 253 164 397
1593	121 64 142 347
1594	32 349 229 397
1595	300 295 315 60
1596	245 344 13 277
1597	297 4 70 125
1598	288 330 254 31
1599	104 351 168 105
1600	391 29 169 202
1601	151 63 61 140
1602	143 395 207 28
1603	102 98 182 25
1604	165 312 278 198
1605	368 194 326 396
1606	251 331 190 49
1607	330 165 211 97
1608	122 186 191 322
1609	247 276 221 377
1610	304 181 261 190
1611	42 43 15 82
1612	259 174 292 391
1613	107 276 87 5
1614	391 54 374 119
1615	397 239 201 321
1616	280 63 218 266
1617	123 73 344 53
1618	342 334 132 64
1619	63 138 186 280
1620	352 264 148 122
1621	52 28 308 69
1622	21 203 364 351
1623	12 298 306 294
1624	15 12 91 244
1625	13 331 94 386
1626	66 125 205 272
1627	337 50 85 303
1628	143 59 310 397
1629	169 388 281 66
1630	246 400 292 385
1631	391 146 386 305
1632	222 50 157 98
1633	71 91 112 356
1634	333 23 356 22
1635	58 306 78 127
1636	56 46 226 35
1637	129 31 291 116
1638	56 173 13 303
1639	57 18 310 246
1640	346 185 103 172
1641	158 297 155 179
1642	34 359 46 240
1643	97 243 42 262
1644	265 146 33 176
1645	65 326 289 113
1646	55 151 380 23
1647	182 171 135 136
1648	270 197 170 305
1649	229 31 146 2
1650	313 233 74 85
1651	91 232 214 83
1652	107 338 207 35
1653	93 364 315 395
1654	82 54 163 79
1655	312 338 150 264
1656	287 157 347 317
1657	230 324 210 36
1658	204 128 173 159
1659	198 330 135 326
1660	58 284 123 376
1661	336 33 374 343
1662	259 51 193 236
1663	268 313 353 9
1664	390 399 2 311
1665	297 311 119 50
1666	104 176 150 336
1667	395 38 280 50
1668	230 101 306 353
1669	380 129 229 60
1670	160 212 48 293
1671	93 117 329 91
1672	351 137 205 125
1673	202 86 309 337
1674	161 279 12 148
1675	94 231 68 247
1676	40 335 138 107
1677	381 300 246 6
1678	108 217 231 172
1679	215 80 116 167
1680	367 262 216 66
1681	265 256 144 363
1682	36 239 174 308
1683	131 70 138 328
1684	337 367 36 90
1685	41 320 4 161
1686	136 124 186 145
1687	222 72 244 393
1688	288 251 248 3
1689	37 250 103 267
1690	53 247 243 233
1691	148 273 15 359
1692	215 5 316 207
1693	98 206 344 67
1694	276 242 349 48
1695	86 225 267 335
1696	393 273 214 317
1697	63 210 133 96
1698	270 394 385 6
1699	109 340 365 81
1700	187 368 282 41
1701	16 135 61 294
1702	53 144 74 247
1703	27 115 5 339
1704	213 296 8 62
1705	339 391 336 148
1706	57 224 268 185
1707	164 342 69 92
1708	328 246 141 386
1709	54 380 249 323
1710	199 198 40 140
1711	16 201 84 378
1712	37 358 309 110
1713	54 279 219 246
1714	386 112 172 56
1715	239 263 281 203
1716	376 150 348 263
1717	337 248 100 380
1718	249 127 12 319
1719	125 378 168 67
1720	231 111 295 26
1721	1 293 122 247
1722	281 90 135 379
1723	298 101 364 2
1724	239 173 41 301
1725	229 352 102 332
1726	19 179 29 73
1727	63 150 350 247
1728	270 382 356 19
1729	253 221 330 163
1730	47 196 311 19
1731	318 38 359 239
1732	328 98 46 341
1733	346 192 202 223
1734	246 233 183 113
1735	141 98 152 148
1736	38 47 71 360
1737	136 122 274 229
1738	297 90 235 1
1739	281 289 72 284
1740	187 240 72 237
1741	121 204 312 14
1742	357 30 181 226
1743	103 104 109 325
1744	114 97 383 35
1745	295 21 361 67
1746	207 225 158 329
1747	209 3 125 250
1748	316 200 381 174
1749	342 379 231 44
1750	71 6 272 249
1751	244 76 63 132
1752	93 32 134 281
1753	369 57 66 81
1754	385 102 12 260
1755	323 159 281 98
1756	205 134 5 157
1757	48 163 395 229
1758	336 348 33 13
1759	189 105 230 204
1760	157 16 177 261
1761	147 35 128 245
1762	246 256 131 132
1763	327 242 226 120
1764	278 63 136 399
1765	105 370 305 67
1766	200 342 87 309
1767	146 110 336 200
1768	35 177 298 234
1769	234 138 257 189
1770	228 197 229 345
1771	62 116 113 395
1772	117 394 15 115
1773	9 339 175 70
1774	211 182 175 313
1775	398 393 223 18
1776	348 15 326 14
1777	25 184 168 8
1778	233 149 12 60
1779	109 106 279 203
1780	369 281 319 97
1781	82 142 393 394
1782	153 269 169 34
1783	73 94 130 262
1784	130 152 41 108
1785	380 37 133 384
1786	105 355 42 256
1787	153 278 335 4
1788	142 3 240 78
1789	81 46 215 101
1790	116 178 233 13
1791	154 145 42 185
1792	338 199 73 158
1793	19 169 49 218
1794	339 154 245 113
1795	103 317 225 188
1796	75 373 57 283
1797	21 229 264 18
1798	295 303 324 50
1799	157 129 301 86
1800	341 153 3 60
1801	214 176 34 383
1802	23 250 260 141
1803	175 215 252 379
1804	94 175 209 181
1805	191 143 265 223
1806	125 384 50 379
1807	265 37 104 378
1808	394 322 253 379
1809	393 241 340 182
1810	214 338 242 249
1811	126 351 278 308
1812	57 224 259 206
1813	196 129 188 336
1814	147 301 257 279
1815	316 332 56 318
1816	294 370 378 250
1817	54 152 381 327
1818	147 325 301 146
1819	249 379 293 54
1820	269 252 358 288
1821	390 287 218 32
1822	7 153 176 322
1823	256 105 202 199
1824	19 99 346 170
1825	381 73 294 231
1826	71 114 393 285
1827	327 320 156 236
1828	95 26 195 156
1829	330 394 141 361
1830	387 212 304 63
1831	243 345 126 12
1832	149 147 216 276
1833	176 60 3 213
1834	129 172 51 352
1835	343 43 303 389
1836	40 86 53 44
1837	29 276 356 85
1838	275 148 43 169
1839	212 101 120 360
1840	270 23 17 313
1841	289 136 22 16
1842	259 271 170 284
1843	348 164 27 85
1844	327 318 157 374
1845	222 30 302 34
1846	157 136 267 384
1847	295 147 26 253
1848	362 56 12 298
1849	365 312 163 241
1850	138 208 223 29
1851	87 132 330 227
1852	148 140 111 236
1853	234 299 107 63
1854	150 41 253 335
1855	306 356 346 351
1856	171 283 367 58
1857	91 365 371 92
1858	150 300 339 252
1859	185 128 343 308
1860	198 130 239 54
1861	64 396 60 40
1862	66 72 344 179
1863	74 162 221 284
1864	358 55 6 276
1865	360 362 284 43
1866	392 256 13 171
1867	285 159 317 234
1868	297 69 217 245
1869	72 82 97 232
1870	7 322 162 86
1871	41 340 86 223
1872	37 176 73 8
1873	131 137 101 6
1874	314 225 68 334
1875	350 154 184 104
1876	294 20 1 56
1877	72 397 314 118
1878	97 174 166 362
1879	317 269 389 129
1880	95 162 176 100
1881	7 326 180 27
1882	387 223 61 143
1883	123 62 290 161
1884	46 221 49 7
1885	37 137 298 208
1886	339 198 358 13
1887	387 118 182 56
1888	88 29 38 296
1889	317 342 358 85
1890	5 131 133 306
1891	134 158 94 309
1892	291 19 243 106
1893	207 187 274 277
1894	12 305 328 344
1895	83 111 187 122
1896	132 13 336 221
1897	304 309 380 12
1898	225 78 307 31
1899	82 137 247 186
1900	198 20 98 67
1901	12 305 283 218
1902	3 400 51 200
1903	11 314 123 342
1904	366 8 137 72
1905	225 351 59 124
1906	334 191 228 367
1907	362 22 224 6
1908	197 70 75 106
1909	395 159 365 103
1910	258 89 23 247
1911	35 308 115 128
1912	200 135 332 382
1913	153 221 367 49
1914	331 351 275 152
1915	270 149 367 299
1916	61 186 136 150
1917	9 378 64 182
1918	84 150 91 20
1919	170 361 52 354
1920	239 60 282 96
1921	294 162 177 354
1922	396 373 39 262
1923	75 167 17 91
1924	167 89 341 59
1925	50 25 179 166
1926	266 375 31 231
1927	161 81 72 265
1928	108 333 50 9
1929	103 41 50 367
1930	211 311 223 137
1931	78 8 193 223
1932	300 89 149 247
1933	197 112 186 39
1934	237 52 62 394
1935	103 326 20 294
1936	223 256 149 332
1937	230 45 238 38
1938	383 22 356 21
1939	78 101 111 368
1940	200 25 185 136
1941	132 13 394 266
1942	144 270 306 9
1943	268 64 161 99
1944	32 34 151 23
1945	149 79 342 87
1946	345 178 369 74
1947	339 77 235 272
1948	345 258 220 13
1949	191 371 25 69
1950	378 118 290 124
1951	366 136 11 203
1952	351 186 156 301
1953	217 384 35 161
1954	164 71 160 251
1955	308 27 299 83
1956	293 148 106 3
1957	113 5 356 285
1958	353 294 57 370
1959	31 79 16 143
1960	93 345 95 300
1961	26 128 288 244
1962	336 78 303 338
1963	126 341 295 165
1964	248 237 300 249
1965	233 49 84 355
1966	161 265 120 247
1967	211 20 302 193
1968	320 261 326 29
1969	89 129 116 278
1970	152 164 96 344
1971	346 310 234 191
1972	49 315 176 101
1973	132 300 304 51
1974	101 363 56 71
1975	64 243 287 81
1976	228 391 114 40
1977	300 296 236 233
1978	42 230 349 256
1979	47 103 56 127
1980	194 389 331 117
1981	134 399 95 126
1982	284 240 335 182
1983	344 224 153 85
1984	51 292 206 3
1985	124 382 237 3
1986	95 108 305 141
1987	358 315 317 89
1988	284 346 273 260
1989	259 20 126 106
1990	123 255 389 203
1991	305 137 388 304
1992	294 205 90 391
1993	356 271 270 136
1994	155 203 110 19
1995	375 77 233 89
1996	294 109 106 119
1997	21 288 76 210
1998	286 13 325 167
1999	288 230 387 329
2000	301 35 147 269
2001	218 372 248 395
2002	98 174 216 85
2003	83 349 92 263
2004	75 94 395 121
2005	89 213 65 3
2006	138 247 70 86
2007	227 272 318 276
2008	332 327 88 196
2009	19 343 355 354
2010	78 271 318 291
2011	84 174 225 177
2012	75 153 26 366
2013	384 346 299 387
2014	52 249 159 196
2015	241 69 59 221
2016	184 236 285 30
2017	357 333 283 229
2018	156 307 45 289
2019	316 102 349 225
2020	297 21 256 58
2021	41 254 335 315
2022	1 244 363 48
2023	344 53 186 205
2024	131 296 187 244
2025	80 136 168 304
2026	79 372 325 384
2027	194 263 101 72
2028	252 351 154 220
2029	18 151 47 221
2030	103 350 256 237
2031	137 39 223 385
2032	177 26 146 391
2033	82 249 386 183
2034	237 387 96 91
2035	384 122 160 67
2036	259 205 209 357
2037	348 37 337 157
2038	215 197 315 223
2039	244 239 7 97
2040	48 13 15 114
2041	229 239 211 97
2042	194 385 167 359
2043	217 61 255 316
2044	37 163 40 86
2045	318 297 147 283
2046	293 126 260 204
2047	306 281 376 73
2048	122 23 132 302
2049	94 210 325 134
2050	85 308 137 370
2051	163 193 266 81
2052	191 221 391 195
2053	129 166 298 195
2054	328 90 398 195
2055	331 183 379 220
2056	210 368 133 5
2057	287 390 316 66
2058	167 125 174 293
2059	288 368 103 130
2060	56 19 10 44
2061	280 141 59 387
2062	291 198 86 127
2063	342 2 20 322
2064	260 57 182 280
2065	79 268 242 270
2066	342 96 224 108
2067	291 198 58 113
2068	228 130 30 168
2069	328 57 299 377
2070	167 177 362 388
2071	213 360 336 98
2072	164 113 369 87
2073	271 24 47 290
2074	64 221 316 208
2075	215 275 16 99
2076	311 160 106 308
2077	194 132 44 399
2078	31 113 303 20
2079	356 12 23 157
2080	236 144 300 66
2081	202 276 143 322
2082	383 169 322 228
2083	388 209 281 213
2084	97 382 149 368
2085	350 315 7 121
2086	276 288 109 243
2087	138 204 96 211
2088	255 209 274 245
2089	399 83 281 253
2090	118 217 330 226
2091	270 360 46 17
2092	118 262 383 31
2093	131 345 128 340
2094	15 257 107 134
2095	10 243 303 296
2096	41 65 77 164
2097	51 233 100 184
2098	82 226 109 7
2099	108 395 37 33
2100	156 158 50 72
2101	398 317 256 115
2102	210 211 112 336
2103	202 344 231 29
2104	165 163 261 242
2105	94 233 291 306
2106	96 311 47 225
2107	284 394 357 239
2108	166 246 134 255
2109	156 260 182 335
2110	126 307 44 14
2111	20 55 239 124
2112	343 346 359 57
2113	205 326 341 23
2114	138 275 297 251
2115	218 35 158 48
2116	194 47 338 259
2117	383 56 346 242
2118	26 54 49 290
2119	13 60 318 302
2120	124 57 271 153
2121	319 349 261 113
2122	236 5 324 216
2123	244 61 137 399
2124	283 367 111 211
2125	69 279 222 288
2126	304 362 317 343
2127	3 361 275 198
2128	66 259 186 367
2129	46 20 79 140
2130	93 218 249 221
2131	238 235 62 129
2132	168 240 324 252
2133	279 181 183 349
2134	63 42 10 376
2135	370 250 247 256
2136	398 57 64 72
2137	218 60 117 112
2138	257 169 200 120
2139	23 375 320 52
2140	157 283 205 112
2141	21 199 237 272
2142	120 168 281 66
2143	17 259 137 32
2144	175 228 67 142
2145	338 344 243 177
2146	227 116 260 73
2147	131 270 95 120
2148	210 255 118 116
2149	133 2 241 178
2150	263 98 5 270
2151	384 294 184 81
2152	319 265 142 40
2153	152 89 301 174
2154	100 346 24 66
2155	330 281 373 297
2156	193 227 398 201
2157	183 267 196 306
2158	140 151 4 209
2159	134 152 51 42
2160	354 321 153 224
2161	324 269 311 22
2162	354 151 345 203
2163	113 27 372 107
2164	335 359 33 360
2165	181 392 11 201
2166	388 337 377 324
2167	305 221 243 327
2168	220 267 370 72
2169	38 74 254 359
2170	373 171 296 374
2171	159 146 394 297
2172	66 282 205 304
2173	108 335 150 246
2174	200 157 329 194
2175	116 164 56 391
2176	190 53 106 330
2177	105 387 31 23
2178	310 285 323 281
2179	148 149 115 384
2180	245 293 75 142
2181	257 395 154 150
2182	339 47 306 131
2183	49 181 245 206
2184	263 381 302 281
2185	188 105 193 178
2186	91 73 202 47
2187	344 147 92 300
2188	182 153 225 284
2189	191 315 36 163
2190	175 289 229 246
2191	388 261 224 333
2192	55 283 273 230
2193	336 290 56 91
2194	154 21 1 390
2195	348 273 300 331
2196	40 96 346 367
2197	110 328 358 54
2198	178 376 27 383
2199	223 8 389 380
2200	173 208 398 311
2201	244 350 186 347
2202	129 96 242 162
2203	3 370 291 358
2204	34 243 186 191
2205	36 332 380 25
2206	42 237 274 318
2207	318 63 172 85
2208	15 160 221 9
2209	56 267 112 58
2210	268 260 270 276
2211	178 390 181 217
2212	228 339 91 213
2213	192 89 170 245
2214	319 331 42 48
2215	90 16 261 270
2216	78 150 60 219
2217	388 137 245 355
2218	2 172 157 293
2219	196 108 351 254
2220	25 295 114 115
2221	184 301 285 57
2222	323 183 298 189
2223	366 280 260 65
2224	94 202 106 341
2225	222 207 51 302
2226	97 240 256 346
2227	225 385 90 185
2228	193 334 225 277
2229	168 244 218 177
2230	5 182 2 186
2231	335 73 206 197
2232	202 303 104 32
2233	236 258 279 85
2234	289 237 219 259
2235	200 256 105 378
2236	117 280 133 333
2237	93 15 163 219
2238	230 90 325 74
2239	359 208 134 207
2240	208 35 272 363
2241	267 7 166 170
2242	8 222 312 122
2243	299 154 108 68
2244	66 98 133 268
2245	33 109 310 28
2246	83 23 52 68
2247	41 86 212 157
2248	318 380 232 350
2249	282 54 333 219
2250	97 103 179 385
2251	139 26 14 293
2252	55 145 372 290
2253	361 236 25 241
2254	242 300 6 15
2255	140 309 368 35
2256	382 70 62 210
2257	394 211 112 141
2258	86 216 380 320
2259	52 85 252 209
2260	115 79 335 312
2261	254 4 389 286
2262	6 386 344 114
2263	262 17 314 241
2264	240 297 65 321
2265	111 195 333 288
2266	24 294 97 243
2267	247 383 159 202
2268	169 210 350 46
2269	327 83 272 19
2270	181 349 126 294
2271	135 348 169 166
2272	182 364 259 104
2273	208 111 147 184
2274	268 244 11 106
2275	48 218 275 382
2276	122 307 112 316
2277	3 46 158 397
2278	23 203 153 62
2279	273 236 276 260
2280	110 95 188 215
2281	242 100 101 400
2282	233 126 151 244
2283	225 355 332 275
2284	352 61 32 182
2285	217 282 317 200
2286	41 166 69 211
2287	214 318 11 189
2288	12 393 56 248
2289	294 171 49 157
2290	297 326 110 98
2291	200 290 336 295
2292	12 189 3 76
2293	53 195 315 179
2294	58 13 346 194
2295	145 386 192 78
2296	342 153 175 160
2297	350 10 118 81
2298	266 143 231 289
2299	337 324 152 9
2300	140 400 184 360
2301	306 69 76 54
2302	325 131 125 160
2303	110 152 80 250
2304	111 124 138 6
2305	303 158 114 291
2306	191 164 370 268
2307	318 277 172 196
2308	174 6 12 289
2309	190 14 286 143
2310	301 77 342 258
2311	203 347 378 43
2312	77 318 315 183
2313	2 374 375 23
2314	155 251 22 120
2315	200 218 90 83
2316	80 188 23 394
2317	168 192 344 239
2318	82 36 309 201
2319	337 344 22 330
2320	55 385 258 398
2321	325 169 270 196
2322	400 125 18 339
2323	352 232 367 383
2324	284 111 306 72
2325	317 116 57 314
2326	294 183 381 96
2327	202 105 170 317
2328	124 322 242 344
2329	285 120 139 322
2330	33 351 399 167
2331	79 202 189 315
2332	9 293 166 204
2333	33 20 81 74
2334	243 143 76 339
2335	5 262 386 33
2336	352 144 112 287
2337	375 159 85 345
2338	68 329 250 288
2339	328 229 126 10
2340	230 226 18 168
2341	56 122 108 346
2342	117 356 284 370
2343	189 116 18 311
2344	17 307 59 177
2345	336 238 205 28
2346	244 278 115 102
2347	276 268 82 118
2348	225 42 90 284
2349	241 341 197 106
2350	257 344 131 99
2351	340 166 172 59
2352	145 274 316 262
2353	369 371 73 74
2354	193 233 372 146
2355	398 1 342 389
2356	339 40 153 262
2357	53 313 249 146
2358	73 72 321 186
2359	273 170 83 214
2360	356 244 366 226
2361	371 256 60 388
2362	359 232 188 290
2363	225 327 315 258
2364	359 260 73 266
2365	399 267 231 380
2366	28 223 348 197
2367	303 122 76 192
2368	209 226 285 231
2369	207 265 305 76
2370	92 313 38 295
2371	177 284 369 4
2372	93 306 181 395
2373	189 185 146 190
2374	75 363 174 16
2375	94 364 131 224
2376	64 262 389 83
2377	18 21 334 187
2378	281 111 394 134
2379	85 398 167 310
2380	354 25 58 377
2381	234 239 340 8
2382	351 14 183 323
2383	301 219 234 180
2384	47 8 211 306
2385	352 344 314 191
2386	359 253 391 274
2387	190 255 93 10
2388	160 37 349 74
2389	277 299 364 342
2390	334 29 1 333
2391	385 159 330 284
2392	127 262 201 129
2393	343 376 164 396
2394	259 155 254 131
2395	32 103 373 215
2396	335 311 194 207
2397	150 328 176 36
2398	249 61 388 208
2399	14 85 70 317
2400	294 248 335 192
2401	108 84 305 105
2402	328 26 103 77
2403	212 276 99 246
2404	116 204 76 288
2405	74 239 291 374
2406	142 347 1 325
2407	247 352 148 309
2408	252 45 256 165
2409	386 338 252 113
2410	202 68 123 21
2411	49 253 338 336
2412	181 137 295 372
2413	282 243 273 18
2414	5 378 25 8
2415	303 104 241 122
2416	13 374 328 275
2417	4 365 63 141
2418	34 281 311 351
2419	109 334 346 138
2420	267 335 58 19
2421	181 262 177 187
2422	362 282 78 329
2423	110 343 142 118
2424	8 332 212 158
2425	184 379 20 210
2426	286 265 383 235
2427	224 145 268 13
2428	6 12 190 273
2429	48 228 330 279
2430	307 306 382 370
2431	36 328 284 323
2432	93 82 367 11
2433	271 393 362 155
2434	273 28 62 298
2435	387 178 138 108
2436	373 10 68 54
2437	252 65 126 12
2438	196 8 351 6
2439	295 263 270 78
2440	287 260 273 306
2441	200 68 275 69
2442	395 329 249 337
2443	146 179 224 326
2444	287 173 362 213
2445	71 392 291 277
2446	280 187 217 199
2447	301 357 141 350
2448	108 312 9 222
2449	336 73 127 366
2450	19 247 80 25
2451	369 190 277 74
2452	59 61 100 95
2453	375 24 204 152
2454	57 98 296 332
2455	204 241 191 11
2456	339 148 214 282
2457	215 338 55 99
2458	388 358 230 390
2459	229 339 335 395
2460	358 105 232 206
2461	136 336 8 80
2462	120 216 119 164
2463	291 266 324 304
2464	182 226 137 47
2465	168 60 18 240
2466	44 109 28 212
2467	2 76 214 258
2468	173 397 82 234
2469	83 216 269 149
2470	357 288 321 267
2471	92 6 64 303
2472	310 260 332 325
2473	366 207 28 379
2474	263 390 232 366
2475	331 175 280 205
2476	131 42 117 114
2477	252 79 4 397
2478	232 356 175 283
2479	332 342 179 206
2480	333 249 34 296
2481	237 372 79 288
2482	256 59 261 202
2483	130 350 260 330
2484	25 227 49 117
2485	266 362 368 284
2486	154 301 207 144
2487	303 74 356 5
2488	294 5 398 400
2489	41 331 21 348
2490	18 37 181 209
2491	275 155 332 267
2492	96 353 383 32
2493	328 33 313 90
2494	254 24 224 155
2495	385 149 101 110
2496	136 87 159 96
2497	286 386 209 259
2498	350 358 396 162
2499	157 366 232 239
2500	123 134 305 355
2501	320 364 350 309
2502	389 280 295 324
2503	136 217 117 2
2504	86 393 71 55
2505	68 326 271 257
2506	268 321 290 93
2507	351 366 365 158
2508	137 320 107 349
2509	32 336 167 347
2510	19 181 111 229
2511	166 84 199 239
2512	351 256 360 133
2513	254 132 235 137
2514	397 193 154 289
2515	360 116 324 186
2516	161 229 335 376
2517	353 288 308 317
2518	153 368 127 396
2519	19 251 232 6
2520	340 260 225 128
2521	120 223 206 279
2522	121 289 200 120
2523	70 111 223 131
2524	360 290 283 316
2525	394 9 113 143
2526	367 35 291 222
2527	241 142 100 23
2528	5 368 366 295
2529	16 234 14 70
2530	313 7 47 289
2531	286 329 227 311
2532	223 208 6 254
2533	366 260 106 156
2534	291 32 150 208
2535	44 221 296 204
2536	302 166 343 261
2537	300 139 203 335
2538	234 232 103 311
2539	180 370 99 60
2540	153 136 78 47
2541	393 337 253 202
2542	166 218 144 333
2543	375 198 251 264
2544	172 218 98 293
2545	309 195 362 397
2546	102 220 221 218
2547	176 153 87 86
2548	264 72 368 285
2549	284 268 240 273
2550	89 282 340 162
2551	328 158 282 241
2552	339 351 180 298
2553	314 198 133 7
2554	338 235 300 393
2555	355 208 90 131
2556	223 383 37 329
2557	181 254 227 62
2558	396 161 378 390
2559	116 212 245 176
2560	118 17 58 259
2561	280 355 369 139
2562	196 239 349 275
2563	361 217 220 99
2564	376 351 95 168
2565	164 57 352 28
2566	183 263 78 165
2567	372 147 371 310
2568	145 266 251 60
2569	398 95 67 241
2570	65 320 1 165
2571	159 183 193 68
2572	273 293 347 290
2573	215 399 113 171
2574	31 120 249 397
2575	77 336 317 68
2576	264 114 48 63
2577	385 214 112 338
2578	314 30 50 196
2579	380 233 91 37
2580	163 146 74 335
2581	298 381 231 240
2582	21 212 46 45
2583	346 349 281 250
2584	23 242 98 400
2585	93 400 61 271
2586	391 299 197 347
2587	29 164 74 305
2588	359 383 239 294
2589	340 163 259 301
2590	116 155 24 25
2591	229 398 56 169
2592	277 365 370 78
2593	300 10 109 377
2594	78 360 45 73
2595	331 192 162 236
2596	76 360 325 347
2597	291 381 230 339
2598	137 348 169 37
2599	189 204 62 9
2600	14 347 239 18
2601	167 110 146 6
2602	330 247 101 348
2603	339 272 392 346
2604	245 94 312 346
2605	38 59 182 133
2606	112 157 119 287
2607	85 22 82 290
2608	207 292 210 225
2609	255 110 387 395
2610	193 307 276 351
2611	74 396 5 265
2612	316 9 323 172
2613	28 144 390 16
2614	22 188 293 264
2615	14 333 255 108
2616	215 296 99 107
2617	13 175 119 12
2618	349 73 274 127
2619	203 204 148 81
2620	207 323 256 226
2621	46 399 147 293
2622	83 178 183 367
2623	171 245 165 166
2624	286 38 88 175
2625	55 350 91 314
2626	211 277 174 121
2627	78 59 11 195
2628	205 279 57 158
2629	211 213 234 155
2630	346 186 282 31
2631	192 368 110 187
2632	254 368 74 317
2633	353 190 335 175
2634	359 339 345 319
2635	258 259 69 219
2636	90 380 10 97
2637	90 40 202 269
2638	166 15 384 111
2639	314 400 338 114
2640	241 322 307 245
2641	351 324 323 81
2642	309 47 129 83
2643	222 19 197 146
2644	145 115 240 147
2645	138 187 115 26
2646	58 174 121 200
2647	85 325 89 55
2648	325 392 266 130
2649	267 210 273 252
2650	283 109 56 7
2651	195 347 37 169
2652	396 216 231 48
2653	24 162 206 394
2654	37 267 211 264
2655	101 86 354 131
2656	281 331 73 371
2657	348 392 12 269
2658	278 214 217 372
2659	37 350 191 20
2660	127 252 175 98
2661	55 85 200 149
2662	283 195 7 179
2663	90 367 338 366
2664	120 397 231 316
2665	117 119 4 168
2666	378 1 227 21
2667	169 351 11 53
2668	271 177 359 325
2669	306 365 94 93
2670	336 332 321 181
2671	338 302 244 4
2672	385 246 319 143
2673	229 139 339 26
2674	76 313 176 231
2675	366 33 221 248
2676	77 18 399 124
2677	49 263 210 256
2678	207 115 150 21
2679	284 298 169 59
2680	40 68 5 97
2681	327 59 295 230
2682	39 157 366 201
2683	185 201 141 161
2684	255 308 109 151
2685	82 304 274 31
2686	18 283 228 52
2687	185 114 103 121
2688	168 219 91 294
2689	84 247 219 83
2690	351 44 342 61
2691	361 129 393 400
2692	267 204 272 161
2693	380 344 360 35
2694	323 2 77 342
2695	81 104 281 174
2696	398 246 255 318
2697	116 163 322 391
2698	68 120 375 42
2699	325 236 204 86
2700	328 250 171 140
2701	106 352 247 234
2702	90 265 75 70
2703	184 232 363 69
2704	25 177 252 344
2705	27 41 70 142
2706	81 70 45 381
2707	35 80 253 243
2708	8 50 15 196
2709	59 303 322 62
2710	119 389 340 361
2711	73 6 24 179
2712	251 81 345 341
2713	110 127 395 180
2714	93 36 230 182
2715	201 124 272 206
2716	121 268 180 376
2717	81 304 340 116
2718	112 11 300 290
2719	142 18 163 155
2720	380 127 28 364
2721	284 289 309 299
2722	372 313 267 288
2723	371 180 273 242
2724	343 91 232 29
2725	54 16 319 239
2726	220 146 295 180
2727	145 123 250 56
2728	219 244 7 215
2729	287 354 264 163
2730	278 17 84 236
2731	208 114 288 158
2732	316 136 165 150
2733	142 359 221 123
2734	397 327 86 249
2735	266 331 307 75
2736	141 320 149 112
2737	227 20 5 45
2738	280 355 139 245
2739	200 183 42 177
2740	98 388 100 20
2741	313 66 212 238
2742	145 43 73 5
2743	112 220 123 228
2744	178 331 377 157
2745	107 113 293 1
2746	80 275 165 73
2747	380 362 360 298
2748	167 185 240 348
2749	115 116 110 91
2750	50 258 219 201
2751	213 254 303 227
2752	370 224 334 1
2753	124 228 318 59
2754	218 307 126 112
2755	72 109 103 328
2756	356 34 79 320
2757	142 215 212 14
2758	121 23 90 330
2759	261 23 142 123
2760	150 130 396 120
2761	331 121 195 49
2762	185 393 380 145
2763	56 328 41 393
2764	345 273 280 340
2765	153 354 103 267
2766	315 375 188 285
2767	256 387 143 336
2768	185 317 250 83
2769	278 270 338 45
2770	25 310 48 346
2771	153 155 257 125
2772	291 368 196 283
2773	73 27 50 80
2774	269 129 6 358
2775	378 150 163 48
2776	56 280 25 28
2777	14 199 321 46
2778	31 77 192 338
2779	32 349 82 325
2780	211 252 60 240
2781	55 108 382 17
2782	18 152 182 200
2783	173 231 187 186
2784	378 179 336 268
2785	367 224 275 340
2786	151 3 96 233
2787	308 368 104 301
2788	298 32 373 222
2789	400 243 264 309
2790	336 167 126 70
2791	357 340 370 380
2792	202 353 109 394
2793	220 254 308 225
2794	16 192 112 15
2795	90 287 97 7
2796	138 292 66 274
2797	242 338 249 317
2798	249 392 176 211
2799	76 336 46 314
2800	284 173 247 288
2801	206 54 31 73
2802	160 193 200 224
2803	56 68 359 39
2804	117 11 178 362
2805	384 259 182 147
2806	85 356 325 400
2807	269 146 391 123
2808	151 212 130 78
2809	357 298 218 270
2810	36 173 358 174
2811	316 266 332 333
2812	384 158 201 239
2813	325 188 326 343
2814	95 8 46 177
2815	192 117 399 144
2816	106 117 99 182
2817	35 360 144 371
2818	223 47 284 362
2819	204 161 296 152
2820	226 384 116 78
2821	111 391 197 178
2822	313 244 223 8
2823	220 307 134 63
2824	160 84 335 336
2825	238 276 16 378
2826	160 105 138 389
2827	351 293 84 138
2828	241 149 352 362
2829	6 290 282 152
2830	368 315 19 201
2831	114 63 172 313
2832	297 295 352 192
2833	271 378 36 294
2834	86 244 359 312
2835	386 130 88 108
2836	348 315 46 240
2837	217 120 92 77
2838	385 334 89 138
2839	193 31 211 115
2840	279 115 75 88
2841	190 20 291 196
2842	159 9 334 41
2843	263 332 394 235
2844	199 207 158 92
2845	164 338 163 377
2846	298 351 25 31
2847	392 262 367 44
2848	332 189 395 383
2849	62 182 164 39
2850	116 368 277 142
2851	226 131 52 270
2852	377 161 172 181
2853	232 95 326 215
2854	110 169 56 341
2855	213 383 125 227
2856	144 194 198 362
2857	373 27 16 327
2858	196 98 218 340
2859	392 286 333 324
2860	199 58 120 6
2861	120 309 347 337
2862	321 371 274 187
2863	369 263 199 121
2864	214 218 353 138
2865	350 328 45 282
2866	326 353 105 351
2867	374 36 169 99
2868	81 65 300 337
2869	32 59 352 106
2870	220 38 299 377
2871	325 122 326 18
2872	243 147 229 23
2873	146 76 1 391
2874	189 60 119 16
2875	292 210 158 365
2876	119 34 308 371
2877	83 193 4 97
2878	23 102 274 318
2879	172 294 363 304
2880	335 59 231 141
2881	147 296 148 336
2882	225 66 304 322
2883	163 313 26 398
2884	52 309 39 119
2885	62 101 110 20
2886	371 73 143 176
2887	8 47 219 383
2888	242 179 234 24
2889	227 107 244 145
2890	339 159 277 395
2891	170 23 186 103
2892	47 362 375 372
2893	278 9 367 314
2894	202 194 208 292
2895	397 218 246 29
2896	148 193 325 32
2897	248 373 358 67
2898	375 237 48 241
2899	4 99 134 250
2900	359 314 1 204
2901	62 368 357 395
2902	303 130 113 186
2903	267 73 18 175
2904	8 337 371 71
2905	56 54 15 97
2906	76 80 330 66
2907	233 75 286 34
2908	105 86 144 254
2909	41 247 383 144
2910	244 33 147 360
2911	169 363 347 218
2912	52 302 291 316
2913	204 227 102 110
2914	32 187 133 234
2915	145 63 352 148
2916	127 362 260 244
2917	379 131 59 45
2918	214 257 181 75
2919	163 316 257 114
2920	255 321 204 365
2921	361 99 391 41
2922	254 24 89 112
2923	343 189 359 363
2924	127 226 97 216
2925	12 397 204 267
2926	177 194 35 105
2927	167 377 311 288
2928	177 201 260 221
2929	24 7 63 324
2930	164 290 117 390
2931	290 279 140 203
2932	265 60 349 107
2933	285 88 253 100
2934	149 15 282 273
2935	140 76 102 335
2936	183 136 361 100
2937	123 11 244 375
2938	205 193 11 269
2939	186 372 271 133
2940	237 306 85 240
2941	372 171 166 345
2942	195 335 81 353
2943	317 48 101 328
2944	219 272 357 58
2945	121 271 343 134
2946	78 342 372 140
2947	203 282 276 235
2948	15 296 364 144
2949	306 286 254 48
2950	347 381 245 158
2951	84 381 60 127
2952	371 43 129 57
2953	6 212 9 49
2954	189 252 59 325
2955	58 390 284 193
2956	61 136 239 307
2957	190 384 300 195
2958	240 83 140 200
2959	105 307 173 86
2960	184 267 152 251
2961	185 289 84 126
2962	126 266 388 108
2963	335 283 344 382
2964	15 269 130 247
2965	215 254 202 152
2966	271 277 221 328
2967	284 234 395 167
2968	161 208 344 96
2969	270 125 367 212
2970	349 89 253 29
2971	149 231 398 252
2972	42 85 394 316
2973	66 336 318 260
2974	75 20 394 142
2975	185 315 124 51
2976	25 205 195 90
2977	154 54 393 148
2978	104 134 381 66
2979	160 93 316 215
2980	264 212 68 223
2981	327 31 112 376
2982	128 19 17 183
2983	86 155 33 53
2984	354 55 382 342
2985	396 237 210 358
2986	158 284 128 288
2987	325 279 182 40
2988	51 256 1 94
2989	80 91 122 178
2990	261 376 130 103
2991	85 261 264 238
2992	185 174 64 162
2993	83 384 168 303
2994	152 272 195 185
2995	206 135 244 339
2996	188 218 164 251
2997	97 103 221 206
2998	104 46 120 4
2999	252 225 379 340
3000	392 112 58 81
3001	5 250 318 175
3002	376 266 288 76
3003	12 381 315 168
3004	109 163 148 319
3005	234 62 398 263
3006	38 211 218 363
3007	18 255 71 276
3008	232 233 104 98
3009	114 332 17 50
3010	163 277 305 393
3011	192 172 41 112
3012	3 365 238 259
3013	12 232 238 171
3014	85 163 31 328
3015	221 232 26 275
3016	56 366 9 350
3017	281 143 336 290
3018	302 178 60 238
3019	177 216 218 289
3020	392 105 77 330
3021	200 293 115 268
3022	97 306 99 189
3023	387 122 354 390
3024	2 10 72 12
3025	151 290 286 198
3026	76 132 130 224
3027	58 117 171 246
3028	177 141 308 179
3029	391 385 292 268
3030	287 74 296 231
3031	264 313 366 30
3032	47 312 196 224
3033	288 126 243 320
3034	319 42 51 186
3035	216 165 193 156
3036	155 240 201 48
3037	368 235 127 262
3038	260 152 56 159
3039	196 99 316 83
3040	36 3 280 42
3041	25 400 382 205
3042	286 212 30 373
3043	298 160 35 323
3044	202 371 260 320
3045	277 173 385 82
3046	382 26 234 104
3047	145 99 101 241
3048	280 302 92 14
3049	194 295 327 215
3050	156 219 2 312
3051	132 279 60 382
3052	338 165 20 386
3053	184 236 66 3
3054	55 234 400 196
3055	358 22 314 129
3056	122 181 32 391
3057	170 254 196 378
3058	141 204 214 352
3059	395 182 53 4
3060	249 41 16 234
3061	35 372 332 209
3062	324 342 166 131
3063	276 360 257 37
3064	275 196 172 152
3065	190 392 62 108
3066	31 373 344 85
3067	21 150 290 101
3068	287 188 143 172
3069	206 316 146 6
3070	195 24 347 92
3071	299 230 317 249
3072	332 284 176 269
3073	389 306 25 163
3074	144 115 148 240
3075	154 76 258 336
3076	139 22 198 77
3077	49 167 219 180
3078	79 263 150 69
3079	178 348 92 378
3080	43 115 312 185
3081	311 61 279 262
3082	309 133 250 257
3083	54 79 45 327
3084	164 301 400 361
3085	240 250 262 320
3086	153 64 201 138
3087	273 149 76 101
3088	163 223 139 133
3089	329 177 201 150
3090	259 188 54 137
3091	335 168 176 364
3092	5 101 100 80
3093	313 71 147 79
3094	247 80 3 326
3095	238 40 309 291
3096	275 86 277 265
3097	357 1 239 317
3098	52 258 196 367
3099	163 343 112 213
3100	264 63 66 351
3101	393 153 382 197
3102	242 156 30 252
3103	166 194 175 362
3104	175 182 270 27
3105	49 262 10 165
3106	308 113 122 121
3107	185 132 12 239
3108	257 99 156 112
3109	130 169 82 270
3110	395 180 242 340
3111	367 86 366 2
3112	235 198 315 341
3113	312 28 8 235
3114	68 298 209 342
3115	219 170 341 212
3116	29 167 172 398
3117	215 358 257 268
3118	186 53 50 11
3119	3 161 400 317
3120	132 16 288 27
3121	291 236 318 271
3122	75 340 208 296
3123	272 13 344 30
3124	48 302 100 149
3125	308 38 203 15
3126	279 175 302 255
3127	358 250 292 173
3128	148 48 247 69
3129	27 134 151 70
3130	358 227 204 320
3131	400 379 135 361
3132	121 326 138 345
3133	198 7 9 206
3134	239 303 374 160
3135	117 196 338 41
3136	352 219 377 51
3137	60 294 260 312
3138	294 45 151 219
3139	142 300 233 383
3140	43 36 254 387
3141	152 200 373 146
3142	75 304 346 353
3143	191 33 87 295
3144	267 299 47 214
3145	214 319 159 154
3146	271 372 261 107
3147	114 38 20 33
3148	395 258 89 32
3149	120 186 26 38
3150	314 71 200 32
3151	73 91 193 242
3152	132 250 289 235
3153	59 231 286 345
3154	10 136 361 249
3155	379 40 29 36
3156	158 373 386 381
3157	157 95 381 337
3158	283 165 122 259
3159	19 167 308 224
3160	379 311 285 374
3161	357 185 204 12
3162	262 174 237 181
3163	59 229 26 105
3164	301 108 113 202
3165	192 161 136 390
3166	347 234 111 58
3167	328 293 212 230
3168	303 305 79 88
3169	216 318 324 4
3170	186 154 135 188
3171	147 233 67 137
3172	199 157 298 6
3173	180 137 8 78
3174	333 5 330 92
3175	105 30 315 223
3176	331 196 281 40
3177	198 390 238 97
3178	397 234 259 19
3179	305 336 188 114
3180	280 295 360 84
3181	84 189 361 158
3182	320 305 71 255
3183	218 157 192 289
3184	398 91 76 109
3185	25 231 210 235
3186	58 379 225 169
3187	371 88 179 17
3188	389 206 346 158
3189	88 139 332 215
3190	372 41 100 240
3191	37 60 115 51
3192	25 337 12 335
3193	169 212 239 7
3194	71 250 147 239
3195	157 65 372 130
3196	225 189 120 191
3197	111 295 100 330
3198	185 90 370 233
3199	40 351 16 28
3200	248 302 220 233
3201	377 253 243 311
3202	221 170 370 146
3203	180 172 41 202
3204	232 54 184 288
3205	161 301 108 293
3206	145 353 216 81
3207	157 345 289 75
3208	133 145 237 168
3209	114 146 48 331
3210	170 348 230 125
3211	212 216 113 101
3212	219 157 366 218
3213	174 338 282 175
3214	172 219 325 56
3215	70 91 115 231
3216	384 307 365 205
3217	275 175 186 216
3218	233 370 17 254
3219	214 315 9 346
3220	29 171 305 302
3221	225 182 17 209
3222	336 247 310 28
3223	156 285 162 276
3224	381 107 88 52
3225	331 94 76 225
3226	89 320 6 99
3227	341 360 49 351
3228	396 354 49 55
3229	56 165 390 59
3230	323 384 234 16
3231	2 147 164 325
3232	310 128 299 55
3233	92 132 125 158
3234	42 145 332 251
3235	217 354 51 209
3236	197 304 152 386
3237	126 261 8 61
3238	345 126 298 362
3239	288 259 379 246
3240	186 192 328 243
3241	290 201 371 59
3242	231 259 331 362
3243	79 206 315 191
3244	302 204 289 342
3245	374 274 293 236
3246	89 10 83 88
3247	246 169 345 97
3248	381 321 383 28
3249	182 323 256 399
3250	380 383 339 293
3251	392 379 183 221
3252	352 171 207 117
3253	151 392 86 323
3254	259 352 74 81
3255	158 298 199 234
3256	93 395 350 377
3257	72 131 329 293
3258	28 146 152 137
3259	80 168 38 139
3260	387 172 351 51
3261	202 328 168 134
3262	350 10 15 172
3263	177 291 230 170
3264	182 272 81 278
3265	24 292 215 99
3266	13 308 241 364
3267	122 119 262 154
3268	396 261 31 185
3269	237 176 34 24
3270	131 17 204 31
3271	137 385 350 304
3272	286 166 76 348
3273	232 157 251 41
3274	28 119 302 19
3275	302 96 26 107
3276	119 248 348 292
3277	215 279 362 243
3278	277 66 293 47
3279	172 128 148 144
3280	53 138 276 194
3281	301 165 143 5
3282	26 39 268 241
3283	257 78 302 209
3284	32 325 348 277
3285	210 291 248 169
3286	279 216 75 187
3287	263 310 15 389
3288	382 239 67 276
3289	89 215 73 203
3290	68 380 306 131
3291	256 41 327 131
3292	131 76 268 289
3293	57 292 136 181
3294	77 55 276 228
3295	14 353 226 130
3296	395 83 229 19
3297	33 340 391 392
3298	50 374 185 49
3299	11 392 55 198
3300	114 390 227 107
3301	123 43 302 244
3302	164 28 44 270
3303	334 397 315 388
3304	301 64 9 398
3305	81 274 244 335
3306	355 271 4 370
3307	114 363 26 156
3308	200 116 83 8
3309	81 33 370 363
3310	1 257 342 298
3311	188 72 75 168
3312	322 170 65 362
3313	385 233 267 281
3314	61 392 71 118
3315	391 119 215 315
3316	380 360 183 251
3317	143 184 346 210
3318	382 254 131 205
3319	6 277 264 60
3320	4 342 318 223
3321	306 68 255 61
3322	307 183 199 189
3323	215 126 294 105
3324	193 170 262 143
3325	155 386 149 326
3326	395 161 241 112
3327	307 191 251 89
3328	388 310 175 241
3329	243 273 299 380
3330	384 98 51 180
3331	274 332 360 306
3332	124 149 336 86
3333	236 264 347 202
3334	132 99 380 152
3335	210 191 361 339
3336	65 151 400 263
3337	7 133 292 167
3338	61 328 152 148
3339	390 324 153 308
3340	224 117 344 54
3341	307 36 172 174
3342	321 28 377 90
3343	303 286 290 275
3344	169 119 207 272
3345	191 236 113 207
3346	223 26 65 66
3347	210 105 341 342
3348	159 342 316 134
3349	185 217 263 186
3350	63 115 222 173
3351	9 150 222 309
3352	128 381 299 309
3353	287 65 362 76
3354	224 367 266 240
3355	231 7 117 4
3356	227 232 128 198
3357	36 354 95 70
3358	68 251 78 64
3359	243 59 45 201
3360	209 150 66 383
3361	149 48 162 379
3362	360 399 51 394
3363	27 304 258 280
3364	228 56 341 342
3365	133 21 138 229
3366	205 344 24 229
3367	343 309 189 106
3368	109 65 289 34
3369	350 311 56 215
3370	44 68 82 59
3371	238 210 140 98
3372	261 236 366 36
3373	325 101 376 198
3374	295 94 279 1
3375	132 59 15 347
3376	283 114 190 236
3377	392 356 284 299
3378	176 152 81 270
3379	20 48 299 174
3380	248 352 200 371
3381	258 306 375 178
3382	105 147 397 340
3383	21 275 190 379
3384	111 389 299 221
3385	186 287 281 346
3386	9 77 372 30
3387	234 19 274 161
3388	11 281 72 125
3389	169 354 277 114
3390	339 14 23 265
3391	119 165 56 376
3392	332 52 131 248
3393	208 170 30 103
3394	320 198 297 163
3395	151 157 344 107
3396	92 53 203 269
3397	56 175 143 139
3398	38 164 216 375
3399	189 114 185 13
3400	313 325 82 96
3401	139 150 238 248
3402	283 346 99 353
3403	290 89 157 23
3404	340 221 87 307
3405	230 179 233 175
3406	170 82 332 53
3407	218 110 322 262
3408	384 102 134 297
3409	173 313 366 145
3410	236 55 58 359
3411	378 380 38 155
3412	33 161 272 246
3413	239 158 19 89
3414	38 106 274 145
3415	218 269 124 399
3416	215 379 290 9
3417	80 287 252 164
3418	249 300 21 241
3419	85 398 168 162
3420	84 72 395 369
3421	239 149 206 272
3422	23 307 135 254
3423	53 75 10 250
3424	103 350 126 112
3425	165 190 68 207
3426	269 239 216 287
3427	224 233 66 177
3428	179 9 323 78
3429	334 387 237 245
3430	231 393 96 384
3431	5 213 388 45
3432	177 287 257 62
3433	120 275 46 395
3434	56 341 100 232
3435	60 230 212 254
3436	395 150 75 102
3437	193 256 31 152
3438	129 104 301 52
3439	188 282 121 93
3440	145 251 347 89
3441	154 296 273 167
3442	205 36 8 266
3443	78 48 134 136
3444	282 192 301 200
3445	17 389 95 202
3446	66 290 117 222
3447	30 283 318 160
3448	78 383 106 170
3449	226 163 277 143
3450	169 143 178 157
3451	238 399 118 145
3452	116 158 189 49
3453	90 261 216 18
3454	161 109 22 32
3455	154 317 66 116
3456	321 162 254 366
3457	178 202 129 244
3458	39 309 286 220
3459	336 344 44 325
3460	365 283 21 97
3461	336 352 137 237
3462	24 229 276 288
3463	62 168 356 147
3464	158 140 148 151
3465	264 119 16 136
3466	306 98 236 142
3467	115 375 178 275
3468	16 337 182 116
3469	205 367 340 146
3470	304 114 257 395
3471	362 29 119 221
3472	232 115 231 276
3473	13 347 206 264
3474	311 42 362 227
3475	257 297 320 174
3476	255 270 4 350
3477	252 190 240 269
3478	312 155 148 380
3479	31 165 177 332
3480	142 244 309 330
3481	48 8 218 29
3482	372 310 242 79
3483	67 17 261 85
3484	209 59 34 193
3485	384 279 249 107
3486	390 245 300 263
3487	189 327 356 146
3488	120 272 200 270
3489	189 180 43 21
3490	52 288 110 107
3491	354 204 103 58
3492	298 345 277 42
3493	294 113 16 236
3494	146 119 52 137
3495	211 63 216 15
3496	249 329 84 327
3497	186 315 46 64
3498	63 109 87 136
3499	292 389 361 13
3500	88 33 274 283
3501	163 387 226 150
3502	55 297 117 151
3503	122 246 292 266
3504	74 379 110 9
3505	27 231 36 323
3506	71 130 281 189
3507	193 110 98 102
3508	248 138 152 375
3509	320 235 80 77
3510	336 203 250 316
3511	97 77 375 287
3512	353 117 341 233
3513	239 204 203 281
3514	100 149 270 159
3515	377 217 387 174
3516	354 206 118 79
3517	41 248 340 363
3518	318 108 11 97
3519	161 338 1 35
3520	343 360 49 93
3521	253 163 118 179
3522	101 127 191 172
3523	362 119 90 170
3524	315 311 201 225
3525	123 291 144 215
3526	78 306 19 390
3527	305 287 168 153
3528	30 102 149 72
3529	221 191 16 317
3530	320 260 21 236
3531	152 387 159 15
3532	37 25 36 6
3533	208 330 192 15
3534	173 111 310 94
3535	4 20 71 102
3536	274 255 187 288
3537	102 113 138 23
3538	237 160 49 179
3539	235 111 257 38
3540	318 174 94 233
3541	261 53 105 191
3542	48 81 379 272
3543	147 71 258 109
3544	301 262 65 381
3545	190 7 350 83
3546	294 167 350 78
3547	94 7 295 102
3548	375 360 161 308
3549	13 294 149 59
3550	128 74 331 93
3551	372 70 5 325
3552	321 182 315 44
3553	111 196 227 37
3554	204 196 250 181
3555	218 271 296 38
3556	208 67 54 348
3557	160 65 336 19
3558	197 123 115 376
3559	10 255 312 204
3560	282 64 319 382
3561	79 156 218 139
3562	44 299 389 104
3563	225 190 378 12
3564	393 339 395 246
3565	318 180 288 130
3566	252 344 258 111
3567	34 26 322 284
3568	152 384 272 320
3569	199 117 63 178
3570	326 359 374 335
3571	95 104 250 189
3572	307 236 17 267
3573	335 84 76 33
3574	47 66 299 176
3575	224 162 154 200
3576	341 168 294 246
3577	41 373 302 168
3578	60 312 238 215
3579	307 317 40 320
3580	188 270 222 190
3581	365 89 232 49
3582	314 388 306 39
3583	129 80 361 292
3584	49 186 82 296
3585	258 84 234 299
3586	190 291 281 212
3587	284 362 233 239
3588	28 211 87 383
3589	295 5 319 37
3590	275 369 107 56
3591	43 354 212 240
3592	153 227 113 270
3593	78 187 162 353
3594	220 100 315 283
3595	146 17 135 282
3596	301 275 209 218
3597	335 374 291 217
3598	27 232 396 347
3599	189 277 182 110
3600	18 246 187 197
3601	37 211 101 382
3602	218 105 130 377
3603	267 258 204 315
3604	286 300 28 158
3605	106 2 158 16
3606	208 346 72 311
3607	284 76 8 54
3608	393 320 137 183
3609	379 354 52 5
3610	116 397 332 387
3611	32 19 30 7
3612	215 22 2 7
3613	317 303 124 191
3614	400 321 90 267
3615	215 166 158 191
3616	112 178 212 328
3617	34 167 55 129
3618	119 351 186 196
3619	29 167 202 166
3620	296 76 216 357
3621	172 297 195 245
3622	271 269 7 241
3623	41 347 389 99
3624	121 62 293 170
3625	142 244 173 17
3626	182 366 15 214
3627	397 124 54 87
3628	119 127 9 325
3629	120 171 141 334
3630	363 25 217 355
3631	36 320 32 132
3632	271 30 310 255
3633	118 139 223 313
3634	193 93 185 139
3635	271 53 393 64
3636	98 181 91 258
3637	341 197 268 80
3638	43 98 327 289
3639	199 188 39 12
3640	272 175 212 16
3641	340 318 50 398
3642	10 258 198 351
3643	306 237 395 110
3644	316 4 395 255
3645	186 103 225 57
3646	271 364 176 313
3647	331 77 311 242
3648	307 237 161 257
3649	168 290 394 93
3650	218 65 77 28
3651	353 389 218 312
3652	148 386 266 67
3653	29 210 372 365
3654	400 44 39 324
3655	162 177 42 48
3656	115 367 366 297
3657	68 205 17 147
3658	216 7 245 157
3659	86 275 327 218
3660	58 52 392 145
3661	106 151 319 75
3662	398 383 221 291
3663	130 200 74 65
3664	352 38 356 376
3665	35 128 98 226
3666	260 83 61 388
3667	258 134 257 177
3668	21 269 45 171
3669	145 23 170 301
3670	228 245 306 211
3671	62 273 341 32
3672	97 294 318 115
3673	381 86 135 236
3674	88 192 28 72
3675	365 150 197 253
3676	399 211 393 142
3677	253 52 158 285
3678	287 219 50 203
3679	381 111 291 240
3680	161 126 244 32
3681	356 21 325 62
3682	25 129 255 172
3683	74 255 24 376
3684	236 91 212 354
3685	201 12 178 376
3686	303 203 257 56
3687	205 267 364 323
3688	365 372 357 118
3689	394 319 229 342
3690	267 238 292 374
3691	218 276 266 289
3692	208 230 200 13
3693	370 139 378 377
3694	106 156 391 58
3695	145 238 63 359
3696	47 357 369 139
3697	141 22 309 253
3698	254 177 1 202
3699	14 287 343 266
3700	360 222 168 50
3701	161 253 184 222
3702	372 279 335 276
3703	344 173 82 105
3704	388 80 398 227
3705	370 107 102 159
3706	45 320 215 355
3707	208 16 352 169
3708	287 293 38 179
3709	326 281 47 166
3710	71 343 276 237
3711	252 307 383 209
3712	387 318 113 74
3713	65 192 177 91
3714	260 111 398 143
3715	370 83 85 358
3716	205 197 354 275
3717	136 279 189 13
3718	207 211 273 36
3719	224 7 320 389
3720	375 167 61 232
3721	342 154 80 3
3722	195 290 200 147
3723	71 272 334 195
3724	299 208 28 147
3725	367 363 33 285
3726	126 50 312 198
3727	122 13 250 155
3728	69 210 101 39
3729	41 288 320 116
3730	207 163 128 240
3731	10 279 260 188
3732	72 82 216 255
3733	173 152 71 193
3734	245 138 316 17
3735	298 154 37 78
3736	155 68 171 214
3737	95 132 381 47
3738	26 245 188 163
3739	314 11 393 256
3740	100 302 156 102
3741	174 349 387 88
3742	288 370 184 216
3743	248 284 260 143
3744	190 296 148 373
3745	94 355 253 49
3746	283 357 325 126
3747	322 263 189 61
3748	292 14 376 363
3749	154 73 302 96
3750	29 128 88 45
3751	377 296 54 34
3752	33 223 396 273
3753	189 243 40 158
3754	258 336 65 78
3755	85 104 351 59
3756	293 364 357 41
3757	365 101 108 335
3758	358 22 280 182
3759	128 398 184 188
3760	393 248 203 332
3761	247 155 290 140
3762	311 256 116 93
3763	366 293 319 400
3764	215 5 202 196
3765	194 396 43 38
3766	333 27 133 61
3767	317 318 204 389
3768	204 1 327 8
3769	78 374 52 31
3770	5 349 118 83
3771	173 118 341 272
3772	316 152 104 35
3773	393 123 285 161
3774	19 251 250 213
3775	293 38 114 247
3776	147 237 259 126
3777	130 59 269 114
3778	41 341 227 384
3779	285 323 294 213
3780	200 219 383 281
3781	340 173 92 123
3782	85 207 234 104
3783	272 358 14 12
3784	63 263 268 19
3785	212 41 27 327
3786	295 343 317 108
3787	26 48 148 239
3788	99 336 316 98
3789	377 60 254 212
3790	382 165 170 277
3791	67 232 357 393
3792	364 44 242 387
3793	162 362 338 37
3794	256 373 236 340
3795	244 181 62 331
3796	86 351 369 332
3797	94 382 5 118
3798	31 120 318 221
3799	136 326 197 24
3800	92 274 74 147
3801	254 182 216 16
3802	14 124 142 347
3803	93 240 335 264
3804	375 142 114 210
3805	223 168 227 344
3806	344 212 60 229
3807	136 178 305 263
3808	354 357 84 242
3809	48 349 370 386
3810	60 244 181 155
3811	389 156 307 222
3812	206 249 306 342
3813	197 362 22 41
3814	250 286 300 110
3815	63 263 31 196
3816	231 158 25 54
3817	134 14 321 274
3818	70 396 320 160
3819	54 396 180 311
3820	47 346 201 148
3821	57 179 87 394
3822	95 138 224 390
3823	91 325 302 335
3824	55 164 280 60
3825	378 302 156 373
3826	66 96 48 189
3827	74 275 1 366
3828	128 244 229 242
3829	293 204 379 252
3830	371 353 334 339
3831	373 293 140 223
3832	301 222 63 234
3833	156 166 295 351
3834	327 91 25 392
3835	32 343 120 341
3836	390 326 321 263
3837	237 205 321 342
3838	129 311 78 73
3839	269 302 286 279
3840	274 3 198 19
3841	182 281 262 325
3842	353 122 171 289
3843	302 315 379 351
3844	106 216 193 60
3845	243 250 238 51
3846	38 92 42 239
3847	310 231 299 240
3848	241 274 199 203
3849	124 222 149 368
3850	83 352 104 121
3851	136 301 239 4
3852	121 356 128 244
3853	101 188 370 170
3854	37 36 62 230
3855	399 267 139 196
3856	215 129 224 58
3857	338 262 73 208
3858	42 328 351 142
3859	27 35 116 335
3860	32 358 217 50
3861	218 102 33 198
3862	317 129 183 284
3863	46 11 227 121
3864	217 72 377 245
3865	252 164 53 105
3866	129 44 266 290
3867	358 323 362 77
3868	316 60 377 289
3869	249 276 364 251
3870	325 113 115 313
3871	335 57 121 255
3872	41 241 295 230
3873	103 44 120 218
3874	243 323 139 34
3875	160 359 192 225
3876	369 128 206 119
3877	146 287 135 352
3878	76 101 385 263
3879	272 82 132 254
3880	328 47 94 75
3881	56 2 261 76
3882	358 56 242 301
3883	151 326 89 266
3884	129 296 45 115
3885	281 175 30 106
3886	245 346 95 42
3887	335 321 202 358
3888	271 214 192 114
3889	157 44 318 336
3890	79 71 237 385
3891	93 291 105 307
3892	355 36 339 312
3893	171 300 316 43
3894	209 236 17 76
3895	66 249 246 381
3896	238 120 111 116
3897	317 247 163 400
3898	159 105 333 330
3899	63 192 59 259
3900	254 209 184 234
3901	220 10 123 139
3902	322 69 257 365
3903	342 22 84 181
3904	152 315 32 90
3905	374 191 65 138
3906	59 264 293 198
3907	372 70 82 140
3908	64 93 139 136
3909	350 294 332 399
3910	201 250 55 19
3911	384 359 40 230
3912	146 95 326 28
3913	347 85 351 169
3914	16 399 273 320
3915	325 55 313 167
3916	25 363 329 81
3917	125 232 269 83
3918	40 95 309 269
3919	116 274 395 88
3920	81 349 80 360
3921	290 183 180 84
3922	246 395 90 322
3923	25 278 362 57
3924	302 241 33 237
3925	182 224 9 185
3926	338 57 242 356
3927	68 28 298 177
3928	139 259 390 149
3929	333 284 30 37
3930	253 377 328 324
3931	228 130 320 129
3932	93 212 150 210
3933	342 214 87 169
3934	249 356 390 98
3935	228 339 335 257
3936	283 78 253 1
3937	328 327 84 268
3938	68 222 271 120
3939	35 261 333 2
3940	99 100 347 390
3941	229 305 17 348
3942	355 233 137 125
3943	30 16 155 5
3944	397 158 27 310
3945	83 275 326 393
3946	7 196 75 134
3947	233 308 136 300
3948	164 307 297 339
3949	176 355 218 121
3950	57 13 371 7
3951	99 244 159 292
3952	77 50 288 225
3953	393 277 151 240
3954	345 98 165 347
3955	89 176 337 359
3956	295 21 393 390
3957	234 371 346 262
3958	188 179 275 39
3959	332 96 235 166
3960	316 268 254 348
3961	270 136 76 33
3962	313 318 78 210
3963	174 247 67 130
3964	37 187 146 288
3965	266 284 241 252
3966	243 71 61 118
3967	130 298 167 131
3968	38 117 9 151
3969	163 256 159 133
3970	217 216 120 126
3971	245 334 383 90
3972	33 237 68 244
3973	146 125 74 78
3974	30 384 218 289
3975	172 220 285 335
3976	118 177 294 328
3977	178 276 131 130
3978	73 2 75 309
3979	369 372 29 151
3980	345 389 37 223
3981	249 371 304 264
3982	350 93 314 370
3983	336 314 187 253
3984	263 68 93 266
3985	291 398 233 281
3986	169 345 332 27
3987	286 246 160 171
3988	148 109 342 59
3989	35 302 48 372
3990	79 386 312 52
3991	365 190 111 76
3992	167 57 196 52
3993	352 8 156 309
3994	137 285 54 211
3995	29 164 214 265
3996	196 139 18 193
3997	135 130 47 142
3998	292 210 234 76
3999	280 127 364 397
4000	336 351 143 394
4001	96 173 299 144
4002	360 66 176 48
4003	378 162 350 323
4004	254 282 253 39
4005	119 324 53 290
4006	389 38 343 289
4007	330 229 216 1
4008	382 238 354 281
4009	136 240 325 20
4010	281 277 233 148
4011	166 156 243 123
4012	108 360 289 175
4013	177 327 19 354
4014	55 38 76 373
4015	304 214 44 360
4016	191 100 46 161
4017	162 319 30 126
4018	249 312 32 90
4019	228 323 32 250
4020	336 131 398 167
4021	80 54 89 196
4022	27 69 290 253
4023	368 47 138 225
4024	154 86 322 48
4025	126 251 322 6
4026	278 343 341 137
4027	198 29 34 14
4028	254 370 144 211
4029	43 387 10 148
4030	297 84 256 379
4031	65 10 363 117
4032	278 56 252 360
4033	232 76 99 305
4034	324 205 24 139
4035	346 296 203 172
4036	36 115 127 6
4037	86 55 141 20
4038	321 348 380 89
4039	49 11 81 129
4040	358 177 132 74
4041	311 176 43 279
4042	284 197 199 203
4043	264 2 361 248
4044	397 280 211 253
4045	82 302 273 348
4046	255 68 54 244
4047	368 332 129 22
4048	226 398 132 19
4049	2 118 320 46
4050	323 394 39 143
4051	197 27 180 260
4052	50 224 34 182
4053	312 348 57 104
4054	212 244 46 341
4055	293 17 255 223
4056	268 174 114 285
4057	320 384 387 192
4058	108 283 397 309
4059	23 331 317 242
4060	332 296 398 102
4061	301 234 42 251
4062	138 127 19 305
4063	294 295 213 326
4064	9 266 50 366
4065	22 383 305 130
4066	370 94 266 388
4067	65 179 119 173
4068	6 132 151 380
4069	162 64 318 151
4070	108 293 180 353
4071	355 52 313 99
4072	173 399 9 227
4073	170 162 163 209
4074	189 68 277 386
4075	369 98 73 104
4076	23 122 335 248
4077	229 225 165 227
4078	40 134 72 338
4079	42 331 33 381
4080	8 185 332 96
4081	286 2 207 174
4082	193 220 222 382
4083	208 178 22 289
4084	64 245 239 233
4085	387 6 115 271
4086	235 358 287 371
4087	108 74 86 96
4088	88 312 191 385
4089	307 98 283 179
4090	278 29 14 62
4091	40 110 138 316
4092	246 56 315 14
4093	95 1 219 12
4094	132 309 118 113
4095	255 109 142 352
4096	378 194 330 335
4097	130 137 374 152
4098	56 231 281 228
4099	116 359 49 242
4100	201 53 185 312
4101	109 101 321 127
4102	287 294 143 151
4103	25 369 17 256
4104	173 285 184 392
4105	156 159 64 110
4106	211 138 391 87
4107	320 288 326 323
4108	125 193 336 195
4109	93 80 141 310
4110	171 331 342 47
4111	255 154 110 224
4112	111 66 390 106
4113	229 108 292 22
4114	187 262 108 107
4115	270 207 130 357
4116	399 183 87 20
4117	337 161 166 186
4118	383 307 346 60
4119	62 31 103 189
4120	45 278 75 155
4121	366 275 27 235
4122	387 55 285 264
4123	252 369 13 14
4124	374 126 47 197
4125	155 181 347 86
4126	297 152 20 356
4127	379 369 117 118
4128	201 39 325 299
4129	291 26 39 240
4130	300 167 386 252
4131	3 303 77 383
4132	136 142 53 380
4133	393 336 8 263
4134	113 223 177 280
4135	242 322 126 227
4136	192 211 40 262
4137	354 221 392 394
4138	343 211 242 278
4139	345 289 97 107
4140	234 342 389 84
4141	221 125 358 367
4142	340 110 24 313
4143	10 246 232 295
4144	109 38 373 133
4145	53 324 231 392
4146	26 251 245 230
4147	254 368 193 330
4148	378 175 91 128
4149	28 73 213 169
4150	93 45 348 109
4151	141 150 392 286
4152	287 44 351 103
4153	349 398 83 295
4154	236 197 163 224
4155	382 289 265 238
4156	115 130 134 311
4157	210 48 324 136
4158	17 340 223 396
4159	108 396 207 67
4160	327 201 274 121
4161	376 191 70 307
4162	240 115 398 322
4163	25 206 386 204
4164	64 11 101 304
4165	48 369 120 58
4166	19 220 262 169
4167	64 30 167 28
4168	5 352 303 84
4169	345 312 220 297
4170	14 55 276 34
4171	129 300 349 338
4172	333 372 135 374
4173	91 301 247 330
4174	36 290 192 145
4175	248 159 156 8
4176	240 307 31 342
4177	44 98 296 86
4178	85 388 364 194
4179	146 351 178 236
4180	298 116 371 140
4181	228 135 324 78
4182	12 399 168 306
4183	337 158 212 317
4184	336 197 28 345
4185	338 362 124 274
4186	297 61 225 209
4187	141 241 190 127
4188	353 54 60 343
4189	55 264 104 342
4190	100 331 17 113
4191	149 128 146 263
4192	95 381 1 255
4193	38 234 223 100
4194	167 202 86 328
4195	6 18 27 238
4196	240 164 255 140
4197	244 242 111 80
4198	301 214 396 283
4199	179 220 381 199
4200	304 10 373 277
4201	114 211 192 153
4202	219 242 241 273
4203	15 396 291 125
4204	56 42 107 382
4205	45 72 209 205
4206	272 396 323 110
4207	366 282 159 263
4208	98 163 296 20
4209	250 144 223 155
4210	341 80 322 295
4211	293 172 285 71
4212	16 345 67 92
4213	192 27 60 278
4214	2 46 108 255
4215	356 272 358 341
4216	305 322 109 289
4217	194 379 173 242
4218	33 351 287 397
4219	10 172 322 259
4220	17 315 215 294
4221	54 118 45 371
4222	49 19 342 329
4223	94 313 203 160
4224	181 189 56 55
4225	65 131 50 301
4226	307 286 376 397
4227	38 3 174 383
4228	124 172 28 258
4229	366 28 78 374
4230	244 400 86 237
4231	86 225 232 288
4232	262 25 323 41
4233	181 299 51 45
4234	156 108 160 36
4235	265 348 287 344
4236	370 217 29 103
4237	99 398 114 50
4238	21 320 400 78
4239	22 41 326 67
4240	378 265 387 386
4241	372 147 391 333
4242	359 319 197 200
4243	149 219 362 289
4244	44 258 97 51
4245	301 296 293 290
4246	119 39 240 129
4247	319 117 17 318
4248	333 111 198 340
4249	272 223 259 331
4250	300 365 92 143
4251	47 123 64 291
4252	271 2 202 217
4253	126 20 103 306
4254	87 172 321 6
4255	202 72 362 272
4256	299 303 33 19
4257	18 355 269 399
4258	12 75 6 239
4259	295 23 315 187
4260	77 272 26 379
4261	56 340 359 247
4262	324 190 124 265
4263	43 228 93 369
4264	396 25 146 252
4265	262 201 225 79
4266	65 82 214 87
4267	257 308 142 182
4268	128 44 88 341
4269	150 394 210 224
4270	55 5 249 250
4271	156 152 224 317
4272	59 139 10 309
4273	86 141 13 206
4274	273 212 98 141
4275	325 356 105 16
4276	367 325 161 293
4277	284 42 166 350
4278	233 24 309 370
4279	257 100 144 218
4280	173 138 159 125
4281	234 335 209 131
4282	246 58 398 291
4283	275 107 94 97
4284	119 239 383 143
4285	208 64 136 393
4286	377 285 176 217
4287	173 360 169 160
4288	213 234 23 14
4289	237 117 209 256
4290	368 326 99 372
4291	186 31 92 399
4292	91 359 67 54
4293	7 9 300 47
4294	348 63 366 333
4295	13 299 369 63
4296	144 367 357 65
4297	63 353 79 83
4298	209 358 165 23
4299	114 101 115 120
4300	43 249 400 363
4301	375 307 189 14
4302	47 164 172 198
4303	399 112 266 3
4304	122 340 66 233
4305	59 143 328 382
4306	171 33 323 78
4307	327 369 315 304
4308	353 41 47 285
4309	89 15 193 97
4310	58 82 146 277
4311	148 270 398 390
4312	166 89 29 120
4313	212 77 193 68
4314	170 242 288 94
4315	290 136 262 34
4316	56 238 18 97
4317	31 86 116 212
4318	241 318 289 22
4319	73 359 214 20
4320	265 113 237 115
4321	247 254 392 339
4322	144 34 229 217
4323	334 385 382 373
4324	346 364 26 10
4325	349 372 228 293
4326	313 368 327 324
4327	302 305 355 192
4328	158 383 164 234
4329	399 367 249 380
4330	193 109 47 177
4331	103 195 325 318
4332	121 253 114 7
4333	370 253 68 272
4334	208 339 211 160
4335	170 132 154 382
4336	338 315 196 294
4337	52 312 399 135
4338	347 200 68 153
4339	168 270 28 187
4340	59 159 94 340
4341	65 14 103 276
4342	348 97 79 160
4343	384 125 255 288
4344	222 190 275 164
4345	352 163 3 1
4346	48 139 256 70
4347	25 215 83 334
4348	98 228 243 255
4349	186 31 194 89
4350	208 137 25 45
4351	97 75 302 194
4352	378 98 17 257
4353	293 189 67 166
4354	183 356 48 369
4355	321 389 124 229
4356	357 74 140 113
4357	129 198 382 384
4358	143 332 168 71
4359	368 267 107 349
4360	138 328 20 27
4361	280 56 11 89
4362	21 373 118 148
4363	242 4 197 396
4364	97 243 100 127
4365	58 374 81 291
4366	285 28 159 110
4367	325 143 79 116
4368	357 156 270 389
4369	45 368 342 6
4370	124 356 82 253
4371	94 195 295 235
4372	305 173 200 300
4373	263 54 286 296
4374	322 87 339 205
4375	225 27 320 317
4376	285 30 231 230
4377	317 316 46 272
4378	237 293 346 335
4379	97 262 328 116
4380	50 283 173 388
4381	253 197 275 344
4382	270 319 375 16
4383	127 177 153 370
4384	148 23 44 40
4385	53 93 331 353
4386	237 284 55 368
4387	73 255 226 46
4388	360 361 184 295
4389	218 57 56 179
4390	172 16 278 7
4391	205 72 103 387
4392	31 94 62 149
4393	386 58 329 358
4394	178 166 258 317
4395	52 376 324 265
4396	137 1 28 392
4397	356 1 317 196
4398	297 114 136 229
4399	115 181 220 295
4400	94 374 297 91
4401	393 52 346 44
4402	173 214 297 38
4403	122 60 7 90
4404	103 107 232 5
4405	384 324 19 184
4406	281 172 311 308
4407	218 188 396 21
4408	209 326 295 97
4409	354 167 273 112
4410	113 208 114 302
4411	233 239 295 105
4412	106 81 335 2
4413	95 158 169 117
4414	57 170 147 32
4415	257 296 15 365
4416	268 80 392 215
4417	211 46 116 337
4418	138 222 86 153
4419	247 57 356 308
4420	253 184 273 274
4421	153 365 115 184
4422	171 93 264 21
4423	114 109 390 40
4424	136 58 282 347
4425	131 322 297 304
4426	24 307 204 357
4427	111 87 337 77
4428	374 259 301 48
4429	174 302 238 154
4430	111 307 228 371
4431	179 231 399 90
4432	291 257 232 341
4433	197 219 57 93
4434	328 147 351 134
4435	317 220 164 154
4436	165 329 389 68
4437	397 107 148 254
4438	177 200 289 174
4439	392 85 118 216
4440	356 300 348 212
4441	220 34 250 177
4442	304 128 343 141
4443	340 299 164 270
4444	179 214 30 184
4445	62 15 209 90
4446	262 68 397 226
4447	369 127 162 178
4448	120 7 210 276
4449	166 102 72 190
4450	234 174 219 274
4451	196 189 114 49
4452	176 292 267 397
4453	102 366 48 85
4454	2 17 98 390
4455	150 201 347 202
4456	326 193 85 111
4457	333 144 123 241
4458	215 285 143 106
4459	295 103 141 185
4460	368 321 266 320
4461	263 43 46 180
4462	255 64 286 78
4463	224 139 173 71
4464	123 228 151 204
4465	50 299 95 297
4466	336 342 314 400
4467	249 311 229 132
4468	253 226 27 351
4469	400 364 323 240
4470	341 25 173 113
4471	61 155 143 279
4472	80 323 398 309
4473	214 330 104 90
4474	34 110 55 173
4475	175 274 18 386
4476	60 339 118 68
4477	104 55 270 321
4478	148 91 337 262
4479	30 369 291 286
4480	306 173 45 325
4481	256 8 267 169
4482	393 51 262 330
4483	276 204 299 350
4484	197 84 226 32
4485	55 295 21 164
4486	83 317 33 219
4487	95 52 98 49
4488	281 143 273 279
4489	141 76 327 294
4490	10 329 228 67
4491	106 48 6 392
4492	108 126 328 10
4493	121 47 77 128
4494	293 2 177 263
4495	295 2 7 256
4496	189 13 90 30
4497	3 385 319 166
4498	210 225 240 116
4499	102 100 293 339
4500	155 289 204 375
4501	249 70 168 138
4502	383 203 179 10
4503	247 327 235 368
4504	270 302 86 5
4505	207 83 296 227
4506	147 143 222 85
4507	253 152 279 12
4508	137 70 106 60
4509	301 75 247 120
4510	16 183 236 206
4511	70 143 165 254
4512	154 219 134 248
4513	127 227 9 141
4514	47 72 339 235
4515	44 218 49 309
4516	9 364 356 272
4517	214 264 392 77
4518	274 27 38 68
4519	167 9 165 252
4520	255 67 281 91
4521	110 324 400 166
4522	35 360 376 23
4523	162 209 387 154
4524	24 250 216 185
4525	240 313 181 224
4526	329 343 233 207
4527	323 247 80 293
4528	262 131 17 322
4529	345 171 14 107
4530	197 13 71 24
4531	365 164 363 316
4532	351 69 66 211
4533	181 343 279 64
4534	257 379 89 258
4535	23 234 152 118
4536	61 12 283 355
4537	267 274 272 365
4538	213 352 277 287
4539	23 5 327 112
4540	127 113 304 281
4541	175 18 204 149
4542	23 24 330 259
4543	186 89 381 257
4544	386 209 60 255
4545	350 195 41 304
4546	180 38 314 187
4547	290 199 90 117
4548	159 146 66 271
4549	349 377 140 98
4550	181 84 246 8
4551	226 151 376 322
4552	27 220 68 208
4553	84 134 330 179
4554	32 46 77 343
4555	106 313 90 290
4556	278 338 357 364
4557	224 182 278 74
4558	234 51 210 236
4559	56 293 5 178
4560	159 183 9 324
4561	362 138 14 167
4562	35 308 220 56
4563	155 94 341 217
4564	200 298 223 50
4565	26 141 131 27
4566	322 3 106 10
4567	264 188 148 96
4568	361 396 216 295
4569	36 46 267 264
4570	38 296 243 227
4571	49 39 293 248
4572	394 258 165 111
4573	93 217 66 388
4574	291 265 161 49
4575	116 354 216 125
4576	84 7 103 217
4577	86 118 128 94
4578	186 82 128 154
4579	8 23 274 228
4580	290 158 225 43
4581	297 365 389 169
4582	5 108 326 310
4583	375 112 242 136
4584	117 176 200 243
4585	298 243 291 58
4586	329 137 270 227
4587	269 284 175 305
4588	181 162 86 231
4589	246 83 198 374
4590	148 351 25 77
4591	362 227 226 324
4592	377 161 55 338
4593	238 107 266 93
4594	29 331 46 126
4595	182 356 57 9
4596	300 94 191 315
4597	288 277 296 262
4598	130 179 195 244
4599	379 156 224 208
4600	117 200 179 367
4601	356 151 169 155
4602	128 283 164 151
4603	315 242 5 316
4604	243 391 344 247
4605	396 286 192 313
4606	240 383 39 154
4607	181 300 208 372
4608	228 207 57 3
4609	70 392 352 192
4610	212 272 258 235
4611	147 385 54 121
4612	196 382 379 91
4613	283 364 11 264
4614	58 184 292 246
4615	339 349 81 329
4616	249 294 334 269
4617	380 15 38 94
4618	23 220 290 68
4619	352 253 343 135
4620	179 112 312 365
4621	170 222 306 26
4622	138 237 26 294
4623	294 353 51 306
4624	295 131 176 139
4625	22 316 359 217
4626	258 171 393 98
4627	269 125 144 8
4628	309 284 168 340
4629	381 227 369 53
4630	349 21 373 235
4631	95 286 340 342
4632	99 136 10 370
4633	164 6 392 265
4634	109 44 135 45
4635	361 297 324 61
4636	271 147 79 65
4637	383 255 44 200
4638	286 212 182 206
4639	28 321 61 117
4640	164 300 243 389
4641	240 268 399 356
4642	187 68 210 302
4643	266 282 270 252
4644	203 305 67 361
4645	264 13 42 39
4646	339 233 194 361
4647	340 24 240 92
4648	38 41 148 21
4649	320 180 69 49
4650	193 106 356 24
4651	237 225 257 146
4652	400 271 98 137
4653	53 203 162 50
4654	30 399 349 293
4655	42 237 384 174
4656	290 94 338 264
4657	223 289 357 344
4658	366 61 96 130
4659	165 327 279 122
4660	30 145 214 67
4661	270 359 1 282
4662	214 29 22 251
4663	209 285 10 101
4664	12 235 208 108
4665	370 143 332 56
4666	90 355 116 184
4667	1 74 319 390
4668	258 225 143 10
4669	328 327 382 285
4670	140 152 176 344
4671	364 284 121 149
4672	29 232 162 3
4673	168 387 22 352
4674	261 306 53 180
4675	157 274 279 28
4676	398 358 182 366
4677	160 21 70 106
4678	385 196 54 354
4679	156 354 35 351
4680	26 239 4 163
4681	144 9 259 67
4682	26 177 128 219
4683	105 100 157 249
4684	61 15 362 390
4685	99 15 399 169
4686	239 52 187 331
4687	120 146 160 48
4688	184 8 120 331
4689	11 149 130 380
4690	83 308 389 283
4691	156 149 278 73
4692	334 105 83 44
4693	386 15 392 211
4694	167 126 333 191
4695	135 74 132 354
4696	337 349 26 372
4697	72 264 223 272
4698	340 194 305 238
4699	96 178 234 161
4700	319 30 393 123
4701	169 192 293 325
4702	375 146 105 164
4703	54 91 138 36
4704	213 98 321 172
4705	50 288 143 146
4706	311 110 328 254
4707	367 336 301 145
4708	209 166 352 262
4709	252 185 88 149
4710	123 363 292 285
4711	350 120 135 14
4712	275 79 377 124
4713	280 210 80 239
4714	47 172 234 16
4715	156 15 360 194
4716	1 373 37 93
4717	33 230 400 60
4718	326 392 213 333
4719	29 169 84 175
4720	341 144 1 64
4721	219 264 310 391
4722	212 379 77 205
4723	10 254 381 310
4724	131 83 232 273
4725	202 338 275 227
4726	24 250 109 143
4727	94 103 339 318
4728	385 400 371 1
4729	249 208 107 32
4730	293 274 278 302
4731	321 218 122 78
4732	64 61 285 75
4733	198 308 190 178
4734	70 286 78 257
4735	143 305 86 80
4736	33 336 323 378
4737	291 358 334 54
4738	270 98 246 376
4739	304 223 98 121
4740	120 363 240 89
4741	94 279 15 330
4742	191 63 157 372
4743	397 234 78 160
4744	258 128 248 60
4745	305 120 292 91
4746	249 260 12 306
4747	159 333 88 98
4748	397 394 129 79
4749	375 266 178 296
4750	61 50 194 191
4751	267 150 391 207
4752	373 351 75 203
4753	152 29 329 319
4754	329 265 326 100
4755	112 196 23 383
4756	231 325 200 311
4757	265 66 240 395
4758	247 381 208 315
4759	92 143 83 131
4760	388 143 181 83
4761	55 167 20 135
4762	287 347 142 13
4763	111 313 84 71
4764	317 252 175 128
4765	375 28 322 150
4766	288 7 252 246
4767	34 277 182 257
4768	156 19 259 281
4769	266 350 105 320
4770	98 397 91 283
4771	369 116 214 318
4772	116 102 161 394
4773	235 104 4 369
4774	101 49 349 99
4775	332 63 173 100
4776	289 317 311 228
4777	129 278 390 83
4778	274 384 147 266
4779	167 277 42 14
4780	336 88 186 389
4781	142 159 85 207
4782	109 337 332 221
4783	290 249 212 384
4784	251 307 383 303
4785	349 264 221 392
4786	237 72 75 387
4787	298 227 225 388
4788	286 302 182 167
4789	299 162 211 208
4790	302 156 160 111
4791	236 324 44 88
4792	229 126 44 293
4793	262 327 112 186
4794	112 232 80 290
4795	168 309 203 347
4796	315 63 205 164
4797	262 35 159 336
4798	19 174 134 59
4799	219 354 42 323
4800	178 176 201 13
4801	302 261 340 68
4802	152 349 230 205
4803	153 331 166 346
4804	315 397 296 273
4805	86 187 195 386
4806	259 178 393 86
4807	61 126 155 51
4808	251 155 248 276
4809	277 72 310 80
4810	382 227 80 115
4811	198 364 238 195
4812	115 277 175 170
4813	173 104 289 174
4814	317 399 307 391
4815	165 225 177 222
4816	389 339 364 28
4817	43 179 74 168
4818	282 86 135 73
4819	336 271 193 340
4820	400 183 303 21
4821	20 396 119 151
4822	228 355 312 69
4823	18 319 160 108
4824	109 342 236 376
4825	397 223 319 281
4826	154 379 299 283
4827	268 58 199 353
4828	307 55 132 75
4829	252 1 396 270
4830	139 288 386 156
4831	371 308 370 244
4832	319 359 340 250
4833	284 338 193 92
4834	361 192 354 224
4835	111 155 34 271
4836	256 136 235 81
4837	9 331 81 149
4838	196 190 127 308
4839	75 388 382 88
4840	119 291 254 317
4841	252 204 25 65
4842	318 202 156 191
4843	220 324 216 57
4844	34 39 65 139
4845	269 226 77 179
4846	162 223 101 124
4847	203 46 230 91
4848	8 156 134 386
4849	65 397 220 167
4850	199 306 89 247
4851	236 181 30 289
4852	119 134 369 258
4853	125 276 20 129
4854	199 60 118 76
4855	175 243 158 344
4856	151 305 96 88
4857	21 227 391 314
4858	381 74 127 195
4859	266 327 12 181
4860	80 61 217 8
4861	225 168 348 368
4862	209 128 228 159
4863	163 366 243 124
4864	350 97 42 323
4865	221 91 395 383
4866	17 197 8 54
4867	122 58 253 338
4868	204 160 319 373
4869	234 78 287 323
4870	226 21 298 375
4871	279 183 321 315
4872	227 173 372 201
4873	56 102 158 297
4874	58 342 327 243
4875	391 342 224 145
4876	304 177 54 58
4877	215 256 147 193
4878	18 144 77 335
4879	327 75 61 369
4880	7 30 365 158
4881	132 306 268 182
4882	117 232 44 225
4883	322 262 398 339
4884	101 362 62 112
4885	218 204 257 73
4886	31 317 396 190
4887	398 288 286 73
4888	232 203 267 369
4889	207 122 43 354
4890	292 76 364 94
4891	96 201 264 326
4892	330 17 394 100
4893	95 235 378 297
4894	132 361 50 8
4895	142 318 326 91
4896	206 159 398 61
4897	154 218 65 169
4898	60 24 108 175
4899	161 107 148 10
4900	267 56 80 265
4901	218 80 327 316
4902	180 333 64 367
4903	289 220 156 344
4904	16 371 236 391
4905	90 94 151 374
4906	167 236 136 59
4907	184 86 128 169
4908	292 27 192 176
4909	269 73 142 365
4910	77 270 322 66
4911	283 347 121 236
4912	88 143 313 301
4913	267 324 146 342
4914	110 149 219 50
4915	218 339 210 382
4916	104 192 218 33
4917	285 328 355 128
4918	323 40 337 364
4919	226 120 26 118
4920	95 193 308 331
4921	135 102 147 18
4922	197 359 168 33
4923	276 221 389 289
4924	356 70 324 53
4925	176 81 207 199
4926	48 297 382 332
4927	140 36 211 193
4928	193 343 217 354
4929	256 346 344 6
4930	107 208 367 132
4931	237 383 12 346
4932	24 134 115 300
4933	236 382 137 338
4934	352 365 327 346
4935	304 399 360 398
4936	274 81 49 388
4937	352 305 391 232
4938	174 9 194 321
4939	376 46 307 337
4940	121 196 288 109
4941	77 69 116 248
4942	346 259 192 349
4943	315 119 42 309
4944	277 222 5 251
4945	78 259 184 115
4946	189 166 168 259
4947	270 323 43 360
4948	17 252 372 152
4949	372 108 328 285
4950	366 44 345 112
4951	18 159 172 207
4952	50 216 312 241
4953	215 269 133 329
4954	208 211 279 86
4955	385 224 251 53
4956	189 347 257 324
4957	243 313 50 125
4958	233 93 104 229
4959	215 231 316 211
4960	300 73 36 260
4961	288 261 190 68
4962	71 242 28 318
4963	133 219 257 266
4964	213 102 328 208
4965	206 63 195 334
4966	257 250 366 135
4967	312 358 374 17
4968	100 354 161 91
4969	152 28 315 129
4970	296 114 330 57
4971	393 312 190 284
4972	374 161 329 314
4973	49 320 304 125
4974	140 96 42 106
4975	125 376 57 116
4976	399 240 72 277
4977	15 227 232 210
4978	47 270 182 195
4979	113 333 83 330
4980	15 7 204 9
4981	279 94 21 98
4982	253 141 57 52
4983	387 277 195 253
4984	339 302 198 82
4985	185 122 370 202
4986	392 328 389 362
4987	330 123 263 83
4988	211 143 369 362
4989	262 194 22 232
4990	283 390 3 301
4991	33 224 83 227
4992	351 285 399 267
4993	288 210 46 318
4994	208 212 117 399
4995	3 16 342 228
4996	220 3 324 79
4997	324 98 297 326
4998	121 39 400 302
4999	112 188 17 253
5000	68 254 173 233
