Students	5000
1	243 64 323 100
2	383 361 226 78
3	22 347 34 12
4	82 207 109 296
5	367 145 83 320
6	33 106 37 113
7	18 288 309 345
8	267 254 157 224
9	370 295 135 304
10	28 359 262 237
11	270 20 341 325
12	311 174 310 58
13	114 22 176 247
14	177 86 91 298
15	145 229 141 365
16	375 377 205 147
17	307 258 148 109
18	176 67 168 6
19	364 136 71 139
20	129 336 197 3
21	351 171 126 208
22	255 362 130 263
23	392 165 101 199
24	143 23 59 250
25	118 72 68 121
26	91 44 253 227
27	186 204 33 109
28	64 104 327 62
29	215 291 17 190
30	84 68 200 283
31	365 57 144 374
32	368 358 206 367
33	199 93 326 258
34	177 266 339 56
35	25 69 67 51
36	52 7 254 309
37	146 21 165 282
38	230 363 282 20
39	28 370 209 125
40	318 148 184 168
41	249 394 270 309
42	71 284 249 145
43	106 118 136 8
44	40 159 200 20
45	35 348 364 265
46	228 261 111 331
47	221 175 380 239
48	46 63 396 347
49	105 342 225 62
50	63 181 304 264
51	322 392 321 151
52	207 146 51 91
53	166 330 237 242
54	123 107 84 56
55	329 346 3 182
56	172 392 337 130
57	53 312 184 292
58	14 5 293 299
59	296 101 310 187
60	341 31 70 299
61	141 61 330 232
62	19 12 331 285
63	379 39 394 108
64	384 239 123 10
65	152 146 9 377
66	270 292 42 363
67	125 166 74 169
68	276 321 384 380
69	80 134 119 224
70	270 150 315 165
71	266 133 258 137
72	211 330 292 185
73	191 287 160 324
74	128 367 359 84
75	315 201 247 37
76	388 209 374 391
77	226 58 161 199
78	335 6 276 399
79	378 344 204 345
80	142 302 72 223
81	189 372 387 367
82	208 120 340 87
83	192 122 350 136
84	87 333 336 26
85	141 335 253 109
86	175 293 260 84
87	22 175 118 199
88	352 2 18 213
89	40 207 254 81
90	332 316 232 227
91	35 75 275 91
92	390 55 161 310
93	17 265 151 374
94	196 265 112 324
95	15 252 289 185
96	338 324 374 184
97	15 132 314 342
98	296 367 361 284
99	170 179 110 291
100	18 180 387 40
101	184 4 53 222
102	331 124 117 350
103	297 336 28 92
104	160 128 390 272
105	349 144 54 243
106	323 276 224 176
107	251 343 393 379
108	123 154 245 371
109	151 283 138 247
110	106 76 369 378
111	388 162 251 144
112	107 170 162 164
113	378 274 78 137
114	183 55 380 308
115	334 180 77 284
116	333 370 348 376
117	86 277 62 362
118	272 153 216 289
119	137 64 275 396
120	175 235 8 19
121	218 388 364 159
122	393 397 109 242
123	357 399 3 15
124	323 196 207 174
125	143 202 209 158
126	209 193 391 347
127	168 399 215 167
128	370 102 379 269
129	391 35 369 69
130	74 19 263 294
131	201 302 72 398
132	297 308 381 246
133	237 62 110 265
134	98 190 33 127
135	219 350 395 136
136	35 109 97 88
137	395 136 398 179
138	88 268 296 261
139	155 350 341 170
140	202 350 261 320
141	63 321 207 113
142	70 5 375 280
143	381 324 359 82
144	386 339 333 347
145	18 305 23 397
146	45 386 81 272
147	376 39 208 23
148	253 90 84 38
149	355 332 385 293
150	113 244 134 129
151	226 137 97 78
152	81 215 113 39
153	3 16 169 363
154	173 45 300 364
155	342 46 322 197
156	180 307 181 394
157	399 285 252 122
158	165 93 367 74
159	32 388 77 142
160	1 318 355 385
161	252 202 251 85
162	264 147 31 187
163	100 80 190 230
164	200 385 61 153
165	386 116 187 213
166	164 326 219 244
167	312 26 282 127
168	255 206 246 15
169	180 302 172 90
170	292 77 105 238
171	311 212 93 253
172	305 16 326 244
173	10 333 142 234
174	275 72 153 364
175	221 295 59 76
176	5 60 146 220
177	206 138 177 57
178	97 36 52 13
179	93 295 314 42
180	71 28 14 329
181	316 198 395 87
182	283 347 61 247
183	277 84 172 21
184	306 336 27 95
185	206 35 370 170
186	338 225 33 96
187	48 81 275 19
188	386 119 380 154
189	187 239 73 270
190	367 149 55 320
191	364 52 65 234
192	179 32 43 138
193	290 186 78 160
194	126 302 343 367
195	302 214 169 5
196	104 106 113 268
197	81 106 24 54
198	225 118 149 373
199	37 149 133 132
200	88 173 233 146
201	142 243 85 254
202	314 96 313 140
203	122 325 118 324
204	214 93 174 328
205	11 361 246 57
206	391 365 218 332
207	118 328 396 34
208	251 307 363 375
209	296 157 315 224
210	267 188 380 27
211	144 8 228 261
212	129 145 81 370
213	371 12 86 217
214	306 254 36 65
215	193 238 194 364
216	363 214 90 180
217	359 56 379 339
218	298 161 349 129
219	185 87 149 68
220	297 86 217 67
221	209 381 178 168
222	167 356 7 5
223	198 114 269 113
224	145 231 68 329
225	382 159 374 18
226	377 303 34 350
227	55 374 355 323
228	135 400 375 156
229	342 319 356 223
230	344 368 373 12
231	304 252 278 347
232	106 394 180 2
233	372 131 145 382
234	107 186 84 244
235	366 112 119 42
236	278 55 333 247
237	317 150 114 350
238	171 393 300 248
239	98 74 291 169
240	335 185 312 255
241	155 75 400 114
242	175 299 389 183
243	333 113 1 143
244	152 238 264 2
245	221 162 229 155
246	300 180 259 290
247	56 184 120 134
248	303 246 169 176
249	166 288 11 265
250	154 271 55 370
251	378 249 54 268
252	203 380 297 332
253	233 140 64 32
254	138 277 264 313
255	7 233 111 295
256	244 102 273 253
257	324 32 47 54
258	247 258 85 213
259	99 86 229 233
260	8 160 17 398
261	85 309 214 308
262	281 205 132 25
263	95 202 255 296
264	296 241 73 123
265	17 331 263 91
266	39 386 267 229
267	188 145 271 320
268	291 78 76 153
269	194 315 311 296
270	315 246 259 397
271	104 107 254 147
272	49 270 29 339
273	143 170 394 110
274	3 236 271 33
275	270 204 108 350
276	340 294 328 301
277	345 285 246 378
278	53 231 386 171
279	139 347 379 308
280	209 333 212 344
281	27 234 124 393
282	162 81 194 207
283	51 319 112 16
284	197 264 249 335
285	173 393 3 360
286	179 161 294 79
287	122 331 242 152
288	225 305 136 328
289	273 18 179 121
290	252 61 53 380
291	116 6 201 231
292	47 305 48 358
293	237 169 16 14
294	265 54 109 330
295	374 281 310 364
296	240 372 220 172
297	188 12 70 249
298	24 71 150 382
299	376 359 261 264
300	257 14 392 149
301	150 300 115 65
302	117 246 238 385
303	394 6 51 120
304	310 7 349 167
305	367 109 58 312
306	340 38 294 220
307	330 271 387 48
308	60 178 359 257
309	217 45 349 21
310	309 6 126 232
311	329 306 396 24
312	247 133 271 129
313	265 286 168 289
314	340 286 383 169
315	152 364 234 195
316	359 143 55 283
317	94 161 136 51
318	398 393 210 283
319	160 79 2 293
320	296 239 275 212
321	192 219 217 296
322	225 25 328 47
323	119 202 282 374
324	21 131 396 327
325	242 89 16 283
326	26 259 212 78
327	228 345 151 83
328	67 231 243 327
329	109 381 204 68
330	189 107 334 253
331	112 267 234 122
332	74 193 250 25
333	114 353 344 69
334	64 268 363 287
335	63 284 146 127
336	255 279 266 370
337	129 386 92 130
338	358 48 332 342
339	87 83 126 49
340	370 143 354 60
341	297 384 56 214
342	168 305 268 134
343	23 129 7 230
344	108 170 347 91
345	290 156 282 186
346	204 168 280 318
347	100 345 344 270
348	59 149 207 239
349	122 287 48 219
350	233 194 24 10
351	183 39 218 91
352	165 202 137 19
353	34 151 344 279
354	87 327 133 27
355	97 381 357 272
356	244 180 306 320
357	260 185 113 20
358	73 302 314 304
359	265 389 288 72
360	74 220 121 49
361	388 69 221 149
362	323 262 123 68
363	47 326 358 22
364	217 88 321 204
365	134 133 51 400
366	326 248 104 235
367	28 81 335 86
368	91 201 28 285
369	242 227 83 160
370	379 109 314 1
371	231 218 32 93
372	260 145 207 80
373	320 400 337 292
374	392 301 116 96
375	306 280 272 21
376	44 189 297 336
377	133 196 263 15
378	398 126 52 72
379	278 220 240 34
380	217 56 331 158
381	325 151 357 389
382	74 299 302 96
383	162 15 305 390
384	164 370 81 128
385	121 239 259 40
386	215 301 240 361
387	151 116 195 340
388	189 88 192 361
389	337 183 251 137
390	316 287 248 300
391	91 105 393 331
392	66 25 79 9
393	98 95 357 65
394	229 273 314 333
395	149 162 100 55
396	231 184 173 25
397	152 388 171 180
398	400 246 376 319
399	6 138 190 17
400	160 358 244 364
401	239 237 355 27
402	86 141 195 225
403	245 67 376 46
404	316 352 38 245
405	137 114 87 215
406	99 304 49 97
407	41 18 214 229
408	348 189 180 369
409	385 377 332 308
410	269 44 35 289
411	266 139 16 264
412	372 336 136 126
413	44 395 53 365
414	265 382 229 215
415	355 212 280 124
416	223 119 167 84
417	109 378 227 268
418	129 384 89 395
419	251 126 324 206
420	94 165 298 200
421	118 198 204 271
422	202 203 367 242
423	385 34 128 73
424	74 24 210 241
425	379 366 251 327
426	174 5 90 181
427	390 175 273 164
428	186 238 88 245
429	366 50 235 207
430	333 99 103 332
431	124 130 174 165
432	232 182 141 138
433	292 307 82 174
434	163 67 319 151
435	286 105 104 241
436	61 352 210 103
437	212 11 162 31
438	358 396 367 273
439	12 186 202 191
440	161 243 188 238
441	281 42 244 100
442	391 208 193 327
443	130 392 158 151
444	180 262 75 99
445	303 227 166 155
446	318 1 94 193
447	53 41 181 103
448	298 242 187 57
449	394 267 59 364
450	392 153 254 5
451	271 333 393 36
452	391 129 65 305
453	235 121 342 344
454	368 341 314 349
455	26 226 353 34
456	245 71 370 234
457	333 229 254 284
458	250 265 150 308
459	351 388 198 385
460	66 330 364 52
461	43 201 137 104
462	260 19 352 58
463	306 278 45 36
464	195 307 384 6
465	286 253 310 109
466	127 218 284 341
467	61 58 324 306
468	192 315 277 362
469	379 312 154 293
470	227 378 165 242
471	125 130 363 245
472	139 353 287 239
473	377 27 232 307
474	284 298 93 41
475	230 209 140 183
476	218 310 212 196
477	351 165 276 195
478	129 284 365 360
479	361 395 310 157
480	254 8 285 320
481	319 127 201 150
482	81 189 163 352
483	211 225 265 277
484	386 142 89 221
485	151 271 334 236
486	162 69 366 59
487	146 290 286 285
488	17 60 84 137
489	221 263 236 67
490	223 74 387 202
491	397 250 273 171
492	266 93 197 157
493	86 28 307 270
494	256 97 204 366
495	247 285 109 221
496	303 221 46 371
497	137 261 95 280
498	62 108 363 333
499	245 269 64 400
500	285 24 57 115
501	37 52 374 142
502	315 189 230 228
503	369 160 193 219
504	110 322 234 145
505	145 139 160 126
506	334 400 17 280
507	290 382 63 202
508	88 41 38 265
509	382 334 387 82
510	131 85 314 342
511	65 29 160 50
512	9 28 349 85
513	201 175 103 18
514	291 356 326 245
515	400 348 397 50
516	202 84 66 343
517	123 313 65 372
518	301 78 387 67
519	395 230 34 248
520	192 397 371 323
521	193 232 297 135
522	387 173 72 320
523	383 184 245 391
524	311 259 230 228
525	22 10 286 291
526	51 378 85 135
527	360 127 236 157
528	89 221 346 366
529	304 182 144 188
530	286 226 30 227
531	56 346 89 144
532	393 137 400 301
533	92 280 184 175
534	181 231 361 139
535	345 45 141 25
536	36 362 22 155
537	141 144 70 192
538	120 376 243 182
539	115 56 58 133
540	145 152 34 48
541	320 46 383 393
542	156 51 215 271
543	248 310 299 337
544	391 98 234 8
545	168 301 118 172
546	360 182 66 91
547	67 368 311 49
548	288 316 117 112
549	186 154 381 133
550	146 320 81 180
551	59 221 286 161
552	187 167 132 9
553	297 396 46 240
554	136 65 115 163
555	285 288 194 196
556	147 350 194 95
557	340 377 52 125
558	287 244 186 250
559	214 342 26 97
560	76 231 394 284
561	22 195 288 36
562	116 128 355 195
563	262 368 38 187
564	212 144 136 40
565	212 113 334 224
566	132 274 212 39
567	157 96 337 139
568	325 108 55 222
569	2 199 234 226
570	122 313 328 233
571	200 399 398 282
572	108 122 338 213
573	10 29 349 51
574	398 249 182 46
575	372 313 47 276
576	144 54 398 271
577	143 58 258 133
578	251 389 347 85
579	334 260 305 299
580	124 100 144 381
581	120 300 385 250
582	321 280 17 13
583	264 232 222 362
584	278 35 365 145
585	354 98 93 77
586	120 369 275 280
587	206 125 310 298
588	120 15 298 386
589	90 66 127 170
590	31 158 379 385
591	60 364 86 259
592	263 174 92 15
593	209 148 166 247
594	13 368 72 262
595	70 229 141 33
596	388 347 20 214
597	198 293 338 167
598	133 299 184 305
599	171 208 52 50
600	148 190 378 106
601	82 286 81 280
602	154 83 330 42
603	236 390 348 171
604	276 17 108 156
605	221 239 192 325
606	310 23 192 359
607	177 231 44 121
608	77 14 278 382
609	81 51 173 285
610	119 169 287 156
611	292 160 287 383
612	372 273 72 378
613	135 60 192 335
614	166 81 262 55
615	300 132 113 340
616	184 218 8 275
617	152 285 307 165
618	135 327 257 249
619	320 140 229 114
620	249 89 340 278
621	264 346 153 101
622	218 382 101 252
623	379 58 146 83
624	233 40 375 89
625	230 127 394 377
626	33 12 190 264
627	359 240 247 398
628	327 184 311 42
629	255 176 199 60
630	202 310 104 391
631	73 270 111 87
632	53 178 24 17
633	330 342 345 52
634	370 139 325 380
635	349 262 100 174
636	157 243 52 228
637	388 137 341 280
638	284 57 375 17
639	42 258 37 206
640	42 153 337 102
641	28 358 56 110
642	213 340 380 50
643	395 112 126 36
644	77 48 385 331
645	292 68 24 314
646	313 164 359 380
647	264 386 121 73
648	235 195 115 49
649	259 318 207 221
650	353 65 378 238
651	69 93 46 207
652	141 224 86 71
653	104 375 88 294
654	177 258 268 159
655	233 72 221 201
656	338 322 362 126
657	245 6 359 385
658	50 244 281 41
659	5 310 335 313
660	209 149 18 370
661	265 392 398 372
662	196 61 371 25
663	296 363 33 206
664	120 135 180 221
665	155 47 254 372
666	355 379 34 294
667	118 74 28 373
668	354 328 393 400
669	301 358 121 242
670	7 184 123 188
671	236 194 53 61
672	74 4 168 378
673	142 303 90 250
674	177 14 370 247
675	311 21 40 272
676	363 370 388 390
677	56 360 259 134
678	336 362 138 24
679	183 222 358 329
680	386 388 138 89
681	155 298 380 29
682	12 179 151 230
683	137 161 194 271
684	338 275 336 287
685	298 175 313 283
686	341 190 359 13
687	261 284 99 20
688	160 33 223 111
689	91 97 89 235
690	178 223 355 388
691	254 151 39 352
692	139 301 124 218
693	385 4 399 278
694	334 316 256 50
695	321 89 320 70
696	371 72 379 112
697	337 295 314 65
698	333 212 167 24
699	272 100 32 281
700	152 346 3 77
701	267 165 344 210
702	227 361 73 135
703	88 178 376 70
704	86 383 357 169
705	251 248 126 83
706	50 77 386 88
707	260 344 27 63
708	143 175 312 293
709	278 308 370 259
710	357 232 393 154
711	157 266 382 29
712	101 99 372 298
713	85 53 325 106
714	160 86 190 343
715	303 154 176 32
716	323 399 119 343
717	130 170 187 383
718	305 190 149 153
719	260 132 158 102
720	349 269 322 51
721	56 188 302 49
722	353 281 308 165
723	21 45 124 81
724	117 213 51 102
725	13 250 204 110
726	18 186 282 324
727	43 200 171 90
728	172 27 102 181
729	316 184 205 173
730	307 384 223 395
731	59 92 266 290
732	318 387 46 260
733	342 376 94 211
734	281 41 226 247
735	400 278 334 308
736	287 127 348 310
737	39 255 392 159
738	248 72 38 97
739	67 248 369 393
740	87 183 264 49
741	348 299 113 75
742	301 41 252 176
743	302 67 160 73
744	188 96 354 6
745	126 364 287 70
746	25 260 268 147
747	80 22 344 193
748	218 246 138 110
749	47 55 194 133
750	65 82 396 337
751	74 260 188 287
752	119 307 308 93
753	91 130 164 77
754	396 362 372 108
755	130 52 391 175
756	250 107 245 96
757	86 67 82 323
758	193 87 269 27
759	186 46 116 334
760	178 367 42 392
761	117 178 76 333
762	310 122 273 185
763	280 180 351 133
764	32 114 383 1
765	67 397 303 32
766	304 301 317 282
767	181 394 205 285
768	389 37 91 101
769	96 338 121 14
770	390 206 223 68
771	85 213 30 3
772	340 380 69 233
773	344 140 174 82
774	69 44 354 335
775	318 149 186 211
776	319 56 75 194
777	237 92 248 112
778	19 180 41 52
779	78 388 328 302
780	343 148 44 207
781	302 368 257 184
782	380 342 354 52
783	156 312 249 397
784	41 302 187 71
785	260 256 200 188
786	233 41 317 242
787	287 122 144 378
788	123 181 200 83
789	107 12 244 36
790	6 228 111 160
791	251 316 325 276
792	261 262 399 226
793	157 119 195 82
794	202 334 174 44
795	377 71 76 266
796	48 371 116 226
797	137 96 86 296
798	367 111 355 44
799	388 107 250 261
800	187 23 381 356
801	338 220 156 384
802	329 226 199 131
803	15 71 313 351
804	392 366 9 207
805	286 114 161 400
806	193 16 347 140
807	137 208 230 286
808	150 393 333 298
809	148 172 66 254
810	136 162 332 302
811	66 381 109 240
812	212 224 296 333
813	145 352 278 242
814	295 95 123 301
815	335 384 182 61
816	383 329 135 2
817	164 133 68 15
818	365 81 128 213
819	12 23 250 243
820	69 77 381 310
821	265 353 126 315
822	236 8 6 353
823	94 306 172 26
824	144 295 206 339
825	64 122 111 287
826	265 211 376 2
827	203 13 312 59
828	10 223 39 38
829	287 134 152 101
830	303 174 393 229
831	341 400 143 23
832	198 137 280 133
833	279 176 124 289
834	297 229 282 186
835	327 87 104 72
836	195 238 33 345
837	159 341 290 130
838	175 294 386 287
839	72 303 325 264
840	42 77 297 34
841	16 360 131 298
842	28 189 22 249
843	312 329 301 254
844	378 104 126 240
845	220 352 323 289
846	104 140 309 14
847	350 309 141 17
848	90 229 2 225
849	260 13 117 62
850	233 231 54 111
851	253 285 68 75
852	37 362 325 118
853	368 129 78 191
854	387 18 269 106
855	215 6 199 194
856	204 36 270 150
857	352 51 215 174
858	198 47 192 272
859	367 180 274 24
860	159 280 325 279
861	98 9 75 200
862	144 303 197 139
863	327 316 372 51
864	376 227 331 92
865	346 101 244 204
866	20 329 255 55
867	371 24 87 134
868	76 249 173 194
869	26 242 1 122
870	400 241 344 18
871	133 325 173 191
872	170 290 317 367
873	138 295 386 185
874	116 377 63 113
875	91 22 371 114
876	350 190 296 276
877	82 30 141 61
878	217 43 206 366
879	312 6 76 303
880	73 126 364 372
881	297 395 61 127
882	86 215 234 291
883	68 60 96 311
884	191 260 104 358
885	210 381 220 202
886	106 136 144 263
887	371 324 252 189
888	99 390 8 131
889	184 350 92 227
890	96 217 220 340
891	142 130 183 48
892	354 134 84 312
893	312 114 165 44
894	282 65 247 114
895	28 62 277 24
896	4 167 264 391
897	168 348 14 231
898	321 182 54 92
899	204 153 203 251
900	72 153 243 134
901	1 167 133 48
902	303 227 85 138
903	254 163 154 35
904	95 342 68 263
905	162 133 361 310
906	237 292 343 201
907	175 45 281 101
908	121 180 47 75
909	81 29 213 294
910	268 191 147 281
911	75 396 281 267
912	229 141 293 206
913	198 65 141 300
914	353 222 53 262
915	220 1 9 216
916	172 311 284 21
917	358 256 51 374
918	236 184 187 350
919	376 61 96 332
920	209 164 147 18
921	280 30 274 218
922	240 332 121 175
923	325 19 25 50
924	325 33 251 144
925	198 221 345 183
926	326 34 357 261
927	295 380 47 107
928	306 127 207 200
929	294 86 181 179
930	139 19 349 140
931	169 16 208 335
932	65 203 77 235
933	27 110 390 205
934	80 184 114 223
935	26 384 251 377
936	96 324 278 107
937	155 248 139 311
938	337 238 182 275
939	288 326 268 382
940	34 37 380 312
941	381 149 282 314
942	101 166 317 244
943	202 82 73 42
944	219 191 297 261
945	1 19 389 77
946	112 380 373 60
947	343 394 157 37
948	26 116 256 299
949	294 76 381 63
950	154 340 309 368
951	81 324 11 61
952	62 203 57 252
953	232 248 2 391
954	47 120 126 213
955	272 260 75 74
956	203 2 196 192
957	41 253 236 283
958	349 296 169 233
959	330 350 87 361
960	356 67 371 12
961	1 340 104 346
962	322 28 386 145
963	223 298 56 130
964	273 145 92 16
965	209 355 179 380
966	124 366 159 195
967	31 143 290 96
968	237 272 261 338
969	193 59 334 363
970	343 228 92 114
971	101 199 238 227
972	365 86 320 29
973	250 134 342 176
974	362 77 195 251
975	21 385 147 34
976	339 129 284 8
977	172 75 109 294
978	257 255 284 287
979	124 252 39 161
980	205 357 382 126
981	3 250 294 297
982	93 97 45 230
983	311 190 148 238
984	7 339 88 367
985	30 38 81 22
986	398 107 365 251
987	275 191 251 124
988	155 101 188 34
989	322 22 9 239
990	110 55 268 60
991	13 229 170 265
992	223 277 239 84
993	356 74 389 333
994	29 105 366 11
995	370 175 42 322
996	394 16 117 283
997	210 87 121 299
998	261 190 26 225
999	331 369 89 21
1000	306 106 228 253
1001	212 383 367 199
1002	90 315 360 377
1003	115 22 40 20
1004	187 236 136 103
1005	173 38 63 318
1006	17 131 46 138
1007	39 348 11 299
1008	63 204 242 84
1009	200 255 353 174
1010	212 250 267 317
1011	13 187 379 48
1012	134 167 92 374
1013	15 312 221 109
1014	243 387 98 240
1015	19 276 370 300
1016	363 140 231 197
1017	147 41 196 392
1018	397 50 230 170
1019	344 28 383 139
1020	386 334 209 43
1021	38 108 143 303
1022	373 310 137 84
1023	111 165 209 308
1024	241 171 84 90
1025	130 10 281 114
1026	33 99 231 167
1027	182 134 69 287
1028	171 391 181 220
1029	35 333 305 187
1030	25 385 34 112
1031	331 351 128 53
1032	27 7 114 112
1033	204 291 281 328
1034	2 43 176 225
1035	387 67 70 72
1036	374 279 377 43
1037	60 240 379 100
1038	131 338 86 275
1039	337 384 185 107
1040	39 348 185 23
1041	389 193 183 162
1042	303 289 331 68
1043	187 32 373 90
1044	315 358 125 113
1045	47 191 308 211
1046	152 37 337 336
1047	316 271 110 192
1048	312 194 44 181
1049	365 195 83 17
1050	252 206 146 235
1051	35 33 376 112
1052	344 255 70 173
1053	122 240 67 223
1054	348 149 110 363
1055	132 308 126 206
1056	392 91 397 14
1057	144 167 43 179
1058	145 353 190 262
1059	130 199 395 363
1060	6 15 334 398
1061	317 8 32 161
1062	230 367 223 317
1063	273 313 24 229
1064	84 122 54 169
1065	294 145 360 229
1066	52 137 212 393
1067	389 101 300 94
1068	298 26 126 156
1069	61 103 113 92
1070	351 304 219 138
1071	239 244 300 245
1072	398 338 78 174
1073	248 117 241 30
1074	331 340 313 298
1075	76 61 19 296
1076	163 208 70 35
1077	153 120 12 231
1078	397 303 339 150
1079	261 61 84 104
1080	40 151 327 289
1081	371 94 101 8
1082	136 58 176 219
1083	39 205 129 368
1084	226 264 218 148
1085	183 232 8 45
1086	161 359 49 384
1087	121 208 36 336
1088	43 84 205 107
1089	399 259 84 133
1090	111 245 146 324
1091	177 237 314 118
1092	364 374 382 102
1093	27 153 71 159
1094	6 134 124 225
1095	94 136 20 5
1096	331 78 206 144
1097	36 206 217 192
1098	271 67 356 91
1099	302 151 303 124
1100	123 164 148 44
1101	5 92 298 47
1102	217 296 77 178
1103	202 255 158 210
1104	28 159 66 187
1105	319 255 383 355
1106	82 262 113 307
1107	232 79 288 227
1108	164 123 14 166
1109	299 290 82 127
1110	247 156 338 353
1111	380 322 255 229
1112	105 56 117 217
1113	342 251 327 242
1114	114 111 131 291
1115	88 266 213 378
1116	159 78 207 94
1117	237 129 203 43
1118	48 217 196 272
1119	158 57 208 117
1120	160 388 39 102
1121	351 51 289 278
1122	300 212 213 133
1123	205 181 143 25
1124	113 132 218 338
1125	44 241 42 152
1126	89 228 77 195
1127	58 198 384 337
1128	349 398 15 259
1129	200 290 54 353
1130	170 64 192 159
1131	64 160 309 252
1132	143 253 32 16
1133	51 183 133 399
1134	267 147 388 167
1135	100 182 179 243
1136	245 51 86 289
1137	166 25 242 369
1138	85 262 316 211
1139	31 182 227 54
1140	76 326 59 246
1141	377 309 230 386
1142	304 215 300 186
1143	33 266 152 12
1144	40 290 311 178
1145	336 275 11 84
1146	49 296 89 149
1147	115 377 300 163
1148	301 62 371 212
1149	62 11 306 48
1150	240 329 294 90
1151	265 275 338 213
1152	287 45 328 274
1153	356 27 203 56
1154	325 155 162 175
1155	337 270 89 221
1156	53 164 231 96
1157	278 157 277 307
1158	2 137 250 164
1159	120 384 134 23
1160	380 205 111 230
1161	138 139 96 273
1162	22 349 275 374
1163	111 151 262 297
1164	137 149 139 283
1165	196 300 257 338
1166	278 25 89 271
1167	3 137 361 298
1168	376 345 137 316
1169	140 119 2 292
1170	287 128 253 81
1171	47 388 29 143
1172	296 230 161 235
1173	118 78 331 18
1174	63 23 373 97
1175	78 293 111 75
1176	348 13 107 204
1177	387 279 258 276
1178	113 254 62 361
1179	61 237 3 207
1180	257 377 39 74
1181	190 63 178 312
1182	14 249 322 66
1183	107 157 329 287
1184	369 118 339 362
1185	223 175 231 120
1186	338 60 118 102
1187	340 357 367 330
1188	314 20 17 84
1189	360 325 43 266
1190	253 148 109 348
1191	249 352 372 338
1192	391 220 130 199
1193	392 298 399 274
1194	295 33 309 188
1195	387 338 67 386
1196	371 316 219 282
1197	83 54 78 278
1198	392 232 312 193
1199	342 397 299 374
1200	232 194 178 191
1201	259 109 396 263
1202	388 310 400 67
1203	395 342 116 74
1204	2 35 370 304
1205	353 139 19 122
1206	13 400 207 90
1207	153 190 76 310
1208	336 120 131 397
1209	383 247 301 209
1210	197 62 126 180
1211	363 154 301 236
1212	350 332 103 146
1213	172 228 303 197
1214	70 40 343 1
1215	195 345 277 159
1216	115 189 316 323
1217	391 277 351 152
1218	147 190 76 48
1219	393 68 313 253
1220	160 299 54 274
1221	42 269 296 209
1222	239 131 110 125
1223	380 300 263 26
1224	376 276 51 140
1225	341 66 330 160
1226	387 88 198 162
1227	333 252 24 281
1228	63 210 27 11
1229	247 171 312 358
1230	372 300 230 374
1231	96 185 10 234
1232	120 116 321 280
1233	166 184 70 226
1234	276 242 128 302
1235	147 386 316 127
1236	121 276 33 380
1237	106 194 30 397
1238	267 234 372 368
1239	312 280 180 200
1240	280 282 224 382
1241	193 335 35 154
1242	276 97 330 54
1243	10 180 245 168
1244	29 298 396 14
1245	20 269 307 398
1246	335 32 76 144
1247	332 247 237 246
1248	236 161 190 211
1249	160 8 210 35
1250	52 160 271 153
1251	352 167 357 101
1252	174 18 333 329
1253	94 38 181 186
1254	185 121 12 170
1255	163 328 7 142
1256	71 335 168 340
1257	100 363 273 315
1258	187 166 201 35
1259	23 173 347 141
1260	152 375 400 160
1261	343 227 78 85
1262	108 120 148 87
1263	329 339 92 201
1264	398 365 186 393
1265	119 337 80 44
1266	93 287 363 202
1267	391 60 66 50
1268	145 267 211 67
1269	287 340 206 333
1270	78 46 242 352
1271	113 220 299 337
1272	169 276 250 51
1273	380 224 325 336
1274	4 217 6 379
1275	154 69 211 155
1276	203 28 96 119
1277	84 349 199 50
1278	88 56 205 30
1279	377 217 249 250
1280	12 376 28 400
1281	14 112 342 375
1282	15 295 240 232
1283	339 312 137 89
1284	271 17 12 67
1285	318 56 186 178
1286	320 290 146 337
1287	390 13 100 240
1288	88 1 211 358
1289	226 115 182 298
1290	207 62 353 215
1291	38 392 222 117
1292	192 182 189 127
1293	129 223 315 329
1294	171 30 320 174
1295	307 366 184 203
1296	312 275 151 317
1297	76 32 248 368
1298	277 5 65 45
1299	62 333 129 272
1300	90 359 173 388
1301	235 273 315 314
1302	242 129 231 336
1303	306 229 302 33
1304	105 150 336 248
1305	145 38 254 185
1306	399 148 11 55
1307	138 118 21 314
1308	155 92 299 134
1309	116 328 282 221
1310	285 295 354 280
1311	140 318 238 199
1312	388 180 220 181
1313	196 331 17 46
1314	149 372 388 295
1315	319 167 22 58
1316	209 168 180 336
1317	266 182 44 259
1318	317 107 273 366
1319	153 245 232 65
1320	372 74 209 152
1321	74 234 320 281
1322	372 224 162 63
1323	157 129 348 174
1324	31 256 116 180
1325	63 205 309 302
1326	149 324 77 80
1327	372 174 156 214
1328	25 244 23 234
1329	247 223 348 220
1330	253 358 392 391
1331	354 99 44 62
1332	208 205 262 192
1333	283 181 175 267
1334	160 166 206 170
1335	335 295 119 151
1336	25 102 235 113
1337	201 210 382 162
1338	11 195 128 308
1339	108 389 354 129
1340	35 374 258 142
1341	132 382 21 340
1342	25 118 339 199
1343	70 215 116 262
1344	85 140 224 175
1345	187 168 23 222
1346	143 17 4 347
1347	228 216 154 210
1348	399 258 21 187
1349	58 389 202 181
1350	143 193 312 91
1351	11 304 283 383
1352	250 222 225 172
1353	175 20 100 235
1354	126 166 53 143
1355	232 108 285 86
1356	29 153 397 45
1357	226 233 41 345
1358	21 394 294 166
1359	238 24 31 12
1360	148 30 24 362
1361	141 135 59 98
1362	1 274 73 82
1363	229 190 151 299
1364	393 1 45 24
1365	345 385 54 72
1366	270 148 269 333
1367	368 206 251 281
1368	166 118 208 19
1369	173 147 253 43
1370	325 291 169 391
1371	53 115 203 188
1372	229 357 375 356
1373	256 158 333 141
1374	332 380 88 131
1375	393 78 116 297
1376	193 242 48 250
1377	377 382 70 322
1378	134 249 368 378
1379	245 310 392 150
1380	342 17 128 398
1381	9 83 44 328
1382	9 303 219 257
1383	58 288 56 123
1384	376 205 92 364
1385	91 126 128 323
1386	148 319 18 274
1387	296 247 21 297
1388	370 217 14 372
1389	356 110 89 20
1390	286 371 305 361
1391	94 321 128 327
1392	215 62 115 131
1393	297 299 319 233
1394	191 59 82 187
1395	37 75 302 76
1396	268 158 189 186
1397	293 59 208 279
1398	358 45 126 24
1399	173 73 307 287
1400	150 286 119 129
1401	236 219 176 62
1402	332 65 214 315
1403	247 223 88 140
1404	170 9 57 393
1405	26 204 106 80
1406	274 127 70 67
1407	383 115 240 391
1408	340 13 320 319
1409	23 12 370 82
1410	178 374 348 3
1411	136 275 248 50
1412	4 298 355 119
1413	4 392 109 398
1414	13 12 45 149
1415	331 138 214 296
1416	55 62 240 17
1417	114 291 363 73
1418	207 188 75 386
1419	212 258 317 188
1420	150 216 269 380
1421	168 334 146 27
1422	350 201 389 233
1423	120 372 328 54
1424	306 372 287 336
1425	181 400 14 372
1426	127 149 159 203
1427	18 228 23 145
1428	289 240 131 84
1429	298 254 250 310
1430	158 387 236 394
1431	289 196 222 204
1432	362 272 229 200
1433	389 311 15 336
1434	165 294 386 51
1435	119 364 282 165
1436	232 95 323 127
1437	79 81 372 182
1438	336 130 312 369
1439	99 155 387 220
1440	340 171 369 168
1441	91 371 147 15
1442	294 285 371 75
1443	149 155 261 258
1444	135 227 171 174
1445	265 201 125 129
1446	173 293 391 243
1447	393 381 36 336
1448	89 79 11 229
1449	122 303 352 45
1450	381 116 303 101
1451	316 98 315 372
1452	289 215 231 335
1453	355 358 238 60
1454	350 270 386 72
1455	397 4 153 123
1456	149 350 221 198
1457	101 52 29 354
1458	282 298 238 5
1459	167 88 195 234
1460	301 306 177 321
1461	179 98 341 96
1462	363 375 88 250
1463	292 181 306 36
1464	195 58 286 94
1465	150 294 145 273
1466	62 118 138 122
1467	8 318 320 255
1468	257 272 84 298
1469	387 183 62 63
1470	192 23 159 12
1471	135 114 239 128
1472	364 392 67 312
1473	7 383 379 279
1474	147 177 50 295
1475	378 78 327 91
1476	59 198 95 27
1477	49 337 48 316
1478	391 275 152 279
1479	144 274 20 118
1480	68 86 48 178
1481	160 361 266 331
1482	11 200 241 163
1483	192 248 287 283
1484	358 200 302 86
1485	362 354 306 61
1486	19 169 196 236
1487	137 226 178 235
1488	83 268 76 304
1489	378 15 184 238
1490	399 332 264 85
1491	131 108 391 345
1492	59 61 206 195
1493	265 360 62 199
1494	203 217 111 254
1495	332 59 391 217
1496	125 138 206 115
1497	259 381 341 231
1498	76 98 383 108
1499	295 232 109 327
1500	215 197 380 19
1501	162 17 149 83
1502	327 91 179 153
1503	97 10 161 277
1504	111 76 230 385
1505	379 308 398 351
1506	113 52 337 369
1507	313 100 217 36
1508	100 154 127 263
1509	349 86 98 390
1510	263 278 155 197
1511	73 95 47 237
1512	97 372 107 144
1513	251 271 301 54
1514	307 292 43 342
1515	111 199 293 127
1516	69 29 131 258
1517	358 140 169 305
1518	30 308 321 235
1519	235 346 76 220
1520	306 184 291 189
1521	96 29 142 223
1522	329 57 61 316
1523	333 29 293 52
1524	195 210 304 233
1525	199 227 89 18
1526	282 171 395 376
1527	130 235 321 307
1528	228 124 151 171
1529	211 343 33 206
1530	210 204 386 122
1531	232 218 378 277
1532	97 56 232 80
1533	116 287 317 339
1534	240 297 72 207
1535	259 316 249 163
1536	219 269 281 280
1537	160 145 208 54
1538	358 351 196 88
1539	4 127 35 159
1540	141 93 8 5
1541	246 315 22 25
1542	45 322 221 348
1543	24 258 241 23
1544	163 198 118 357
1545	150 337 185 104
1546	108 346 45 192
1547	363 247 94 231
1548	343 71 65 392
1549	287 393 218 151
1550	27 125 143 29
1551	283 281 41 238
1552	58 243 157 271
1553	328 263 256 189
1554	176 1 161 337
1555	396 147 120 383
1556	173 231 5 96
1557	22 258 206 346
1558	251 160 101 143
1559	206 17 343 55
1560	385 388 225 227
1561	369 246 175 329
1562	16 219 297 269
1563	340 394 75 278
1564	95 371 30 9
1565	227 286 212 387
1566	129 60 316 277
1567	390 223 29 172
1568	117 362 218 344
1569	147 363 194 66
1570	68 340 19 218
1571	288 124 187 185
1572	283 321 82 181
1573	360 351 13 247
1574	233 104 357 20
1575	233 350 296 309
1576	48 15 341 347
1577	3 356 29 146
1578	124 130 366 391
1579	374 371 121 286
1580	249 322 362 34
1581	350 386 214 110
1582	93 11 65 81
1583	47 212 282 261
1584	111 287 209 354
1585	76 46 130 398
1586	59 84 8 65
1587	33 111 303 198
1588	84 333 110 311
1589	25 278 241 346
1590	14 245 325 71
1591	337 168 231 111
1592	343 125 399 261
1593	275 67 353 400
1594	19 213 164 168
1595	152 168 268 47
1596	128 86 309 25
1597	376 345 265 8
1598	296 281 154 216
1599	322 249 148 54
1600	368 79 91 115
1601	145 224 248 50
1602	132 121 211 105
1603	342 399 132 82
1604	164 43 213 239
1605	104 372 224 214
1606	390 77 310 200
1607	25 51 331 248
1608	165 288 329 150
1609	340 69 263 194
1610	155 318 339 279
1611	80 356 39 11
1612	20 57 376 1
1613	278 167 274 95
1614	97 79 57 222
1615	316 208 388 91
1616	341 249 274 269
1617	331 279 95 350
1618	80 168 276 119
1619	321 4 198 270
1620	156 309 394 220
1621	133 225 79 323
1622	217 365 89 46
1623	339 10 142 325
1624	90 181 277 371
1625	121 261 363 95
1626	273 284 261 205
1627	181 307 99 213
1628	52 339 353 109
1629	163 315 327 19
1630	39 334 207 250
1631	104 201 210 168
1632	260 176 355 146
1633	192 165 221 334
1634	164 351 78 302
1635	89 273 312 230
1636	192 373 180 362
1637	359 172 282 29
1638	278 326 363 286
1639	50 331 71 65
1640	97 139 274 103
1641	263 309 301 243
1642	84 203 352 286
1643	10 270 273 393
1644	236 325 312 98
1645	150 106 370 388
1646	59 189 53 337
1647	176 77 215 279
1648	305 316 242 63
1649	272 226 385 94
1650	43 324 300 180
1651	139 201 243 226
1652	400 299 264 146
1653	269 128 396 151
1654	143 176 271 371
1655	148 326 174 295
1656	185 214 11 95
1657	181 312 19 149
1658	54 395 132 284
1659	266 347 62 207
1660	216 379 109 88
1661	347 190 390 202
1662	200 392 224 202
1663	171 221 238 57
1664	277 106 181 113
1665	398 305 254 237
1666	208 85 326 16
1667	7 265 79 386
1668	99 299 264 50
1669	13 130 299 48
1670	327 171 200 354
1671	34 378 251 36
1672	297 131 317 314
1673	219 361 317 202
1674	285 270 346 42
1675	110 367 64 345
1676	308 18 182 244
1677	129 345 293 377
1678	212 396 392 320
1679	124 56 92 312
1680	167 375 73 273
1681	90 159 218 234
1682	318 101 225 321
1683	231 343 303 268
1684	294 166 160 68
1685	333 169 319 2
1686	145 156 293 30
1687	210 99 37 98
1688	341 147 324 91
1689	295 206 296 71
1690	298 104 5 241
1691	177 265 285 150
1692	255 195 45 148
1693	312 165 281 177
1694	67 347 30 314
1695	199 242 8 275
1696	27 244 104 192
1697	255 371 286 78
1698	29 323 34 263
1699	22 142 354 126
1700	274 8 254 339
1701	190 134 257 92
1702	74 5 268 171
1703	263 175 297 367
1704	307 3 351 370
1705	257 217 126 8
1706	120 102 322 63
1707	92 151 164 128
1708	64 80 95 273
1709	236 240 141 142
1710	161 384 73 238
1711	132 178 382 136
1712	342 141 265 293
1713	194 162 296 33
1714	332 105 350 178
1715	222 122 99 274
1716	302 274 9 262
1717	93 244 126 374
1718	211 167 123 259
1719	162 317 16 1
1720	90 386 70 53
1721	333 45 290 254
1722	263 373 347 151
1723	82 92 287 170
1724	157 338 304 350
1725	132 254 216 313
1726	30 26 285 359
1727	369 2 12 90
1728	100 99 380 170
1729	301 107 218 90
1730	182 226 213 179
1731	373 124 195 156
1732	18 295 207 121
1733	320 392 172 360
1734	29 309 148 318
1735	40 114 93 215
1736	80 383 49 86
1737	190 146 140 208
1738	195 306 65 294
1739	384 203 264 15
1740	118 221 249 10
1741	367 90 167 350
1742	74 312 246 106
1743	290 44 272 162
1744	169 224 285 67
1745	144 162 322 33
1746	205 290 66 280
1747	92 165 310 132
1748	104 389 10 53
1749	376 210 196 236
1750	61 239 57 91
1751	380 333 175 247
1752	29 197 221 259
1753	58 181 91 191
1754	186 233 246 207
1755	327 347 112 124
1756	127 269 141 228
1757	302 166 240 250
1758	200 52 352 228
1759	258 17 3 333
1760	125 152 163 181
1761	90 79 133 272
1762	126 168 133 74
1763	102 157 32 217
1764	380 11 50 197
1765	243 253 340 334
1766	261 107 95 152
1767	208 139 91 123
1768	287 96 33 337
1769	129 362 131 282
1770	171 310 72 146
1771	302 50 48 18
1772	216 348 379 173
1773	138 148 258 319
1774	242 108 99 350
1775	62 398 329 134
1776	67 220 292 332
1777	252 367 15 149
1778	151 134 84 378
1779	84 17 346 207
1780	67 89 317 314
1781	324 41 143 276
1782	297 391 103 197
1783	116 107 5 367
1784	280 114 97 190
1785	215 197 83 372
1786	355 103 23 99
1787	345 62 50 31
1788	261 127 266 236
1789	394 19 164 115
1790	399 357 64 352
1791	398 32 261 72
1792	335 210 121 310
1793	140 182 202 16
1794	142 265 37 172
1795	49 55 266 394
1796	117 148 58 44
1797	173 270 123 226
1798	351 268 236 127
1799	103 116 184 9
1800	360 12 220 229
1801	228 85 279 253
1802	189 296 333 228
1803	24 371 60 337
1804	344 250 126 289
1805	215 323 47 171
1806	325 204 264 26
1807	201 82 317 208
1808	308 154 153 12
1809	81 232 220 52
1810	181 12 36 357
1811	16 312 364 321
1812	115 73 220 236
1813	3 326 349 15
1814	148 366 267 57
1815	194 322 207 212
1816	262 48 353 60
1817	239 375 355 205
1818	139 130 158 287
1819	13 113 399 97
1820	237 30 282 264
1821	68 145 174 107
1822	323 150 137 8
1823	49 69 165 33
1824	116 156 147 338
1825	132 92 145 306
1826	387 290 62 218
1827	33 328 38 178
1828	211 55 67 174
1829	225 111 115 301
1830	192 171 23 305
1831	292 249 263 386
1832	60 254 36 29
1833	243 118 162 75
1834	358 137 31 335
1835	168 399 282 305
1836	177 49 121 28
1837	120 387 312 33
1838	238 249 231 22
1839	62 19 358 34
1840	43 318 213 197
1841	290 6 353 22
1842	38 58 139 390
1843	306 210 74 302
1844	353 242 304 102
1845	288 375 121 227
1846	320 346 319 284
1847	132 384 135 14
1848	27 208 347 82
1849	20 324 366 62
1850	252 177 22 350
1851	103 24 32 336
1852	157 58 71 160
1853	333 354 363 62
1854	54 271 390 17
1855	299 303 184 168
1856	35 363 7 10
1857	388 174 275 386
1858	211 148 321 226
1859	200 114 365 22
1860	88 299 252 13
1861	347 350 376 335
1862	333 394 290 126
1863	268 296 167 185
1864	108 348 312 299
1865	118 351 3 151
1866	378 398 341 262
1867	92 202 188 100
1868	174 72 29 247
1869	30 286 316 186
1870	362 31 209 62
1871	379 398 29 110
1872	160 35 100 213
1873	234 248 305 381
1874	367 135 240 288
1875	339 223 278 56
1876	198 208 376 233
1877	263 47 235 360
1878	74 246 193 316
1879	288 298 332 371
1880	348 33 13 22
1881	189 224 350 277
1882	165 386 170 301
1883	327 386 29 145
1884	180 149 370 74
1885	62 132 235 272
1886	208 138 16 98
1887	37 70 324 59
1888	343 242 20 200
1889	22 175 352 85
1890	145 319 16 123
1891	241 154 380 188
1892	283 393 162 331
1893	397 199 149 76
1894	213 263 223 226
1895	372 61 127 384
1896	388 177 30 105
1897	355 119 59 214
1898	203 227 259 357
1899	296 137 246 226
1900	126 283 363 278
1901	233 169 382 74
1902	294 140 305 94
1903	340 321 38 54
1904	243 315 326 269
1905	319 272 183 196
1906	163 5 127 218
1907	155 313 138 274
1908	4 146 171 278
1909	191 112 181 70
1910	15 162 262 8
1911	377 68 323 247
1912	132 278 14 103
1913	10 397 171 79
1914	31 140 6 25
1915	323 380 384 155
1916	221 383 5 70
1917	51 309 359 64
1918	65 101 122 281
1919	266 169 108 160
1920	303 79 97 21
1921	84 224 131 64
1922	314 192 323 148
1923	134 26 140 29
1924	322 112 61 371
1925	285 89 267 76
1926	173 23 35 97
1927	188 55 366 163
1928	196 210 169 170
1929	281 354 294 184
1930	195 182 302 236
1931	108 134 198 205
1932	40 361 193 392
1933	223 41 5 123
1934	189 200 339 334
1935	251 63 394 333
1936	210 392 129 379
1937	279 237 227 212
1938	160 282 389 94
1939	105 307 192 52
1940	148 12 111 268
1941	249 209 79 121
1942	120 223 196 158
1943	305 199 396 174
1944	290 367 311 323
1945	286 223 389 16
1946	91 205 145 30
1947	246 123 395 188
1948	218 300 98 205
1949	236 56 311 335
1950	119 318 191 373
1951	234 331 348 134
1952	313 147 242 98
1953	365 296 232 152
1954	212 93 72 33
1955	319 314 164 291
1956	62 51 131 8
1957	9 182 168 241
1958	268 318 140 139
1959	12 170 309 85
1960	313 214 208 286
1961	77 250 96 296
1962	316 151 233 239
1963	94 282 239 249
1964	332 241 78 38
1965	377 29 280 150
1966	125 314 60 195
1967	119 185 132 348
1968	164 279 376 116
1969	312 170 309 123
1970	363 344 60 191
1971	345 236 237 305
1972	98 389 260 178
1973	255 87 261 185
1974	135 185 221 2
1975	132 80 52 189
1976	324 64 158 141
1977	30 290 354 206
1978	240 174 29 223
1979	231 308 99 388
1980	202 71 277 220
1981	187 374 28 386
1982	59 286 205 3
1983	28 156 210 264
1984	390 7 373 318
1985	380 162 36 167
1986	166 266 220 327
1987	53 192 324 244
1988	397 236 30 93
1989	27 18 370 75
1990	98 380 64 2
1991	212 276 291 22
1992	241 211 358 265
1993	146 22 196 174
1994	377 213 40 375
1995	275 317 94 44
1996	151 44 150 291
1997	157 237 32 197
1998	17 266 61 152
1999	61 313 376 345
2000	396 321 18 376
2001	334 360 135 33
2002	19 354 26 131
2003	59 216 94 101
2004	202 33 135 334
2005	296 361 333 218
2006	271 173 165 233
2007	113 285 177 188
2008	16 221 109 281
2009	39 243 276 142
2010	161 236 299 40
2011	335 284 216 287
2012	277 196 16 263
2013	76 295 327 182
2014	136 333 326 210
2015	61 388 64 234
2016	373 147 123 21
2017	193 178 275 103
2018	291 341 289 204
2019	395 339 360 167
2020	340 383 120 164
2021	1 32 302 122
2022	236 313 101 272
2023	394 332 80 150
2024	356 28 391 176
2025	177 119 360 383
2026	124 85 323 141
2027	210 370 110 38
2028	16 23 356 330
2029	178 12 217 233
2030	78 328 248 159
2031	250 157 345 57
2032	234 240 199 311
2033	323 27 114 46
2034	113 285 79 324
2035	278 85 315 273
2036	346 169 18 251
2037	228 124 84 400
2038	382 316 85 366
2039	103 362 247 4
2040	273 386 122 359
2041	85 366 99 332
2042	51 297 95 103
2043	398 259 348 375
2044	110 57 295 244
2045	172 354 76 88
2046	17 189 16 235
2047	275 314 230 49
2048	3 290 365 339
2049	87 349 114 300
2050	389 29 155 213
2051	370 65 60 340
2052	87 390 96 304
2053	91 76 191 385
2054	138 254 213 327
2055	270 360 358 352
2056	333 220 126 209
2057	250 132 297 325
2058	42 215 332 63
2059	18 211 218 127
2060	280 342 194 1
2061	368 195 38 4
2062	122 396 70 75
2063	344 238 280 272
2064	321 122 164 40
2065	195 347 63 59
2066	105 370 90 7
2067	348 72 37 232
2068	283 81 282 400
2069	305 325 177 244
2070	309 245 217 126
2071	293 371 380 275
2072	397 80 392 338
2073	123 385 281 238
2074	71 205 65 397
2075	23 206 399 376
2076	200 212 339 218
2077	109 23 390 308
2078	141 103 96 357
2079	71 270 312 46
2080	235 197 274 290
2081	366 22 93 161
2082	340 321 292 23
2083	171 81 160 98
2084	326 344 113 15
2085	70 263 290 383
2086	308 44 111 184
2087	35 221 330 210
2088	276 91 241 142
2089	224 191 169 216
2090	47 368 313 130
2091	117 385 148 254
2092	165 170 122 213
2093	298 153 73 265
2094	287 186 127 144
2095	215 78 4 267
2096	304 216 321 316
2097	272 302 201 71
2098	373 75 134 224
2099	242 140 248 28
2100	210 75 364 354
2101	49 301 8 163
2102	294 330 147 165
2103	12 139 125 121
2104	73 5 183 255
2105	344 301 39 317
2106	373 155 259 256
2107	170 2 178 44
2108	269 259 140 186
2109	24 229 66 236
2110	224 375 144 323
2111	121 330 2 234
2112	188 223 392 400
2113	198 79 264 171
2114	295 72 178 190
2115	78 367 155 195
2116	146 187 395 382
2117	242 22 289 310
2118	206 97 62 269
2119	83 275 342 173
2120	232 154 285 307
2121	250 30 400 243
2122	206 84 325 356
2123	135 65 44 373
2124	71 146 372 297
2125	94 38 91 339
2126	150 100 177 354
2127	61 65 327 173
2128	351 201 250 284
2129	193 142 164 145
2130	119 158 98 383
2131	271 249 4 309
2132	286 341 379 152
2133	369 43 312 228
2134	97 142 28 223
2135	243 323 273 307
2136	85 103 233 377
2137	87 246 358 379
2138	217 350 146 117
2139	64 86 18 320
2140	374 94 72 251
2141	261 14 198 380
2142	224 105 305 75
2143	162 83 259 255
2144	181 244 75 126
2145	5 400 264 186
2146	58 311 318 161
2147	33 115 365 149
2148	173 49 236 348
2149	369 324 206 168
2150	256 105 375 315
2151	41 85 313 99
2152	197 292 151 83
2153	48 289 130 247
2154	344 247 146 224
2155	121 277 8 292
2156	40 159 171 151
2157	251 63 80 234
2158	88 355 203 115
2159	114 62 141 260
2160	40 322 47 234
2161	48 15 373 83
2162	332 95 24 397
2163	223 240 288 139
2164	217 329 57 70
2165	56 181 134 105
2166	113 189 86 136
2167	273 271 5 225
2168	21 373 173 351
2169	352 204 355 275
2170	265 220 90 111
2171	123 181 103 23
2172	375 99 385 292
2173	5 385 99 223
2174	246 304 267 280
2175	94 251 165 19
2176	205 347 154 181
2177	145 208 178 41
2178	244 221 20 3
2179	378 94 87 367
2180	138 276 316 82
2181	164 395 311 111
2182	260 64 225 255
2183	67 14 293 343
2184	144 393 2 394
2185	373 223 303 269
2186	32 195 53 371
2187	180 56 216 125
2188	15 99 100 44
2189	106 373 237 329
2190	109 380 60 363
2191	331 238 299 175
2192	51 106 26 211
2193	398 58 33 57
2194	127 74 177 347
2195	5 383 100 379
2196	250 118 323 364
2197	21 75 360 43
2198	5 349 156 318
2199	297 36 359 10
2200	376 338 69 308
2201	209 338 252 152
2202	306 20 114 9
2203	67 275 201 84
2204	186 191 188 25
2205	267 149 24 391
2206	80 260 124 287
2207	175 121 356 161
2208	10 225 280 397
2209	371 342 224 295
2210	243 83 285 4
2211	357 343 145 170
2212	355 388 230 4
2213	375 174 234 248
2214	206 356 35 361
2215	185 359 127 308
2216	116 26 84 324
2217	289 245 259 395
2218	131 345 112 88
2219	40 353 188 292
2220	219 62 241 89
2221	33 16 195 196
2222	372 128 251 74
2223	311 317 96 166
2224	382 323 400 24
2225	253 357 398 154
2226	239 324 125 326
2227	164 368 114 258
2228	365 156 184 258
2229	31 133 92 164
2230	29 4 205 320
2231	163 42 190 10
2232	174 11 214 331
2233	326 123 294 277
2234	135 127 60 23
2235	264 105 299 298
2236	332 256 315 172
2237	345 358 50 67
2238	295 307 166 38
2239	243 359 378 160
2240	19 257 119 343
2241	218 46 102 181
2242	327 32 298 41
2243	326 192 180 3
2244	213 221 50 341
2245	19 110 202 208
2246	7 279 140 178
2247	136 141 128 96
2248	355 393 274 86
2249	65 398 308 278
2250	367 245 175 152
2251	32 327 7 367
2252	307 215 122 94
2253	242 282 116 61
2254	206 1 217 378
2255	171 190 391 357
2256	85 45 77 21
2257	94 338 169 251
2258	168 122 164 230
2259	165 58 194 15
2260	275 298 391 282
2261	189 397 389 165
2262	143 120 147 141
2263	27 261 60 34
2264	324 14 355 24
2265	301 241 224 219
2266	85 111 284 344
2267	397 33 140 336
2268	282 259 173 272
2269	10 116 352 323
2270	220 363 313 387
2271	90 122 104 214
2272	118 170 220 184
2273	49 355 56 283
2274	65 82 128 311
2275	182 25 114 127
2276	47 33 387 167
2277	120 64 267 245
2278	255 41 161 141
2279	241 389 273 239
2280	219 311 141 60
2281	183 337 330 300
2282	141 314 193 289
2283	330 81 229 323
2284	158 226 257 122
2285	38 233 4 251
2286	323 210 186 102
2287	310 74 63 273
2288	292 66 265 297
2289	330 53 187 34
2290	207 356 177 48
2291	207 350 276 220
2292	6 263 336 179
2293	391 319 183 199
2294	127 166 339 382
2295	18 115 16 203
2296	5 241 380 38
2297	181 222 4 332
2298	324 51 5 123
2299	71 293 217 97
2300	191 300 236 164
2301	2 121 293 338
2302	185 102 355 336
2303	296 367 304 275
2304	321 37 70 103
2305	250 316 41 371
2306	269 180 241 393
2307	198 342 223 320
2308	47 286 177 114
2309	215 205 243 242
2310	61 167 103 87
2311	23 228 221 102
2312	115 273 330 398
2313	268 127 255 186
2314	49 345 241 77
2315	139 193 291 385
2316	290 7 225 374
2317	390 143 127 346
2318	151 182 299 362
2319	27 381 206 46
2320	180 135 197 65
2321	272 202 168 318
2322	63 262 153 306
2323	206 394 322 118
2324	27 220 51 257
2325	293 196 106 215
2326	150 28 81 191
2327	5 247 38 357
2328	46 346 353 64
2329	356 376 395 396
2330	278 122 162 378
2331	237 273 101 148
2332	128 300 163 239
2333	60 251 287 322
2334	86 176 182 274
2335	268 384 237 56
2336	287 223 153 258
2337	188 236 233 304
2338	318 232 209 168
2339	331 382 122 28
2340	290 364 101 108
2341	380 373 225 388
2342	88 63 96 331
2343	6 314 143 355
2344	221 61 292 224
2345	368 194 243 344
2346	310 364 272 264
2347	289 365 180 4
2348	237 154 29 285
2349	260 244 235 17
2350	362 274 308 267
2351	372 290 270 222
2352	259 370 174 133
2353	237 339 358 192
2354	21 218 188 22
2355	381 66 346 229
2356	59 80 330 114
2357	144 78 347 234
2358	339 323 174 167
2359	169 388 352 297
2360	288 170 183 302
2361	357 73 118 61
2362	82 384 30 143
2363	19 65 111 29
2364	295 220 206 124
2365	194 28 274 110
2366	25 253 43 104
2367	362 344 43 149
2368	297 144 259 18
2369	253 329 32 246
2370	304 18 42 365
2371	148 247 314 203
2372	345 276 275 64
2373	346 269 219 284
2374	132 239 243 371
2375	397 306 114 281
2376	235 53 170 223
2377	19 173 272 69
2378	77 223 316 80
2379	347 209 45 176
2380	229 291 171 99
2381	318 362 293 383
2382	2 395 310 327
2383	139 337 315 274
2384	115 198 89 283
2385	389 80 26 270
2386	142 24 70 50
2387	95 321 195 285
2388	318 146 186 189
2389	112 380 139 319
2390	200 272 76 19
2391	35 114 86 154
2392	353 70 217 272
2393	242 116 119 4
2394	352 8 364 74
2395	60 339 374 200
2396	58 74 218 143
2397	96 205 391 8
2398	115 186 352 400
2399	102 120 290 351
2400	350 229 203 347
2401	32 324 188 129
2402	170 108 15 267
2403	180 112 374 388
2404	241 55 332 370
2405	79 251 198 330
2406	26 123 32 352
2407	28 373 257 109
2408	115 226 344 130
2409	27 330 41 380
2410	269 255 194 268
2411	181 75 343 302
2412	376 25 396 138
2413	316 87 231 354
2414	281 5 271 46
2415	125 120 87 90
2416	177 244 122 297
2417	373 157 375 27
2418	394 308 11 378
2419	6 268 86 284
2420	258 157 65 226
2421	332 329 275 32
2422	341 297 253 160
2423	80 56 84 111
2424	18 73 101 77
2425	198 282 292 213
2426	396 44 49 353
2427	219 98 297 357
2428	224 280 397 125
2429	187 26 215 251
2430	41 146 361 98
2431	249 57 378 82
2432	96 101 120 307
2433	91 2 15 180
2434	366 304 226 302
2435	34 78 17 158
2436	377 81 55 192
2437	22 73 322 83
2438	48 379 174 24
2439	282 172 89 181
2440	114 394 140 346
2441	165 342 195 384
2442	82 280 169 301
2443	384 138 156 205
2444	163 324 267 183
2445	94 52 238 218
2446	145 340 277 110
2447	77 308 239 63
2448	153 89 374 265
2449	303 80 16 302
2450	355 364 316 130
2451	218 320 48 305
2452	107 63 364 341
2453	281 297 47 390
2454	301 391 99 399
2455	75 380 208 122
2456	64 81 80 90
2457	390 301 293 326
2458	99 348 331 112
2459	231 40 54 102
2460	304 57 81 49
2461	86 188 51 190
2462	369 259 361 280
2463	279 341 336 172
2464	109 19 26 310
2465	325 79 165 342
2466	88 366 248 72
2467	231 139 15 366
2468	272 187 36 247
2469	110 66 236 266
2470	179 233 355 210
2471	292 73 188 274
2472	195 26 260 13
2473	284 387 8 40
2474	397 125 209 335
2475	296 144 13 362
2476	278 175 215 18
2477	184 32 120 242
2478	218 238 62 396
2479	63 265 71 26
2480	141 144 151 345
2481	115 215 110 399
2482	117 29 85 199
2483	28 167 276 121
2484	115 387 123 378
2485	77 175 285 64
2486	34 145 158 395
2487	75 198 255 334
2488	124 176 180 160
2489	165 87 15 223
2490	102 131 323 78
2491	267 108 205 222
2492	69 292 332 193
2493	162 55 294 264
2494	372 324 85 346
2495	77 378 162 151
2496	148 390 94 187
2497	203 293 211 185
2498	181 332 19 327
2499	103 122 109 141
2500	121 395 79 309
2501	161 368 241 307
2502	199 95 258 357
2503	60 285 348 246
2504	144 223 171 289
2505	254 133 81 343
2506	398 78 323 117
2507	367 342 201 283
2508	17 108 107 155
2509	59 127 34 12
2510	223 157 29 34
2511	121 112 108 290
2512	179 172 182 217
2513	184 279 245 397
2514	26 250 232 81
2515	330 19 167 229
2516	188 273 79 65
2517	161 1 10 352
2518	114 89 398 227
2519	281 98 378 286
2520	369 185 309 281
2521	150 24 270 175
2522	219 87 198 39
2523	188 279 204 324
2524	119 308 87 150
2525	326 280 73 161
2526	32 186 231 290
2527	65 265 178 183
2528	352 164 131 364
2529	334 106 39 102
2530	197 17 372 163
2531	25 285 391 248
2532	235 355 305 348
2533	259 68 295 392
2534	138 105 339 142
2535	114 46 373 177
2536	29 161 180 366
2537	279 16 62 299
2538	9 329 373 386
2539	288 157 191 235
2540	389 258 239 227
2541	242 58 148 275
2542	142 386 30 55
2543	41 366 290 118
2544	132 125 376 143
2545	143 71 127 55
2546	281 267 377 9
2547	89 257 80 301
2548	234 223 39 172
2549	151 229 79 30
2550	185 81 190 131
2551	227 171 211 219
2552	260 321 54 385
2553	137 377 46 236
2554	79 248 44 294
2555	352 197 336 83
2556	380 241 285 399
2557	375 124 94 236
2558	337 397 301 49
2559	172 379 305 68
2560	193 208 167 213
2561	363 79 325 58
2562	288 185 277 218
2563	7 200 382 269
2564	104 72 62 389
2565	25 321 347 46
2566	111 163 393 93
2567	382 286 233 139
2568	266 384 279 109
2569	53 303 127 399
2570	318 131 9 18
2571	230 191 88 242
2572	246 399 312 157
2573	242 98 340 55
2574	203 92 121 54
2575	6 203 2 5
2576	223 192 130 363
2577	390 185 352 277
2578	328 234 233 305
2579	124 34 36 116
2580	269 143 274 338
2581	396 278 127 27
2582	253 78 385 207
2583	20 136 280 253
2584	335 394 398 57
2585	339 194 22 265
2586	367 204 251 155
2587	53 301 133 178
2588	84 136 7 109
2589	182 271 132 61
2590	22 92 74 169
2591	150 298 367 302
2592	190 306 32 370
2593	62 132 175 267
2594	241 98 368 381
2595	8 185 389 331
2596	55 174 390 331
2597	218 297 166 221
2598	191 97 150 231
2599	147 70 27 320
2600	155 398 371 11
2601	134 40 264 246
2602	296 215 15 174
2603	38 351 54 136
2604	168 15 8 119
2605	125 207 258 7
2606	181 379 56 164
2607	3 396 176 247
2608	104 156 252 175
2609	354 178 65 93
2610	122 311 299 130
2611	104 123 60 173
2612	154 326 245 315
2613	287 297 284 392
2614	91 272 108 114
2615	212 224 110 24
2616	216 288 32 350
2617	302 95 64 180
2618	322 394 245 397
2619	18 95 121 94
2620	158 139 352 64
2621	252 270 261 267
2622	209 381 132 388
2623	327 283 253 149
2624	145 138 176 29
2625	338 352 147 3
2626	361 290 291 209
2627	369 140 112 365
2628	302 215 90 231
2629	120 121 367 304
2630	94 270 99 127
2631	27 56 172 121
2632	187 376 316 89
2633	271 21 179 83
2634	201 367 145 333
2635	219 188 17 349
2636	156 11 222 339
2637	207 305 276 126
2638	184 41 287 133
2639	8 165 118 216
2640	114 215 65 271
2641	10 293 102 333
2642	141 230 147 39
2643	213 237 28 343
2644	223 224 358 239
2645	173 42 119 207
2646	370 37 97 189
2647	37 18 167 13
2648	376 310 126 247
2649	355 374 312 345
2650	355 397 8 69
2651	73 19 389 234
2652	192 180 130 95
2653	22 135 308 71
2654	327 192 73 291
2655	19 73 136 243
2656	174 15 383 302
2657	344 45 209 29
2658	310 27 100 87
2659	316 75 331 319
2660	381 195 255 307
2661	4 201 100 265
2662	25 127 193 257
2663	239 142 36 294
2664	245 230 285 135
2665	119 1 336 26
2666	359 179 233 238
2667	247 216 204 21
2668	93 366 190 247
2669	305 154 377 399
2670	7 170 45 31
2671	122 20 165 192
2672	221 172 13 364
2673	96 135 53 226
2674	150 247 289 251
2675	117 377 179 375
2676	242 177 269 172
2677	349 150 56 202
2678	201 55 155 36
2679	32 220 275 42
2680	386 274 251 109
2681	242 382 121 210
2682	82 170 92 283
2683	34 81 128 77
2684	69 338 151 133
2685	304 373 191 256
2686	296 258 153 346
2687	210 399 329 398
2688	207 351 73 67
2689	310 11 201 384
2690	223 324 96 230
2691	297 63 92 141
2692	245 152 71 201
2693	82 386 159 21
2694	38 312 352 371
2695	348 365 90 12
2696	238 286 104 311
2697	65 130 330 34
2698	173 294 377 95
2699	303 150 234 228
2700	70 77 102 53
2701	105 126 66 349
2702	383 59 349 131
2703	122 163 346 366
2704	98 208 251 152
2705	63 373 16 107
2706	32 341 398 153
2707	152 97 302 272
2708	81 147 393 388
2709	181 390 359 40
2710	197 135 117 1
2711	88 190 198 72
2712	395 196 312 115
2713	40 390 59 153
2714	161 293 211 16
2715	139 110 387 226
2716	179 219 25 191
2717	164 194 292 310
2718	188 119 221 10
2719	116 373 190 268
2720	341 1 60 87
2721	49 176 51 217
2722	175 163 388 78
2723	263 13 138 186
2724	273 305 242 45
2725	66 222 71 201
2726	264 129 202 192
2727	128 345 332 71
2728	10 183 370 248
2729	11 378 95 280
2730	6 95 292 376
2731	304 348 394 203
2732	70 184 300 291
2733	363 177 204 315
2734	367 166 398 200
2735	346 108 188 199
2736	121 49 229 299
2737	15 127 244 143
2738	155 296 6 285
2739	42 182 377 103
2740	309 89 387 342
2741	141 272 289 182
2742	205 203 378 39
2743	154 33 185 353
2744	184 236 7 370
2745	189 250 340 112
2746	165 135 99 352
2747	38 75 232 174
2748	209 160 80 309
2749	163 112 196 326
2750	20 161 87 167
2751	67 69 171 375
2752	172 391 53 15
2753	31 230 278 358
2754	185 398 154 242
2755	309 118 379 236
2756	191 129 184 244
2757	264 10 87 172
2758	111 293 136 186
2759	302 281 219 122
2760	374 190 267 218
2761	41 223 139 238
2762	160 324 163 28
2763	115 256 289 128
2764	78 364 304 262
2765	117 252 179 324
2766	355 210 45 141
2767	93 183 160 182
2768	111 105 137 318
2769	376 106 24 282
2770	156 270 65 322
2771	83 157 314 354
2772	340 135 186 18
2773	67 31 328 316
2774	82 204 240 65
2775	364 232 342 250
2776	32 394 184 137
2777	172 166 231 226
2778	84 361 325 182
2779	265 135 24 45
2780	275 55 337 305
2781	222 146 396 177
2782	14 351 368 269
2783	275 389 315 83
2784	18 244 325 69
2785	123 32 135 193
2786	263 243 22 159
2787	115 399 248 96
2788	237 142 10 91
2789	320 366 336 85
2790	307 53 134 389
2791	155 337 311 396
2792	30 17 204 369
2793	126 29 350 26
2794	214 154 222 16
2795	39 184 137 302
2796	126 87 385 50
2797	146 315 360 71
2798	276 118 357 208
2799	110 163 33 363
2800	238 150 299 344
2801	19 117 389 241
2802	391 12 58 160
2803	104 111 3 224
2804	332 282 128 86
2805	8 399 62 70
2806	176 287 127 342
2807	87 238 387 108
2808	34 154 389 67
2809	253 276 98 226
2810	45 44 217 240
2811	315 222 376 355
2812	67 248 11 282
2813	36 277 219 118
2814	5 33 271 199
2815	400 69 323 393
2816	127 333 376 8
2817	261 102 275 284
2818	230 384 26 316
2819	244 307 296 182
2820	86 282 376 270
2821	90 256 265 356
2822	400 110 209 130
2823	338 218 103 342
2824	396 47 391 355
2825	258 250 120 149
2826	226 338 397 239
2827	306 223 140 400
2828	100 58 15 81
2829	229 43 389 307
2830	318 123 124 378
2831	325 375 121 97
2832	390 399 62 130
2833	341 259 374 235
2834	335 22 156 382
2835	202 183 66 370
2836	295 154 227 112
2837	334 35 175 150
2838	365 316 389 187
2839	114 55 208 168
2840	131 307 286 378
2841	191 381 207 174
2842	315 258 202 223
2843	383 132 344 202
2844	3 48 192 224
2845	358 270 144 354
2846	184 85 379 132
2847	176 31 267 353
2848	149 352 61 330
2849	30 258 314 69
2850	33 23 339 269
2851	305 352 348 19
2852	170 281 13 368
2853	62 102 49 175
2854	173 185 113 166
2855	143 70 211 16
2856	338 390 354 396
2857	34 192 6 136
2858	205 188 181 243
2859	24 71 378 331
2860	238 80 291 376
2861	246 269 367 98
2862	12 199 32 334
2863	158 346 221 123
2864	118 285 252 229
2865	339 217 117 348
2866	338 16 345 307
2867	14 111 95 89
2868	27 135 203 162
2869	349 232 314 325
2870	268 114 254 156
2871	213 169 2 170
2872	294 382 38 300
2873	76 145 364 212
2874	229 256 12 244
2875	273 163 46 131
2876	234 27 224 326
2877	372 185 398 293
2878	42 189 292 64
2879	65 256 35 191
2880	38 338 191 389
2881	41 392 160 86
2882	23 241 259 7
2883	104 84 91 215
2884	133 106 47 174
2885	144 341 129 243
2886	84 129 247 308
2887	341 310 222 69
2888	365 105 94 387
2889	5 184 259 237
2890	226 391 162 237
2891	386 227 118 241
2892	289 30 340 158
2893	117 99 265 214
2894	361 166 70 332
2895	218 144 125 324
2896	327 61 277 13
2897	42 127 252 236
2898	280 316 266 133
2899	122 196 58 266
2900	73 139 118 120
2901	291 87 202 290
2902	282 232 296 2
2903	294 118 206 194
2904	107 93 369 48
2905	100 169 113 95
2906	293 314 30 100
2907	274 220 195 301
2908	194 300 328 361
2909	274 77 320 275
2910	186 243 45 108
2911	34 307 258 9
2912	30 237 177 77
2913	8 328 382 138
2914	130 80 237 152
2915	279 169 373 104
2916	26 385 268 115
2917	279 182 263 214
2918	284 73 96 327
2919	5 201 31 46
2920	69 260 79 154
2921	103 2 399 215
2922	56 13 181 281
2923	248 377 289 357
2924	358 214 215 42
2925	47 326 171 350
2926	55 242 29 47
2927	290 321 256 82
2928	71 3 149 170
2929	302 49 381 58
2930	342 123 219 190
2931	246 111 294 236
2932	137 345 79 305
2933	192 254 318 311
2934	299 42 258 89
2935	369 262 228 84
2936	272 186 346 202
2937	255 348 166 25
2938	339 294 194 59
2939	251 83 368 231
2940	311 273 42 159
2941	247 114 188 108
2942	304 31 310 295
2943	105 387 60 196
2944	75 76 230 9
2945	366 84 239 233
2946	24 228 277 39
2947	7 278 177 392
2948	118 212 390 221
2949	41 10 331 321
2950	21 148 127 62
2951	345 193 229 76
2952	23 271 20 109
2953	102 358 148 258
2954	83 391 323 40
2955	256 311 217 29
2956	388 218 144 59
2957	387 269 339 76
2958	399 221 95 351
2959	291 261 373 29
2960	69 187 386 265
2961	354 381 40 191
2962	281 131 101 221
2963	110 400 101 192
2964	152 262 166 195
2965	14 242 375 240
2966	371 256 2 259
2967	184 199 304 154
2968	207 319 220 246
2969	144 105 189 320
2970	361 184 21 351
2971	108 222 210 157
2972	101 112 390 22
2973	96 209 367 167
2974	336 194 58 330
2975	287 228 295 214
2976	322 287 92 93
2977	371 380 381 277
2978	353 44 54 185
2979	233 78 200 26
2980	285 310 10 263
2981	61 22 36 304
2982	162 355 161 251
2983	390 179 253 11
2984	186 188 21 217
2985	136 344 240 148
2986	303 114 210 322
2987	162 355 90 331
2988	60 166 90 158
2989	76 299 371 53
2990	272 336 42 332
2991	46 72 377 69
2992	214 283 164 326
2993	232 265 289 141
2994	386 16 387 155
2995	337 289 142 45
2996	96 173 379 386
2997	3 363 333 293
2998	48 194 66 163
2999	129 100 309 25
3000	365 390 217 193
3001	22 26 363 210
3002	35 85 182 292
3003	60 209 137 5
3004	226 241 141 318
3005	239 324 206 357
3006	123 88 99 259
3007	327 205 176 131
3008	195 10 124 43
3009	288 254 340 234
3010	256 219 60 72
3011	26 294 226 336
3012	154 356 8 204
3013	230 305 184 68
3014	383 197 240 88
3015	348 245 114 56
3016	265 166 313 391
3017	258 299 233 164
3018	164 310 99 354
3019	267 10 382 93
3020	9 251 233 95
3021	57 222 399 235
3022	271 309 17 279
3023	266 166 90 7
3024	301 362 32 296
3025	207 54 204 316
3026	299 40 88 192
3027	137 55 238 97
3028	160 307 372 91
3029	109 297 182 204
3030	383 75 245 13
3031	187 359 204 345
3032	296 66 9 256
3033	241 221 329 27
3034	163 247 395 398
3035	112 187 308 393
3036	66 265 166 131
3037	218 124 371 268
3038	379 141 147 197
3039	241 18 87 323
3040	379 113 24 338
3041	250 24 291 70
3042	145 67 196 175
3043	27 359 7 108
3044	399 367 250 309
3045	86 80 56 333
3046	183 343 350 227
3047	301 92 387 115
3048	24 223 390 135
3049	41 165 24 226
3050	56 38 73 251
3051	331 140 256 313
3052	196 307 62 324
3053	377 78 355 244
3054	296 377 326 120
3055	34 236 138 371
3056	11 48 355 359
3057	250 28 289 212
3058	58 181 368 279
3059	172 237 68 107
3060	85 218 384 266
3061	290 271 245 372
3062	198 335 114 244
3063	271 348 229 265
3064	149 330 13 266
3065	225 129 188 168
3066	202 49 309 325
3067	108 310 137 90
3068	140 260 278 130
3069	212 291 215 248
3070	267 119 101 23
3071	304 111 348 261
3072	135 389 332 312
3073	291 1 219 103
3074	364 145 96 250
3075	49 83 8 264
3076	209 244 248 268
3077	37 45 368 267
3078	183 316 259 221
3079	120 327 32 176
3080	177 120 295 249
3081	189 143 272 96
3082	381 112 150 353
3083	215 350 235 119
3084	76 267 217 170
3085	175 253 364 244
3086	46 348 260 221
3087	146 243 389 365
3088	364 322 153 43
3089	289 198 366 260
3090	192 293 131 319
3091	133 78 132 353
3092	86 174 106 178
3093	229 122 190 226
3094	392 96 242 72
3095	334 276 319 202
3096	187 339 199 234
3097	185 381 312 254
3098	177 61 316 235
3099	252 199 113 374
3100	17 34 44 334
3101	350 379 385 166
3102	104 386 51 334
3103	362 333 227 72
3104	13 24 47 323
3105	64 358 134 167
3106	304 319 337 293
3107	387 309 16 229
3108	2 239 377 165
3109	266 242 291 253
3110	38 150 335 290
3111	372 328 213 274
3112	309 225 228 195
3113	249 162 214 145
3114	266 373 298 180
3115	391 48 22 331
3116	109 229 98 389
3117	199 137 150 100
3118	138 60 113 354
3119	25 286 162 230
3120	19 389 308 375
3121	325 160 184 188
3122	33 169 36 345
3123	52 190 362 397
3124	363 23 295 366
3125	242 359 38 188
3126	256 26 198 58
3127	87 254 319 198
3128	293 286 105 113
3129	31 264 355 295
3130	196 108 362 151
3131	15 14 7 195
3132	228 389 3 277
3133	25 283 239 174
3134	80 368 296 216
3135	344 198 151 101
3136	165 57 237 308
3137	145 185 282 376
3138	316 226 59 310
3139	336 382 157 292
3140	138 214 278 236
3141	52 315 54 244
3142	355 61 276 37
3143	104 106 53 384
3144	375 167 258 323
3145	132 275 113 146
3146	46 202 58 307
3147	311 221 77 116
3148	283 130 117 392
3149	57 141 10 243
3150	391 259 232 61
3151	46 5 399 137
3152	377 46 141 166
3153	39 185 28 2
3154	102 274 11 16
3155	330 246 212 57
3156	385 4 194 27
3157	383 37 186 399
3158	169 270 307 156
3159	189 289 290 266
3160	48 362 287 384
3161	268 251 357 130
3162	362 125 248 307
3163	287 140 182 386
3164	73 366 8 95
3165	56 269 164 215
3166	153 201 372 350
3167	322 74 259 240
3168	54 354 152 157
3169	159 283 21 130
3170	169 71 298 9
3171	307 368 29 104
3172	82 232 275 172
3173	363 131 197 101
3174	319 213 218 160
3175	313 329 259 336
3176	272 109 382 217
3177	281 269 322 302
3178	97 393 49 128
3179	198 281 191 143
3180	135 300 227 10
3181	55 325 243 182
3182	227 201 181 326
3183	109 295 394 200
3184	210 374 217 181
3185	179 61 53 49
3186	129 72 261 91
3187	267 314 340 270
3188	102 263 10 167
3189	196 68 395 363
3190	171 44 149 283
3191	227 63 248 335
3192	337 106 197 123
3193	107 394 265 247
3194	211 400 99 292
3195	329 395 72 207
3196	367 46 155 373
3197	53 259 23 65
3198	373 32 79 25
3199	126 261 187 305
3200	345 52 55 395
3201	318 47 226 195
3202	160 79 297 321
3203	301 361 52 380
3204	12 383 331 252
3205	213 105 204 227
3206	60 83 252 158
3207	275 251 396 269
3208	104 169 376 289
3209	76 180 381 125
3210	341 3 151 301
3211	191 180 208 74
3212	218 123 374 177
3213	355 197 66 181
3214	192 341 250 360
3215	108 225 278 23
3216	353 268 242 145
3217	219 13 121 291
3218	105 318 129 309
3219	69 184 375 24
3220	273 72 187 79
3221	247 255 26 398
3222	60 151 63 25
3223	71 221 398 174
3224	86 100 246 309
3225	253 72 146 19
3226	197 369 319 103
3227	230 305 395 16
3228	1 362 324 399
3229	189 121 129 102
3230	349 24 316 112
3231	346 238 384 26
3232	63 266 290 327
3233	191 391 32 137
3234	119 130 94 136
3235	152 126 266 110
3236	3 361 247 185
3237	298 217 99 358
3238	62 384 226 380
3239	83 65 175 393
3240	233 168 349 193
3241	128 268 4 169
3242	266 113 12 69
3243	31 331 141 87
3244	307 107 57 136
3245	24 57 74 305
3246	90 293 228 107
3247	210 23 322 71
3248	386 25 240 156
3249	182 301 99 221
3250	365 135 178 315
3251	173 381 112 41
3252	284 307 386 108
3253	217 261 380 347
3254	154 303 121 117
3255	144 246 352 25
3256	91 266 274 15
3257	74 353 112 212
3258	343 180 258 224
3259	339 259 21 314
3260	123 87 41 387
3261	364 77 226 133
3262	29 67 217 177
3263	49 135 78 283
3264	92 268 152 291
3265	168 352 96 343
3266	274 93 222 258
3267	230 318 226 110
3268	238 390 253 25
3269	342 204 43 265
3270	287 290 390 294
3271	278 204 242 253
3272	112 150 14 144
3273	173 228 323 174
3274	201 54 192 94
3275	250 172 38 204
3276	200 147 250 390
3277	117 138 238 50
3278	279 153 244 285
3279	315 5 348 152
3280	102 9 349 177
3281	223 226 294 82
3282	103 99 290 76
3283	93 368 18 79
3284	235 351 98 373
3285	378 239 45 208
3286	176 237 124 134
3287	253 84 388 114
3288	182 351 116 252
3289	184 86 355 169
3290	107 385 322 87
3291	51 99 140 73
3292	61 41 20 340
3293	395 91 106 43
3294	395 163 127 238
3295	169 288 100 213
3296	220 92 302 35
3297	323 218 291 149
3298	181 261 358 16
3299	321 160 380 125
3300	256 381 55 125
3301	143 152 119 85
3302	204 363 97 139
3303	15 236 334 393
3304	40 346 332 83
3305	321 290 276 389
3306	303 387 5 12
3307	120 164 321 146
3308	360 197 261 64
3309	68 116 155 388
3310	116 175 32 351
3311	217 126 346 124
3312	65 185 319 76
3313	59 207 9 320
3314	120 60 179 330
3315	13 208 380 198
3316	308 9 67 328
3317	166 248 299 258
3318	68 266 270 372
3319	101 14 356 192
3320	169 166 378 354
3321	97 210 7 290
3322	379 369 156 45
3323	386 60 289 196
3324	322 169 126 80
3325	143 53 283 131
3326	192 69 380 265
3327	372 364 3 300
3328	266 106 345 251
3329	296 285 287 101
3330	235 399 35 281
3331	360 213 383 181
3332	8 367 69 230
3333	399 376 21 347
3334	254 18 136 189
3335	279 230 332 192
3336	336 90 370 277
3337	339 375 72 377
3338	123 85 81 353
3339	377 331 21 312
3340	154 358 345 239
3341	168 376 167 150
3342	117 388 154 366
3343	116 25 266 365
3344	198 224 264 252
3345	344 356 208 269
3346	382 184 171 222
3347	343 254 162 98
3348	395 60 56 389
3349	25 228 367 122
3350	137 115 69 90
3351	301 34 7 221
3352	276 45 179 259
3353	210 26 111 120
3354	66 42 339 333
3355	342 100 230 1
3356	317 95 19 102
3357	259 273 149 269
3358	212 174 304 364
3359	102 227 364 303
3360	210 49 273 167
3361	1 252 155 226
3362	237 136 351 195
3363	13 211 180 273
3364	138 208 276 125
3365	135 19 70 91
3366	168 339 308 256
3367	106 197 7 368
3368	59 55 106 316
3369	149 91 32 65
3370	283 111 273 356
3371	174 128 180 113
3372	72 234 237 362
3373	268 30 133 36
3374	66 344 298 351
3375	254 213 22 293
3376	270 227 381 359
3377	42 82 69 223
3378	271 115 226 392
3379	100 376 103 168
3380	157 213 67 374
3381	293 72 61 137
3382	242 40 282 323
3383	9 393 391 10
3384	225 130 24 63
3385	27 310 120 392
3386	317 22 328 302
3387	253 75 232 158
3388	374 246 304 332
3389	38 135 43 25
3390	63 341 171 8
3391	96 203 177 280
3392	370 37 3 263
3393	205 230 207 55
3394	384 360 234 313
3395	257 175 185 244
3396	29 299 329 225
3397	400 130 139 137
3398	22 378 388 183
3399	374 71 32 92
3400	112 279 79 182
3401	231 78 341 55
3402	317 328 53 86
3403	340 99 248 314
3404	223 153 258 333
3405	117 42 149 295
3406	146 232 356 60
3407	76 121 12 104
3408	101 44 309 97
3409	320 36 93 46
3410	288 309 63 339
3411	6 23 128 218
3412	391 97 92 354
3413	250 372 149 277
3414	147 274 279 80
3415	188 234 111 307
3416	284 215 277 379
3417	46 181 141 27
3418	284 282 212 275
3419	178 159 112 326
3420	319 166 289 183
3421	161 234 290 164
3422	283 99 16 221
3423	187 20 102 130
3424	333 61 268 273
3425	351 193 370 153
3426	6 323 4 209
3427	184 75 48 220
3428	243 127 386 162
3429	393 129 57 274
3430	356 49 37 10
3431	130 117 102 374
3432	260 365 182 249
3433	146 239 345 242
3434	208 206 186 19
3435	189 219 337 121
3436	15 10 257 177
3437	253 390 2 75
3438	233 340 276 44
3439	289 209 44 379
3440	192 5 387 106
3441	124 30 346 349
3442	57 300 8 389
3443	93 277 336 45
3444	353 181 208 214
3445	293 294 126 288
3446	97 377 263 20
3447	147 363 262 224
3448	342 175 310 234
3449	370 241 361 237
3450	313 358 286 271
3451	268 145 381 102
3452	367 365 114 179
3453	303 49 342 362
3454	215 65 356 270
3455	134 284 199 159
3456	139 56 163 232
3457	367 107 52 320
3458	151 3 44 349
3459	349 119 19 110
3460	358 208 193 369
3461	188 242 389 343
3462	46 123 254 208
3463	326 298 216 272
3464	346 124 21 288
3465	16 188 277 295
3466	194 309 154 311
3467	282 113 259 360
3468	96 394 21 5
3469	366 171 216 119
3470	68 384 201 278
3471	285 247 328 190
3472	349 115 21 312
3473	242 102 383 55
3474	380 276 154 135
3475	221 87 28 105
3476	372 94 383 22
3477	250 37 228 246
3478	127 296 283 19
3479	261 110 45 205
3480	27 226 315 232
3481	218 231 261 286
3482	59 6 70 372
3483	270 307 255 380
3484	32 177 167 312
3485	246 8 400 166
3486	123 213 11 30
3487	338 141 332 43
3488	391 165 158 45
3489	179 398 158 143
3490	106 365 211 46
3491	288 15 156 158
3492	283 349 95 37
3493	243 356 47 399
3494	18 90 388 46
3495	132 328 278 256
3496	9 244 328 224
3497	38 110 66 214
3498	71 150 364 360
3499	335 323 338 40
3500	74 49 292 383
3501	10 62 68 120
3502	167 162 276 124
3503	47 174 287 60
3504	201 322 294 285
3505	13 177 63 162
3506	153 142 175 5
3507	379 333 122 76
3508	362 87 293 387
3509	88 95 246 322
3510	179 231 44 329
3511	274 195 375 187
3512	14 391 320 112
3513	244 296 226 54
3514	191 263 116 282
3515	246 268 71 321
3516	242 25 98 12
3517	193 354 218 359
3518	106 135 306 341
3519	147 143 186 191
3520	370 202 307 243
3521	19 8 304 370
3522	300 23 48 231
3523	27 228 337 315
3524	365 310 52 285
3525	115 88 302 70
3526	157 23 352 353
3527	50 145 119 369
3528	392 146 375 103
3529	398 26 157 98
3530	114 60 366 367
3531	334 366 225 110
3532	227 141 177 291
3533	114 384 396 91
3534	336 222 63 294
3535	72 165 173 124
3536	111 373 185 7
3537	43 133 357 304
3538	70 187 336 19
3539	208 285 363 221
3540	335 94 333 25
3541	230 121 337 147
3542	211 94 319 346
3543	21 384 300 161
3544	143 358 394 317
3545	42 247 359 197
3546	113 117 222 90
3547	85 256 94 308
3548	250 81 225 99
3549	280 400 322 205
3550	99 93 177 179
3551	303 81 310 147
3552	316 63 349 342
3553	62 22 265 24
3554	301 199 209 397
3555	49 278 396 307
3556	67 247 115 370
3557	44 399 325 221
3558	41 37 279 222
3559	364 306 390 255
3560	254 187 52 380
3561	254 315 302 382
3562	246 262 100 44
3563	397 106 29 12
3564	116 162 285 98
3565	361 15 123 183
3566	120 355 13 74
3567	292 274 297 85
3568	80 375 235 115
3569	259 167 115 346
3570	140 112 159 107
3571	70 136 348 112
3572	398 228 118 266
3573	188 235 166 311
3574	174 366 165 131
3575	360 207 333 325
3576	148 68 349 64
3577	26 93 311 71
3578	363 45 236 210
3579	370 135 112 148
3580	131 153 356 86
3581	199 19 197 122
3582	116 357 205 226
3583	166 179 361 296
3584	47 91 39 138
3585	332 382 171 341
3586	302 219 24 143
3587	56 337 246 79
3588	74 101 381 99
3589	281 368 34 357
3590	167 319 58 345
3591	346 150 396 91
3592	249 351 244 279
3593	272 45 5 35
3594	257 116 58 129
3595	76 317 323 183
3596	363 325 62 181
3597	187 128 147 29
3598	288 184 181 100
3599	186 130 31 292
3600	383 266 55 301
3601	121 330 191 21
3602	237 392 323 346
3603	328 80 378 239
3604	291 49 278 64
3605	55 68 212 9
3606	199 138 149 349
3607	176 240 92 260
3608	371 141 338 328
3609	164 206 296 69
3610	265 114 267 298
3611	242 360 257 181
3612	234 185 285 150
3613	201 211 246 127
3614	203 32 346 370
3615	66 101 327 6
3616	199 80 306 41
3617	93 397 76 198
3618	363 387 21 240
3619	171 334 300 29
3620	328 87 145 28
3621	372 234 127 7
3622	199 78 169 387
3623	257 129 126 235
3624	138 232 55 117
3625	381 198 167 249
3626	41 174 231 56
3627	222 157 349 101
3628	81 144 20 97
3629	285 337 100 223
3630	291 237 132 45
3631	300 146 81 369
3632	9 186 56 78
3633	223 40 253 276
3634	284 99 294 181
3635	284 98 100 95
3636	338 23 113 86
3637	26 365 60 391
3638	396 92 86 240
3639	326 307 169 346
3640	95 97 203 337
3641	246 28 116 377
3642	225 41 6 386
3643	298 103 176 52
3644	190 332 270 278
3645	118 204 220 374
3646	240 211 142 94
3647	389 138 375 392
3648	291 153 222 247
3649	191 240 173 139
3650	320 10 204 132
3651	362 145 196 226
3652	338 246 30 267
3653	36 165 25 361
3654	6 103 92 331
3655	289 343 176 114
3656	184 35 351 167
3657	188 96 319 216
3658	269 62 12 84
3659	300 60 245 333
3660	317 23 205 173
3661	259 85 52 293
3662	269 4 362 370
3663	4 265 338 140
3664	8 284 236 69
3665	51 105 145 316
3666	396 98 167 201
3667	173 141 7 237
3668	345 381 97 212
3669	73 391 208 157
3670	207 358 308 203
3671	100 399 192 304
3672	312 11 182 175
3673	259 361 48 39
3674	335 309 390 224
3675	280 379 246 197
3676	127 343 260 187
3677	127 315 212 241
3678	363 315 197 38
3679	64 217 209 30
3680	283 98 20 307
3681	53 224 16 173
3682	384 26 3 347
3683	395 285 24 35
3684	65 59 239 357
3685	232 94 391 378
3686	21 322 100 136
3687	264 195 273 18
3688	163 261 190 164
3689	5 8 182 323
3690	38 15 199 8
3691	164 328 318 166
3692	159 203 122 336
3693	133 255 120 113
3694	294 373 280 272
3695	29 317 270 158
3696	207 395 227 298
3697	206 229 61 105
3698	371 65 248 376
3699	122 164 286 192
3700	163 278 196 168
3701	157 393 301 196
3702	297 304 163 282
3703	334 162 276 343
3704	64 231 179 15
3705	229 363 213 233
3706	11 224 201 212
3707	131 317 38 144
3708	182 32 139 138
3709	297 207 138 330
3710	305 95 348 71
3711	366 365 105 251
3712	12 211 364 121
3713	306 345 295 373
3714	360 306 302 73
3715	346 164 256 165
3716	332 116 10 317
3717	129 281 219 253
3718	231 87 179 263
3719	4 340 308 303
3720	315 221 390 124
3721	296 332 328 229
3722	56 340 286 207
3723	28 258 309 242
3724	23 247 368 335
3725	318 292 226 183
3726	124 21 207 231
3727	71 232 279 114
3728	390 304 224 6
3729	3 313 317 361
3730	162 83 27 325
3731	40 334 16 341
3732	295 65 344 169
3733	135 113 152 343
3734	384 187 353 342
3735	78 393 257 202
3736	336 60 210 273
3737	173 214 195 250
3738	287 381 23 79
3739	336 80 83 323
3740	45 70 308 397
3741	388 357 383 279
3742	165 28 35 155
3743	327 163 169 233
3744	96 48 217 348
3745	190 391 327 115
3746	276 218 131 345
3747	234 372 198 51
3748	231 327 367 312
3749	192 89 312 233
3750	200 302 180 397
3751	111 6 335 36
3752	12 163 93 322
3753	230 185 74 156
3754	169 337 394 110
3755	210 104 34 245
3756	124 367 270 20
3757	237 111 196 266
3758	37 384 328 53
3759	4 303 5 240
3760	394 399 345 46
3761	191 73 176 109
3762	385 359 337 177
3763	150 341 238 22
3764	35 128 365 116
3765	171 249 10 136
3766	71 335 137 361
3767	204 46 343 117
3768	380 395 252 230
3769	11 333 124 245
3770	154 123 374 30
3771	28 104 334 47
3772	104 226 253 384
3773	173 38 247 215
3774	214 211 367 29
3775	143 44 46 124
3776	179 246 206 241
3777	323 4 271 16
3778	8 260 130 69
3779	385 365 331 397
3780	378 330 163 311
3781	227 280 269 76
3782	270 247 59 361
3783	312 205 17 279
3784	361 46 212 302
3785	52 74 139 80
3786	195 267 173 130
3787	107 92 369 101
3788	159 124 231 7
3789	91 107 220 205
3790	31 262 90 230
3791	39 187 45 309
3792	108 112 18 173
3793	400 273 377 346
3794	100 307 241 360
3795	235 146 77 148
3796	14 247 327 116
3797	153 154 280 235
3798	82 107 101 292
3799	196 7 81 165
3800	235 97 268 141
3801	223 73 173 239
3802	85 145 127 224
3803	29 45 221 159
3804	246 218 189 121
3805	176 43 279 293
3806	322 139 202 249
3807	245 398 320 314
3808	366 373 89 97
3809	196 99 312 191
3810	340 219 252 272
3811	253 182 64 144
3812	31 345 102 51
3813	132 367 258 75
3814	398 331 57 158
3815	232 336 281 393
3816	78 313 92 113
3817	370 147 93 145
3818	152 235 110 39
3819	311 94 225 223
3820	212 288 171 131
3821	187 238 254 218
3822	344 379 311 317
3823	289 43 214 42
3824	212 310 108 4
3825	291 85 188 305
3826	393 299 218 204
3827	32 365 19 356
3828	31 81 25 237
3829	224 312 195 266
3830	390 380 10 396
3831	364 102 151 282
3832	169 222 227 88
3833	374 379 383 14
3834	186 255 15 6
3835	386 56 83 121
3836	329 204 115 36
3837	136 131 265 86
3838	181 174 237 378
3839	303 378 41 69
3840	353 263 309 83
3841	174 152 55 16
3842	249 285 10 115
3843	324 18 350 298
3844	267 266 344 306
3845	68 192 334 70
3846	158 209 223 374
3847	369 187 209 162
3848	143 276 219 188
3849	201 271 26 369
3850	164 29 75 374
3851	281 261 273 345
3852	123 175 172 98
3853	61 320 306 267
3854	175 305 8 311
3855	382 263 317 329
3856	244 190 3 379
3857	17 357 160 200
3858	367 13 171 220
3859	256 149 154 392
3860	195 299 145 33
3861	127 71 238 289
3862	246 228 263 199
3863	207 240 96 319
3864	56 162 372 263
3865	59 10 112 100
3866	50 236 313 304
3867	277 31 122 231
3868	356 132 159 238
3869	268 238 174 51
3870	64 119 47 158
3871	251 299 237 316
3872	271 22 386 159
3873	312 61 297 260
3874	351 283 180 370
3875	170 360 191 280
3876	140 360 199 400
3877	255 91 289 341
3878	292 162 314 3
3879	150 391 48 273
3880	90 212 116 374
3881	35 41 64 127
3882	202 398 157 31
3883	68 367 342 350
3884	120 183 125 152
3885	128 353 227 240
3886	99 150 184 272
3887	29 77 336 70
3888	14 100 88 340
3889	70 94 207 274
3890	96 21 392 395
3891	21 230 339 391
3892	57 281 204 195
3893	155 308 294 113
3894	391 350 286 210
3895	46 294 141 3
3896	80 192 54 217
3897	170 7 191 383
3898	119 263 242 310
3899	140 176 28 336
3900	171 333 186 223
3901	74 152 312 33
3902	21 138 87 81
3903	130 43 1 12
3904	259 390 99 217
3905	391 180 16 178
3906	341 250 228 310
3907	388 122 304 312
3908	270 148 61 55
3909	7 147 345 42
3910	350 23 173 29
3911	324 353 175 279
3912	108 263 32 386
3913	365 387 62 111
3914	216 230 393 94
3915	241 276 288 216
3916	4 104 251 227
3917	324 338 281 81
3918	10 197 312 122
3919	300 18 17 400
3920	313 360 170 241
3921	77 246 279 75
3922	373 166 171 299
3923	13 174 384 359
3924	304 221 103 74
3925	206 379 4 145
3926	244 264 180 62
3927	202 38 10 162
3928	396 215 55 216
3929	56 81 46 321
3930	355 24 67 186
3931	261 177 342 31
3932	16 337 302 166
3933	117 283 395 14
3934	100 123 257 82
3935	53 219 82 354
3936	117 332 397 339
3937	387 5 163 55
3938	301 81 3 214
3939	261 30 77 199
3940	327 367 175 98
3941	5 279 169 360
3942	54 171 269 61
3943	349 153 3 198
3944	378 368 11 374
3945	341 207 384 309
3946	382 293 118 127
3947	146 297 296 125
3948	384 48 122 225
3949	215 391 336 232
3950	294 266 192 224
3951	1 341 73 8
3952	213 100 369 13
3953	32 261 264 87
3954	168 86 227 334
3955	125 41 289 120
3956	318 382 137 355
3957	128 320 110 319
3958	243 7 16 60
3959	269 98 277 79
3960	86 180 357 112
3961	285 42 363 392
3962	157 390 135 399
3963	163 188 312 212
3964	254 158 247 389
3965	322 247 33 184
3966	321 174 64 25
3967	48 11 143 397
3968	68 86 239 390
3969	131 66 361 324
3970	35 122 210 24
3971	338 341 352 152
3972	318 170 259 319
3973	46 353 148 79
3974	167 292 68 262
3975	339 365 264 182
3976	326 254 237 168
3977	122 232 319 259
3978	289 89 19 339
3979	66 64 273 142
3980	242 124 210 168
3981	219 45 192 341
3982	291 140 9 109
3983	80 136 115 249
3984	94 202 301 368
3985	60 388 70 304
3986	165 151 12 95
3987	392 27 343 83
3988	365 28 126 92
3989	152 302 33 151
3990	183 199 105 220
3991	350 341 346 8
3992	147 46 110 160
3993	157 105 141 224
3994	166 205 74 150
3995	359 20 351 367
3996	226 277 92 21
3997	184 132 129 284
3998	258 40 167 280
3999	350 357 166 77
4000	168 400 261 62
4001	204 270 6 255
4002	105 22 327 66
4003	45 27 298 373
4004	152 224 28 269
4005	44 147 229 26
4006	255 47 104 124
4007	143 206 399 329
4008	11 70 76 89
4009	170 285 277 181
4010	90 114 393 205
4011	64 163 77 108
4012	45 244 172 75
4013	326 245 98 73
4014	275 284 191 60
4015	374 196 31 367
4016	255 132 214 355
4017	12 292 227 100
4018	269 242 117 321
4019	144 82 333 367
4020	362 281 69 313
4021	94 14 86 5
4022	266 296 96 187
4023	353 136 35 221
4024	263 205 292 329
4025	116 202 40 257
4026	309 170 343 62
4027	178 37 307 19
4028	290 289 274 146
4029	3 46 120 133
4030	155 54 58 123
4031	314 307 285 274
4032	325 308 113 139
4033	146 141 1 160
4034	25 44 352 368
4035	334 218 60 221
4036	120 358 156 230
4037	333 363 131 329
4038	22 237 31 127
4039	43 2 145 213
4040	104 105 302 130
4041	127 111 12 366
4042	153 227 154 371
4043	46 144 86 156
4044	7 337 16 269
4045	158 164 117 28
4046	125 53 180 227
4047	72 228 145 9
4048	376 148 149 70
4049	334 265 50 352
4050	271 357 241 2
4051	72 322 103 105
4052	137 332 106 334
4053	222 275 37 7
4054	163 395 138 351
4055	49 371 140 321
4056	261 98 61 212
4057	214 397 148 259
4058	63 257 200 88
4059	220 374 24 38
4060	84 310 361 111
4061	142 129 137 141
4062	390 147 17 53
4063	76 229 154 130
4064	155 144 20 7
4065	121 42 113 303
4066	126 75 373 164
4067	146 219 119 331
4068	357 178 239 326
4069	130 240 311 140
4070	370 215 185 47
4071	17 6 97 195
4072	156 202 254 264
4073	72 195 382 83
4074	129 269 391 178
4075	225 129 154 18
4076	353 158 63 99
4077	238 13 290 253
4078	383 308 388 137
4079	174 66 180 137
4080	179 313 307 168
4081	125 40 199 345
4082	108 26 350 298
4083	286 243 114 360
4084	98 53 80 66
4085	114 246 70 157
4086	73 257 43 158
4087	341 265 198 155
4088	378 23 326 141
4089	176 98 136 233
4090	319 326 57 229
4091	24 148 308 347
4092	385 391 217 240
4093	293 166 371 219
4094	134 62 280 105
4095	218 228 306 358
4096	53 155 348 369
4097	181 381 340 219
4098	219 240 126 215
4099	77 319 259 324
4100	305 76 356 39
4101	393 365 123 137
4102	60 95 345 76
4103	205 5 273 335
4104	56 368 201 360
4105	188 171 317 101
4106	14 269 334 362
4107	380 32 177 341
4108	382 309 107 244
4109	43 255 396 351
4110	119 28 162 208
4111	358 86 221 343
4112	94 309 209 177
4113	1 3 47 284
4114	128 121 240 48
4115	379 331 11 238
4116	290 212 297 334
4117	325 241 151 42
4118	186 308 49 20
4119	121 179 246 325
4120	325 148 108 299
4121	256 66 229 136
4122	42 331 251 40
4123	125 270 287 45
4124	177 333 358 147
4125	339 1 31 293
4126	20 367 196 157
4127	228 150 318 155
4128	249 311 363 355
4129	322 23 266 17
4130	255 314 157 315
4131	35 205 128 118
4132	178 249 233 114
4133	287 283 384 243
4134	380 173 98 328
4135	170 137 273 108
4136	299 188 104 93
4137	19 34 176 392
4138	9 261 115 177
4139	321 365 257 399
4140	327 42 180 230
4141	76 17 118 400
4142	390 121 148 58
4143	239 13 79 159
4144	318 48 258 10
4145	159 3 235 214
4146	151 274 299 80
4147	292 76 385 198
4148	258 284 293 387
4149	47 143 186 148
4150	151 261 383 33
4151	338 28 188 305
4152	343 329 98 231
4153	105 36 164 386
4154	136 138 200 149
4155	124 258 376 309
4156	110 296 322 247
4157	17 347 310 400
4158	264 196 248 164
4159	4 173 115 273
4160	119 195 238 155
4161	308 33 100 186
4162	336 187 7 107
4163	173 198 44 21
4164	103 6 79 46
4165	115 332 135 202
4166	331 400 356 159
4167	100 244 112 241
4168	237 377 55 137
4169	156 311 249 386
4170	95 330 102 351
4171	254 61 205 20
4172	276 114 340 323
4173	302 399 258 107
4174	38 249 24 232
4175	139 249 369 279
4176	287 100 276 36
4177	172 42 125 129
4178	283 272 328 372
4179	385 133 170 112
4180	264 395 209 372
4181	214 187 374 132
4182	122 19 284 53
4183	98 356 146 271
4184	313 225 356 32
4185	319 151 379 104
4186	134 368 164 343
4187	248 35 114 363
4188	212 225 70 178
4189	400 147 84 7
4190	204 150 87 315
4191	368 23 343 15
4192	38 400 144 162
4193	259 96 74 233
4194	17 275 96 219
4195	342 330 155 373
4196	75 181 155 236
4197	168 192 161 249
4198	252 338 261 366
4199	368 242 183 370
4200	293 252 73 204
4201	96 35 397 147
4202	48 2 154 129
4203	251 185 222 352
4204	212 304 330 316
4205	2 14 82 295
4206	383 393 269 17
4207	131 76 324 97
4208	37 192 196 377
4209	128 341 66 15
4210	328 21 145 240
4211	391 219 59 388
4212	79 80 33 353
4213	306 35 142 274
4214	7 248 368 109
4215	253 70 197 208
4216	360 15 285 266
4217	222 240 198 314
4218	239 229 190 291
4219	212 336 343 106
4220	400 330 173 51
4221	251 389 341 223
4222	101 132 171 65
4223	3 347 162 393
4224	85 323 365 163
4225	194 188 62 344
4226	161 376 156 199
4227	267 337 340 131
4228	236 400 366 215
4229	145 138 246 153
4230	36 294 209 197
4231	198 394 306 159
4232	348 142 315 231
4233	210 175 306 88
4234	238 144 201 330
4235	346 316 280 339
4236	340 66 135 398
4237	310 122 35 356
4238	331 92 296 198
4239	247 320 53 50
4240	377 159 312 90
4241	194 167 262 20
4242	385 286 210 48
4243	272 244 266 310
4244	201 343 256 270
4245	278 37 110 162
4246	350 235 96 390
4247	349 203 10 372
4248	250 156 325 217
4249	58 81 327 258
4250	123 225 338 328
4251	361 124 298 164
4252	175 203 54 106
4253	99 352 297 136
4254	341 383 88 355
4255	266 121 234 10
4256	54 61 71 173
4257	143 285 16 59
4258	66 309 51 240
4259	149 144 36 12
4260	110 201 56 197
4261	362 56 10 320
4262	9 307 336 330
4263	51 260 331 339
4264	23 400 10 246
4265	69 41 302 262
4266	38 121 277 312
4267	379 197 83 182
4268	254 9 192 181
4269	334 38 2 331
4270	234 6 61 368
4271	149 110 375 33
4272	267 359 399 316
4273	207 76 21 34
4274	253 46 146 57
4275	200 194 53 259
4276	56 145 88 6
4277	295 287 290 121
4278	182 212 282 251
4279	144 57 168 296
4280	58 198 144 359
4281	284 162 15 214
4282	134 239 122 366
4283	179 214 80 65
4284	280 60 116 262
4285	387 41 5 396
4286	71 38 147 324
4287	174 266 218 126
4288	24 23 71 256
4289	364 229 370 148
4290	114 241 164 49
4291	352 343 16 85
4292	180 197 118 157
4293	104 78 194 135
4294	34 269 376 396
4295	196 81 353 377
4296	82 151 350 70
4297	388 81 242 286
4298	12 90 173 54
4299	186 125 328 66
4300	387 139 214 306
4301	187 103 364 237
4302	304 285 372 109
4303	317 212 223 361
4304	245 183 86 334
4305	308 249 103 274
4306	311 328 340 43
4307	237 365 206 51
4308	332 155 325 193
4309	66 143 317 234
4310	93 301 340 237
4311	359 243 45 358
4312	216 153 10 286
4313	187 128 115 313
4314	228 158 319 167
4315	177 173 374 19
4316	227 104 20 393
4317	38 352 322 238
4318	57 344 82 363
4319	154 322 183 279
4320	99 86 58 18
4321	168 248 387 146
4322	22 97 279 302
4323	2 133 88 24
4324	356 104 90 305
4325	76 193 117 230
4326	315 233 146 126
4327	319 268 222 123
4328	115 215 385 244
4329	376 22 181 297
4330	173 137 19 149
4331	220 202 137 217
4332	269 342 42 400
4333	275 3 160 91
4334	226 368 365 231
4335	107 302 138 19
4336	327 47 386 282
4337	151 361 264 138
4338	19 1 360 5
4339	26 130 35 159
4340	84 241 110 387
4341	323 322 132 160
4342	134 307 346 219
4343	152 13 161 55
4344	174 72 350 46
4345	15 185 201 203
4346	38 103 200 386
4347	58 212 8 21
4348	104 377 385 287
4349	209 8 77 148
4350	55 159 147 3
4351	291 142 344 106
4352	10 341 322 259
4353	171 187 395 136
4354	8 212 249 326
4355	334 164 377 279
4356	131 148 74 227
4357	366 129 391 176
4358	333 167 111 173
4359	265 202 8 240
4360	51 76 396 274
4361	135 96 278 78
4362	2 17 23 133
4363	378 323 140 88
4364	296 194 269 339
4365	245 226 55 163
4366	51 299 81 56
4367	311 112 103 316
4368	137 147 221 108
4369	102 398 36 101
4370	62 186 317 8
4371	118 183 143 158
4372	394 167 45 189
4373	319 354 117 143
4374	198 41 173 150
4375	234 71 248 177
4376	89 194 332 100
4377	242 345 92 269
4378	317 140 145 338
4379	180 42 249 305
4380	327 58 67 300
4381	123 306 214 133
4382	195 186 136 311
4383	355 49 277 223
4384	84 198 297 371
4385	134 39 124 345
4386	161 316 351 238
4387	153 392 307 302
4388	254 68 333 6
4389	127 202 342 130
4390	381 31 263 315
4391	154 307 75 182
4392	38 309 288 304
4393	125 385 235 141
4394	296 341 87 172
4395	243 26 306 217
4396	249 38 221 212
4397	41 265 72 50
4398	252 169 90 178
4399	384 349 312 262
4400	187 324 272 239
4401	29 333 64 295
4402	223 98 370 24
4403	112 270 335 32
4404	70 223 272 67
4405	150 371 209 208
4406	263 293 250 39
4407	76 90 268 98
4408	286 215 218 380
4409	156 385 43 100
4410	199 306 96 47
4411	291 353 132 363
4412	31 28 278 155
4413	287 368 301 136
4414	185 113 211 225
4415	260 158 83 13
4416	307 330 315 73
4417	186 205 163 245
4418	387 339 65 388
4419	85 30 61 384
4420	81 300 400 238
4421	183 185 339 216
4422	125 181 395 353
4423	232 153 96 376
4424	113 297 155 100
4425	387 328 110 18
4426	248 309 347 264
4427	84 298 105 208
4428	272 9 82 172
4429	301 187 393 263
4430	88 263 255 166
4431	272 289 208 336
4432	17 165 277 136
4433	188 31 319 136
4434	157 385 337 9
4435	109 279 382 11
4436	335 133 168 116
4437	13 164 376 361
4438	349 20 362 80
4439	22 282 387 31
4440	10 229 297 18
4441	355 212 311 365
4442	119 19 253 84
4443	132 318 361 231
4444	383 242 159 254
4445	56 387 246 74
4446	88 72 98 45
4447	206 226 188 11
4448	72 140 239 20
4449	317 36 356 58
4450	162 308 156 258
4451	335 296 247 249
4452	399 241 50 261
4453	214 80 152 232
4454	198 289 326 38
4455	164 398 228 281
4456	16 244 132 72
4457	333 61 140 258
4458	116 239 266 321
4459	226 144 35 114
4460	68 188 3 273
4461	107 189 286 39
4462	88 236 223 47
4463	208 352 60 149
4464	174 131 215 323
4465	144 115 258 55
4466	297 400 363 385
4467	293 170 246 369
4468	376 230 333 85
4469	148 214 77 135
4470	299 5 77 136
4471	216 309 225 284
4472	340 205 356 30
4473	295 117 350 205
4474	94 366 33 163
4475	376 163 151 186
4476	347 64 16 382
4477	86 68 116 217
4478	312 4 252 392
4479	237 242 303 386
4480	363 83 84 185
4481	336 41 75 198
4482	253 354 394 232
4483	167 310 91 15
4484	336 114 298 210
4485	114 400 231 214
4486	161 323 111 154
4487	137 58 343 251
4488	190 5 244 71
4489	100 32 327 194
4490	272 146 273 282
4491	42 92 81 135
4492	79 226 29 71
4493	366 346 292 23
4494	46 269 306 330
4495	60 274 294 62
4496	364 265 50 351
4497	258 55 86 13
4498	283 285 257 144
4499	10 190 101 109
4500	83 93 106 54
4501	178 137 360 4
4502	154 271 233 187
4503	324 191 11 69
4504	368 71 168 91
4505	346 102 312 178
4506	50 139 3 204
4507	198 375 281 161
4508	181 389 34 3
4509	136 348 372 33
4510	70 355 47 34
4511	139 157 66 293
4512	230 14 4 319
4513	77 339 273 25
4514	57 239 210 193
4515	258 397 376 242
4516	228 32 393 308
4517	297 393 367 104
4518	400 192 251 383
4519	152 132 331 25
4520	367 366 208 308
4521	121 198 119 260
4522	109 282 263 172
4523	299 76 320 223
4524	354 160 228 341
4525	383 63 253 302
4526	391 110 233 191
4527	223 347 165 143
4528	293 194 192 1
4529	167 211 287 187
4530	23 209 131 288
4531	351 374 85 178
4532	165 236 348 314
4533	155 316 109 325
4534	153 85 384 391
4535	219 252 380 31
4536	369 294 64 365
4537	60 400 353 179
4538	229 153 339 319
4539	147 79 212 189
4540	300 63 344 379
4541	165 301 24 369
4542	82 92 367 97
4543	42 369 4 103
4544	11 146 373 275
4545	213 200 317 22
4546	68 251 197 400
4547	244 267 46 249
4548	138 329 310 351
4549	282 41 88 364
4550	87 39 158 100
4551	282 36 22 145
4552	144 294 269 137
4553	298 133 131 100
4554	394 138 94 332
4555	256 378 248 82
4556	250 264 295 274
4557	195 149 304 175
4558	15 260 46 245
4559	94 42 322 57
4560	113 338 282 40
4561	11 230 62 57
4562	277 297 60 74
4563	26 71 205 260
4564	217 226 50 10
4565	93 399 251 156
4566	280 380 205 84
4567	104 362 12 400
4568	44 351 304 238
4569	119 195 100 297
4570	5 293 386 19
4571	317 280 126 34
4572	383 200 108 70
4573	118 134 285 266
4574	93 362 15 223
4575	139 391 141 163
4576	50 318 198 173
4577	374 309 197 159
4578	192 69 118 50
4579	35 73 22 78
4580	171 18 361 274
4581	6 326 76 339
4582	296 305 167 141
4583	388 263 201 322
4584	102 192 9 221
4585	115 94 356 139
4586	385 112 1 381
4587	169 292 186 329
4588	347 306 364 37
4589	288 276 283 113
4590	189 29 114 303
4591	187 275 220 223
4592	337 369 400 381
4593	137 104 345 372
4594	173 295 98 379
4595	273 202 150 342
4596	235 342 345 102
4597	80 367 373 16
4598	173 222 297 341
4599	226 202 246 158
4600	30 389 294 87
4601	39 280 64 378
4602	195 385 271 374
4603	59 125 340 355
4604	85 241 334 293
4605	46 250 375 116
4606	379 158 130 335
4607	392 306 215 358
4608	206 54 334 160
4609	55 232 342 255
4610	57 23 123 241
4611	326 273 216 54
4612	389 59 3 307
4613	336 290 375 216
4614	309 191 353 163
4615	232 244 14 195
4616	115 364 357 289
4617	353 80 377 337
4618	140 370 205 180
4619	212 383 302 53
4620	355 15 220 138
4621	102 43 348 121
4622	76 7 346 340
4623	243 68 332 183
4624	149 77 277 247
4625	14 36 12 313
4626	318 34 292 263
4627	174 332 304 280
4628	125 35 120 333
4629	391 132 253 242
4630	63 207 140 190
4631	323 92 193 217
4632	88 193 238 289
4633	127 254 393 177
4634	252 113 175 94
4635	363 321 265 152
4636	17 288 283 212
4637	311 139 28 65
4638	380 194 400 251
4639	239 287 77 167
4640	227 297 176 329
4641	274 230 340 127
4642	358 356 134 312
4643	300 137 349 322
4644	215 255 342 383
4645	101 207 190 338
4646	119 137 4 388
4647	216 389 96 65
4648	281 8 104 397
4649	99 381 162 29
4650	110 130 394 183
4651	351 13 383 231
4652	342 111 383 153
4653	39 385 102 239
4654	120 203 255 144
4655	11 361 160 118
4656	233 114 333 349
4657	299 97 251 312
4658	289 292 329 364
4659	123 357 153 16
4660	398 29 187 1
4661	298 268 199 375
4662	212 35 125 267
4663	11 46 69 56
4664	321 131 328 1
4665	146 389 391 194
4666	179 41 101 228
4667	14 93 97 331
4668	214 305 262 8
4669	298 260 189 232
4670	296 50 191 358
4671	211 156 168 162
4672	319 271 112 362
4673	144 203 219 15
4674	98 176 317 199
4675	14 310 143 78
4676	318 111 97 12
4677	111 183 24 228
4678	200 302 253 354
4679	279 241 210 152
4680	238 229 20 352
4681	27 172 141 252
4682	19 10 256 20
4683	97 206 46 92
4684	320 364 47 138
4685	105 224 221 157
4686	95 311 34 26
4687	123 254 223 111
4688	249 186 169 395
4689	303 2 113 257
4690	47 163 88 346
4691	3 322 233 176
4692	219 107 254 294
4693	233 16 140 253
4694	93 51 365 311
4695	347 298 385 76
4696	21 219 271 283
4697	343 109 72 77
4698	175 202 79 259
4699	222 57 164 83
4700	31 203 395 65
4701	377 66 29 236
4702	8 310 246 269
4703	7 370 110 74
4704	87 326 377 322
4705	17 78 232 393
4706	305 160 165 114
4707	375 85 391 258
4708	333 148 73 359
4709	323 117 215 174
4710	289 207 3 268
4711	263 289 141 9
4712	219 77 351 357
4713	270 180 232 345
4714	343 108 125 314
4715	380 246 131 123
4716	332 192 28 249
4717	394 248 60 139
4718	323 73 313 389
4719	119 13 248 4
4720	241 61 281 65
4721	54 113 144 274
4722	162 1 123 203
4723	224 339 145 119
4724	53 179 388 382
4725	120 73 65 311
4726	305 120 269 71
4727	147 338 190 242
4728	159 18 330 192
4729	389 341 347 36
4730	375 244 95 127
4731	397 322 99 47
4732	96 156 367 357
4733	150 181 15 111
4734	372 38 159 236
4735	39 367 149 23
4736	30 54 297 397
4737	159 19 106 143
4738	123 5 223 96
4739	251 178 271 17
4740	143 122 336 249
4741	35 353 236 52
4742	194 221 214 384
4743	66 69 211 362
4744	7 325 295 32
4745	78 180 296 145
4746	324 54 17 282
4747	190 53 93 168
4748	111 214 89 40
4749	10 192 31 319
4750	81 137 213 69
4751	309 281 396 294
4752	207 354 46 20
4753	6 69 12 224
4754	341 244 310 330
4755	98 28 121 277
4756	275 276 11 327
4757	244 72 18 310
4758	237 5 296 247
4759	214 86 15 217
4760	63 121 341 89
4761	151 74 136 207
4762	382 305 265 321
4763	94 334 204 281
4764	5 87 362 357
4765	176 41 3 157
4766	26 129 138 193
4767	247 358 117 219
4768	59 273 400 378
4769	251 81 87 143
4770	325 77 39 311
4771	48 287 239 184
4772	284 5 351 376
4773	392 284 246 229
4774	8 307 344 314
4775	134 320 192 215
4776	285 257 304 370
4777	191 283 56 167
4778	206 349 161 272
4779	198 314 68 291
4780	351 45 382 214
4781	41 133 333 389
4782	131 328 267 259
4783	294 101 120 10
4784	197 308 187 266
4785	256 162 218 173
4786	62 245 212 244
4787	100 333 356 244
4788	397 77 326 385
4789	246 247 38 295
4790	146 63 119 254
4791	310 378 229 59
4792	293 24 20 78
4793	82 294 244 105
4794	106 29 312 342
4795	232 81 254 270
4796	367 277 268 295
4797	139 244 319 274
4798	339 365 123 266
4799	14 294 26 209
4800	361 87 307 270
4801	143 64 260 289
4802	297 136 39 180
4803	362 119 366 381
4804	357 18 26 281
4805	75 123 292 2
4806	258 179 240 294
4807	122 153 6 206
4808	102 94 60 110
4809	154 253 95 169
4810	133 364 65 348
4811	66 322 297 67
4812	276 284 388 64
4813	311 111 86 32
4814	46 24 260 211
4815	381 157 325 184
4816	302 221 329 297
4817	77 371 188 154
4818	339 107 378 190
4819	219 293 106 162
4820	183 338 155 286
4821	309 335 10 346
4822	348 75 179 168
4823	176 34 65 305
4824	373 316 219 22
4825	271 105 78 292
4826	190 294 391 355
4827	278 373 254 366
4828	167 27 10 157
4829	92 303 249 137
4830	306 354 286 165
4831	140 302 118 213
4832	15 269 50 61
4833	316 77 342 7
4834	19 261 41 225
4835	66 6 77 280
4836	50 267 23 47
4837	372 188 115 357
4838	28 333 326 199
4839	370 179 300 99
4840	21 255 263 105
4841	284 103 220 301
4842	308 148 88 46
4843	271 47 181 153
4844	337 298 199 8
4845	26 109 279 21
4846	146 172 381 10
4847	253 347 70 382
4848	9 264 266 133
4849	274 350 299 217
4850	360 221 210 335
4851	246 34 154 347
4852	186 326 285 47
4853	334 17 171 83
4854	258 178 31 216
4855	100 375 283 207
4856	88 291 234 23
4857	5 395 77 175
4858	358 123 286 385
4859	128 202 196 111
4860	217 132 203 323
4861	172 380 347 270
4862	48 295 11 229
4863	384 179 158 150
4864	259 221 48 3
4865	261 390 187 359
4866	198 248 285 52
4867	248 52 74 277
4868	355 260 148 299
4869	369 271 28 286
4870	92 216 175 369
4871	389 146 65 143
4872	147 374 380 136
4873	400 125 302 379
4874	117 247 141 241
4875	68 72 395 58
4876	99 386 113 220
4877	213 260 12 374
4878	148 329 343 361
4879	68 104 331 10
4880	66 138 128 253
4881	117 191 100 390
4882	93 56 229 270
4883	7 5 3 174
4884	235 260 277 339
4885	322 299 355 245
4886	322 77 245 29
4887	107 143 276 22
4888	14 75 389 116
4889	69 251 307 280
4890	236 50 232 330
4891	392 280 87 83
4892	169 222 23 77
4893	68 21 217 174
4894	125 361 369 364
4895	392 291 54 57
4896	7 100 384 26
4897	350 201 9 322
4898	353 129 211 29
4899	103 379 21 325
4900	301 300 208 123
4901	164 30 85 54
4902	13 153 295 399
4903	296 41 331 380
4904	343 342 322 68
4905	235 49 30 281
4906	107 324 58 35
4907	333 369 315 189
4908	33 81 83 75
4909	204 399 168 219
4910	396 351 329 62
4911	160 324 366 242
4912	394 81 218 193
4913	171 279 184 1
4914	348 336 357 195
4915	56 176 93 83
4916	3 358 250 218
4917	160 165 351 226
4918	353 244 228 21
4919	195 142 329 80
4920	140 155 45 147
4921	231 127 197 39
4922	234 194 31 349
4923	202 18 86 27
4924	355 360 265 41
4925	46 30 334 209
4926	206 21 28 313
4927	176 45 27 343
4928	227 252 244 225
4929	29 357 99 180
4930	329 247 190 39
4931	333 185 149 56
4932	45 349 297 96
4933	325 57 127 188
4934	194 293 358 377
4935	161 267 256 328
4936	364 73 366 279
4937	285 333 287 398
4938	293 280 373 97
4939	41 370 298 335
4940	176 198 215 192
4941	90 179 328 350
4942	221 49 57 256
4943	8 104 173 25
4944	250 178 71 358
4945	252 400 254 96
4946	144 351 181 327
4947	38 354 263 394
4948	367 150 336 131
4949	388 97 365 87
4950	92 33 84 3
4951	298 354 87 387
4952	32 296 264 382
4953	6 162 198 205
4954	109 366 112 275
4955	368 246 167 74
4956	354 346 11 382
4957	114 383 104 4
4958	24 155 318 272
4959	73 202 269 203
4960	103 127 182 266
4961	180 65 87 343
4962	58 169 189 90
4963	316 63 123 382
4964	226 133 256 93
4965	253 196 239 287
4966	51 322 262 291
4967	374 358 387 190
4968	24 11 223 278
4969	172 73 10 45
4970	317 365 179 75
4971	229 76 152 69
4972	289 151 228 244
4973	287 179 40 37
4974	102 99 238 240
4975	199 246 157 102
4976	384 72 322 231
4977	199 60 386 250
4978	69 71 12 318
4979	249 96 216 119
4980	372 190 152 138
4981	157 377 280 170
4982	168 191 74 197
4983	250 247 215 249
4984	190 50 69 123
4985	216 89 250 60
4986	332 186 198 224
4987	145 317 183 347
4988	354 231 86 233
4989	383 142 330 73
4990	345 364 295 294
4991	309 389 211 26
4992	396 393 378 8
4993	284 5 206 155
4994	125 396 31 130
4995	60 311 299 316
4996	134 61 338 307
4997	140 252 19 237
4998	170 378 399 246
4999	2 95 322 71
5000	154 43 97 114
