Course	Room	Teacher	Time	Students
212	13	87	2	32 178 184 188 313 338 447 495 587 594 628 657 750 868 924 944 960 1003 1103 1140 1165 1188 1256 1322 1433 1670 1830 1839 2247 2403 2559 2582 2741 2757 2808 2953 2969 2980 3042 3115 3211 3435 3586 3591 3616 3640 3684 3785 3789 3806 3932 4054 4274 4313 4317 4610 4638 4722 4994
307	40	27	2	5 43 278 390 448 500 805 825 905 909 977 1074 1101 1215 1229 1269 1270 1301 1308 1387 1589 2018 2110 2276 2344 2430 2610 2640 2735 2823 2959 3216 3322 3327 3341 3404 3572 3579 3648 3711 3811 3891 3948 4089 4118 4161 4226 4301 4426 4430 4784 4814 4828 4939
293	1	157	2	50 89 166 199 347 645 800 897 959 1049 1063 1180 1328 1378 1441 1565 1721 1956 2046 2180 2218 2251 2332 2572 2614 2621 2745 3021 3167 3245 3250 3257 3278 3624 3708 3756 3763 3775 3829 3831 4055 4211 4245 4325 4353 4494 4499 4527 4571 4654 4730 4792
342	23	98	2	133 144 249 323 751 1010 1031 1190 1210 1213 1235 1247 1252 1278 1313 1534 1569 1618 1707 1749 1766 1889 1903 1945 2063 2066 2296 2310 2355 2389 2694 2984 3062 3244 3310 3320 3347 3348 3689 3721 3903 3933 3988 4110 4189 4222 4369 4466 4631 4824 4874 4875 4913 4995
56	35	195	2	251 389 397 738 739 820 1048 1080 1126 1159 1168 1368 1636 1638 1714 1848 1876 1974 1979 2060 2117 2175 2209 2288 2341 2591 2650 2727 2763 2776 2803 2905 3016 3038 3229 3364 3369 3391 3397 3434 3590 3686 3881 3882 4032 4092 4098 4204 4224 4261 4316 4361 4559 4562 4873 4900
98	5	66	2	433 568 608 1028 1036 1073 1221 1299 1351 1366 1544 1579 1603 1632 1693 1732 1735 1755 1900 2002 2071 2150 2244 2454 2660 2740 2858 3008 3330 3371 3466 3507 3636 3638 3665 3788 3954 4075 4177 4208 4348 4352 4454 4487 4549 4626 4652 4704 4738 4747 4770 4981 4997
218	36	120	2	212 234 242 440 489 706 755 838 879 955 1616 1821 1901 2001 2115 2130 2137 2315 2542 2544 2546 2754 2809 2864 2895 2996 3006 3183 3212 3407 3415 3555 3561 3596 3602 3650 3651 3691 3861 3949 3974 4279 4389 4407 4515 4731 4885 4897 4901 4915 4916
270	13	27	4	202 207 285 454 521 561 834 875 922 1131 1182 1189 1358 1378 1528 1553 1580 1648 1698 1728 1840 1915 1942 1993 2065 2091 2147 2150 2210 2321 2439 2769 2809 2851 2969 3104 3109 3302 3378 3476 3514 3580 3592 3961 4115 4339 4368 4382 4443 4504 4643 4661 4738 4829 4910 4947 4978
325	29	39	2	79 117 233 415 424 530 560 764 815 850 1169 1233 1497 1504 1743 1818 1998 2026 2049 2238 2302 2321 2406 2647 2648 2699 2779 2806 2813 2871 2896 2987 3214 3231 3284 3373 3400 3459 3551 3628 3681 3746 3823 3870 3915 4128 4275 4276 4331 4367 4480 4756
23	3	117	2	1 46 74 99 167 260 334 416 521 559 602 716 726 836 890 896 954 1105 1110 1137 1452 1634 1646 1802 1840 1910 1944 2048 2079 2113 2139 2177 2246 2278 2313 2316 2527 2584 2758 2759 2872 2878 2891 3390 3422 3537 3669 4059 4076 4259 4298 4384 4522 4535 4539 4542 4579 4618 4755
300	39	8	2	136 146 230 239 281 316 328 394 499 694 724 736 784 840 844 925 975 999 1013 1021 1062 1174 1186 1487 1595 1677 1858 1932 1960 1973 1977 2080 2187 2195 2254 2537 2554 2593 2718 2868 2957 3139 3486 3604 3814 3893 4130 4171 4250 4293 4372 4440 4596 4607 4640 4960
332	7	110	2	30 65 138 221 288 473 690 752 774 788 1248 1295 1331 1359 1467 1507 1725 1815 1912 2008 2205 2283 2424 2472 2479 2491 2670 2811 2843 2848 3009 3061 3072 3189 3234 3331 3392 3406 3610 3760 3909 3959 4047 4060 4080 4358 4665 4775 4782
48	21	165	2	51 263 365 380 459 508 586 596 648 691 793 902 1072 1084 1204 1516 1582 1588 1694 1757 2022 2040 2214 2275 2429 2576 2652 2770 2775 2943 2949 3124 3128 3209 3361 3379 3481 3542 3787 3809 3826 3989 4002 4024 4157 4165 4346 4354 4428 4453 4491 4926
136	4	42	2	162 254 324 340 405 462 686 695 771 1154 1183 1411 1439 1461 1466 1495 1496 1575 1686 1737 1764 1841 1846 1916 1940 1951 1993 2025 2461 2496 2503 2540 2732 2936 2956 3154 3165 3293 3465 3498 3717 3799 3807 3851 3908 3947 3961 4009 4132 4285 4424 4583 4632 4836
158	16	52	2	37 41 96 109 341 404 501 588 609 749 759 829 861 877 880 894 1055 1263 1549 1641 1746 1792 1891 2100 2277 2305 2551 2628 2731 2812 2844 2875 2950 2986 3156 3181 3188 3233 3255 3413 3452 3464 3605 3615 3677 3753 3816 3944 4183 4328 4413 4855 4880
223	9	131	2	190 243 350 375 452 477 522 828 1017 1019 1119 1120 1239 1451 1460 1479 1505 1559 1733 1775 1805 1850 1871 1882 1930 1936 2031 2038 2199 2523 2532 2556 2818 2822 3088 3175 3346 3633 3752 3805 3980 4134 4158 4209 4249 4564 4657 4697 4739 4825 4846
327	26	199	2	141 241 400 407 550 763 1041 1051 1098 1136 1261 1311 1348 1358 1482 1489 1515 1564 1763 1817 1827 1844 2167 2269 2363 2681 2734 2857 2981 3049 3083 3291 3487 3659 3768 3834 3937 4160 4307 4326 4503 4659 4669 4859 4879 4934
78	34	99	2	18 86 255 308 331 445 507 598 674 864 1310 1363 1469 1474 1543 1635 1898 1931 1939 1962 2010 2216 2295 2422 2439 2566 2592 2594 2627 2820 2946 3173 3283 3428 3443 3448 3526 3593 3735 3754 3769 3838 3936 3973 4181 4238 4306 4462 4734 4945
115	14	2	2	26 143 256 264 408 456 482 583 621 636 701 1026 1065 1099 1128 1249 1444 1703 1772 1911 2101 2179 2220 2260 2346 2644 2645 2678 2749 2839 2840 3074 3080 3191 3215 3350 3467 3472 3558 3656 3884 4036 4085 4156 4299 4399 4421 4812 4932
120	24	114	2	67 93 107 179 216 490 563 667 698 713 947 1161 1284 1347 1389 1498 1966 2142 2147 2314 2329 2462 2521 2522 2574 2664 2760 2837 2860 2861 2998 3149 3196 3433 3488 3629 3798 3835 3873 3896 3970 4312 4448 4509 4687 4688 4711 4740 4745 4919
167	19	124	2	3 63 185 205 475 543 787 816 851 953 1097 1194 1274 1300 1312 1355 1409 1462 1520 1539 1679 1923 1924 2042 2058 2070 2379 2509 2601 2748 2790 2927 3077 3116 3159 3337 3441 3546 3617 3619 3720 3967 3992 4020 4167 4194 4409 4519 4561 4694 4761 4779 4849 4906
182	8	170	2	187 468 492 509 565 727 767 1178 1208 1279 1382 1550 1647 1774 1809 1887 1917 2064 2109 2188 2230 2272 2284 2464 2714 2782 2805 2816 2849 3059 3104 3221 3249 3264 3468 3552 3599 3626 3758 3801 3841 3925 4052 4267 4557 4595 4676 4767 4788 4881 4978
237	15	104	2	134 270 413 532 562 617 692 858 911 931 1050 1189 1222 1289 1418 1430 1485 1542 1560 1934 1964 1985 2030 2034 2141 2206 2234 2481 2898 2940 2985 3208 3269 3429 3461 3538 3643 3710 3776 3837 3890 3924 3972 4230 4289 4320 4378 4386 4622 4651 4655 4786 4931
249	37	82	2	66 164 512 516 523 725 795 809 936 938 951 970 1009 1094 1518 1709 1718 1750 1810 1819 2014 2033 2357 2398 2442 2480 2797 2798 3060 3071 3418 3485 3496 3812 3869 3895 3934 3981 4018 4270 4300 4329 4467 4501 4616 4683 4729 4746
262	32	138	2	87 186 306 312 314 355 356 357 520 928 1022 1124 1125 1150 1440 1643 1680 1783 1922 2092 2263 2335 2352 2356 2376 2392 2421 2847 3037 3081 3105 3162 3267 3324 3544 3857 4114 4136 4166 4232 4265 4379 4446 4478 4482 4528 4597 4708 4793 4797 4883 4989
290	10	196	2	4 16 496 527 593 655 656 708 814 889 1253 1337 1360 1361 1379 1402 1414 1427 1883 1950 2073 2118 2193 2252 2291 2362 2506 2524 2607 2829 2930 2931 3017 3025 3067 3241 3343 3403 3416 3446 3722 3761 3866 3921 4005 4022 4174 4315 4547 4555 4580 4656 4783 4794
297	6	152	2	6 44 161 191 295 399 620 729 756 772 875 922 1042 1156 1207 1273 1305 1306 1384 1471 1530 1546 1597 1665 1738 1868 2020 2114 2155 2171 2290 2832 3394 3408 3475 3502 3621 4030 4126 4169 4186 4398 4400 4402 4425 4465 4581 4635 4893
318	22	162	2	104 224 300 464 470 491 679 684 707 821 855 920 930 1197 1258 1302 1521 1731 2045 2119 2207 2248 2287 2307 2312 2696 2753 2973 3001 3121 3169 3447 3518 3540 3565 3641 3672 3712 3767 3889 3962 4069 4247 4318 4727 4771 4842 4895 4993
59	27	141	2	94 160 180 371 417 671 843 1018 1162 1175 1212 1343 1365 1432 1562 1572 1573 1578 1628 2015 2061 2351 2452 2482 2605 2709 2869 2917 2954 3153 3163 3359 3375 3484 3549 3777 3899 3906 4272 4305 4340 4798
68	25	53	2	204 223 410 531 649 808 813 1056 1133 1179 1199 1214 1437 1524 1675 1874 2338 2410 2436 2441 2505 2571 2575 2680 2698 3114 3290 3321 3358 3370 3425 3657 3736 3927 3938 3984 4046 4074 4333 4338 4436 4476 4518 4552 4642 4801 4961 5000
76	12	62	2	114 293 342 419 539 558 651 696 891 903 937 1070 1112 1224 1232 1283 1381 1464 1751 1997 2292 2301 2334 2367 2369 2404 2467 2596 2674 2799 2873 2906 2935 3002 3026 3075 3087 3184 3225 3272 3292 3353 3607 3620 3878 3894 3991 4014 4033 4489 4854 4890
234	33	25	2	25 80 171 676 714 737 867 908 979 1127 1225 1354 1406 1447 1552 1769 1853 1867 1971 2381 2383 2468 2529 2538 2629 2701 2888 2914 2967 3005 3046 3054 3166 3178 3230 3387 3585 3782 3832 3900 3957 3998 4061 4140 4193 4281 4288 4450 4558 4699 4714 4743 4869
267	40	42	4	113 260 265 414 417 485 519 622 644 754 830 1173 1219 1225 1245 1382 1397 1409 1411 1518 1689 1846 2157 2168 2209 2241 2365 2420 2491 2649 2654 2692 2722 2765 2903 2960 3144 3313 3572 3603 3687 3690 3855 4359 4452 4481 4537 4569 4751 4888 4900 4913 4992
335	28	12	2	222 457 629 672 718 777 817 895 976 1317 1330 1396 1513 1522 1540 1676 1695 1787 1854 2021 2164 2231 2396 2400 2420 2459 2516 2580 2633 2824 2880 2942 2963 3091 3192 3305 3570 3573 3597 3702 3859 3871 3887 3935 3975 4096 4412 4878
351	20	15	2	98 132 517 658 849 1088 1093 1412 1514 1570 1599 1622 1672 1811 1855 1905 1914 1952 2028 2330 2382 2418 2438 2507 2512 2552 2564 2641 2690 2827 2846 2866 3100 3199 3227 3260 3618 3642 3755 3796 3833 3843 3858 3913 4000 4152 4179 4218 4434 4468 4532 4590 4679 4752 4992
28	2	100	2	2 282 422 635 882 1060 1091 1231 1281 1362 1364 1374 1375 1403 1483 1531 1602 1621 2245 2345 2366 2434 2466 2473 2565 2613 2720 3113 3222 3248 3258 3274 3302 3342 3588 3674 3724 3912 4149 4184 4228 4229 4366 4396 4639 4675 4765 4816 4962 4969
90	1	195	4	39 200 211 223 413 504 522 545 625 846 1029 1109 1231 1410 1684 1722 1738 2215 2238 2555 2636 2637 2663 2702 2758 2795 2976 3198 3342 3453 3523 3614 3922 3971 4018 4431 4445 4473 4496 4547 4555 4666 4905
108	17	176	2	153 155 283 601 711 717 854 869 1039 1052 1104 1138 1246 1404 1493 1548 1571 1678 1784 1928 1986 2099 2173 2219 2243 2401 2435 2448 2615 2781 2835 2962 3065 3164 3205 3757 3786 4012 4058 4070 4087 4113 4159 4214 4234 4492 4582 4664 4823 4898 4949
168	38	38	2	48 82 326 344 359 570 573 786 842 1033 1164 1293 1346 1371 1393 1532 1719 1777 2068 2132 2229 2317 2340 2465 2665 2688 2993 3003 3259 3261 3311 3419 3463 3527 3576 3577 3649 3700 4182 4339 4628 4673 4795 4817 4861 4922 4946
169	31	198	2	379 403 505 567 618 646 796 823 886 1014 1023 1370 1438 1449 1541 1600 1629 1782 1793 1838 2082 2138 2268 2271 2598 2651 2667 2679 2854 2867 2911 3109 3186 3193 3247 3285 3344 3389 3450 3707 3986 4287 4481 4601 4685 4701 4719 4907
177	18	145	2	126 157 202 362 480 659 770 790 986 1007 1196 1262 1297 1423 1484 1760 1768 1921 2011 2032 2145 2371 2668 2704 2739 2814 2926 2928 3019 3028 3089 3263 3427 3432 3479 3655 3667 3698 3713 3976 4013 4040 4330 4383 4438 4441 4682 4815 4876
193	23	152	4	31 73 147 186 228 326 362 367 430 546 627 745 769 890 1321 1369 1662 1931 2156 2185 2228 2354 2514 2571 2610 2802 2839 2877 2938 2955 3035 3324 3437 3484 3507 3634 3733 3844 3996 4082 4108 4147 4309 4313 4330 4650 4833 4877 4920 4927 4928
227	30	181	2	105 174 250 353 360 421 426 431 678 942 995 1090 1149 1163 1523 1851 2007 2146 2156 2484 2531 2557 2666 2737 2751 2855 2889 2913 3130 3300 3356 3474 3553 3592 3704 3778 3863 4072 4077 4135 4505 4513 4570 4586 4591 4629 4725 4787
240	11	107	2	450 513 541 564 669 673 740 783 987 1059 1082 1241 1390 1415
277	35	155	4	78 89 138 377 614 623 867 952 1023 1066 1193 1246 1270 1314 1319 1469 1574 1596 2307 2389 2451 2592 2626 2850 2890 2966 3045 3278 3284 3319 3389 3492 3599 3790 3953 4010 4074 4200 4310 4538 4767 4779 4809 4812 4944 4976 4983
291	5	97	4	19 99 136 345 352 420 434 554 666 806 819 1011 1288 1426 1464 1503 1573 1590 1637 1892 2010 2062 2067 2405 2445 2463 2526 2534 2597 2772 2841 3121 3263 3285 3525 3586 3597 3679 3891 3985 4129 4203 4251 4365 4432 4479 4574 4585 4737 4840
306	36	141	4	7 185 309 366 419 497 515 778 831 990 1064 1133 1167 1497 1515 1536 1567 1623 1635 1668 1855 1890 2047 2182 2301 2324 2372 2384 2430 2440 2669 2940 2949 3022 3073 3290 3321 3381 3466 3526 3582 3643 3670 3812 4182 4253 4480 4621 4674 4746 4850 4881
315	29	51	4	27 28 125 218 342 446 479 562 564 709 826 908 981 1240 1350 1595 1653 1972 1987 2021 2038 2085 2189 2293 2312 2331 2766 2830 2836 2975 3003 3112 3175 3219 3243 3303 3315 3497 3524 3552 3594 3904 4092 4220 4259 4307 4336 4603 4758 4796 4804 4871 4943 4969
317	3	130	4	191 411 450 716 859 1027 1202 1228 1445 1447 1656 1696 1795 1867 1879 1889 2126 2285 2325 2327 2399 2632 2768 2797 2943 3071 3097 3119 3455 3579 3613 3767 3786 3862 3897 4059 4183 4271 4377 4394 4397 4435 4486 4764 4814 4886
336	39	89	4	299 721 894 1094 1185 1226 1471 1661 1666 1705 1758 1767 1813 1896 1962 2071 2102 2193 2345 2411 2449 2461 2509 2575 2670 2767 2784 2790 2799 2824 2973 3017 3075 3179 3222 3332 3459 3461 3510 3557 3754 3788 3889 3983 4000 4020 4133 4184 4466 4707 4736 4780 4797 4819
359	7	20	4	15 57 120 161 317 353 390 428 432 460 674 726 808 827 870 916 1000 1005 1043 1170 1488 1642 2042 2112 2164 2239 2362 2364 2386 2588 2634 2668 2733 2803 2900 2923 3695 3875 3911 3955 4099 4242 4261 4292 4625 4832 4922
86	21	98	4	190 294 558 793 800 1152 1213 1262 1279 1673 1695 1799 1836 1870 1871 2006 2247 2258 2504 2547 2655 2734 2834 2908 2959 2983 3096 3111 3253 3659 3673 3796 4024 4037 4087 4177 4194 4231 4273 4317 4418 4577 4735 4805 4806 4818 4907 4954
181	4	115	4	33 79 101 255 290 368 406 438 442 443 707 748 789 923 1209 1271 1324 1327 1434 1610 1742 2133 2165 2183 2211 2270 2412 2421 2490 2510 2557 2852 2918 3056 3162 3293 3636 3903 4125 4224 4233 4399 4525 4533 4550 4588 4607 4760 4851 4859
200	16	35	4	80 175 226 263 384 820 896 1015 1073 1089 1092 1093 1374 1398 1522 1748 1766 1902 1912 1940 2138 2174 2235 2291 2315 2441 2646 2739 2782 2958 3021 3141 3150 3308 3380 3444 3488 3575 3663 3692 3722 3780 4338 4372 4438 4564 4584 4600 4637 4756
219	9	10	4	10 118 129 145 174 337 405 478 590 617 704 802 833 904 1272 1354 1389 1423 1559 1568 1586 2383 2635 2688 2689 2728 2750 2887 2944 3050 3077 3115 3136 3212 3214 3678 4093 4202 4243 4433 4450 4512 4682 4721 4799 4914 4963
225	26	177	4	37 128 131 435 669 670 841 950 997 1050 1273 1291 1746 1874 1898 1905 2011 2019 2106 2188 2227 2283 2348 2363 2520 2608 2793 2882 2999 3186 3196 3221 3563 3645 4023 4077 4186 4265 4375 4498 4580 4651 4668 4787 4815 4861 4882
244	34	119	4	5 108 209 257 331 459 467 845 977 993 1352 1384 1403 1458 1624 1687 1751 2022 2024 2039 2123 2201 2229 2274 2282 2346 2360 2822 2889 2910 2916 2937 2995 3457 3480 3625 3680 3795 3828 3852 3951 3972 4054 4197 4230 4598
288	14	84	4	114 267 301 437 448 878 921 1063 1195 1197 1227 1387 1527 1598 1688 1820 1961 1997 1999 2059 2086 2125 2265 2338 2470 2481 2517 2800 2927 2986 3002 3033 3120 3239 3462 3490 3565 3729 3742 3952 3964 4107 4314 4343 4597 4705 4766 4830 4940 4961 4993
302	24	18	4	289 332 591 711 750 762 776 946 983 1056 1077 1100 1159 1267 1401 1845 1967 2048 2184 2225 2536 2671 2912 3018 3048 3124 3126 3200 3220 3244 3274 3275 3283 3301 3577 3740 3823 3825 3839 3843 3924 3989 4045 4327 4351 4429 4642 4788 4790 4801 4984 4998
309	19	121	4	143 182 321 349 350 385 536 856 880 885 929 989 1243 1250 1342 1348 1448 1712 1897 2255 2318 2501 2545 2642 2789 2861 2884 3082 3095 3352 3367 3458 3697 3918 3993 4058 4094 4272 4278 4515 4628 4795
328	8	183	4	82 179 527 574 580 653 868 1085 1143 1153 1169 1326 1375 1683 1708 1732 1894 2054 2069 2197 2339 2397 2402 2416 2431 2493 2551 2700 2755 2763 2865 3167 3240 3261 3338 3616 3858 3880 3930 3937 4305 4360 4379 4434 4492 4669 4706 4917 4949 4964 4986
9	15	68	4	55 231 256 596 662 664 1030 1179 1206 1224 1251 1365 1454 1486 1533 1539 1663 1773 1917 1928 2299 2332 2448 2525 2612 2842 2893 2953 3016 3133 3304 3351 3386 3416 3428 3504 3628 3925 4064 4072 4293 4513 4516 4519 4560 4595 4681 4837 4938
55	37	67	4	62 75 106 399 549 744 824 1080 1192 1203 1234 1364 1392 1511 1646 1864 2111 2192 2252 2320 2457 2625 2647 2661 2781 2984 3054 3228 3232 3294 3299 3410 3502 3617 3824 3910 3915 4014 4122 4170 4189 4270 4386 4474 4477 4485 4592 4761 4828
60	32	79	4	54 61 212 247 421 513 553 569 609 1028 1164 1569 1669 1778 1800 1833 1861 1920 2119 2137 2216 2361 2465 2568 2780 2874 2932 2951 3051 3137 3191 3435 3578 3789 3806 3810 3868 4118 4213 4403 4476 4544 4717 4744 4854 4898
91	13	115	6	134 420 502 519 669 747 920 939 989 1072 1128 1281 1384 1429 1567 1590 1624 1633 1651 1671 1857 1918 1923 2034 2186 2193 2212 2625 2688 2724 3151 3184 3215 3636 3713 3823 3834 4173 4292 4400 4478 4703 4745 4770 4847 4865 4895
94	10	60	4	17 30 133 262 660 665 777 797 905 1072 1156 1290 1416 1545 1625 1675 1804 1891 2004 2049 2105 2224 2375 2604 2988 3225 3374 3534 3540 3547 3745 3797 4223 4283 4340 4371 4392 4400 4563 4596 4656 4727 4741 4890 4981
114	6	14	4	26 59 77 84 95 198 283 303 348 540 565 628 823 1113 1121 1260 1399 1468 1744 1826 1976 2040 2220 2262 2305 2476 2576 2639 2687 2731 2831 3009 3147 3209 3300 3307 3376 3399 3470 3777 3804 3888 4056 4201 4299 4332 4398 4410 4423 4451 4970
148	22	181	4	9 91 97 127 273 296 310 376 474 595 843 1220 1330 1339 1376 1525 1620 1674 1691 1735 1838 1852 1956 2179 2407 2456 2881 2896 2915 3074 3128 3279 3464 3478 3652 3744 3787 3820 3988 4029 4311 4362 4384 4437 4478 4567 4590 4899
156	40	97	6	20 318 423 424 484 577 661 743 751 757 809 898 946 1221 1296 1499 1509 1516 1563 1827 1828 1952 2018 2100 2109 2533 3035 3050 3102 3108 3223 3307 3561 3694 3740 3811 3825 3833 3993 4011 4105 4175 4234 4271 4368 4599 4679 4691 4715 4768 4790 4830 4848 4903
163	27	2	4	22 48 92 110 439 529 650 667 798 837 1101 1180 1292 1585 1757 1849 2044 2051 2104 2237 2580 2589 2697 2719 2729 2775 2845 2883 2919 3004 3010 3014 3088 3099 3394 3449 3501 3521 3730 3738 3969 4073 4154 4208 4345 4680 4863
204	25	90	4	85 233 315 364 378 482 594 618 733 838 1405 1546 1658 1741 1759 2046 2087 2404 2453 2455 2599 2619 2699 2819 2913 2920 2925 3058 3130 3161 3270 3491 3513 3554 3559 3768 3829 4163 4426 4464 4483 4541 4841 4868 4885 4980
221	12	146	4	42 74 105 253 344 471 493 579 645 810 1008 1034 1313 1320 1362 1367 1377 1388 1425 1564 1609 1729 1863 1884 1913 2015 2029 2052 2074 2130 2167 2208 2535 2546 2675 2928 2997 3015 3202 3251 3384 3404 3471 3529 3798 4137 4141 4782 4785 4865 4923
274	33	165	4	64 164 259 566 582 659 718 732 899 1032 1037 1040 1061 1137 1261 1308 1335 1380 1462 1557 1737 1893 2088 2206 2352 2685 2796 2862 2878 3245 3305 3331 3387 3500 3536 3800 3817 3840 3848 3919 4160 4185 4420 4475 4518 4579 4675 4730 4778 4936
289	28	54	4	93 100 181 215 277 372 620 643 731 882 948 986 1079 1739 1841 2018 2190 2234 2298 2308 2522 2530 2721 2961 3019 3152 3183 3207 3292 3368 3638 3691 3842 3974 4012 4083 4139 4155 4216 4318 4500 4657 4776 4813 4903
294	20	37	4	44 394 410 427 461 648 964 980 1076 1306 1318 1474 1526 1551 1701 1816 1876 1921 1958 1992 1996 2151 2266 2289 2326 2400 2488 2833 2879 3138 3323 3493 3546 3549 3576 3672 3779 3909 3976 4063 4102 4489 4616 4622 4623
326	2	144	4	142 213 250 271 333 401 425 532 638 696 698 985 1053 1147 1218 1340 1347 1460 1605 1645 1659 1776 1881 1935 1968 2113 2290 2443 2505 2813 2853 2866 2871 3094 3132 3325 3570 3709 3799 3836 3883 3912 3945 4239 4290 4408 4456 4582 4718 4754 4891 4895 4997
370	17	143	4	53 56 130 246 272 316 445 598 701 816 829 917 934 1114 1148 1583 1765 2135 2203 2306 2342 2539 2752 2791 3218 3306 3309 3693 3705 3715 3809 3853 3982 4028 4066 4236 4333 4383 4632 4665 4831 4985
398	38	126	4	70 76 119 123 184 341 356 657 803 883 976 1145 1174 1200 1501 1775 2101 2136 2200 2355 2379 2569 2591 2696 2971 3005 3116 3184 3419 3641 3662 3704 3714 3759 4048 4060 4153 4162 4237 4282 4472 4676 4883 4887 4896 4935
38	31	113	4	83 204 214 542 578 593 637 787 795 839 1102 1108 1158 1211 1418 1588 1667 1731 1736 1888 1937 2169 2370 2605 2624 2870 3006 3125 3149 3259 3398 3411 3414 3539 3555 3664 3708 3765 3775 3846 3968 4006 4144 4193 4227 4402 4546 4570 4617 4648
54	18	176	4	21 117 134 149 512 571 631 734 966 1088 1099 1176 1236 1406 1576 1614 1654 1709 1713 1817 1819 1860 2118 2249 2436 2725 2801 2905 2977 3083 3090 3204 3340 3556 3607 3627 3751 3816 3819 4021 4046 4188 4221 4373 4611 4678 4703 4866 4876
73	30	80	4	40 251 275 409 463 531 605 616 1230 1549 1552 1617 1726 1783 1792 1825 1872 2146 2186 2231 2353 2358 2594 2618 2656 2711 2742 2746 2773 2886 3151 3289 3749 3838 3857 3978 4075 4149 4319 4387 4691 4909 4960
137	11	182	4	139 156 166 177 193 311 465 629 758 784 862 1002 1187 1277
143	1	117	6	79 151 294 303 371 412 687 826 1602 1628 1805 1882 1959 2298 2309 2334 2525 2672 2767 2886 3017 3068 3281 3317 3324 3449 3450 3743 4000 4102 4250 4284 4305 4358 4367 4458 4471 4488 4511 4665 4668 4705 4726 4735 4759 4760 4912
147	23	135	6	105 106 351 487 506 639 682 750 789 978 1016 1031 1065 1141 1206 1309 1476 1761 1814 1818 1847 2000 2045 2187 2567 2621 2644 2872 2881 2910 3093 3171 3194 3231 3382 3543 3657 3722 3776 3800 4241 4414 4434 4506 4611 4636 4877 4921
189	35	16	6	52 66 146 298 556 595 686 925 998 1085 1139 1523 1551 1759 1769 2287 2292 2343 2373 2599 2848 2874 2923 2954 3022 3181 3196 3322 3367 3399 3487 3489 3506 3571 3599 3747 3753 3826 4074 4119 4224 4301 4353 4496 4946 4956
232	5	133	6	64 150 195 340 444 525 600 667 893 911 1107 1186 1506 1562 1869 2248 2323 2362 2460 2474 2478 2499 2519 2538 2703 2853 3008 3013 3015 3204 3273 3356 3434 3472 3581 3598 3720 3791 4033 4143 4231 4404 4432 4672 4794 4882 4888 4937 4977 4989
255	36	189	6	25 77 192 258 540 677 727 918 1012 1166 1262 1419 1990 2088 2108 2148 2387 2609 2615 2684 2696 2920 3007 3182 3321 3476 3536 3559 3632 3682 3683 3732 3871 4046 4055 4095 4111 4192 4196 4214 4348 4387 4462 4520 4544 4637
77	29	142	6	32 135 354 483 491 531 596 817 845 1089 1177 1248 1268 1349 1376 1415 1534 1555 1947 1995 2096 2310 2312 2402 2575 2676 2778 3076 3294 3386 3511 3647 3650 3952 4260 4313 4554 4590 4722 4845 4878 4910 4941
80	3	26	6	165 418 451 479 551 654 676 794 797 930 1234 1240 1346 1370 1493 1508 1679 2025 2303 2316 2450 2461 2707 2746 2773 2906 2989 3094 3259 3417 3509 3583 3637 3704 3721 4021 4109 4210 4416 4472 4713 4809 4810 4860 4900 4901
83	39	178	6	56 121 379 526 566 587 1127 1304 1362 1442 1895 1955 2003 2089 2246 2269 2315 2359 2376 2469 2622 2689 2768 2877 2958 2993 3246 3296 3545 3666 3715 3850 3945 4297 4347 4486 4505 4589 4690 4692 4724 4777 4979 4987 4991
126	7	7	6	9 136 140 223 295 316 419 485 520 694 726 766 806 964 1034 1081 1157 1194 1404 1811 1831 1963 1981 1989 2046 2110 2339 2437 2754 2790 2961 2962 3033 3237 3238 3323 3424 3726 3746 4017 4025 4124 4135 4253 4492 4594 4694 4792 4807
172	21	179	6	4 6 119 189 315 400 515 585 613 714 834 852 1237 1428 1463 1584 1640 1714 1834 2207 2218 2307 2351 2544 2831 2879 3011 3116 3203 3214 3260 3262 3279 3341 3522 3621 3975 4035 4211 4219 4228 4254 4390 4406 4704 4951
175	4	11	6	16 232 252 259 542 818 856 1014 1042 1102 1254 1363 1390 1417 1531 1539 1773 1803 1804 2144 2190 2296 2475 2617 2624 2633 2660 2903 3103 3104 3213 3217 3328 3397 3640 3885 4148 4475 4541 4587 4719 4764 4812 4855 4898
211	16	175	6	53 193 570 572 635 778 906 996 1172 1607 1774 1930 1967 2041 2087 2102 2257 2286 2626 2629 2654 2780 2839 3006 3495 3588 3601 3670 3676 3718 3994 4028 4044 4106 4136 4138 4201 4417 4532 4789 4927 4988
231	9	198	6	156 301 617 624 735 737 910 938 1021 1046 1114 1182 1238 1244 1400 1505 1577 1675 1720 1749 1825 1926 2365 2368 2581 2652 2664 2674 2783 2880 3030 3153 3185 3242 3355 3430 3505 3816 3847 4098 4376 4431 4588 4756 4959
279	26	140	6	13 29 247 265 338 366 440 492 612 748 752 994 1059 1112 1250 1323 1713 1779 2125 2133 2429 2521 2628 2840 2931 2987 3051 3081 3126 3277 3286 3374 3702 3717 3731 3839 4041 4507 4533 4659 4675 4741 4871 4981
316	34	159	6	42 157 374 488 629 899 957 1040 1045 1161 1317 1373 1378 1432 1502 1533 1748 1815 2019 2057 2074 2276 2352 2612 2732 2811 2919 2979 3069 3348 3510 3644 3734 3772 3788 3868 3893 3960 4091 4377 4531 4625
323	14	15	6	178 211 335 431 471 569 831 1052 1103 1150 1168 1211 1242 1260 1292 1351 1394 1709 1755 2178 2222 2382 2431 2620 2694 3043 3230 3249 3428 3687 3779 3867 3874 4003 4019 4050 4107 4206 4232 4306 4469 4527 4736 4799 4864 4869 4918 4947
324	24	61	6	120 305 308 545 563 722 858 980 1001 1284 1285 1330 1518 1565 1575 1657 1798 2132 2161 2166 2299 2463 2502 2641 2929 3062 3169 3339 3654 3930 4005 4034 4145 4157 4181 4262 4326 4521 4560 4591 4635 4843 4913 4997
349	19	28	6	43 80 123 280 336 468 554 573 581 633 863 869 876 905 937 970 1282 1408 1547 1594 1694 1978 2121 2270 2388 2508 2583 2618 2779 2932 2970 3741 3809 3920 4153 4171 4325 4359 4549 4615 4630 4654 4696 4774 4785 4802 4942
356	8	102	6	14 213 230 664 718 736 739 768 862 983 1138 1411 1421 1470 1512 1634 1728 1837 1855 1938 1993 2079 2342 2360 2487 2756 3463 3664 3681 3852 3926 3934 4126 4215 4275 4354 4370 4397 4419 4440 4516 4595 4601 4641 4650 4924
360	15	3	6	250 469 614 742 895 1096 1297 1350 1402 1448 1449 1514 1538 1839 1865 2071 2091 2164 2300 2512 2515 2524 2594 2596 2693 2747 2817 3063 3180 3227 3316 3331 3362 3520 3548 3700 4002 4012 4015 4032 4287 4388 4522 4935
384	37	106	6	70 81 183 691 711 728 1036 1061 1243 1271 1372 1425 1440 1461 1559 1586 1785 1846 2013 2026 2035 2151 2638 2805 2812 2820 2957 3216 3330 3408 3485 3568 3778 3911 3974 4057 4343 4357 4405 4655 4778 4783
392	32	57	6	76 90 95 263 343 368 592 621 812 1028 1090 1149 1183 1191 1204 1320 1483 1866 2165 2445 2603 2648 2657 2798 2847 2859 3000 3020 3065 3251 3253 3297 3299 3314 3377 4104 4137 4151 4321 4396 4439 4491 4517 4609 4633 4693 4718 4986
3	10	71	6	35 67 197 205 277 306 399 723 738 753 832 851 1032 1116 1295 1356 1688 1747 1788 1800 1833 1902 1956 1984 1985 2005 2127 2203 2277 2786 3012 3040 3119 3840 4131 4227 4303 4345 4497 4566 4608 4990 4995 4996
5	6	72	6	147 264 331 552 724 760 1080 1528 1537 1589 1613 1692 1703 1756 1890 1957 2056 2150 2230 2335 2414 2488 2528 2611 2680 2737 2742 3001 3092 3174 3431 3551 3589 3764 3770 3797 3943 4168 4270 4504 4539 4559 4582 4603 4944
47	22	136	6	88 199 329 652 841 848 882 883 907 936 1345 1480 1730 1736 1979 2029 2073 2106 2116 2182 2384 2464 2530 2540 2642 2818 2887 2892 3032 3144 3278 3574 3696 3709 3737 3820 3880 3997 4023 4110 4251 4293 4302 4308 4330 4493 4514 4714 4978
52	27	44	6	12 285 387 404 476 524 535 709 894 931 954 985 1115 1230 1255 1256 1272 1469 1621 1919 1934 2014 2139 2259 2686 2851 2884 2912 3098 3224 3392 3438 3490 3494 3609 3660 3677 3769 3990 4071 4337 4395 4401 4487 4686 4982
85	25	116	6	54 153 154 203 215 364 501 730 744 879 935 1051 1057 1079 1106 1477 1560 1627 1843 1889 1983 2002 2050 2337 2379 2399 2607 2647 2661 2806 2940 2972 2991 3014 3066 3419 3483 3755 3782 3913 4178 4453 4456 4781
111	12	132	6	18 60 83 158 407 408 715 960 1105 1253 1369 1407 1422 1494 1519 1852 1939 2124 2265 2304 2324 2378 2510 2523 2821 3166 3197 3384 3534 3539 3553 3566 3679 3714 3896 3991 4112 4197 4248 4427 4430 4572 4763 4835
116	33	191	6	97 128 194 237 951 997 1006 1328 1445 1459 1637 1771 1790 1969 2146 2175 2325 2404 2559 2590 2697 2717 2749 2850 3308 3452 3455 3468 3610 3729 3762 3859 3919 4099 4180 4317 4379 4498 4575 4666 4771 4772
125	28	35	6	91 170 206 218 240 365 438 601 683 791 792 875 987 1003 1017 1020 1050 1117 1199 1205 1290 1395 1524 1536 1597 1626 1672 1719 1806 2058 2302 2322 2771 2855 2969 3210 3233 3388 3917 3973 4108 4141 4203 4280 4627 4853 4957 4973 4975
149	20	94	6	21 47 145 273 377 477 481 553 555 971 1071 1118 1188 1222 1380 1566 1832 1915 1932 1936 1945 2084 2179 2495 2736 2828 2934 2971 3087 3124 3325 3332 3361 3421 3514 3528 3549 3849 3928 4191 4243 4392 4671 4689 4709 4837 4914
161	2	113	6	163 372 430 459 482 579 647 684 857 1264 1266 1341 1453 1525 1543 1587 1674 1685 1883 1927 1943 1966 2516 2558 2683 2692 2819 2852 2968 3165 3205 3326 3387 3412 3454 3519 3648 3680 3701 3773 4016 4117 4276 4574 4592 4699 4899 4968 4972
196	17	129	6	190 392 645 678 835 991 1027 1231 1548 1813 2008 2157 2219 2321 2438 2562 2578 2708 2772 2841 2858 3039 3054 3057 3064 3135 3176 3554 3618 3815 3855 3946 3992 3996 4336 4451 4612 4678 4755 4838 4940
202	38	73	6	61 68 137 227 275 473 490 762 775 822 932 972 1130 1265 1339 1360 1600 1673 1733 1823 2081 2103 2224 2232 2267 2327 2331 2410 2482 2541 2637 2792 2894 2965 3044 3164 3261 3445 3457 3619 3698 3887 4194 4252 4255 4455 4725 4842 4985
208	31	69	6	96 122 320 334 346 541 949 1038 1055 1124 1160 1383 1405 1443 1497 1850 1885 2200 2239 2240 2273 2398 2532 2534 2555 2731 3122 3393 3533 3556 3606 3692 3707 3724 3857 4083 4285 4334 4350 4410 4552 4607 4664 4729 4758 4930 4954 4964 4994
217	18	131	6	84 141 143 256 299 381 416 495 610 758 802 897 909 912 941 943 988 1201 1337 1441 1510 1544 1678 1868 1953 2043 2090 2211 2285 2446 2503 2563 2658 2837 3235 3349 3515 3597 3630 3860 3864 3970 4236 4286 4322 4563 4573 4576 4928
233	30	1	6	102 284 291 425 586 981 1043 1135 1147 1357 1446 1650 1690 1734 1778 1965 2097 2105 2282 2354 2579 2907 3139 3198 3200 3218 3313 3405 3427 3512 3540 3587 3942 3947 3985 4010 4084 4278 4304 4411 4526 4646 4958 5000
236	11	4	6	85 395 401 456 576 625 653 785 901 1010 1054 1171 1488 1574
239	13	150	8	91 376 410 433 510 597 664 810 1132 1431 1615 1682 1715 1724 1731 1860 1920 2039 2041 2111 2381 2405 2499 2511 2562 2600 2812 3097 3107 3134 3193 3194 3288 3413 3421 3426 3513 3846 4084 4258 4284 4411 4686 4713
242	40	67	8	45 101 148 271 467 634 718 781 877 956 1094 1201 1409 1571 1694 1763 1810 2065 2104 2254 2281 2328 2584 2723 2797 2888 3102 3110 3151 3482 3647 3792 3808 3828 3882 3926 4059 4135 4138 4197 4202 4314 4363 4583 4603 4962
284	1	61	8	267 350 646 703 1063 1166 1174 1221 1228 1307 1660 1739 1842 1863 1865 1982 1988 2107 2188 2324 2348 2371 2431 2485 2549 2679 2721 2800 2818 2955 2967 2986 3072 3377 3587 3607 3743 3929 3965 4042 4277 4386 4587 4628 4671 4833 4971
344	23	102	8	30 179 428 455 547 671 886 966 972 1031 1048 1256 1260 1496 1529 1596 1617 1693 1862 1894 1983 2023 2103 2145 2187 2262 2317 2319 2350 2385 2693 2963 2968 3066 3123 3366 3395 3459 3703 3805 3806 4235 4657 4670 4903 4929
387	35	18	8	37 215 268 398 407 427 439 514 526 610 676 870 880 1450 1517 1521 1830 1882 1887 1999 2013 2034 2061 2177 2435 2609 2767 3023 3140 3260 3429 3501 3515 3531 3610 3712 4029 4057 4085 4122 4240 4523 4673 4786 4983
8	5	197	8	281 383 619 720 811 842 1103 1170 1200 1276 1777 1872 1904 1931 2199 2242 2384 2414 2424 2438 2461 2708 2814 2822 2887 2904 3113 3173 3237 3308 3442 3481 3768 3993 4080 4133 4481 4550 4579 4627 4688 4848 4866 4894
21	36	31	8	2 100 279 404 443 480 528 633 753 785 947 1181 1468 1565 1622 1797 1997 2020 2141 2194 2377 2410 2489 2582 2666 3067 3365 3383 3418 3460 3489 3668 3681 4238 4362 4407 4630 4648 4677 4820 4857 4870 4981
49	29	23	8	7 36 50 107 373 622 626 764 808 872 1069 1504 1793 1884 1913 1965 1972 2183 2289 2411 2484 2677 2761 2953 3077 3105 3227 3228 3298 3452 3520 3538 3581 3584 4039 4099 4222 4451 4487 4515 4571 4574 4649 4936 4973
61	3	139	8	331 391 492 641 683 716 773 830 940 1056 1154 1330 1349 1456 1518 1561 1601 1916 2043 2123 2284 2398 2452 2690 2956 3081 3314 3321 3338 3720 3747 4186 4471 4536 4635 4639 4658 4684 4732 4750 4807 4860 4879
97	39	158	8	75 96 359 411 417 470 600 624 889 1068 1192 1223 1345 1364 1557 1607 1643 1744 1869 1878 2084 2226 2250 2266 2636 2680 2795 2877 2924 2997 3022 3177 3247 3511 3518 3672 4139 4244 4283 4316 4342 4351 4364 4379 4864
101	7	60	8	58 99 156 309 516 640 654 696 768 871 903 945 1216 1225 1298 1407 1422 1530 1668 1723 1789 1839 1873 1939 1974 2027 2495 2655 2885 2943 3047 3087 3092 3211 3373 3522 3601 3728 3757 3853 3878 4101 4164 4299 4663 4774 4846 4884
103	21	95	8	142 188 345 546 589 677 1018 1038 1294 1420 1472 1640 1689 1743 1795 1929 1935 1979 2030 2059 2395 2538 2687 2755 2765 2891 2990 3393 3424 3491 3645 3873 4119 4152 4236 4253 4331 4341 4391 4404 4576 4727
129	4	122	8	103 136 139 311 459 520 639 666 754 850 990 1239 1279 1373 1437 1637 1669 1799 1813 1834 1879 1969 2053 2131 2202 2392 2642 2691 2774 2952 3055 3438 3583 3617 3682 3838 3856 3862 3866 3884 3931 4047 4171 4246 4357 4748 4777 4853 4969
159	16	190	8	19 132 233 292 307 431 481 692 801 912 935 992 1160 1399 1658 1755 1867 1909 2014 2171 2337 2391 2496 2571 2842 3145 3348 3514 3705 3898 3951 3969 4105 4175 4207 4280 4340 4366 4548 4560 4747 4781 4797 4862 4896 4951
164	9	185	8	155 319 472 642 741 747 841 968 1327 1413 1427 1436 1585 1707 1843 1954 1970 2072 2096 2175 2306 2393 2462 2565 2587 2845 2849 2930 2996 3084 3231 3302 3398 3824 3948 3995 4196 4302 4344 4435 4531 4602 4633 4640 4702 4796
243	26	106	8	68 169 374 441 536 551 556 1022 1057 1120 1125 1169 1320 1331 1589 1831 1892 1975 2086 2095 2167 2204 2334 2413 2789 2872 3033 3240 3277 3329 3359 3753 3845 3874 3966 4011 4348 4585 4604 4855 4863 4874 4957
260	34	52	8	98 159 239 297 327 351 390 461 515 625 644 735 800 1082 1289 1329 1348 1351 1354 1754 1802 2046 2064 2109 2146 2210 2223 2279 2364 2440 2472 2483 2533 2916 2928 2973 3038 3044 3137 3530 3666 3714 3731 4746 4960
295	14	24	8	168 303 464 519 529 896 897 949 1380 1595 1720 1745 1798 1847 1963 2220 2291 2370 2412 2439 2502 2528 2681 2726 2832 3049 3143 3180 3197 3374 3547 3589 3786 3833 3872 3956 4063 4143 4153 4210 4259 4371 4388 4399 4408 4459 4485 4495 4568 4624
304	24	149	8	28 42 312 323 360 370 448 483 584 864 916 970 1100 1164 1193 1230 1277 1403 1574 1610 1897 1973 1991 2025 2126 2172 2463 2685 2717 2879 2882 3142 3236 3271 3470 3981 4015 4200 4425 4442 4540 4545 4739 4876 4935
340	19	19	8	177 274 348 432 452 743 825 957 1033 1151 1699 1809 1871 2093 2351 2520 2550 2589 2710 2764 2785 2791 2858 3122 3297 3382 3404 3469 3517 3641 3781 3794 4142 4158 4248 4261 4304 4443 4631 4647 4698 4801 4819 4832
369	8	161	8	32 40 228 306 313 325 486 631 674 1092 1096 1129 1158 1187 1229 1255 1285 1326 1753 1780 2353 2451 2561 2863 3420 3590 3696 3796 3876 3979 4075 4103 4165 4295 4307 4354 4447 4479 4629 4771 4773 4852 4888 4988
16	15	163	8	88 90 212 261 366 524 663 702 893 927 1111 1143 1280 1482 1701 1711 1760 1841 1959 2075 2215 2529 2613 2725 2794 2825 2874 3060 3120 3199 3230 3465 3468 3493 3529 3605 3640 3707 3801 3914 3943 4212 4275 4382 4390 4510 4714 4904 4995
26	37	169	8	15 87 127 222 304 333 560 563 566 731 924 965 1108 1131 1251 1267 1563 1828 1961 2012 2032 2118 2251 2402 2645 2883 3015 3046 3149 3163 3275 3282 3307 3346 3567 3738 3787 4129 4146 4260 4324 4565 4621 4622 4680 4682 4696 4919
27	32	78	8	81 218 322 355 435 447 497 542 611 643 816 892 902 1078 1184 1249 1254 1317 1400 1703 1881 1955 2163 2705 2773 2857 3104 3129 3363 3505 3598 3766 3785 3859 3944 3986 4022 4051 4121 4195 4213 4360 4375 4518 4552 4908
93	10	13	8	26 409 523 535 621 679 867 1134 1250 1253 1483 1554 1579 1653 1671 1752 1960 2130 2237 2372 2387 2432 2506 2585 2669 2714 2979 3256 3439 3550 3634 3649 3762 3803 3891 3908 3932 3982 3984 4109 4150 4263 4385 4422 4433 4573 4593 4716 4958
117	6	79	8	92 224 231 369 512 805 861 900 961 1053 1130 1185 1428 1566 1772 1980 2137 2236 2342 2476 2503 2665 2804 2815 2816 3027 3135 3340 3355 3446 3502 3512 3569 3968 4031 4247 4289 4413 4547 4584 4600 4882 4994
174	22	85	8	73 208 249 364 543 649 685 688 1024 1037 1142 1217 1319 1393 1513 1549 1612 1748 2002 2011 2058 2308 2374 2626 2646 2695 2810 2992 3162 3213 3341 3379 3475 3540 3741 3963 4056 4227 4429 4438 4450 4655 4798 4813 4938
178	27	58	8	69 119 154 347 503 507 652 778 888 984 1000 1086 1118 1146 1278 1316 1451 1553 1790 1946 2149 2185 2198 2211 2622 2744 2821 2989 3018 3079 3381 3450 3457 3467 3616 3685 3807 3977 4083 4179 4394 4559 4699 4733 4749 4800 4806
179	25	191	8	11 229 308 426 449 488 525 618 709 774 866 944 1088 1098 1302 1558 1641 1726 1925 2293 2443 2479 2662 2711 2784 3028 3187 3405 3428 3708 3821 3958 4067 4089 4199 4389 4431 4444 4553 4598 4620 4817 4845
207	12	77	8	23 144 206 288 365 402 757 807 814 879 1016 1071 1112 1202 1282 1414 1470 1602 1652 1692 1746 1893 2225 2239 2369 2396 2473 2608 2620 2678 2844 3252 3344 3345 3425 3718 3730 3782 4081 4115 4159 4505 4526 4608 4751 4889 4925
247	33	80	8	123 242 493 548 748 822 1141 1144 1321 1429 1475 1500 1527 1550 1609 1675 1690 1702 1721 1727 1899 1910 1932 1966 2006 2135 2267 2407 2450 2602 2689 2701 2909 3094 3128 3222 3761 3775 3897 4321 4419 4503 4527 4758 4850
251	28	59	8	46 49 53 120 176 269 270 346 437 557 599 608 711 901 1004 1336 1433 1457 1481 1510 1564 1572 1606 1688 2114 2314 2519 2543 2568 2712 2960 3234 3273 3316 3327 3358 3440 3774 3869 4025 4662 4784 4808 4944 4955
252	20	109	8	200 240 265 394 504 541 806 955 1122 1165 1352 1532 1533 1803 1820 2028 2132 2259 2408 2409 2437 2477 2649 2660 2704 2780 2954 2971 2999 3417 3477 3566 3711 3865 4032 4123 4130 4264 4519 4643 4709 4764 4766 4829 4841 4948
253	2	183	8	324 377 380 381 405 522 854 882 986 1001 1073 1333 1540 1592 1729 1808 1854 2089 2386 2541 2707 2933 2970 3201 3521 3675 3677 3697 3701 3745 3930 3936 3983 4004 4044 4332 4333 4370 4381 4420 4468 4507 4619 4867 4982 4999
296	17	184	8	8 130 141 147 162 220 244 318 553 673 831 906 1385 1438 1480 1499 1704 1888 1977 2024 2170 2454 2480 2535 2616 2819 2881 3030 3441 3555 3620 3744 3751 4035 4060 4177 4208 4373 4415 4570 4597 4804 4970
301	38	65	8	13 498 661 948 951 964 1097 1340 1560 1814 1818 1952 2000 2153 2221 2310 2383 2447 2486 2787 3164 3205 3281 3304 3444 3544 3596 3669 3832 3851 4061 4173 4198 4225 4245 4428 4509 4707 4912 4990
339	31	84	8	113 251 320 818 1075 1205 1379 1492 1705 1773 1794 1858 1886 1947 2182 2212 2322 2356 2456 2459 2552 2597 2603 2634 2673 2890 2995 3335 3390 3564 3830 3892 3935 4334 4374 4476 4499 4514 4615 4646 4816 4883 4915 4984
379	18	28	8	57 475 511 530 612 697 789 852 962 1058 1070 1077 1257 1305 1346 1547 1722 1749 1806 1819 2055 2425 2917 3131 3155 3160 3186 3239 3251 3361 3416 3504 3542 3609 3829 3843 4030 4127 4217 4534 4599 4612 4722 4826
383	30	83	8	266 770 772 783 876 973 1067 1347 1371 1452 1801 1938 2082 2092 2117 2323 2426 2492 2556 2588 2848 2855 3139 3248 3250 3360 3448 3588 3662 3780 3971 4065 4118 4131 4328 4502 4606 4637 4755 4865 4931
15	11	172	8	126 171 227 430 665 833 844 952 976 1194 1338 1394 1485 1514
17	13	55	10	334 395 444 579 630 798 900 1101 1214 1327 1445 1840 2091 2143 2263 2344 2730 2781 3009 3187 3218 3221 3270 3445 3483 3572 3657 3734 3894 4055 4158 4190 4220 4247 4352 4454 4528 4866 4892 4948 4999
25	40	127	10	64 102 210 361 726 741 1215 1259 1395 1420 1429 1526 1603 1777 1940 1949 2205 2220 2253 2380 2414 2484 2590 2704 2770 2776 2846 2976 3041 3073 3185 3192 3532 3630 3682 3816 3834 3916 3923 4103 4163 4232 4264 4347 4350 4470 4590 4841
32	1	53	10	358 574 752 772 804 853 995 1104 1170 1173 1258 1286 1322 1412 1594 1752 1821 1944 2232 2284 2395 2492 2509 2534 2779 2788 2869 2896 2914 3056 3148 3150 3284 3454 3611 3671 3680 3835 3860 4019 4484 4554 4729
41	23	81	10	54 57 217 220 255 518 620 878 1023 1083 1111 1307 1367 1685 1700 1871 1929 2021 2096 2247 2286 2489 2705 2763 2842 2909 2921 3060 3190 3203 3517 3577 3623 3729 3756 3778 3785 3813 3872 4239 4308 4545 4648
44	35	169	10	11 110 300 453 477 689 832 838 1184 1293 1308 1329 1538 1590 1749 1836 2077 2110 2466 2535 2690 2847 3302 3370 3459 3552 3562 3654 3792 3866 3873 4015 4152 4177 4244 4268 4384 4515 4634 4637 4692 4791 4882 4950
46	13	55	12	55 187 201 358 386 406 531 578 795 848 902 969 1122 1241 1290 1358 1403 1636 1732 1884 2091 2129 2277 2582 2621 2777 2799 2814 2998 3433 3497 3863 4016 4049 4054 4214 4377 4387 4417 4461 4554 4569 4847 4939
113	5	145	10	52 100 264 302 343 349 632 734 915 1093 1113 1234 1287 1325 1449 1495 1546 1645 1734 1771 1794 1957 2067 2072 2078 2121 2163 2525 2573 2745 2902 3106 3164 3211 3345 3493 3537 3592 3712 3870 4134 4320 4356 4410 4540 4979
118	36	54	10	121 144 293 304 460 476 975 1086 1141 1267 1315 1372 1393 1513 1522 1545 1877 1887 1950 2090 2092 2148 2297 2423 2560 3314 3451 3516 3521 3633 3688 3770 3797 3966 3976 4049 4094 4127 4221 4362 4439 4476 4577 4854 4919
134	29	40	10	40 50 167 199 232 373 406 426 501 830 1011 1126 1277 1424 1509 1756 1891 1981 2049 2159 2239 2500 2823 2899 2945 2978 3129 3261 3348 3408 3443 3667 3817 4078 4156 4434 4512 4553 4848 4932
151	3	33	10	51 72 205 378 382 462 544 670 952 1040 1244 1360 1439 1451 1528 1601 1646 2029 2158 2162 2282 2684 2786 2808 3025 3138 3253 3336 3395 3464 3502 3883 3953 3968 3979 4068 4102 4464 4551 4601 4602 4856 4905
157	39	30	10	158 161 198 357 371 577 583 592 626 805 904 1089 1178 1213 1388 1391 1416 1521 1656 1760 1799 1844 1846 2037 2140 2174 2218 2289 2499 2606 2682 2744 3157 3172 3183 3195 3207 3212 3273 3403 3450 3658 3889 4675 4683 4742
166	7	11	10	62 298 321 451 469 549 607 627 728 928 939 1156 1227 1266 1555 1878 2053 2108 2241 2271 2332 2351 2511 2536 2542 2623 2638 2941 3062 3103 3272 3615 3619 3833 3959 4011 4117 4277 4312 4353 4394 4449 4497 4521 4708 4803 4946
192	21	161	10	55 56 69 177 338 348 354 619 744 1154 1211 1489 1562 2213 2295 2317 2367 2400 2595 2631 2778 2794 2815 2832 3011 3165 3444 3533 3674 3713 3875 3888 3899 4136 4174 4201 4213 4327 4605 4609 4701 4834 4908 4916
229	4	16	10	61 171 203 231 274 363 415 436 530 613 967 1007 1368 1421 1649 1669 1725 1737 1757 1770 1797 2017 2041 2190 2339 2459 2516 2591 2673 2872 3163 3296 3365 3366 3462 3689 3806 3828 3941 4007 4077 4113 4322 4355 4398 4467 4792 4958
256	16	101	10	78 266 374 431 511 660 846 957 994 1077 1207 1484 1585 1681 1762 1786 1823 1866 1936 1978 2020 2030 2101 2226 2235 2361 2408 2482 2512 2620 2677 2767 2988 3249 3291 3437 3739 3762 3794 3969 4030 4289 4346 4481 4495 4836 4877 4929
272	9	91	10	23 141 152 396 414 646 745 851 893 1014 1151 1478 1496 1569 1626 1750 1947 2007 2141 2240 2269 2603 2692 2715 2944 3123 3264 3412 3421 3488 3542 3640 3723 3783 3879 4206 4215 4249 4255 4260 4333 4377 4516 4537 4610
281	26	47	10	181 287 328 508 731 932 1091 1438 1629 1715 1722 1739 1755 1780 2047 2083 2089 2142 2155 2178 2184 2378 2418 2656 2695 3017 3176 3313 3388 3506 3513 3586 3709 3780 3841 3885 3985 4008 4010 4098 4406 4488 4520 4825
338	34	129	10	254 322 370 388 413 483 681 771 779 1116 1275 1404 1535 1652 1792 1810 1962 2116 2145 2409 2411 2457 2554 2577 2639 2663 2671 2769 2797 2845 3052 3135 3213 3519 3793 3857 3926 4171 4185 4336 4556 4592 4656 4725 4833 4867 4933
346	14	200	10	194 512 650 691 725 743 750 844 1181 1453 1640 1733 1855 1971 1988 2013 2112 2117 2154 2196 2294 2341 2419 2583 2630 3188 3219 3317 3402 3606 3820 3886 3957 4035 4118 4324 4378 4401 4934 4942
6	40	30	12	269 282 437 454 676 683 738 869 1280 1581 1698 1750 1864 2254 2262 2308 2428 2438 2471 2519 2532 2601 2711 2774 2829 2860 2953 3069 3172 3226 3319 3532 4025 4036 4068 4085 4195 4254 4258 4369 4491 4633 4929
12	24	76	10	154 589 858 863 869 968 1157 1204 1490 1623 1624 1674 1718 1754 1778 1831 1848 1894 1897 1901 2079 2288 2292 2308 2428 2437 2657 2925 3003 3013 3024 3107 3161 3563 3639 3685 4093 4182 4258 4536 4664 4746 4859 4931
19	19	197	10	53 209 289 432 594 825 1147 1239 1589 1726 1728 1730 1793 1824 1892 1994 2009 2060 2420 2450 2510 2519 2643 2830 2982 3159 3178 3387 3413 3526 3557 3774 3784 3840 4013 4048 4062 4166 4222 4256 4405 4768 4798
50	8	139	10	192 252 416 441 467 668 686 705 715 1097 1298 1303 1627 1632 1667 1798 1806 1925 1928 2100 2578 2708 2750 2773 3298 3641 3678 3700 3726 3952 4052 4064 4225 4237 4380 4465 4564 4653 4705 4750 4894 4914 4952 4957
57	15	192	10	6 137 212 230 533 588 642 871 958 1044 1076 1129 1189 1206 1639 1706 1753 1812 1958 2064 2069 2120 2136 2221 2325 2454 2565 2628 2952 3293 3821 3871 3950 3992 4389 4414 4419 4433 4595 4608 4843 4970 4975 4982
64	37	179	10	34 261 278 283 631 637 699 887 898 913 1074 1090 1278 1306 1342 1353 1463 1588 1593 1618 1861 1917 1943 1975 2074 2376 2471 2992 3086 3304 3358 3560 3635 3908 4069 4084 4105 4164 4167 4251 4285 4462 4533 4720 4732 4902
75	32	108	10	47 465 656 733 765 801 1013 1305 1398 1531 1580 1796 1908 1923 2004 2012 2180 2374 2702 2735 2840 2907 2974 3122 3142 3286 3311 3423 3880 3946 3978 4120 4351 4509 4752 4786 4828 4839 4879
106	10	160	10	25 133 151 204 226 356 665 874 1228 1344 1386 1508 1779 1956 1989 1996 2076 2176 2224 2274 2349 2533 2701 2816 3367 3414 3448 3605 3661 3694 3844 4112 4412 4458 4491 4508 4555 4566 4650 4677 4974
119	6	69	10	142 299 339 597 684 884 931 1025 1051 1072 1340 1369 1385 1573 1584 1614 1665 2462 2617 2665 2710 2874 2876 2884 3267 3274 3276 3315 3344 3391 3471 3523 3618 3628 3876 4005 4067 4246 4284 4821 4840 4852 4943
146	22	17	10	109 297 524 604 780 828 1026 1177 1443 1631 1644 1767 1818 2032 2171 2354 2357 2373 2443 2580 2601 2726 2873 3069 3202 3209 3258 3469 3487 3494 3595 3877 3912 3964 3973 4179 4191 4310 4548 4687 4702 4913
150	27	31	10	221 227 257 381 550 643 695 845 944 996 1143 1168 1238 1470 1501 1666 1716 1727 1854 1858 1918 2173 2216 2397 2678 2732 2760 2775 3067 3078 3089 3351 3360 3401 3436 3501 3675 3932 4151 4269 4455 4751 4765
152	25	78	10	49 60 103 197 225 1109 1121 1735 1784 1817 1914 1970 2153 2299 2303 2453 2782 2819 2829 2960 2994 3038 3064 3141 3236 3334 3338 3378 3508 3531 3568 3772 3904 4097 4126 4271 4507 4535 4670 4753 4802 4969
173	12	135	10	42 112 353 622 859 926 1049 1311 1383 1401 1506 1638 1658 1724 2200 2444 2468 2783 2800 2810 2959 3045 3350 3409 3534 3625 3703 3733 3771 3781 4001 4072 4104 4217 4280 4287 4372 4402 4474 4480 4775 4813 4872
186	33	75	10	124 150 184 213 325 335 475 481 730 955 962 1149 1608 1619 1686 1899 1916 1933 1952 2023 2128 2201 2204 2230 2358 2515 2891 2939 3034 3118 3149 3170 3217 3240 3349 3385 3497 3584 3645 4291 4349 4543 4578 4780 4793
224	28	43	10	14 379 687 1064 1066 1209 1255 1498 1500 1540 1907 1983 2066 2160 2191 2375 2427 2752 2785 2802 3026 3340 3354 3427 3575 3719 3822 3856 3925 4111 4154 4463 4525 4557 4599 4875 4955 4991
250	20	149	10	35 108 214 420 536 707 914 920 950 976 1249 1376 1430 1689 1747 1802 1816 2135 2338 2700 2727 2768 3001 3082 3085 3127 3152 3194 3510 3554 3571 3727 3814 3845 3910 4209 4270 4441 4524 4726 4832
254	2	163	10	242 385 561 564 582 923 1339 1348 1465 1598 2169 2219 2261 2394 2494 2513 2532 2557 2632 2751 2793 2908 2922 2949 2965 3057 3140 3318 3422 3435 3456 3698 3789 3801 3900 3960 4004 4028 4147 4321 4437 4511 4706 4723 5000
257	17	44	10	17 24 41 417 452 706 746 961 1414 1450 1769 1814 2094 2138 2181 2350 2505 2771 2918 2919 3108 3117 3283 3310 3432 3470 3475 3539 3648 3686 3902 3935 4267 4279 4415 4432 4534 4651 4734 4767 4885 4956 4963 4966
259	1	127	12	173 252 490 502 593 794 842 1155 1287 1415 1519 1612 1662 1812 1842 1989 2036 2116 2143 2234 2272 2394 2497 2560 2589 2635 2805 3012 3090 3178 3239 3242 3254 3776 3899 3928 4219 4249 4428 4681 4768 4806 4942 4945 4946
264	38	32	10	12 520 539 895 918 929 935 980 1019 1117 1158 1236 1283 1481 1591 1620 2543 2548 2576 2614 2654 2729 2789 2980 2991 3031 3100 3319 3333 3465 3473 3803 3906 3981 4043 4122 4189 4422 4517 4567 4569 4613 4645 4697 4721 4785 4891
269	31	66	10	1 88 119 301 303 305 369 429 514 788 966 1000 1291 1333 1341 1525 1782 1820 1879 2000 2161 2469 2637 2774 2807 2938 2964 3072 3396 3415 3426 3477 3622 3668 3777 3839 3917 3918 4257 4587 4616 4627 4845 4909 4953
276	18	82	10	13 98 160 282 584 609 1015 1060 1186 1317 1542 1609 1613 1694 1832 1837 1864 2081 2086 2210 2279 2347 2403 2610 2825 2947 3007 3063 3223 3280 3288 3294 3472 3691 3702 3710 3869 3977 4170 4341 4448 4483 4808 4853 4923
312	30	146	10	70 111 145 268 319 603 606 1119 1197 1347 1520 1553 1604 1655 1741 1849 2242 2260 2448 2604 2834 3032 3050 3080 3113 3137 3478 3559 3578 3651 3892 3990 4018 4053 4088 4100 4169 4337 4620 4822 4967 4971
320	11	49	10	9 175 235 571 580 729 769 799 1541 1827 1968 2139 2258 2501
348	23	12	12	97 130 258 359 510 525 577 581 933 1025 1053 1067 1075 1199 1716 1758 1776 1843 2037 2195 2271 2366 2598 2657 2748 2836 3079 3210 3272 3276 3284 3556 3941 3960 4038 4053 4150 4235 4294 4342 4440 4861
350	35	77	12	29 47 188 197 243 432 757 761 993 1215 1339 1475 1509 1727 1875 2030 2085 2201 2248 2297 2447 2498 2501 2625 2659 2865 3016 3262 3271 3369 3424 3476 3545 3546 3909 3982 4003 4483 4545 4711 4864
367	5	154	12	148 195 361 367 430 575 771 868 899 907 1058 1077 1090 1210 1680 1684 1906 1913 1915 1929 2196 2323 2432 2526 2622 2663 2785 2847 2893 2969 3098 3111 3354 3656 3725 4141 4276 4296 4600 4707 4902 4930
391	36	143	12	13 65 115 324 409 411 416 466 472 496 595 886 1096 1335 1448 1600 1614 1631 1705 1976 2032 2052 2175 2386 2586 2697 2807 2821 2873 2921 3029 3297 3315 3694 4241 4604 4721 4751 4857 4875 4904 4937
395	29	83	12	196 310 382 393 445 707 972 1064 1147 1478 1582 1602 1653 1667 1757 1771 1909 2001 2004 2099 2181 2372 2442 2459 2609 2713 2848 2890 2901 2967 3059 3110 3148 3256 3296 3326 3436 3470 3643 3644 3919 4865
13	3	94	12	5 228 241 562 730 917 983 1066 1095 1128 1195 1245 1294 1596 1625 1638 1790 1866 1886 1948 1998 2040 2119 2294 2416 2427 2617 3123 3266 3399 3473 3499 3549 3692 3717 3950 4123 4273 4295 4496 4530 4645 4800
31	39	90	12	12 85 171 193 247 429 634 651 782 785 872 1001 1420 1637 1649 1898 1959 2078 2092 2574 2630 2685 2778 2801 2839 2846 2981 3014 3066 3268 3437 3479 3769 3798 3815 4119 4176 4291 4317 4349 4392 4886
34	7	65	12	54 176 210 291 363 423 443 584 693 739 865 1038 1163 1253 1359 1410 1642 1782 1845 1944 2204 2418 2480 2756 2876 2907 3269 3484 3567 3617 3751 3874 4052 4170 4315 4322 4441 4474 4767 4835 4844
66	21	168	12	249 375 402 628 974 1060 1110 1269 1307 1378 1626 1629 1753 1862 2080 2128 2142 2154 2172 2244 2741 2882 2973 2978 3053 3100 3278 3360 3427 3446 3455 3574 3826 3895 4002 4112 4532 4548 4573 4757 4910
72	4	105	12	418 422 453 503 700 756 936 1372 1570 1687 1739 1740 1869 1877 1904 2027 2100 2136 2168 2324 2358 2548 2755 3024 3257 3311 3388 3420 3528 3606 3674 3732 3864 4078 4205 4255 4449 4514 4697 4786 4809
81	16	200	12	28 69 522 580 680 745 1214 1266 1433 1443 1584 1699 1789 1927 2151 2333 2619 2641 2695 2706 2712 2717 2868 2942 3000 3264 3305 3309 3378 3542 3916 3920 4039 4365 4412 4615 4836 4925 4936
122	9	108	12	172 526 585 604 648 819 1175 1256 1334 1346 1350 1417 1419 1608 1620 1721 1737 1895 2035 2048 2242 2276 2341 2367 2415 2871 2989 3023 3056 3106 3267 3503 3727 3842 4076 4304 4403 4659 4731 4867 4889 4985
128	26	22	12	124 360 450 477 539 792 1046 1050 1114 1293 1370 1392 1658 1761 1859 1911 1961 2520 2982 2986 3232 3279 3352 3356 3550 3665 3730 3759 3828 3852 3876 4148 4191 4268 4442 4493 4577 4578 4602 4682 4744 4764 4862 4907 4917
130	34	88	12	157 514 589 754 820 852 858 874 944 981 1081 1386 1477 1783 1784 1860 2059 2068 2483 2760 2808 2835 2902 2964 2990 3109 3295 3506 3565 3663 3777 3931 3963 3967 3997 4065 4097 4115 4156 4598 4658 4689
131	14	110	12	644 673 921 950 1247 1353 1368 1499 1539 1683 1873 1890 2024 2093 2147 2182 2302 2350 2375 2476 2523 2555 2655 2851 2917 3062 3270 3290 3291 3292 3318 3392 3977 4020 4281 4425 4528 4565 4624 4724 4759
132	24	41	12	111 150 376 458 460 606 650 973 992 1054 1084 1276 1303 1436 1592 1618 1751 1851 1896 1941 1973 2077 2513 3026 3051 3107 3120 3152 3233 3334 3375 3631 3737 3879 4040 4048 4094 4335 4467 4828 4881 4894
138	19	132	12	469 542 662 774 809 863 1030 1037 1173 1205 1619 1676 1769 1850 2006 2087 2114 2304 2419 2435 2645 2796 2827 2838 3086 3132 3280 3365 3508 3537 3734 3822 4023 4062 4091 4106 4280 4360 4418 4501 4622 4703
205	8	185	12	17 206 219 260 279 297 689 787 804 1045 1049 1104 1263 1305 1394 1413 1586 1672 1756 1992 2023 2113 2345 2628 2938 2976 3041 3216 3366 3442 3469 3657 3687 3716 3837 4034 4374 4391 4722 4796 4802
210	15	150	12	90 238 352 731 823 849 919 1211 1283 1522 1542 1657 1697 1997 2049 2056 2102 2148 2256 2268 2425 2608 2649 2677 2875 2985 3185 3285 3317 3335 3347 3371 3728 3804 3932 3962 3998 4157 4269 4448 4498 4558 4642 4713 4915 4977 4993
215	37	171	12	214 653 860 1185 1212 1285 1377 1421 1510 1679 1692 1803 2038 2075 2280 2395 2457 2573 2616 2728 2757 2853 2965 2979 3049 3117 3189 3265 3277 3289 3323 3416 3525 3578 3612 3615 3706 3764 3856 4220 4347 4416 4458 4877 4953 4959
216	32	104	12	4 8 41 101 339 610 616 749 859 1100 1142 1235 1309 1332 1338 1832 2002 2122 2258 2462 2469 2652 2924 3019 3035 3169 3206 3211 3217 3286 3398 3426 3453 3495 3620 3658 3742 3801 3844 3970 4439 4524 4568 4575 4843 4952
246	10	120	12	135 351 468 517 565 779 961 997 1005 1434 1494 1512 1558 1630 1639 1677 1708 1713 1734 1762 2108 2173 2190 2403 2672 2696 2895 3027 3247 3412 3576 3600 3922 3987 4092 4143 4282 4550 4589 4614 4738 4766
273	6	26	12	108 257 263 265 330 391 463 499 816 959 1010 1041 1129 1221 1474 1572 1691 1988 2279 2359 2413 2434 2549 2572 2723 2764 2934 3087 3329 3441 3671 3718 3752 4045 4202 4274 4409 4420 4488 4804
283	22	193	12	126 659 786 811 840 847 926 970 1190 1218 1261 1375 1796 1856 1901 2017 2045 2124 2140 2192 2478 2524 2650 2662 2686 2772 2963 3158 3376 3402 3447 3460 3500 3594 3746 3936 4058 4089 4380 4536 4613 4690 4770 4826 4911 4990
330	27	199	12	18 21 86 221 414 586 624 668 783 960 999 1109 1272 1598 1607 1659 1729 1829 2090 2155 2176 2319 2391 2429 2602 2758 2906 3174 3197 3480 3533 4007 4096 4147 4173 4542 4553 4741 4892 4970 4979 4987
331	25	3	12	66 138 444 559 953 1091 1123 1127 1435 1452 1500 1506 1606 1914 1980 2055 2214 2475 2489 2595 2656 2744 2761 3176 3209 3225 3647 3795 4059 4110 4190 4385 4686 4688 4803 4837 4920
362	12	5	12	20 270 275 396 702 781 1020 1111 1848 1865 1878 1907 2070 2126 2422 2545 2747 2804 2818 2828 2856 2892 2916 3103 3238 3471 3523 3587 3793 3813 3867 3923 4185 4243 4561 4591 4684 4884 4986 4988
393	33	21	12	15 194 317 533 719 767 900 939 1262 1696 1775 1781 1809 1826 2288 2433 2504 2541 2554 2691 2762 2763 2977 3010 3101 3430 3564 3608 3635 3739 3760 3773 3791 3945 3953 3956 4133 4285 4401 4482 4626 4700 4971
399	28	63	12	58 183 281 371 532 873 897 1246 1352 1399 1447 1664 1764 1981 2089 2123 2330 2365 2676 2815 3249 3362 3415 3451 3676 3855 3914 4072 4116 4182 4257 4303 4329 4337 4431 4641 4654 4685 4814 4935 4976 4992 4994
29	20	76	12	180 293 397 451 494 605 675 822 942 1002 1007 1051 1135 1310 1492 1726 1837 1888 1968 2103 2390 2587 2724 2970 3116 3155 3220 3481 3619 3653 3750 3979 3995 4027 4090 4236 4312 4594 4672 4719 4753
42	2	190	12	38 337 362 591 612 681 843 1012 1078 1134 1286 1472 1538 1611 1643 1791 1978 2134 2159 2206 2348 2698 2739 2972 3034 3040 3234 3474 3492 3655 3846 3858 3886 4061 4079 4204 4277 4655 4779 4799 4943 4974
65	17	187	12	24 31 177 290 336 380 569 570 630 765 928 1068 1168 1231 1313 1645 2005 2096 2223 2264 2437 2570 3195 3312 3336 3346 3368 3544 3557 3650 3713 3754 3905 4031 4067 4225 4266 4341 4636 4841 4849 4897
74	38	118	12	10 46 154 244 256 534 1318 1319 1323 1324 1423 1430 1650 1702 1863 1946 2169 2238 2353 2388 2405 2451 2487 2580 2611 2632 3504 3683 3712 3800 3827 3973 4087 4356 4557 4667 4695 4817 4858
105	31	148	12	67 234 264 302 345 368 712 755 1229 1273 1356 1441 1459 1599 1759 1765 1786 1823 2177 2185 2235 2327 2401 2460 2826 2866 2908 2926 2959 3020 3163 3175 3382 3541 3602 3703 3865 3891 3898 4275 4411 4683 4692 4702
214	18	74	12	106 798 982 1006 1009 1048 1061 1088 1112 1252 1289 1308 1431 1462 1651 1801 1810 2287 2456 2467 2577 2658 2864 2918 3058 3144 3145 3219 3626 3736 3888 3933 4015 4198 4319 4402 4444 4473 4517 4660 4662 4771
266	30	91	12	245 356 601 636 728 807 1181 1397 1490 1616 1926 2051 2298 2364 2463 2485 2568 2648 2735 2811 2962 3002 3652 3691 3866 3883 3965 3984 4064 4066 4460 4593 4643 4749 4769 4778 4859 4963
287	11	96	12	35 222 378 425 462 538 566 758 797 803 1036 1047 1086 1196
311	13	73	14	73 109 200 333 392 412 496 516 607 659 765 949 960 1232 1390 1664 1665 1730 1930 2076 2106 2161 2200 2343 2396 2418 2538 2927 3081 3160 3201 3369 3474 3524 3606 3647 3762 3819 3838 4041 4156 4406 4467 4706 4756 4776
313	40	51	14	28 491 591 723 838 857 936 1068 1133 1174 1216 1361 1462 1650 1663 1774 1840 2370 2530 2674 2741 2822 2883 3031 3093 3400 3409 3633 3870 3915 3962 4071 4223 4326 4525 4555 4763 4912 4957
322	1	4	14	69 131 237 602 934 1158 1180 1191 1237 1326 1396 1473 1608 1808 2081 2082 2328 2329 2697 2709 2882 3312 3567 3747 3902 3922 4025 4135 4162 4210 4219 4374 4425 4528 4551 4566 4765 4883 4910
347	23	25	14	140 348 458 535 631 827 837 977 979 1154 1195 1263 1557 1656 2201 2509 2572 2586 2596 2600 2651 2861 2911 2950 3070 3166 3333 3375 3473 3598 3623 3913 4125 4338 4455 4762 4911 4956
358	35	29	14	23 182 366 715 974 1047 1075 1083 1235 1408 1820 1864 1889 1987 2203 2458 2460 2498 2774 2810 2897 2985 3055 3117 3127 3130 3715 3758 3783 3860 3867 3882 3887 4040 4086 4141 4215 4298 4676 4737 4967
372	5	92	14	130 211 248 656 1074 1428 1468 1479 1569 2001 2026 2163 2354 2412 2481 2567 2658 2722 2892 2939 2941 2946 3146 3190 3195 3386 3482 3551 3653 3688 3702 3907 3979 4172 4241 4325 4607 4696 4872 4948 4949
378	36	19	14	80 245 286 547 599 885 890 914 933 973 1087 1095 1134 1318 1443 1583 1711 1719 1816 1917 1950 2235 2414 2558 2666 2775 2784 2825 2833 3057 3079 3411 3693 3825 4003 4096 4148 4240 4352 4893
7	29	111	14	36 573 705 982 1413 1508 1822 1870 1881 1884 2039 2085 2098 2241 2650 2662 2728 2795 2929 3193 3337 3355 3547 3611 3612 3622 3658 3719 3946 3950 4293 4332 4390 4403 4448 4495 4576 4766 4880 4980
37	3	180	14	7 16 62 103 135 139 487 494 582 763 904 905 915 1287 1689 1712 1807 1872 1885 2037 2044 2099 2490 2556 2598 2654 2659 3063 3191 3532 3553 3589 3601 3793 3854 3929 3964 4716
63	39	167	14	296 349 665 888 939 1008 1149 1270 1397 1507 1601 1619 1697 1727 1751 1764 1830 1853 2134 2207 2417 2576 2823 2831 3100 3350 3495 3498 3569 3784 3815 3832 3899 4294 4295 4297 4742 4775 4796 4965
67	7	112	14	76 207 342 429 486 590 632 649 653 700 760 815 867 901 927 1389 1418 1442 1519 1527 1693 1745 2144 2569 3171 3288 3483 3556 3652 3791 3963 4159 4239 4292 4353 4490 4520
110	21	175	14	209 329 654 690 1042 1274 1485 1767 2197 2280 2290 2303 2423 2495 2601 2609 2631 2713 2749 2854 2885 2913 3407 3490 3504 3507 3599 3643 4091 4105 4142 4206 4366 4474 4521 4914
112	4	123	14	232 474 489 540 611 693 1038 1382 1633 1714 1933 2102 2137 2140 2209 2257 2276 2577 2606 2718 2736 2743 2754 2794 2922 2981 3000 3011 3099 3424 3616 4303 4409 4539 4583 4620 4755 4793 4794 4884 4999
144	16	153	14	188 225 238 394 536 803 840 861 875 928 1071 1106 1115 1138 1268 1301 1316 1681 1942 2080 2542 2613 2815 2856 2908 2909 3074 3279 3525 4001 4028 4209 4279 4296 4322 4457 4627 4681 4720 4878
145	9	17	14	41 253 604 732 799 810 818 819 887 918 940 1039 1102 1122 1135 1146 1352 1439 1686 2252 2295 2352 2427 2568 2644 2727 2742 2889 2915 3047 3206 3208 3234 3414 3440 3451 3669 3695 4174 4660 4707 4875
165	26	188	14	118 280 358 393 548 575 661 761 780 821 894 959 1054 1132 1198 1336 1604 1607 1963 2104 2408 2566 2570 2623 2732 2746 3035 3052 3105 3158 3229 3281 3391 3425 3479 3790 4077 4436 4519 4572 4659 4815
185	34	22	14	44 247 292 365 567 695 946 1010 1081 1163 1289 1424 1437 1451 1640 1706 1859 1940 2227 2373 2683 2687 2748 2762 2768 2961 2975 2992 2994 3080 3107 3161 3198 3268 3298 3349 3399 3634 3925 4080 4459 4524 4709 4985
198	14	119	14	43 156 510 680 685 782 876 881 1076 1099 1266 1333 1498 1659 1710 1860 1886 1900 2062 2067 2127 2543 2553 3076 3112 3133 3177 3299 3356 3373 3394 3642 3726 3840 3906 4027 4248 4302 4357 4589 4733 4811 4984
241	24	138	14	45 102 163 233 445 804 856 919 981 1364 1475 1502 1591 1809 1849 2015 2149 2253 2263 2349 2455 2527 2551 2640 2828 2898 3266 3282 3326 3328 3418 3848 3872 3924 3965 4187 4202 4318 4952
280	19	134	14	122 123 138 302 391 439 449 501 528 533 572 697 829 860 1058 1101 1119 1386 1457 1554 1616 1667 2061 2064 2236 2446 2475 2502 2561 2738 2776 3040 3048 3180 3363 3824 3999 4044 4134 4361 4713
286	8	156	14	14 78 226 327 357 387 493 574 576 938 943 1012 1218 1312 1472 1998 2261 2426 2497 2531 2624 2859 2907 2949 3025 3042 3153 3272 3343 3458 3604 3814 3839 3987 4081 4151 4226 4373 4462 4479 4605 4631 4638 4788 4887
298	13	156	16	91 231 423 687 688 771 778 946 972 998 1395 1408 1530 1575 1623 1723 1768 1848 1885 2053 2222 2552 2581 2679 2747 2788 2846 3043 3114 3172 3238 3255 3492 3735 3927 3967 4180 4564 4585 4787 4870
305	15	21	14	236 261 323 350 588 848 1030 1210 1292 1436 1456 1631 1648 1765 1894 1901 1986 1991 2167 2369 2401 2500 2587 3010 3168 3179 3182 3220 3527 3807 3941 4062 4065 4216 4327 4372 4587 4698 4735 4745 4856
345	37	121	14	107 149 164 235 315 511 518 790 956 1126 1155 1214 1248 1406 1426 1504 1770 1831 1946 1948 1960 2093 2162 2337 2634 2712 2764 3132 3207 3238 3247 3492 3954 3980 3986 4139 4169 4184 4212 4529
352	32	157	14	257 314 372 498 503 537 849 986 1142 1280 1493 1620 1725 1834 2284 2323 2336 2385 2407 2565 2701 2832 2869 3058 3136 3252 3254 3380 3461 3664 3707 3850 3877 3993 4168 4345 4538 4619 4673 4708 4934 4937
357	40	188	16	112 225 300 398 446 574 630 666 761 821 878 912 1195 1239 1257 1415 1502 1513 1571 1742 2017 2447 2470 2791 2809 2944 3097 3161 3620 3688 3696 3746 3756 3791 4115 4296 4356 4368 4556 4657
364	10	173	14	203 219 340 369 475 482 558 581 658 766 812 950 1057 1182 1199 1353 1653 1723 2272 2375 2389 2501 2948 3091 3646 3687 3756 3792 3869 4178 4324 4469 4516 4556 4613 4671 4816 4890 4918
366	6	48	14	110 145 173 386 758 1446 1535 1574 1904 1951 2012 2223 2360 2449 2473 2474 2499 2507 2528 2533 2663 2675 2682 3016 3111 3212 3372 3456 3626 3656 3763 3827 4064 4121 4207 4229 4453 4658 4863 4950 4966
380	22	89	14	75 234 307 791 802 839 967 1045 1065 1162 1323 1377 1383 1455 1588 1646 1669 1709 1717 1785 1897 2199 2205 2248 2258 2365 2579 2636 2693 2720 2747 2791 3250 3290 3316 3329 3478 4038 4068 4329 4617 4689
385	1	92	16	94 236 363 420 422 591 634 708 784 789 913 993 1012 1047 1172 1181 1322 1328 1551 1552 1630 1754 2031 2227 2250 2320 2391 2495 2577 2672 2838 3029 3045 3271 3313 3878 4088 4323 4497 4611 4678 4728 4955
20	27	116	14	49 84 229 274 464 893 1062 1222 1288 1331 1510 1578 1876 1918 1935 1967 1989 2063 2078 2111 2129 2425 2737 2740 2974 3147 3379 3535 4009 4037 4116 4126 4208 4253 4319 4360 4761 4821 4853
33	25	158	14	129 266 398 550 762 1151 1552 1568 1644 1661 1758 2164 2245 2330 2333 2335 2493 2910 2983 3143 3297 3309 3412 3500 3573 3725 3752 3861 3961 3972 4079 4218 4256 4306 4486 4717 4736 4922 4991
35	12	75	14	3 82 114 125 189 310 320 343 560 740 913 988 1123 1125 1157 1167 1243 1492 1636 1652 1744 1761 1768 1911 1953 2000 2115 2240 2255 2526 2707 2817 2926 3061 3519 3665 3859 3939 3989 4522 4562 4679 4797
53	33	34	14	278 284 300 332 478 499 717 792 811 921 1021 1366 1374 1411 1542 1617 1690 1702 1836 2023 2293 2357 2667 3059 3118 3280 3396 3406 3423 3541 3635 3865 4005 4100 4145 4385 4629 4653 4674 4955
58	28	162	14	287 476 738 813 925 984 1503 1534 1635 1660 1856 2020 2294 2380 2420 2560 2646 2860 2944 2955 3027 3186 3410 3491 3660 3694 3856 4165 4282 4310 4365 4393 4424 4585 4614 4827 4867 4874 4876
70	20	62	14	181 282 305 346 409 418 559 606 720 768 891 1005 1306 1345 1368 1501 1597 1683 1773 1908 2006 2256 2399 2523 2529 2702 2705 2706 2790 3129 3215 3357 3818 4161 4346 4501 4508 4511 4609 4734 4924
99	2	142	14	116 196 466 495 527 605 628 641 687 1177 1187 1273 1445 1824 1943 2075 2350 2403 2457 2539 2563 2616 2816 2867 2899 2921 3022 3039 3108 3226 3265 3334 3402 3788 3940 3951 4033 4237 4290 4632 4685 4774
104	17	70	14	180 281 467 662 871 911 1024 1161 1223 1244 1249 1401 1480 1537 1562 1599 1666 1743 2232 2415 2695 2787 2978 2998 3008 3046 3438 3562 3571 3755 3772 3782 4053 4075 4189 4473 4477 4773 4813 4916 4958
121	23	173	16	48 87 507 822 1155 1225 1232 1258 1276 1332 1490 1593 1741 2004 2085 2522 2626 2646 2687 2716 2758 2761 2863 2945 3106 3132 3439 3624 3850 3852 3863 3871 4160 4332 4493 4671 4739 4911 4940 4998
142	38	124	14	30 63 168 241 270 672 684 836 1131 1186 1246 1447 1486 1593 1781 1788 2152 2180 2406 2719 2733 2757 2759 2850 3139 3466 3480 3625 3676 3802 3804 3858 3997 4095 4132 4267 4781 4895 4909
154	31	174	14	27 51 176 455 846 908 942 987 1028 1035 1069 1120 1309 1360 1791 1794 1875 2028 2181 2194 2243 2486 2514 2977 3075 3145 3170 3267 3441 3455 3575 3721 3735 3749 4024 4111 4335 4429 4435 4512 4523 4578 4606 4826 4897
160	18	133	14	338 421 457 585 639 670 710 824 1242 1355 1358 1670 1954 2035 2208 2296 2302 2388 2802 2824 2826 2979 3043 3134 3447 3538 3557 3875 4234 4287 4334 4342 4677 4687 4743 4790 4823 4868
190	30	46	14	97 276 524 534 655 770 855 866 1025 1145 1354 1511 1561 1606 1610 2176 2309 2387 2428 2451 2633 2841 2957 3065 3376 3383 3477 3545 3563 3580 3586 3744 3991 4262 4344 4449 4838 4886 4961 4971
203	11	85	14	2 71 93 183 273 352 577 968 1201 1314 1563 1622 1715 1779
206	35	50	16	412 484 555 623 655 733 800 870 924 930 983 1073 1091 1116 1235 1316 1693 1812 1984 2183 2231 2460 2479 2521 2801 2995 2997 3069 3133 3421 3473 3812 3876 4163 4273 4510 4638 4896 4965
209	5	178	16	3 38 116 151 192 224 472 485 514 1044 1556 1747 1804 2036 2083 2088 2158 2259 2368 2490 3061 3221 3283 3360 3484 3711 3894 3900 4073 4186 4205 4281 4289 4298 4408 4523 4663 4708 4862
275	36	192	16	34 74 262 370 388 396 462 1272 1375 1391 1429 1838 1914 2075 2114 2127 2275 2283 2416 2441 2491 2562 2746 2785 3015 3064 3096 3217 3343 3383 3433 3467 3590 3596 3659 3827 3945 3958 4121 4283 4344 4381 4712 4725
285	29	20	16	286 385 449 529 742 1134 1193 1325 1394 1826 1867 1957 2016 2178 2221 2329 2766 2933 3160 3223 3677 3725 3773 3779 3975 3994 4056 4104 4122 4211 4308 4366 4376 4458 4710 4732 4917 4949 4992
299	3	8	16	175 239 315 375 399 413 690 1049 1247 1259 1532 1853 1915 1955 2013 2069 2243 2389 2586 2721 2870 3071 3144 3232 3329 3352 3377 3379 3562 3574 3724 3847 4128 4233 4256 4295 4443 4465 4483 4789 4826
337	39	99	16	191 197 335 571 624 680 735 752 763 764 982 1014 1074 1146 1290 1295 1301 1344 1523 1627 1673 1684 1717 2037 2166 2299 2319 2442 2541 2861 2868 2904 3192 3468 4117 4183 4417 4427 4478 4696 4782 4918 4939
377	7	24	16	219 222 223 248 251 635 638 649 672 794 832 956 1061 1148 1233 1353 1484 1541 1609 2744 2845 2852 2927 3136 3201 3256 3515 3602 3751 3789 3864 3868 3930 4286 4549 4592
386	21	166	16	182 296 384 465 538 616 660 775 793 1019 1039 1107 1109 1274 1349 1433 1625 1631 1708 1714 2262 2295 2335 2409 2497 2835 3052 3156 3236 3325 3652 3809 4074 4130 4240 4393 4475 4544 4693 4848
389	4	63	16	160 285 332 433 478 626 647 1220 1252 1384 1879 1990 2199 2261 2376 2502 2710 2826 3073 3188 3287 3384 3445 3499 3623 3651 3719 3767 3811 3980 4006 4140 4436 4581 4640 4690 4780 4816 4923 4986
396	16	174	16	228 230 319 561 853 909 1315 1407 1440 1455 1515 1524 1583 1861 1922 2498 2558 2611 2652 2760 2985 3228 3268 3598 3752 3818 3819 4158 4159 4198 4203 4206 4264 4363 4407 4568 4605 4821 4886
397	9	159	16	185 220 572 881 1268 1321 1392 1503 1531 1581 1592 1594 1615 1628 1877 2277 2468 2514 2574 2664 2734 2895 2925 3178 3303 3382 3610 3627 3944 3999 4044 4058 4218 4226 4437 4446 4743 4748 4770 4804 4825 4849
1	26	134	16	486 802 904 1284 1350 1458 1472 1577 1721 1738 1876 2022 2194 2355 2390 2406 2570 2666 2745 2752 2873 2900 2988 3310 3374 3519 3698 3768 3936 4007 4345 4396 4397 4661 4667 4716 4829
10	34	70	16	326 386 487 759 992 1327 1459 1521 1568 2060 2095 2134 2297 2339 2387 2436 2593 2636 3105 3154 3262 3423 3559 3642 3731 3901 4029 4031 4143 4200 4219 4324 4490 4492 4502 4566 4632 4723 4899
89	14	148	16	127 273 395 1008 1056 1165 1219 1282 1924 1932 1969 1987 1995 2005 2153 2213 2550 2647 2970 3226 3246 3289 3327 3403 3413 3440 3581 3883 3955 4021 4309 4312 4361 4534 4543 4740 4850
96	24	58	16	11 244 272 309 364 753 780 796 817 850 891 951 1017 1227 1444 1453 1697 1920 1970 2034 2066 2087 2106 2196 2202 2326 2492 2496 2786 2968 3275 3430 3749 3826 3959 4001 4080 4087 4567 4658 4699 4856 4891 4974
124	19	81	16	237 518 526 693 713 755 773 873 964 1137 1217 1381 1465 1494 1508 1534 1587 1686 1905 1950 1985 2111 2120 2304 2328 2676 2715 2753 2975 3332 3415 3613 3802 3849 4185 4228 4262 4370 4846 4863
139	8	23	16	590 692 834 836 839 892 978 1226 1481 1545 2251 2537 2561 2673 2738 3076 3088 3189 3259 3397 3401 3633 3634 3693 3855 3874 3908 3928 3996 4272 4346 4463 4830 4844
176	15	72	16	76 880 940 1016 1052 1095 1198 1223 1428 1550 1586 1644 1666 1801 1822 1833 1872 1972 2397 2547 2559 2674 2798 2886 3072 3091 3269 3378 3646 3949 4002 4041 4452 4584 4624 4670 4800 4908 4925
194	37	172	16	118 168 506 547 615 748 815 914 1004 1234 1280 1296 1310 1363 1397 1468 1980 2027 2042 2077 2116 2174 2294 2396 2856 2894 2926 3049 3103 3280 3765 4096 4178 4217 4349 4351 4646 4698 4715 4750 4938 4989
195	32	105	16	92 98 291 438 587 601 827 989 1096 1152 1409 1424 2052 2054 2265 2293 2545 2627 2651 2662 2942 2957 2976 2994 3070 3621 3722 3723 4108 4331 4371 4545 4598 4805 4811 4858 4978 4983
230	10	164	16	67 163 269 307 441 592 632 757 898 900 969 1011 1178 1425 1436 1657 1668 1759 1937 1978 1999 2192 2238 2340 2458 2597 2681 3167 3210 3263 3405 3435 3692 3872 3911 4146 4717 4802 4847
258	6	95	16	81 147 408 500 557 860 902 919 1022 1119 1190 1387 1910 1948 2233 2310 2363 2635 2750 3075 3098 3148 3363 3381 3543 3566 3585 3603 3636 3667 3754 4244 4394 4610 4626 4668 4744 4852
321	22	177	16	140 474 556 657 671 712 721 808 864 945 1160 1432 1491 2264 2358 2506 2670 2777 2862 2920 3248 3342 3456 3552 3614 3817 3836 3837 3887 4038 4101 4254 4355 4477 4639 4704 4731 4871
341	27	47	16	214 321 353 447 550 611 633 701 985 1021 1732 1800 1963 2113 2224 2349 2712 2854 3112 3115 3227 3347 3364 3434 3512 3576 3637 3771 3778 4054 4210 4215 4268 4432 4470 4563 4720
343	25	186	16	18 210 306 311 343 434 480 663 895 996 1070 1167 1192 1291 1661 1835 1859 2009 2112 2126 2393 2423 2536 2724 2813 2923 3099 3367 3520 3699 3710 3786 3835 4026 4138 4188 4442 4526 4533 4554 4619 4928
354	12	103	16	44 117 159 508 710 994 1085 1208 1388 1517 1919 1921 2160 2162 2380 2655 2729 2765 2984 3023 3235 3389 3491 3516 3591 3609 3684 3716 3808 4013 4137 4409 4575 4679 4695 4799 4834 4889 4968
368	33	36	16	24 72 234 245 466 682 906 962 1121 1145 1166 1238 1265 1605 1700 1939 2056 2059 2255 2485 2518 2528 2548 2631 2632 2772 2787 2830 2850 3037 4023 4047 4147 4290 4326 4359 4369 4386 4460 4503 4861
382	28	126	16	290 494 602 871 884 1194 1255 1427 1442 1511 1728 1912 2084 2256 2430 2781 2963 3041 3046 3051 3101 3288 3318 3560 3601 3790 3797 4008 4082 4155 4204 4305 4335 4357 4612 4669 4810 4839 4915 4926 4933
394	20	57	16	23 108 169 274 328 337 535 720 799 859 1526 1698 1772 1808 1829 1941 2107 2171 2257 2316 2378 2525 2792 2843 2972 2974 3362 3649 3689 3821 4000 4050 4269 4572 4772 4892
2	2	153	16	114 229 235 411 435 552 636 681 999 1007 1024 1342 1473 1649 1664 2063 2149 2218 2230 2313 2467 2503 2694 3024 3050 3111 3231 3605 3612 3881 3939 3978 4043 4049 4081 4214 4252 4412 4454 4494 4495
24	17	180	16	152 158 261 517 523 797 813 888 1100 1377 1516 2073 2154 2266 2453 2494 2590 2653 2711 2888 2922 2929 3265 3366 3462 3683 3799 4034 4142 4278 4426 4524 4530 4542 4647 4650 4726 4898 4932
36	38	43	16	111 227 250 791 872 979 1092 1422 1456 1488 1682 2189 2205 2431 2714 2810 2833 2867 3040 3140 3155 3341 3357 3372 3442 3505 3532 3631 3718 3854 3892 4036 4174 4234 4569 4703 4927 4960
62	31	6	16	22 31 70 149 372 643 769 1098 1133 1171 1236 1313 1576 1704 1771 1883 1934 2131 2278 2434 2557 2599 2709 2849 2885 2901 3005 3065 3432 3463 3671 3681 3795 4090 4119 4392 4445 4884
79	18	101	16	14 65 243 304 603 1067 1076 1159 1297 1365 1400 1406 1487 1945 1959 2026 2065 2129 2260 2331 2477 2481 2756 3078 3083 3093 3168 3243 3482 3561 3890 3990 4265 4297 4342 4367 4636 4996
82	30	144	16	121 131 292 549 788 847 948 1009 1162 1197 1237 1324 1611 1654 1781 1869 1899 2033 2098 2318 2347 2432 2607 2685 2779 3109 3370 3400 3406 3584 3703 3732 3879 3907 4045 4266 4310 4578 4984
95	11	41	16	122 216 461 463 479 539 551 683 694 729 1139 1359 1371 1828
102	13	140	18	159 201 271 402 470 473 573 613 699 776 777 1132 1260 1275 1493 1504 1582 1603 1725 1754 2019 2346 2546 2878 2913 2935 3408 3436 3507 3537 3547 3705 3861 4060 4449 4453 4499 4772 4873 4921
109	40	130	18	102 451 555 708 794 1069 1190 1286 1314 1573 1699 1743 1779 1996 2086 2098 2245 2419 2466 2593 2650 2684 2755 2792 3004 3184 3368 3454 3498 3988 4095 4101 4144 4216 4330 4423 4634 4726 4782 4824 4940
141	1	38	18	548 740 819 945 957 962 974 978 1079 1104 1106 1196 1301 1514 1708 1735 1802 1829 1986 2061 2257 2447 2736 2880 3028 3058 3697 4037 4109 4151 4187 4273 4274 4442 4459 4489 4565 4982
153	23	194	18	483 510 517 578 638 694 956 1176 1304 1325 1427 1523 1524 1782 1787 1800 1822 1913 1983 2012 2160 2188 2278 2296 2356 2518 2540 2547 2765 2771 3086 3101 3527 3592 4201 4338 4421 4803
171	35	49	18	424 439 454 456 489 736 826 1281 1320 1376 1441 1486 1561 1579 1647 1856 1866 2289 2573 2623 2700 2941 3027 3220 3252 3629 3842 3893 3987 4110 4306 4422 4529 4626
197	5	1	18	148 252 985 1017 1182 1233 1298 1460 1648 1908 1933 2038 2231 2349 2366 2586 2821 3236 3558 3637 3716 3799 3813 4042 4051 4124 4154 4184 4363 4381 4433 4484 4530 4866 4922
201	36	88	18	179 207 418 471 651 851 883 1059 1169 1224 1329 1548 1615 1711 2156 2165 2318 2683 2715 2750 2812 2830 2928 3089 3241 3524 3685 3820 3910 4100 4128 4160 4265 4455 4800 4872 4891
220	29	56	18	58 103 106 155 327 390 434 722 725 814 1046 1062 1431 1473 1948 2028 2168 2563 2726 2743 2793 2823 2870 3200 3594 3901 3975 4082 4166 4169 4199 4399 4435 4441 4552 4562 4618 4843 4849 4903 4996
373	3	100	18	16 31 43 336 391 534 618 1285 1392 1482 1566 1796 1922 2155 2170 2395 2436 2788 2857 2897 3066 3141 3156 3577 3744 3794 3825 3831 4014 4200 4362 4630 4716 4752
375	39	125	18	122 165 253 340 403 440 490 724 764 917 1288 1388 1474 1478 1554 1926 1995 2139 2313 2337 2453 2543 2698 2766 2892 2898 3381 3398 3467 3508 3511 3548 3720 3804 4301 4583 4702 4749 4765 4870
381	7	96	18	104 422 486 508 521 790 793 828 1043 1093 1126 1292 1677 1748 1817 1825 2184 2581 2597 2950 2978 3003 3157 3224 3248 3352 3544 3673 3679 3737 3895 4079 4192 4543 4629 4723 4758 4858
390	21	166	18	25 457 528 635 760 1146 1243 1335 1391 1570 1664 1821 2057 2194 2211 2458 2474 2558 2613 2930 2955 3023 3165 3177 3229 3300 3339 3486 3526 3822 3836 3928 3934 3956 4112 4311 4454 4684 4777 4990
14	4	87	18	254 298 328 493 538 865 1024 1228 1450 1587 1741 1776 2110 2251 2309 2382 2399 2529 2600 2615 2757 2777 3295 3390 3699 3783 3802 3817 4027 4090 4092 4123 4170 4341 4561 4711 4779
18	16	136	18	285 309 556 781 825 997 1191 1223 1344 1487 1639 1775 1797 2029 2340 2343 2377 2413 2465 2490 2676 2686 2719 2782 2871 2903 3007 3453 3600 3996 4195 4257 4475 4541 4823 4878 4951
30	9	7	18	22 115 442 485 543 672 853 1047 1175 1291 1449 1742 2016 2578 3031 3042 3102 3123 3175 3386 3447 3528 3611 3885 3929 3943 3974 4167 4376 4444 4479 4496 4654 4660 4851 4880
123	26	46	18	10 131 208 245 401 415 505 625 827 953 1048 1250 1293 1362 1617 1660 1883 1903 1990 2410 2500 2727 2733 2759 2807 2937 3301 3525 3773 4011 4251 4457 4464 4710 4987
170	34	122	18	354 377 396 436 529 571 671 709 948 1110 1140 1501 1824 1919 2213 2241 2327 2359 2891 3057 3115 3202 3210 3263 3312 3324 3393 3406 3448 3523 3624 3669 3790 4073 4314 4335 4414 4621 4812
188	14	45	18	139 288 320 397 570 597 614 763 837 923 992 1032 1067 1274 1361 1418 1795 1813 2185 2280 2316 2362 2614 2813 2996 3068 3090 3170 3179 3311 3439 3580 3639 3731 3738 3759 3853 3958 4407 4567 4999
271	24	114	18	39 71 129 170 258 292 373 533 1264 1454 1475 1575 1842 1993 2010 2073 2120 2433 2505 2668 2833 2939 2945 2966 3121 3146 3306 3555 3622 3632 3635 3646 3888 4085 4252 4548 4636 4819
319	19	147	18	24 128 175 217 375 527 567 703 734 803 932 954 1209 1323 1780 2121 2152 2214 2634 2672 2725 3034 3145 3560 3589 3661 3689 3763 4242 4247 4382 4497 4667 4700 4753 4825 4832 4868
334	8	154	18	94 195 238 272 325 367 504 698 719 721 847 911 1238 1294 1505 1544 1618 1874 1906 2228 2390 2752 2838 2842 3303 3429 3830 3971 4323 4347 4616 4692 4737 4965
365	15	37	18	4 279 296 461 615 1029 1153 1479 1571 1849 1857 1909 2417 2507 2592 2669 2920 3012 3216 3460 3581 3653 3675 3688 3757 3902 3991 4250 4415 4531 4537 4581 4620 4909 4934
388	13	45	20	134 150 229 235 400 607 704 710 774 829 990 1117 1237 1332 1396 1629 1991 2070 2083 2166 2191 2217 2398 2458 2740 2962 3303 3328 3431 3666 3704 4066 4178 4380 4573 4760 4787 4839 4936
400	37	64	18	19 132 393 682 706 943 1222 1567 1630 1902 2300 2322 2488 2584 2585 2639 2691 2789 2806 3041 3054 3084 3119 3131 3336 3614 3654 3897 4230 4238 4466 4469 4521 4652 4717 4728 4820
71	32	71	18	5 249 322 374 596 640 884 1103 1218 1349 1363 1633 1736 1750 1826 1954 1974 2445 2504 2904 3093 3150 3182 3194 3314 3506 3535 3543 3710 3723 3733 3890 3966 4211 4358 4463 4962
84	10	9	18	11 276 497 509 717 788 809 1400 1457 1535 1918 1965 2011 2401 2511 2689 2730 2824 2827 2951 2961 3180 3181 3420 3496 3573 3585 3808 3903 3937 4030 4140 4168 4550 4553 4576 4719 4763
92	6	167	18	29 89 268 286 478 584 696 697 730 743 756 909 1118 1178 1216 1367 1393 1489 1707 2003 2187 2370 2471 2837 2844 3048 3070 3079 3174 3233 3396 3781 3800 3846 4212 4291 4647 4759 4833
183	22	151	18	26 172 262 494 545 554 560 583 792 881 984 1151 1248 1251 1271 1734 2033 2055 2133 2157 2222 2312 2326 2566 2571 2622 2739 2936 2982 3251 3316 3322 3608 3862 3921 4116 4354 4510 4560 4871
213	27	10	18	3 78 86 113 383 428 576 657 761 779 866 918 926 975 1008 1122 1173 1341 1481 1704 1833 2005 2071 2083 2444 2629 2751 2855 3099 3431 3774 3779 4063 4149 4288 4538 4704 4718 4964
222	25	171	18	248 295 406 458 465 568 647 775 1019 1139 1328 1435 1632 1687 1845 2125 2225 2242 2448 2526 2643 3350 3351 3446 3700 3701 3811 3832 3849 3938 4344 4418 4506 4815 4944
228	12	155	18	189 330 737 940 971 1108 1213 1334 1396 1576 1770 1976 2068 2082 2144 2212 2429 2753 3294 3364 3670 3931 3935 4019 4098 4181 4325 4348 4430 4490 4579 4608 4776 4822 4862 4995
238	33	128	18	152 259 450 559 598 652 668 1064 1085 1203 1230 1268 1446 1470 2131 2345 2741 2825 2991 3013 3018 3095 3371 3401 3451 3578 3690 3695 3845 3896 4008 4155 4316 4429 4593 4698 4811
292	28	59	18	52 107 198 260 381 455 910 1040 1055 1111 1124 1270 1318 1461 1572 1612 1984 2608 2796 2875 2894 3029 3127 3265 3276 3293 3499 3503 3583 3748 3951 3998 4113 4452 4614 4745 4890 4908
39	20	186	18	33 63 158 174 176 211 335 388 400 463 807 1006 1035 1300 1343 1581 2031 2682 2803 2849 2884 3282 3458 3582 3728 4004 4050 4129 4246 4571 4606 4645 4844 4998
43	2	168	18	133 464 487 537 589 677 849 888 947 963 965 1131 1467 1469 1556 1580 1611 1835 1838 1865 2311 2742 2952 3080 3140 3489 3591 3638 3765 4029 4041 4263 4300 4461 4580 4817 4889 4947
45	17	93	18	83 153 173 966 991 1084 1379 1414 1453 1477 1506 1937 2018 2408 2582 2594 2706 2737 2769 2865 2917 3083 3138 3359 3668 3706 3750 3884 4120 4150 4205 4221 4233 4350 4369 4480
100	38	13	18	64 118 277 333 686 1013 1189 1307 1387 1395 1717 2097 2154 2281 2452 2527 2740 2933 3092 3124 3190 3197 3434 3514 3740 3940 4016 4190 4193 4279 4364 4683 4754 4775 4892 4968
127	31	68	18	36 236 311 885 1241 1302 1312 1382 1485 1529 1635 1718 1979 2062 2392 2449 2618 2660 2713 2720 2916 2924 3037 3522 3628 3999 4036 4062 4383 4447 4513 4540 4838
133	18	74	18	8 72 84 287 873 874 1206 1208 1242 1310 1333 1369 1373 1405 1412 1558 1697 1785 1890 2056 2149 2236 2244 2512 2553 2605 2914 3082 3088 3208 3337 3365 3766 3969 4953 4963
155	30	109	18	191 661 836 1417 1444 1491 1507 1641 1994 2314 2394 2491 2494 2590 2983 3036 3325 3411 3478 3727 3736 3761 3810 4125 4209 4471 4500 4563 4601 4807 4808 4835
162	11	86	18	51 202 347 404 575 922 1018 1202 1488 1546 1555 1863 1870 1880
184	40	86	20	169 254 675 801 830 892 942 1160 1302 1367 1519 1529 1777 1875 2016 2151 2221 2273 2425 2703 2960 3053 3204 3317 3701 3742 3759 3900 4104 4405 4420 4421 4444 4614 4688 4907 4945
191	1	103	20	213 523 732 1054 1304 1356 1434 1517 1553 1608 1805 1906 1949 2052 2189 2204 2306 2455 2659 3143 3196 3243 3327 3335 3345 3522 3529 3615 4016 4596 4742 4750 4842
235	23	123	20	124 294 359 442 603 958 1002 1032 1042 1120 1398 1465 1556 1738 1947 2131 2513 2554 3037 3112 3113 3152 3185 3509 3539 3959 4086 4121 4371 4503 4514 4610 4630 4664 4773 4836 4893
248	35	194	20	7 216 389 521 567 568 637 703 820 1018 1141 1385 1543 1582 1587 1688 1717 1964 2001 2288 2400 2675 2897 3200 3276 3285 3380 3392 3401 3508 3517 3743 3760 4076 4175 4512 4571 4744 4808
263	5	34	20	75 184 688 741 821 926 1386 1525 1715 2003 2027 2150 2184 2439 2474 2566 2677 2843 2863 3005 3078 3287 3336 3349 3747 3784 3807 3815 3836 3878 3984 4133 4191 4373 4461 4494 4987
303	36	93	20	253 276 358 579 608 681 746 885 901 1136 1142 1361 1583 1627 1638 1798 1835 1962 2078 2095 2232 2305 2367 2415 2471 2487 2709 2751 2902 2993 3134 3168 3343 3613 3686 4131 4168 4256 4784 4820
308	29	125	20	68 144 498 544 692 899 1106 1130 1203 1497 1621 1682 1859 1911 1955 2050 2076 2684 2787 2793 2876 3028 3106 3125 3159 3266 3339 3548 3947 4267 4406 4419 4562 4690 4733 4838 4920
329	3	36	20	77 239 355 519 642 685 807 919 998 1034 1242 1257 1419 1507 1671 1746 1999 2174 2338 2442 2531 2556 3089 3257 3496 4222 4393 4436 4490 4526 4586 4615 4753 4754 4953
361	39	160	20	284 368 440 759 786 843 965 987 1232 1279 1286 1372 1455 1564 1745 1829 1919 2127 2253 2563 2691 2710 2921 2936 3084 3154 3181 3499 3583 4043 4388 4568 4635 4644 4646 4834 4894
371	7	5	20	151 246 383 497 509 587 626 702 799 1115 1166 1179 1857 2353 2361 2567 2656 2723 2817 2862 2886 2904 2952 3044 3187 3241 3830 3950 3957 3981 4180 4221 4430 4728 4831 4904
376	21	56	20	95 208 215 615 621 627 646 664 1025 1039 1590 1660 1716 2047 2134 2198 2393 2516 2564 2981 3002 3373 3391 3558 3664 3683 3685 3748 4161 4226 4395 4522 4738 4824 4939 4975
11	4	170	20	278 362 470 505 594 610 773 877 967 1026 1140 1220 1383 1424 1494 1903 1951 2165 2287 2432 2627 2667 2718 2804 2937 2938 3118 3299 3388 3518 3863 4039 4164 4361 4613 4689
40	16	137	20	32 142 600 785 1124 1184 1267 1287 1357 1457 1676 1836 1861 1976 2044 2196 2356 2637 2680 2987 3095 3155 3176 3199 3579 3753 3911 3918 4078 4091 4136 4384 4423 4918
88	9	187	20	60 135 552 582 725 883 1043 1432 1511 1581 1888 2008 2624 2835 2840 2933 3189 3246 3500 3674 3741 3750 3919 4088 4268 4709 4780 4791 4856 4912
107	26	189	20	100 267 678 762 853 1163 1254 1578 1613 1652 1853 2094 2163 2508 2616 2745 2889 3224 3275 3300 3395 3485 3490 3590 3705 4139 4204 4283 4359 4404 4437 4529 4593 4729 4899 4930
261	34	6	20	301 469 479 619 712 716 727 884 898 1009 1092 1144 1207 1277 1610 1760 1968 2104 2121 2215 2482 2536 2759 2990 2991 3146 3237 3268 3372 3453 3483 3541 3881 3939 4674 4801 4961
278	14	107	20	22 209 238 240 304 367 641 663 717 823 856 1102 1200 1591 1604 1764 1787 1811 1969 2346 2658 2730 2769 2893 3264 3923 4026 4032 4090 4120 4138 4213 4390 4556 4557 4691 4730 4777
363	24	147	20	1 186 193 393 398 441 488 537 689 865 949 1016 1180 1198 1298 1379 1464 1484 1974 2022 2240 2374 2879 2911 2923 3006 3307 3309 3630 3725 3916 4031 4300 4531 4710 4740
374	19	33	20	65 195 271 342 887 1001 1037 1311 1315 1614 1661 1844 2170 2313 2405 2416 2867 3160 3245 3298 3570 3597 3690 3769 3905 4097 4124 4229 4365 4400 4428 4589 4905 4967 4972
4	8	64	20	165 317 373 546 599 810 862 963 1083 1165 1324 1482 1560 1597 1685 2261 2371 2417 2477 2665 2671 2877 2899 2998 3059 3169 3320 3355 3476 3535 3644 3851 4363 4680
187	15	39	20	85 446 545 597 714 907 933 968 1068 1251 1463 1700 1740 1893 1895 2024 2377 2421 2446 2631 2645 2783 2914 3286 3536 3593 3600 3964 4114 4259 4339 4642 4686 4805
314	37	9	20	33 143 354 392 605 722 912 978 1033 1416 1426 1487 1526 1874 1877 2263 2325 2385 2553 2578 2625 2639 2799 2900 3150 3582 3739 3982 3983 4466 4857
333	32	111	20	666 812 921 924 1058 1153 1212 1467 1476 1512 1547 1634 1928 2017 2236 2265 2390 2480 2542 2615 2811 2859 3174 3766 3898 3929 4172 4241 4248 4294 4457 4694 4718 4747 4979
245	10	196	20	192 206 299 427 679 693 845 1057 1080 1515 1596 1761 1794 2088 2180 2183 2213 2559 2604 2623 2640 2950 3429 3486 3621 3658 3670 3734 3738 3864 3886 3971 4084 4146
353	6	32	20	9 36 81 196 386 747 840 971 1252 1450 1505 1668 1958 2492 2517 2633 2792 2864 2866 2942 3142 3206 3295 3402 3512 3651 3842 4188 4297 4308 4385 4623
22	22	40	20	39 182 266 484 634 734 1003 1059 1118 1359 1841 1907 1938 2161 2314 2319 2607 2614 3055 3076 3454 3612 3697 3758 3813 3903 4047 4065 4083 4113 4239 4318 4625 4662 4673 4989
51	27	118	20	27 220 452 513 638 1069 1176 1444 1456 1500 1550 1568 1662 1834 1902 1973 1984 2097 2159 2225 2975 2988 3034 3136 3191 3235 3260 3330 3362 3845 4233 4244 4482 4558 4807
135	25	128	20	19 262 298 580 598 609 640 811 1139 1458 1498 1536 1647 1659 1701 1722 1912 2271 2995 3131 3170 3422 3595 3673 3877 3997 4181 4337 4619 4634 4695 4711 4761 4921 4966
140	12	184	20	172 286 713 723 864 1015 1082 1188 1300 1338 1561 1584 1601 1852 2129 2158 2255 2300 2700 2931 2935 2946 2958 3371 3464 3761 3831 3907 4196 4356 4549 4670 4927 4974
355	33	164	20	291 410 1087 1170 1236 1259 1296 1343 1408 1412 1477 1516 1551 1786 1965 2009 2283 2500 2555 2561 2738 3306 3706 3745 3892 3942 3949 4071 4257 4327 4536 4666 4822 4917
180	28	112	20	59 162 221 232 329 777 969 1204 1264 1490 1881 2383 2539 2552 2713 2726 3077 3110 3173 3203 3489 3565 3819 3921 4051 4070 4546 4649 4902
199	20	14	20	113 217 290 339 1000 1071 1171 1196 1261 1275 1402 1710 1792 1823 2141 2511 2777 2844 2860 3172 3255 3322 3569 3639 3848 4042 4199 4547 4850 4854 4925
226	2	193	20	88 174 237 385 518 622 1129 1454 1636 1742 1763 2090 2098 2340 2360 2368 2464 2620 2820 2851 2924 3449 3501 3665 4048 4387 4446 4468 4484 4551 4591 4845 4870 4919
265	17	50	20	89 167 279 569 1078 1288 1478 1644 1681 1807 1927 1966 2152 2369 2426 2611 2702 2932 3096 3390 3995 4155 4235 4240 4262 4320 4574 4633 4757 4900
268	38	151	20	45 56 476 623 756 766 915 1663 1706 1943 2065 2210 2244 2274 2347 2427 2506 2549 2716 2784 3021 3029 3117 3282 3292 3637 3937 3960 4056 4416 4641 4827 4881
282	31	48	20	115 116 532 1322 1410 1466 1491 1520 1540 1920 2172 2249 2285 2413 2422 2456 2550 2551 2630 2829 2865 2934 2947 3213 3439 3444 3560 4004 4207 4424 4643 4661 4818
69	18	182	20	161 168 321 426 495 511 592 783 929 995 1046 1707 1868 2015 2125 2286 2301 2441 2635 3128 3728 3902 4022 4532 4941
87	13	137	22	117 330 395 498 563 712 961 1087 1113 1216 1219 1385 1435 1476 1613 1766 1851 1945 2072 2496 2547 3143 3404 3498 3588 3627 3821 3933 4106 4116 4254 4266 4374 4427
310	30	29	20	52 178 269 289 691 796 910 988 1295 1565 1628 1639 1971 2178 2245 2379 2472 2770 3222 3232 3482 3534 3632 3847 3944 4109 4582 4721 4723 4809
