Students	50
1	6 13 12 5
2	8 11 9 13
3	14 3 9 1
4	5 3 9 11
5	13 5 8 4
6	4 13 2 7
7	1 14 6 9
8	9 12 14 1
9	10 9 8 12
10	14 10 9 4
11	14 8 7 13
12	7 4 14 8
13	9 5 4 2
14	4 10 7 3
15	3 14 12 6
16	9 7 10 1
17	12 4 14 11
18	4 2 3 10
19	13 1 3 2
20	11 6 4 3
21	9 3 13 4
22	5 8 10 1
23	3 8 11 9
24	11 12 9 2
25	10 1 6 13
26	8 5 7 6
27	12 6 7 13
28	8 4 13 1
29	1 13 14 3
30	4 12 6 3
31	2 3 8 9
32	12 4 5 8
33	13 14 9 1
34	13 14 8 9
35	6 11 10 3
36	14 1 7 2
37	3 6 5 7
38	2 3 10 5
39	2 8 7 3
40	10 9 14 8
41	3 12 2 4
42	11 9 1 12
43	12 7 3 8
44	14 2 9 7
45	1 4 5 13
46	8 7 6 12
47	1 10 9 6
48	12 6 13 5
49	6 1 8 5
50	10 6 13 8
