Students	50
1	4 2 3 1
2	14 1 10 13
3	7 11 9 14
4	13 12 4 9
5	3 9 8 6
6	12 8 4 10
7	2 11 13 4
8	6 9 10 3
9	6 13 12 10
10	12 5 10 1
11	3 2 8 6
12	6 1 4 13
13	11 8 4 1
14	3 9 12 7
15	7 9 11 5
16	2 10 5 9
17	10 11 9 4
18	10 2 5 1
19	5 11 13 8
20	1 12 10 3
21	5 13 7 3
22	14 2 4 3
23	4 11 1 5
24	9 1 3 7
25	2 14 13 8
26	12 8 6 11
27	6 7 1 13
28	8 6 3 7
29	4 2 3 9
30	7 5 12 2
31	13 6 4 1
32	2 1 3 6
33	5 7 13 6
34	6 10 9 13
35	3 9 12 10
36	4 9 10 12
37	5 6 3 9
38	8 4 12 10
39	6 8 2 9
40	2 4 3 1
41	4 13 3 11
42	5 9 11 4
43	8 5 3 13
44	11 7 6 12
45	8 1 14 4
46	3 2 4 8
47	14 4 10 13
48	7 3 9 12
49	6 8 13 9
50	5 7 14 13
