Students	50
1	8 11 6 10
2	12 5 6 13
3	12 6 2 9
4	3 6 11 12
5	3 4 6 7
6	9 8 2 12
7	5 10 9 13
8	7 2 11 6
9	2 6 1 3
10	11 5 12 1
11	13 10 7 8
12	12 6 2 1
13	5 13 11 4
14	1 9 4 8
15	7 13 5 12
16	1 3 2 13
17	14 7 6 5
18	11 6 4 3
19	9 2 7 10
20	10 3 11 6
21	12 1 3 7
22	10 2 5 4
23	13 4 1 2
24	14 3 6 1
25	12 9 14 3
26	9 8 5 1
27	14 10 1 6
28	12 1 10 7
29	3 6 4 14
30	5 10 9 2
31	4 11 12 6
32	5 12 10 1
33	3 14 4 7
34	10 5 14 12
35	1 3 9 8
36	5 6 14 13
37	13 7 4 10
38	10 13 14 8
39	6 1 9 5
40	14 5 2 8
41	14 10 7 6
42	12 9 14 6
43	14 2 12 4
44	14 12 4 5
45	3 5 7 6
46	4 11 5 1
47	10 1 7 13
48	6 12 11 14
49	4 5 10 1
50	12 10 1 4
