Class Times	30
Rooms	40
1	976
2	621
3	436
4	423
5	264
6	179
7	635
8	334
9	654
10	923
11	173
12	462
13	186
14	595
15	132
16	396
17	456
18	618
19	934
20	563
21	251
22	519
23	106
24	371
25	179
26	330
27	375
28	705
29	993
30	800
31	354
32	240
33	202
34	936
35	24
36	93
37	732
38	618
39	972
40	308
Classes	200
Teachers	100
1	83
2	56
3	64
4	36
5	43
6	100
7	39
8	78
9	48
10	33
11	98
12	79
13	55
14	95
15	23
16	79
17	80
18	6
19	78
20	27
21	2
22	81
23	53
24	1
25	85
26	42
27	46
28	86
29	68
30	87
31	63
32	62
33	85
34	33
35	20
36	71
37	53
38	35
39	95
40	54
41	87
42	61
43	17
44	16
45	100
46	35
47	55
48	8
49	21
50	46
51	50
52	61
53	98
54	76
55	72
56	50
57	84
58	51
59	74
60	38
61	64
62	17
63	6
64	93
65	18
66	90
67	43
68	32
69	27
70	23
71	29
72	10
73	54
74	51
75	52
76	32
77	29
78	60
79	45
80	58
81	74
82	75
83	31
84	31
85	73
86	91
87	40
88	77
89	77
90	11
91	96
92	44
93	10
94	84
95	28
96	67
97	22
98	76
99	91
100	2
101	65
102	81
103	82
104	70
105	71
106	36
107	42
108	38
109	30
110	62
111	15
112	4
113	60
114	16
115	25
116	99
117	89
118	73
119	4
120	11
121	45
122	34
123	70
124	97
125	86
126	93
127	63
128	8
129	24
130	18
131	65
132	69
133	48
134	47
135	57
136	15
137	7
138	41
139	22
140	14
141	99
142	67
143	80
144	66
145	75
146	90
147	56
148	59
149	66
150	82
151	68
152	52
153	12
154	1
155	89
156	28
157	3
158	20
159	39
160	7
161	5
162	44
163	58
164	47
165	12
166	19
167	49
168	72
169	94
170	21
171	13
172	59
173	14
174	96
175	94
176	3
177	19
178	49
179	30
180	83
181	41
182	25
183	92
184	88
185	34
186	37
187	88
188	40
189	92
190	9
191	24
192	97
193	69
194	26
195	5
196	9
197	13
198	37
199	26
200	57
