Class Times	30
Rooms	40
1	631
2	393
3	462
4	810
5	431
6	702
7	924
8	738
9	440
10	533
11	252
12	624
13	304
14	320
15	572
16	748
17	287
18	496
19	161
20	306
21	732
22	553
23	986
24	418
25	947
26	762
27	227
28	452
29	946
30	534
31	872
32	581
33	653
34	80
35	748
36	31
37	406
38	389
39	782
40	957
Classes	200
Teachers	100
1	56
2	96
3	48
4	9
5	75
6	76
7	91
8	62
9	89
10	91
11	98
12	26
13	44
14	62
15	46
16	65
17	76
18	8
19	100
20	71
21	32
22	11
23	11
24	16
25	75
26	31
27	32
28	51
29	27
30	36
31	83
32	43
33	84
34	12
35	64
36	61
37	42
38	49
39	3
40	3
41	71
42	48
43	61
44	14
45	93
46	63
47	55
48	30
49	58
50	17
51	94
52	20
53	23
54	33
55	73
56	2
57	17
58	73
59	24
60	46
61	35
62	43
63	31
64	25
65	6
66	33
67	77
68	99
69	88
70	30
71	16
72	93
73	85
74	99
75	6
76	14
77	81
78	44
79	88
80	18
81	66
82	49
83	18
84	13
85	92
86	83
87	80
88	22
89	39
90	90
91	5
92	82
93	69
94	21
95	70
96	72
97	45
98	100
99	89
100	50
101	24
102	86
103	86
104	19
105	39
106	70
107	92
108	34
109	53
110	57
111	40
112	81
113	23
114	74
115	37
116	54
117	45
118	20
119	98
120	68
121	50
122	54
123	34
124	84
125	66
126	21
127	80
128	1
129	74
130	79
131	10
132	53
133	60
134	25
135	9
136	96
137	58
138	19
139	12
140	57
141	51
142	41
143	95
144	8
145	65
146	38
147	4
148	72
149	82
150	28
151	59
152	79
153	67
154	95
155	97
156	63
157	38
158	77
159	59
160	40
161	67
162	22
163	1
164	94
165	7
166	56
167	29
168	69
169	64
170	35
171	41
172	15
173	5
174	68
175	2
176	29
177	15
178	87
179	42
180	10
181	47
182	55
183	52
184	78
185	7
186	78
187	87
188	36
189	26
190	28
191	97
192	90
193	13
194	4
195	52
196	37
197	60
198	27
199	85
200	47
