Class Times	30
Rooms	40
1	898
2	931
3	777
4	524
5	847
6	197
7	506
8	561
9	939
10	527
11	110
12	19
13	665
14	996
15	916
16	880
17	496
18	479
19	867
20	976
21	136
22	46
23	314
24	718
25	199
26	499
27	984
28	819
29	322
30	420
31	39
32	470
33	734
34	883
35	472
36	766
37	683
38	483
39	913
40	48
Classes	200
Teachers	100
1	95
2	39
3	66
4	45
5	60
6	66
7	10
8	14
9	49
10	68
11	14
12	54
13	57
14	47
15	76
16	19
17	31
18	86
19	61
20	18
21	17
22	17
23	97
24	25
25	23
26	62
27	24
28	69
29	95
30	54
31	93
32	71
33	87
34	46
35	32
36	60
37	5
38	69
39	73
40	62
41	58
42	91
43	18
44	49
45	38
46	44
47	5
48	56
49	57
50	10
51	55
52	96
53	13
54	100
55	70
56	4
57	75
58	37
59	98
60	97
61	48
62	50
63	21
64	59
65	19
66	22
67	56
68	50
69	12
70	1
71	37
72	70
73	45
74	91
75	26
76	99
77	75
78	99
79	55
80	52
81	40
82	94
83	15
84	25
85	89
86	84
87	82
88	13
89	82
90	47
91	68
92	59
93	84
94	41
95	6
96	94
97	83
98	27
99	39
100	53
101	8
102	53
103	79
104	15
105	24
106	12
107	71
108	51
109	80
110	11
111	16
112	34
113	11
114	88
115	100
116	61
117	9
118	2
119	48
120	3
121	33
122	63
123	20
124	7
125	74
126	65
127	67
128	27
129	16
130	46
131	32
132	83
133	23
134	93
135	90
136	74
137	81
138	40
139	33
140	30
141	65
142	22
143	20
144	21
145	3
146	36
147	41
148	67
149	63
150	29
151	52
152	73
153	29
154	7
155	88
156	78
157	43
158	87
159	28
160	72
161	1
162	36
163	8
164	44
165	85
166	72
167	98
168	89
169	2
170	6
171	81
172	90
173	76
174	86
175	4
176	77
177	80
178	38
179	31
180	92
181	77
182	34
183	96
184	58
185	28
186	9
187	79
188	85
189	35
190	30
191	42
192	51
193	92
194	26
195	43
196	78
197	64
198	35
199	64
200	42
