Class Times	30
Rooms	40
1	487
2	92
3	252
4	185
5	568
6	318
7	735
8	197
9	345
10	563
11	534
12	603
13	947
14	747
15	596
16	136
17	109
18	36
19	178
20	969
21	917
22	775
23	314
24	530
25	427
26	627
27	609
28	240
29	56
30	929
31	565
32	884
33	565
34	670
35	291
36	214
37	188
38	206
39	711
40	68
Classes	200
Teachers	100
1	51
2	63
3	83
4	64
5	75
6	72
7	28
8	79
9	21
10	20
11	88
12	43
13	28
14	26
15	56
16	89
17	97
18	46
19	50
20	97
21	23
22	20
23	83
24	37
25	76
26	42
27	24
28	65
29	8
30	40
31	2
32	93
33	19
34	100
35	61
36	82
37	65
38	67
39	53
40	48
41	53
42	90
43	22
44	27
45	58
46	43
47	27
48	4
49	86
50	89
51	13
52	26
53	86
54	88
55	54
56	81
57	73
58	92
59	5
60	51
61	49
62	69
63	17
64	12
65	58
66	14
67	48
68	68
69	14
70	8
71	30
72	31
73	81
74	79
75	36
76	44
77	47
78	22
79	73
80	71
81	3
82	32
83	49
84	44
85	77
86	1
87	75
88	15
89	93
90	4
91	9
92	1
93	9
94	91
95	29
96	64
97	66
98	38
99	84
100	46
101	54
102	25
103	85
104	2
105	36
106	38
107	7
108	59
109	5
110	78
111	98
112	62
113	63
114	40
115	16
116	61
117	92
118	72
119	76
120	98
121	80
122	69
123	55
124	96
125	13
126	91
127	67
128	70
129	62
130	34
131	100
132	3
133	32
134	60
135	7
136	96
137	6
138	99
139	60
140	77
141	78
142	68
143	57
144	31
145	21
146	25
147	50
148	56
149	74
150	39
151	42
152	90
153	59
154	29
155	52
156	57
157	94
158	95
159	85
160	66
161	41
162	95
163	37
164	99
165	17
166	80
167	74
168	71
169	84
170	15
171	12
172	10
173	52
174	94
175	11
176	39
177	41
178	19
179	87
180	70
181	6
182	47
183	23
184	16
185	34
186	82
187	35
188	33
189	11
190	18
191	24
192	35
193	55
194	18
195	33
196	30
197	10
198	87
199	45
200	45
