Students	5000
1	26 14 36 2
2	82 139 112 150
3	113 191 136 133
4	46 60 21 55
5	132 127 68 115
6	40 130 111 73
7	190 200 94 130
8	94 61 55 133
9	172 65 7 161
10	23 73 165 158
11	184 174 97 65
12	168 49 176 25
13	50 85 152 174
14	9 18 85 190
15	176 129 89 133
16	95 26 169 134
17	14 41 98 4
18	51 96 76 80
19	180 114 35 51
20	179 198 54 12
21	184 132 182 149
22	68 112 4 105
23	111 42 194 163
24	133 198 89 97
25	31 123 72 181
26	68 172 115 195
27	84 12 198 95
28	77 6 180 163
29	1 89 149 183
30	135 97 87 101
31	104 200 40 169
32	47 164 101 102
33	63 186 115 2
34	134 60 137 51
35	93 51 187 30
36	116 148 186 98
37	68 14 166 30
38	179 100 170 41
39	47 164 54 7
40	71 160 191 152
41	2 171 90 42
42	122 44 193 71
43	143 79 128 177
44	41 122 83 99
45	119 58 100 78
46	186 7 78 156
47	89 80 79 131
48	133 29 151 162
49	148 48 78 15
50	127 73 193 148
51	54 113 65 114
52	167 136 113 123
53	40 165 143 108
54	126 54 98 74
55	159 33 54 55
56	61 59 99 14
57	161 87 102 41
58	111 18 140 166
59	178 61 43 51
60	131 77 134 96
61	131 17 83 2
62	176 47 200 50
63	185 56 66 20
64	20 130 187 77
65	123 136 182 84
66	140 40 149 189
67	159 102 76 5
68	44 23 49 79
69	109 114 73 96
70	19 39 130 155
71	180 3 93 50
72	81 180 53 115
73	125 97 173 138
74	75 198 108 149
75	192 119 114 193
76	13 16 9 80
77	64 67 5 104
78	116 50 22 152
79	134 115 33 34
80	116 24 145 151
81	167 131 30 12
82	27 178 150 142
83	71 17 47 190
84	12 83 72 7
85	82 65 150 130
86	179 3 149 89
87	34 42 173 104
88	85 91 184 100
89	74 34 104 78
90	141 83 192 186
91	15 150 100 29
92	23 14 112 31
93	196 43 179 54
94	108 123 179 57
95	108 67 78 111
96	174 124 66 19
97	3 7 20 107
98	72 47 108 84
99	192 196 152 86
100	192 162 61 64
101	127 130 13 76
102	61 154 151 128
103	134 154 187 162
104	50 51 29 38
105	170 166 172 33
106	164 78 56 154
107	155 165 54 189
108	163 141 24 84
109	19 53 11 14
110	155 131 156 159
111	59 197 190 105
112	102 3 70 63
113	26 53 110 54
114	64 60 120 149
115	99 67 16 125
116	159 41 104 53
117	179 63 178 1
118	57 145 23 139
119	141 55 170 157
120	55 50 136 64
121	23 61 97 17
122	64 168 181 16
123	194 175 141 188
124	156 103 181 55
125	146 63 69 151
126	33 67 31 129
127	75 120 166 44
128	195 179 169 149
129	107 25 30 189
130	133 116 189 167
131	173 153 78 152
132	157 24 99 4
133	109 191 166 67
134	94 134 76 75
135	175 42 51 24
136	23 152 145 143
137	194 10 146 103
138	87 144 67 32
139	9 50 176 145
140	185 72 112 168
141	28 139 135 144
142	61 190 2 114
143	115 21 106 28
144	130 181 159 131
145	173 166 76 103
146	72 85 55 141
147	133 135 152 4
148	97 25 200 120
149	141 110 60 23
150	14 118 81 132
151	20 8 146 79
152	161 29 77 40
153	6 156 193 135
154	88 172 80 66
155	165 128 187 113
156	161 158 163 89
157	53 4 183 146
158	117 39 70 194
159	16 103 144 147
160	46 44 23 153
161	66 89 167 106
162	1 182 76 197
163	150 59 127 113
164	58 45 87 85
165	157 82 48 44
166	5 156 36 19
167	102 103 19 47
168	68 130 144 27
169	86 131 62 197
170	40 104 49 91
171	116 82 16 149
172	48 159 112 5
173	48 184 142 100
174	129 24 44 59
175	26 62 175 98
176	95 170 190 47
177	166 152 97 91
178	110 138 5 26
179	145 30 197 79
180	97 125 152 158
181	194 145 90 180
182	92 145 135 53
183	174 163 13 150
184	32 191 108 143
185	39 108 140 188
186	1 190 54 66
187	133 146 164 118
188	3 162 40 42
189	116 22 69 147
190	107 64 91 192
191	60 116 106 149
192	52 142 195 53
193	136 33 184 129
194	35 161 83 38
195	9 152 122 33
196	101 55 30 48
197	67 193 196 121
198	186 128 157 180
199	177 89 123 115
200	99 178 133 165
201	145 105 118 151
202	14 189 50 158
203	15 124 59 156
204	15 173 128 148
205	189 178 165 96
206	91 160 75 119
207	41 175 1 153
208	117 163 37 103
209	146 62 101 130
210	165 74 118 158
211	67 52 176 196
212	198 5 32 152
213	79 121 177 132
214	176 3 130 77
215	172 115 39 101
216	50 167 129 144
217	80 69 122 177
218	86 102 177 127
219	30 188 141 174
220	161 62 41 177
221	27 147 50 134
222	193 163 11 140
223	44 93 2 148
224	36 156 63 7
225	157 47 5 14
226	68 13 152 125
227	164 81 37 165
228	199 194 100 7
229	82 51 144 160
230	108 127 107 24
231	165 25 42 122
232	194 169 12 19
233	114 127 166 47
234	124 104 33 12
235	151 143 188 163
236	145 65 77 93
237	23 127 77 68
238	69 179 139 165
239	29 142 146 76
240	110 58 156 11
241	111 18 30 156
242	101 182 174 49
243	148 151 60 75
244	176 74 108 83
245	136 65 20 26
246	83 22 200 188
247	187 165 107 31
248	159 81 73 40
249	121 27 4 84
250	72 106 173 89
251	169 110 145 34
252	187 136 124 108
253	95 58 86 47
254	52 13 177 100
255	151 46 105 19
256	199 54 64 191
257	182 163 161 16
258	53 177 163 142
259	43 30 183 90
260	68 107 26 200
261	124 33 194 25
262	47 95 94 118
263	109 139 167 184
264	30 23 115 171
265	200 75 37 97
266	2 168 117 199
267	8 54 13 198
268	162 176 64 63
269	95 46 55 99
270	57 195 194 174
271	179 14 53 48
272	194 4 81 33
273	66 154 98 116
274	199 193 118 123
275	39 30 129 53
276	155 148 105 69
277	189 109 6 134
278	70 31 35 95
279	74 68 130 31
280	34 38 149 105
281	97 87 77 63
282	34 76 79 142
283	200 194 113 164
284	62 131 46 174
285	102 11 194 176
286	194 26 182 105
287	184 97 12 148
288	85 28 181 30
289	32 184 129 108
290	199 29 125 187
291	178 64 191 181
292	149 157 18 106
293	143 190 26 184
294	45 174 11 20
295	83 142 163 192
296	53 169 105 121
297	167 8 88 112
298	188 135 140 163
299	81 54 20 175
300	97 29 79 116
301	134 140 160 135
302	93 167 129 24
303	152 100 194 129
304	84 42 37 128
305	140 198 133 152
306	17 135 192 60
307	18 115 8 168
308	95 105 104 182
309	4 69 165 10
310	69 71 112 138
311	29 12 125 193
312	8 111 58 115
313	65 182 151 187
314	40 32 110 7
315	141 86 56 11
316	166 116 159 193
317	188 102 121 151
318	132 72 58 78
319	182 108 137 174
320	75 83 120 162
321	111 89 109 135
322	192 189 134 153
323	73 72 35 120
324	35 109 75 179
325	114 123 79 93
326	91 164 60 197
327	100 138 96 14
328	78 62 200 164
329	32 154 129 88
330	125 45 134 99
331	193 135 88 150
332	30 26 105 119
333	96 167 79 179
334	198 107 91 20
335	13 55 160 5
336	155 182 194 58
337	138 119 162 147
338	167 131 93 161
339	108 11 63 134
340	112 20 178 200
341	119 53 12 41
342	192 134 6 63
343	31 185 160 77
344	177 20 55 152
345	26 125 176 177
346	186 98 149 170
347	188 144 172 164
348	151 190 42 50
349	21 165 47 65
350	104 119 165 46
351	4 150 69 103
352	28 93 65 76
353	144 3 139 4
354	63 45 120 116
355	77 135 183 126
356	127 62 200 26
357	183 76 101 127
358	129 98 167 187
359	10 73 35 88
360	63 136 158 40
361	114 56 105 120
362	77 64 179 129
363	81 118 40 183
364	172 96 134 70
365	2 112 73 107
366	48 53 200 89
367	161 145 111 174
368	53 63 176 107
369	94 37 115 25
370	103 86 3 91
371	119 152 8 113
372	146 120 126 26
373	71 168 124 76
374	120 47 114 115
375	33 68 151 133
376	116 111 173 183
377	99 20 191 89
378	114 130 91 197
379	153 131 52 194
380	49 6 167 121
381	155 64 114 65
382	128 22 106 151
383	19 61 185 69
384	136 62 54 14
385	155 71 135 47
386	94 69 140 148
387	193 115 140 142
388	161 74 54 111
389	63 149 96 100
390	86 146 118 56
391	105 137 183 18
392	156 52 62 104
393	13 6 40 11
394	72 194 199 80
395	169 184 180 199
396	33 119 187 44
397	158 23 108 28
398	58 100 169 157
399	89 147 75 56
400	4 34 106 145
401	195 110 148 93
402	73 141 177 105
403	85 70 192 190
404	148 147 132 32
405	123 183 135 75
406	135 94 98 139
407	34 59 110 165
408	112 113 49 170
409	99 64 44 128
410	114 195 1 120
411	60 17 103 179
412	179 129 157 199
413	2 102 27 126
414	5 103 38 153
415	34 94 157 132
416	57 19 198 161
417	81 171 58 27
418	59 171 5 162
419	28 193 48 159
420	47 9 164 7
421	100 21 105 23
422	45 53 52 74
423	60 131 132 111
424	198 178 145 143
425	16 29 132 80
426	48 149 94 178
427	77 141 49 143
428	2 163 97 21
429	76 17 67 51
430	34 120 118 105
431	194 199 72 169
432	133 67 14 57
433	82 127 40 101
434	83 58 78 44
435	127 130 180 128
436	91 34 82 59
437	3 150 131 149
438	12 131 179 156
439	155 179 2 115
440	45 22 180 56
441	87 8 35 166
442	64 179 4 115
443	42 2 88 177
444	200 140 12 114
445	93 63 76 189
446	39 44 121 115
447	41 47 182 62
448	196 90 172 1
449	14 42 183 28
450	19 11 20 170
451	139 94 103 10
452	63 125 180 169
453	53 177 190 102
454	68 24 80 82
455	40 20 55 138
456	10 68 167 156
457	66 106 17 190
458	153 42 114 144
459	127 16 180 114
460	23 96 198 84
461	121 70 141 136
462	70 127 138 170
463	109 117 165 123
464	84 1 99 193
465	129 200 18 16
466	22 118 26 124
467	122 155 11 118
468	80 105 73 188
469	110 139 179 106
470	151 4 181 49
471	80 116 89 52
472	136 74 69 45
473	143 79 150 47
474	152 143 197 70
475	137 106 83 200
476	123 94 96 157
477	74 171 17 179
478	126 143 63 170
479	191 44 151 167
480	143 140 149 105
481	85 105 173 87
482	156 132 69 32
483	43 63 85 40
484	145 178 158 68
485	169 65 149 88
486	29 118 144 191
487	134 78 19 129
488	18 40 1 191
489	98 158 179 188
490	77 83 20 8
491	121 21 132 181
492	119 130 134 64
493	146 126 102 182
494	85 44 186 160
495	64 141 151 14
496	189 45 112 110
497	92 126 158 60
498	21 159 37 162
499	13 179 17 90
500	197 192 157 162
501	172 42 97 117
502	96 53 15 8
503	118 147 101 53
504	103 170 64 177
505	2 130 87 116
506	96 144 94 175
507	83 94 101 1
508	18 97 121 157
509	184 8 38 81
510	6 193 25 97
511	33 101 184 129
512	92 147 183 21
513	5 72 68 192
514	162 147 191 74
515	99 177 198 188
516	114 190 99 2
517	60 28 33 52
518	45 20 200 25
519	107 27 29 103
520	40 94 98 9
521	102 117 140 86
522	72 160 152 124
523	169 38 25 94
524	143 82 50 30
525	44 76 55 183
526	157 14 48 49
527	164 59 152 103
528	193 117 104 121
529	74 157 143 78
530	43 148 182 26
531	164 51 107 21
532	159 181 62 42
533	8 45 97 16
534	126 107 187 11
535	152 27 25 182
536	42 102 41 26
537	197 27 176 115
538	26 57 199 139
539	37 34 110 51
540	24 60 85 71
541	21 110 98 175
542	143 43 148 107
543	96 82 105 28
544	21 150 136 31
545	81 21 28 57
546	30 144 174 163
547	170 146 93 144
548	194 186 13 166
549	26 69 108 149
550	193 45 134 121
551	12 83 190 114
552	140 174 14 30
553	176 54 68 41
554	110 173 57 22
555	189 1 122 50
556	133 114 11 58
557	154 90 110 42
558	65 12 64 92
559	160 52 85 138
560	87 93 174 37
561	196 20 125 170
562	114 54 101 130
563	37 59 178 75
564	136 29 112 100
565	34 177 113 141
566	61 107 91 88
567	150 68 108 85
568	170 121 61 136
569	146 103 171 85
570	65 105 172 46
571	16 132 156 1
572	153 78 192 162
573	153 46 35 19
574	72 37 117 71
575	142 105 9 131
576	48 65 184 37
577	52 156 23 110
578	160 60 100 158
579	78 131 102 62
580	156 36 178 180
581	120 70 48 128
582	98 14 137 109
583	2 94 167 122
584	149 146 93 33
585	3 71 89 91
586	190 23 28 180
587	159 82 44 169
588	63 142 146 49
589	47 114 107 44
590	45 26 15 12
591	140 183 83 115
592	45 49 5 23
593	85 176 168 178
594	101 62 168 73
595	175 31 199 170
596	83 157 115 84
597	142 153 114 178
598	138 56 10 31
599	25 77 40 185
600	82 150 128 14
601	26 33 46 136
602	177 134 189 130
603	79 134 104 154
604	184 29 14 3
605	155 168 186 20
606	136 121 135 93
607	196 77 96 16
608	170 32 89 193
609	159 45 178 39
610	175 56 172 130
611	138 68 141 189
612	193 83 72 12
613	102 178 24 127
614	84 124 156 33
615	57 182 158 95
616	106 7 64 50
617	161 59 65 31
618	108 122 198 157
619	157 177 188 147
620	124 95 108 81
621	112 174 123 35
622	35 196 5 139
623	147 74 17 41
624	25 109 67 45
625	114 100 166 187
626	107 78 142 190
627	8 106 6 147
628	97 147 76 120
629	40 116 47 75
630	61 74 62 180
631	28 114 144 12
632	165 169 151 28
633	158 130 170 135
634	98 145 162 31
635	97 79 151 91
636	8 71 77 159
637	41 107 53 97
638	98 155 9 173
639	23 142 149 82
640	9 16 200 145
641	23 24 151 80
642	184 120 21 19
643	189 86 87 126
644	152 164 27 3
645	87 91 143 107
646	156 121 130 118
647	84 120 147 138
648	144 2 185 192
649	167 135 52 190
650	12 173 29 117
651	51 28 36 54
652	124 115 47 43
653	17 97 85 41
654	87 61 82 172
655	172 18 41 155
656	145 164 42 196
657	37 72 143 46
658	144 163 169 190
659	60 57 98 62
660	117 161 131 7
661	180 195 173 44
662	193 56 27 136
663	117 6 104 138
664	31 16 183 25
665	28 142 186 22
666	159 184 66 133
667	17 94 192 50
668	154 102 22 37
669	148 165 120 135
670	64 88 179 14
671	130 163 108 188
672	8 41 169 192
673	127 167 75 9
674	100 61 20 59
675	79 182 139 161
676	81 7 59 8
677	123 166 53 146
678	122 198 24 11
679	136 175 24 23
680	113 18 167 16
681	124 69 45 38
682	32 191 162 185
683	89 133 132 29
684	147 11 166 154
685	173 151 89 104
686	160 161 75 189
687	62 17 115 25
688	152 163 181 125
689	111 55 170 54
690	10 74 164 45
691	186 24 157 102
692	74 125 92 28
693	169 95 117 71
694	66 119 133 195
695	15 138 86 111
696	90 18 69 88
697	38 99 178 188
698	129 166 1 92
699	30 35 4 72
700	74 16 129 199
701	29 108 76 182
702	116 20 87 170
703	6 197 141 185
704	2 125 146 79
705	78 200 77 57
706	70 106 125 46
707	35 149 73 168
708	97 49 47 99
709	86 179 106 119
710	63 20 18 188
711	67 133 69 184
712	87 102 178 74
713	68 25 80 21
714	38 57 159 144
715	9 104 184 123
716	124 192 130 152
717	17 68 120 148
718	9 22 51 119
719	30 39 51 130
720	25 49 62 182
721	188 114 97 112
722	92 106 36 125
723	190 93 70 195
724	20 128 123 102
725	186 51 181 148
726	74 139 13 141
727	13 140 97 181
728	160 70 126 101
729	16 37 130 15
730	35 123 107 125
731	47 132 117 97
732	68 136 61 55
733	29 38 193 140
734	89 59 132 54
735	135 10 193 96
736	27 141 165 12
737	139 10 78 189
738	192 137 126 157
739	184 115 95 59
740	88 34 72 20
741	84 52 96 181
742	115 61 100 136
743	3 115 84 198
744	31 100 73 124
745	63 187 143 94
746	175 111 190 17
747	169 155 49 13
748	74 2 65 89
749	58 122 166 33
750	7 116 87 141
751	128 21 189 18
752	25 175 38 125
753	47 66 13 124
754	186 144 77 78
755	174 90 182 135
756	195 193 8 27
757	25 115 74 195
758	41 9 74 163
759	112 20 6 83
760	125 138 193 33
761	23 83 131 127
762	127 110 39 122
763	30 166 33 178
764	41 24 61 184
765	132 117 64 14
766	100 17 78 74
767	198 177 67 192
768	189 194 139 1
769	3 64 112 105
770	163 32 108 52
771	1 94 68 195
772	59 71 128 164
773	150 27 44 183
774	131 19 60 49
775	85 119 134 148
776	51 111 96 19
777	184 31 44 180
778	44 47 93 58
779	31 70 155 190
780	39 80 44 38
781	3 86 33 26
782	21 133 25 148
783	8 140 179 118
784	89 69 135 25
785	153 2 110 200
786	49 121 46 188
787	190 151 15 123
788	160 20 19 55
789	14 139 21 189
790	185 155 150 84
791	60 164 31 150
792	130 18 26 2
793	149 40 55 101
794	196 36 166 174
795	81 86 49 80
796	11 73 81 180
797	119 134 92 2
798	151 65 102 112
799	92 9 22 39
800	43 172 36 79
801	59 190 99 97
802	17 170 103 55
803	105 174 87 89
804	139 61 148 146
805	114 56 5 34
806	182 160 95 178
807	95 132 68 190
808	139 62 125 163
809	75 150 18 197
810	83 153 20 192
811	107 58 121 60
812	135 84 162 61
813	32 126 89 10
814	28 89 63 10
815	133 154 152 186
816	155 116 27 44
817	130 18 57 47
818	31 187 138 111
819	46 150 87 88
820	137 114 187 181
821	144 68 101 70
822	147 128 109 156
823	8 170 71 183
824	61 70 100 128
825	112 13 180 189
826	13 69 34 158
827	172 189 45 75
828	134 101 151 15
829	26 35 47 53
830	93 86 50 170
831	184 146 14 193
832	146 30 48 55
833	126 34 36 50
834	19 29 108 6
835	65 99 129 86
836	92 87 7 8
837	166 117 172 75
838	128 160 18 83
839	86 74 25 20
840	155 14 192 177
841	67 19 11 6
842	141 138 113 44
843	141 71 196 87
844	158 145 166 137
845	30 149 117 100
846	14 166 86 88
847	118 81 58 72
848	36 148 136 175
849	159 180 118 20
850	54 28 97 40
851	41 89 148 13
852	184 6 25 96
853	78 146 137 16
854	58 196 132 198
855	5 19 2 16
856	140 3 60 50
857	95 55 51 85
858	81 25 6 83
859	156 80 65 145
860	198 8 132 85
861	88 67 121 77
862	121 75 29 49
863	192 71 112 151
864	67 44 121 157
865	87 173 174 132
866	198 176 35 137
867	37 165 82 109
868	75 97 8 176
869	108 54 153 28
870	12 143 134 17
871	111 74 122 18
872	168 143 180 93
873	47 121 170 157
874	180 109 175 91
875	34 121 152 56
876	51 188 193 73
877	191 157 162 19
878	183 74 192 169
879	184 88 77 182
880	133 129 55 30
881	120 99 31 55
882	17 149 164 16
883	10 159 35 116
884	127 172 48 73
885	107 111 183 154
886	143 139 117 35
887	16 4 1 196
888	169 19 93 94
889	121 134 153 22
890	53 119 200 75
891	1 178 185 158
892	167 192 89 58
893	143 120 134 31
894	113 162 23 135
895	129 71 48 171
896	94 119 63 54
897	101 73 119 118
898	15 3 107 96
899	132 86 173 126
900	123 175 31 6
901	53 87 8 25
902	31 27 16 143
903	27 153 38 78
904	101 19 188 92
905	166 40 121 150
906	181 61 150 200
907	165 170 68 140
908	153 164 183 4
909	137 160 82 107
910	92 18 25 186
911	43 183 8 18
912	14 36 160 39
913	15 174 111 184
914	133 76 102 40
915	134 78 166 131
916	6 185 148 42
917	116 140 102 121
918	3 30 36 190
919	84 93 83 4
920	152 105 185 130
921	15 157 11 103
922	109 168 131 21
923	113 55 97 73
924	180 46 35 117
925	56 26 18 29
926	128 182 101 172
927	58 126 95 91
928	174 54 12 148
929	74 151 197 157
930	120 66 51 130
931	10 106 193 161
932	123 149 78 184
933	77 45 69 98
934	77 47 90 50
935	88 142 165 89
936	48 158 21 155
937	78 37 67 164
938	5 183 196 171
939	193 194 63 189
940	25 18 188 84
941	125 39 175 126
942	95 165 34 42
943	188 30 117 126
944	101 165 68 148
945	23 75 91 97
946	190 83 63 52
947	40 179 83 29
948	135 134 113 40
949	88 125 58 101
950	10 175 106 156
951	96 116 39 166
952	32 69 183 120
953	135 90 24 38
954	22 47 5 90
955	18 60 110 115
956	181 105 16 143
957	129 177 187 22
958	103 124 71 179
959	64 98 181 14
960	151 32 47 78
961	76 195 112 108
962	86 155 57 112
963	102 3 8 105
964	5 194 52 48
965	89 188 143 49
966	65 101 113 96
967	179 87 79 168
968	180 27 83 146
969	130 154 27 12
970	5 194 27 195
971	44 87 37 25
972	179 168 52 66
973	138 19 63 124
974	122 112 16 121
975	10 23 82 106
976	67 4 80 149
977	198 2 142 175
978	156 185 136 16
979	106 140 200 78
980	164 152 32 50
981	64 153 136 157
982	1 184 39 141
983	90 60 92 147
984	117 83 155 81
985	162 188 51 71
986	32 56 132 128
987	191 3 170 160
988	142 57 165 3
989	32 31 97 19
990	130 98 91 23
991	120 78 179 77
992	150 94 100 139
993	184 74 10 53
994	135 119 180 37
995	197 39 13 79
996	64 169 187 133
997	65 159 161 95
998	23 125 2 42
999	148 6 137 194
1000	77 22 175 60
1001	134 144 119 18
1002	102 70 199 79
1003	101 141 59 196
1004	72 190 153 123
1005	21 70 54 35
1006	14 105 36 21
1007	5 130 159 178
1008	118 42 11 67
1009	176 160 173 194
1010	187 85 8 88
1011	95 175 159 57
1012	163 69 92 164
1013	65 187 156 59
1014	130 153 15 72
1015	14 83 145 15
1016	85 91 94 9
1017	97 105 103 56
1018	32 178 126 136
1019	198 168 105 144
1020	198 133 98 70
1021	193 36 54 133
1022	200 7 19 62
1023	193 115 163 143
1024	153 138 25 130
1025	5 199 136 172
1026	47 155 199 157
1027	135 27 197 148
1028	77 15 153 5
1029	134 198 131 196
1030	22 77 169 60
1031	103 22 44 23
1032	26 108 187 72
1033	189 198 143 125
1034	28 176 97 80
1035	166 58 102 78
1036	118 58 56 155
1037	2 63 170 113
1038	174 40 83 17
1039	85 163 72 33
1040	114 31 106 189
1041	141 148 94 21
1042	49 9 20 129
1043	186 17 151 155
1044	113 149 19 148
1045	113 91 169 58
1046	173 56 158 3
1047	184 61 55 63
1048	102 174 100 115
1049	25 105 192 169
1050	195 131 51 155
1051	41 57 108 141
1052	40 76 53 148
1053	189 182 35 107
1054	133 120 25 106
1055	174 173 79 199
1056	108 126 50 141
1057	67 157 3 106
1058	80 166 2 190
1059	121 178 184 101
1060	88 91 81 129
1061	138 24 129 131
1062	53 156 169 141
1063	196 132 80 190
1064	70 176 174 161
1065	189 129 2 119
1066	121 20 19 32
1067	133 59 173 115
1068	144 158 157 80
1069	119 147 128 82
1070	183 149 158 108
1071	144 103 159 190
1072	173 70 69 34
1073	34 153 112 197
1074	35 75 113 179
1075	107 132 19 4
1076	17 184 181 159
1077	51 16 178 41
1078	193 22 16 27
1079	1 3 108 91
1080	191 139 33 155
1081	73 106 194 4
1082	6 174 113 185
1083	200 161 32 95
1084	31 71 153 101
1085	51 50 41 135
1086	44 158 67 45
1087	48 65 61 138
1088	57 94 165 125
1089	105 37 174 158
1090	180 102 112 149
1091	21 29 86 117
1092	95 82 49 175
1093	110 80 127 9
1094	50 60 117 126
1095	18 68 150 142
1096	159 197 151 16
1097	30 75 107 128
1098	19 58 121 23
1099	154 31 72 147
1100	145 32 29 189
1101	98 130 123 169
1102	37 65 101 4
1103	123 122 86 174
1104	50 93 15 149
1105	20 119 98 44
1106	200 29 27 47
1107	200 175 124 81
1108	55 197 75 50
1109	16 37 113 83
1110	109 196 75 128
1111	35 107 154 49
1112	88 18 164 57
1113	166 6 141 115
1114	157 148 149 16
1115	29 190 109 157
1116	122 41 151 173
1117	173 4 86 148
1118	100 62 71 70
1119	128 77 122 99
1120	95 73 1 162
1121	116 71 23 169
1122	179 156 110 61
1123	135 138 85 4
1124	29 63 2 43
1125	2 176 138 21
1126	32 99 98 112
1127	77 110 170 136
1128	137 72 22 48
1129	191 175 153 200
1130	152 56 100 69
1131	12 140 19 137
1132	173 65 74 20
1133	7 160 64 9
1134	65 59 200 114
1135	128 123 134 96
1136	135 51 90 32
1137	95 128 40 28
1138	42 56 53 18
1139	27 102 85 187
1140	70 140 67 107
1141	156 167 45 27
1142	50 41 73 151
1143	114 143 165 82
1144	187 158 192 139
1145	106 187 110 179
1146	39 114 18 145
1147	116 151 11 171
1148	132 75 15 159
1149	196 93 121 17
1150	177 171 124 29
1151	140 133 107 90
1152	124 200 167 179
1153	47 136 162 68
1154	35 175 47 183
1155	79 7 101 116
1156	80 195 45 12
1157	27 158 130 18
1158	17 95 178 27
1159	72 88 118 176
1160	171 120 22 153
1161	53 175 5 160
1162	199 73 138 110
1163	89 155 24 145
1164	128 169 65 117
1165	92 11 172 73
1166	62 138 17 15
1167	3 33 171 75
1168	44 12 174 114
1169	52 144 107 61
1170	89 99 14 75
1171	159 157 12 5
1172	28 45 110 179
1173	126 166 17 108
1174	107 37 96 23
1175	125 186 55 71
1176	130 132 154 8
1177	114 64 29 28
1178	11 194 197 89
1179	97 164 184 12
1180	102 79 85 80
1181	80 188 72 198
1182	134 98 121 178
1183	50 154 170 111
1184	137 175 17 95
1185	157 4 69 6
1186	185 194 31 21
1187	159 62 147 191
1188	98 65 19 59
1189	50 121 158 96
1190	176 138 95 116
1191	166 183 104 44
1192	191 20 27 19
1193	34 99 2 161
1194	100 105 128 16
1195	175 178 81 52
1196	122 136 96 61
1197	16 83 170 171
1198	16 20 53 49
1199	179 110 25 59
1200	22 19 148 107
1201	183 84 116 73
1202	149 194 88 116
1203	191 35 42 3
1204	85 186 150 76
1205	148 72 137 68
1206	80 137 112 15
1207	7 45 37 103
1208	50 138 145 133
1209	106 10 155 142
1210	78 40 126 36
1211	99 176 191 29
1212	162 137 42 107
1213	165 65 21 33
1214	42 130 147 175
1215	111 118 54 36
1216	181 151 5 8
1217	199 98 2 174
1218	34 119 132 6
1219	116 13 178 172
1220	111 6 21 20
1221	64 65 70 98
1222	109 153 60 33
1223	138 122 172 190
1224	189 79 97 177
1225	40 11 73 88
1226	136 58 21 44
1227	118 83 101 56
1228	38 62 26 146
1229	61 152 118 94
1230	192 166 61 117
1231	198 107 45 131
1232	75 73 4 163
1233	199 85 62 89
1234	25 135 137 158
1235	96 36 19 60
1236	106 198 59 127
1237	158 170 117 85
1238	50 18 86 11
1239	71 18 107 119
1240	139 136 92 122
1241	116 151 104 136
1242	165 193 16 134
1243	36 65 80 147
1244	59 183 153 118
1245	190 28 117 153
1246	114 43 139 50
1247	35 185 13 14
1248	10 122 35 9
1249	164 133 33 181
1250	96 188 51 118
1251	31 47 56 73
1252	100 183 101 168
1253	138 5 147 9
1254	138 50 101 26
1255	14 27 175 111
1256	106 140 116 129
1257	54 117 80 52
1258	58 36 147 29
1259	73 93 115 152
1260	93 6 115 69
1261	48 156 132 74
1262	25 45 57 151
1263	71 101 121 97
1264	84 166 14 86
1265	11 115 7 31
1266	55 75 5 19
1267	47 37 26 119
1268	158 169 126 141
1269	55 172 124 9
1270	17 150 30 93
1271	154 10 160 62
1272	46 42 109 50
1273	197 81 112 185
1274	111 93 80 129
1275	1 160 92 156
1276	36 140 186 27
1277	180 68 24 106
1278	74 149 146 109
1279	83 30 37 23
1280	107 153 174 68
1281	86 136 142 47
1282	175 124 9 78
1283	137 148 79 196
1284	151 35 33 109
1285	54 5 30 116
1286	39 180 40 121
1287	78 67 142 173
1288	17 115 95 93
1289	53 4 114 72
1290	186 15 125 144
1291	185 95 71 103
1292	78 16 51 92
1293	16 89 167 86
1294	6 155 200 165
1295	69 63 34 85
1296	50 65 17 149
1297	81 26 137 128
1298	119 151 134 61
1299	194 52 87 96
1300	50 106 42 85
1301	148 35 188 143
1302	149 154 170 174
1303	176 125 33 1
1304	146 97 82 23
1305	193 8 99 187
1306	162 138 151 49
1307	139 90 107 179
1308	70 100 110 1
1309	44 113 200 174
1310	90 129 40 177
1311	52 37 111 116
1312	35 157 81 99
1313	176 189 68 128
1314	99 54 70 122
1315	28 183 51 197
1316	65 155 113 160
1317	115 47 77 73
1318	120 22 125 27
1319	195 49 181 141
1320	37 66 125 44
1321	107 194 128 156
1322	200 170 183 153
1323	42 27 10 30
1324	169 177 173 179
1325	153 165 139 50
1326	187 2 137 152
1327	133 44 90 52
1328	51 191 26 45
1329	164 109 134 120
1330	120 26 121 33
1331	192 85 23 24
1332	38 104 148 73
1333	26 105 9 95
1334	127 126 138 25
1335	173 189 15 123
1336	24 58 88 84
1337	41 145 101 48
1338	102 188 47 183
1339	189 164 113 157
1340	95 168 175 42
1341	28 174 154 106
1342	67 101 184 57
1343	29 158 154 148
1344	198 5 15 166
1345	51 14 107 196
1346	190 157 181 152
1347	43 14 63 33
1348	10 62 169 59
1349	164 65 186 173
1350	71 75 161 16
1351	9 41 21 149
1352	49 170 33 200
1353	26 110 34 96
1354	147 159 164 179
1355	75 60 53 26
1356	113 88 186 165
1357	90 21 57 129
1358	153 140 101 68
1359	79 22 43 56
1360	192 136 123 19
1361	113 187 27 123
1362	177 88 163 36
1363	51 169 41 32
1364	5 154 144 188
1365	159 14 54 143
1366	53 100 133 91
1367	149 154 95 188
1368	100 70 48 158
1369	46 182 72 166
1370	124 7 35 134
1371	135 198 25 72
1372	58 64 113 91
1373	43 39 44 111
1374	66 106 77 87
1375	71 95 138 113
1376	94 18 130 196
1377	128 157 39 112
1378	114 74 112 158
1379	197 94 106 24
1380	111 122 95 151
1381	16 63 137 48
1382	187 111 16 164
1383	62 108 153 25
1384	145 51 185 123
1385	102 13 118 78
1386	19 199 87 119
1387	93 131 69 96
1388	160 169 105 152
1389	179 53 101 102
1390	142 25 47 17
1391	19 138 35 5
1392	76 74 30 72
1393	167 176 6 146
1394	132 141 190 188
1395	128 131 64 94
1396	144 61 18 164
1397	134 78 183 73
1398	163 135 98 49
1399	141 31 123 78
1400	48 116 34 179
1401	153 30 17 73
1402	156 66 161 140
1403	189 175 58 117
1404	148 115 145 51
1405	170 52 115 66
1406	90 59 11 146
1407	187 33 95 127
1408	145 135 42 125
1409	30 9 162 51
1410	190 30 107 172
1411	187 110 97 89
1412	116 4 112 9
1413	43 81 200 88
1414	85 131 24 11
1415	94 162 73 96
1416	89 90 181 193
1417	46 120 36 151
1418	41 59 146 148
1419	177 188 65 6
1420	185 187 172 8
1421	75 149 73 82
1422	196 133 53 82
1423	66 33 53 47
1424	185 87 186 25
1425	29 12 22 39
1426	72 162 131 159
1427	28 25 49 32
1428	17 29 20 106
1429	87 57 85 8
1430	90 163 37 72
1431	109 175 69 63
1432	122 187 63 167
1433	107 126 37 99
1434	111 102 60 133
1435	137 101 106 159
1436	180 166 87 37
1437	184 61 116 179
1438	80 5 75 33
1439	192 56 24 84
1440	118 136 71 58
1441	200 52 83 26
1442	139 149 87 38
1443	6 67 186 99
1444	169 101 69 86
1445	50 143 67 70
1446	185 171 184 48
1447	196 65 37 9
1448	192 3 162 60
1449	68 101 55 5
1450	123 124 167 161
1451	84 100 128 136
1452	62 1 103 48
1453	84 151 20 116
1454	8 197 64 122
1455	32 144 34 160
1456	178 102 187 79
1457	196 147 59 170
1458	105 24 13 162
1459	97 84 34 176
1460	58 64 75 89
1461	87 44 143 43
1462	139 27 199 97
1463	20 78 122 44
1464	19 200 35 11
1465	162 168 59 134
1466	111 142 173 13
1467	200 82 41 77
1468	32 46 148 180
1469	70 196 165 46
1470	112 3 33 75
1471	110 33 122 187
1472	37 124 19 166
1473	139 69 103 151
1474	60 69 143 187
1475	161 15 38 32
1476	15 145 197 116
1477	190 73 171 186
1478	170 174 149 65
1479	106 21 190 137
1480	111 16 125 195
1481	174 163 15 94
1482	142 153 58 38
1483	166 191 22 175
1484	14 66 24 178
1485	71 80 154 129
1486	70 6 159 188
1487	128 45 156 3
1488	78 108 18 56
1489	16 93 97 181
1490	137 178 18 127
1491	162 50 150 63
1492	155 142 50 154
1493	121 8 149 145
1494	78 115 98 53
1495	168 96 153 132
1496	119 130 26 38
1497	82 111 97 89
1498	133 94 125 31
1499	64 46 48 160
1500	154 199 92 11
1501	196 185 134 21
1502	19 92 24 34
1503	30 37 180 16
1504	103 123 4 100
1505	169 38 135 32
1506	95 59 100 163
1507	83 81 44 17
1508	59 190 90 79
1509	119 159 114 195
1510	149 16 167 109
1511	22 109 161 168
1512	65 189 132 100
1513	38 14 80 89
1514	82 20 174 182
1515	35 107 193 96
1516	11 89 147 1
1517	30 134 3 51
1518	8 119 146 56
1519	109 198 40 102
1520	89 55 96 160
1521	83 173 23 97
1522	167 56 89 70
1523	22 199 67 11
1524	6 92 14 42
1525	195 12 104 135
1526	40 125 174 129
1527	159 37 95 155
1528	189 31 85 45
1529	106 182 179 110
1530	185 47 145 137
1531	49 17 57 116
1532	72 40 58 168
1533	163 69 189 84
1534	171 175 122 150
1535	56 164 58 82
1536	84 124 52 93
1537	159 134 142 195
1538	165 4 66 72
1539	162 189 150 44
1540	185 99 28 14
1541	199 48 118 34
1542	4 96 119 81
1543	168 84 160 156
1544	105 26 110 44
1545	129 74 158 108
1546	139 93 175 120
1547	9 53 128 133
1548	199 45 86 77
1549	138 165 173 162
1550	123 27 53 198
1551	43 189 135 87
1552	72 181 169 142
1553	80 35 148 149
1554	37 17 187 100
1555	31 7 90 176
1556	57 68 61 8
1557	1 27 66 30
1558	93 194 28 52
1559	147 71 133 106
1560	119 86 83 133
1561	36 159 166 121
1562	49 154 21 66
1563	44 54 26 5
1564	162 129 132 91
1565	187 174 134 73
1566	12 16 186 133
1567	101 90 12 2
1568	28 32 23 48
1569	185 10 85 30
1570	1 118 49 53
1571	150 166 143 160
1572	199 106 58 152
1573	35 107 191 155
1574	170 22 147 92
1575	95 100 120 68
1576	124 145 55 110
1577	79 186 10 200
1578	40 141 16 79
1579	94 62 145 113
1580	164 159 171 117
1581	70 28 52 160
1582	153 186 21 18
1583	83 142 39 179
1584	127 65 140 18
1585	185 158 37 44
1586	27 174 150 171
1587	27 151 94 44
1588	111 37 181 40
1589	111 108 95 117
1590	123 192 71 151
1591	127 92 20 110
1592	181 39 60 160
1593	133 76 45 156
1594	55 183 34 72
1595	180 175 112 80
1596	110 90 163 187
1597	26 127 139 3
1598	35 101 104 24
1599	141 65 26 12
1600	20 168 128 78
1601	193 194 48 79
1602	48 169 50 124
1603	128 181 39 57
1604	148 13 78 143
1605	54 168 186 50
1606	55 146 27 2
1607	142 80 187 195
1608	122 7 66 44
1609	92 104 138 183
1610	128 194 56 185
1611	73 183 178 92
1612	50 5 91 170
1613	121 108 184 8
1614	193 99 38 75
1615	99 72 174 141
1616	80 67 73 21
1617	161 171 160 94
1618	9 103 52 171
1619	182 48 172 124
1620	93 20 43 96
1621	39 121 161 128
1622	170 87 110 76
1623	194 137 94 68
1624	28 6 177 5
1625	80 129 30 77
1626	134 165 43 102
1627	131 100 188 191
1628	101 105 50 57
1629	173 126 138 20
1630	80 99 139 111
1631	186 5 198 6
1632	70 189 188 141
1633	41 102 25 100
1634	157 177 122 161
1635	162 50 165 57
1636	41 79 34 171
1637	46 199 197 58
1638	163 61 135 41
1639	104 63 129 9
1640	194 150 175 54
1641	171 102 182 32
1642	22 28 173 105
1643	159 143 144 97
1644	33 192 140 161
1645	198 98 75 150
1646	74 38 194 188
1647	92 151 130 183
1648	94 17 4 117
1649	104 64 78 185
1650	192 145 142 183
1651	181 46 123 152
1652	173 150 169 165
1653	11 41 34 146
1654	117 89 78 115
1655	92 57 168 167
1656	94 59 145 93
1657	116 22 138 106
1658	33 34 182 169
1659	18 16 19 120
1660	42 24 180 22
1661	52 11 119 19
1662	2 175 48 104
1663	150 3 34 36
1664	23 38 96 117
1665	71 156 13 68
1666	139 31 177 132
1667	50 115 32 33
1668	161 159 118 137
1669	181 96 178 49
1670	79 173 199 88
1671	36 195 54 15
1672	198 20 66 28
1673	9 165 126 12
1674	68 51 5 103
1675	18 107 93 32
1676	59 9 27 117
1677	139 29 112 186
1678	167 102 83 40
1679	199 113 44 187
1680	71 169 13 9
1681	183 172 25 57
1682	133 13 69 185
1683	36 190 199 42
1684	123 50 10 47
1685	67 157 162 47
1686	31 87 40 44
1687	142 4 50 185
1688	32 73 134 124
1689	39 69 170 154
1690	114 78 58 118
1691	70 81 43 11
1692	174 121 68 126
1693	17 16 7 47
1694	199 45 89 145
1695	111 27 125 163
1696	193 63 126 155
1697	105 122 80 50
1698	104 123 155 173
1699	123 53 47 25
1700	1 162 128 177
1701	59 37 69 66
1702	90 156 82 138
1703	86 41 72 152
1704	157 124 35 153
1705	112 38 49 141
1706	90 165 104 50
1707	125 57 200 158
1708	109 195 97 15
1709	53 39 101 26
1710	161 84 8 149
1711	12 48 49 39
1712	72 161 130 69
1713	56 73 124 115
1714	42 53 161 58
1715	174 117 19 160
1716	156 161 190 52
1717	52 70 155 46
1718	161 195 11 176
1719	133 24 169 177
1720	190 69 162 145
1721	57 9 186 30
1722	61 47 109 46
1723	94 10 129 21
1724	167 48 30 83
1725	135 145 101 82
1726	98 109 125 41
1727	102 78 185 120
1728	62 147 45 125
1729	108 95 24 146
1730	82 156 33 196
1731	9 139 164 93
1732	29 24 48 160
1733	197 4 187 164
1734	3 72 13 43
1735	143 56 141 171
1736	55 177 83 3
1737	11 45 114 194
1738	28 170 154 164
1739	35 88 102 96
1740	157 71 52 42
1741	162 188 149 126
1742	198 51 20 22
1743	194 79 100 55
1744	101 34 26 10
1745	13 6 187 194
1746	119 54 27 91
1747	186 175 108 83
1748	48 15 97 130
1749	157 122 173 138
1750	171 63 36 132
1751	106 127 39 10
1752	178 168 62 118
1753	25 189 102 115
1754	34 24 187 159
1755	198 78 9 76
1756	14 68 130 180
1757	112 108 198 118
1758	151 24 68 14
1759	14 151 25 194
1760	8 19 46 191
1761	137 56 110 83
1762	29 200 173 13
1763	168 69 87 77
1764	182 154 122 103
1765	108 144 74 158
1766	95 24 21 82
1767	172 26 157 119
1768	103 93 63 58
1769	123 179 23 25
1770	109 130 198 133
1771	112 117 103 143
1772	90 153 188 148
1773	167 42 58 23
1774	164 130 193 14
1775	154 54 178 197
1776	21 187 27 22
1777	40 58 174 73
1778	148 91 186 68
1779	135 193 27 31
1780	146 133 190 159
1781	181 170 166 65
1782	21 13 175 151
1783	126 84 74 111
1784	163 61 11 105
1785	13 1 81 195
1786	73 74 68 26
1787	125 59 11 119
1788	78 90 126 21
1789	83 100 71 14
1790	18 102 65 101
1791	76 192 124 99
1792	195 66 21 112
1793	116 171 99 182
1794	191 128 34 117
1795	53 38 69 84
1796	57 84 199 189
1797	160 75 45 178
1798	196 165 95 52
1799	118 180 146 67
1800	196 20 94 45
1801	43 96 181 76
1802	182 197 52 160
1803	197 88 186 63
1804	196 82 86 192
1805	9 183 53 125
1806	186 8 156 93
1807	161 33 194 13
1808	41 34 44 134
1809	70 136 32 144
1810	31 124 144 142
1811	183 49 153 176
1812	140 196 69 26
1813	30 153 92 172
1814	108 15 149 36
1815	40 193 47 74
1816	110 190 128 5
1817	11 22 156 92
1818	29 130 119 35
1819	136 185 12 117
1820	16 21 176 124
1821	163 55 78 155
1822	189 197 35 55
1823	18 190 153 92
1824	23 170 160 86
1825	59 155 107 30
1826	119 72 73 69
1827	54 117 43 124
1828	84 183 187 13
1829	169 19 182 7
1830	168 75 99 20
1831	153 100 160 4
1832	109 137 156 136
1833	25 162 35 78
1834	96 177 141 169
1835	92 37 155 4
1836	145 174 38 149
1837	148 64 113 21
1838	15 94 124 51
1839	30 145 113 142
1840	100 163 10 11
1841	68 27 30 114
1842	164 150 17 36
1843	70 118 10 143
1844	47 2 104 35
1845	200 146 45 108
1846	51 176 168 162
1847	133 20 158 155
1848	111 159 10 76
1849	167 173 147 156
1850	129 197 92 6
1851	170 172 155 128
1852	69 122 129 110
1853	102 159 172 58
1854	96 155 158 30
1855	103 74 115 64
1856	193 152 151 130
1857	138 185 51 184
1858	176 108 181 103
1859	158 16 112 18
1860	79 190 83 66
1861	75 189 79 123
1862	7 127 150 178
1863	5 141 86 15
1864	120 145 67 118
1865	196 159 83 80
1866	125 11 36 140
1867	155 197 167 181
1868	87 115 47 68
1869	103 183 8 70
1870	127 106 197 47
1871	86 22 46 92
1872	104 169 109 54
1873	88 116 22 160
1874	168 52 197 135
1875	4 120 193 23
1876	71 115 62 14
1877	189 135 65 193
1878	104 149 26 77
1879	1 189 47 63
1880	157 82 84 85
1881	55 41 97 138
1882	155 133 40 53
1883	22 77 187 54
1884	174 98 57 73
1885	182 69 89 197
1886	13 76 151 21
1887	97 93 88 10
1888	1 28 83 13
1889	80 94 185 90
1890	152 147 180 107
1891	94 190 105 189
1892	161 61 24 143
1893	130 192 20 132
1894	200 171 76 174
1895	14 169 180 138
1896	186 129 182 154
1897	140 76 134 71
1898	192 173 10 64
1899	39 45 47 114
1900	48 161 104 77
1901	109 49 42 113
1902	9 174 185 198
1903	21 187 176 60
1904	131 111 13 139
1905	97 36 79 105
1906	47 149 163 194
1907	161 180 21 135
1908	74 87 33 152
1909	122 96 189 84
1910	87 51 118 44
1911	45 127 63 121
1912	150 114 84 40
1913	73 188 162 36
1914	175 151 196 43
1915	73 171 11 199
1916	107 25 159 104
1917	153 176 102 2
1918	137 72 160 144
1919	100 180 60 119
1920	101 133 4 128
1921	55 10 45 174
1922	59 112 145 69
1923	179 200 157 79
1924	175 9 138 172
1925	158 153 143 178
1926	174 198 10 16
1927	85 41 106 48
1928	137 104 9 56
1929	199 73 124 170
1930	155 126 61 53
1931	143 103 61 149
1932	148 68 30 133
1933	28 164 199 2
1934	133 23 39 194
1935	34 61 65 18
1936	117 104 90 12
1937	169 196 161 72
1938	200 104 135 102
1939	105 145 175 143
1940	31 7 74 162
1941	166 159 162 84
1942	60 17 66 133
1943	116 129 30 77
1944	199 187 182 168
1945	175 18 126 25
1946	122 92 145 167
1947	191 140 113 12
1948	32 41 81 82
1949	72 136 191 98
1950	196 73 86 54
1951	180 100 32 120
1952	54 53 170 150
1953	33 183 31 9
1954	189 153 165 198
1955	97 19 199 49
1956	54 85 106 46
1957	171 195 144 51
1958	66 5 199 34
1959	169 42 131 63
1960	172 168 155 184
1961	79 88 74 163
1962	108 41 197 181
1963	38 137 142 124
1964	29 167 150 2
1965	167 98 32 169
1966	167 50 161 117
1967	19 181 170 32
1968	71 18 52 79
1969	32 154 186 51
1970	153 75 19 123
1971	53 4 179 193
1972	138 162 103 149
1973	161 193 34 94
1974	103 75 143 182
1975	191 107 196 80
1976	159 115 32 15
1977	93 178 87 137
1978	152 10 30 50
1979	37 192 121 42
1980	13 123 187 133
1981	12 75 193 45
1982	183 115 23 39
1983	23 198 132 140
1984	193 30 141 75
1985	6 163 13 134
1986	183 1 199 175
1987	69 41 90 198
1988	18 114 93 38
1989	79 94 185 197
1990	95 112 184 3
1991	37 161 90 128
1992	156 56 98 138
1993	70 199 78 45
1994	74 127 75 191
1995	59 182 8 123
1996	99 98 18 65
1997	184 98 131 109
1998	184 60 109 57
1999	45 113 86 83
2000	48 142 10 173
2001	20 141 105 18
2002	8 24 34 35
2003	55 79 164 177
2004	85 55 97 136
2005	56 53 149 83
2006	127 54 52 155
2007	92 168 76 138
2008	126 11 4 140
2009	64 199 42 25
2010	161 196 21 78
2011	121 24 199 53
2012	7 90 167 20
2013	149 98 111 91
2014	57 97 152 91
2015	155 140 2 65
2016	145 83 194 98
2017	124 114 109 53
2018	163 188 75 189
2019	107 155 79 113
2020	19 108 101 167
2021	3 82 87 185
2022	112 129 59 143
2023	182 121 92 76
2024	53 174 5 156
2025	82 147 187 125
2026	111 83 130 9
2027	150 7 161 142
2028	127 12 68 76
2029	183 191 134 185
2030	99 27 84 30
2031	53 95 113 108
2032	13 97 77 104
2033	34 32 54 117
2034	83 181 15 68
2035	165 6 36 131
2036	40 52 154 87
2037	33 67 88 196
2038	196 60 67 22
2039	93 131 37 120
2040	9 88 76 29
2041	104 56 130 129
2042	103 114 129 83
2043	114 98 158 3
2044	148 159 196 144
2045	170 192 75 155
2046	198 187 76 151
2047	138 158 51 155
2048	26 180 165 140
2049	49 77 182 135
2050	102 41 187 199
2051	101 10 58 127
2052	128 96 116 16
2053	20 47 49 107
2054	24 81 30 197
2055	71 50 6 49
2056	99 48 35 122
2057	142 152 110 7
2058	185 33 154 65
2059	174 74 57 152
2060	70 117 68 95
2061	86 146 40 112
2062	166 196 169 187
2063	118 106 20 95
2064	152 8 189 94
2065	56 94 91 28
2066	91 142 63 54
2067	136 91 177 28
2068	39 34 87 53
2069	63 41 27 74
2070	192 165 41 62
2071	7 22 117 168
2072	95 78 184 90
2073	29 55 2 173
2074	167 58 12 128
2075	83 139 140 147
2076	152 192 149 66
2077	80 197 131 10
2078	199 33 133 58
2079	93 67 15 189
2080	113 199 129 156
2081	15 20 7 74
2082	124 43 37 38
2083	136 36 165 75
2084	85 67 137 109
2085	192 45 21 35
2086	120 30 26 60
2087	142 153 156 61
2088	21 119 145 165
2089	134 137 15 167
2090	114 61 183 171
2091	106 151 60 198
2092	110 154 10 12
2093	200 104 51 188
2094	177 171 184 58
2095	85 107 83 142
2096	197 29 75 39
2097	98 160 109 110
2098	193 181 41 138
2099	156 51 108 165
2100	151 84 87 183
2101	117 74 5 177
2102	187 199 79 193
2103	26 36 62 186
2104	192 69 159 103
2105	132 122 40 186
2106	91 180 74 197
2107	189 114 46 34
2108	169 40 131 104
2109	167 7 168 161
2110	22 159 142 88
2111	24 89 43 29
2112	116 190 154 38
2113	81 123 97 186
2114	180 16 26 24
2115	38 171 39 32
2116	173 186 143 86
2117	29 47 15 56
2118	111 106 51 180
2119	127 123 73 130
2120	97 72 28 168
2121	8 145 43 64
2122	150 96 111 125
2123	179 111 153 7
2124	157 8 162 190
2125	8 44 19 70
2126	103 53 48 136
2127	181 160 50 71
2128	121 10 93 148
2129	179 192 17 77
2130	71 26 85 187
2131	53 123 14 89
2132	60 62 174 22
2133	56 138 82 167
2134	174 51 187 65
2135	89 148 117 103
2136	140 54 110 178
2137	131 49 116 102
2138	176 146 97 69
2139	99 90 169 60
2140	56 34 26 89
2141	124 18 77 165
2142	87 102 22 18
2143	48 111 11 55
2144	164 112 41 29
2145	139 161 131 32
2146	25 151 28 141
2147	2 33 38 114
2148	67 12 46 18
2149	158 19 155 106
2150	12 13 79 38
2151	3 46 90 21
2152	112 163 188 162
2153	145 172 150 181
2154	96 7 55 60
2155	98 163 137 1
2156	64 76 150 25
2157	114 152 157 51
2158	76 180 154 77
2159	162 50 15 102
2160	128 37 19 180
2161	11 41 184 88
2162	89 9 68 155
2163	191 47 182 19
2164	29 4 194 86
2165	5 52 94 15
2166	98 75 144 142
2167	54 136 51 173
2168	157 36 37 21
2169	16 94 138 42
2170	162 41 195 42
2171	167 94 46 127
2172	17 105 50 102
2173	63 57 7 27
2174	49 196 9 53
2175	20 27 149 167
2176	66 128 3 176
2177	37 59 4 167
2178	39 200 114 52
2179	57 137 60 188
2180	121 98 180 151
2181	108 194 165 57
2182	126 34 18 120
2183	21 168 52 194
2184	17 133 100 167
2185	130 54 95 77
2186	124 105 106 52
2187	63 169 70 34
2188	197 50 55 162
2189	116 171 18 34
2190	111 171 140 172
2191	100 199 72 117
2192	141 124 103 31
2193	30 6 41 98
2194	116 134 145 124
2195	37 36 10 86
2196	74 78 18 183
2197	147 177 6 36
2198	164 186 192 93
2199	87 148 68 69
2200	25 95 129 131
2201	142 177 181 10
2202	55 179 68 10
2203	12 25 112 179
2204	36 95 170 138
2205	122 91 43 61
2206	2 87 151 33
2207	142 72 171 127
2208	98 149 124 108
2209	7 105 32 104
2210	189 93 94 26
2211	42 12 65 143
2212	96 114 124 198
2213	146 92 55 183
2214	119 154 2 12
2215	111 169 175 53
2216	54 44 89 27
2217	99 159 132 142
2218	107 111 21 43
2219	82 81 186 192
2220	63 168 44 67
2221	147 139 49 115
2222	88 49 92 147
2223	8 118 77 101
2224	87 128 188 166
2225	21 121 130 197
2226	104 114 100 190
2227	38 96 1 132
2228	94 117 41 139
2229	184 27 112 193
2230	125 163 185 153
2231	80 105 67 142
2232	175 157 32 151
2233	119 76 80 63
2234	100 177 16 116
2235	86 83 91 167
2236	138 4 12 62
2237	111 97 24 137
2238	30 49 113 175
2239	183 51 121 122
2240	185 132 115 31
2241	134 171 198 91
2242	98 87 192 186
2243	137 109 200 95
2244	11 2 43 68
2245	170 163 100 53
2246	55 37 140 179
2247	14 67 22 188
2248	41 117 196 89
2249	111 2 9 31
2250	122 1 118 179
2251	140 71 153 172
2252	193 133 78 139
2253	65 71 80 119
2254	33 23 12 171
2255	64 73 65 187
2256	65 38 142 25
2257	143 3 151 181
2258	41 178 180 164
2259	145 55 14 104
2260	158 24 151 156
2261	161 48 80 24
2262	103 56 21 124
2263	44 52 19 169
2264	182 56 4 193
2265	53 16 11 168
2266	107 119 144 162
2267	185 64 142 93
2268	111 63 16 143
2269	80 195 146 177
2270	125 175 166 165
2271	145 196 54 136
2272	1 78 80 125
2273	43 164 12 60
2274	97 76 197 194
2275	121 118 133 87
2276	20 73 197 4
2277	132 152 123 196
2278	138 149 91 34
2279	77 106 183 37
2280	179 34 109 143
2281	51 100 138 157
2282	150 115 43 147
2283	111 23 48 59
2284	157 180 156 57
2285	86 30 186 84
2286	78 112 153 12
2287	61 88 130 118
2288	86 147 140 160
2289	49 166 95 163
2290	4 75 80 112
2291	188 75 78 158
2292	17 50 193 100
2293	90 112 179 116
2294	197 116 44 57
2295	109 149 186 18
2296	131 157 188 183
2297	41 153 184 55
2298	27 85 108 162
2299	195 12 185 144
2300	14 171 97 181
2301	85 58 153 160
2302	26 112 171 94
2303	135 196 199 119
2304	170 44 48 169
2305	187 195 164 31
2306	34 166 37 115
2307	91 43 113 76
2308	120 46 145 84
2309	116 199 91 22
2310	169 111 41 33
2311	132 85 155 89
2312	73 181 200 38
2313	185 67 32 178
2314	121 80 182 148
2315	131 194 171 141
2316	23 69 189 82
2317	117 153 144 49
2318	6 16 45 44
2319	120 181 179 116
2320	199 184 123 67
2321	129 92 48 152
2322	16 141 119 43
2323	79 169 178 199
2324	197 11 17 28
2325	50 96 184 15
2326	24 162 115 35
2327	101 125 173 64
2328	159 172 196 148
2329	121 122 7 112
2330	145 102 42 130
2331	89 177 95 199
2332	185 178 181 188
2333	82 188 161 61
2334	142 27 70 102
2335	17 146 47 73
2336	86 137 57 39
2337	18 109 148 101
2338	40 152 61 103
2339	109 54 167 33
2340	76 50 123 32
2341	3 187 64 111
2342	26 111 28 162
2343	117 10 21 181
2344	137 135 62 171
2345	2 108 112 126
2346	54 130 99 44
2347	65 127 161 181
2348	172 161 134 76
2349	107 103 14 158
2350	186 121 165 100
2351	53 176 95 72
2352	111 195 104 102
2353	30 128 126 9
2354	177 111 80 173
2355	197 127 5 143
2356	11 50 87 121
2357	60 28 95 157
2358	46 119 115 94
2359	6 199 166 30
2360	4 131 146 123
2361	105 134 145 101
2362	43 33 19 145
2363	161 64 85 16
2364	25 70 119 45
2365	106 149 139 176
2366	31 50 86 105
2367	97 116 35 168
2368	99 158 192 57
2369	160 91 6 92
2370	20 164 92 167
2371	65 164 82 7
2372	190 46 21 37
2373	140 34 172 113
2374	167 165 196 40
2375	165 150 196 44
2376	107 31 9 154
2377	38 121 93 47
2378	57 105 169 27
2379	127 154 39 174
2380	173 106 25 179
2381	128 93 23 54
2382	107 31 139 82
2383	34 197 113 159
2384	40 186 103 178
2385	75 92 14 131
2386	196 25 129 150
2387	65 188 171 102
2388	66 175 83 65
2389	180 113 189 1
2390	61 31 67 90
2391	151 31 76 32
2392	130 7 36 195
2393	193 127 180 152
2394	60 48 42 171
2395	117 143 100 9
2396	9 22 148 172
2397	183 176 65 54
2398	152 44 200 167
2399	112 97 151 165
2400	87 94 190 145
2401	193 148 6 8
2402	193 66 128 121
2403	191 145 35 188
2404	15 187 153 72
2405	80 45 27 145
2406	83 24 54 105
2407	159 13 112 180
2408	6 54 82 118
2409	153 138 13 137
2410	182 98 150 37
2411	61 181 74 53
2412	183 187 113 130
2413	87 34 23 163
2414	198 186 157 66
2415	48 51 1 97
2416	129 21 26 28
2417	144 84 35 80
2418	178 46 154 35
2419	86 50 52 200
2420	153 195 106 126
2421	193 63 9 137
2422	22 70 154 14
2423	176 102 97 155
2424	151 135 152 119
2425	188 64 126 1
2426	144 94 129 176
2427	20 81 90 103
2428	73 172 118 34
2429	102 163 152 44
2430	32 19 86 116
2431	104 49 6 135
2432	78 161 119 20
2433	36 13 73 7
2434	142 95 97 92
2435	81 180 111 23
2436	186 137 49 108
2437	17 27 65 25
2438	89 53 87 173
2439	139 11 111 133
2440	50 192 113 140
2441	189 15 41 114
2442	194 25 1 4
2443	115 47 175 110
2444	31 133 30 126
2445	90 115 102 12
2446	82 87 94 83
2447	157 145 72 20
2448	80 105 156 34
2449	129 60 125 124
2450	16 154 30 132
2451	124 7 51 141
2452	3 167 42 46
2453	1 176 65 9
2454	33 152 66 162
2455	110 71 199 191
2456	166 3 191 40
2457	75 99 114 173
2458	66 31 146 55
2459	96 133 56 78
2460	33 48 79 39
2461	166 85 118 162
2462	72 36 44 131
2463	166 56 86 106
2464	8 162 194 20
2465	159 182 83 13
2466	44 92 81 6
2467	156 199 96 200
2468	48 51 53 124
2469	187 36 75 171
2470	33 10 58 125
2471	111 44 106 193
2472	36 53 46 152
2473	141 107 59 18
2474	157 76 25 166
2475	95 122 50 55
2476	86 184 174 101
2477	109 163 62 25
2478	19 40 30 195
2479	30 37 118 181
2480	38 179 29 121
2481	24 130 119 173
2482	10 154 171 90
2483	28 193 22 123
2484	57 109 187 137
2485	21 69 78 159
2486	34 177 184 187
2487	167 103 88 200
2488	69 11 47 30
2489	75 47 31 125
2490	9 102 10 174
2491	90 2 158 59
2492	43 20 3 116
2493	127 181 139 131
2494	192 23 50 108
2495	73 137 118 113
2496	171 128 76 115
2497	162 133 128 12
2498	189 191 74 46
2499	52 152 116 46
2500	45 171 192 49
2501	163 10 113 128
2502	186 178 174 84
2503	132 55 197 2
2504	178 61 136 170
2505	86 61 128 165
2506	162 110 36 2
2507	185 65 115 144
2508	76 163 60 43
2509	83 35 139 186
2510	134 167 25 192
2511	167 138 158 107
2512	113 143 90 190
2513	31 73 183 182
2514	80 24 50 175
2515	39 178 32 132
2516	95 78 196 131
2517	86 103 140 42
2518	93 141 6 86
2519	36 9 150 100
2520	89 60 172 112
2521	12 127 72 74
2522	121 49 56 135
2523	70 36 72 152
2524	89 176 1 62
2525	117 43 123 102
2526	137 64 63 106
2527	103 157 129 20
2528	196 8 137 174
2529	38 110 33 180
2530	194 68 122 29
2531	186 167 98 50
2532	197 33 89 149
2533	113 196 159 32
2534	112 76 199 166
2535	91 100 50 145
2536	90 153 137 188
2537	76 11 131 166
2538	160 164 146 153
2539	134 59 126 109
2540	181 50 63 84
2541	113 165 77 158
2542	130 182 140 22
2543	89 87 118 167
2544	95 25 7 124
2545	166 60 182 83
2546	194 7 64 14
2547	120 79 93 140
2548	199 167 4 119
2549	78 166 196 98
2550	13 159 17 135
2551	56 154 20 39
2552	36 181 126 94
2553	69 96 103 185
2554	184 61 117 28
2555	132 108 72 167
2556	132 118 121 20
2557	68 143 123 199
2558	49 72 158 87
2559	102 48 86 6
2560	149 170 68 194
2561	47 74 137 32
2562	53 97 151 157
2563	100 177 156 54
2564	146 10 16 68
2565	70 176 54 1
2566	173 167 124 137
2567	24 97 177 13
2568	61 120 101 128
2569	102 111 108 39
2570	171 37 197 77
2571	187 10 26 140
2572	94 191 90 18
2573	36 171 48 121
2574	89 116 197 9
2575	188 32 91 12
2576	125 151 195 23
2577	170 110 188 40
2578	88 130 198 43
2579	98 154 1 156
2580	23 70 13 64
2581	79 57 114 6
2582	24 83 144 38
2583	161 26 12 8
2584	184 33 197 56
2585	149 36 70 9
2586	47 155 143 27
2587	74 34 89 162
2588	13 86 139 142
2589	97 79 122 52
2590	55 105 23 154
2591	162 90 127 77
2592	150 90 55 54
2593	28 74 146 113
2594	57 20 155 16
2595	152 98 12 168
2596	20 198 133 14
2597	163 131 170 69
2598	141 171 83 143
2599	193 161 115 89
2600	20 142 31 176
2601	135 86 130 146
2602	109 78 138 110
2603	123 37 162 188
2604	39 89 138 58
2605	36 147 56 82
2606	107 42 109 74
2607	6 190 116 90
2608	38 40 57 69
2609	65 147 184 61
2610	199 73 25 125
2611	18 16 183 178
2612	61 18 33 78
2613	69 93 88 154
2614	85 168 10 161
2615	181 56 81 12
2616	135 144 75 7
2617	127 170 42 194
2618	36 163 187 180
2619	139 94 186 176
2620	108 131 5 121
2621	163 13 8 117
2622	136 23 75 179
2623	174 63 195 76
2624	187 195 76 94
2625	37 89 147 25
2626	199 84 165 74
2627	145 128 11 91
2628	140 29 86 3
2629	13 95 172 76
2630	168 20 13 121
2631	70 192 1 96
2632	200 108 151 47
2633	141 130 109 163
2634	44 143 40 153
2635	105 89 29 54
2636	149 106 142 51
2637	148 50 112 1
2638	63 109 75 8
2639	162 198 109 199
2640	124 171 55 27
2641	88 41 184 62
2642	67 147 132 174
2643	16 66 190 115
2644	139 26 169 46
2645	133 155 94 91
2646	166 157 123 33
2647	49 7 29 193
2648	153 161 53 29
2649	4 70 162 7
2650	174 134 50 82
2651	72 17 101 149
2652	38 178 111 51
2653	68 25 34 140
2654	59 187 2 53
2655	21 61 173 82
2656	27 141 68 58
2657	116 128 166 15
2658	65 173 2 54
2659	149 46 19 103
2660	63 192 79 170
2661	4 101 1 35
2662	106 90 60 194
2663	135 17 80 3
2664	197 41 187 2
2665	142 112 138 158
2666	166 108 182 141
2667	62 3 22 161
2668	192 36 128 58
2669	195 52 181 65
2670	17 39 153 54
2671	47 90 191 18
2672	143 67 195 28
2673	42 133 135 189
2674	200 158 109 176
2675	105 33 123 107
2676	156 25 98 99
2677	101 145 48 7
2678	18 88 193 196
2679	77 147 165 76
2680	165 175 25 12
2681	173 129 68 51
2682	166 163 181 151
2683	90 75 68 164
2684	35 57 152 68
2685	8 113 125 150
2686	62 83 95 99
2687	95 98 117 88
2688	148 177 92 125
2689	55 162 89 49
2690	188 173 182 10
2691	45 72 155 110
2692	105 6 41 80
2693	77 98 127 26
2694	27 160 170 23
2695	152 158 154 113
2696	33 43 4 175
2697	21 33 8 158
2698	187 77 87 9
2699	101 132 15 175
2700	55 165 175 137
2701	110 167 176 136
2702	199 120 56 89
2703	149 131 120 177
2704	94 115 128 174
2705	35 115 40 195
2706	94 154 48 143
2707	84 138 43 6
2708	62 55 17 150
2709	143 88 3 174
2710	133 194 96 69
2711	74 162 37 19
2712	132 131 51 175
2713	109 180 130 95
2714	66 80 124 99
2715	91 185 13 20
2716	86 94 164 159
2717	86 23 62 8
2718	77 52 191 65
2719	105 161 61 78
2720	153 183 199 105
2721	17 107 54 16
2722	176 134 36 14
2723	109 174 188 39
2724	175 118 55 23
2725	60 192 78 168
2726	159 59 60 33
2727	173 132 103 100
2728	94 128 166 1
2729	32 118 99 137
2730	98 64 146 145
2731	159 125 103 94
2732	22 129 32 146
2733	175 142 185 136
2734	28 131 184 132
2735	186 133 43 127
2736	171 123 175 66
2737	54 187 2 147
2738	189 180 178 30
2739	48 183 142 143
2740	156 12 161 122
2741	94 64 28 157
2742	94 25 172 115
2743	151 127 81 147
2744	40 193 109 120
2745	60 31 126 56
2746	100 156 10 143
2747	125 148 198 161
2748	85 196 130 145
2749	52 144 41 76
2750	73 51 84 18
2751	44 18 116 91
2752	134 29 95 56
2753	72 149 77 10
2754	191 99 150 11
2755	141 63 53 56
2756	124 172 143 173
2757	138 135 121 11
2758	114 131 71 108
2759	1 175 137 85
2760	177 174 47 194
2761	137 72 146 94
2762	94 63 23 198
2763	27 26 54 66
2764	124 10 135 18
2765	175 189 71 136
2766	27 162 198 55
2767	200 148 157 94
2768	94 80 29 16
2769	167 156 155 52
2770	20 183 131 199
2771	168 13 117 96
2772	44 146 199 185
2773	37 157 163 63
2774	70 26 188 84
2775	135 144 40 159
2776	13 199 148 123
2777	65 168 123 43
2778	28 161 103 170
2779	107 31 46 182
2780	155 181 11 187
2781	96 189 48 94
2782	19 11 168 94
2783	178 69 3 6
2784	16 145 157 172
2785	96 132 183 170
2786	116 67 41 113
2787	118 100 196 90
2788	5 70 64 116
2789	185 179 68 150
2790	90 29 37 157
2791	122 185 170 31
2792	91 133 93 4
2793	21 27 165 179
2794	170 16 156 120
2795	70 77 180 90
2796	145 108 70 27
2797	159 59 126 85
2798	1 164 122 90
2799	161 60 63 46
2800	171 179 49 33
2801	175 50 136 122
2802	89 178 6 50
2803	20 59 9 104
2804	189 48 95 141
2805	98 180 96 152
2806	179 65 161 195
2807	144 119 71 130
2808	17 139 112 186
2809	71 36 77 184
2810	31 59 183 56
2811	113 158 155 17
2812	79 154 69 134
2813	134 32 86 175
2814	6 187 96 24
2815	33 188 20 151
2816	160 38 30 32
2817	122 77 191 118
2818	56 141 120 91
2819	158 188 88 36
2820	62 46 59 180
2821	109 152 177 97
2822	117 7 99 16
2823	199 118 184 166
2824	176 200 132 161
2825	61 92 9 57
2826	73 178 30 41
2827	149 15 196 54
2828	61 196 59 17
2829	195 69 151 30
2830	181 140 150 34
2831	19 144 92 177
2832	123 160 36 7
2833	79 180 99 61
2834	17 15 113 181
2835	125 193 189 147
2836	41 198 166 139
2837	51 16 156 66
2838	74 110 53 168
2839	177 181 168 199
2840	71 72 19 97
2841	61 108 41 154
2842	149 90 137 23
2843	179 27 170 103
2844	173 40 132 2
2845	29 176 180 64
2846	94 194 112 115
2847	5 93 77 98
2848	94 40 75 165
2849	85 49 53 111
2850	192 122 118 139
2851	2 16 144 40
2852	14 82 135 172
2853	14 103 170 25
2854	38 8 44 63
2855	104 165 96 66
2856	73 41 25 88
2857	190 58 164 24
2858	22 116 50 142
2859	82 167 52 195
2860	70 183 31 182
2861	145 24 42 189
2862	17 3 37 179
2863	36 11 67 125
2864	197 52 43 48
2865	169 129 4 137
2866	102 79 1 132
2867	50 28 19 35
2868	178 84 133 35
2869	148 57 35 7
2870	24 116 80 2
2871	139 146 190 37
2872	31 120 20 152
2873	131 113 183 62
2874	123 121 122 21
2875	119 24 166 199
2876	118 56 184 80
2877	161 57 38 21
2878	135 43 100 149
2879	40 157 99 88
2880	197 129 55 148
2881	130 5 9 113
2882	94 16 95 7
2883	75 70 49 42
2884	50 165 146 195
2885	109 163 25 79
2886	29 114 60 173
2887	49 181 175 26
2888	94 188 58 101
2889	9 173 158 16
2890	7 18 8 34
2891	182 151 165 45
2892	20 126 181 124
2893	138 87 172 103
2894	72 123 54 115
2895	11 187 36 157
2896	160 129 139 124
2897	28 2 101 146
2898	32 137 134 124
2899	173 51 146 192
2900	98 142 78 116
2901	199 175 194 118
2902	68 183 25 65
2903	119 161 83 146
2904	17 39 153 81
2905	48 87 64 172
2906	49 151 171 62
2907	181 50 18 193
2908	160 37 81 184
2909	45 43 135 34
2910	153 66 45 2
2911	94 174 96 168
2912	127 93 167 159
2913	36 66 1 54
2914	132 27 58 110
2915	49 62 189 145
2916	39 26 186 185
2917	183 94 191 173
2918	184 94 198 194
2919	10 187 100 142
2920	179 93 69 138
2921	129 185 29 173
2922	58 192 176 140
2923	141 175 105 5
2924	118 189 32 144
2925	42 35 109 179
2926	35 113 145 119
2927	200 196 9 195
2928	37 87 3 19
2929	48 27 176 73
2930	124 168 69 10
2931	37 69 116 43
2932	181 7 71 13
2933	184 26 46 95
2934	13 93 99 191
2935	163 17 161 90
2936	18 12 131 149
2937	96 5 41 184
2938	4 43 137 106
2939	31 105 130 175
2940	159 35 140 79
2941	112 49 70 186
2942	190 51 57 81
2943	2 107 193 117
2944	127 50 35 200
2945	110 146 1 164
2946	55 12 122 102
2947	191 163 86 47
2948	23 153 116 168
2949	161 169 52 110
2950	181 126 168 60
2951	179 151 78 52
2952	137 179 163 92
2953	16 45 136 194
2954	125 144 44 123
2955	92 38 104 165
2956	5 190 32 169
2957	98 198 73 151
2958	184 120 185 124
2959	141 60 47 111
2960	5 110 142 33
2961	124 122 148 117
2962	156 172 81 111
2963	107 58 45 11
2964	190 10 107 198
2965	150 185 139 168
2966	151 68 108 61
2967	10 165 44 88
2968	93 54 131 22
2969	164 172 10 83
2970	81 157 36 181
2971	166 19 100 95
2972	24 121 105 64
2973	147 41 97 1
2974	195 117 35 92
2975	166 43 50 78
2976	162 187 72 157
2977	196 194 157 4
2978	102 63 182 153
2979	150 98 69 28
2980	200 53 128 156
2981	164 156 29 23
2982	39 178 56 53
2983	38 105 111 151
2984	123 118 170 43
2985	110 171 153 109
2986	161 51 107 19
2987	126 48 116 131
2988	112 135 119 72
2989	134 170 172 110
2990	4 69 103 65
2991	1 26 119 176
2992	178 33 88 163
2993	83 148 130 153
2994	84 126 15 66
2995	119 146 24 31
2996	123 118 38 13
2997	147 184 77 31
2998	95 50 139 48
2999	134 85 110 77
3000	124 21 33 43
3001	102 191 99 119
3002	59 91 65 179
3003	95 76 189 193
3004	15 58 31 98
3005	102 147 56 141
3006	175 120 141 134
3007	105 144 133 64
3008	134 49 126 25
3009	56 104 63 127
3010	159 152 151 194
3011	77 136 61 184
3012	159 181 141 29
3013	117 134 75 167
3014	145 146 144 173
3015	200 130 132 150
3016	10 120 60 87
3017	44 11 19 149
3018	125 138 55 183
3019	66 96 58 151
3020	16 38 150 10
3021	111 177 127 4
3022	155 143 108 1
3023	79 38 71 67
3024	118 161 119 22
3025	161 18 156 56
3026	197 77 94 87
3027	185 77 143 134
3028	17 21 96 44
3029	79 167 47 67
3030	23 122 47 3
3031	101 10 31 138
3032	128 87 125 181
3033	144 177 127 29
3034	71 199 16 28
3035	29 48 23 91
3036	10 21 193 101
3037	25 46 35 54
3038	19 42 14 96
3039	27 171 24 56
3040	28 98 3 161
3041	68 114 36 93
3042	57 156 22 29
3043	148 173 139 65
3044	88 74 141 73
3045	20 152 34 11
3046	7 81 146 165
3047	197 128 157 53
3048	49 19 41 22
3049	71 193 164 174
3050	109 28 81 127
3051	41 108 75 81
3052	185 199 129 94
3053	124 159 28 50
3054	118 43 7 194
3055	81 28 11 179
3056	100 180 4 131
3057	49 159 64 123
3058	30 114 70 29
3059	178 144 172 138
3060	106 195 134 176
3061	104 23 12 115
3062	193 70 78 145
3063	139 163 122 61
3064	171 57 12 124
3065	181 48 76 131
3066	18 188 72 157
3067	142 195 100 126
3068	157 139 168 39
3069	169 16 44 12
3070	148 47 85 87
3071	124 5 162 54
3072	143 22 75 43
3073	182 169 56 7
3074	193 66 65 88
3075	3 98 170 41
3076	64 19 36 163
3077	58 93 184 163
3078	191 150 165 154
3079	60 197 118 144
3080	152 78 1 116
3081	160 89 32 28
3082	9 173 84 65
3083	44 131 105 189
3084	110 187 105 134
3085	199 106 193 177
3086	144 51 159 45
3087	32 19 166 83
3088	12 61 156 101
3089	200 95 87 56
3090	31 4 180 94
3091	119 44 147 92
3092	161 147 184 5
3093	37 153 115 142
3094	15 73 153 145
3095	46 10 147 84
3096	183 27 178 85
3097	159 49 153 32
3098	9 195 58 127
3099	158 95 20 183
3100	108 154 9 161
3101	24 161 22 137
3102	85 192 144 184
3103	96 53 138 146
3104	2 102 170 43
3105	177 136 44 126
3106	115 86 100 19
3107	112 14 36 196
3108	9 155 45 191
3109	177 11 43 59
3110	27 192 144 128
3111	116 25 19 132
3112	63 126 29 45
3113	11 188 193 74
3114	69 95 77 175
3115	39 167 54 152
3116	30 140 95 68
3117	105 104 156 75
3118	162 75 24 199
3119	124 111 142 92
3120	48 151 59 36
3121	72 107 31 167
3122	38 180 41 173
3123	31 37 178 41
3124	100 35 18 133
3125	196 59 55 192
3126	129 12 181 130
3127	60 80 195 122
3128	122 136 123 55
3129	96 77 69 21
3130	17 116 107 71
3131	85 125 111 95
3132	159 5 56 195
3133	79 54 193 45
3134	99 156 153 8
3135	25 164 80 171
3136	102 72 24 115
3137	51 22 17 189
3138	59 20 100 9
3139	154 54 157 117
3140	98 80 24 45
3141	104 95 6 7
3142	197 74 13 120
3143	67 91 35 200
3144	69 123 189 57
3145	44 38 98 164
3146	119 198 30 81
3147	93 49 46 15
3148	98 32 163 139
3149	176 42 111 118
3150	172 26 119 123
3151	118 134 168 182
3152	72 104 118 52
3153	102 166 54 191
3154	37 177 131 133
3155	92 74 16 91
3156	120 92 142 15
3157	45 35 109 23
3158	25 87 128 124
3159	14 21 17 65
3160	147 53 155 163
3161	61 129 158 50
3162	122 199 195 32
3163	187 6 47 23
3164	41 200 60 184
3165	118 128 159 18
3166	61 60 196 107
3167	1 158 27 193
3168	85 38 29 1
3169	140 88 176 69
3170	142 184 165 9
3171	189 21 144 148
3172	11 85 198 191
3173	63 161 92 72
3174	39 71 18 197
3175	45 92 15 9
3176	164 125 80 20
3177	5 106 54 73
3178	80 28 88 69
3179	116 165 71 53
3180	123 77 92 180
3181	180 146 78 80
3182	175 7 62 53
3183	82 191 39 16
3184	15 138 61 155
3185	111 118 87 57
3186	13 115 139 79
3187	146 127 125 174
3188	1 126 76 90
3189	44 18 65 74
3190	163 26 179 43
3191	187 1 120 47
3192	162 25 166 169
3193	193 49 6 4
3194	104 188 73 86
3195	131 87 115 174
3196	11 15 26 63
3197	109 7 5 80
3198	151 17 93 144
3199	144 118 61 125
3200	4 178 7 95
3201	13 197 44 110
3202	61 62 85 110
3203	169 30 185 192
3204	155 11 86 152
3205	46 92 20 147
3206	91 71 167 46
3207	159 28 169 26
3208	113 34 181 123
3209	28 140 39 59
3210	22 85 73 79
3211	193 197 130 94
3212	49 23 31 18
3213	148 156 18 49
3214	48 25 58 115
3215	41 10 84 90
3216	23 100 184 35
3217	109 119 124 53
3218	21 126 198 160
3219	8 187 178 74
3220	37 33 25 166
3221	49 51 99 15
3222	167 153 154 17
3223	147 175 47 134
3224	8 141 66 160
3225	74 84 93 65
3226	51 145 31 174
3227	181 81 61 172
3228	41 143 118 54
3229	59 166 101 198
3230	66 97 167 72
3231	145 36 120 58
3232	137 20 49 191
3233	78 191 108 74
3234	91 193 186 12
3235	84 88 106 35
3236	200 164 160 122
3237	61 193 109 173
3238	122 112 92 87
3239	75 81 74 23
3240	88 111 165 12
3241	186 195 172 27
3242	133 35 8 97
3243	107 69 28 199
3244	121 102 175 156
3245	23 139 94 8
3246	87 169 61 47
3247	196 5 173 127
3248	97 126 104 151
3249	26 77 131 134
3250	93 126 15 191
3251	123 17 170 137
3252	160 45 31 11
3253	117 73 116 92
3254	198 64 38 162
3255	174 11 184 108
3256	120 158 193 180
3257	58 180 15 55
3258	169 125 152 28
3259	157 64 40 27
3260	58 137 178 191
3261	134 178 10 12
3262	26 118 19 56
3263	61 26 50 100
3264	120 142 55 170
3265	1 158 181 108
3266	50 178 184 147
3267	191 105 28 171
3268	51 131 68 90
3269	155 138 82 16
3270	16 35 40 21
3271	86 96 196 162
3272	65 37 53 177
3273	14 30 125 165
3274	172 93 30 124
3275	96 104 165 169
3276	160 10 172 63
3277	167 50 185 71
3278	132 73 65 125
3279	109 94 122 200
3280	70 190 45 110
3281	44 149 14 197
3282	44 47 109 117
3283	177 167 155 140
3284	113 133 78 72
3285	42 172 132 198
3286	102 6 30 78
3287	157 189 89 29
3288	72 41 159 27
3289	70 64 173 99
3290	62 157 114 172
3291	137 94 52 125
3292	186 25 114 128
3293	105 117 103 129
3294	124 13 195 38
3295	165 18 145 14
3296	136 120 19 124
3297	97 195 197 58
3298	117 70 199 23
3299	11 150 165 88
3300	141 66 140 160
3301	20 158 136 165
3302	160 150 61 182
3303	190 9 24 25
3304	149 88 144 78
3305	113 59 70 89
3306	51 84 172 35
3307	24 78 145 196
3308	117 186 158 161
3309	42 81 63 22
3310	68 129 91 57
3311	8 92 184 187
3312	133 184 152 82
3313	124 42 75 6
3314	66 39 146 191
3315	165 153 113 122
3316	170 103 145 175
3317	138 90 49 99
3318	83 122 189 110
3319	55 162 200 76
3320	47 53 190 60
3321	174 158 157 148
3322	16 150 17 52
3323	155 176 183 85
3324	140 112 167 169
3325	93 62 71 38
3326	70 184 1 61
3327	131 134 59 151
3328	161 197 121 122
3329	142 99 185 130
3330	24 194 14 178
3331	166 132 49 23
3332	163 189 6 135
3333	145 162 78 103
3334	89 135 188 150
3335	76 157 48 36
3336	127 8 106 10
3337	9 176 169 124
3338	11 6 151 192
3339	3 169 75 12
3340	183 80 29 119
3341	194 172 3 67
3342	13 194 32 152
3343	164 14 190 140
3344	142 132 64 39
3345	23 69 54 66
3346	88 160 151 147
3347	86 49 161 159
3348	171 43 28 26
3349	108 101 98 49
3350	152 88 73 36
3351	196 61 84 17
3352	137 21 133 57
3353	195 90 176 132
3354	51 50 162 144
3355	125 66 7 172
3356	136 171 34 162
3357	158 13 88 101
3358	108 80 102 110
3359	176 6 110 32
3360	188 120 110 93
3361	105 17 91 58
3362	163 142 129 42
3363	170 105 130 142
3364	84 35 150 199
3365	3 164 65 178
3366	128 36 172 156
3367	66 89 115 8
3368	17 1 53 74
3369	50 97 166 124
3370	149 139 166 50
3371	142 68 46 91
3372	178 24 179 53
3373	72 49 50 96
3374	194 47 130 9
3375	100 106 46 19
3376	182 152 72 186
3377	151 12 89 138
3378	149 99 168 41
3379	159 152 182 68
3380	142 103 159 37
3381	101 189 188 155
3382	33 177 119 89
3383	148 30 129 102
3384	4 191 12 199
3385	200 38 182 122
3386	155 49 114 88
3387	176 146 141 57
3388	200 15 145 105
3389	106 115 79 183
3390	98 71 145 51
3391	154 112 64 190
3392	144 175 149 116
3393	42 138 21 1
3394	89 88 199 154
3395	110 113 155 21
3396	27 92 89 190
3397	134 104 15 125
3398	185 176 99 83
3399	87 97 195 9
3400	196 188 65 111
3401	16 29 155 184
3402	162 163 11 183
3403	3 31 188 196
3404	179 23 49 48
3405	80 157 30 49
3406	6 33 157 135
3407	53 193 182 89
3408	77 10 155 87
3409	12 141 100 164
3410	145 175 83 111
3411	136 119 190 102
3412	91 189 126 10
3413	78 122 33 93
3414	30 65 131 22
3415	200 66 70 127
3416	7 186 104 76
3417	114 109 88 172
3418	86 45 186 114
3419	61 112 33 66
3420	100 142 179 163
3421	185 89 39 36
3422	157 110 6 30
3423	117 62 127 186
3424	192 36 59 133
3425	157 177 17 189
3426	163 34 143 87
3427	190 166 85 28
3428	18 79 83 85
3429	50 130 70 86
3430	180 70 48 192
3431	33 128 169 37
3432	126 118 198 39
3433	124 18 117 25
3434	182 48 59 46
3435	30 112 110 140
3436	184 16 30 40
3437	55 111 2 175
3438	137 193 186 147
3439	117 115 68 142
3440	5 41 185 106
3441	60 52 14 170
3442	7 14 71 163
3443	173 130 8 62
3444	69 157 175 120
3445	28 63 79 83
3446	47 64 156 73
3447	181 156 138 183
3448	153 117 36 186
3449	11 189 105 107
3450	34 25 119 135
3451	135 171 77 43
3452	145 167 127 45
3453	38 2 171 69
3454	143 29 123 8
3455	77 47 111 25
3456	159 167 62 185
3457	97 70 141 189
3458	195 159 36 167
3459	143 5 116 95
3460	121 30 182 117
3461	162 124 106 123
3462	82 139 62 39
3463	105 96 184 26
3464	39 176 14 179
3465	199 125 118 191
3466	10 73 54 102
3467	180 6 53 163
3468	41 20 8 23
3469	128 53 142 135
3470	53 118 22 80
3471	111 168 57 184
3472	91 87 127 38
3473	183 138 167 16
3474	169 69 39 166
3475	170 180 11 179
3476	145 58 64 198
3477	136 45 110 74
3478	65 45 144 119
3479	196 13 47 32
3480	185 57 153 47
3481	142 25 163 80
3482	159 128 134 49
3483	26 114 102 189
3484	174 72 39 153
3485	62 104 95 133
3486	72 163 53 118
3487	174 192 169 152
3488	44 85 37 169
3489	117 131 58 24
3490	23 129 12 38
3491	175 57 115 140
3492	160 28 76 180
3493	198 33 47 43
3494	57 71 198 98
3495	188 26 129 189
3496	56 86 119 150
3497	60 164 91 167
3498	1 49 126 121
3499	33 179 40 119
3500	127 63 189 8
3501	169 129 113 8
3502	19 49 174 126
3503	166 146 103 182
3504	136 103 117 92
3505	20 149 170 87
3506	140 60 133 4
3507	23 141 80 119
3508	56 44 187 129
3509	161 114 58 119
3510	117 178 78 70
3511	61 55 192 37
3512	6 81 13 65
3513	99 195 177 156
3514	75 194 48 79
3515	46 108 175 183
3516	46 18 39 145
3517	142 119 191 72
3518	54 4 24 82
3519	121 190 105 127
3520	50 70 88 77
3521	64 74 99 139
3522	200 199 176 198
3523	98 88 118 139
3524	164 10 56 136
3525	130 65 150 94
3526	2 88 177 7
3527	25 28 199 152
3528	146 123 72 177
3529	84 164 106 138
3530	42 200 68 113
3531	141 26 54 12
3532	190 52 130 110
3533	123 198 1 153
3534	147 16 151 93
3535	8 184 158 110
3536	50 97 198 78
3537	173 1 193 95
3538	107 88 102 82
3539	4 119 69 183
3540	155 169 126 31
3541	186 83 152 154
3542	160 182 93 104
3543	70 174 18 87
3544	24 40 53 7
3545	56 141 92 114
3546	98 120 191 111
3547	19 70 169 26
3548	186 1 126 121
3549	7 156 183 29
3550	92 39 148 125
3551	165 179 31 152
3552	11 74 145 84
3553	127 22 149 133
3554	7 51 127 154
3555	100 169 153 97
3556	143 173 32 135
3557	3 126 95 9
3558	187 123 199 178
3559	83 80 64 73
3560	61 80 60 123
3561	34 140 67 29
3562	182 66 44 167
3563	147 112 78 193
3564	150 112 15 115
3565	89 144 77 190
3566	118 139 187 136
3567	111 71 52 142
3568	102 67 138 164
3569	164 31 17 65
3570	57 56 119 101
3571	89 45 7 170
3572	136 2 126 120
3573	14 24 80 83
3574	154 26 110 32
3575	185 169 184 14
3576	160 143 135 20
3577	138 154 13 170
3578	70 90 193 162
3579	68 149 165 31
3580	59 188 155 27
3581	147 18 121 54
3582	137 87 200 76
3583	20 93 130 59
3584	126 177 9 165
3585	27 187 54 166
3586	38 25 34 6
3587	45 44 166 168
3588	136 125 49 117
3589	28 56 190 153
3590	191 84 181 71
3591	131 28 12 130
3592	169 57 92 36
3593	164 30 137 22
3594	115 121 112 196
3595	158 139 50 73
3596	173 170 177 128
3597	182 132 86 30
3598	51 11 104 127
3599	39 173 21 40
3600	101 42 177 64
3601	75 12 26 55
3602	21 190 18 2
3603	98 8 197 15
3604	84 120 157 88
3605	162 56 40 112
3606	34 64 176 156
3607	174 162 55 186
3608	108 5 133 14
3609	7 100 166 39
3610	149 2 61 35
3611	92 44 172 113
3612	188 130 10 8
3613	183 166 35 105
3614	92 89 193 61
3615	129 57 102 99
3616	190 56 163 20
3617	156 158 15 90
3618	106 144 176 165
3619	46 84 131 57
3620	138 195 10 186
3621	18 73 145 94
3622	84 117 12 62
3623	88 73 184 127
3624	16 145 118 168
3625	95 33 176 57
3626	55 177 10 4
3627	62 57 178 45
3628	87 27 89 101
3629	123 52 93 109
3630	144 46 139 123
3631	109 114 127 39
3632	121 141 195 140
3633	175 100 109 5
3634	125 134 90 60
3635	11 120 20 23
3636	180 28 149 63
3637	41 9 85 55
3638	4 172 88 107
3639	63 127 163 168
3640	115 12 103 170
3641	105 158 112 179
3642	171 4 46 178
3643	145 120 160 188
3644	174 26 1 69
3645	152 8 37 116
3646	160 158 17 15
3647	69 157 16 149
3648	128 94 178 132
3649	100 25 163 162
3650	92 108 95 56
3651	20 61 188 86
3652	48 104 191 111
3653	1 149 60 119
3654	50 96 41 9
3655	75 149 90 14
3656	126 14 168 67
3657	91 160 104 96
3658	2 36 197 169
3659	159 144 28 98
3660	169 114 153 152
3661	95 151 134 166
3662	28 54 84 62
3663	160 121 181 109
3664	95 35 198 133
3665	35 169 14 173
3666	22 62 134 27
3667	150 185 68 69
3668	133 36 115 126
3669	133 86 92 188
3670	136 159 190 148
3671	72 24 149 73
3672	175 10 15 74
3673	84 155 136 156
3674	110 25 100 114
3675	181 132 51 109
3676	50 137 86 42
3677	158 26 118 124
3678	50 64 142 67
3679	157 171 170 148
3680	87 102 75 170
3681	41 101 88 166
3682	129 148 70 22
3683	155 117 15 141
3684	85 139 179 122
3685	103 11 132 79
3686	34 103 41 25
3687	165 138 176 50
3688	145 177 195 71
3689	3 146 197 31
3690	8 51 164 38
3691	47 33 134 40
3692	96 10 33 127
3693	155 53 121 77
3694	165 129 120 103
3695	55 46 25 174
3696	122 7 154 193
3697	195 144 102 148
3698	189 143 114 1
3699	161 157 82 43
3700	32 167 128 75
3701	78 48 75 135
3702	7 192 100 28
3703	87 168 163 191
3704	83 173 166 114
3705	54 127 90 176
3706	37 118 55 20
3707	54 167 188 34
3708	84 124 136 81
3709	43 3 90 61
3710	107 123 154 63
3711	19 195 59 98
3712	19 89 150 118
3713	77 164 142 15
3714	122 136 12 135
3715	144 96 65 138
3716	188 171 156 62
3717	147 130 24 29
3718	129 31 167 81
3719	64 137 196 113
3720	198 184 28 1
3721	114 3 8 141
3722	133 23 183 195
3723	185 14 101 134
3724	161 166 154 36
3725	75 144 6 148
3726	178 68 111 40
3727	146 100 31 78
3728	74 132 87 142
3729	116 34 156 77
3730	37 62 189 19
3731	37 140 24 101
3732	125 179 131 10
3733	176 5 193 27
3734	194 87 59 145
3735	172 162 22 64
3736	2 184 8 67
3737	76 93 22 100
3738	116 30 187 19
3739	197 177 114 49
3740	75 138 176 24
3741	89 134 48 47
3742	9 19 175 112
3743	163 34 134 69
3744	196 65 88 77
3745	64 194 115 82
3746	11 49 183 182
3747	86 98 94 8
3748	95 136 58 55
3749	146 67 187 190
3750	137 23 116 59
3751	3 14 188 80
3752	59 126 54 100
3753	47 140 4 121
3754	173 7 65 139
3755	187 31 124 120
3756	77 89 51 8
3757	199 78 16 110
3758	62 164 54 95
3759	99 93 108 59
3760	13 7 37 85
3761	198 75 183 6
3762	181 21 164 130
3763	68 129 101 175
3764	57 20 146 150
3765	153 21 33 120
3766	171 29 172 170
3767	187 59 167 195
3768	105 110 86 29
3769	45 25 80 195
3770	10 191 80 42
3771	122 53 22 132
3772	11 128 87 25
3773	156 96 106 83
3774	189 170 121 197
3775	32 129 25 81
3776	148 186 31 48
3777	131 20 185 52
3778	108 75 195 179
3779	85 124 175 28
3780	138 5 29 71
3781	114 86 176 77
3782	181 136 20 66
3783	28 138 77 22
3784	132 88 114 66
3785	52 183 175 21
3786	155 9 63 149
3787	128 180 140 32
3788	150 34 109 97
3789	38 115 6 164
3790	29 131 90 117
3791	85 140 27 126
3792	149 121 142 156
3793	144 171 127 149
3794	115 6 9 49
3795	54 113 137 59
3796	29 143 112 31
3797	76 36 126 140
3798	99 127 62 83
3799	62 4 92 188
3800	169 139 99 79
3801	37 75 190 54
3802	69 96 42 29
3803	140 50 40 117
3804	40 98 189 153
3805	17 190 193 199
3806	144 111 2 155
3807	82 12 127 52
3808	37 127 66 64
3809	125 172 165 151
3810	3 6 144 135
3811	110 148 25 149
3812	51 139 168 154
3813	73 131 111 105
3814	122 128 98 74
3815	51 62 128 186
3816	86 28 117 44
3817	157 93 169 155
3818	150 95 27 154
3819	165 31 34 48
3820	78 6 49 40
3821	108 91 49 102
3822	136 181 6 197
3823	75 92 115 126
3824	131 56 70 130
3825	83 179 2 199
3826	6 154 28 31
3827	6 2 60 102
3828	183 41 74 170
3829	90 103 151 88
3830	83 60 27 43
3831	79 141 190 88
3832	79 99 182 130
3833	160 74 196 105
3834	101 190 146 186
3835	8 65 160 12
3836	144 194 6 29
3837	118 199 59 68
3838	16 99 157 45
3839	79 139 180 149
3840	62 7 185 92
3841	111 33 6 163
3842	91 78 50 184
3843	4 144 36 43
3844	30 190 136 154
3845	23 189 36 8
3846	134 113 42 49
3847	142 27 12 83
3848	20 63 193 36
3849	157 176 183 196
3850	49 36 98 146
3851	159 191 89 102
3852	16 58 158 32
3853	32 106 13 84
3854	86 12 138 121
3855	188 30 164 143
3856	86 155 108 164
3857	151 71 42 45
3858	146 113 106 10
3859	123 31 189 70
3860	52 102 70 183
3861	81 54 24 135
3862	69 28 154 125
3863	120 34 101 109
3864	184 196 191 50
3865	62 164 179 25
3866	181 183 51 88
3867	64 89 36 69
3868	82 20 63 39
3869	154 127 54 92
3870	117 26 125 7
3871	71 164 1 13
3872	86 168 55 135
3873	181 19 17 119
3874	6 181 118 9
3875	193 85 21 61
3876	153 112 51 12
3877	111 91 151 118
3878	188 144 69 198
3879	121 111 64 86
3880	129 84 150 155
3881	131 37 142 62
3882	72 113 71 158
3883	82 110 75 165
3884	130 8 81 181
3885	38 191 111 86
3886	86 138 101 152
3887	7 167 118 104
3888	5 163 151 23
3889	45 199 21 31
3890	104 179 137 36
3891	45 73 58 21
3892	100 94 149 128
3893	112 157 109 16
3894	8 121 40 134
3895	15 72 194 182
3896	166 137 47 5
3897	58 59 193 67
3898	68 124 3 180
3899	48 127 68 63
3900	181 48 60 106
3901	26 82 74 89
3902	51 198 29 6
3903	142 16 122 76
3904	130 123 104 50
3905	103 115 83 127
3906	167 96 82 18
3907	94 183 179 26
3908	29 8 157 133
3909	158 5 36 199
3910	196 179 78 103
3911	199 40 185 97
3912	197 35 61 66
3913	171 180 83 101
3914	199 126 159 70
3915	69 96 122 14
3916	17 27 2 105
3917	179 187 122 70
3918	63 3 57 127
3919	191 97 181 52
3920	52 24 158 48
3921	29 101 128 88
3922	177 16 49 174
3923	121 19 172 92
3924	56 198 28 20
3925	122 63 91 64
3926	109 49 163 79
3927	200 188 182 10
3928	43 31 39 6
3929	75 123 200 185
3930	86 146 140 176
3931	80 165 104 56
3932	135 67 182 81
3933	200 109 78 115
3934	115 150 182 148
3935	182 188 139 110
3936	93 142 47 194
3937	192 180 67 83
3938	131 155 8 94
3939	154 86 24 36
3940	187 100 34 79
3941	8 76 89 142
3942	102 179 161 94
3943	175 182 195 8
3944	99 135 31 108
3945	132 168 45 30
3946	52 196 189 30
3947	24 107 17 183
3948	151 114 132 40
3949	55 127 39 153
3950	9 106 89 162
3951	69 73 181 126
3952	78 117 74 99
3953	133 84 200 136
3954	55 192 22 63
3955	16 158 116 160
3956	177 158 128 181
3957	94 193 148 11
3958	159 93 69 10
3959	92 23 71 7
3960	148 59 17 34
3961	96 131 188 127
3962	113 35 23 20
3963	20 146 14 161
3964	167 111 96 98
3965	98 135 184 149
3966	138 52 79 128
3967	148 79 89 63
3968	195 17 84 138
3969	169 28 118 143
3970	9 29 138 184
3971	196 116 68 11
3972	175 44 69 83
3973	191 134 152 9
3974	150 14 59 80
3975	95 185 62 188
3976	9 178 173 87
3977	66 18 112 153
3978	40 115 97 182
3979	56 44 12 20
3980	90 97 111 129
3981	200 61 131 164
3982	100 135 152 170
3983	63 92 127 171
3984	151 79 124 69
3985	63 109 39 93
3986	91 170 167 165
3987	29 183 90 75
3988	125 148 12 166
3989	108 102 151 196
3990	92 15 199 52
3991	94 54 105 4
3992	79 66 103 137
3993	21 151 29 187
3994	93 7 169 15
3995	43 97 90 196
3996	195 108 191 109
3997	156 3 66 44
3998	68 178 172 25
3999	23 42 187 4
4000	115 139 119 168
4001	150 101 39 199
4002	159 125 12 117
4003	39 97 89 139
4004	125 17 182 95
4005	88 41 129 198
4006	101 144 93 28
4007	5 137 6 103
4008	89 94 97 56
4009	49 121 37 162
4010	33 69 130 43
4011	99 87 135 71
4012	158 127 59 195
4013	11 99 129 122
4014	54 162 177 47
4015	51 183 80 36
4016	40 154 140 159
4017	158 23 200 32
4018	5 109 86 111
4019	22 97 67 160
4020	61 147 108 28
4021	200 112 14 12
4022	98 151 174 76
4023	49 72 36 126
4024	145 132 165 157
4025	178 95 200 32
4026	132 78 79 15
4027	10 48 182 50
4028	176 16 23 128
4029	78 94 36 168
4030	110 144 1 82
4031	72 61 141 28
4032	9 89 115 53
4033	17 61 156 30
4034	186 144 154 137
4035	35 27 85 58
4036	81 177 17 115
4037	65 22 45 24
4038	80 4 136 150
4039	56 116 3 125
4040	187 92 194 111
4041	200 22 57 160
4042	176 19 138 80
4043	58 119 142 75
4044	65 74 24 189
4045	119 140 125 173
4046	161 177 186 125
4047	7 103 200 173
4048	63 155 118 15
4049	123 169 194 149
4050	109 20 64 142
4051	65 83 116 75
4052	29 56 10 93
4053	113 18 47 135
4054	166 177 187 39
4055	92 76 163 196
4056	199 37 106 153
4057	183 132 61 32
4058	51 109 179 26
4059	22 184 103 121
4060	116 2 87 39
4061	162 100 46 139
4062	17 112 139 36
4063	75 169 186 130
4064	65 6 143 113
4065	106 40 28 146
4066	190 21 27 98
4067	30 62 182 158
4068	141 139 101 170
4069	19 11 48 41
4070	143 72 81 25
4071	177 95 137 39
4072	56 192 101 163
4073	15 80 93 195
4074	181 123 81 7
4075	157 38 53 58
4076	194 49 176 131
4077	178 199 101 30
4078	173 145 170 192
4079	143 59 52 186
4080	90 64 165 177
4081	132 197 186 98
4082	98 94 175 178
4083	181 70 197 122
4084	39 9 61 114
4085	172 190 131 81
4086	72 121 133 38
4087	35 101 117 157
4088	51 149 160 81
4089	200 125 191 153
4090	39 131 64 116
4091	60 143 156 181
4092	14 186 69 131
4093	42 165 107 185
4094	187 63 13 35
4095	177 163 13 57
4096	6 52 106 70
4097	161 1 17 66
4098	97 84 123 116
4099	168 182 81 197
4100	10 193 66 101
4101	150 72 34 37
4102	34 118 163 93
4103	68 92 138 200
4104	189 108 42 57
4105	165 84 11 150
4106	92 199 58 84
4107	125 30 157 136
4108	58 42 16 144
4109	53 7 160 63
4110	198 165 4 123
4111	114 187 26 165
4112	85 37 24 25
4113	138 30 49 187
4114	84 164 149 77
4115	3 122 100 145
4116	164 17 77 133
4117	116 3 126 60
4118	8 35 66 171
4119	119 85 88 60
4120	94 39 148 78
4121	174 106 68 149
4122	155 191 71 184
4123	129 94 22 189
4124	63 133 138 135
4125	10 12 137 185
4126	24 182 156 122
4127	14 46 95 77
4128	20 103 43 9
4129	71 116 175 97
4130	18 4 93 107
4131	195 33 175 116
4132	45 52 81 108
4133	117 70 191 47
4134	9 92 99 188
4135	56 8 161 67
4136	109 35 150 180
4137	150 2 22 99
4138	172 151 188 97
4139	127 195 149 109
4140	86 143 82 62
4141	152 142 182 116
4142	97 198 48 32
4143	19 108 134 121
4144	74 152 145 3
4145	81 119 199 12
4146	159 119 25 188
4147	1 105 100 15
4148	186 150 167 31
4149	114 73 180 82
4150	89 134 159 148
4151	114 174 26 147
4152	135 91 52 33
4153	107 172 173 37
4154	8 140 142 51
4155	57 75 38 64
4156	111 83 196 140
4157	44 70 137 61
4158	129 101 98 3
4159	67 158 79 190
4160	181 36 186 58
4161	99 32 145 2
4162	14 46 11 83
4163	170 108 113 40
4164	153 15 76 166
4165	36 33 55 186
4166	67 43 198 70
4167	162 42 56 100
4168	163 130 102 124
4169	61 37 18 111
4170	200 190 36 151
4171	1 11 60 182
4172	84 87 63 123
4173	35 129 38 191
4174	68 161 94 194
4175	15 171 45 195
4176	127 70 180 121
4177	78 39 57 91
4178	162 184 20 41
4179	14 194 9 57
4180	18 94 64 21
4181	139 188 35 45
4182	147 162 36 13
4183	155 57 173 74
4184	29 52 149 148
4185	192 68 156 37
4186	87 32 119 18
4187	36 1 6 199
4188	191 38 110 82
4189	67 171 185 177
4190	139 121 47 87
4191	81 127 167 26
4192	117 93 73 187
4193	112 146 150 119
4194	52 181 129 124
4195	106 182 61 85
4196	183 56 10 31
4197	84 197 105 58
4198	81 158 109 133
4199	109 54 193 127
4200	168 73 48 141
4201	145 26 148 31
4202	73 12 96 81
4203	181 116 102 167
4204	138 165 163 200
4205	93 167 123 16
4206	44 112 83 191
4207	163 11 115 77
4208	49 127 70 51
4209	69 182 86 48
4210	172 116 35 129
4211	141 124 174 18
4212	126 98 28 192
4213	137 189 122 81
4214	1 149 8 190
4215	144 49 14 150
4216	37 132 99 35
4217	42 140 130 84
4218	77 168 58 19
4219	173 82 60 181
4220	139 104 171 200
4221	130 121 96 153
4222	198 68 145 153
4223	192 75 184 157
4224	108 48 132 51
4225	18 153 138 151
4226	39 163 170 125
4227	194 160 142 4
4228	43 93 172 148
4229	193 24 68 112
4230	78 14 109 36
4231	7 182 66 194
4232	145 75 179 104
4233	45 12 150 119
4234	200 67 49 132
4235	148 111 48 83
4236	98 97 36 163
4237	46 148 71 35
4238	182 147 189 140
4239	180 131 79 57
4240	33 11 34 30
4241	140 71 170 134
4242	131 62 38 36
4243	118 18 22 149
4244	40 151 80 165
4245	29 66 188 16
4246	57 161 114 188
4247	167 142 149 16
4248	17 83 38 18
4249	65 115 130 51
4250	24 125 129 67
4251	154 29 6 61
4252	129 186 3 128
4253	111 27 200 26
4254	144 150 57 174
4255	38 99 49 98
4256	181 122 130 58
4257	13 187 91 138
4258	161 99 150 86
4259	142 19 105 14
4260	57 135 118 188
4261	118 98 113 1
4262	71 23 167 9
4263	189 10 156 33
4264	115 85 36 200
4265	148 135 89 115
4266	76 165 134 20
4267	114 171 183 26
4268	70 17 40 121
4269	79 62 150 104
4270	163 88 138 167
4271	50 102 9 83
4272	52 37 159 76
4273	89 48 40 166
4274	185 183 50 33
4275	1 199 91 63
4276	72 173 129 86
4277	138 183 46 116
4278	42 194 98 70
4279	151 77 164 128
4280	151 177 34 43
4281	98 108 89 56
4282	102 67 61 116
4283	100 54 7 93
4284	142 166 130 97
4285	23 127 98 137
4286	136 4 58 151
4287	92 194 16 138
4288	172 140 78 191
4289	61 58 17 164
4290	153 158 35 132
4291	112 8 78 59
4292	40 51 22 24
4293	192 149 8 31
4294	192 114 101 2
4295	125 103 29 36
4296	114 171 176 146
4297	25 177 117 1
4298	142 97 98 29
4299	43 200 78 198
4300	166 147 50 175
4301	123 166 49 127
4302	146 122 71 45
4303	199 102 190 84
4304	198 171 77 132
4305	196 144 26 140
4306	181 165 118 54
4307	196 119 99 158
4308	173 167 81 194
4309	132 61 84 191
4310	41 49 181 94
4311	30 65 54 175
4312	36 127 34 145
4313	96 3 59 67
4314	34 21 164 90
4315	39 198 65 78
4316	13 177 52 135
4317	186 122 144 183
4318	116 27 37 109
4319	89 139 54 111
4320	85 27 182 138
4321	157 110 149 60
4322	69 151 16 42
4323	42 36 172 112
4324	123 82 8 190
4325	12 136 53 85
4326	152 133 172 29
4327	16 109 197 198
4328	83 153 160 127
4329	72 187 87 189
4330	123 122 57 153
4331	190 137 163 98
4332	42 157 29 186
4333	9 20 14 101
4334	174 89 8 4
4335	155 134 41 30
4336	174 54 76 101
4337	186 167 173 148
4338	169 147 18 166
4339	69 64 126 94
4340	163 92 153 144
4341	49 103 41 140
4342	21 113 122 105
4343	114 150 43 181
4344	20 109 107 53
4345	41 125 165 12
4346	108 52 100 18
4347	19 120 127 49
4348	129 85 190 198
4349	81 141 152 71
4350	68 32 139 29
4351	43 49 197 91
4352	187 165 49 17
4353	164 17 33 12
4354	155 153 158 177
4355	70 43 168 131
4356	147 61 122 184
4357	37 192 14 52
4358	14 147 135 93
4359	140 117 38 64
4360	133 158 101 28
4361	5 104 18 46
4362	146 139 48 112
4363	139 21 173 7
4364	155 118 1 184
4365	125 27 137 40
4366	27 156 57 9
4367	79 53 138 51
4368	67 19 194 81
4369	123 176 94 12
4370	52 65 48 8
4371	7 132 106 176
4372	113 116 36 143
4373	27 180 131 173
4374	154 41 63 157
4375	53 50 170 148
4376	200 161 21 117
4377	65 136 63 200
4378	145 38 13 167
4379	95 115 40 135
4380	84 167 36 98
4381	157 109 126 80
4382	1 73 35 153
4383	46 57 88 79
4384	46 50 30 7
4385	157 90 91 110
4386	60 151 126 46
4387	46 11 45 148
4388	177 40 116 48
4389	76 146 148 163
4390	149 42 12 155
4391	49 99 33 107
4392	134 73 37 163
4393	198 44 142 40
4394	70 192 25 95
4395	37 163 156 199
4396	46 63 105 41
4397	58 95 73 14
4398	68 47 53 43
4399	26 177 172 149
4400	119 103 139 78
4401	92 110 43 135
4402	28 113 131 55
4403	141 139 194 86
4404	153 61 69 76
4405	63 51 3 147
4406	114 87 145 146
4407	68 138 14 121
4408	141 8 134 97
4409	199 6 170 98
4410	11 71 10 99
4411	93 162 116 28
4412	113 21 36 174
4413	69 179 169 188
4414	190 106 105 199
4415	116 57 83 64
4416	83 128 68 182
4417	19 38 35 58
4418	50 135 15 141
4419	142 100 150 71
4420	171 20 96 62
4421	93 182 75 138
4422	62 127 75 30
4423	165 82 118 7
4424	51 194 97 32
4425	176 193 195 163
4426	68 175 62 16
4427	20 88 82 132
4428	105 62 49 48
4429	162 133 2 148
4430	6 15 166 32
4431	151 72 112 130
4432	188 158 53 1
4433	34 190 167 131
4434	5 54 43 137
4435	72 188 165 70
4436	85 127 2 123
4437	162 5 78 48
4438	99 68 67 197
4439	92 5 2 133
4440	40 158 69 196
4441	94 14 140 98
4442	99 31 49 93
4443	190 126 185 64
4444	80 74 135 4
4445	86 73 3 143
4446	148 131 71 10
4447	7 187 180 21
4448	77 173 82 111
4449	78 200 179 184
4450	173 167 175 6
4451	73 66 1 136
4452	185 88 62 9
4453	106 171 62 146
4454	85 100 178 170
4455	23 100 28 111
4456	103 164 185 94
4457	173 35 40 125
4458	131 104 145 166
4459	184 7 18 79
4460	133 84 73 49
4461	57 54 111 45
4462	114 143 173 132
4463	35 97 164 23
4464	100 117 58 151
4465	6 168 57 81
4466	117 104 78 199
4467	92 91 165 107
4468	148 44 68 174
4469	23 198 104 76
4470	199 30 5 195
4471	171 58 113 1
4472	168 122 188 163
4473	43 193 110 31
4474	1 182 97 61
4475	195 190 49 175
4476	16 25 93 116
4477	144 95 32 176
4478	99 155 88 199
4479	30 138 27 190
4480	132 65 76 118
4481	139 17 137 159
4482	154 1 187 93
4483	190 129 199 170
4484	130 151 140 174
4485	73 3 153 88
4486	185 119 74 84
4487	190 153 44 62
4488	5 57 148 158
4489	188 75 122 198
4490	141 132 155 83
4491	7 68 109 154
4492	70 112 170 55
4493	54 64 37 170
4494	173 176 56 110
4495	128 69 62 59
4496	134 198 1 194
4497	57 82 147 145
4498	73 63 42 24
4499	91 5 45 36
4500	116 124 3 78
4501	90 164 94 135
4502	166 62 54 61
4503	96 75 30 168
4504	112 148 126 29
4505	133 29 60 161
4506	22 66 133 8
4507	92 109 85 167
4508	2 41 187 141
4509	69 179 193 128
4510	189 159 33 158
4511	16 55 121 26
4512	121 145 140 57
4513	121 2 189 73
4514	198 86 96 168
4515	93 173 154 187
4516	174 116 122 173
4517	157 183 195 81
4518	146 125 85 58
4519	166 59 145 140
4520	23 126 122 83
4521	150 3 19 14
4522	9 148 145 175
4523	73 109 145 37
4524	35 98 134 155
4525	142 116 102 54
4526	97 105 98 65
4527	142 41 111 118
4528	97 41 157 172
4529	90 87 141 94
4530	87 183 134 179
4531	104 171 32 40
4532	104 184 4 16
4533	50 1 122 76
4534	162 200 5 39
4535	15 190 18 17
4536	126 55 175 24
4537	179 94 155 23
4538	189 173 85 111
4539	181 11 83 140
4540	154 107 56 110
4541	107 31 153 159
4542	148 114 108 100
4543	168 141 200 105
4544	129 151 4 171
4545	59 96 158 71
4546	118 37 21 197
4547	64 47 6 63
4548	76 89 166 177
4549	195 178 16 188
4550	64 182 44 116
4551	161 105 129 45
4552	30 122 104 127
4553	50 184 99 35
4554	120 126 186 136
4555	170 53 97 51
4556	76 11 143 182
4557	84 152 124 61
4558	60 147 18 22
4559	15 5 59 196
4560	10 23 86 159
4561	8 117 46 88
4562	1 48 20 126
4563	85 196 35 74
4564	102 174 166 21
4565	191 57 86 66
4566	193 80 168 63
4567	12 16 79 141
4568	14 117 21 33
4569	134 125 163 57
4570	119 77 66 154
4571	100 139 134 72
4572	63 88 196 199
4573	179 18 110 93
4574	19 174 119 84
4575	23 63 128 12
4576	62 67 167 132
4577	81 114 161 7
4578	131 52 180 63
4579	179 157 85 56
4580	17 105 107 57
4581	184 11 82 154
4582	61 119 45 66
4583	197 85 65 175
4584	53 7 19 150
4585	135 110 78 132
4586	149 62 61 96
4587	172 100 2 135
4588	200 190 34 12
4589	164 93 147 33
4590	14 117 136 151
4591	62 167 148 56
4592	61 198 189 14
4593	78 159 138 42
4594	109 188 87 190
4595	90 179 96 182
4596	29 199 128 17
4597	68 106 102 7
4598	30 10 136 196
4599	13 128 116 190
4600	3 59 146 138
4601	128 31 48 152
4602	129 26 111 23
4603	168 195 75 69
4604	174 138 69 91
4605	12 131 65 18
4606	15 72 48 9
4607	183 70 91 133
4608	70 1 123 188
4609	177 192 148 81
4610	104 84 58 190
4611	40 184 1 9
4612	56 154 54 84
4613	11 100 28 77
4614	1 163 104 7
4615	95 3 93 50
4616	198 182 105 197
4617	71 171 169 72
4618	116 183 35 91
4619	144 187 178 46
4620	3 90 94 9
4621	160 103 150 190
4622	192 190 38 144
4623	69 65 137 156
4624	58 126 96 89
4625	86 44 77 156
4626	51 66 134 172
4627	36 124 134 68
4628	183 184 71 131
4629	3 93 150 71
4630	137 14 185 15
4631	75 66 125 193
4632	5 154 35 153
4633	102 12 139 50
4634	56 36 144 117
4635	118 29 149 189
4636	93 41 25 53
4637	35 170 175 65
4638	194 49 113 174
4639	39 26 141 144
4640	35 107 163 159
4641	149 6 125 116
4642	125 131 37 119
4643	48 111 42 4
4644	115 148 142 83
4645	16 123 54 165
4646	169 30 102 98
4647	200 51 66 59
4648	85 169 5 22
4649	2 137 67 127
4650	125 161 103 157
4651	176 104 31 23
4652	53 171 194 18
4653	149 30 29 51
4654	77 164 185 98
4655	105 148 178 91
4656	198 8 77 163
4657	164 126 167 65
4658	12 14 162 83
4659	101 17 161 100
4660	148 66 85 39
4661	65 107 123 131
4662	103 3 45 43
4663	44 102 73 81
4664	20 134 88 94
4665	70 132 174 39
4666	106 74 73 150
4667	9 25 166 20
4668	144 126 25 132
4669	34 154 166 75
4670	116 174 199 8
4671	12 171 7 122
4672	76 61 88 125
4673	110 101 43 77
4674	37 95 2 1
4675	21 199 169 80
4676	124 66 15 143
4677	86 60 41 40
4678	37 103 117 100
4679	172 70 132 156
4680	81 183 75 103
4681	69 135 187 81
4682	28 160 170 158
4683	102 101 142 88
4684	27 156 137 157
4685	92 66 162 191
4686	120 147 150 123
4687	119 147 12 72
4688	97 57 95 14
4689	140 182 50 90
4690	79 165 5 82
4691	193 124 114 157
4692	156 43 133 93
4693	71 91 149 90
4694	69 29 73 87
4695	10 74 50 185
4696	177 180 197 116
4697	24 152 35 178
4698	192 127 46 154
4699	175 82 142 124
4700	190 139 79 137
4701	94 59 173 150
4702	1 62 179 98
4703	86 160 131 22
4704	66 8 155 99
4705	161 72 176 79
4706	7 151 140 98
4707	86 79 141 126
4708	113 97 91 46
4709	163 117 78 66
4710	58 88 111 142
4711	104 196 170 112
4712	73 116 72 155
4713	186 4 47 49
4714	109 163 37 157
4715	90 144 83 36
4716	154 74 146 23
4717	176 69 193 125
4718	155 29 141 71
4719	170 119 73 90
4720	16 193 152 79
4721	126 8 1 57
4722	146 108 85 101
4723	154 45 51 84
4724	125 56 67 95
4725	133 109 173 151
4726	6 74 79 3
4727	10 3 119 174
4728	140 81 5 56
4729	47 10 22 108
4730	117 20 161 123
4731	27 142 104 139
4732	186 32 24 86
4733	70 64 93 148
4734	179 149 57 82
4735	94 121 191 15
4736	144 19 4 197
4737	61 110 91 83
4738	46 58 69 176
4739	19 58 18 76
4740	152 120 88 66
4741	13 67 169 125
4742	98 67 5 90
4743	171 160 159 3
4744	125 156 25 75
4745	34 42 40 139
4746	45 38 171 84
4747	42 187 57 178
4748	27 119 30 24
4749	148 63 42 12
4750	35 133 152 31
4751	25 10 72 103
4752	155 132 199 94
4753	52 93 161 16
4754	34 14 196 96
4755	36 178 2 77
4756	130 79 6 45
4757	182 93 102 74
4758	121 36 6 79
4759	84 68 78 47
4760	158 56 24 135
4761	115 104 120 102
4762	162 22 51 124
4763	117 13 78 47
4764	157 94 96 37
4765	163 195 185 49
4766	10 99 114 94
4767	147 86 53 59
4768	13 18 17 130
4769	87 157 110 104
4770	185 58 69 24
4771	90 44 18 189
4772	60 160 12 166
4773	87 96 109 188
4774	94 24 123 71
4775	11 10 9 118
4776	139 124 12 173
4777	87 91 103 95
4778	42 10 6 38
4779	123 80 139 198
4780	53 2 95 87
4781	190 181 162 117
4782	173 25 45 16
4783	116 146 167 63
4784	45 143 180 96
4785	5 148 86 7
4786	131 25 102 119
4787	82 34 124 25
4788	38 177 83 75
4789	27 44 20 5
4790	55 63 26 141
4791	97 117 185 28
4792	157 84 73 188
4793	68 53 196 103
4794	184 33 84 29
4795	28 29 40 121
4796	158 138 167 161
4797	33 120 14 152
4798	24 70 123 89
4799	142 134 69 125
4800	16 180 4 168
4801	126 33 40 103
4802	29 98 35 118
4803	164 61 53 173
4804	164 174 16 166
4805	75 107 35 82
4806	42 73 176 88
4807	70 77 37 61
4808	151 1 55 105
4809	183 53 108 78
4810	167 134 5 69
4811	161 110 173 29
4812	115 120 86 138
4813	77 59 181 61
4814	4 104 93 121
4815	10 74 59 188
4816	122 186 8 191
4817	59 197 182 2
4818	28 45 85 130
4819	122 23 108 109
4820	91 129 109 84
4821	46 67 45 113
4822	136 15 36 34
4823	195 94 153 103
4824	35 88 115 70
4825	91 79 30 74
4826	42 29 31 111
4827	126 42 135 3
4828	40 18 57 109
4829	173 22 146 68
4830	52 81 4 60
4831	161 47 75 32
4832	44 187 7 161
4833	178 94 98 194
4834	112 144 66 16
4835	94 96 164 33
4836	91 89 56 119
4837	159 1 102 141
4838	97 134 72 68
4839	89 77 18 56
4840	166 115 15 171
4841	14 72 29 185
4842	30 97 146 162
4843	137 195 179 56
4844	116 174 141 193
4845	82 134 110 19
4846	73 191 68 16
4847	30 51 95 179
4848	143 126 34 42
4849	52 86 181 84
4850	162 30 128 70
4851	66 125 137 16
4852	187 95 94 105
4853	176 136 181 119
4854	23 175 166 78
4855	161 159 72 16
4856	175 60 55 155
4857	38 147 199 188
4858	1 180 121 162
4859	69 6 184 70
4860	142 130 97 16
4861	91 56 85 128
4862	146 118 46 149
4863	171 33 94 101
4864	114 175 98 123
4865	72 6 93 167
4866	69 184 147 8
4867	147 38 160 183
4868	63 110 28 164
4869	21 40 83 178
4870	103 1 97 95
4871	91 65 15 138
4872	133 194 145 4
4873	101 102 39 15
4874	183 123 96 129
4875	90 175 31 2
4876	136 165 100 178
4877	51 107 141 81
4878	89 60 7 118
4879	124 69 155 32
4880	13 61 112 43
4881	159 98 38 97
4882	156 23 163 46
4883	3 108 9 152
4884	184 37 5 180
4885	100 174 62 108
4886	199 7 65 32
4887	100 122 3 181
4888	146 144 187 50
4889	27 106 141 193
4890	54 114 99 101
4891	73 54 64 172
4892	79 55 166 138
4893	11 29 24 190
4894	44 99 141 27
4895	54 152 148 160
4896	157 4 117 34
4897	110 137 38 86
4898	136 69 126 50
4899	172 72 13 177
4900	32 28 179 182
4901	47 63 133 196
4902	133 39 55 124
4903	177 6 65 112
4904	183 167 83 77
4905	8 64 48 6
4906	165 95 172 105
4907	98 90 133 82
4908	12 161 184 116
4909	93 154 67 32
4910	77 14 139 145
4911	150 52 17 3
4912	102 42 13 57
4913	39 34 5 135
4914	89 7 2 28
4915	164 188 35 89
4916	151 197 90 37
4917	141 97 139 100
4918	132 159 123 186
4919	90 197 200 117
4920	40 15 189 175
4921	98 80 119 95
4922	95 147 108 19
4923	160 115 130 104
4924	187 34 193 145
4925	119 181 146 162
4926	32 98 116 137
4927	57 122 129 73
4928	156 55 35 22
4929	177 34 128 153
4930	123 6 62 68
4931	185 131 158 61
4932	116 199 57 59
4933	135 154 166 134
4934	4 23 83 42
4935	181 121 75 92
4936	26 112 181 127
4937	98 155 158 142
4938	169 153 70 77
4939	77 4 177 147
4940	27 189 126 188
4941	26 38 188 31
4942	158 137 143 94
4943	129 97 104 192
4944	26 142 160 24
4945	77 162 188 197
4946	123 180 165 177
4947	42 88 51 152
4948	55 54 123 89
4949	186 96 32 12
4950	2 8 75 108
4951	50 41 20 73
4952	171 123 16 61
4953	57 58 46 182
4954	192 45 66 64
4955	129 109 95 128
4956	62 118 150 19
4957	41 68 34 181
4958	137 122 22 115
4959	123 49 4 8
4960	90 98 120 116
4961	45 118 144 140
4962	171 77 61 8
4963	92 73 37 20
4964	150 189 134 106
4965	195 27 6 142
4966	32 14 152 116
4967	127 133 137 135
4968	85 71 114 190
4969	61 29 173 57
4970	89 159 165 107
4971	103 158 164 2
4972	60 157 46 177
4973	98 4 151 29
4974	93 200 66 42
4975	57 92 11 1
4976	4 166 129 181
4977	197 190 200 91
4978	133 50 140 25
4979	35 51 188 63
4980	112 55 3 62
4981	165 64 97 8
4982	41 9 70 179
4983	183 166 187 151
4984	86 164 67 44
4985	166 127 160 28
4986	56 60 198 152
4987	174 12 96 160
4988	9 149 102 173
4989	35 184 157 161
4990	124 157 181 133
4991	136 146 194 44
4992	110 27 68 162
4993	41 152 48 60
4994	35 128 138 121
4995	44 16 93 81
4996	59 36 149 40
4997	90 163 147 145
4998	33 19 133 187
4999	176 16 88 161
5000	93 116 141 34
