Students	5000
1	34 180 154 73
2	4 180 160 61
3	169 100 56 122
4	11 79 95 109
5	106 89 159 3
6	117 13 170 163
7	52 61 57 64
8	10 25 9 91
9	108 111 101 17
10	172 32 198 33
11	88 180 103 196
12	21 5 200 133
13	49 52 184 108
14	27 89 79 135
15	1 27 198 144
16	32 48 86 12
17	121 199 166 140
18	104 158 84 64
19	112 41 71 168
20	15 62 34 117
21	52 191 115 28
22	181 42 145 79
23	106 154 85 186
24	25 27 132 76
25	108 128 200 158
26	135 92 43 181
27	149 9 197 152
28	57 77 157 73
29	38 6 148 19
30	82 85 84 106
31	169 7 88 144
32	145 173 57 176
33	174 54 88 90
34	24 81 35 69
35	89 84 17 152
36	54 128 26 144
37	171 174 141 186
38	159 90 153 142
39	138 28 14 158
40	180 101 100 98
41	162 32 81 48
42	146 155 69 129
43	156 197 154 169
44	30 16 18 47
45	113 10 156 118
46	119 72 24 62
47	160 181 94 26
48	95 179 96 45
49	89 128 20 115
50	81 82 179 167
51	134 28 91 125
52	101 132 67 34
53	87 32 76 126
54	125 70 141 3
55	19 191 95 94
56	95 27 176 153
57	194 161 127 102
58	106 75 102 89
59	74 65 164 160
60	187 69 154 64
61	121 37 134 146
62	128 5 93 90
63	19 23 156 109
64	82 50 3 45
65	167 146 78 134
66	82 89 200 69
67	17 131 155 23
68	120 121 49 122
69	74 200 62 28
70	38 37 82 119
71	108 196 48 9
72	33 36 163 113
73	198 148 68 23
74	143 59 140 195
75	148 44 86 156
76	107 94 126 100
77	107 154 48 96
78	121 129 118 169
79	185 175 129 32
80	64 127 118 94
81	118 24 56 192
82	133 122 157 5
83	22 181 115 84
84	48 59 15 100
85	182 193 3 128
86	200 108 197 191
87	173 6 151 125
88	140 70 177 73
89	147 60 49 138
90	22 148 54 35
91	105 101 69 177
92	67 22 104 53
93	87 72 95 39
94	118 172 152 42
95	41 64 144 176
96	53 40 156 64
97	34 54 109 55
98	20 163 140 81
99	119 137 114 77
100	161 34 191 188
101	104 89 44 161
102	129 159 88 84
103	97 13 99 176
104	175 150 44 79
105	63 131 169 97
106	83 176 179 59
107	89 58 66 105
108	77 23 184 33
109	197 168 87 13
110	140 64 87 55
111	23 87 130 190
112	72 136 170 184
113	57 10 158 188
114	119 115 74 192
115	5 94 39 141
116	101 53 159 43
117	39 27 95 83
118	105 113 87 77
119	181 188 34 65
120	100 123 168 36
121	56 4 149 86
122	179 164 177 197
123	186 25 132 70
124	65 124 61 175
125	175 142 164 93
126	47 88 45 149
127	65 95 128 148
128	54 165 45 8
129	177 69 9 188
130	153 6 118 178
131	55 43 52 107
132	87 183 162 89
133	4 196 164 70
134	41 11 65 180
135	17 96 86 139
136	3 71 50 1
137	157 183 74 186
138	53 64 144 12
139	72 178 94 110
140	79 164 90 107
141	129 150 116 30
142	78 12 96 133
143	54 154 184 6
144	39 34 81 181
145	125 71 194 56
146	108 19 130 66
147	164 64 178 142
148	59 101 196 66
149	142 165 193 143
150	94 98 5 162
151	162 122 69 169
152	50 130 187 122
153	190 183 170 142
154	77 80 140 160
155	173 185 124 85
156	35 176 7 54
157	161 52 153 68
158	126 188 178 33
159	117 194 103 53
160	172 174 56 95
161	46 9 119 187
162	66 89 36 196
163	63 171 179 146
164	132 40 8 72
165	35 172 130 15
166	161 45 121 185
167	188 88 5 186
168	12 71 85 178
169	149 30 192 17
170	4 48 182 116
171	195 72 149 156
172	174 60 46 64
173	32 142 195 10
174	174 107 55 79
175	42 150 74 138
176	24 61 112 108
177	186 138 56 26
178	114 192 129 1
179	1 135 128 89
180	148 49 12 147
181	177 124 4 137
182	105 192 98 107
183	43 125 10 83
184	3 105 153 108
185	146 152 180 122
186	62 132 6 163
187	110 33 175 107
188	91 184 14 28
189	42 161 52 50
190	170 173 11 61
191	130 74 83 110
192	171 124 65 2
193	115 200 35 159
194	102 74 94 43
195	6 189 56 110
196	117 114 131 98
197	126 46 93 14
198	50 73 188 19
199	43 166 130 193
200	59 16 10 161
201	176 174 96 94
202	35 190 58 103
203	123 77 184 143
204	62 110 36 44
205	186 105 46 9
206	62 162 116 31
207	144 75 157 98
208	32 13 102 175
209	103 187 107 49
210	89 45 200 139
211	18 24 60 92
212	89 65 80 90
213	59 87 10 26
214	70 123 144 7
215	53 133 169 183
216	54 131 125 59
217	149 16 26 7
218	119 83 186 82
219	14 94 109 85
220	63 156 125 132
221	85 188 143 46
222	60 155 136 193
223	89 115 160 149
224	36 98 29 15
225	172 171 9 101
226	100 200 70 119
227	183 48 195 26
228	161 109 65 81
229	68 107 62 187
230	35 133 182 17
231	90 79 61 191
232	22 115 90 35
233	86 162 96 72
234	18 131 60 182
235	59 111 119 135
236	37 141 182 38
237	193 69 196 43
238	192 151 130 29
239	191 183 54 117
240	123 40 20 99
241	157 42 182 163
242	133 86 18 79
243	109 167 164 181
244	161 93 47 40
245	120 10 197 46
246	91 183 87 136
247	7 187 160 19
248	79 3 81 171
249	120 158 91 67
250	79 166 188 143
251	48 91 160 106
252	20 70 61 40
253	158 19 111 138
254	108 170 190 199
255	104 140 19 173
256	124 179 85 111
257	28 8 70 54
258	99 48 34 119
259	105 117 189 142
260	78 67 145 54
261	8 141 3 64
262	84 33 147 128
263	91 151 139 96
264	69 8 194 173
265	123 120 172 152
266	123 42 106 174
267	145 137 21 115
268	200 98 73 161
269	185 45 139 182
270	50 96 44 139
271	191 149 138 30
272	94 155 12 24
273	28 25 60 106
274	176 23 20 138
275	134 42 176 46
276	47 127 148 48
277	17 44 27 83
278	153 50 127 97
279	31 122 64 176
280	161 130 71 156
281	179 58 110 196
282	39 133 61 74
283	64 192 127 139
284	121 92 127 22
285	118 183 15 135
286	63 125 47 41
287	120 147 94 168
288	130 44 15 7
289	166 52 128 21
290	31 155 103 76
291	20 126 65 184
292	122 84 163 35
293	82 145 39 169
294	190 83 184 135
295	101 121 83 96
296	19 176 83 112
297	54 167 157 43
298	67 150 199 103
299	2 171 31 139
300	62 124 141 176
301	37 161 102 63
302	76 28 89 104
303	161 119 103 38
304	145 43 188 171
305	148 155 170 100
306	58 195 10 102
307	77 197 143 67
308	191 35 179 110
309	94 182 128 19
310	21 45 130 196
311	184 190 107 78
312	83 129 52 56
313	85 29 107 172
314	124 100 79 18
315	120 5 168 135
316	32 192 77 142
317	163 122 25 147
318	139 194 131 198
319	79 196 112 58
320	16 130 69 88
321	28 78 146 112
322	136 198 91 138
323	58 19 173 66
324	169 1 187 67
325	114 177 23 151
326	8 130 79 13
327	58 70 53 125
328	49 80 32 78
329	102 186 112 42
330	75 105 89 157
331	164 178 169 69
332	158 184 37 195
333	112 62 19 161
334	84 68 19 36
335	73 110 1 33
336	156 199 182 126
337	60 96 167 69
338	149 67 145 60
339	70 57 38 134
340	31 18 119 162
341	131 108 132 162
342	39 119 32 154
343	143 156 132 58
344	173 138 49 55
345	154 163 157 46
346	73 110 164 39
347	126 122 52 191
348	108 11 121 200
349	116 113 171 111
350	114 93 183 26
351	62 146 126 27
352	143 115 6 160
353	118 130 131 70
354	29 122 110 181
355	184 20 90 31
356	192 124 119 1
357	106 55 124 37
358	6 77 155 178
359	190 160 114 155
360	103 50 24 194
361	164 2 125 10
362	194 146 169 184
363	126 191 37 94
364	80 40 21 42
365	25 159 167 32
366	166 76 62 191
367	38 39 67 1
368	21 190 128 74
369	81 128 114 189
370	146 200 133 47
371	22 126 85 14
372	52 173 165 95
373	28 22 83 35
374	31 28 134 97
375	125 92 120 37
376	184 130 61 10
377	155 194 25 89
378	34 112 118 192
379	23 146 13 30
380	76 128 172 11
381	103 91 196 96
382	69 86 189 66
383	34 178 147 128
384	130 133 52 166
385	187 18 125 2
386	28 73 110 146
387	92 17 169 165
388	196 101 150 75
389	38 6 130 34
390	151 72 180 100
391	141 80 69 23
392	25 37 182 144
393	130 59 68 122
394	142 14 39 73
395	68 97 40 60
396	27 121 153 43
397	55 92 78 180
398	146 199 118 31
399	141 51 5 166
400	195 59 64 193
401	31 122 110 164
402	123 101 82 56
403	167 117 110 179
404	43 44 199 151
405	185 115 87 39
406	161 85 113 46
407	48 173 116 102
408	200 116 42 190
409	180 195 35 119
410	47 96 29 16
411	88 113 68 163
412	187 132 200 125
413	187 62 83 69
414	98 7 115 181
415	149 16 79 63
416	135 144 68 18
417	3 2 33 17
418	146 77 59 121
419	49 179 190 138
420	103 49 22 39
421	138 189 6 190
422	121 129 22 55
423	43 87 57 26
424	103 131 75 117
425	83 57 91 156
426	128 154 81 78
427	135 166 13 35
428	10 170 11 30
429	33 64 182 161
430	119 46 28 26
431	114 162 106 84
432	90 125 13 62
433	179 23 151 104
434	130 3 185 7
435	94 89 63 110
436	156 71 41 162
437	161 53 167 147
438	122 33 138 39
439	3 103 15 47
440	7 130 113 198
441	165 39 190 25
442	86 199 150 132
443	114 136 45 192
444	33 167 54 151
445	165 155 154 147
446	139 62 165 143
447	156 84 150 162
448	107 155 140 78
449	40 168 98 43
450	191 129 106 177
451	119 58 131 145
452	24 12 42 90
453	132 180 1 167
454	116 13 190 195
455	134 18 130 177
456	153 97 83 138
457	26 124 89 6
458	189 180 98 66
459	54 102 144 62
460	196 168 90 101
461	139 191 164 35
462	25 130 30 8
463	14 176 109 121
464	175 90 41 165
465	18 200 5 188
466	196 136 76 34
467	123 9 114 183
468	108 114 122 172
469	98 17 35 6
470	120 88 63 117
471	131 4 79 94
472	185 189 180 93
473	82 165 134 57
474	157 53 147 70
475	85 123 22 77
476	151 29 158 149
477	77 47 109 41
478	158 77 52 87
479	42 54 35 8
480	63 180 8 148
481	120 174 2 109
482	32 140 196 113
483	10 122 106 70
484	68 1 145 161
485	20 161 31 41
486	61 200 150 136
487	143 124 89 123
488	129 165 161 88
489	119 182 106 57
490	170 141 136 194
491	127 124 54 47
492	98 113 107 139
493	190 14 192 188
494	115 36 14 149
495	172 196 122 187
496	24 89 179 196
497	137 107 193 68
498	80 47 70 88
499	78 114 66 80
500	17 154 197 12
501	17 52 93 167
502	60 77 97 194
503	156 127 51 174
504	78 50 144 118
505	4 138 5 10
506	146 72 188 154
507	175 127 124 150
508	123 27 143 117
509	27 120 51 191
510	67 111 135 28
511	174 155 69 49
512	104 192 41 112
513	18 168 16 48
514	20 68 125 137
515	196 57 122 115
516	158 197 70 68
517	179 33 9 98
518	41 92 127 5
519	106 122 81 63
520	187 127 68 146
521	128 89 164 185
522	46 183 195 16
523	37 19 189 163
524	97 102 23 110
525	17 5 121 164
526	97 11 141 120
527	186 38 177 199
528	157 114 141 187
529	190 18 159 121
530	159 118 22 164
531	47 164 24 104
532	13 126 67 153
533	58 25 111 132
534	38 78 124 12
535	141 81 107 112
536	3 108 44 183
537	189 73 183 95
538	150 129 113 165
539	42 128 81 132
540	61 45 177 167
541	93 85 7 175
542	48 65 102 89
543	20 181 102 24
544	148 126 46 138
545	179 75 48 4
546	177 187 14 93
547	66 87 33 101
548	114 65 108 35
549	133 120 183 26
550	32 196 2 105
551	97 191 139 198
552	77 169 35 183
553	191 70 62 36
554	122 172 123 117
555	77 109 53 123
556	12 97 75 171
557	36 105 40 79
558	87 116 25 143
559	179 199 51 9
560	133 113 187 103
561	81 90 156 133
562	139 176 175 157
563	7 16 109 91
564	64 85 134 3
565	181 158 56 28
566	88 136 85 142
567	105 78 79 101
568	75 112 196 56
569	34 159 22 133
570	13 179 174 31
571	90 131 168 134
572	93 143 172 162
573	13 101 102 163
574	146 4 11 172
575	121 155 146 56
576	43 179 45 168
577	188 135 21 140
578	136 24 88 188
579	132 179 172 21
580	147 100 78 197
581	172 99 152 148
582	142 5 158 163
583	67 162 31 29
584	8 91 76 77
585	129 33 32 181
586	2 145 23 34
587	91 39 162 164
588	11 116 77 85
589	93 180 48 111
590	135 172 47 136
591	51 134 171 89
592	1 43 194 35
593	11 96 199 43
594	123 195 33 154
595	13 84 4 48
596	44 91 52 142
597	46 128 63 142
598	105 97 135 8
599	55 116 174 160
600	21 179 15 99
601	70 79 152 159
602	172 130 137 151
603	9 146 147 126
604	108 150 138 161
605	148 120 107 25
606	184 153 167 74
607	136 37 130 165
608	74 113 53 47
609	118 197 178 70
610	105 2 40 114
611	173 6 188 169
612	42 161 179 167
613	28 103 62 138
614	60 200 143 147
615	113 122 141 198
616	170 44 182 129
617	24 176 8 74
618	121 173 146 73
619	50 34 126 104
620	15 72 44 151
621	70 143 30 127
622	77 134 167 111
623	175 89 8 45
624	112 29 100 18
625	102 127 184 22
626	30 29 86 192
627	54 69 103 185
628	113 53 97 90
629	23 51 121 183
630	200 124 193 7
631	195 88 28 45
632	194 26 171 128
633	156 73 155 173
634	61 99 170 195
635	118 72 101 70
636	100 168 94 108
637	153 199 34 187
638	139 168 47 137
639	62 4 82 27
640	114 163 127 1
641	2 169 105 143
642	89 161 29 174
643	125 75 22 45
644	114 65 59 12
645	165 15 89 60
646	119 22 66 94
647	9 17 69 175
648	13 103 69 124
649	6 186 154 199
650	138 168 172 136
651	89 34 5 64
652	50 187 150 197
653	88 188 49 197
654	170 172 8 82
655	183 172 24 81
656	83 53 126 37
657	122 47 66 86
658	46 79 20 176
659	41 171 135 99
660	131 75 194 103
661	6 174 58 110
662	5 76 67 51
663	8 101 52 4
664	24 193 134 171
665	47 58 170 139
666	129 106 119 118
667	181 127 51 6
668	97 74 199 120
669	96 52 8 80
670	140 65 53 95
671	29 198 149 136
672	102 60 142 47
673	191 179 20 198
674	181 58 32 41
675	67 114 187 111
676	159 123 82 197
677	148 132 104 50
678	10 59 4 47
679	77 61 74 33
680	28 68 174 4
681	177 83 108 17
682	126 148 94 75
683	165 172 86 20
684	24 122 86 22
685	74 191 153 75
686	173 178 127 188
687	30 97 149 127
688	154 45 136 164
689	173 107 141 63
690	10 139 159 152
691	55 48 120 155
692	92 180 6 96
693	89 67 62 4
694	118 163 159 172
695	84 196 101 9
696	89 112 178 136
697	156 195 188 24
698	34 159 7 20
699	193 189 81 105
700	116 34 111 186
701	79 76 50 129
702	158 99 58 48
703	31 169 48 178
704	40 182 6 149
705	8 134 185 105
706	145 61 138 12
707	129 152 176 103
708	42 158 70 67
709	53 185 71 64
710	126 140 118 111
711	50 56 115 171
712	165 189 42 122
713	145 178 104 30
714	56 36 83 89
715	133 97 107 43
716	174 48 172 18
717	158 182 155 138
718	8 41 93 198
719	189 163 47 152
720	140 175 176 165
721	83 36 18 189
722	9 199 3 106
723	89 146 115 161
724	166 183 63 9
725	168 99 67 82
726	42 72 191 174
727	120 138 195 159
728	149 63 95 25
729	28 166 37 155
730	108 196 99 88
731	100 111 179 102
732	165 67 118 191
733	53 99 43 32
734	169 60 154 108
735	51 131 52 187
736	25 58 107 183
737	167 159 36 85
738	22 187 150 7
739	123 178 32 195
740	192 121 67 130
741	135 17 95 64
742	192 162 41 51
743	35 48 1 160
744	181 145 74 40
745	56 71 41 39
746	80 104 23 77
747	9 108 5 50
748	140 102 98 58
749	30 114 112 130
750	65 131 166 84
751	163 99 141 43
752	188 56 108 8
753	135 5 6 22
754	132 158 23 198
755	121 120 5 111
756	3 193 75 8
757	30 99 10 142
758	134 182 167 39
759	67 98 128 93
760	25 199 15 64
761	67 123 21 144
762	88 81 60 63
763	187 145 114 116
764	113 159 184 200
765	122 186 55 79
766	28 72 105 132
767	141 54 22 156
768	179 187 53 1
769	20 169 154 117
770	153 36 115 29
771	62 110 104 167
772	190 151 37 29
773	126 192 46 115
774	195 66 98 97
775	76 67 48 171
776	134 168 128 177
777	156 154 122 146
778	137 81 147 23
779	100 111 31 12
780	183 35 120 60
781	168 23 199 151
782	34 109 5 162
783	197 142 103 187
784	1 143 63 45
785	174 166 99 4
786	144 25 121 57
787	83 170 7 59
788	195 190 32 92
789	69 26 2 155
790	148 103 116 108
791	42 75 195 87
792	156 65 13 126
793	131 182 70 169
794	114 9 4 37
795	47 96 74 35
796	12 138 92 110
797	158 50 90 39
798	127 72 44 91
799	50 11 46 162
800	175 6 184 109
801	35 21 169 196
802	57 45 71 169
803	133 41 128 131
804	140 196 23 95
805	23 6 189 116
806	112 32 157 133
807	96 198 24 49
808	9 184 91 44
809	180 37 137 77
810	61 63 155 22
811	67 48 195 134
812	57 172 59 197
813	134 192 61 47
814	84 95 78 109
815	5 97 111 103
816	103 98 117 132
817	90 9 79 179
818	26 11 153 38
819	198 79 129 73
820	124 12 67 18
821	13 174 93 177
822	121 113 21 79
823	119 45 78 200
824	154 187 62 2
825	150 110 133 106
826	66 168 5 18
827	33 37 96 106
828	15 7 153 196
829	142 184 83 35
830	189 197 35 55
831	30 152 98 42
832	31 97 38 129
833	4 46 6 162
834	116 188 38 90
835	175 67 132 149
836	150 40 68 197
837	88 117 141 108
838	173 200 79 94
839	147 139 82 36
840	153 41 7 117
841	39 48 62 149
842	19 158 183 49
843	159 47 89 153
844	47 185 104 200
845	154 49 195 168
846	53 86 3 21
847	26 199 52 81
848	38 155 65 132
849	34 32 69 171
850	199 192 163 189
851	90 157 61 111
852	85 148 192 6
853	62 156 1 82
854	102 58 161 75
855	144 8 49 134
856	111 156 173 184
857	90 11 100 150
858	30 143 98 185
859	43 193 115 188
860	60 88 26 158
861	148 165 171 42
862	172 136 195 28
863	159 66 74 73
864	194 25 170 139
865	72 96 172 189
866	177 158 145 111
867	58 168 149 105
868	121 153 96 38
869	114 66 51 24
870	109 88 26 31
871	141 121 157 138
872	3 168 169 121
873	11 183 136 92
874	50 8 140 27
875	92 83 131 26
876	180 35 112 76
877	193 30 153 35
878	18 154 62 141
879	151 160 33 52
880	65 88 143 131
881	46 30 133 59
882	118 70 22 86
883	2 87 190 178
884	136 82 179 150
885	183 175 47 21
886	58 80 166 195
887	54 116 56 188
888	198 164 112 98
889	60 114 192 104
890	72 23 63 133
891	93 170 20 123
892	181 68 142 21
893	69 146 141 143
894	71 6 51 164
895	145 146 101 84
896	124 22 143 155
897	77 127 151 196
898	119 182 133 59
899	43 26 67 128
900	176 78 135 27
901	35 96 19 152
902	79 168 72 52
903	159 76 151 177
904	162 184 44 2
905	177 7 79 104
906	141 200 79 197
907	64 194 68 183
908	68 58 189 155
909	177 136 95 17
910	10 184 165 150
911	77 146 124 10
912	44 129 174 30
913	64 27 24 118
914	197 61 54 38
915	170 46 13 184
916	188 84 113 44
917	172 68 126 40
918	56 138 22 128
919	87 115 190 67
920	189 16 181 19
921	29 47 78 42
922	133 106 61 75
923	45 182 131 105
924	2 194 109 96
925	154 85 65 47
926	162 90 32 149
927	178 57 50 9
928	139 152 115 196
929	168 189 36 105
930	166 155 106 124
931	188 147 90 19
932	44 26 4 8
933	95 134 152 145
934	123 119 62 128
935	66 137 73 8
936	30 120 10 151
937	151 14 150 96
938	128 191 36 38
939	43 5 102 70
940	154 20 200 196
941	51 142 160 15
942	187 191 22 148
943	99 8 71 9
944	54 55 114 56
945	134 58 19 92
946	137 195 102 7
947	47 50 82 102
948	39 155 64 183
949	156 174 40 29
950	143 96 54 192
951	124 143 77 100
952	178 25 94 159
953	124 13 179 58
954	1 166 10 25
955	142 125 131 113
956	66 103 117 13
957	17 177 137 36
958	143 193 176 61
959	197 44 193 6
960	86 102 175 171
961	60 92 178 14
962	109 124 136 62
963	30 76 153 184
964	6 191 166 81
965	87 115 54 171
966	12 15 62 163
967	50 144 3 167
968	91 163 74 49
969	171 101 147 61
970	108 87 183 164
971	55 170 100 92
972	166 48 188 38
973	92 167 177 127
974	23 161 144 138
975	12 103 25 150
976	113 45 63 47
977	105 59 89 117
978	56 164 117 192
979	41 175 155 4
980	147 93 8 122
981	103 149 163 82
982	15 75 172 71
983	37 28 135 94
984	33 90 141 137
985	117 180 53 76
986	89 108 90 144
987	7 46 79 176
988	112 156 102 81
989	162 75 117 133
990	133 193 19 149
991	31 59 174 95
992	190 62 175 81
993	66 36 26 153
994	158 69 49 160
995	30 17 47 49
996	118 197 19 180
997	150 129 161 99
998	129 19 35 166
999	14 69 31 145
1000	139 101 57 133
1001	13 51 86 160
1002	46 124 106 137
1003	81 48 31 146
1004	84 191 36 199
1005	110 95 5 113
1006	16 135 85 93
1007	2 142 144 185
1008	85 77 152 158
1009	150 61 113 137
1010	143 104 37 153
1011	92 180 98 162
1012	174 77 188 121
1013	193 98 63 83
1014	104 67 92 134
1015	96 120 53 90
1016	95 109 1 86
1017	73 147 20 56
1018	122 106 52 178
1019	35 101 54 108
1020	46 183 39 6
1021	53 72 8 81
1022	92 197 65 180
1023	170 136 118 53
1024	12 23 90 36
1025	112 137 152 70
1026	161 111 19 14
1027	122 163 16 129
1028	42 12 134 32
1029	108 35 127 131
1030	134 63 164 1
1031	42 51 48 30
1032	107 13 81 108
1033	7 101 157 106
1034	107 92 30 72
1035	130 178 91 60
1036	5 71 25 33
1037	192 178 25 173
1038	70 98 45 131
1039	104 67 162 163
1040	113 191 54 10
1041	6 157 39 133
1042	100 104 165 195
1043	165 170 174 52
1044	105 82 53 81
1045	17 67 140 143
1046	93 162 196 5
1047	78 168 192 111
1048	137 53 155 11
1049	36 76 103 118
1050	146 181 185 163
1051	123 162 48 32
1052	20 186 154 2
1053	39 46 103 3
1054	101 99 16 42
1055	39 65 193 113
1056	193 184 145 1
1057	169 43 122 99
1058	22 49 136 135
1059	111 144 6 175
1060	56 130 104 180
1061	101 142 57 191
1062	184 128 148 17
1063	131 64 136 149
1064	8 2 4 154
1065	70 85 1 166
1066	94 179 60 143
1067	103 117 185 187
1068	181 13 175 120
1069	153 52 77 117
1070	157 147 3 135
1071	94 129 58 112
1072	88 180 126 67
1073	62 148 113 181
1074	3 197 24 74
1075	100 189 150 14
1076	50 81 101 141
1077	56 115 48 187
1078	13 29 192 200
1079	171 118 52 93
1080	88 113 1 82
1081	194 160 89 176
1082	152 1 171 175
1083	94 96 18 171
1084	30 148 136 102
1085	146 134 29 164
1086	50 160 174 3
1087	20 41 196 193
1088	1 43 54 93
1089	128 151 9 76
1090	131 3 94 102
1091	1 129 25 112
1092	174 50 23 25
1093	171 164 190 30
1094	78 79 156 137
1095	122 91 194 169
1096	171 95 128 89
1097	155 152 41 179
1098	98 188 46 40
1099	105 78 166 76
1100	11 43 116 195
1101	167 162 126 138
1102	77 133 12 147
1103	110 33 81 54
1104	186 89 151 194
1105	101 2 185 121
1106	164 163 109 16
1107	125 107 58 11
1108	73 193 95 86
1109	112 173 10 4
1110	34 87 77 154
1111	64 180 188 115
1112	5 42 103 173
1113	117 49 113 51
1114	107 125 15 135
1115	16 92 141 192
1116	128 43 121 11
1117	126 108 148 200
1118	2 103 6 40
1119	38 122 90 155
1120	55 29 163 195
1121	78 199 94 91
1122	178 98 119 27
1123	99 50 131 140
1124	44 117 156 139
1125	45 13 51 39
1126	98 71 174 37
1127	192 21 190 35
1128	82 56 45 164
1129	22 52 35 6
1130	26 162 56 40
1131	196 82 108 165
1132	47 144 20 48
1133	157 97 12 2
1134	118 33 164 85
1135	129 94 71 37
1136	53 25 175 121
1137	33 167 84 112
1138	134 115 75 34
1139	3 96 93 131
1140	96 160 193 176
1141	137 184 96 177
1142	145 113 81 132
1143	80 159 66 175
1144	28 129 151 61
1145	41 59 27 155
1146	119 112 81 84
1147	172 71 75 65
1148	49 154 109 182
1149	85 102 120 47
1150	172 164 89 197
1151	15 133 168 28
1152	127 37 181 182
1153	196 159 200 113
1154	132 95 111 168
1155	158 130 21 83
1156	35 182 53 97
1157	133 68 19 157
1158	127 112 155 165
1159	98 50 4 109
1160	126 197 152 182
1161	97 133 169 108
1162	140 49 19 87
1163	13 135 178 61
1164	19 55 120 198
1165	96 122 124 182
1166	135 141 153 114
1167	117 36 159 27
1168	13 103 40 98
1169	160 26 149 2
1170	50 191 198 74
1171	138 11 77 195
1172	144 17 21 62
1173	159 100 84 28
1174	139 135 132 52
1175	94 65 62 88
1176	9 188 178 195
1177	34 197 35 37
1178	25 173 46 67
1179	11 86 121 89
1180	13 29 7 4
1181	43 51 77 2
1182	91 47 105 149
1183	91 109 80 37
1184	62 57 114 1
1185	20 65 100 187
1186	108 140 22 113
1187	134 180 183 92
1188	185 21 77 135
1189	119 85 82 109
1190	130 163 153 87
1191	76 180 113 139
1192	22 120 96 98
1193	148 104 107 78
1194	114 83 143 50
1195	138 12 107 141
1196	2 52 89 13
1197	42 180 108 144
1198	159 37 51 4
1199	41 84 46 6
1200	22 23 73 45
1201	32 188 68 197
1202	18 86 21 191
1203	167 49 12 35
1204	134 2 32 29
1205	89 169 146 31
1206	164 57 139 61
1207	60 143 111 76
1208	18 151 134 15
1209	66 134 1 32
1210	132 151 70 167
1211	65 25 53 51
1212	96 33 14 27
1213	76 110 193 113
1214	197 79 32 123
1215	42 191 69 188
1216	149 81 12 49
1217	3 132 143 185
1218	142 66 110 118
1219	89 145 43 83
1220	92 7 40 103
1221	156 177 121 200
1222	85 18 22 132
1223	162 39 194 129
1224	111 141 40 95
1225	7 48 22 195
1226	191 129 99 43
1227	166 132 93 43
1228	18 96 187 156
1229	164 105 119 14
1230	151 76 95 93
1231	71 72 20 126
1232	137 40 120 46
1233	10 160 56 62
1234	161 190 86 184
1235	136 52 157 99
1236	73 78 41 43
1237	68 128 165 57
1238	183 49 174 179
1239	104 152 132 36
1240	171 121 65 192
1241	27 39 82 30
1242	118 176 164 182
1243	138 9 93 146
1244	126 58 173 35
1245	174 124 33 44
1246	177 192 14 60
1247	70 32 133 19
1248	46 87 31 197
1249	84 71 74 183
1250	179 15 136 99
1251	30 8 151 198
1252	129 135 148 51
1253	2 53 149 182
1254	156 138 56 143
1255	129 199 69 181
1256	162 122 126 64
1257	140 156 106 84
1258	186 8 152 100
1259	175 16 87 95
1260	157 197 117 192
1261	188 5 164 183
1262	143 31 59 38
1263	35 104 165 89
1264	86 10 154 143
1265	16 153 128 54
1266	56 41 123 92
1267	27 61 69 42
1268	195 85 35 69
1269	121 64 134 33
1270	187 100 16 17
1271	44 154 129 120
1272	185 53 21 64
1273	4 113 84 56
1274	30 19 178 134
1275	129 77 182 71
1276	56 54 79 197
1277	2 173 140 105
1278	93 90 71 197
1279	68 61 132 85
1280	155 180 189 92
1281	34 159 195 50
1282	30 132 147 74
1283	26 2 183 61
1284	73 170 109 99
1285	1 103 112 89
1286	45 9 48 165
1287	144 88 142 53
1288	140 33 134 87
1289	174 187 162 108
1290	111 195 163 92
1291	70 112 56 121
1292	83 132 6 140
1293	181 32 139 78
1294	44 62 142 86
1295	60 68 96 33
1296	115 92 196 89
1297	35 165 90 104
1298	68 167 20 102
1299	117 86 26 158
1300	121 155 31 46
1301	119 55 38 147
1302	7 92 27 183
1303	97 32 86 98
1304	86 58 193 185
1305	54 157 133 119
1306	51 41 57 25
1307	152 110 131 85
1308	158 156 135 32
1309	78 39 107 101
1310	120 33 154 133
1311	150 105 139 4
1312	175 161 64 12
1313	167 142 174 51
1314	82 192 94 42
1315	127 99 46 165
1316	158 123 139 15
1317	9 137 148 77
1318	147 85 135 92
1319	117 188 106 183
1320	86 119 11 18
1321	180 143 20 136
1322	186 98 92 115
1323	122 157 53 187
1324	173 181 77 40
1325	115 56 67 114
1326	3 107 119 41
1327	55 114 143 27
1328	52 33 62 163
1329	139 159 32 83
1330	20 129 60 76
1331	127 161 65 183
1332	174 49 2 188
1333	46 173 153 169
1334	75 119 49 151
1335	8 189 99 160
1336	165 127 147 169
1337	184 197 75 118
1338	120 91 104 199
1339	135 178 1 171
1340	104 181 152 90
1341	45 17 127 113
1342	6 27 120 73
1343	199 3 104 184
1344	191 29 181 23
1345	7 118 95 30
1346	45 55 98 137
1347	68 3 8 42
1348	70 110 184 142
1349	139 192 74 166
1350	34 64 107 57
1351	103 29 54 26
1352	161 88 73 23
1353	1 169 27 142
1354	134 133 116 132
1355	9 134 41 79
1356	170 75 169 109
1357	68 60 143 112
1358	189 40 102 178
1359	77 98 103 154
1360	48 42 133 69
1361	199 142 116 80
1362	170 133 79 3
1363	64 75 85 7
1364	42 43 50 29
1365	71 80 130 157
1366	45 120 121 3
1367	67 47 48 191
1368	25 119 1 108
1369	120 15 182 55
1370	44 176 159 2
1371	137 61 134 86
1372	53 19 63 124
1373	199 96 30 158
1374	130 8 111 168
1375	83 54 122 7
1376	9 84 191 25
1377	192 12 91 160
1378	137 182 14 41
1379	128 122 18 133
1380	19 153 23 193
1381	91 81 72 111
1382	96 55 41 182
1383	143 151 85 198
1384	175 124 144 77
1385	88 160 170 101
1386	117 155 199 47
1387	167 183 182 153
1388	132 173 15 81
1389	36 122 193 141
1390	177 181 153 182
1391	9 112 51 168
1392	80 93 182 42
1393	52 33 159 149
1394	112 162 194 153
1395	200 120 77 152
1396	172 94 45 155
1397	142 170 71 191
1398	96 70 138 45
1399	108 190 93 88
1400	113 46 147 66
1401	113 145 21 154
1402	146 35 132 8
1403	170 146 104 106
1404	88 180 106 53
1405	64 185 167 141
1406	191 74 15 28
1407	186 108 125 154
1408	116 180 152 162
1409	69 200 6 51
1410	196 177 27 152
1411	141 32 153 151
1412	171 177 185 13
1413	114 50 187 44
1414	69 28 174 110
1415	65 153 44 158
1416	171 147 178 26
1417	124 34 162 53
1418	152 125 194 96
1419	97 188 119 144
1420	143 86 17 64
1421	162 75 5 171
1422	153 72 138 139
1423	154 1 145 199
1424	136 195 81 150
1425	136 160 194 164
1426	2 111 15 139
1427	74 93 36 75
1428	113 122 176 157
1429	4 180 10 18
1430	187 167 1 95
1431	137 117 13 193
1432	86 3 16 13
1433	100 32 21 107
1434	176 166 178 98
1435	123 82 52 110
1436	21 50 160 43
1437	84 55 16 168
1438	149 11 190 119
1439	131 150 96 73
1440	87 127 109 70
1441	33 125 158 160
1442	166 64 87 63
1443	196 178 126 166
1444	68 168 2 71
1445	3 25 123 94
1446	33 48 18 34
1447	26 71 165 14
1448	161 74 39 165
1449	156 196 190 108
1450	196 146 72 67
1451	73 175 117 49
1452	69 88 108 183
1453	148 159 177 3
1454	177 148 129 140
1455	52 81 114 109
1456	79 175 132 116
1457	100 3 25 91
1458	17 196 183 172
1459	147 137 65 52
1460	168 139 177 128
1461	43 60 153 182
1462	13 63 143 112
1463	173 11 2 74
1464	165 44 73 40
1465	10 97 47 72
1466	145 160 133 172
1467	134 66 139 111
1468	93 37 81 155
1469	156 26 100 39
1470	180 11 14 63
1471	11 144 9 159
1472	100 90 132 192
1473	63 122 89 148
1474	65 164 63 104
1475	13 115 9 171
1476	162 13 188 38
1477	113 184 145 66
1478	122 58 40 176
1479	81 161 78 194
1480	95 66 184 110
1481	149 99 49 172
1482	44 104 119 134
1483	2 24 101 53
1484	184 197 113 57
1485	42 44 41 173
1486	56 52 156 154
1487	169 108 182 154
1488	38 50 119 60
1489	46 172 95 70
1490	34 137 127 128
1491	20 30 184 94
1492	73 18 200 37
1493	93 57 40 106
1494	194 161 102 106
1495	43 86 4 89
1496	41 194 55 120
1497	55 29 7 191
1498	59 185 168 134
1499	140 150 129 40
1500	120 7 49 21
1501	181 43 114 31
1502	128 150 126 78
1503	32 9 160 118
1504	56 100 51 86
1505	167 151 189 46
1506	137 143 148 12
1507	103 75 82 160
1508	136 157 56 132
1509	40 61 30 52
1510	56 82 27 127
1511	58 185 14 67
1512	32 138 10 168
1513	128 2 149 96
1514	27 105 92 160
1515	40 115 54 32
1516	130 125 45 158
1517	6 114 49 39
1518	167 141 134 89
1519	96 81 37 156
1520	142 163 65 79
1521	193 92 200 57
1522	88 183 171 96
1523	57 94 148 110
1524	158 91 140 146
1525	81 49 35 31
1526	20 83 32 109
1527	134 64 187 76
1528	7 93 61 160
1529	21 154 78 17
1530	191 16 41 177
1531	157 35 96 185
1532	96 193 154 137
1533	136 92 90 119
1534	156 98 130 118
1535	68 87 82 138
1536	84 173 101 95
1537	107 200 92 11
1538	60 62 40 86
1539	135 71 32 5
1540	170 155 65 157
1541	33 174 8 28
1542	16 168 169 108
1543	189 35 173 48
1544	34 139 104 169
1545	102 114 92 177
1546	71 159 47 141
1547	73 191 175 26
1548	99 43 64 68
1549	69 105 174 89
1550	57 133 73 185
1551	119 162 155 148
1552	69 29 36 116
1553	193 180 155 98
1554	32 8 115 109
1555	99 74 41 93
1556	167 75 132 110
1557	185 144 182 157
1558	145 168 68 59
1559	75 79 162 26
1560	113 148 128 16
1561	84 23 103 110
1562	13 86 138 181
1563	58 2 167 27
1564	158 134 195 114
1565	122 183 166 23
1566	8 101 129 48
1567	170 47 138 67
1568	29 120 134 12
1569	85 188 57 15
1570	121 153 199 33
1571	33 189 81 92
1572	90 128 185 137
1573	180 82 76 98
1574	96 122 72 136
1575	10 12 109 104
1576	30 17 45 117
1577	65 55 108 58
1578	156 107 129 177
1579	37 7 13 19
1580	178 186 27 137
1581	55 134 16 79
1582	163 64 158 166
1583	159 167 143 50
1584	44 142 60 94
1585	145 160 112 73
1586	142 124 187 126
1587	168 190 191 184
1588	120 29 72 60
1589	159 196 12 120
1590	137 93 67 82
1591	153 30 106 197
1592	38 108 152 197
1593	176 130 35 75
1594	200 145 130 190
1595	50 7 38 81
1596	15 177 149 109
1597	42 100 162 48
1598	1 147 100 32
1599	126 122 25 17
1600	197 8 200 83
1601	8 25 13 117
1602	154 86 72 128
1603	164 75 31 78
1604	125 114 127 115
1605	26 150 147 76
1606	48 157 31 4
1607	185 144 155 90
1608	15 198 111 56
1609	21 5 54 85
1610	175 88 46 172
1611	186 118 103 143
1612	13 111 92 85
1613	170 181 38 114
1614	41 144 92 55
1615	24 143 54 62
1616	189 179 184 145
1617	36 12 64 153
1618	163 98 144 107
1619	16 171 109 53
1620	131 1 52 41
1621	48 89 69 185
1622	136 107 199 72
1623	97 175 156 121
1624	27 98 63 134
1625	101 169 184 157
1626	81 157 123 5
1627	124 38 172 167
1628	16 43 50 60
1629	129 96 40 108
1630	185 130 134 26
1631	165 152 105 70
1632	145 141 15 41
1633	6 156 180 86
1634	160 4 119 81
1635	121 81 104 63
1636	180 161 141 156
1637	87 31 72 155
1638	5 129 191 171
1639	55 71 132 19
1640	164 135 189 87
1641	196 172 91 152
1642	197 51 180 77
1643	91 59 133 181
1644	157 11 8 91
1645	17 160 35 182
1646	111 66 158 32
1647	155 173 59 72
1648	164 131 101 79
1649	123 179 65 152
1650	96 22 114 146
1651	131 96 121 134
1652	58 66 3 97
1653	48 32 60 82
1654	177 28 120 14
1655	181 133 66 176
1656	48 188 17 134
1657	156 69 57 30
1658	146 6 148 187
1659	33 51 200 183
1660	107 46 117 81
1661	163 34 73 88
1662	98 55 151 30
1663	90 44 60 81
1664	36 18 93 153
1665	92 79 166 91
1666	45 96 155 54
1667	1 126 81 56
1668	17 55 44 48
1669	143 115 127 68
1670	119 46 50 16
1671	110 15 116 108
1672	22 37 44 78
1673	188 16 103 36
1674	25 81 181 29
1675	84 18 92 68
1676	99 84 20 103
1677	154 59 42 134
1678	45 65 108 186
1679	152 133 162 141
1680	1 77 3 40
1681	41 73 9 81
1682	153 129 180 134
1683	186 164 55 147
1684	97 188 44 135
1685	93 35 12 139
1686	67 197 47 147
1687	14 124 147 64
1688	28 110 88 53
1689	167 193 165 190
1690	122 118 63 187
1691	192 13 26 35
1692	141 198 40 9
1693	99 46 49 142
1694	133 27 114 175
1695	177 123 139 115
1696	189 161 48 15
1697	128 109 1 190
1698	75 198 43 85
1699	33 159 55 54
1700	16 127 176 97
1701	95 85 21 47
1702	122 107 184 68
1703	130 163 104 90
1704	23 72 2 177
1705	157 163 4 52
1706	166 142 61 197
1707	152 169 21 124
1708	24 55 166 141
1709	104 143 158 153
1710	34 164 33 184
1711	66 16 186 30
1712	5 175 187 29
1713	139 106 17 39
1714	113 190 95 125
1715	72 36 97 200
1716	189 57 154 138
1717	139 91 110 65
1718	6 102 117 112
1719	170 199 39 139
1720	10 48 78 66
1721	127 139 66 97
1722	29 32 119 184
1723	157 84 120 1
1724	142 31 91 54
1725	36 85 154 127
1726	100 5 163 157
1727	9 58 151 187
1728	55 87 171 62
1729	136 189 174 88
1730	71 16 187 128
1731	1 110 76 143
1732	162 136 112 96
1733	122 193 21 131
1734	38 158 115 70
1735	24 31 112 154
1736	130 88 129 149
1737	126 9 110 98
1738	196 99 53 20
1739	166 77 31 185
1740	133 120 105 170
1741	146 107 111 159
1742	50 26 16 186
1743	91 112 13 69
1744	92 127 175 103
1745	74 122 76 36
1746	60 32 90 156
1747	2 70 26 183
1748	4 61 155 129
1749	102 40 87 80
1750	40 188 182 58
1751	17 22 54 16
1752	99 96 8 58
1753	185 193 37 142
1754	72 158 150 139
1755	39 6 23 70
1756	21 39 157 83
1757	57 107 152 182
1758	166 113 174 104
1759	58 188 57 4
1760	82 26 136 157
1761	157 144 174 74
1762	122 95 66 14
1763	56 12 8 148
1764	65 25 94 105
1765	81 89 110 44
1766	129 82 62 149
1767	163 33 188 8
1768	157 75 131 27
1769	1 100 173 92
1770	60 23 106 154
1771	126 153 156 194
1772	162 96 94 5
1773	175 91 109 155
1774	81 166 80 176
1775	44 81 184 70
1776	75 91 103 177
1777	101 68 46 34
1778	54 73 62 197
1779	134 29 149 87
1780	92 72 144 83
1781	102 172 161 170
1782	42 140 187 183
1783	170 164 189 172
1784	6 46 89 41
1785	38 58 182 176
1786	95 103 93 142
1787	75 129 151 50
1788	182 74 185 171
1789	14 72 151 108
1790	129 56 10 34
1791	192 48 93 171
1792	164 47 72 129
1793	58 135 134 95
1794	175 177 2 93
1795	26 43 142 7
1796	189 103 70 41
1797	187 117 26 195
1798	106 157 88 28
1799	84 161 86 106
1800	176 12 104 26
1801	87 101 32 13
1802	27 48 71 162
1803	92 41 107 157
1804	168 153 92 98
1805	152 12 62 40
1806	135 36 108 61
1807	125 136 111 164
1808	78 129 69 110
1809	5 124 133 141
1810	125 126 26 32
1811	101 184 67 33
1812	128 185 57 130
1813	18 115 65 56
1814	156 39 96 188
1815	64 125 21 59
1816	176 142 96 65
1817	193 3 104 53
1818	52 159 32 54
1819	108 69 174 104
1820	98 92 87 60
1821	16 161 63 64
1822	200 58 35 73
1823	155 74 39 24
1824	88 120 165 110
1825	26 171 130 184
1826	163 96 107 174
1827	14 140 169 199
1828	144 142 155 4
1829	8 110 182 169
1830	100 152 111 67
1831	41 185 7 69
1832	42 72 118 152
1833	163 4 197 47
1834	153 70 119 50
1835	59 166 79 148
1836	179 162 181 82
1837	1 114 196 20
1838	11 48 107 62
1839	143 65 63 73
1840	78 94 68 173
1841	160 105 176 74
1842	58 193 15 156
1843	76 179 17 111
1844	125 140 162 39
1845	55 85 125 10
1846	70 32 85 153
1847	158 144 156 64
1848	74 100 10 28
1849	99 70 52 66
1850	181 90 151 98
1851	94 55 159 35
1852	163 155 85 196
1853	32 65 183 200
1854	56 60 58 175
1855	61 116 152 89
1856	4 132 49 162
1857	17 127 135 53
1858	166 66 12 100
1859	132 36 162 168
1860	92 49 186 9
1861	172 17 103 12
1862	118 120 104 30
1863	170 26 78 23
1864	182 130 30 54
1865	193 120 96 158
1866	169 132 15 140
1867	190 15 108 30
1868	175 136 88 191
1869	71 46 84 43
1870	2 69 171 141
1871	101 9 125 164
1872	151 105 32 75
1873	86 119 85 128
1874	11 76 6 143
1875	114 13 26 162
1876	9 71 130 68
1877	150 158 47 20
1878	29 145 181 39
1879	159 183 142 172
1880	198 108 22 83
1881	92 137 141 77
1882	178 51 126 159
1883	148 123 124 78
1884	17 166 82 109
1885	108 50 116 82
1886	163 167 140 72
1887	129 17 194 185
1888	57 11 40 45
1889	51 167 16 200
1890	11 175 179 112
1891	35 69 63 154
1892	185 47 26 98
1893	64 110 10 42
1894	71 192 89 191
1895	156 27 126 159
1896	135 17 198 88
1897	148 21 140 116
1898	162 25 101 176
1899	148 183 118 70
1900	199 72 14 15
1901	69 157 22 7
1902	7 174 43 115
1903	7 104 150 130
1904	194 105 18 128
1905	73 87 28 127
1906	195 194 56 110
1907	5 13 24 92
1908	128 99 152 141
1909	123 76 86 24
1910	143 137 67 72
1911	108 152 115 184
1912	108 191 5 142
1913	65 32 104 154
1914	12 17 96 197
1915	2 122 37 82
1916	116 60 178 107
1917	182 193 116 198
1918	183 85 173 197
1919	42 11 132 116
1920	129 77 198 93
1921	15 130 36 29
1922	110 26 100 33
1923	113 142 19 121
1924	22 96 41 160
1925	29 48 85 199
1926	133 39 28 66
1927	91 50 58 101
1928	192 36 30 191
1929	74 52 35 172
1930	83 167 75 19
1931	136 135 37 69
1932	11 8 33 5
1933	112 158 69 83
1934	156 128 13 43
1935	97 6 31 24
1936	82 103 42 182
1937	170 113 187 121
1938	110 43 182 27
1939	42 131 177 59
1940	181 156 77 172
1941	106 10 135 198
1942	177 67 173 70
1943	140 11 76 185
1944	130 181 43 7
1945	124 46 84 9
1946	95 175 87 154
1947	152 60 200 196
1948	196 163 31 32
1949	165 148 135 106
1950	9 77 106 177
1951	11 41 79 89
1952	80 100 133 33
1953	164 4 200 133
1954	192 86 25 74
1955	131 117 113 92
1956	142 91 194 108
1957	31 144 181 102
1958	111 177 151 41
1959	132 58 37 170
1960	122 60 138 71
1961	62 149 6 19
1962	11 192 102 32
1963	61 43 128 59
1964	117 10 99 101
1965	145 134 197 76
1966	27 17 5 42
1967	70 15 146 30
1968	6 199 5 80
1969	32 3 72 77
1970	54 142 190 72
1971	46 44 169 136
1972	12 164 73 143
1973	125 115 76 92
1974	173 139 136 178
1975	175 118 161 112
1976	113 160 63 68
1977	60 36 193 128
1978	85 65 80 13
1979	27 88 113 184
1980	71 31 46 149
1981	16 115 4 83
1982	51 23 132 147
1983	38 119 91 57
1984	114 187 47 37
1985	144 61 58 115
1986	78 176 6 81
1987	93 53 148 42
1988	129 197 6 132
1989	146 157 37 162
1990	155 174 124 146
1991	171 146 125 87
1992	105 183 121 85
1993	90 193 56 54
1994	189 163 89 99
1995	63 79 1 169
1996	183 23 113 105
1997	191 48 88 52
1998	130 43 187 93
1999	23 200 106 124
2000	146 31 192 139
2001	159 100 163 155
2002	40 61 16 161
2003	57 18 170 60
2004	16 44 145 86
2005	130 102 21 115
2006	103 80 7 167
2007	23 187 25 137
2008	84 77 31 51
2009	73 11 176 191
2010	17 124 26 68
2011	135 92 20 153
2012	147 168 8 87
2013	18 78 159 92
2014	79 40 123 163
2015	149 13 64 26
2016	167 79 82 118
2017	69 18 13 31
2018	90 175 128 33
2019	124 39 80 110
2020	35 189 182 7
2021	58 53 97 50
2022	105 11 44 178
2023	131 25 62 133
2024	155 117 75 161
2025	110 143 170 27
2026	45 148 156 118
2027	71 21 189 127
2028	18 119 68 114
2029	129 33 99 92
2030	134 104 179 100
2031	126 89 18 166
2032	138 44 149 80
2033	44 153 36 121
2034	166 173 159 129
2035	14 187 107 61
2036	185 42 71 180
2037	188 122 47 4
2038	176 46 137 93
2039	72 90 126 36
2040	98 135 148 121
2041	5 12 149 133
2042	39 168 200 138
2043	179 74 80 190
2044	163 119 68 50
2045	188 4 61 142
2046	99 162 179 125
2047	200 106 31 171
2048	89 18 152 149
2049	141 191 87 90
2050	74 160 40 163
2051	19 5 80 82
2052	83 130 172 82
2053	144 14 160 192
2054	20 114 28 110
2055	126 141 13 152
2056	140 111 14 155
2057	78 69 64 170
2058	57 143 166 133
2059	16 103 67 13
2060	121 88 43 129
2061	67 29 3 73
2062	171 39 45 46
2063	125 183 28 136
2064	111 164 177 125
2065	31 43 74 171
2066	78 36 64 123
2067	100 153 107 199
2068	27 127 133 73
2069	46 144 67 146
2070	48 10 70 80
2071	76 162 100 195
2072	149 71 138 23
2073	8 122 56 41
2074	146 181 191 167
2075	126 134 145 156
2076	184 32 126 96
2077	38 7 25 80
2078	42 149 33 84
2079	106 181 182 157
2080	101 136 95 158
2081	132 128 58 155
2082	37 51 57 183
2083	147 60 44 71
2084	50 131 70 179
2085	128 77 26 130
2086	144 124 21 156
2087	106 110 42 164
2088	74 21 200 55
2089	174 37 136 197
2090	182 85 126 194
2091	36 132 56 181
2092	77 115 159 111
2093	124 108 38 146
2094	79 132 150 104
2095	148 93 102 190
2096	57 9 12 107
2097	106 92 167 66
2098	38 127 22 133
2099	27 87 139 74
2100	189 198 143 76
2101	164 33 65 135
2102	148 58 35 76
2103	29 147 159 76
2104	14 9 178 45
2105	95 88 133 50
2106	70 172 106 18
2107	109 118 53 95
2108	171 90 56 200
2109	34 141 160 117
2110	29 60 23 78
2111	6 66 138 107
2112	24 140 156 175
2113	148 167 79 67
2114	24 109 57 71
2115	110 112 153 5
2116	180 128 53 162
2117	47 115 52 157
2118	66 71 199 155
2119	191 112 184 156
2120	132 114 118 182
2121	60 16 13 182
2122	85 66 126 48
2123	15 196 164 158
2124	134 189 34 182
2125	88 9 140 123
2126	189 6 185 49
2127	146 110 162 150
2128	139 133 66 200
2129	34 21 49 167
2130	194 169 180 93
2131	170 26 140 38
2132	30 72 70 190
2133	127 56 106 57
2134	65 158 157 165
2135	130 67 161 113
2136	12 46 58 172
2137	147 101 54 175
2138	5 94 23 46
2139	153 100 113 15
2140	116 109 188 170
2141	199 98 58 25
2142	113 172 76 3
2143	182 165 49 18
2144	181 178 80 133
2145	115 85 70 26
2146	51 133 2 114
2147	102 169 86 69
2148	163 141 32 186
2149	51 68 116 175
2150	155 85 114 129
2151	42 133 66 68
2152	26 153 148 104
2153	48 15 100 177
2154	108 125 79 65
2155	65 102 38 133
2156	182 113 28 73
2157	27 39 29 133
2158	126 89 14 133
2159	136 121 50 17
2160	30 175 162 106
2161	92 67 168 58
2162	66 184 97 83
2163	49 88 11 132
2164	50 167 154 99
2165	95 146 102 22
2166	121 138 77 88
2167	129 166 16 51
2168	116 70 22 188
2169	63 200 145 100
2170	193 108 120 143
2171	90 95 195 30
2172	173 152 20 87
2173	111 82 146 9
2174	111 89 86 189
2175	137 160 174 128
2176	54 185 96 173
2177	165 27 48 132
2178	107 172 162 49
2179	36 71 111 177
2180	69 48 158 104
2181	13 66 149 89
2182	191 76 58 91
2183	102 13 96 61
2184	49 53 149 19
2185	97 200 107 68
2186	145 13 189 195
2187	146 199 182 65
2188	179 187 10 22
2189	72 184 162 91
2190	17 134 38 34
2191	117 126 62 198
2192	111 26 97 51
2193	34 97 157 32
2194	87 116 181 192
2195	88 8 182 3
2196	2 135 43 59
2197	2 112 87 35
2198	166 90 77 11
2199	8 129 41 131
2200	188 198 89 96
2201	35 49 128 154
2202	28 71 162 187
2203	26 22 75 63
2204	167 110 83 67
2205	153 26 122 52
2206	186 195 73 49
2207	116 97 153 120
2208	41 53 194 49
2209	69 22 105 131
2210	178 54 41 16
2211	172 56 113 190
2212	66 51 136 65
2213	194 180 42 29
2214	68 86 7 129
2215	126 88 103 168
2216	60 59 157 138
2217	35 50 4 185
2218	7 69 91 192
2219	89 58 37 55
2220	29 91 88 38
2221	66 47 30 182
2222	188 72 89 30
2223	12 108 174 33
2224	75 17 150 179
2225	155 103 19 122
2226	43 105 103 56
2227	94 137 119 48
2228	103 129 170 61
2229	81 39 151 162
2230	155 53 84 175
2231	166 2 73 63
2232	115 61 169 116
2233	130 101 89 156
2234	28 159 9 69
2235	85 117 79 103
2236	52 168 113 172
2237	27 2 37 126
2238	51 106 101 13
2239	10 11 49 157
2240	84 104 2 82
2241	195 151 179 44
2242	177 130 110 58
2243	47 86 79 127
2244	123 98 195 171
2245	145 11 141 135
2246	161 25 44 47
2247	88 62 131 164
2248	155 182 194 109
2249	17 165 177 186
2250	12 14 160 4
2251	72 39 16 181
2252	74 59 112 62
2253	152 172 41 179
2254	130 99 82 71
2255	193 168 55 182
2256	112 161 128 19
2257	7 112 152 190
2258	71 183 178 19
2259	182 164 62 105
2260	38 102 69 56
2261	12 187 103 9
2262	139 62 151 15
2263	80 147 111 118
2264	147 163 119 142
2265	175 183 32 106
2266	29 74 76 176
2267	148 137 38 149
2268	81 111 95 133
2269	118 53 198 95
2270	13 35 136 82
2271	15 8 57 113
2272	18 107 188 60
2273	70 139 182 41
2274	16 107 3 83
2275	9 114 105 108
2276	176 85 108 81
2277	194 184 164 26
2278	157 158 200 81
2279	82 87 21 128
2280	56 69 35 67
2281	72 142 182 63
2282	4 153 97 105
2283	175 136 81 84
2284	80 102 14 115
2285	21 67 130 38
2286	25 17 184 69
2287	120 34 64 182
2288	139 159 91 59
2289	172 157 108 85
2290	179 43 157 137
2291	36 28 93 135
2292	19 29 141 156
2293	80 146 175 182
2294	27 154 174 16
2295	157 128 162 113
2296	8 163 139 103
2297	37 12 42 5
2298	14 119 15 158
2299	110 43 158 81
2300	117 116 92 11
2301	32 54 28 158
2302	179 119 128 36
2303	19 62 84 179
2304	178 164 54 158
2305	190 104 40 51
2306	1 56 92 174
2307	7 62 14 153
2308	83 107 199 144
2309	65 2 68 166
2310	27 195 102 191
2311	12 117 133 189
2312	37 145 164 119
2313	133 9 120 69
2314	185 42 73 66
2315	60 164 131 77
2316	147 186 174 80
2317	167 57 62 41
2318	15 194 115 56
2319	103 69 159 55
2320	161 126 129 146
2321	73 120 147 84
2322	184 26 75 21
2323	90 25 172 169
2324	90 130 14 52
2325	181 123 68 120
2326	120 21 168 80
2327	28 86 44 149
2328	184 69 10 3
2329	105 183 129 135
2330	96 148 186 32
2331	87 191 114 197
2332	103 69 25 68
2333	42 84 118 185
2334	68 122 63 40
2335	74 1 151 132
2336	100 85 48 93
2337	153 160 157 162
2338	159 189 142 54
2339	47 46 194 26
2340	58 53 90 61
2341	15 32 97 146
2342	133 28 127 136
2343	114 188 35 95
2344	29 53 189 92
2345	142 192 100 171
2346	185 109 195 137
2347	70 2 8 125
2348	111 182 44 32
2349	154 181 92 91
2350	79 123 112 121
2351	184 189 135 100
2352	25 110 101 158
2353	155 167 65 97
2354	20 13 164 142
2355	148 77 197 80
2356	187 158 180 164
2357	63 107 25 85
2358	143 151 146 198
2359	1 36 15 139
2360	170 116 87 47
2361	95 99 46 104
2362	144 73 20 9
2363	31 125 147 9
2364	31 198 68 122
2365	165 102 62 153
2366	92 183 146 27
2367	194 199 153 94
2368	71 43 157 26
2369	118 200 113 22
2370	51 199 162 94
2371	27 127 105 200
2372	26 123 175 47
2373	52 174 18 17
2374	79 191 54 90
2375	69 182 124 103
2376	54 90 106 156
2377	22 172 189 95
2378	105 66 106 137
2379	95 175 45 143
2380	30 88 148 128
2381	96 15 199 42
2382	25 93 40 80
2383	141 43 179 176
2384	63 48 192 89
2385	119 84 109 91
2386	99 122 191 54
2387	179 177 165 190
2388	122 173 16 25
2389	49 187 145 92
2390	87 37 56 147
2391	42 186 153 11
2392	4 60 185 14
2393	153 30 75 16
2394	64 4 3 79
2395	119 61 14 141
2396	62 83 139 57
2397	124 39 148 166
2398	55 52 117 95
2399	28 17 155 6
2400	147 127 106 94
2401	75 65 199 37
2402	172 198 72 119
2403	107 96 119 43
2404	116 154 110 74
2405	148 161 30 191
2406	40 122 75 2
2407	18 23 173 116
2408	200 161 7 38
2409	63 52 181 137
2410	189 16 66 157
2411	102 3 120 126
2412	109 33 131 119
2413	156 51 124 123
2414	46 176 105 94
2415	136 187 156 13
2416	52 63 67 37
2417	174 98 84 25
2418	142 82 54 38
2419	185 166 154 114
2420	170 92 105 127
2421	166 5 172 4
2422	25 126 18 113
2423	151 122 179 112
2424	9 10 53 193
2425	103 71 180 191
2426	78 113 34 77
2427	73 33 120 87
2428	140 142 27 49
2429	35 169 41 147
2430	69 57 139 99
2431	79 71 171 55
2432	70 36 106 68
2433	182 44 164 158
2434	146 25 32 131
2435	148 161 108 81
2436	93 69 158 120
2437	62 42 155 31
2438	192 45 167 52
2439	79 134 174 43
2440	111 78 27 99
2441	165 99 35 124
2442	154 152 177 57
2443	126 135 35 25
2444	174 139 81 127
2445	174 111 161 196
2446	177 65 179 152
2447	1 34 123 136
2448	79 193 20 139
2449	142 19 73 115
2450	32 77 154 123
2451	196 194 104 17
2452	66 147 44 33
2453	113 26 152 93
2454	187 161 51 169
2455	41 113 143 62
2456	55 167 196 118
2457	178 32 183 106
2458	158 118 39 129
2459	92 191 67 197
2460	90 94 71 118
2461	29 142 32 25
2462	164 195 34 181
2463	40 28 154 33
2464	141 101 127 124
2465	24 107 84 70
2466	179 145 62 69
2467	173 178 74 104
2468	198 1 116 96
2469	87 169 78 107
2470	171 51 197 121
2471	97 196 153 74
2472	177 200 155 15
2473	142 50 53 144
2474	26 56 18 155
2475	64 182 150 193
2476	11 131 56 9
2477	92 54 17 40
2478	173 41 193 107
2479	113 37 51 28
2480	78 196 23 75
2481	170 165 37 65
2482	123 57 83 82
2483	153 193 29 30
2484	5 142 152 199
2485	123 197 89 64
2486	174 44 95 158
2487	121 130 158 138
2488	173 60 118 121
2489	8 42 78 39
2490	30 197 12 122
2491	153 95 137 44
2492	123 198 151 125
2493	132 88 190 101
2494	22 71 20 96
2495	138 108 160 186
2496	83 13 129 138
2497	148 67 29 56
2498	171 24 162 118
2499	140 9 88 14
2500	57 121 44 164
2501	22 27 139 142
2502	56 92 159 113
2503	62 164 133 170
2504	139 132 153 66
2505	34 43 9 117
2506	15 164 75 183
2507	88 110 81 47
2508	20 74 171 80
2509	42 179 129 172
2510	167 137 110 51
2511	47 81 124 50
2512	120 149 168 96
2513	112 76 32 27
2514	72 110 98 136
2515	199 20 131 32
2516	22 31 176 43
2517	162 97 23 107
2518	137 176 103 56
2519	182 164 3 196
2520	103 49 64 189
2521	165 70 158 42
2522	60 52 77 31
2523	180 130 185 109
2524	186 38 20 27
2525	196 174 159 78
2526	34 13 7 67
2527	116 183 36 73
2528	91 171 96 195
2529	27 120 10 134
2530	7 136 76 77
2531	163 148 101 184
2532	125 53 26 93
2533	71 144 123 130
2534	94 88 197 29
2535	65 107 150 120
2536	135 125 168 43
2537	62 64 177 126
2538	99 80 131 25
2539	49 150 95 171
2540	175 3 141 146
2541	69 175 130 43
2542	23 93 113 54
2543	149 147 186 106
2544	191 14 25 87
2545	10 188 51 176
2546	156 151 161 103
2547	36 149 128 179
2548	171 41 194 82
2549	46 96 172 107
2550	160 166 132 99
2551	139 33 76 127
2552	80 1 174 21
2553	138 12 9 116
2554	11 93 37 138
2555	73 62 63 65
2556	180 134 162 124
2557	109 85 64 193
2558	102 17 200 159
2559	47 79 119 23
2560	161 147 112 81
2561	30 20 63 54
2562	73 21 42 50
2563	179 116 117 130
2564	172 85 111 78
2565	156 13 119 154
2566	173 140 2 9
2567	84 10 127 93
2568	80 60 46 177
2569	123 137 94 4
2570	21 169 68 73
2571	164 132 9 72
2572	155 34 9 163
2573	148 75 52 97
2574	69 119 115 129
2575	63 112 107 104
2576	7 67 116 28
2577	28 145 152 130
2578	184 51 12 30
2579	162 108 74 58
2580	131 96 86 191
2581	15 5 31 186
2582	135 43 119 132
2583	190 196 88 92
2584	12 34 10 98
2585	139 125 6 123
2586	73 137 32 171
2587	194 81 142 66
2588	85 113 78 131
2589	35 194 175 124
2590	180 41 86 157
2591	42 140 43 11
2592	188 35 8 180
2593	114 90 119 52
2594	99 84 73 63
2595	17 130 183 116
2596	91 90 189 171
2597	93 79 45 67
2598	65 23 117 46
2599	144 24 16 125
2600	80 27 172 23
2601	199 31 151 106
2602	133 5 6 140
2603	156 135 133 38
2604	33 1 136 2
2605	92 157 2 152
2606	127 58 134 110
2607	50 152 95 141
2608	47 65 87 52
2609	24 28 118 55
2610	147 133 14 172
2611	160 192 24 60
2612	57 167 13 153
2613	52 76 174 104
2614	150 144 33 169
2615	7 165 186 173
2616	23 25 45 17
2617	127 25 108 15
2618	171 140 108 20
2619	163 50 101 157
2620	28 134 152 50
2621	175 174 49 56
2622	169 173 2 100
2623	75 115 86 114
2624	147 194 123 198
2625	98 63 47 45
2626	186 69 77 100
2627	200 139 78 160
2628	156 97 49 102
2629	97 142 33 54
2630	88 181 123 120
2631	74 188 150 4
2632	15 68 175 84
2633	163 93 79 73
2634	83 24 163 23
2635	196 106 43 118
2636	104 196 35 93
2637	26 104 84 131
2638	192 180 153 122
2639	31 166 58 109
2640	60 58 21 16
2641	107 55 70 54
2642	157 73 179 131
2643	110 142 106 12
2644	66 161 18 1
2645	73 22 104 60
2646	65 80 191 138
2647	47 146 171 198
2648	161 11 153 93
2649	32 136 128 49
2650	69 107 147 32
2651	141 6 88 125
2652	122 30 176 123
2653	67 129 17 99
2654	1 188 125 58
2655	79 200 180 128
2656	171 37 41 51
2657	55 94 48 140
2658	140 118 176 15
2659	110 50 163 164
2660	174 13 97 22
2661	158 78 200 197
2662	27 2 162 79
2663	127 83 159 31
2664	77 150 148 3
2665	44 161 167 73
2666	113 20 71 64
2667	89 144 134 40
2668	150 29 99 191
2669	114 116 198 191
2670	13 184 138 1
2671	146 98 5 81
2672	13 155 147 96
2673	15 152 127 54
2674	103 171 159 3
2675	189 65 194 190
2676	194 181 134 197
2677	179 194 80 197
2678	18 111 64 161
2679	193 46 13 110
2680	99 86 142 46
2681	124 192 111 112
2682	26 122 172 96
2683	136 145 185 103
2684	175 151 154 139
2685	14 163 74 199
2686	58 140 25 100
2687	19 137 74 52
2688	163 51 47 119
2689	166 124 197 20
2690	35 81 54 153
2691	5 107 28 6
2692	97 2 174 93
2693	20 186 124 42
2694	53 137 174 40
2695	30 16 77 14
2696	115 83 132 22
2697	20 166 74 57
2698	130 50 9 193
2699	188 86 186 29
2700	123 47 58 86
2701	113 34 33 75
2702	68 110 3 165
2703	131 157 76 109
2704	16 193 49 168
2705	25 181 136 157
2706	57 48 165 120
2707	167 23 117 7
2708	179 106 160 48
2709	110 128 44 90
2710	80 85 196 140
2711	173 180 13 70
2712	73 126 72 148
2713	25 152 194 63
2714	38 6 34 41
2715	116 115 76 41
2716	147 63 181 137
2717	145 161 5 147
2718	165 7 84 195
2719	198 56 122 186
2720	152 124 105 126
2721	67 181 25 43
2722	138 103 62 145
2723	111 7 65 35
2724	22 62 53 50
2725	196 95 15 197
2726	167 127 20 23
2727	131 110 156 66
2728	94 3 158 91
2729	89 103 38 47
2730	162 27 174 43
2731	27 29 46 111
2732	120 80 125 22
2733	41 24 53 2
2734	157 170 12 193
2735	17 120 106 127
2736	151 25 179 33
2737	75 27 184 18
2738	198 75 4 80
2739	43 178 99 197
2740	52 137 178 14
2741	141 8 75 65
2742	170 183 85 175
2743	107 10 126 112
2744	20 89 168 163
2745	177 90 178 58
2746	78 177 128 98
2747	35 147 40 97
2748	159 81 151 188
2749	133 177 102 50
2750	134 168 95 81
2751	98 31 166 130
2752	198 119 44 71
2753	117 132 166 138
2754	94 158 172 173
2755	179 93 193 127
2756	100 14 84 171
2757	59 4 180 10
2758	79 196 75 11
2759	6 150 7 122
2760	140 171 185 121
2761	158 191 107 62
2762	31 132 130 10
2763	36 56 10 35
2764	110 90 176 9
2765	8 47 119 116
2766	135 101 29 123
2767	5 118 196 52
2768	130 136 186 152
2769	122 198 182 51
2770	123 155 101 49
2771	116 48 96 12
2772	158 62 105 87
2773	61 113 180 11
2774	60 65 111 97
2775	144 192 131 165
2776	134 175 20 152
2777	26 11 165 97
2778	22 156 149 130
2779	1 7 76 88
2780	169 6 52 13
2781	180 140 85 66
2782	150 169 193 139
2783	60 9 154 140
2784	188 58 167 104
2785	4 76 105 145
2786	177 79 51 45
2787	33 109 178 118
2788	38 107 46 21
2789	67 37 17 56
2790	193 120 122 76
2791	68 75 56 93
2792	17 113 114 135
2793	181 95 185 113
2794	182 153 98 125
2795	141 65 66 63
2796	30 194 8 137
2797	157 191 74 177
2798	49 98 174 38
2799	148 99 126 185
2800	133 170 176 166
2801	107 142 36 82
2802	198 56 14 117
2803	46 54 142 198
2804	138 6 188 145
2805	102 184 171 164
2806	137 103 54 77
2807	148 8 99 170
2808	176 4 84 23
2809	88 136 99 149
2810	96 93 117 160
2811	172 187 111 90
2812	159 180 173 45
2813	42 163 164 175
2814	155 144 141 146
2815	3 92 182 4
2816	98 14 45 104
2817	167 145 109 123
2818	173 110 43 73
2819	79 168 56 169
2820	181 21 100 122
2821	126 165 144 115
2822	117 158 65 180
2823	30 130 35 51
2824	73 35 98 100
2825	40 136 52 77
2826	143 167 163 44
2827	74 89 18 43
2828	59 188 132 12
2829	68 169 143 162
2830	165 27 43 131
2831	1 67 87 25
2832	128 32 28 93
2833	96 61 105 125
2834	91 58 126 190
2835	49 42 68 133
2836	35 53 170 75
2837	97 140 47 74
2838	35 85 4 161
2839	14 59 73 16
2840	5 97 40 167
2841	169 186 83 107
2842	122 130 179 197
2843	129 11 183 167
2844	92 60 57 79
2845	168 164 117 176
2846	48 2 141 47
2847	75 60 76 157
2848	30 79 131 187
2849	128 172 173 66
2850	191 87 68 77
2851	92 41 195 58
2852	94 154 113 157
2853	24 42 148 109
2854	191 10 66 98
2855	85 166 112 96
2856	22 154 9 197
2857	157 189 76 192
2858	36 152 161 166
2859	72 198 130 59
2860	26 126 63 148
2861	141 120 107 200
2862	23 16 143 67
2863	94 149 185 71
2864	42 91 130 2
2865	112 57 94 122
2866	56 150 89 36
2867	129 93 108 23
2868	6 56 147 37
2869	171 172 142 28
2870	105 133 23 71
2871	26 172 117 104
2872	54 107 195 90
2873	93 13 149 101
2874	191 5 113 85
2875	13 64 35 148
2876	75 187 142 18
2877	17 60 171 10
2878	45 48 91 94
2879	98 107 166 82
2880	140 33 40 103
2881	177 31 100 79
2882	88 39 161 29
2883	194 123 110 41
2884	28 65 25 1
2885	106 7 188 83
2886	10 13 77 152
2887	183 2 129 14
2888	10 137 121 97
2889	157 109 192 141
2890	64 132 6 195
2891	131 75 85 22
2892	5 86 98 108
2893	192 157 142 74
2894	188 92 87 113
2895	154 48 23 181
2896	7 26 77 4
2897	24 26 104 120
2898	61 3 90 99
2899	136 101 42 48
2900	89 19 116 191
2901	22 2 19 125
2902	6 138 53 157
2903	133 200 116 115
2904	147 58 70 8
2905	146 128 94 23
2906	121 191 190 177
2907	134 3 163 191
2908	128 49 1 144
2909	169 114 3 92
2910	141 66 177 5
2911	27 199 37 35
2912	150 88 82 65
2913	75 62 84 140
2914	48 199 124 112
2915	128 193 38 95
2916	88 35 171 122
2917	59 106 11 56
2918	196 20 46 186
2919	136 65 23 53
2920	125 176 126 161
2921	92 54 62 102
2922	196 44 155 200
2923	161 176 85 198
2924	81 114 34 68
2925	23 21 7 197
2926	173 54 49 120
2927	75 118 3 87
2928	87 101 198 75
2929	11 116 97 91
2930	144 89 132 14
2931	57 151 58 55
2932	182 54 181 186
2933	199 195 22 38
2934	7 112 185 17
2935	195 197 79 108
2936	142 151 131 198
2937	10 186 22 169
2938	164 69 23 33
2939	27 130 28 23
2940	128 142 68 28
2941	86 128 185 184
2942	83 98 32 130
2943	1 122 85 104
2944	141 160 44 122
2945	157 137 24 44
2946	127 102 53 22
2947	38 80 40 103
2948	175 74 158 164
2949	170 136 52 10
2950	50 153 80 68
2951	64 55 63 62
2952	170 73 44 154
2953	45 60 164 196
2954	2 40 155 108
2955	5 130 143 87
2956	137 16 106 170
2957	101 90 36 71
2958	129 122 28 51
2959	10 186 179 104
2960	69 137 22 196
2961	24 94 46 199
2962	112 94 42 38
2963	98 154 109 108
2964	110 149 88 20
2965	107 160 44 140
2966	39 143 150 200
2967	81 36 161 67
2968	86 25 33 85
2969	139 95 147 101
2970	50 198 189 124
2971	80 23 119 79
2972	184 2 165 200
2973	172 48 17 168
2974	36 33 30 164
2975	168 78 169 43
2976	169 195 179 97
2977	54 63 88 191
2978	158 49 40 183
2979	165 20 139 149
2980	37 57 198 30
2981	43 12 75 76
2982	150 186 156 192
2983	20 178 191 158
2984	190 178 72 115
2985	86 197 175 37
2986	64 89 123 157
2987	97 137 67 46
2988	119 149 196 101
2989	1 191 162 68
2990	147 79 85 136
2991	119 162 69 115
2992	6 100 194 163
2993	25 103 85 99
2994	181 153 187 130
2995	154 124 160 29
2996	112 131 8 126
2997	69 123 98 171
2998	92 75 77 97
2999	135 192 61 178
3000	58 134 50 195
3001	57 50 2 22
3002	61 66 57 25
3003	172 29 47 138
3004	187 140 59 103
3005	172 153 137 101
3006	24 53 89 5
3007	51 68 15 111
3008	198 186 8 57
3009	91 162 116 104
3010	117 108 93 97
3011	94 84 11 42
3012	138 129 22 92
3013	144 43 123 157
3014	41 120 40 42
3015	55 148 94 165
3016	57 111 132 108
3017	168 60 172 33
3018	200 25 185 105
3019	139 82 53 196
3020	100 192 139 106
3021	85 69 156 33
3022	97 153 43 199
3023	114 191 109 20
3024	46 165 109 200
3025	86 48 171 8
3026	136 105 147 83
3027	102 108 44 189
3028	162 164 75 11
3029	158 117 57 67
3030	8 30 97 77
3031	118 10 196 175
3032	94 182 164 130
3033	107 141 128 134
3034	126 5 35 193
3035	59 149 40 200
3036	153 7 22 148
3037	144 75 141 8
3038	168 84 155 19
3039	88 58 112 87
3040	18 191 67 48
3041	72 43 180 188
3042	104 40 84 162
3043	19 70 88 49
3044	121 75 134 157
3045	37 14 190 10
3046	72 48 50 83
3047	170 20 69 166
3048	30 160 134 135
3049	6 162 154 68
3050	156 28 21 172
3051	56 5 157 195
3052	167 14 127 191
3053	68 135 155 157
3054	19 192 160 93
3055	135 187 116 79
3056	173 116 35 129
3057	172 84 11 98
3058	186 3 17 85
3059	31 43 96 132
3060	55 137 145 110
3061	106 135 196 48
3062	127 131 117 3
3063	131 85 128 140
3064	82 158 160 29
3065	181 90 118 195
3066	59 23 101 141
3067	121 48 50 194
3068	112 171 192 103
3069	165 32 111 3
3070	83 92 165 85
3071	93 25 77 137
3072	189 146 14 114
3073	163 92 171 109
3074	29 133 71 10
3075	148 63 43 124
3076	95 120 114 96
3077	8 6 23 166
3078	129 18 46 95
3079	1 59 182 82
3080	54 197 7 36
3081	31 56 41 11
3082	145 107 60 114
3083	15 186 40 28
3084	58 171 47 150
3085	125 47 8 173
3086	87 64 80 28
3087	53 171 38 1
3088	157 50 172 7
3089	8 161 38 26
3090	34 56 8 74
3091	161 22 56 36
3092	12 56 93 73
3093	117 122 89 169
3094	58 109 194 127
3095	1 39 52 117
3096	74 145 49 118
3097	155 91 73 68
3098	111 194 26 95
3099	4 35 44 55
3100	90 196 88 66
3101	198 57 42 121
3102	92 146 160 119
3103	12 115 25 183
3104	115 77 84 142
3105	60 159 84 168
3106	173 54 77 91
3107	149 6 155 2
3108	21 125 148 23
3109	79 141 178 137
3110	41 174 28 147
3111	112 38 110 12
3112	144 7 148 199
3113	99 161 124 173
3114	139 60 112 39
3115	64 160 129 194
3116	5 15 81 159
3117	90 59 106 58
3118	58 78 43 170
3119	192 191 151 66
3120	71 53 95 105
3121	80 19 110 149
3122	73 99 45 67
3123	47 192 77 96
3124	172 49 22 120
3125	134 20 52 156
3126	60 34 146 182
3127	6 53 45 70
3128	51 184 119 173
3129	156 107 136 90
3130	102 104 194 122
3131	81 80 54 122
3132	159 142 155 4
3133	164 196 187 119
3134	4 181 55 121
3135	192 139 116 64
3136	95 68 169 125
3137	47 51 114 169
3138	88 124 106 185
3139	108 173 102 111
3140	26 180 90 169
3141	102 120 95 189
3142	133 116 121 200
3143	163 161 137 196
3144	194 127 40 42
3145	163 195 147 79
3146	151 92 176 135
3147	113 14 137 190
3148	166 17 7 89
3149	166 33 12 163
3150	76 154 160 50
3151	189 14 153 184
3152	53 113 37 199
3153	68 56 171 167
3154	150 148 27 192
3155	86 196 114 1
3156	89 12 51 44
3157	168 66 64 182
3158	145 155 161 199
3159	127 112 100 120
3160	44 42 68 150
3161	119 153 195 111
3162	106 144 9 85
3163	16 28 58 1
3164	21 179 137 28
3165	151 163 154 32
3166	57 170 122 49
3167	195 102 106 99
3168	52 105 173 1
3169	15 108 151 138
3170	24 65 182 23
3171	63 135 91 102
3172	180 175 75 3
3173	128 196 91 52
3174	165 179 45 161
3175	101 55 14 135
3176	23 70 176 35
3177	50 76 147 12
3178	147 95 34 162
3179	145 166 129 52
3180	6 69 114 76
3181	7 54 172 98
3182	6 122 119 26
3183	110 58 124 109
3184	177 92 3 58
3185	114 11 32 19
3186	143 196 119 59
3187	112 9 43 153
3188	132 39 11 189
3189	41 95 70 173
3190	45 133 4 65
3191	124 52 23 63
3192	41 149 153 199
3193	182 162 26 74
3194	60 122 163 150
3195	196 140 8 25
3196	38 142 77 121
3197	165 182 93 151
3198	80 101 21 47
3199	197 86 29 138
3200	68 88 74 65
3201	90 199 86 93
3202	34 65 50 149
3203	118 12 112 71
3204	123 189 162 62
3205	150 110 53 13
3206	162 30 61 63
3207	182 82 95 172
3208	47 116 166 141
3209	122 163 5 156
3210	59 19 108 160
3211	101 148 133 45
3212	139 195 153 39
3213	76 121 175 78
3214	158 83 6 46
3215	35 192 62 100
3216	44 184 31 177
3217	95 109 18 143
3218	160 30 84 127
3219	84 88 99 1
3220	55 25 188 11
3221	51 188 22 170
3222	156 167 78 81
3223	177 61 157 197
3224	14 27 67 105
3225	133 163 77 153
3226	64 35 93 128
3227	67 85 146 168
3228	42 152 63 118
3229	67 178 145 14
3230	25 143 20 2
3231	30 77 37 88
3232	184 166 125 161
3233	28 105 97 196
3234	72 176 58 10
3235	52 43 171 14
3236	89 28 159 10
3237	88 178 150 156
3238	27 181 13 192
3239	4 125 77 7
3240	124 172 121 135
3241	87 175 70 71
3242	33 112 126 64
3243	107 8 182 16
3244	142 165 171 135
3245	85 105 83 116
3246	179 142 17 61
3247	58 139 199 2
3248	185 88 107 27
3249	173 1 147 119
3250	121 6 167 45
3251	46 106 37 43
3252	68 26 137 93
3253	103 76 37 68
3254	64 102 55 125
3255	116 148 153 9
3256	10 114 98 23
3257	26 146 193 157
3258	105 102 56 28
3259	10 23 80 33
3260	149 24 91 160
3261	71 65 80 153
3262	195 107 119 173
3263	48 122 137 69
3264	31 44 152 91
3265	183 188 112 85
3266	29 188 36 8
3267	73 142 175 75
3268	194 131 4 79
3269	43 116 197 111
3270	26 63 13 25
3271	124 116 59 198
3272	34 178 18 90
3273	176 9 35 81
3274	189 39 65 145
3275	160 18 30 2
3276	186 2 145 9
3277	188 47 154 153
3278	123 65 30 179
3279	12 13 154 22
3280	100 175 25 93
3281	125 18 85 69
3282	106 150 44 144
3283	166 109 114 181
3284	147 104 144 154
3285	6 109 187 157
3286	171 57 154 58
3287	61 156 31 52
3288	28 187 145 32
3289	14 188 9 165
3290	9 55 24 82
3291	10 49 78 7
3292	134 158 64 144
3293	95 133 1 91
3294	148 127 101 138
3295	129 192 80 124
3296	125 135 99 158
3297	163 25 175 10
3298	113 123 102 171
3299	78 171 158 7
3300	61 189 177 96
3301	146 39 198 170
3302	135 143 89 75
3303	88 200 109 85
3304	79 56 30 11
3305	180 151 50 67
3306	197 153 91 167
3307	200 177 82 40
3308	37 89 150 29
3309	81 18 14 37
3310	91 16 39 117
3311	80 26 138 39
3312	6 5 26 15
3313	104 14 31 186
3314	37 77 119 28
3315	56 167 110 148
3316	187 138 154 26
3317	99 86 74 65
3318	105 112 115 50
3319	112 29 44 166
3320	22 6 188 42
3321	18 163 105 33
3322	26 160 158 129
3323	151 112 70 145
3324	130 80 127 31
3325	171 133 145 168
3326	52 72 20 30
3327	121 64 161 70
3328	54 57 60 182
3329	180 13 11 199
3330	66 69 31 97
3331	69 185 144 172
3332	178 110 172 16
3333	189 57 66 194
3334	156 187 170 90
3335	63 165 162 45
3336	140 133 120 109
3337	8 21 45 39
3338	128 166 70 173
3339	146 106 147 13
3340	4 164 160 63
3341	54 163 100 190
3342	182 160 75 58
3343	17 64 185 187
3344	156 7 70 98
3345	97 16 60 183
3346	21 131 110 77
3347	151 120 101 170
3348	104 105 171 146
3349	54 1 189 76
3350	100 188 97 150
3351	113 52 185 19
3352	187 198 99 152
3353	8 130 21 189
3354	28 41 160 145
3355	171 55 124 48
3356	5 197 192 127
3357	8 21 65 60
3358	168 46 136 39
3359	132 122 52 78
3360	170 113 137 142
3361	105 190 196 50
3362	109 160 187 67
3363	190 28 188 195
3364	175 10 74 79
3365	150 63 133 182
3366	136 25 70 143
3367	62 153 9 111
3368	135 49 40 123
3369	155 160 190 55
3370	54 84 179 138
3371	99 137 144 75
3372	51 87 83 80
3373	141 83 4 36
3374	24 6 182 46
3375	25 155 62 124
3376	47 181 160 18
3377	179 19 63 171
3378	187 88 170 91
3379	182 104 14 93
3380	86 117 110 154
3381	184 34 108 171
3382	107 43 46 79
3383	72 56 42 102
3384	108 81 27 118
3385	5 159 181 195
3386	112 82 5 163
3387	12 26 160 86
3388	198 197 171 166
3389	130 111 125 25
3390	42 67 187 15
3391	12 138 49 174
3392	18 145 32 174
3393	61 172 16 69
3394	194 146 12 56
3395	193 103 53 186
3396	17 90 191 79
3397	178 179 36 79
3398	79 147 193 47
3399	141 18 116 162
3400	150 15 89 103
3401	31 29 149 134
3402	56 52 50 184
3403	19 94 161 84
3404	111 23 58 130
3405	7 154 13 47
3406	180 108 9 113
3407	140 5 35 198
3408	138 173 13 62
3409	184 80 167 76
3410	28 10 199 99
3411	121 197 37 15
3412	64 120 59 30
3413	34 25 44 189
3414	122 18 147 61
3415	11 125 41 86
3416	184 38 126 190
3417	85 136 140 44
3418	35 121 191 21
3419	28 58 129 133
3420	126 176 174 75
3421	100 36 191 67
3422	89 36 80 163
3423	182 136 62 128
3424	173 44 181 126
3425	186 167 188 58
3426	24 42 106 161
3427	132 2 187 7
3428	135 68 160 89
3429	90 115 185 27
3430	61 126 138 69
3431	54 4 21 108
3432	119 10 115 189
3433	195 91 28 190
3434	32 169 192 132
3435	152 188 192 117
3436	196 105 91 72
3437	174 55 56 112
3438	93 126 5 109
3439	109 167 105 125
3440	11 94 114 130
3441	119 169 10 38
3442	2 32 156 166
3443	2 200 88 57
3444	31 16 84 82
3445	187 144 94 108
3446	182 94 107 38
3447	70 64 92 195
3448	187 38 115 156
3449	98 95 134 173
3450	32 199 187 13
3451	171 149 24 97
3452	76 89 22 27
3453	144 57 28 200
3454	7 129 13 51
3455	38 99 124 1
3456	16 122 104 97
3457	161 73 167 199
3458	32 47 96 14
3459	12 160 169 70
3460	58 61 189 131
3461	95 117 189 101
3462	85 100 139 180
3463	19 194 135 81
3464	121 191 26 127
3465	97 35 42 156
3466	19 55 47 100
3467	92 26 83 196
3468	177 162 129 71
3469	130 98 122 60
3470	28 3 87 169
3471	45 78 93 24
3472	99 64 35 60
3473	170 176 50 33
3474	132 28 12 130
3475	102 88 161 9
3476	87 39 149 56
3477	157 147 18 143
3478	12 139 119 30
3479	22 19 63 21
3480	170 84 126 191
3481	192 7 166 197
3482	24 44 85 49
3483	167 131 183 93
3484	156 27 120 93
3485	182 100 130 171
3486	77 131 43 91
3487	84 27 160 95
3488	12 100 137 130
3489	3 95 106 190
3490	88 147 63 71
3491	190 128 44 189
3492	146 176 127 134
3493	102 192 90 139
3494	12 35 198 79
3495	176 101 114 174
3496	91 12 150 6
3497	101 108 126 16
3498	66 117 142 42
3499	62 197 159 40
3500	136 60 149 67
3501	16 25 118 197
3502	24 195 190 188
3503	4 116 55 154
3504	117 77 170 59
3505	162 136 164 41
3506	117 39 18 24
3507	75 59 153 95
3508	23 11 61 150
3509	65 78 24 92
3510	115 151 87 18
3511	42 80 16 54
3512	113 87 182 148
3513	134 199 27 8
3514	20 164 94 19
3515	45 108 104 133
3516	101 69 71 200
3517	121 34 98 179
3518	50 76 159 93
3519	102 41 52 145
3520	20 120 87 47
3521	30 38 116 63
3522	37 163 86 107
3523	52 185 54 141
3524	6 150 82 33
3525	197 55 195 92
3526	29 77 78 50
3527	159 150 72 189
3528	115 153 18 46
3529	96 80 188 95
3530	113 81 142 111
3531	82 158 96 118
3532	132 139 86 54
3533	102 75 109 174
3534	148 21 74 10
3535	141 189 90 47
3536	154 53 136 157
3537	66 99 70 88
3538	129 79 154 97
3539	85 15 116 125
3540	29 196 84 93
3541	24 34 140 180
3542	166 21 137 22
3543	180 49 196 186
3544	137 32 199 17
3545	7 42 6 193
3546	104 75 180 187
3547	140 156 105 68
3548	65 190 36 3
3549	158 142 152 133
3550	65 57 180 79
3551	14 63 135 170
3552	200 71 18 188
3553	45 152 145 199
3554	40 177 71 5
3555	33 198 142 125
3556	64 139 141 96
3557	56 73 21 51
3558	110 47 54 17
3559	63 107 9 42
3560	125 20 88 166
3561	74 64 79 134
3562	121 15 1 52
3563	141 184 137 106
3564	15 187 145 137
3565	22 192 175 34
3566	104 58 116 183
3567	53 145 195 91
3568	173 60 94 186
3569	158 188 112 70
3570	152 57 193 96
3571	129 100 45 56
3572	157 186 176 192
3573	40 116 130 14
3574	144 168 48 185
3575	108 140 175 110
3576	142 39 5 126
3577	110 69 180 38
3578	150 36 164 99
3579	159 200 44 190
3580	136 2 14 17
3581	135 104 106 69
3582	172 62 38 13
3583	198 18 187 43
3584	147 173 37 16
3585	158 35 99 168
3586	184 155 160 164
3587	103 37 178 71
3588	128 47 81 103
3589	72 182 50 2
3590	22 87 8 35
3591	48 190 192 115
3592	21 27 4 47
3593	1 19 74 130
3594	163 195 102 7
3595	72 100 173 130
3596	45 119 66 78
3597	85 95 135 76
3598	74 35 196 176
3599	7 134 52 156
3600	38 50 141 177
3601	146 76 129 196
3602	61 21 138 57
3603	156 160 109 11
3604	105 72 79 145
3605	150 199 63 25
3606	190 186 199 163
3607	181 126 32 13
3608	66 193 107 43
3609	30 67 193 12
3610	109 171 88 85
3611	65 21 68 72
3612	81 197 33 86
3613	84 178 50 17
3614	64 85 157 119
3615	35 115 146 30
3616	89 73 70 26
3617	34 121 186 17
3618	51 108 49 193
3619	180 47 108 118
3620	31 151 110 185
3621	96 10 84 59
3622	168 8 47 166
3623	78 32 114 9
3624	106 181 83 42
3625	156 186 150 18
3626	43 76 179 95
3627	27 22 77 107
3628	45 105 80 23
3629	118 45 133 80
3630	132 171 19 108
3631	52 169 85 116
3632	194 187 136 50
3633	158 61 197 62
3634	92 154 125 134
3635	145 152 95 197
3636	56 138 199 124
3637	132 150 147 74
3638	58 140 32 36
3639	14 49 72 130
3640	70 73 139 20
3641	141 172 198 4
3642	112 61 98 22
3643	75 45 126 146
3644	59 2 36 47
3645	10 24 38 27
3646	157 60 30 29
3647	115 24 61 122
3648	83 54 72 171
3649	74 118 71 146
3650	34 117 122 8
3651	196 5 52 194
3652	117 113 161 46
3653	171 198 97 37
3654	196 111 167 127
3655	128 11 183 139
3656	198 146 98 172
3657	171 101 11 71
3658	71 119 135 178
3659	42 139 23 176
3660	33 30 173 150
3661	146 96 197 28
3662	47 177 61 183
3663	81 63 32 99
3664	159 109 10 48
3665	99 18 167 196
3666	76 159 45 44
3667	60 37 69 103
3668	156 173 65 161
3669	24 123 12 59
3670	142 85 108 127
3671	189 138 106 97
3672	85 192 40 60
3673	143 10 122 9
3674	71 34 104 138
3675	36 109 115 172
3676	167 1 150 131
3677	180 195 37 148
3678	43 54 132 65
3679	102 40 122 130
3680	166 164 12 197
3681	16 12 182 126
3682	181 160 153 52
3683	95 153 119 21
3684	198 118 171 100
3685	96 122 66 189
3686	71 102 147 80
3687	180 26 105 112
3688	132 123 142 181
3689	16 192 169 74
3690	89 96 28 14
3691	175 27 48 128
3692	189 15 100 191
3693	177 137 25 30
3694	100 109 136 5
3695	91 182 163 88
3696	19 192 167 89
3697	27 187 12 99
3698	91 172 35 94
3699	70 156 171 74
3700	170 138 140 175
3701	72 64 54 34
3702	7 36 143 101
3703	29 73 40 160
3704	106 193 127 82
3705	82 35 51 100
3706	64 126 194 164
3707	152 146 191 145
3708	197 196 4 1
3709	185 32 145 15
3710	85 8 192 106
3711	55 155 144 1
3712	151 3 84 152
3713	155 95 136 192
3714	51 47 142 81
3715	56 28 103 193
3716	1 194 197 181
3717	91 36 40 45
3718	113 143 109 190
3719	66 70 156 78
3720	4 96 81 182
3721	111 72 36 192
3722	145 129 8 18
3723	51 11 77 41
3724	91 105 180 145
3725	139 41 68 47
3726	191 43 167 81
3727	75 90 120 71
3728	107 165 43 15
3729	107 28 51 127
3730	191 123 157 28
3731	168 64 76 144
3732	181 65 134 58
3733	167 130 57 53
3734	29 50 51 94
3735	128 54 107 200
3736	178 121 125 41
3737	128 88 125 79
3738	196 5 92 151
3739	15 98 200 55
3740	6 10 198 2
3741	198 177 41 3
3742	143 31 141 132
3743	53 165 142 186
3744	184 190 198 186
3745	148 166 41 147
3746	149 29 154 156
3747	61 150 9 171
3748	25 172 199 64
3749	87 57 56 62
3750	5 61 25 112
3751	2 39 57 101
3752	148 140 81 52
3753	68 66 111 145
3754	103 38 13 162
3755	14 47 85 90
3756	174 130 58 167
3757	73 41 90 8
3758	145 82 137 189
3759	168 180 14 140
3760	130 180 66 49
3761	67 131 108 139
3762	75 47 34 46
3763	148 117 56 191
3764	69 5 17 186
3765	109 55 21 168
3766	55 21 178 123
3767	114 188 102 132
3768	155 182 6 10
3769	109 185 28 15
3770	106 152 182 111
3771	185 194 60 62
3772	134 105 89 143
3773	124 160 116 2
3774	148 117 189 150
3775	16 115 106 78
3776	19 120 72 30
3777	18 97 76 170
3778	2 36 71 183
3779	21 57 103 80
3780	99 105 185 51
3781	142 109 154 164
3782	160 5 131 132
3783	165 67 48 59
3784	171 130 153 31
3785	59 25 95 16
3786	9 3 122 117
3787	25 198 104 94
3788	173 60 86 49
3789	26 95 119 180
3790	119 78 121 45
3791	18 50 179 102
3792	139 47 6 13
3793	95 34 36 2
3794	2 31 130 18
3795	130 84 165 164
3796	175 76 111 186
3797	30 59 27 174
3798	29 94 141 73
3799	174 96 148 99
3800	160 8 125 80
3801	68 192 42 163
3802	55 156 28 19
3803	19 44 196 20
3804	148 1 140 36
3805	191 32 71 154
3806	150 94 179 102
3807	116 153 21 85
3808	16 196 189 73
3809	77 81 21 89
3810	39 163 87 189
3811	146 133 42 116
3812	17 103 33 48
3813	124 147 15 30
3814	121 118 68 170
3815	136 55 173 196
3816	65 53 4 155
3817	182 179 59 60
3818	197 88 50 173
3819	120 192 119 188
3820	15 25 167 137
3821	86 19 15 51
3822	11 84 16 77
3823	18 194 199 40
3824	108 28 155 123
3825	140 160 56 182
3826	12 178 165 6
3827	6 53 109 143
3828	78 101 128 168
3829	116 62 101 155
3830	144 148 86 185
3831	168 167 114 169
3832	169 190 200 105
3833	57 198 192 95
3834	16 154 106 44
3835	42 74 190 161
3836	157 131 12 166
3837	37 46 99 93
3838	62 85 22 49
3839	130 105 94 103
3840	110 182 189 119
3841	51 73 16 64
3842	137 41 84 36
3843	89 44 192 30
3844	46 188 71 99
3845	92 48 122 190
3846	56 87 120 50
3847	163 124 92 1
3848	142 158 135 168
3849	103 31 185 119
3850	31 39 195 142
3851	86 161 37 109
3852	152 33 25 75
3853	136 52 75 88
3854	12 130 177 34
3855	102 54 6 141
3856	179 103 86 168
3857	124 157 65 36
3858	177 10 101 8
3859	42 143 156 159
3860	167 179 25 18
3861	94 112 82 185
3862	87 14 22 37
3863	5 162 82 123
3864	149 58 104 1
3865	124 151 100 51
3866	50 88 130 186
3867	68 177 3 130
3868	134 98 169 118
3869	174 168 123 57
3870	102 167 124 30
3871	92 145 65 77
3872	147 135 43 183
3873	194 14 51 17
3874	63 115 118 8
3875	137 188 165 26
3876	16 65 70 158
3877	140 26 191 168
3878	160 125 180 149
3879	56 111 185 190
3880	133 22 40 75
3881	198 136 192 98
3882	187 180 69 9
3883	81 158 152 111
3884	53 159 187 17
3885	151 185 66 173
3886	188 176 179 133
3887	70 45 87 41
3888	85 94 197 103
3889	81 96 184 98
3890	137 199 149 3
3891	129 157 190 3
3892	27 100 197 45
3893	56 29 2 106
3894	97 78 50 65
3895	177 46 4 54
3896	95 10 180 117
3897	76 68 108 133
3898	34 192 109 72
3899	20 101 110 116
3900	29 131 21 45
3901	73 36 154 69
3902	144 184 104 160
3903	60 65 161 112
3904	103 11 169 129
3905	133 163 140 41
3906	199 37 27 168
3907	154 171 144 56
3908	144 160 180 170
3909	166 6 124 68
3910	194 137 130 3
3911	185 58 183 36
3912	73 173 14 32
3913	196 141 121 71
3914	104 133 63 79
3915	168 112 190 89
3916	65 132 21 19
3917	151 190 96 65
3918	86 15 184 33
3919	61 117 15 56
3920	64 113 48 169
3921	16 154 29 63
3922	82 25 9 148
3923	49 19 42 15
3924	55 174 183 51
3925	83 65 165 99
3926	102 28 2 53
3927	42 62 134 138
3928	48 158 166 37
3929	137 194 165 99
3930	171 108 159 14
3931	102 42 183 28
3932	108 92 104 72
3933	168 47 119 136
3934	166 153 54 79
3935	118 162 190 181
3936	8 156 128 15
3937	178 122 28 171
3938	50 123 166 82
3939	141 134 127 67
3940	171 92 74 109
3941	105 27 36 66
3942	138 109 26 39
3943	72 3 118 17
3944	45 154 135 39
3945	180 146 95 182
3946	169 70 15 198
3947	20 150 127 37
3948	186 44 56 30
3949	146 116 181 7
3950	109 71 13 157
3951	76 58 183 80
3952	136 38 127 178
3953	74 15 65 20
3954	157 156 19 49
3955	87 92 182 77
3956	197 154 168 71
3957	122 99 181 89
3958	140 30 92 98
3959	140 133 11 144
3960	125 48 67 96
3961	181 50 152 173
3962	179 162 189 43
3963	120 138 185 78
3964	32 186 82 9
3965	131 5 135 108
3966	173 148 19 175
3967	158 59 52 19
3968	85 175 173 87
3969	107 155 117 21
3970	33 98 112 145
3971	186 112 102 140
3972	52 83 81 102
3973	31 75 2 149
3974	24 38 55 79
3975	71 53 55 100
3976	129 102 114 195
3977	61 36 118 119
3978	96 171 3 14
3979	181 149 153 5
3980	172 185 28 171
3981	91 143 185 107
3982	70 36 144 30
3983	128 31 146 62
3984	63 20 6 115
3985	72 128 180 46
3986	16 112 170 48
3987	154 67 2 34
3988	92 9 103 110
3989	112 48 17 82
3990	168 61 98 100
3991	183 74 99 73
3992	6 103 157 197
3993	115 52 10 150
3994	186 159 141 36
3995	48 139 166 14
3996	60 108 18 175
3997	162 32 132 173
3998	45 191 13 78
3999	194 35 113 64
4000	62 129 189 92
4001	87 64 116 32
4002	53 73 94 111
4003	49 101 143 60
4004	64 60 27 103
4005	154 129 124 130
4006	175 151 117 6
4007	94 160 161 144
4008	170 85 103 64
4009	187 115 136 190
4010	77 162 111 172
4011	107 62 196 122
4012	29 8 166 31
4013	154 123 68 5
4014	148 93 164 129
4015	101 108 139 41
4016	173 70 13 133
4017	68 132 89 100
4018	32 31 187 162
4019	56 200 179 75
4020	165 6 92 100
4021	182 31 98 19
4022	147 68 158 176
4023	58 123 64 191
4024	23 41 153 61
4025	18 67 61 129
4026	172 194 45 164
4027	133 27 9 138
4028	171 15 5 56
4029	48 58 110 142
4030	62 79 152 129
4031	18 29 101 9
4032	139 81 141 169
4033	72 39 77 91
4034	72 167 77 193
4035	107 7 22 43
4036	12 50 156 77
4037	112 138 196 197
4038	30 199 100 77
4039	25 175 129 170
4040	108 130 127 143
4041	131 103 100 48
4042	172 179 145 170
4043	36 119 86 146
4044	186 52 58 8
4045	46 15 93 184
4046	139 131 144 50
4047	165 85 46 83
4048	57 117 128 49
4049	122 176 142 131
4050	184 76 153 55
4051	18 31 41 66
4052	111 97 110 169
4053	85 58 83 120
4054	26 112 135 181
4055	130 44 51 96
4056	29 130 170 166
4057	11 168 197 102
4058	116 160 143 30
4059	53 168 157 72
4060	137 136 31 7
4061	135 20 82 13
4062	152 119 184 13
4063	145 45 46 20
4064	162 9 37 165
4065	7 43 143 55
4066	23 50 57 42
4067	190 36 90 142
4068	18 19 146 54
4069	164 165 81 122
4070	103 99 34 86
4071	152 131 44 188
4072	14 128 200 142
4073	167 185 52 22
4074	85 57 181 96
4075	113 195 177 196
4076	110 29 117 158
4077	93 187 149 107
4078	155 85 180 15
4079	161 135 116 88
4080	28 148 59 61
4081	50 122 72 88
4082	181 183 137 72
4083	185 31 89 94
4084	152 143 119 61
4085	120 118 147 151
4086	40 39 136 181
4087	22 135 161 180
4088	123 15 98 74
4089	171 138 70 63
4090	50 119 142 152
4091	28 53 48 131
4092	161 65 190 12
4093	82 47 15 63
4094	125 148 95 19
4095	21 128 192 1
4096	121 142 64 162
4097	90 19 3 147
4098	123 146 104 103
4099	162 51 1 54
4100	14 73 57 172
4101	111 24 53 29
4102	110 55 85 14
4103	8 196 19 21
4104	109 58 62 9
4105	59 40 125 90
4106	107 33 57 106
4107	36 18 45 93
4108	25 197 129 81
4109	90 41 77 101
4110	138 146 122 97
4111	142 105 49 171
4112	50 36 68 7
4113	119 77 127 132
4114	48 32 57 50
4115	126 129 18 109
4116	197 16 159 119
4117	17 14 166 125
4118	18 178 54 151
4119	170 191 83 141
4120	116 184 168 85
4121	149 163 101 49
4122	138 69 5 167
4123	10 81 138 161
4124	79 175 78 34
4125	161 36 75 18
4126	60 160 2 114
4127	124 76 29 134
4128	73 114 12 70
4129	162 179 44 180
4130	3 34 124 132
4131	119 90 6 189
4132	97 135 94 60
4133	127 20 51 75
4134	25 179 95 190
4135	152 82 19 1
4136	2 89 186 78
4137	156 169 194 149
4138	141 71 181 113
4139	66 58 61 104
4140	81 30 167 103
4141	115 27 112 32
4142	89 75 3 64
4143	170 59 28 47
4144	132 5 30 9
4145	9 92 178 34
4146	162 149 71 50
4147	185 197 12 80
4148	159 148 114 84
4149	183 121 155 116
4150	59 152 21 39
4151	124 107 99 120
4152	15 30 197 137
4153	92 83 94 14
4154	111 14 22 31
4155	157 31 38 161
4156	199 89 136 116
4157	74 135 82 151
4158	188 151 62 168
4159	6 122 120 27
4160	15 199 83 189
4161	160 144 119 200
4162	22 34 143 187
4163	181 135 73 97
4164	32 23 137 77
4165	133 137 101 20
4166	180 102 138 48
4167	108 94 16 143
4168	154 77 122 104
4169	169 143 167 189
4170	182 130 43 145
4171	190 116 141 54
4172	108 116 86 106
4173	56 171 147 74
4174	107 173 6 175
4175	53 186 121 196
4176	132 117 7 85
4177	37 112 25 34
4178	133 77 88 100
4179	65 78 145 19
4180	81 157 80 106
4181	158 182 83 51
4182	70 3 84 69
4183	97 127 140 121
4184	101 72 124 99
4185	167 114 150 168
4186	21 33 35 53
4187	24 197 1 174
4188	69 179 156 131
4189	163 47 88 94
4190	108 151 161 156
4191	134 191 8 107
4192	127 19 112 69
4193	40 13 107 88
4194	2 191 7 185
4195	42 184 58 44
4196	51 151 110 141
4197	120 186 168 174
4198	56 132 30 165
4199	147 104 92 184
4200	91 171 100 150
4201	189 184 150 47
4202	172 104 154 119
4203	141 65 13 165
4204	156 89 63 180
4205	28 37 134 77
4206	151 70 170 145
4207	86 6 126 30
4208	81 162 95 127
4209	69 200 163 124
4210	50 49 47 133
4211	25 101 170 136
4212	81 169 148 190
4213	59 117 93 131
4214	177 110 10 85
4215	135 128 113 176
4216	154 193 42 122
4217	61 128 31 84
4218	6 24 150 52
4219	55 160 109 140
4220	48 27 14 68
4221	145 113 68 191
4222	155 106 144 142
4223	103 40 59 93
4224	44 139 126 81
4225	7 165 106 188
4226	4 14 138 134
4227	123 120 103 88
4228	67 27 89 60
4229	193 194 113 198
4230	164 70 35 149
4231	31 179 3 97
4232	5 126 89 25
4233	41 60 152 102
4234	19 186 13 153
4235	49 54 118 68
4236	131 136 27 37
4237	127 164 17 173
4238	197 138 158 165
4239	127 91 107 139
4240	40 88 22 115
4241	87 49 140 198
4242	175 104 193 107
4243	76 48 177 24
4244	76 184 103 29
4245	126 26 46 66
4246	20 14 91 145
4247	39 67 130 166
4248	195 45 28 71
4249	64 107 135 38
4250	45 11 13 56
4251	47 161 142 139
4252	148 30 177 84
4253	20 116 148 57
4254	146 25 195 162
4255	72 90 171 32
4256	65 144 161 54
4257	185 192 63 146
4258	65 141 113 117
4259	184 130 40 18
4260	39 72 116 147
4261	171 166 53 183
4262	145 187 133 104
4263	61 186 192 187
4264	139 138 123 120
4265	31 44 146 165
4266	47 171 18 199
4267	199 94 2 102
4268	48 19 31 83
4269	122 200 49 192
4270	177 179 139 54
4271	61 99 94 81
4272	199 90 132 20
4273	108 2 132 99
4274	80 125 186 79
4275	86 66 8 47
4276	31 166 10 176
4277	121 21 182 61
4278	118 178 89 26
4279	180 186 178 199
4280	72 95 157 17
4281	70 83 7 50
4282	17 183 64 80
4283	46 152 62 179
4284	152 120 51 166
4285	56 178 180 88
4286	91 123 18 117
4287	126 136 197 130
4288	193 13 192 15
4289	85 51 27 156
4290	62 92 177 93
4291	3 39 183 137
4292	99 42 13 126
4293	130 71 106 197
4294	50 188 84 43
4295	153 191 195 185
4296	59 75 145 7
4297	107 178 56 11
4298	48 33 12 39
4299	37 124 64 130
4300	125 148 172 1
4301	185 22 138 76
4302	158 142 183 120
4303	156 87 9 94
4304	194 5 48 50
4305	200 152 100 18
4306	52 36 161 119
4307	200 80 34 74
4308	154 16 64 3
4309	177 74 163 132
4310	8 161 123 49
4311	44 165 129 9
4312	24 151 132 149
4313	106 97 35 95
4314	188 65 119 66
4315	16 88 169 185
4316	66 17 165 50
4317	148 112 160 72
4318	115 66 182 194
4319	26 25 30 164
4320	190 139 152 112
4321	46 124 154 126
4322	148 153 144 155
4323	38 7 46 21
4324	163 41 136 99
4325	158 136 168 93
4326	24 56 59 138
4327	142 33 13 119
4328	183 119 57 3
4329	123 197 110 40
4330	174 26 153 114
4331	89 161 18 85
4332	93 62 44 193
4333	77 14 90 70
4334	100 77 138 122
4335	159 175 150 123
4336	181 31 115 158
4337	92 188 135 126
4338	109 33 93 88
4339	128 156 126 22
4340	42 90 160 157
4341	153 25 66 101
4342	188 198 25 171
4343	37 32 167 133
4344	148 16 178 145
4345	179 180 73 122
4346	146 184 104 152
4347	21 148 100 104
4348	49 172 85 107
4349	89 20 100 116
4350	192 53 14 122
4351	136 115 76 183
4352	119 106 197 153
4353	193 185 116 84
4354	46 189 140 39
4355	29 38 124 120
4356	157 91 103 181
4357	155 31 22 177
4358	77 152 53 7
4359	50 69 150 158
4360	125 59 176 47
4361	108 146 25 168
4362	15 135 167 8
4363	26 61 54 84
4364	172 68 43 40
4365	10 135 99 150
4366	200 178 5 108
4367	107 94 189 34
4368	40 114 104 168
4369	123 80 103 162
4370	93 47 6 178
4371	193 74 157 27
4372	14 6 107 79
4373	100 19 55 133
4374	53 166 46 62
4375	42 40 185 2
4376	85 153 58 50
4377	96 121 169 32
4378	5 154 164 106
4379	13 89 187 86
4380	12 177 7 95
4381	61 128 56 77
4382	28 153 97 88
4383	19 55 88 126
4384	8 26 119 52
4385	36 24 176 183
4386	36 173 153 11
4387	72 193 39 43
4388	177 163 14 160
4389	68 111 138 38
4390	117 57 160 4
4391	13 11 105 73
4392	187 194 139 59
4393	163 88 120 151
4394	156 47 7 13
4395	76 100 49 132
4396	60 153 109 70
4397	68 28 129 73
4398	23 29 56 110
4399	25 22 167 68
4400	24 46 125 104
4401	196 132 50 90
4402	161 16 156 95
4403	190 77 125 37
4404	90 178 26 192
4405	20 34 33 158
4406	12 96 43 116
4407	169 46 13 92
4408	16 188 4 84
4409	138 55 65 79
4410	6 100 174 81
4411	24 18 53 122
4412	192 183 21 58
4413	55 192 191 42
4414	117 74 69 24
4415	92 65 113 42
4416	18 74 26 188
4417	193 117 72 103
4418	11 138 44 69
4419	186 45 185 148
4420	12 37 97 185
4421	149 160 23 35
4422	171 83 158 160
4423	20 54 76 14
4424	43 118 179 49
4425	3 186 135 7
4426	143 70 47 132
4427	8 65 12 170
4428	2 184 11 38
4429	1 13 12 80
4430	7 122 46 82
4431	151 13 69 66
4432	20 114 161 123
4433	50 9 155 154
4434	133 93 7 58
4435	34 15 83 18
4436	28 20 104 109
4437	20 167 173 30
4438	143 179 40 39
4439	127 187 150 123
4440	70 50 195 68
4441	9 122 33 47
4442	53 73 190 170
4443	192 110 95 136
4444	167 89 173 35
4445	118 195 171 173
4446	136 133 121 59
4447	67 144 185 50
4448	36 65 129 126
4449	83 182 137 159
4450	32 112 178 68
4451	100 16 13 171
4452	120 132 153 52
4453	140 178 127 104
4454	124 97 52 115
4455	110 104 97 101
4456	165 163 57 26
4457	167 134 143 25
4458	86 65 191 46
4459	18 108 176 98
4460	33 189 63 125
4461	153 111 84 87
4462	7 132 130 73
4463	135 48 122 111
4464	89 136 41 106
4465	29 154 58 172
4466	9 171 34 128
4467	187 36 141 96
4468	56 122 4 163
4469	184 177 161 25
4470	46 81 75 172
4471	165 33 97 24
4472	63 103 78 105
4473	18 111 173 80
4474	63 161 195 5
4475	112 110 199 25
4476	143 12 142 146
4477	119 66 48 9
4478	63 38 176 72
4479	66 125 155 200
4480	17 42 105 48
4481	183 9 173 123
4482	27 21 8 169
4483	43 66 112 83
4484	25 126 110 49
4485	11 101 126 49
4486	134 125 113 80
4487	84 71 121 118
4488	163 56 157 36
4489	25 59 7 30
4490	19 58 47 88
4491	165 142 169 163
4492	131 81 52 72
4493	175 11 2 180
4494	186 137 129 8
4495	151 197 48 112
4496	1 150 72 101
4497	174 113 118 144
4498	100 134 162 86
4499	88 69 135 132
4500	92 129 40 153
4501	136 197 107 146
4502	105 61 191 196
4503	187 162 92 184
4504	15 147 8 116
4505	67 134 117 21
4506	151 162 188 61
4507	42 171 174 92
4508	96 109 90 174
4509	100 130 57 138
4510	127 77 21 1
4511	174 72 27 18
4512	196 73 164 55
4513	114 48 106 109
4514	109 17 123 127
4515	106 160 94 86
4516	95 43 134 87
4517	102 81 130 177
4518	148 33 153 91
4519	148 196 53 162
4520	85 200 24 149
4521	151 149 36 8
4522	30 120 182 4
4523	185 162 109 47
4524	34 22 93 16
4525	101 43 134 65
4526	121 131 173 159
4527	152 162 45 192
4528	46 3 156 80
4529	43 184 14 186
4530	48 146 9 42
4531	186 70 176 67
4532	106 142 171 44
4533	17 128 119 62
4534	1 176 131 187
4535	46 182 195 19
4536	115 195 15 75
4537	177 178 31 128
4538	132 135 124 55
4539	85 153 164 45
4540	18 168 184 123
4541	93 145 140 51
4542	131 75 41 177
4543	68 183 136 5
4544	118 144 42 170
4545	129 101 6 48
4546	137 102 84 69
4547	14 38 160 9
4548	185 24 60 31
4549	98 79 1 106
4550	186 85 140 36
4551	65 157 60 8
4552	157 168 170 172
4553	18 72 35 38
4554	48 55 81 78
4555	50 153 24 8
4556	135 19 173 57
4557	60 156 44 153
4558	146 125 40 128
4559	64 31 121 48
4560	168 6 23 197
4561	41 17 157 168
4562	119 118 61 110
4563	7 148 64 71
4564	40 92 35 118
4565	24 1 113 35
4566	21 33 41 179
4567	117 147 29 97
4568	47 172 124 100
4569	91 53 140 32
4570	10 52 64 101
4571	142 165 170 156
4572	67 193 40 24
4573	152 184 180 66
4574	26 84 131 49
4575	86 65 128 87
4576	42 86 196 83
4577	152 120 167 47
4578	13 89 103 83
4579	64 90 71 148
4580	39 92 155 164
4581	46 67 130 192
4582	83 54 153 61
4583	105 180 66 48
4584	124 81 73 195
4585	185 161 147 194
4586	74 162 51 182
4587	151 64 33 51
4588	128 116 65 135
4589	12 29 42 192
4590	144 57 186 177
4591	54 153 62 18
4592	196 99 14 188
4593	129 135 107 115
4594	40 72 121 175
4595	160 105 39 63
4596	112 65 5 150
4597	194 54 184 123
4598	59 115 197 46
4599	161 104 145 8
4600	43 142 15 138
4601	151 162 14 142
4602	73 62 141 32
4603	128 191 86 149
4604	145 8 108 174
4605	144 138 69 169
4606	133 28 76 19
4607	160 74 147 11
4608	50 100 119 127
4609	122 182 21 55
4610	32 28 25 79
4611	110 63 67 23
4612	20 197 81 72
4613	126 42 183 34
4614	17 194 182 41
4615	174 82 177 17
4616	191 7 134 159
4617	42 35 45 46
4618	161 83 135 182
4619	13 23 29 10
4620	135 137 27 92
4621	46 146 89 171
4622	14 60 86 133
4623	186 117 50 10
4624	87 44 179 152
4625	3 117 99 127
4626	176 163 167 56
4627	85 142 16 162
4628	26 123 159 164
4629	94 70 63 174
4630	48 156 88 57
4631	40 60 41 194
4632	153 188 3 107
4633	64 15 74 177
4634	39 82 178 180
4635	13 12 26 56
4636	110 151 33 169
4637	128 71 148 37
4638	156 7 117 57
4639	169 170 185 159
4640	142 6 49 28
4641	158 125 100 198
4642	67 22 43 24
4643	84 77 134 99
4644	175 81 83 155
4645	181 35 85 133
4646	137 116 158 13
4647	54 126 61 66
4648	2 167 199 123
4649	133 185 147 183
4650	17 140 150 172
4651	99 172 182 63
4652	104 170 13 181
4653	33 139 73 137
4654	149 87 141 169
4655	142 198 26 55
4656	114 57 58 172
4657	107 43 105 194
4658	42 11 124 158
4659	123 160 126 8
4660	170 111 1 124
4661	31 27 108 174
4662	186 84 108 74
4663	26 41 129 19
4664	71 163 124 69
4665	114 163 50 139
4666	140 28 19 146
4667	75 148 17 11
4668	195 111 185 132
4669	76 140 85 183
4670	182 122 93 173
4671	188 174 147 86
4672	183 106 174 151
4673	164 89 6 46
4674	137 107 105 169
4675	42 164 104 117
4676	45 3 170 155
4677	162 46 48 30
4678	91 115 55 20
4679	125 192 180 170
4680	198 161 127 69
4681	106 162 107 143
4682	92 8 176 44
4683	44 16 158 27
4684	188 97 77 75
4685	196 65 78 47
4686	191 172 15 164
4687	190 126 114 115
4688	162 94 97 5
4689	180 44 38 28
4690	161 56 40 131
4691	17 108 5 196
4692	64 11 128 163
4693	96 138 111 87
4694	161 191 140 72
4695	116 112 97 1
4696	89 106 189 137
4697	111 115 113 90
4698	108 13 27 119
4699	85 106 127 97
4700	154 77 115 167
4701	130 144 108 171
4702	51 132 31 145
4703	143 9 34 111
4704	42 22 72 94
4705	147 162 10 28
4706	47 186 177 64
4707	118 108 142 85
4708	52 16 103 29
4709	180 199 179 153
4710	191 55 49 87
4711	172 104 44 3
4712	106 130 84 104
4713	13 114 129 108
4714	196 107 146 175
4715	137 70 81 73
4716	67 176 122 152
4717	90 60 143 52
4718	169 176 82 187
4719	142 51 103 156
4720	189 115 49 61
4721	20 9 25 141
4722	61 46 11 67
4723	105 72 80 199
4724	157 118 151 144
4725	152 154 73 77
4726	145 49 152 69
4727	79 188 175 193
4728	154 120 96 172
4729	162 24 14 150
4730	111 47 78 50
4731	118 52 137 187
4732	88 151 91 112
4733	18 35 83 145
4734	16 98 146 144
4735	157 118 121 200
4736	138 185 124 117
4737	167 193 78 153
4738	175 185 54 153
4739	69 68 101 51
4740	33 99 40 113
4741	9 191 81 164
4742	154 10 161 42
4743	89 73 85 47
4744	146 169 197 19
4745	194 118 177 176
4746	34 119 93 197
4747	81 178 184 58
4748	96 4 147 67
4749	123 93 162 198
4750	198 81 160 133
4751	130 131 63 11
4752	42 50 193 130
4753	75 182 63 189
4754	137 60 196 193
4755	22 31 108 36
4756	82 54 168 43
4757	42 184 168 2
4758	3 25 57 41
4759	18 17 148 196
4760	16 117 186 130
4761	6 149 97 73
4762	117 38 90 188
4763	178 89 173 134
4764	197 50 6 198
4765	28 121 93 38
4766	55 136 105 43
4767	123 164 157 61
4768	39 132 71 139
4769	187 63 177 106
4770	22 186 63 45
4771	14 164 165 136
4772	184 102 147 83
4773	33 155 46 67
4774	42 105 109 54
4775	127 148 131 141
4776	9 182 136 143
4777	109 136 58 80
4778	157 124 72 62
4779	98 170 182 20
4780	190 56 85 12
4781	89 157 70 8
4782	88 1 152 105
4783	125 190 19 72
4784	71 110 65 130
4785	188 139 142 32
4786	150 16 130 99
4787	5 96 74 78
4788	153 39 198 107
4789	191 104 188 148
4790	101 136 7 48
4791	34 41 20 31
4792	29 93 46 182
4793	140 61 124 142
4794	72 129 163 38
4795	140 58 66 26
4796	60 144 169 129
4797	16 52 58 81
4798	46 103 107 82
4799	28 5 153 17
4800	194 55 140 187
4801	148 19 149 63
4802	4 61 152 133
4803	125 121 1 117
4804	33 8 21 10
4805	175 60 146 70
4806	22 7 164 111
4807	39 30 97 16
4808	21 44 160 53
4809	30 137 176 132
4810	23 68 74 189
4811	162 173 41 70
4812	20 60 47 85
4813	52 115 45 152
4814	38 122 54 163
4815	106 96 193 58
4816	99 68 158 147
4817	85 32 65 70
4818	116 135 128 169
4819	149 162 167 188
4820	71 121 176 169
4821	199 65 101 82
4822	31 39 149 191
4823	87 89 175 180
4824	140 133 41 25
4825	121 86 163 131
4826	199 71 10 106
4827	88 17 145 186
4828	161 159 47 9
4829	14 194 67 140
4830	47 64 163 77
4831	195 75 82 165
4832	7 192 133 134
4833	118 174 86 98
4834	169 13 182 179
4835	137 78 53 9
4836	12 135 166 140
4837	157 52 179 78
4838	63 98 178 71
4839	152 28 16 110
4840	98 66 138 18
4841	114 75 60 91
4842	36 161 168 176
4843	122 84 109 143
4844	188 76 97 103
4845	50 120 129 159
4846	70 54 34 11
4847	46 88 97 49
4848	17 125 174 99
4849	49 19 62 124
4850	155 141 125 157
4851	63 86 109 20
4852	86 14 186 141
4853	104 82 85 151
4854	57 25 190 41
4855	71 13 70 95
4856	182 118 22 138
4857	153 154 109 127
4858	112 76 118 138
4859	94 135 5 165
4860	39 85 130 147
4861	125 74 118 173
4862	158 84 3 20
4863	68 134 42 66
4864	131 159 81 11
4865	128 63 36 189
4866	91 109 19 129
4867	39 173 127 64
4868	33 165 142 61
4869	62 193 114 181
4870	100 69 194 45
4871	92 61 35 111
4872	114 167 178 27
4873	181 63 94 144
4874	52 114 197 196
4875	136 164 105 33
4876	183 39 89 195
4877	138 8 40 137
4878	98 172 182 87
4879	126 22 66 39
4880	174 195 100 55
4881	61 5 188 168
4882	106 47 129 36
4883	128 196 31 119
4884	35 52 102 42
4885	101 97 164 143
4886	48 47 133 32
4887	47 190 71 98
4888	54 48 30 24
4889	87 15 121 156
4890	178 162 116 186
4891	154 34 126 145
4892	97 144 143 199
4893	131 133 163 184
4894	48 165 58 17
4895	11 163 180 177
4896	106 191 92 74
4897	199 85 66 119
4898	64 61 28 35
4899	91 151 158 127
4900	10 122 28 107
4901	101 42 154 70
4902	41 45 71 7
4903	105 41 1 58
4904	48 136 46 9
4905	49 126 160 23
4906	34 159 65 174
4907	37 164 98 77
4908	59 10 23 150
4909	56 189 168 134
4910	17 136 186 188
4911	149 100 120 106
4912	117 45 150 19
4913	169 110 81 15
4914	96 16 110 121
4915	110 6 34 149
4916	1 40 112 160
4917	15 8 186 17
4918	60 37 183 106
4919	5 38 31 112
4920	159 158 152 22
4921	168 131 161 42
4922	111 65 169 71
4923	65 90 192 118
4924	93 183 147 71
4925	139 47 31 169
4926	142 138 80 140
4927	193 173 140 103
4928	92 6 22 71
4929	153 156 113 139
4930	172 33 35 78
4931	108 155 173 151
4932	89 191 71 30
4933	174 170 33 139
4934	158 25 102 10
4935	57 90 52 129
4936	173 2 44 110
4937	14 9 116 125
4938	149 148 16 50
4939	160 157 148 187
4940	129 145 118 36
4941	41 19 38 8
4942	175 137 92 103
4943	106 195 112 161
4944	51 109 115 17
4945	18 63 148 55
4946	149 56 158 180
4947	152 52 184 100
4948	47 180 17 60
4949	95 70 124 69
4950	81 60 28 147
4951	75 1 144 197
4952	181 72 177 63
4953	64 183 90 164
4954	28 169 31 140
4955	97 22 65 74
4956	145 14 71 55
4957	69 28 128 123
4958	189 22 40 68
4959	100 149 126 91
4960	185 147 26 9
4961	162 35 22 71
4962	78 97 112 17
4963	158 73 1 82
4964	190 137 132 188
4965	43 101 1 125
4966	29 146 38 156
4967	177 176 20 145
4968	1 162 105 39
4969	163 169 38 119
4970	125 180 189 168
4971	136 44 73 188
4972	143 145 183 170
4973	59 31 45 32
4974	154 166 148 196
4975	146 6 69 60
4976	166 113 142 67
4977	35 135 22 60
4978	106 143 162 167
4979	51 31 41 188
4980	51 181 87 182
4981	110 79 20 114
4982	35 48 82 42
4983	178 129 35 54
4984	63 175 23 179
4985	15 78 195 34
4986	133 174 65 150
4987	63 101 118 7
4988	160 151 168 119
4989	37 136 24 73
4990	61 96 53 4
4991	40 31 73 97
4992	31 146 67 62
4993	122 27 148 155
4994	142 125 81 97
4995	156 47 49 117
4996	22 96 142 115
4997	96 44 87 162
4998	173 44 158 196
4999	147 150 24 18
5000	85 77 78 86
