Course	Room	Teacher	Time	Students
94	4	68	2	8 134 369 386 406 415 451 476 506 507 520 583 667 771 896 992 1016 1088 1376 1379 1395 1415 1498 1579 1617 1623 1648 1656 1723 1838 1889 1891 1973 1989 2065 2165 2228 2302 2358 2400 2426 2446 2572 2619 2645 2704 2706 2716 2728 2731 2741 2742 2761 2762 2768 2781 2782 2846 2848 2882 2888 2911 2917 2918 3026 3090 3211 3245 3279 3291 3648 3892 3907 3942 3957 3991 4008 4120 4123 4174 4369 4441 4456 4501 4529 4537 4620 4701 4735 4766 4774 4823 4833 4835 4863 4942
16	37	4	2	76 115 159 425 459 571 607 640 664 700 729 855 887 902 974 978 1077 1078 1109 1194 1197 1198 1293 1350 1381 1480 1489 1578 1693 1820 1859 1926 2114 2169 2234 2268 2318 2322 2363 2450 2564 2643 2784 2794 2822 2837 2851 2889 2953 3020 3069 3155 3183 3269 3270 3322 3401 3436 3534 3624 3838 3852 3922 3955 4028 4108 4287 4327 4426 4476 4511 4532 4549 4645 4720 4800 4804 4834 4846 4851 4855 4952 4995 4999
50	5	59	2	13 62 104 120 139 216 221 524 555 616 856 934 980 1056 1085 1094 1104 1108 1142 1183 1189 1208 1238 1246 1254 1272 1296 1300 1445 1491 1602 1612 1628 1635 1667 1684 1697 2055 2159 2172 2188 2292 2325 2340 2356 2366 2419 2440 2494 2514 2535 2650 2801 2802 2867 2884 2944 3053 3266 3354 3369 3429 3520 3536 3595 3654 3676 3678 3803 3864 3904 4027 4271 4274 4384 4418 4533 4553 4689 4695 4951 4978
116	32	18	2	36 78 80 130 171 189 191 354 376 471 505 629 702 750 816 917 951 1121 1147 1155 1201 1219 1241 1256 1311 1400 1412 1657 1793 1873 1943 2052 2112 2189 2194 2293 2294 2309 2430 2499 2574 2657 2786 2788 2858 2870 2948 2987 3111 3130 3179 3253 3459 3729 3738 3750 3971 4039 4060 4090 4117 4129 4131 4210 4277 4318 4372 4388 4415 4500 4516 4550 4599 4618 4670 4696 4712 4783 4844 4932
151	35	45	2	235 255 348 375 382 470 479 495 641 685 798 828 863 929 960 1043 1096 1116 1284 1298 1306 1453 1587 1590 1647 1758 1782 1856 1886 1914 2091 2100 2206 2257 2260 2391 2424 2576 2632 2743 2891 2951 2966 2983 3010 3019 3120 3198 3327 3338 3346 3377 3829 3857 3877 3948 3984 3989 3993 4138 4244 4279 4280 4286 4386 4431 4464 4484 4544 4706 4725 4808 4916
199	27	79	2	228 256 266 274 290 394 395 431 538 595 1002 1025 1026 1055 1162 1217 1233 1386 1462 1500 1523 1541 1548 1572 1637 1670 1679 1694 1796 1915 1929 1933 1944 1958 1986 1993 2009 2011 2078 2080 2191 2303 2320 2323 2359 2455 2467 2534 2548 2557 2610 2626 2639 2702 2720 2772 2776 2823 2901 3034 3052 3085 3118 3162 3298 3394 3465 3522 3757 3825 3837 3889 3911 3914 3990 4001 4056 4077 4106 4145 4275 4303 4409 4470 4478 4572 4675 4752 4857 4886
49	18	65	2	12 68 170 242 380 408 427 592 747 774 786 795 1042 1319 1352 1531 1562 1570 1705 1811 1901 2049 2137 2174 2221 2222 2289 2317 2431 2436 2500 2522 2558 2647 2689 2800 2849 2883 2887 2906 2915 2941 3008 3048 3057 3097 3193 3212 3221 3317 3347 3373 3386 3404 3482 3498 3502 3588 3739 3746 3794 3821 3846 3850 3926 4009 4023 4076 4208 4215 4234 4255 4310 4341 4347 4351 4391 4428 4442 4460 4638 4713 4959
149	30	49	2	21 29 66 74 86 114 128 280 292 389 426 437 480 584 793 882 932 976 1044 1070 1090 1202 1278 1302 1351 1367 1421 1442 1478 1510 1814 1878 1906 1972 2013 2076 2278 2295 2365 2532 2560 2585 2636 2651 2659 2703 2753 2827 2842 2878 3017 3281 3304 3370 3378 3392 3553 3579 3610 3636 3653 3655 3671 3786 3792 3793 3839 4049 4088 4114 4121 4139 4214 4293 4390 4399 4586 4641 4653 4693 4734 4862 4988
157	34	22	2	119 132 165 198 225 398 412 500 526 529 596 618 619 691 738 864 873 877 921 981 1057 1068 1114 1171 1185 1339 1377 1634 1685 1704 1740 1749 1767 1880 1923 2124 2157 2168 2232 2281 2284 2296 2414 2447 2474 2527 2773 2879 2970 2977 3047 3068 3259 3287 3290 3321 3335 3405 3406 3422 3425 3604 3679 3699 3817 3849 3893 4075 4223 4321 4332 4374 4381 4385 4517 4579 4650 4684 4691 4764 4769 4792 4896 4972 4990
25	33	15	2	129 261 510 523 535 599 624 687 713 720 752 757 782 839 852 858 940 971 1024 1049 1054 1199 1234 1262 1334 1371 1383 1424 1427 1633 1681 1753 1769 1833 1916 2146 2156 2200 2364 2380 2386 2442 2625 2653 2676 2856 2902 3037 3135 3158 3192 3214 3220 3292 3450 3455 3527 3586 3649 3674 3686 3695 3769 3772 3775 3865 3998 4070 4112 4146 4297 4394 4667 4668 4744 4751 4782 4786 4787
61	9	23	2	56 59 100 102 121 142 383 566 568 630 654 674 732 742 764 804 812 824 1047 1122 1169 1196 1229 1396 1437 1556 1722 1892 1930 1931 1935 2090 2205 2287 2338 2390 2411 2504 2505 2554 2568 2612 2655 2719 2825 2828 2833 2841 3011 3161 3166 3184 3199 3202 3237 3246 3263 3302 3326 3351 3419 3511 3560 3614 3709 3875 3981 4020 4031 4033 4057 4084 4157 4169 4195 4282 4289 4309 4356 4404 4557 4582 4592 4672 4737 4803 4807 4880 4931 4962 4969
98	6	88	2	175 273 346 358 489 541 582 634 638 659 959 990 1020 1101 1126 1182 1188 1645 1726 1884 1949 1992 1996 1997 2043 2097 2155 2166 2180 2208 2242 2410 2579 2595 2693 2730 2805 2900 2957 2979 3004 3040 3075 3140 3145 3148 3349 3390 3494 3523 3546 3603 3659 3711 3747 3804 3814 3965 4022 4081 4082 4158 4212 4236 4261 4278 4281 4285 4654 4702 4742 4864 4881 4907 4921 4926 4937 4960 4973
187	24	56	2	103 247 252 396 534 745 818 820 957 996 1010 1032 1139 1144 1145 1326 1361 1382 1407 1411 1420 1432 1456 1471 1554 1565 1733 1745 1754 1776 1828 1883 1903 1980 2025 2046 2050 2102 2130 2134 2305 2341 2404 2412 2469 2484 2486 2571 2624 2654 2664 2698 2814 2895 2919 2976 3084 3163 3191 3508 3558 3566 3585 3749 3755 3767 3917 3940 3999 4040 4094 4111 4257 4329 4352 4447 4482 4508 4619 4747 4832 4852 4888 4924 4998
20	11	67	2	63 64 97 151 294 334 340 344 377 450 455 490 518 561 605 710 724 740 759 788 810 849 1066 1105 1192 1220 1463 1514 1591 1600 1629 1672 1742 1800 1830 1847 1893 2001 2053 2063 2081 2175 2276 2370 2427 2492 2551 2556 2594 2596 2600 2630 2715 2770 2803 2872 2892 3045 3138 3176 3205 3232 3301 3468 3505 3576 3583 3635 3651 3706 3764 3777 3848 3868 3924 3963 4050 4128 4178 4333 4344 4420 4427 4562 4664 4730 4789 4963
36	8	72	2	166 224 580 651 722 794 800 833 848 1021 1235 1243 1258 1276 1417 1561 1663 1671 1683 1750 1842 1866 2083 2103 2195 2197 2204 2392 2433 2462 2472 2506 2519 2523 2552 2573 2605 2618 2668 2722 2809 2832 2863 2913 3041 3076 3350 3366 3421 3424 3448 3458 3592 3658 3668 3797 3843 3845 3867 3890 3909 3939 4015 4062 4165 4182 4187 4242 4264 4312 4323 4412 4499 4627 4634 4715 4755 4758 4822 4996
97	19	14	2	11 24 30 73 148 180 265 281 287 300 501 628 635 653 708 727 731 868 923 945 989 1017 1034 1179 1224 1263 1304 1459 1497 1521 1643 1708 1748 1881 1887 1905 1955 2004 2014 2032 2113 2120 2138 2237 2274 2367 2399 2415 2423 2567 2589 2821 2840 2973 3230 3248 3297 3399 3457 3555 3788 3919 3978 3980 3995 4003 4019 4098 4142 4424 4474 4526 4528 4688 4708 4791 4838 4870 4917 4943
12	22	32	2	27 84 232 234 438 444 551 590 612 631 650 870 969 1131 1156 1168 1525 1566 1567 1711 1819 1936 1947 1981 2028 2092 2148 2150 2203 2211 2214 2236 2254 2273 2299 2445 2497 2521 2583 2740 2946 3061 3064 3088 3126 3234 3261 3339 3384 3409 3490 3591 3601 3622 3640 3714 3807 3854 3876 3979 4002 4125 4202 4233 4325 4353 4567 4575 4605 4633 4658 4671 4687 4772 4776 4908 4949 4987
69	31	7	2	125 217 238 309 310 351 472 482 549 681 711 784 826 933 952 1072 1130 1295 1431 1444 1473 1474 1682 1689 1701 1712 1763 1812 1826 1852 1885 1987 2104 2316 2485 2488 2553 2608 2613 2710 2783 2812 2829 2930 2931 2990 3114 3129 3144 3169 3178 3243 3345 3444 3453 3474 3539 3644 3647 3667 3802 3862 3915 3951 3972 4010 4209 4322 4339 4413 4440 4495 4509 4603 4604 4623 4681 4694 4717 4738 4770 4859 4866 4879 4898
165	40	46	2	10 53 107 155 200 205 210 227 231 349 350 407 463 632 736 867 907 944 1143 1213 1242 1294 1325 1356 1469 1538 1549 1626 1652 1673 1706 1798 1954 2035 2048 2070 2099 2181 2350 2375 2541 2679 2680 2700 2793 2855 2955 2967 3046 3078 3240 3275 3295 3299 3315 3551 3584 3618 3687 3694 3809 3819 3883 3931 4080 4093 4105 4110 4204 4266 4345 4423 4467 4690 4876 4906 4946 4970 4981
54	39	71	2	20 39 51 54 55 93 299 384 388 553 562 689 734 850 869 928 1005 1215 1257 1285 1314 1563 1605 1640 1746 1775 1827 1872 1950 1952 1956 2006 2033 2136 2167 2185 2216 2339 2346 2406 2408 2563 2565 2592 2670 2721 2737 2763 2894 3071 3133 3139 3177 3228 3466 3518 3531 3662 3705 3707 3752 3758 3795 3861 3869 4014 4199 4283 4319 4336 4434 4461 4493 4612 4890 4891 4895 4948
138	4	18	4	178 310 337 455 559 598 611 647 695 818 842 973 1061 1087 1123 1125 1166 1190 1208 1223 1253 1254 1306 1334 1375 1549 1609 1657 1702 1857 1881 1895 1972 1992 2007 2047 2133 2169 2204 2236 2278 2511 2602 2665 2707 2757 2893 2920 3031 3059 3103 3184 3317 3393 3447 3529 3577 3620 3687 3715 3780 3966 3968 4113 4204 4257 4270 4277 4287 4367 4479 4600 4604 4796 4871 4892 4994
145	17	26	2	118 136 179 181 182 201 236 251 367 400 424 484 656 844 1100 1163 1337 1384 1408 1476 1530 1576 1650 1725 1836 1864 1922 1939 1946 2016 2088 2153 2259 2271 2308 2330 2361 2362 2403 2405 2627 2677 2748 2796 2861 3014 3094 3226 3231 3316 3333 3388 3410 3452 3476 3552 3643 3688 3734 4024 4078 4115 4144 4161 4201 4222 4232 4378 4406 4458 4497 4512 4523 4872
148	25	40	2	49 50 204 243 276 401 404 530 542 669 717 775 851 916 999 1027 1041 1117 1200 1205 1283 1301 1332 1404 1418 1468 1604 1778 1837 1932 2044 2135 2199 2314 2328 2396 2401 2637 2688 2747 2767 2869 2880 2961 2993 3043 3070 3171 3213 3383 3550 3682 3697 3725 3776 3811 3934 3960 3967 3988 4150 4235 4237 4265 4387 4389 4429 4446 4468 4488 4504 4522 4542 4609 4644 4655 4660 4749 4785
167	10	52	2	52 81 161 263 297 333 338 456 649 673 892 1141 1152 1393 1450 1522 1655 1678 1724 1773 1849 1867 1965 1966 2012 2020 2074 2089 2109 2133 2171 2177 2184 2235 2374 2398 2452 2487 2510 2511 2531 2543 2555 2566 2701 2769 2859 3013 3029 3115 3121 3206 3222 3277 3283 3324 3456 3473 3497 3562 3700 3718 3887 3906 3964 3986 4148 4191 4247 4262 4308 4337 4380 4450 4507 4576 4591 4657 4796 4810 4904
181	12	11	2	25 122 124 144 288 291 491 532 725 741 906 956 1076 1216 1249 1416 1552 1588 1592 1603 1651 1669 1781 1801 1858 1962 1967 2034 2098 2127 2312 2319 2332 2343 2493 2540 2615 2669 2780 2830 2834 2839 2907 2932 2950 3012 3032 3065 3208 3227 3265 3447 3590 3663 3675 3762 3782 3822 3866 3873 3874 3900 3956 4074 4083 4091 4160 4194 4203 4219 4256 4306 4343 4539 4813 4849 4853 4887 4925 4935 4936 4957
8	15	73	2	267 312 371 441 509 533 627 636 672 676 756 783 823 836 860 911 963 1176 1305 1429 1454 1493 1518 1613 1710 1760 1806 1869 1995 2002 2064 2121 2125 2223 2464 2528 2638 2685 2697 2717 2854 3134 3219 3224 3311 3336 3367 3443 3500 3501 3535 3645 3690 3721 3736 3756 3835 3884 3894 3938 3941 3943 4118 4135 4154 4291 4324 4334 4408 4506 4561 4656 4704 4721 4816 4905 4950
18	36	86	2	14 58 241 307 391 465 488 508 655 680 696 751 792 809 817 838 871 910 925 955 1001 1095 1112 1146 1157 1239 1490 1582 1659 1675 1790 1823 1945 1968 1988 2141 2142 2182 2337 2473 2611 2671 2678 2750 2751 2764 2890 2936 3025 3066 3165 3174 3189 3428 3433 3516 3543 3581 3621 3977 4053 4130 4180 4186 4211 4225 4243 4248 4338 4346 4361 4459 4558 4573 4739 4768 4771 4828 4839
29	20	74	2	48 91 152 239 311 486 519 564 604 683 701 733 834 862 947 1091 1106 1115 1124 1150 1177 1211 1343 1425 1428 1677 1732 1762 1818 1964 2040 2073 2096 2111 2117 2144 2164 2480 2530 2628 2635 2752 2790 2845 2886 2921 2981 3033 3035 3042 3112 3168 3340 3454 3549 3561 3717 3766 3768 3780 3790 3796 3836 3902 3908 3921 3970 3987 4052 4184 4245 4251 4295 4326 4350 4505 4596 4635 4718 4794 4795 4802 4811 4826 4893
35	13	39	2	19 194 278 323 324 359 573 621 622 707 730 829 866 883 886 924 1053 1074 1111 1154 1203 1247 1248 1312 1370 1391 1464 1515 1553 1573 1598 1739 1822 1844 2056 2085 2326 2417 2418 2509 2661 2684 2705 2868 2925 2926 2940 2974 3124 3143 3157 3216 3235 3242 3306 3364 3665 3912 3962 4035 4087 4136 4173 4216 4290 4382 4417 4457 4463 4524 4563 4632 4637 4640 4697 4750 4805 4824 4928 4979 4989 4994
78	14	92	2	45 46 89 95 106 131 318 328 434 487 572 579 626 705 737 754 766 853 903 915 937 979 991 1210 1282 1287 1292 1385 1397 1399 1488 1494 1649 1654 1690 1727 1755 1788 2010 2196 2252 2272 2286 2432 2459 2549 2602 2725 3062 3080 3181 3233 3284 3307 3413 3510 3563 3701 3727 3820 3842 3910 3933 3952 4026 4029 4177 4230 4288 4299 4400 4437 4449 4466 4585 4593 4759 4763
89	37	4	4	15 47 86 161 199 366 377 399 471 585 608 683 734 748 784 803 813 851 892 935 965 1163 1170 1178 1233 1293 1411 1416 1513 1516 1520 1522 1694 1885 2111 2135 2140 2162 2331 2438 2520 2524 2532 2543 2574 2587 2604 2635 2689 2702 2802 3081 3334 3367 3377 3394 3421 3565 3571 3614 3741 3867 3901 3941 3967 4003 4008 4150 4265 4273 4281 4319 4334 4548 4624 4836 4839 4878 4914 4915 4970
93	21	64	2	35 71 223 302 325 352 445 547 560 606 778 830 872 888 919 1149 1259 1260 1274 1387 1536 1546 1558 1620 1731 1768 1977 2039 2079 2128 2198 2210 2377 2381 2518 2547 2792 2847 2912 2920 2934 2968 3077 3147 3225 3250 3274 3325 3542 3629 3737 3759 3936 3958 3985 3994 4006 4073 4192 4205 4228 4411 4421 4515 4589 4629 4636 4692 4733 4753 4757 4814 4865 4909 4974 5000
142	2	47	2	82 173 192 282 295 387 575 588 597 639 665 935 977 988 1209 1281 1390 1466 1482 1492 1537 1583 1607 1687 1810 1963 2000 2027 2057 2066 2087 2095 2110 2201 2207 2217 2231 2267 2334 2434 2588 2665 2733 2739 2960 3067 3093 3119 3156 3170 3264 3329 3344 3363 3371 3380 3420 3439 3481 3517 3567 3713 3728 3847 3881 3903 4043 4141 4227 4259 4284 4298 4393 4419 4525 4527 4683 4699 4710 4731 4799 4860 4944 4965
163	1	43	2	23 28 108 156 183 208 222 257 428 658 671 688 758 770 808 1012 1023 1039 1232 1362 1398 1430 1481 1533 1596 1638 1695 1784 1821 1840 1961 1985 2018 2152 2230 2245 2413 2429 2477 2501 2508 2597 2621 2633 2885 2935 2947 2952 2992 3063 3190 3332 3362 3402 3426 3486 3639 3703 3743 3841 3888 4055 4072 4095 4102 4168 4207 4226 4270 4340 4392 4395 4425 4569 4614 4709 4714 4765 4882 4997
30	26	77	2	196 219 259 264 275 332 546 699 719 763 832 845 880 918 1097 1270 1279 1323 1392 1401 1409 1503 1517 1557 1569 1625 1721 1813 1825 1839 1841 1854 1978 1984 2030 2054 2086 2193 2238 2285 2353 2444 2478 2479 2738 2816 2826 3058 3116 3146 3203 3286 3414 3435 3460 3593 3597 3844 3945 3946 4067 4107 4113 4240 4311 4335 4422 4479 4503 4552 4598 4646 4748 4825 4842 4847 4850
53	16	62	2	72 109 113 116 157 258 296 341 366 368 422 453 502 503 637 890 901 993 1052 1062 1138 1161 1289 1355 1366 1389 1422 1423 1547 1550 1699 1709 1714 1795 1805 1882 1971 2005 2017 2024 2031 2068 2126 2131 2215 2265 2351 2438 2468 2562 2648 2755 2838 2980 2982 3103 3160 3182 3217 3320 3368 3372 3407 3467 3469 3470 3544 3693 3771 4032 4109 4367 4375 4398 4555 4584 4652 4767 4780 4793 4809
95	28	17	2	16 176 253 262 269 308 615 620 693 739 806 807 857 927 942 1011 1083 1092 1120 1137 1158 1184 1190 1288 1291 1333 1340 1375 1380 1506 1527 1575 1589 1729 1766 1990 2060 2072 2243 2331 2357 2475 2516 2544 2629 2686 2687 2713 2804 2933 2998 3003 3089 3099 3131 3141 3200 3485 3537 3557 3625 3650 3661 3664 3748 3818 3975 4004 4025 4071 4379 4397 4477 4615 4674 4724 4777 4922 4955
166	3	99	2	105 127 133 145 177 233 316 548 625 677 684 698 749 837 905 1035 1058 1113 1173 1191 1230 1264 1344 1369 1436 1472 1483 1571 1941 2062 2270 2306 2456 2461 2463 2537 2545 2646 2666 2682 2836 2875 2971 2975 3087 3153 3229 3331 3503 3587 3609 3613 3681 3704 3724 3896 4054 4164 4273 4300 4301 4430 4502 4519 4548 4564 4669 4840 4854 4892 4933 4976 4983 4985
188	38	13	2	123 185 246 298 317 347 468 515 697 721 876 904 943 965 985 1181 1250 1338 1364 1419 1486 1627 1632 1646 1741 1772 1913 2093 2179 2224 2291 2333 2425 2536 2575 2577 2603 2690 2723 2774 2815 2819 3113 3194 3334 3360 3381 3400 3403 3495 3580 3612 3669 3716 3799 3855 3878 3927 3935 3961 4134 4181 4246 4260 4432 4435 4472 4489 4594 4608 4773 4815 4915 4940 4941 4945
190	29	12	2	7 83 111 186 293 403 457 516 586 723 746 779 787 801 946 1004 1063 1071 1223 1245 1346 1394 1410 1477 1479 1508 1716 1720 1780 1816 1860 2226 2372 2512 2607 2857 2871 2942 2956 2964 3280 3303 3391 3396 3411 3427 3519 3532 3565 3589 3602 3616 3670 3801 3805 3831 3834 4066 4085 4159 4170 4331 4348 4414 4433 4443 4475 4483 4487 4535 4588 4610 4621 4622 4700 4781 4968 4977
14	7	27	2	1 17 37 92 150 202 271 327 432 449 552 600 670 765 789 831 840 846 912 1006 1015 1170 1255 1345 1347 1365 1484 1513 1524 1540 1756 1759 1774
65	23	21	2	9 85 245 313 381 485 558 570 576 617 748 835 859 966 997 1013 1087 1102 1132 1134 1164 1221 1316 1349 1447 1512 1584 1599 1877
83	5	31	4	44 61 84 90 244 246 295 434 475 507 551 596 761 810 838 919 946 947 1015 1038 1197 1279 1441 1507 1521 1583 1724 1736 1761 1789 1860 2005 2016 2034 2042 2075 2095 2406 2446 2509 2545 2582 2598 2686 2969 2993 3318 3398 3428 3541 3559 3573 3704 3773 3798 3825 3830 3913 3937 4051 4162 4248 4328 4416 4520 4539 4658 4715 4737 4788 4869 4934
123	32	37	4	25 52 65 94 325 405 476 621 677 724 730 787 900 932 1103 1135 1360 1384 1399 1450 1504 1550 1590 1651 1684 1698 1699 1769 1980 1995 2113 2119 2131 2277 2340 2360 2603 2646 2675 2736 2776 2777 2832 2874 2894 2984 2996 3128 3144 3180 3208 3251 3454 3461 3528 3533 3558 3560 3629 3630 3710 3859 4049 4074 4098 4110 4172 4205 4301 4324 4330 4369 4436 4645 4661 4686 4774 4779 4930 4946 4948 4952 4959
153	35	78	4	379 414 458 572 573 597 785 869 908 981 1004 1024 1073 1084 1160 1222 1280 1325 1358 1383 1401 1482 1495 1582 1704 1772 1813 1823 1831 1917 1925 1970 2087 2251 2286 2297 2301 2404 2409 2420 2536 2538 2648 2670 2720 2904 2910 2948 2985 3134 3222 3315 3448 3484 3660 3765 3876 3949 3977 4164 4225 4290 4340 4404 4487 4541 4632 4823 4929 4938
161	27	1	4	9 57 152 156 194 220 257 338 367 388 617 675 686 1083 1193 1402 1475 1511 1617 1621 1634 1644 1668 1710 1712 1714 1716 1718 1807 1892 1900 1907 1937 1966 1973 2010 2027 2109 2145 2261 2333 2347 2348 2363 2432 2583 2614 2667 2719 2740 2799 2806 2824 2877 2935 2949 2986 3025 3092 3101 3173 3328 3509 3699 3724 3963 4046 4097 4135 4258 4376 4551 4577 4659 4705 4753 4811 4831 4855 4908 4999
183	18	80	4	157 259 357 391 449 512 591 664 823 878 911 938 952 1070 1191 1201 1244 1322 1594 1650 1681 1811 1828 1869 1953 1982 1986 2029 2090 2100 2196 2213 2239 2296 2397 2412 2611 2739 2770 2785 2810 2873 2917 3096 3099 3340 3402 3473 3549 3613 3746 3785 3828 3849 3866 3907 3947 3987 4015 4057 4196 4267 4274 4317 4517 4530 4607 4618 4628 4680 4809 4867 4874 4904 4983
184	30	60	4	11 21 88 173 193 263 287 289 293 395 509 511 576 604 642 739 764 777 831 852 879 993 1047 1059 1076 1179 1342 1437 1446 1613 1990 1997 1998 2072 2094 2161 2229 2320 2325 2486 2554 2584 2609 2641 2918 2933 2937 2958 2997 3077 3102 3164 3170 3255 3266 3311 3436 3463 3535 3575 3720 3736 3842 3864 3965 4059 4178 4356 4449 4459 4532 4553 4581 4611 4794 4866 4884 4989
57	34	2	4	118 270 416 538 615 659 714 988 1051 1088 1112 1262 1357 1429 1531 1556 1603 1628 1635 1655 1721 1796 1884 2014 2059 2173 2179 2181 2284 2368 2378 2484 2581 2594 2608 2684 2869 2942 3042 3064 3387 3480 3494 3570 3592 3615 3619 3625 3627 3764 3918 4041 4095 4155 4177 4239 4246 4254 4260 4383 4415 4461 4488 4497 4512 4565 4580 4688 4734 4747 4828 4927 4932 4953 4975
73	33	54	4	10 50 69 323 359 365 402 468 594 707 796 884 897 923 1081 1120 1142 1162 1165 1225 1251 1259 1332 1415 1477 1611 1616 1688 1713 1777 1786 1913 1915 1929 1950 2255 2276 2312 2335 2428 2433 2495 2513 2610 2750 2826 2856 2957 3044 3094 3177 3194 3210 3278 3350 3446 3466 3595 3621 3623 3671 3813 3891 3951 4149 4200 4202 4397 4451 4485 4498 4523 4666 4694 4712 4792 4806 4846 4891 4951 4963
102	9	48	4	32 112 167 285 317 413 453 493 521 536 579 613 668 691 712 798 917 963 1002 1035 1048 1090 1180 1338 1385 1389 1456 1519 1633 1641 1678 1727 1739 1790 1853 1938 2050 2137 2142 2159 2172 2330 2387 2423 2429 2559 2569 2866 2946 2978 3001 3005 3104 3136 3153 3244 3286 3358 3383 3483 3538 3568 3680 3697 3821 3860 3942 3989 4203 4271 4282 4303 4525 4564 4633 4646 4683 4757 4786 4873 4912
175	6	57	4	123 135 175 207 299 506 541 595 610 679 746 752 848 874 950 977 1011 1092 1107 1129 1154 1161 1184 1195 1282 1340 1431 1483 1534 1546 1595 1640 1662 1747 1782 1914 1924 1939 1945 2232 2238 2388 2514 2680 2696 2699 2700 2712 2724 2733 2765 2801 2887 2901 2923 3006 3182 3223 3316 3392 3410 3444 3491 3515 3633 3672 3779 3943 3972 4082 4129 4131 4300 4311 4475 4536 4583 4637 4699 4854 4856 4864 4875
193	24	40	4	197 222 274 331 387 528 550 612 662 733 735 756 876 931 939 1021 1023 1078 1242 1305 1515 1601 1614 1696 1779 1815 1856 1875 1971 1984 2098 2102 2252 2264 2292 2393 2401 2402 2421 2599 2647 2678 2744 2907 2943 3036 3049 3062 3074 3085 3113 3133 3193 3211 3234 3237 3256 3407 3438 3563 3696 3733 3805 3848 3875 3897 3957 4100 4199 4229 4425 4473 4509 4566 4691 4717 4720 4844 4924
37	11	21	4	227 304 369 539 560 563 574 657 729 867 937 1089 1102 1109 1174 1207 1267 1311 1320 1430 1433 1436 1447 1472 1503 1554 1585 1701 1835 1979 1991 2039 2082 2160 2168 2177 2195 2246 2306 2372 2410 2479 2570 2625 2711 2773 2790 2862 2871 2908 2928 2931 3093 3123 3154 3220 3272 3431 3511 3645 3706 3730 3731 3760 3801 3808 3881 4009 4056 4101 4112 4169 4216 4272 4357 4395 4493 4674 4678 4714 4764 4916
68	8	34	4	5 22 26 37 168 226 260 279 375 454 456 484 513 553 567 713 717 732 807 821 907 944 1095 1153 1205 1277 1449 1623 1665 1674 1692 1756 1758 1778 1841 1932 2028 2199 2202 2244 2530 2557 2560 2564 2653 2789 2902 2966 3041 3116 3268 3310 3371 3530 3579 3667 3726 3763 3898 3899 3971 3998 4103 4121 4174 4185 4222 4350 4398 4407 4426 4438 4491 4597 4759 4793 4957
75	19	53	4	74 127 206 243 265 320 324 629 673 809 862 868 945 1074 1097 1108 1110 1148 1167 1232 1266 1350 1355 1421 1438 1460 1470 1645 1797 1830 1861 1974 1981 1994 2018 2045 2083 2096 2166 2290 2291 2385 2457 2469 2489 2616 2622 2638 2683 2848 2883 3051 3072 3117 3118 3239 3313 3339 3514 3601 3655 3700 3701 3725 3740 3761 3778 3823 3883 3929 4063 4223 4232 4421 4422 4489 4503 4603 4631 4669 4805 4935 4950
133	22	33	4	3 8 24 48 130 147 187 200 305 432 556 711 782 815 880 914 996 1020 1054 1067 1151 1249 1327 1422 1498 1559 1566 1593 1682 1719 1780 1847 1920 1934 1942 2078 2184 2444 2459 2497 2596 2645 2673 2710 2735 2792 2868 3007 3242 3284 3312 3352 3424 3485 3506 3553 3608 3664 3668 3669 3722 3908 3953 4086 4124 4198 4326 4360 4429 4439 4460 4505 4506 4692 4725 4750 4872 4901 4902 4907 4967 4978 4990
134	31	26	4	16 34 79 103 134 301 339 342 364 487 602 603 828 870 889 893 915 948 1001 1029 1182 1329 1370 1397 1465 1501 1517 1565 1626 1897 2089 2194 2241 2361 2510 2539 2650 2722 2752 2812 2813 2898 2989 2999 3008 3060 3084 3261 3327 3397 3661 3666 3691 3723 3743 3846 3894 3973 4241 4266 4392 4408 4496 4524 4569 4626 4627 4664 4799 4810 4838 4845 4933
173	40	90	4	87 131 145 204 250 481 554 650 661 685 865 1009 1046 1055 1072 1116 1117 1132 1287 1324 1335 1349 1629 1652 1670 1749 1762 1849 1898 2000 2073 2116 2167 2380 2566 2655 2658 2681 2690 2727 2756 2844 2886 2899 2921 3014 3043 3122 3247 3443 3537 3556 3596 3599 3665 3754 4047 4078 4153 4219 4276 4308 4337 4363 4450 4457 4462 4494 4515 4516 4701 4776 4782 4803 4829 4969
86	39	19	4	99 169 218 253 315 370 390 709 781 795 830 835 839 846 899 962 1091 1238 1264 1281 1444 1548 1703 1804 1824 1863 1871 1999 2061 2164 2235 2285 2288 2336 2366 2419 2463 2476 2505 2517 2588 2601 2628 2716 2717 2947 3271 3347 3418 3496 3597 3651 3676 3747 3768 3781 3816 3854 3856 3872 3886 3930 3939 4018 4140 4209 4403 4445 4514 4560 4625 4677 4703 4707 4732 4767 4785 4849 4897 4984
111	17	32	4	23 58 95 241 312 321 376 423 689 776 871 885 913 1183 1215 1220 1274 1380 1382 1434 1466 1480 1497 1588 1589 1630 1695 1783 1848 1904 2013 2026 2118 2122 2123 2143 2190 2215 2218 2237 2249 2268 2283 2310 2341 2342 2352 2354 2435 2439 2471 2652 2849 2959 2962 2983 3021 3119 3149 3185 3240 3400 3437 3471 3546 3567 3652 3806 3841 3877 3879 3885 3964 3980 4040 4156 4235 4253 4527 4602 4643 4710 4826
117	25	93	4	158 208 266 463 501 660 663 693 731 765 837 845 886 924 943 984 1094 1164 1230 1237 1257 1648 1654 1664 1715 1771 1794 1819 1827 1936 2033 2071 2101 2228 2248 2317 2343 2395 2525 2621 2687 2771 2822 2961 2974 3013 3139 3253 3293 3298 3308 3423 3433 3439 3460 3489 3504 3510 3622 3790 3803 3870 3952 4087 4133 4192 4297 4359 4466 4561 4568 4590 4634 4709 4730 4763 4781 4791 4896 4919
118	10	42	4	150 201 210 262 363 430 466 486 503 783 847 1008 1036 1159 1227 1229 1250 1440 1541 1690 1752 1757 1799 1864 1910 2063 2223 2275 2461 2556 2729 2787 2823 2850 2876 2924 3024 3054 3079 3151 3152 3165 3199 3228 3262 3432 3470 3486 3523 3566 3624 3677 3837 3887 4102 4243 4261 4306 4423 4480 4546 4635 4802 4862 4956 4961
119	12	6	4	45 75 332 341 350 371 396 492 694 775 797 890 896 994 1069 1105 1218 1239 1298 1496 1509 1518 1542 1560 1661 1746 1767 1826 2088 2214 2233 2253 2266 2303 2322 2358 2424 2548 2807 2875 2903 2926 2988 2995 3091 3146 3150 3217 3382 3411 3450 3478 3499 3507 3517 3539 4043 4045 4119 4145 4186 4193 4233 4307 4400 4486 4570 4582 4687 4719 4727 4853 4921 4925
125	15	95	4	73 115 180 290 311 330 345 452 561 688 692 704 722 760 808 941 949 998 1175 1290 1303 1318 1408 1526 1707 1726 1728 1787 1866 2025 2230 2270 2327 2449 2470 2576 2685 2688 2747 2835 2863 2954 3018 3032 3131 3176 3187 3258 3273 3291 3355 3465 3550 3588 3634 3732 3809 3988 4004 4039 4089 4107 4226 4250 4295 4345 4365 4518 4642 4650 4672 4724 4741 4744 4851
179	4	93	6	20 38 86 93 94 117 128 238 271 333 362 411 412 439 442 477 489 499 709 783 967 972 991 1074 1122 1145 1172 1199 1389 1437 1583 1769 1923 1971 2123 2129 2202 2203 2246 2280 2293 2319 2380 2480 2789 2793 2800 2806 2843 2862 2920 2951 3002 3372 3404 3420 3464 3551 3732 3778 3825 3890 3907 3910 3917 3942 4232 4413 4509 4537 4573 4579 4595 4702 4734 4900
1	36	69	4	29 117 162 186 410 448 464 488 571 698 771 887 891 982 1079 1275 1452 1557 1570 1700 1785 1879 1888 2155 2227 2250 2272 2415 2425 2442 2453 2579 2637 2661 2728 2759 2798 2913 2945 2973 2991 3080 3167 3168 3188 3191 3265 3368 3498 3548 3644 3653 3871 4030 4147 4171 4187 4214 4275 4382 4432 4471 4474 4482 4533 4562 4614 4702 4721 4808 4858 4870
9	20	94	4	14 76 139 195 420 520 575 640 715 718 758 799 1016 1042 1093 1133 1248 1269 1333 1351 1409 1412 1547 1618 1639 1673 1676 1680 1731 1755 1805 1902 1928 2040 2174 2353 2376 2396 2490 2519 2803 2825 2889 2927 3082 3098 3100 3108 3175 3303 3337 3399 3557 3584 3637 3654 3742 3950 3970 3976 4032 4084 4128 4134 4179 4262 4333 4452 4522 4606 4620 4667 4775 4883 4982 4988
28	13	20	4	141 288 352 397 419 517 543 545 586 631 632 651 665 814 850 1034 1137 1172 1177 1245 1315 1341 1427 1540 1558 1568 1624 1642 1672 1738 1933 2065 2067 2120 2146 2324 2357 2416 2483 2593 2672 2734 2741 2778 2867 2897 2979 3034 3040 3050 3055 3178 3209 3243 3267 3348 3427 3445 3492 3527 3589 3591 3636 3662 3783 3862 3924 3969 4006 4020 4031 4065 4212 4402 4411 4682 4795 4818 4868 4900 4985
63	37	1	6	33 112 125 224 342 354 360 368 389 445 452 478 483 588 710 745 814 896 939 946 973 1037 1047 1124 1295 1347 1381 1639 1696 1750 1768 2066 2069 2173 2187 2220 2233 2268 2421 2540 2638 2660 2755 2762 2773 2799 2854 2978 3112 3173 3309 3445 3636 3639 3710 3786 3848 3868 3918 3954 3967 3983 3985 4048 4094 4124 4275 4377 4396 4405 4498 4566 4572 4749 4783 4790 4868
70	14	55	4	278 403 461 462 474 581 706 723 728 779 824 1005 1064 1140 1221 1308 1314 1445 1469 1486 1581 1632 1691 1717 1809 1843 1993 2060 2187 2364 2422 2523 2565 2580 2585 2631 2649 2774 2788 2795 2796 2860 2941 3058 3280 3289 3305 3326 3415 3430 3457 3520 3543 3578 3682 3824 3917 4083 4166 4176 4208 4268 4278 4355 4394 4435 4492 4608 4665 4679 4733 4798 4807 4850
100	21	50	4	38 91 228 254 303 327 389 398 421 564 578 625 674 744 766 992 1118 1130 1194 1252 1366 1368 1451 1506 1575 1627 1743 1840 1919 1951 2191 2226 2234 2245 2281 2350 2535 2563 2746 2878 2919 3056 3067 3124 3138 3216 3263 3375 3409 3420 3555 3609 3649 3674 3702 3727 3737 3752 3892 3940 3982 4061 4115 4167 4283 4346 4419 4454 4455 4464 4542 4571 4587 4613 4876 4885 4887 4917
189	2	82	4	66 129 202 205 277 322 445 496 555 643 737 751 768 789 825 827 1033 1040 1053 1065 1100 1224 1313 1339 1403 1512 1528 1533 1539 1551 1753 1822 1877 1891 1909 1954 2064 2079 2107 2210 2316 2389 2441 2498 2738 2781 2804 2861 2915 3003 3137 3171 3287 3332 3381 3412 3425 3449 3495 3500 3698 3774 3804 3845 3946 4044 4104 4123 4213 4238 4263 4329 4510 4513 4538 4592 4920 4964
6	1	14	4	153 380 393 510 627 703 759 858 916 999 1082 1113 1185 1260 1294 1393 1419 1443 1524 1631 1745 1850 1985 2035 2055 2193 2197 2318 2359 2369 2408 2431 2518 2607 2692 2783 2814 3141 3163 3338 3359 3406 3422 3467 3512 3586 3810 3820 3822 3826 3827 3836 3874 3902 3928 4007 4064 4096 4251 4409 4430 4465 4547 4641 4726 4758 4778 4859 4865 4903 4905
19	26	97	4	70 96 109 166 232 255 383 450 774 788 834 841 855 877 888 904 989 1022 1044 1066 1075 1098 1131 1188 1200 1235 1386 1391 1464 1502 1659 1760 1829 1955 1967 2020 2149 2163 2362 2430 2478 2659 2782 2831 2840 2971 3038 3048 3076 3087 3111 3296 3502 3547 3711 3712 3738 3873 3923 4042 4069 4143 4259 4347 4368 4417 4521 4574 4584 4736 4739 4922 4998
27	16	9	4	82 221 249 417 519 535 537 644 736 773 902 903 968 970 1027 1106 1139 1141 1157 1158 1192 1255 1276 1323 1361 1462 1586 1587 1606 1776 2030 2069 2175 2298 2334 2405 2437 2640 2656 2694 2763 2766 2793 2843 2914 2929 3039 3110 3241 3259 3396 3585 3628 3791 3818 3847 3916 4035 4066 4318 4320 4366 4373 4684 4731 4748 4789 4889 4940 4965 4992
44	28	28	4	42 68 160 165 174 223 409 446 479 494 525 589 778 780 864 971 1031 1086 1168 1226 1309 1373 1461 1463 1544 1563 1608 1679 1686 1808 2125 2216 2220 2263 2294 2304 2375 2398 2462 2466 2634 2751 2772 2854 2967 3017 3028 3069 3083 3105 3145 3189 3201 3281 3282 3488 3508 3562 3587 3611 3979 3997 4157 4206 4393 4468 4550 4663 4771 4832 4894 4991 4995
77	3	15	4	28 60 236 237 281 343 355 362 427 490 599 607 636 705 754 861 933 934 991 1000 1028 1030 1119 1127 1374 1467 1625 1763 1878 1883 1943 2032 2049 2129 2141 2158 2279 2541 2591 2679 2693 2698 2718 2753 2809 2817 2847 3011 3026 3027 3114 3129 3249 3408 3451 3455 3713 3729 3744 3756 4114 4116 4127 4218 4279 4304 4448 4654 4656 4673 4755 4813 4910 4939 4945 4962
115	38	91	4	33 72 143 215 264 307 374 442 652 687 742 743 757 955 1265 1288 1317 1404 1405 1494 1667 1855 1868 1876 2221 2240 2282 2326 2443 2445 2496 2507 2643 2704 2705 2742 2846 3061 3106 3186 3195 3214 3389 3564 3594 3640 3745 3789 3794 3905 3933 3934 3978 4000 4036 4207 4249 4264 4379 4644 4761 4812 4824 4840 4923 4958
127	5	37	6	5 50 101 218 230 233 356 433 435 459 462 613 673 762 884 1093 1236 1334 1584 1591 1751 1870 1911 1994 2006 2028 2119 2171 2347 2355 2379 2393 2493 2521 2617 2693 2735 2743 2912 2944 3021 3033 3098 3187 3247 3336 3423 3452 3500 3553 3705 3793 3798 3807 3808 3869 3905 3949 4012 4139 4176 4191 4208 4301 4312 4328 4347 4422 4436 4698 4967 4985
130	29	64	4	6 7 64 85 101 144 209 214 378 435 505 562 633 646 671 716 719 792 817 920 930 969 990 1007 1014 1101 1176 1214 1376 1647 1748 1770 1774 1818 1893 2041 2185 2225 2287 2346 2392 2481 2542 2578 2633 2713 2748 2881 2939 3015 3126 3329 3363 3374 3429 3525 3532 3583 3612 3717 3762 3832 3884 3904 4010 4168 4217 4221 4256 4284 4431 4484 4756 4768 4860
155	7	88	4	107 110 276 336 381 385 439 467 605 638 655 747 790 816 840 936 1026 1043 1050 1080 1209 1316 1492 1573 1821 1825 1851 1854 1867 1882 1930 1960 2006
159	23	25	4	55 67 116 172 248 316 498 532 587 609 666 849 883 997 1071 1096 1171 1187 1354 1365 1426 1435 1527 1537 1561 1580 1643 1754 1865
162	32	24	6	48 100 103 188 268 320 337 418 498 500 514 572 634 682 877 894 985 1120 1212 1306 1409 1415 1448 1465 1491 1539 1549 1564 1635 1685 1700 1720 1741 1833 1913 1941 1972 2124 2152 2159 2170 2188 2266 2298 2326 2461 2464 2497 2506 2591 2603 2639 2649 2689 2711 2766 2976 3118 3192 3254 3271 3319 3333 3402 3461 3578 3605 3649 3735 3950 4014 4061 4167 4178 4182 4411 4429 4437 4534 4658 4685 4762 4781 4842 4850 4925 4945 4992
174	35	8	6	11 96 183 219 270 294 367 546 552 621 755 794 913 928 1038 1048 1055 1064 1082 1168 1217 1280 1341 1481 1514 1565 1586 1692 1715 1836 1884 1902 1926 2024 2059 2132 2134 2476 2502 2623 2642 2650 2704 2760 2911 3255 3321 3484 3487 3502 3543 3607 3644 3695 3922 4022 4121 4151 4334 4336 4412 4468 4484 4516 4564 4574 4604 4638 4665 4670 4844 4885 4987
23	27	96	6	10 68 92 118 121 136 149 160 237 264 397 460 577 586 592 639 641 679 761 945 990 998 1031 1121 1174 1279 1304 1331 1521 1568 1664 1773 1824 1875 1934 1982 1983 2283 2316 2381 2435 2494 2576 2580 2622 2717 2724 2948 3030 3061 3212 3216 3239 3245 3298 3331 3345 3490 3507 3722 3845 3888 3959 3962 3999 4017 4028 4262 4285 4455 4469 4520 4575 4716 4854 4882 4934
26	18	100	6	1 16 113 175 178 245 260 286 293 332 345 372 466 538 549 590 601 792 829 1032 1228 1297 1330 1333 1353 1355 1496 1563 1597 1599 1767 1786 1812 1878 2048 2086 2103 2114 2130 2210 2302 2342 2583 2763 2774 2887 2916 2933 2991 3150 3190 3249 3262 3263 3348 3483 3495 3531 3574 3601 3677 3870 3901 4111 4201 4267 4305 4399 4639 4936 4941 4944
51	30	19	6	18 19 35 59 104 135 229 429 651 718 719 725 776 857 876 930 1077 1085 1250 1292 1315 1328 1345 1363 1384 1404 1517 1674 1742 1846 1857 1957 1969 2047 2099 2118 2167 2239 2281 2636 2652 2750 2837 2899 2942 2986 3086 3137 3221 3226 3268 3306 3354 3390 3598 3675 3690 3756 3812 3815 3866 3876 3902 4015 4058 4088 4154 4249 4367 4424 4626 4653 4723 4847 4877 4979
72	34	74	6	84 98 140 146 250 318 323 394 431 513 522 574 612 657 699 847 1004 1014 1039 1159 1181 1205 1289 1392 1426 1430 1532 1538 1552 1615 1712 1734 1826 1949 2120 2191 2207 2351 2404 2447 2462 2523 2555 2558 2651 2691 2753 2840 2894 3066 3121 3136 3152 3230 3284 3288 3373 3486 3517 3528 3671 3882 3895 4023 4031 4070 4086 4276 4329 4431 4435 4606 4687 4705 4712 4838 4841 4855 4865 4899
7	33	41	6	9 46 97 228 616 676 750 1133 1155 1207 1693 1862 2012 2071 2081 2109 2154 2209 2392 2433 2544 2546 2647 2822 2832 2869 2882 2890 2932 3046 3054 3141 3182 3200 3355 3416 3442 3549 3554 3571 3609 3702 3754 3760 3840 3887 3994 4047 4074 4109 4231 4283 4371 4384 4423 4447 4459 4491 4577 4584 4597 4614 4671 4706 4785 4832 4878 4886 4914
10	9	83	6	137 309 359 456 690 813 883 931 950 975 993 1209 1248 1271 1323 1348 1569 1577 1684 1723 1840 1843 1848 1898 1921 2092 2195 2201 2343 2482 2490 2501 2564 2571 2614 2746 2919 2964 2967 3016 3036 3095 3261 3276 3408 3412 3466 3612 3620 3626 3672 3692 3770 3858 3958 4027 4100 4125 4263 4560 4598 4695 4727 4751 4766 4778 4815
34	6	55	6	87 89 280 282 400 407 415 430 436 539 565 826 833 875 942 1072 1073 1193 1218 1455 1459 1502 1594 1754 1794 1935 1958 1973 2002 2033 2068 2107 2182 2189 2278 2306 2373 2383 2428 2486 2587 2653 3208 3356 3426 3450 3561 3586 3606 3686 3707 3729 3743 3863 3940 3960 4102 4280 4314 4433 4669 4745 4754 4787 4822 4848 4896 4913 4924 4929 5000
40	24	30	6	6 53 66 152 170 248 314 363 393 455 488 520 599 629 793 850 905 914 947 1052 1137 1210 1225 1286 1526 1578 1588 1678 1777 1815 1882 2036 2061 2338 2374 2384 2456 2478 2608 2634 2705 2744 2844 2848 2851 2879 3259 3270 3436 3544 3599 3726 3803 3804 3820 3911 3948 3978 4016 4065 4244 4268 4292 4379 4388 4393 4440 4457 4531 4611 4795 4828 4869 4920 4996
41	11	51	6	17 44 116 207 220 341 447 536 553 623 637 653 655 672 758 764 851 1051 1142 1337 1351 1418 1633 1636 1703 1808 1881 1927 1948 1962 1987 2050 2070 2098 2193 2228 2248 2258 2297 2441 2664 2749 2786 2826 2836 2841 2856 2937 2973 3048 3051 3122 3164 3215 3228 3378 3440 3468 3637 3654 3681 3828 4310 4335 4341 4345 4374 4508 4527 4528 4636 4677 4951 4957 4982 4993
47	8	7	6	32 39 62 83 167 225 253 262 349 374 420 589 708 731 753 778 817 873 934 954 960 1026 1153 1154 1267 1281 1317 1338 1390 1530 1699 1722 1844 1879 1899 1906 2053 2117 2163 2335 2443 2489 2561 2586 2671 2947 2959 3029 3070 3163 3191 3223 3282 3320 3374 3446 3455 3479 3480 3691 3753 3936 4053 4133 4398 4547 4713 4729 4759 4763 4831 4901
121	19	10	6	197 213 249 317 380 446 461 491 508 528 550 606 646 786 811 862 864 889 917 1059 1066 1098 1149 1182 1189 1493 1561 1613 1621 1979 2011 2128 2180 2225 2275 2314 2329 2350 2377 2402 2522 2556 2630 2874 2972 3244 3328 3460 3498 3519 3548 3581 3594 3632 3663 3693 3792 3854 3879 3894 3923 4009 4059 4143 4221 4407 4511 4512 4513 4735 4758 4814 4858 4935 4994
137	22	63	6	34 475 582 738 820 844 853 866 909 999 1128 1131 1184 1206 1283 1326 1435 1479 1490 1623 1668 1761 1918 1928 1963 2084 2089 2155 2179 2237 2243 2336 2344 2409 2436 2495 2526 2528 2536 2700 2729 2759 2761 2842 2898 2938 2952 3101 3232 3260 3291 3352 3438 3582 3676 3719 3750 3795 3896 3992 4007 4034 4071 4157 4213 4331 4365 4434 4623 4630 4649 4684 4843 4851 4897 4926 4942 4958
170	31	29	6	105 119 176 346 408 504 547 561 568 608 633 689 802 823 830 907 987 1127 1183 1197 1237 1302 1352 1405 1457 1478 1574 1612 1622 1689 1738 1781 1851 1952 1967 2045 2204 2245 2304 2504 2560 2577 2694 2778 2785 2794 2853 2984 2989 3075 3104 3251 3264 3316 3363 3441 3475 3505 3577 3596 3640 3679 3766 3774 3986 4078 4163 4226 4241 4375 4409 4454 4492 4493 4555 4637 4682 4711 4719
200	40	58	6	7 31 148 246 265 283 328 340 444 518 640 705 785 890 979 1022 1083 1106 1107 1129 1134 1294 1309 1322 1413 1441 1464 1467 1707 1762 1845 1894 1938 2093 2178 2312 2419 2467 2632 2674 2767 2824 2927 2980 3015 3089 3143 3236 3385 3388 3415 3522 3530 3927 3929 3933 3953 3981 4021 4025 4041 4089 4103 4170 4204 4234 4253 4264 4299 4376 4449 4543 4588 4647 4919 4974 4977
31	39	87	6	25 247 278 279 343 595 617 664 744 777 779 818 881 893 900 902 989 1040 1084 1099 1186 1251 1399 1498 1528 1555 1686 1810 1940 2240 2249 2366 2376 2382 2390 2391 2444 2458 2513 2600 2745 2779 2810 2860 2872 2939 2995 2997 3004 3090 3123 3252 3403 3579 3689 3727 3755 3776 3796 3819 3826 3859 3889 3928 4293 4442 4473 4541 4601 4651 4826 4875
33	17	69	6	55 79 126 193 272 375 396 511 517 584 760 763 781 1167 1213 1284 1303 1407 1423 1438 1470 1471 1644 1658 1667 1730 1807 1953 2037 2058 2078 2147 2254 2362 2454 2460 2470 2529 2532 2584 2612 2646 2696 2697 2726 2815 2960 2992 3220 3382 3406 3419 3431 3493 3499 3625 3765 3841 4010 4131 4165 4240 4274 4391 4510 4568 4794 4797 4801 4863 4998
109	25	95	6	69 133 263 277 321 324 463 624 822 867 874 922 1110 1115 1222 1272 1278 1431 1510 1511 1519 1708 1726 1770 1832 1901 1998 2097 2295 2337 2339 2477 2484 2539 2602 2606 2633 2713 2723 2821 2885 2925 2985 3050 3157 3197 3217 3237 3279 3417 3629 3631 3633 3893 3926 3996 4018 4050 4136 4198 4199 4230 4318 4327 4344 4381 4507 4523 4594 4714 4725
128	4	29	8	102 155 204 382 435 581 600 724 751 822 824 838 926 1069 1097 1119 1135 1137 1164 1194 1297 1377 1395 1487 1547 1600 1603 1610 1621 1700 1794 1851 2052 2160 2176 2224 2353 2381 2402 2496 2497 2501 2505 2568 2627 2657 2668 2704 2728 2980 3032 3047 3158 3165 3366 3431 3469 3482 3648 3772 3787 3814 3815 3892 3921 4279 4416 4495 4509 4575 4596 4599 4601 4850 4955 4994
135	10	5	6	30 147 153 182 298 301 306 331 355 385 405 406 649 669 735 784 812 948 953 994 1027 1123 1136 1234 1371 1398 1408 1525 1551 1638 1725 1779 1874 1877 1907 2303 2424 2431 2550 2601 2616 2663 2673 2757 2775 2852 2878 2909 2988 3332 3334 3451 3469 3556 3576 3810 3861 3872 3932 3944 3965 3982 4152 4260 4265 4316 4358 4401 4418 4444 4585 4587 4681 4827 4933
152	12	85	6	13 40 78 99 131 177 180 195 212 226 303 305 344 371 474 535 644 688 815 920 1130 1229 1259 1346 1572 1651 1856 1890 1978 2014 2057 2064 2076 2157 2277 2398 2429 2472 2499 2595 2684 2695 2805 3010 3045 3080 3115 3312 3342 3350 3379 3527 3541 3645 3973 4141 4144 4326 4349 4557 4697 4720 4740 4750 4883 4895 4966
169	15	3	6	232 251 296 395 398 485 523 587 632 658 693 747 878 888 996 1030 1045 1062 1101 1164 1268 1324 1388 1444 1505 1680 1719 1829 1834 1872 1895 1937 1959 1965 2062 2108 2139 2215 2263 2310 2323 2865 2949 2956 3069 3203 3207 3258 3275 3324 3337 3339 3474 3488 3501 3540 3547 3555 3575 3592 3658 3660 3665 3800 3817 3969 4049 4063 4338 4617 4646 4648 4675 4741 4938
182	36	33	6	21 65 162 257 313 319 336 493 530 615 675 701 720 806 926 1053 1369 1529 1619 1641 1764 1793 1802 1885 1944 1974 1995 2023 2049 2264 2410 2465 2542 2545 2666 2690 2891 3073 3151 3376 3407 3434 3503 3542 3562 3597 3832 3935 3943 4004 4067 4099 4126 4195 4209 4238 4320 4416 4421 4474 4550 4616 4689 4757 4817 4953
48	20	28	6	49 165 172 173 366 419 426 526 576 581 832 936 964 1087 1261 1368 1400 1446 1452 1499 1541 1601 1602 1662 1711 1724 1732 1748 1900 2000 2056 2126 2143 2261 2394 2415 2468 2559 2573 2706 2739 2781 2804 2864 2905 2929 2987 3035 3065 3120 3214 3335 3430 3514 3652 3701 3741 3899 3900 3920 4142 4200 4224 4235 4273 4370 4562 4643 4905
56	13	76	6	63 315 361 390 399 440 598 610 662 805 925 986 1036 1046 1138 1359 1439 1488 1518 1522 1535 1610 1713 1735 1992 2005 2041 2065 2133 2140 2262 2459 2463 2551 2605 2615 2702 2752 2818 2876 2982 3005 3009 3025 3039 3132 3496 3508 3545 3570 3589 3616 3650 3924 3931 3979 4008 4039 4052 4072 4135 4196 4281 4494 4540 4591 4612 4634 4724 4728 4760 4836 4839 4861 4986
87	14	9	6	57 138 164 281 441 505 560 643 645 654 702 712 836 843 865 901 971 1299 1374 1386 1424 1429 1436 1461 1763 1868 1908 1910 1977 2021 2100 2142 2199 2206 2224 2242 2400 2413 2438 2446 2543 2698 2893 2928 3026 3032 3158 3185 3246 3399 3472 3628 3680 3703 3728 3734 3976 4011 4060 4172 4186 4406 4529 4530 4694 4769 4773 4777 4780
96	37	63	8	18 60 205 327 333 364 389 460 476 502 506 543 735 776 852 951 966 1174 1196 1235 1250 1387 1415 1495 1515 1620 1664 1669 1739 1801 1834 1854 1909 2122 2154 2212 2227 2325 2459 2553 2631 2771 2781 2785 2805 2814 2855 2911 2937 3019 3103 3129 3271 3275 3373 3463 3654 3657 3692 3802 3906 3915 3961 3964 4202 4221 4313 4420 4503 4586 4764 4773 4835 4874 4987
101	21	91	6	196 209 215 242 357 503 507 562 594 728 821 828 897 904 944 966 1003 1102 1227 1252 1254 1263 1342 1358 1449 1567 1598 1628 1709 1744 1790 1920 2020 2051 2223 2327 2568 2661 2677 2699 2888 2897 3031 3088 3229 3349 3381 3600 3723 3731 3834 3886 3913 3921 4006 4077 4087 4294 4333 4360 4659 4673 4683 4722 4873 4890
122	2	47	6	42 217 231 467 555 583 618 678 749 871 974 1103 1116 1119 1196 1223 1314 1380 1432 1454 1463 1534 1608 1634 1749 1852 1909 1946 2105 2205 2250 2475 2530 2589 2740 2791 2801 2817 2850 2946 3127 3128 3162 3238 3315 3318 3413 3696 3714 3771 3814 3903 3915 3925 4083 4115 4256 4302 4317 4330 4342 4356 4472 4489 4533 4552 4816 4819 4887 4927
124	1	78	6	203 234 252 261 373 614 620 652 681 716 958 1150 1152 1269 1282 1370 1450 1472 1536 1576 1688 1704 1791 1820 1827 1838 1929 2017 2082 2141 2186 2192 2194 2208 2212 2451 2566 2640 2714 2756 2764 2892 2930 2958 2961 3000 3053 3064 3071 3119 3274 3294 3296 3313 3369 3433 3708 3779 3898 3984 4168 4211 4500 4627 4676 4691 4699 4879 4902 4990
131	26	52	6	47 60 61 81 110 144 169 284 338 379 423 438 579 660 774 915 1029 1050 1231 1387 1395 1414 1627 1904 1997 2035 2039 2077 2137 2296 2315 2360 2385 2516 2597 2620 2703 2712 2734 2758 2770 2873 2936 2968 3056 3083 3154 3195 3327 3414 3489 3591 3619 3777 3790 3813 3824 3881 3938 3961 4076 4085 4090 4092 4239 4242 4355 4373 4402 4446 4458 4578 4605 4628 4642 4661 4703 4786 4931
139	16	77	6	2 141 353 451 469 622 726 737 768 789 804 808 886 1080 1144 1240 1246 1307 1325 1442 1462 1473 1546 1630 1666 1677 1731 2075 2145 2221 2252 2365 2439 2509 2588 2619 2644 2808 2871 2998 3043 3063 3068 3148 3186 3370 3462 3521 3566 3595 3630 3684 3839 4000 4003 4062 4068 4181 4190 4220 4319 4350 4362 4363 4400 4403 4481 4571 4633 4700 4731 4776 4779 4910 4917
144	5	24	8	138 141 168 216 229 347 353 486 546 547 648 658 714 821 1001 1068 1071 1169 1364 1396 1643 1810 1918 1957 2166 2266 2299 2317 2417 2426 2507 2616 2749 2775 2807 2831 2954 3007 3014 3033 3059 3079 3086 3110 3199 3304 3354 3392 3565 3618 3630 3659 3697 3715 3725 3793 3806 3836 3878 4006 4215 4254 4477 4619 4622 4634 4668 4736 4888
150	28	68	6	82 85 91 163 351 437 473 544 567 600 773 790 809 819 906 992 1095 1204 1270 1571 1640 1645 1652 1663 1912 1964 2027 2122 2153 2156 2282 2375 2519 2592 2685 2708 2754 2830 2965 2979 3020 3078 3302 3322 3364 3525 3564 3667 3712 3764 3788 3818 3934 3974 4001 4038 4101 4137 4148 4193 4215 4233 4254 4258 4269 4343 4419 4521 4621 4629 4666 4686 4701 4911 4956 4964
158	32	85	8	10 156 180 202 360 397 484 489 578 615 633 826 844 891 936 1046 1070 1086 1089 1144 1157 1189 1234 1237 1268 1343 1368 1585 1707 1847 1859 1925 2047 2149 2260 2291 2368 2511 2541 2558 2674 2695 2811 2819 2889 3099 3161 3167 3256 3265 3301 3321 3357 3535 3595 3641 3646 3677 3882 3909 3955 4012 4017 4067 4159 4198 4290 4354 4360 4432 4440 4488 4510 4682 4760 4796 4931 4937 4942
11	3	94	6	109 222 240 285 339 450 534 556 684 796 841 921 1008 1147 1165 1178 1238 1265 1406 1500 1516 1523 1653 1661 1691 1718 1737 1784 1787 1817 1866 1915 2008 2161 2244 2265 2324 2356 2488 2537 2627 2780 2782 2863 2895 2963 3017 3055 3109 3113 3172 3196 3204 3299 3338 3449 3552 3635 3685 3746 3772 3957 3971 4013 4069 4105 4162 4171 4207 4387 4410 4539 4556 4581 4613 4775 4893 4975
17	35	51	8	61 83 121 306 411 429 457 499 653 667 687 717 746 766 802 870 882 1038 1076 1158 1166 1184 1270 1288 1296 1390 1401 1428 1507 1531 1554 1648 1693 1842 1942 2129 2172 2184 2292 2324 2335 2437 2550 2651 2663 2670 2721 2808 2834 2862 2904 2935 3028 3130 3137 3198 3222 3251 3322 3361 3368 3569 3805 3873 3916 3968 4004 4033 4062 4097 4116 4248 4268 4352 4353 4481 4535 4580 4659 4768 4911
88	38	81	6	154 297 443 566 670 696 740 846 861 879 935 949 1010 1060 1112 1202 1336 1356 1362 1670 1739 1803 1873 1887 1961 2040 2110 2222 2287 2487 2578 2613 2641 2678 2687 2709 2819 3044 3074 3169 3178 3235 3240 3304 3346 3357 3386 3394 3520 3523 3526 3538 3604 3623 3638 3744 3784 3829 3831 4005 4119 4270 4383 4427 4452 4478 4485 4561 4664 4672 4710 4806 4824 4947 4999
105	29	20	6	22 111 201 255 276 308 391 402 421 468 480 481 543 570 575 769 803 956 963 1006 1017 1019 1049 1089 1194 1458 1544 1642 1697 1891 1905 1939 2001 2172 2231 2361 2378 2406 2448 2590 2635 2675 2692 2719 2720 2923 2983 3007 3084 3117 3267 3293 3361 3463 3613 3641 3768 3833 3916 3991 4147 4197 4259 4414 4428 4526 4551 4580 4655 4808 4852 4906
129	7	27	6	15 174 216 275 289 302 329 358 465 487 698 700 835 880 895 957 1042 1061 1065 1256 1274 1310 1357 1485 1545 1625 1850 1896 1943 2022 2042 2080 2200
164	23	39	6	106 187 227 326 347 527 531 656 772 791 882 908 937 980 1012 1179 1249 1329 1339 1349 1354 1382 1396 1580 1733 1774 1842 1933 2003
177	27	44	8	199 218 220 254 258 344 453 515 565 602 619 840 957 1150 1324 1362 1419 1624 1634 1666 2067 2094 2197 2201 2234 2331 2354 2486 2563 2688 2703 2760 2821 2839 3021 3085 3105 3109 3154 3272 3283 3382 3425 3513 3528 3596 3688 3739 3922 3956 4014 4036 4046 4054 4071 4095 4189 4280 4297 4316 4388 4399 4548 4609 4696 4788 4899 4903 4929 4946 4972
21	18	71	8	4 143 349 421 491 498 531 541 544 545 642 782 789 922 1005 1006 1091 1213 1220 1351 1479 1562 1723 1776 1782 1792 1820 1886 1903 1907 2088 2168 2183 2218 2225 2343 2372 2416 2485 2655 2697 2793 2874 2877 3000 3036 3159 3171 3218 3270 3352 3599 3602 3762 3765 3785 3993 4066 4314 4342 4363 4376 4412 4447 4546 4564 4568 4675 4869
45	30	5	8	294 330 354 422 440 496 518 533 550 590 592 609 624 681 827 933 1172 1207 1262 1328 1548 1593 1694 1728 1737 1797 1845 1899 1911 1981 1993 1999 2085 2318 2364 2500 2691 2891 2909 2910 2953 3108 3157 3175 3252 3280 3418 3452 3477 3478 3571 3587 3627 3769 3838 3889 3891 4037 4132 4175 4181 4233 4302 4387 4461 4499 4551 4582 4723 4746 4782 4784 4818 4821 4954 4961
110	34	2	8	113 178 240 251 401 469 539 554 762 955 1093 1127 1145 1162 1199 1308 1353 1411 1471 1529 1544 1596 1622 1761 1816 1852 2057 2092 2097 2443 2455 2506 2529 2577 2602 2701 2945 2949 2960 2985 2989 3084 3201 3318 3360 3395 3422 3532 3574 3674 3757 3768 3811 3883 3935 4030 4188 4321 4473 4540 4573 4585 4673 4737 4769 4811 4845 4868 4897 4992
141	33	10	8	90 108 119 149 219 315 402 427 461 611 703 736 750 842 843 982 1003 1041 1113 1319 1399 1578 1599 1615 1632 1735 1863 1984 2001 2146 2192 2322 2451 2473 2518 2598 2633 2656 2755 2804 2818 2923 2959 3005 3006 3012 3224 3300 3409 3457 3507 3531 3545 3632 3683 4031 4068 4200 4211 4349 4403 4408 4418 4490 4543 4639 4718 4837 4844 4877 4889 4894 4917 5000
198	9	11	8	20 24 74 212 267 334 416 424 678 767 860 866 977 1019 1020 1029 1033 1231 1236 1344 1371 1519 1550 1645 1672 1742 1755 1770 1902 1926 1954 1983 2046 2091 2241 2414 2578 2596 2639 2747 2762 2766 2836 2918 2957 2964 3146 3254 3493 3494 3533 3536 3664 3720 3761 3902 3924 4005 4110 4142 4166 4222 4299 4304 4315 4327 4393 4469 4489 4496 4514 4592 4616 4656 4986
24	6	59	8	80 132 174 302 454 540 613 641 679 764 1061 1163 1277 1336 1379 1439 1458 1484 1598 1719 1732 1754 1758 1766 1892 2002 2011 2054 2111 2114 2237 2326 2406 2481 2567 2582 2861 2870 2875 2972 2995 3039 3101 3118 3136 3303 3307 3330 3372 3544 3573 3671 3717 3861 3920 3939 3947 4126 4229 4250 4292 4697 4748 4774 4798 4893 4944
32	24	23	8	184 289 314 329 608 682 770 813 952 960 980 986 989 1018 1066 1083 1100 1126 1363 1427 1455 1468 1475 1505 1568 1641 1667 1675 1688 1809 1948 1951 1965 1967 1969 1976 2033 2115 2145 2209 2232 2313 2340 2391 2430 2515 2575 2729 2732 2813 2816 2898 2924 2956 3081 3087 3097 3148 3162 3556 3700 3775 3853 4025 4161 4186 4350 4430 4531 4831 4879 4886 4900 4909 4926 4966
108	11	61	8	53 94 95 98 185 230 252 319 339 549 567 618 620 671 701 834 869 1032 1051 1056 1383 1488 1589 1613 1729 1765 1814 1962 2020 2031 2181 2208 2494 2569 2620 2632 2666 2796 2841 2966 3022 3051 3100 3233 3255 3349 3358 3515 3608 3759 3778 3821 3856 3944 3989 3996 4020 4104 4143 4163 4224 4281 4346 4722 4729 4809 4819 4885 4922
126	8	42	8	54 355 372 478 493 534 643 728 738 833 941 943 1094 1173 1210 1334 1433 1629 1673 1692 1696 1741 1783 1930 1945 2008 2182 2420 2444 2552 2745 2892 2950 2987 3008 3067 3112 3188 3248 3250 3412 3432 3498 3502 3540 3584 3656 3668 3797 3914 3951 4023 4212 4381 4386 4443 4520 4536 4554 4562 4657 4721 4801 4827 4848 4898 4940
156	19	53	8	110 124 153 166 224 241 392 438 456 482 577 580 646 859 950 978 1013 1062 1122 1141 1261 1402 1665 1716 1730 1817 1832 1849 1992 2024 2080 2087 2099 2284 2467 2579 2676 2740 2746 2769 2794 2837 2962 2981 3025 3042 3088 3117 3134 3213 3244 3447 3549 3617 3716 3729 3773 3792 3997 4091 4185 4263 4366 4395 4623 4625 4684 4692 4744 4882 4928
196	22	36	8	93 99 197 448 561 607 622 794 938 1063 1110 1149 1345 1376 1422 1447 1457 1469 1501 1798 1800 1804 1865 1914 1937 1950 1975 2010 2037 2038 2044 2062 2174 2248 2271 2303 2328 2374 2375 2386 2516 2528 2533 2549 2678 2787 2827 2828 2927 2977 3125 3166 3247 3351 3400 3479 3744 3864 3910 3946 3971 4156 4305 4307 4572 4598 4711 4754 4793 4901
4	31	35	8	17 147 157 249 309 351 400 470 699 887 908 976 1102 1117 1185 1232 1289 1412 1538 1542 1687 1733 1831 1875 1920 1971 2164 2236 2264 2276 2290 2360 2548 2649 2661 2696 2792 2865 2938 2990 3056 3090 3193 3200 3384 3518 3539 3638 3642 3799 3843 3991 4130 4286 4334 4532 4544 4800 4814 4830 4896 4934 4939 4959 4973 4976
58	40	50	8	45 164 253 312 398 417 434 749 778 811 847 854 892 927 949 1035 1036 1045 1098 1226 1258 1372 1403 1440 1460 1482 1532 1535 1572 1637 1777 1853 2051 2074 2078 2470 2604 2857 2888 2922 2963 3004 3077 3098 3214 3231 3257 3260 3297 3476 3489 3748 3852 3897 4043 4075 4108 4218 4256 4289 4397 4417 4464 4471 4624 4710 4738 4739 4770 4953
112	39	79	8	2 22 92 140 172 297 310 340 408 564 621 759 798 825 863 961 962 974 1073 1090 1273 1470 1595 1677 1705 1757 1771 1990 2022 2061 2144 2152 2203 2229 2286 2302 2329 2399 2407 2520 2534 2637 2665 2941 2988 3107 3238 3391 3419 3435 3563 3564 3594 3605 3742 3796 3876 3893 3977 4021 4193 4206 4291 4362 4431 4492 4504 4834 4880 4936 4980
114	17	16	8	19 51 69 75 233 325 361 374 378 410 459 516 551 556 562 589 597 625 631 721 805 820 1040 1143 1146 1168 1177 1246 1378 1509 1690 1841 1912 1988 2017 2043 2090 2107 2157 2178 2226 2441 2457 2758 2886 3041 3058 3290 3386 3417 3483 3509 3631 3660 3698 3704 3721 3781 3948 4084 4111 4149 4151 4246 4267 4294 4296 4343 4406 4462 4542 4577 4691 4766 4864 4890
132	25	84	8	5 21 150 318 404 415 423 425 571 683 731 765 807 865 899 1075 1148 1176 1218 1394 1512 1564 1750 1893 2105 2217 2240 2277 2311 2450 2503 2555 2556 2642 2699 2712 2727 2734 2844 2914 3015 3111 3278 3331 3344 3597 3675 3771 3784 3945 4024 4026 4057 4081 4216 4234 4309 4371 4427 4480 4576 4665 4679 4752 4918
140	10	60	8	58 66 222 298 301 305 386 387 444 480 521 552 591 727 733 783 856 907 917 979 1131 1140 1151 1256 1276 1358 1584 1644 1812 1866 1897 1947 2015 2048 2075 2136 2190 2251 2288 2373 2440 2542 2571 2628 2653 2830 2940 3116 3169 3209 3324 3343 3491 3506 3561 3731 3753 3803 3930 4016 4045 4154 4238 4241 4288 4359 4441 4484 4512 4539 4689 4706 4728 4978
186	12	73	8	33 36 46 198 346 605 665 691 725 754 815 1043 1175 1290 1349 1356 1424 1443 1477 1566 1582 1605 1631 1721 1747 1778 1803 1806 1896 2103 2113 2116 2198 2219 2242 2285 2295 2350 2384 2436 2502 2509 2531 2619 2735 2916 3234 3241 3292 3308 3376 3416 3423 3438 3448 3541 3548 3620 3776 3834 4034 4063 4092 4148 4160 4252 4317 4337 4713 4732 4816 4949
194	15	3	8	123 137 158 181 228 232 261 270 272 283 285 286 303 336 379 394 431 548 768 939 964 970 999 1081 1178 1186 1202 1299 1321 1558 1601 1623 1640 1743 1745 1759 1807 1906 1934 2016 2274 2315 2442 2464 2530 2546 2560 2710 2846 2901 3010 3054 3341 3342 3374 3514 3734 3895 3936 4049 4076 4174 4179 4227 4231 4308 4368 4424 4638 4652 4833 4872 4991
55	36	72	8	8 55 120 196 269 335 455 525 689 732 788 793 832 857 880 881 923 1047 1108 1266 1269 1449 1520 1576 1594 1606 1736 1821 1822 1881 1921 2003 2073 2143 2188 2202 2246 2259 2297 2458 2475 2590 2640 2689 2700 2708 2724 2880 2946 3018 3128 3264 3319 3437 3511 3601 3607 3626 3695 3706 3872 3949 3954 4165 4402 4511 4790 4808 4856 4902 4948
59	20	81	8	56 111 163 203 407 418 436 527 563 617 674 676 734 739 772 801 1067 1134 1188 1244 1348 1418 1465 1506 1508 1656 1676 1701 1787 1825 1922 1995 2177 2283 2539 2654 2726 2797 2803 2810 2820 3002 3120 3138 3229 3305 3327 3424 3434 3580 3583 3711 3750 3752 3767 3795 3837 3960 3974 4079 4519 4545 4559 4647 4701 4767 4813 4817 4932 4996
64	13	89	8	77 100 114 122 190 256 291 362 381 409 442 492 495 558 616 670 959 981 996 1133 1221 1454 1499 1649 1837 1898 2009 2121 2156 2255 2267 2327 2363 2425 2526 2580 2730 2741 2788 2905 3057 3076 3259 3289 3446 3521 3606 3678 3719 3735 3745 3808 3867 3879 3925 4050 4090 4155 4180 4339 4415 4493 4547 4550 4733 4891 4905 4981
79	14	54	8	43 68 151 179 213 282 300 473 603 635 675 800 967 995 1002 1055 1155 1180 1224 1283 1359 1456 1577 1636 1670 1860 1861 1905 1923 1961 1968 1989 2019 2102 2150 2323 2460 2547 2581 2589 2660 2812 2833 2866 2885 3023 3029 3133 3186 3389 3428 3445 3800 3831 3832 3839 3926 3940 3966 3967 3984 3992 4239 4269 4367 4383 4459 4567 4690 4700 4707 4720 4756 4758 4825 4892
80	21	98	8	47 76 154 217 468 471 713 780 795 1058 1156 1181 1206 1243 1257 1274 1438 1485 1513 1553 1607 1616 1625 1630 1697 1889 2077 2231 2233 2253 2261 2269 2272 2314 2405 2448 2514 2692 2714 2768 2876 3127 3135 3140 3176 3178 3181 3197 3340 3405 3470 3481 3559 3560 3770 3931 4015 4038 4073 4244 4444 4566 4779 4921
84	2	45	8	27 65 304 464 596 614 647 741 790 812 919 940 1201 1264 1451 1453 1459 1533 1536 1543 1710 1795 1796 1828 1880 1941 2030 2100 2308 2540 2626 2707 2750 2774 2868 2994 3082 3095 3215 3235 3306 3364 3529 3590 3604 3619 3622 3662 3673 3708 3880 3953 4098 4105 4114 4172 4197 4303 4380 4460 4557 4574 4610 4612 4759 4792 4794 4820 4849
85	1	66	8	13 14 88 146 288 403 481 483 494 559 593 775 1010 1016 1039 1123 1139 1204 1233 1295 1331 1414 1429 1528 1569 1927 1956 2004 2084 2095 2130 2298 2301 2461 2614 2748 2759 2849 2999 3070 3096 3102 3131 3168 3172 3202 3210 3427 3488 3637 3684 3760 3779 3791 3875 4035 4112 4119 4195 4264 4320 4325 4348 4436 4454 4518 4538 4563 4579 4583 4648 4660 4861 4968
90	26	86	8	259 557 696 755 934 953 954 983 1136 1307 1310 1327 1357 1406 1416 1430 1555 1567 1702 1706 1772 1788 1936 1987 1991 2012 2072 2139 2293 2390 2427 2445 2482 2491 2512 2536 2572 2591 2592 2607 2662 2671 2683 2790 2795 2798 2842 3268 3317 3353 3578 3634 3655 3705 3790 3829 3980 3987 3995 4080 4385 4501 4529 4595 4693 4715 4719 4742 4771 4875 4907 4916 4919 4960 4997
92	16	31	8	182 497 512 698 722 797 799 836 904 910 1012 1165 1240 1275 1292 1500 1502 1524 1574 1591 1609 1611 1647 1655 1813 1823 1835 1850 1871 1946 2007 2023 2213 2222 2321 2369 2370 2385 2434 2466 2825 2952 2955 2974 3091 3119 3155 3156 3173 3180 3205 3253 3311 3396 3550 3592 3611 3614 3650 3669 3823 3840 3869 3923 3959 3983 3990 4040 4055 4103 4106 4134 4287 4340 4401 4439 4467 4507 4685 4935 4963 4975
103	28	17	8	145 159 167 208 370 414 451 504 519 569 921 958 1017 1031 1291 1452 1473 1504 1618 1674 1764 1768 1855 1869 1931 1972 1974 2042 2104 2126 2135 2262 2338 2349 2487 2517 2527 2659 2731 2778 2843 2853 2893 3293 3316 3333 3380 3503 3504 3640 3685 3686 3694 3905 4007 4047 4059 4128 4295 4341 4400 4456 4621 4650 4662 4678 4680 4751 4777 4823 4870 4971
146	4	61	10	125 137 151 157 187 209 239 372 390 493 547 569 584 588 677 704 804 831 832 853 1278 1304 1393 1406 1418 1518 1606 1653 1729 1780 1845 2061 2138 2213 2335 2360 2564 2593 2601 2730 2761 2772 2871 2884 2897 2899 2903 2945 2995 3014 3046 3103 3187 3387 3503 3528 3689 3727 3749 3764 3834 3850 3858 3930 3963 4193 4302 4362 4406 4518 4600 4722 4783 4842 4862 4888 4925
2	3	43	8	1 41 142 223 266 365 413 428 439 505 583 704 785 792 855 998 1037 1065 1124 1125 1193 1217 1326 1662 1844 1933 1964 2147 2206 2214 2244 2249 2345 2658 2664 2737 2851 2897 2943 3104 3453 3526 3572 3610 3658 3736 3825 3827 4060 4137 4429 4508 4513 4587 4649 4674 4755 4780 4914 4950
3	38	41	8	71 86 97 112 188 437 585 604 644 743 769 781 898 918 963 987 988 1057 1079 1167 1448 1517 1597 1663 1734 2021 2151 2257 2341 2452 2456 2492 2667 2709 2783 2928 3030 3040 3075 3339 3365 3403 3557 3689 3709 3751 3810 3898 3918 4039 4115 4117 4158 4405 4445 4485 4500 4521 4600 4615 4620 4629 4727 4743 4883 4887
42	29	38	8	23 87 135 231 348 443 449 458 501 532 536 656 916 942 1008 1138 1203 1212 1214 1272 1300 1323 1340 1408 1660 1683 1714 1740 1773 1901 1959 1979 2169 2170 2211 2330 2394 2606 2617 2673 2883 2925 3038 3285 3309 3313 3362 3393 3530 3600 3676 3846 3857 3999 4093 4167 4217 4278 4322 4323 4332 4390 4498 4593 4643 4745 4747 4749 4778 4806 4826 4912 4947 4974
62	37	66	10	169 175 220 284 328 356 447 532 579 594 630 687 720 808 1022 1118 1166 1187 1233 1348 1383 1452 1579 1728 2103 2236 2344 2477 2524 2641 2667 2686 2708 2717 2820 2915 3182 3202 3290 3325 3423 3443 3456 3485 3622 3627 3662 3730 3758 3799 3815 3840 3865 3881 4067 4242 4269 4422 4426 4428 4487 4495 4502 4576 4586 4591 4702 4885 4930 4956 4980
74	7	75	8	89 210 279 388 472 477 514 529 623 630 690 692 700 712 726 748 757 758 839 871 878 929 993 1132 1278 1392 1545 1646 1786 1815 1908 1940 1994
176	23	46	8	12 15 62 139 211 214 244 268 345 368 537 553 868 1009 1034 1064 1159 1190 1211 1303 1313 1393 1718 1811 1846 1858 1917 2138 2351
178	5	75	10	59 82 117 205 291 340 424 426 484 563 580 597 609 613 712 763 891 1018 1059 1077 1158 1182 1195 1456 1490 1611 1669 1752 1862 1977 2136 2258 2323 2384 2418 2502 2504 2611 2783 2802 2826 2868 2992 3059 3096 3123 3200 3219 3260 3261 3266 3330 3365 3372 3510 3558 3648 3726 3976 3998 4025 4077 4082 4454 4619 4655 4697 4747 4755 4833 4869
180	32	57	10	19 28 71 72 181 198 395 435 452 459 586 661 777 796 849 874 924 968 994 1090 1277 1436 1503 1595 1660 1756 1799 1895 1907 1919 1951 2048 2114 2160 2180 2284 2389 2393 2435 2618 2713 2738 2795 2805 2833 2845 3056 3090 3180 3181 3257 3430 3467 3475 3636 3787 3839 3898 4136 4149 4176 4239 4373 4447 4696 4800 4858 4946
185	35	56	10	63 140 343 383 599 648 790 916 920 978 1186 1247 1291 1384 1420 1424 1446 1501 1530 1540 1569 1585 1610 1687 1727 1857 1889 1902 1989 2058 2230 2240 2267 2313 2332 2507 2553 2733 2789 2791 2921 2965 3027 3052 3203 3277 3398 3421 3480 3575 3667 3723 3777 3911 3929 3975 4125 4274 4443 4452 4456 4486 4630 4654 4695 4770 4791 4841 4931
154	27	67	10	102 103 106 329 557 668 815 969 1099 1176 1183 1271 1302 1341 1343 1367 1492 1500 1562 1738 1764 1775 1896 1969 2092 2112 2214 2379 2450 2482 2551 2579 2590 2613 2695 2706 2812 2841 3100 3139 3222 3391 3394 3541 3554 3574 3577 3696 3724 3818 3826 3862 3869 3939 4016 4034 4251 4374 4482 4491 4515 4540 4612 4669 4716 4723 4909 4933
171	18	99	10	41 264 417 418 477 1147 1150 1160 1167 1197 1477 1534 1580 1586 1617 1636 1641 1750 1793 1894 1915 1957 2090 2094 2189 2190 2207 2241 2254 2300 2302 2315 2387 2469 2496 2500 2570 2573 2598 2640 2736 2800 2906 2985 3039 3064 3135 3348 3451 3642 3679 3716 3766 3793 3913 3983 4267 4296 4304 4420 4471 4544 4652 4671 4743 4863 4952 4962
197	30	36	10	111 179 500 537 703 809 929 995 1027 1073 1096 1108 1178 1273 1315 1379 1454 1733 1802 1803 1822 1850 1867 1885 1962 2054 2077 2096 2188 2225 2276 2294 2324 2355 2383 2503 2532 2574 2584 2664 2864 2880 3026 3047 3142 3211 3281 3328 3603 3658 3739 3774 3912 4081 4083 4197 4327 4546 4583 4616 4736 4817 4916 4919 4945 4977
5	34	13	10	166 172 178 212 225 414 513 592 622 805 855 938 964 970 1007 1025 1161 1171 1216 1253 1266 1285 1344 1364 1391 1438 1449 1563 1612 1624 1631 1674 1816 1863 2024 2101 2165 2620 2788 2847 2881 2923 2937 2956 2960 3071 3132 3177 3197 3247 3440 3608 3633 3733 3780 3888 3896 3909 4007 4018 4361 4434 4437 4439 4470 4488 4534 4632 4648 4690 4728 4785 4789 4810 4884
15	33	96	10	49 91 203 204 502 590 695 729 787 828 898 913 921 1014 1015 1028 1104 1148 1206 1290 1335 1475 1476 1481 1748 1814 1838 1976 2034 2081 2089 2117 2159 2325 2404 2441 2657 2699 2827 2834 2994 3004 3094 3175 3184 3196 3250 3388 3564 3617 3672 3683 3713 3895 3990 3994 4026 4048 4073 4147 4164 4175 4418 4430 4535 4559 4606 4840 4920
60	9	70	10	34 114 149 191 243 411 423 497 517 540 659 774 791 856 955 983 1094 1222 1235 1355 1434 1474 1903 1942 1998 2038 2132 2154 2179 2357 2394 2449 2520 2545 2725 2726 2745 2799 2886 2959 3079 3127 3164 3166 3320 3441 3497 3506 3560 3634 3653 3827 3830 3900 4091 4117 4119 4171 4321 4386 4505 4558 4677 4772 4856 4878 4972 4986 4993
71	6	62	10	40 42 83 310 373 385 574 585 636 693 772 823 843 895 958 985 1084 1121 1175 1239 1263 1350 1375 1485 1665 1680 1740 1789 1876 1968 2055 2130 2251 2253 2455 2758 2765 2807 2809 2840 2932 3034 3049 3179 3390 3442 3494 3567 3857 3871 3959 4129 4241 4262 4349 4410 4419 4446 4545 4617 4628 4629 4693 4718 4774 4968
91	24	100	10	88 177 206 326 370 378 436 635 645 927 945 990 1016 1060 1079 1366 1564 1746 1778 2013 2014 2065 2066 2106 2205 2235 2278 2307 2309 2535 2575 2627 2645 2715 2751 2792 3002 3035 3155 3206 3234 3310 3361 3412 3472 3657 3821 3842 3877 3925 3986 4152 4275 4385 4467 4499 4604 4607 4618 4737 4777 4820 4825 4836 4861 4871
107	11	44	10	97 129 190 230 247 260 334 365 368 519 531 534 566 589 626 637 730 811 885 1053 1075 1097 1111 1151 1174 1212 1231 1280 1307 1321 1345 1410 1433 1515 1573 1675 1825 1916 2019 2053 2095 2218 2266 2349 2376 2382 2473 2511 2606 2675 2721 2779 2943 2963 2964 2986 3121 3130 3243 3449 3538 3710 3947 4093 4130 4153 4344 4541 4580 4640 4661 4805 4877 4970
143	8	48	10	43 53 136 235 293 427 473 474 478 480 524 529 542 657 745 870 886 893 902 956 965 1023 1033 1143 1301 1365 1445 1461 1571 1643 1735 1771 1843 1892 1925 1931 1939 1974 2022 2116 2211 2257 2268 2280 2395 2557 2586 2634 2672 2709 2739 2746 3022 3072 3228 3426 3454 3459 3556 3698 3796 3855 3969 4064 4070 4079 4140 4445 4462 4784 4848 4942
22	19	38	10	78 189 246 382 440 466 554 665 718 799 889 954 957 1000 1030 1031 1078 1128 1200 1359 1425 1511 1523 1574 1642 1657 1742 1776 1817 1871 1873 1883 2071 2110 2142 2396 2422 2483 2542 2732 2858 2968 3024 3042 3048 3101 3137 3210 3309 3414 3470 3553 3593 3666 3682 3771 3783 4019 4037 4041 4059 4123 4137 4243 4292 4506 4729 4762 4829 4928 4958
39	22	98	10	70 158 185 275 446 719 762 780 941 951 982 1146 1286 1377 1583 1592 1603 1621 1689 1709 1711 1899 1934 1982 2068 2178 2336 2460 2515 2569 2604 2670 2723 2904 2916 2982 3115 3174 3209 3344 3432 3464 3474 3484 3550 3599 3609 3631 3949 3985 4001 4003 4054 4060 4071 4084 4090 4120 4177 4226 4315 4639 4665 4873 4902 4913
99	31	97	10	44 56 115 132 200 330 377 409 464 515 516 708 801 835 1119 1126 1170 1193 1211 1305 1312 1314 1614 1615 1630 1996 2030 2056 2139 2217 2346 2368 2457 2676 2729 2822 2879 3134 3221 3289 3317 3329 3378 3513 3521 3615 3759 3798 3800 3832 3838 3944 3952 4011 4013 4134 4161 4216 4258 4307 4391 4438 4442 4478 4553 4766 4890 4894
136	40	82	10	52 65 120 193 245 252 360 384 461 472 544 564 568 606 662 679 732 742 848 981 1127 1153 1196 1226 1240 1281 1440 1451 1809 1819 1832 1949 2004 2067 2083 2126 2167 2271 2622 2701 2801 2953 3011 3105 3128 3296 3301 3356 3411 3477 3504 3524 3566 3572 3588 3670 3673 3708 3714 3748 3782 3822 3844 3953 4038 4107 4286 4325 4377 4590 4598 4822 4853 4876 4898 4991
160	39	92	10	301 494 522 559 578 686 728 788 806 838 909 912 1009 1133 1275 1388 1455 1520 1715 1732 1797 1824 1831 1918 2097 2127 2301 2369 2538 2694 2816 2832 2896 2908 3081 3218 3236 3252 3276 3302 3346 3492 3542 3576 3646 3663 3833 3835 3955 4088 4109 4227 4328 4621 4682 4703 4895 4923 4944 4985 4987
172	17	90	10	9 26 105 154 215 347 364 448 501 570 610 655 827 837 884 926 1165 1223 1269 1619 1681 1767 1813 1851 1853 1924 1960 2153 2328 2348 2373 2428 2742 2756 2784 2893 2905 2962 2969 2989 3150 3227 3274 3285 3306 3341 3366 3417 3611 3638 3735 3809 3923 4085 4138 4210 4288 4323 4326 4399 4528 4587 4679 4891 4899 4906
195	25	12	10	128 270 401 410 723 756 757 771 1050 1156 1319 1480 1509 1525 1537 1607 1671 1708 1718 1792 2170 2269 2299 2305 2352 2392 2420 2478 2576 2623 2624 2669 2705 2806 2829 2927 2974 3067 3098 3162 3241 3297 3353 3399 3458 3620 3632 3688 3697 3711 3722 3767 3769 3778 3943 3968 3996 4012 4131 4139 4425 4475 4517 4549 4765 4823 4843 4965
38	10	30	10	104 194 280 509 523 681 697 714 733 752 903 953 1228 1332 1442 1482 1496 1505 1513 1646 1664 1705 1795 1836 1963 1988 2115 2147 2227 2256 2312 2377 2480 2529 2582 2608 2652 2854 2877 2955 2983 2996 3020 3023 3122 3145 3168 3254 3385 3453 3490 3586 3690 3789 3885 4075 4086 4155 4173 4248 4255 4359 4378 4417 4746 4778 4788 4857 4881 4897 4941
52	12	22	10	192 254 379 392 422 471 577 649 741 770 946 1169 1257 1299 1311 1327 1405 1441 1536 1558 1581 1618 1661 1716 1717 1798 2006 2036 2263 2419 2499 2589 2718 2749 2769 2949 2951 3291 3322 3532 3629 3785 3860 3920 3946 3966 4096 4132 4184 4194 4272 4346 4370 4578 4753 4830 4849 4911
66	15	84	10	96 161 186 273 457 666 694 753 1320 1374 1402 1423 1484 1538 1557 1608 1672 1701 1860 1958 2176 2388 2402 2414 2454 2458 2643 2714 2763 2837 2910 2913 3019 3074 3224 3230 3300 3314 3345 3355 3367 3415 3419 3562 3784 3808 3977 3992 3997 4097 4100 4118 4231 4245 4451 4570 4582 4626 4631 4647 4660 4676 4685 4704 4709 4834 4851 4974
106	36	34	10	143 250 292 400 469 475 616 627 706 709 722 931 950 979 1040 1081 1145 1209 1236 1256 1300 1428 1435 1479 1529 1572 1751 1870 1927 1956 2063 2091 2118 2149 2186 2279 2365 2380 2463 2471 2526 2636 2662 3060 3085 3235 3336 3375 3389 3461 3529 3618 3773 3853 3950 4056 4065 4121 4195 4371 4414 4453 4597 4666 4889 4964
192	20	49	10	75 90 99 100 295 306 322 342 403 572 667 672 716 738 810 840 863 878 892 1049 1144 1230 1331 1360 1439 1448 1590 1644 1650 1893 1898 1979 2045 2070 2076 2085 2104 2129 2198 2242 2440 2494 2510 2631 2660 2668 2850 2922 3102 3110 3125 3338 3424 3487 3511 3702 3937 3954 4072 4078 4185 4212 4223 4293 4294 4357 4394 4609 4622 4698 4954
104	13	8	10	31 87 89 116 170 234 308 350 528 603 663 685 715 1191 1241 1598 1609 1639 1649 1662 1698 1706 1844 1872 1878 1900 1928 1936 1938 2041 2093 2108 2209 2226 2259 2431 2803 2855 3009 3061 3117 3141 3152 3194 3248 3275 3397 3416 3598 3652 3887 3890 3904 3931 4220 4232 4458 4466 4469 4531 4532 4552 4610 4614 4651 4711 4731 4761 4769 4814 4943
113	14	89	10	3 51 155 163 283 371 408 565 680 842 894 923 948 966 1037 1044 1045 1074 1082 1109 1309 1316 1339 1356 1361 1372 1679 1837 1839 1901 1999 2031 2080 2238 2412 2495 2501 2512 2533 2541 2685 2811 2873 2926 3208 3284 3305 3315 3395 3501 3530 3719 3795 3846 3882 3962 4053 4163 4261 4342 4372 4402 4412 4638 4708
147	21	83	10	159 221 337 399 404 503 512 514 619 623 628 684 822 1069 1214 1243 1258 1354 1457 1516 1559 1849 1890 2075 2197 2221 2222 2288 2605 2609 2625 2679 2737 2743 2835 2973 2997 3005 3091 3092 3160 3223 3438 3534 3563 3581 3717 4020 4151 4182 4238 4300 4338 4356 4358 4405 4589 4687 4767 4866 4867 4922 4939 4997
13	2	25	10	76 101 183 226 267 335 393 499 548 726 727 747 825 826 851 1219 1385 1458 1466 1604 1682 1734 1745 1762 1782 1785 1807 1828 1886 1888 1904 1980 1985 2032 2150 2407 2409 2433 2465 2550 2567 2580 2588 2621 2629 2776 2934 3186 3201 3294 3342 3357 3479 3512 3760 4094 4095 4257 4316 4599 4741 4763 4768 4880 4912
81	4	70	12	72 150 227 248 272 299 363 417 509 545 620 676 795 796 847 858 984 1060 1107 1195 1273 1297 1312 1413 1507 1542 1691 1785 1948 2054 2113 2219 2427 2435 2466 2615 2743 2904 2908 2942 2962 2970 3046 3050 3051 3055 3146 3227 3239 3309 3512 3708 3718 3775 3861 3884 3932 4036 4070 4074 4085 4088 4099 4132 4145 4191 4198 4202 4213 4308 4349 4368 4465 4517 4577 4609 4663 4680 4681 4728 4830 4877 4995
191	1	58	10	133 184 256 479 486 488 682 877 987 1080 1129 1192 1203 1328 1483 1627 1794 1947 1975 1994 2029 2163 2403 2456 2498 2572 2671 2754 2817 2917 2947 3001 3078 3108 3153 3172 3232 3233 3267 3384 3465 3517 3590 3770 3851 3864 3919 3973 4089 4122 4133 4188 4206 4309 4565 4735 4816 4846
43	26	65	10	93 259 483 530 652 800 911 1124 1246 1347 1373 1413 1551 1620 1626 1691 1801 1827 1914 2082 2111 2121 2244 2273 2282 2322 2362 2492 2525 2578 2696 2707 2735 2878 2909 2931 2938 2975 2984 3000 3054 3104 3109 3190 3493 3709 3843 3928 3995 4010 4128 4228 4280 4299 4343 4351 4355 4398 4401 4473 4662 4673 4692
46	16	76	10	4 160 255 269 573 601 786 819 1272 1369 1417 1468 1469 1499 1637 1651 1722 1760 2107 2151 2171 2358 2372 2452 2472 2644 2659 2933 3037 3095 3147 3205 3371 3434 3515 3516 3619 3630 3695 4061 4127 4162 4237 4277 4383 4384 4387 4396 4561 4738 4821 4882 4953
76	28	6	10	18 67 134 145 162 282 352 357 429 445 525 701 914 961 1052 1204 1392 1593 1622 1755 1791 1848 1897 2023 2028 2040 2046 2156 2158 2233 2274 2340 2391 2474 2508 2534 2537 3003 3065 3188 3319 3335 3582 3737 3797 3903 3941 4022 4055 4266 4336 4389 4404 4480 4533 4548 4556 4672 4739
82	3	35	10	2 85 165 171 229 433 454 543 587 600 639 654 867 975 1092 1421 1422 1467 1497 1514 1535 1702 1725 1730 1766 1804 1880 1948 2021 2025 2133 2219 2316 2333 2371 2408 2446 2650 2655 2852 2859 3183 3269 3312 3462 3518 3699 3745 3807 3868 3883 3901 3906 4030 4219 4324 4423 4427 4448 4497 4581 4699 4734 4787 4845 4907
168	38	80	10	12 122 266 307 593 605 707 872 922 967 972 1019 1252 1340 1465 1495 1532 1543 1600 1605 1655 1763 1830 1846 1874 1944 2007 2109 2120 2183 2220 2265 2367 2595 2614 2630 2771 2777 2782 2838 2839 2911 2930 2948 2950 3068 3151 3471 3587 3624 3639 3656 3703 3812 3872 3945 4000 4029 4099 4200 4218 4465 4472 4503 4514 4543 4566 4603
67	29	87	10	77 95 126 138 197 211 432 624 711 767 841 861 864 937 976 1008 1057 1086 1140 1287 1342 1443 1616 1685 2037 2079 2084 2148 2231 2247 2320 2390 2642 2786 2863 3029 3143 3561 3568 3678 3736 3897 3932 4135 4159 4166 4189 4234 4250 4282 4313 4368 4649 4724 4742 4984
120	7	16	10	127 148 320 323 354 361 374 430 581 642 647 669 717 881 930 952 991 1054 1318 1329 1330 1546 1575 1659 1864 1875 2039 2086 2182 2308 2319 2547 2568
