Course	Room	Teacher	Time	Students
132	29	69	2	14 79 125 208 286 370 475 521 565 585 589 593 595 644 741 780 938 996 1011 1012 1017 1086 1149 1161 1173 1212 1297 1336 1403 1468 1475 1535 1548 1589 1673 1913 1918 1934 1977 2054 2087 2108 2162 2171 2205 2252 2366 2383 2395 2425 2484 2544 2585 2591 2629 2745 2782 2900 2935 2944 3019 3273 3329 3387 3463 3484 3522 3565 3577 3589 3607 3660 3804 3876 3909 3932 3984 3988 4125 4150 4306 4362 4493 4500 4561 4572 4601 4654 4929 4949
79	1	45	2	12 36 129 147 172 225 255 260 316 444 538 669 743 784 795 874 926 1069 1219 1239 1263 1276 1315 1318 1450 1456 1472 1578 1591 1690 1936 1989 2083 2240 2274 2373 2374 2398 2452 2496 2517 2589 2607 2668 2740 2798 2849 2871 2915 2952 3054 3116 3130 3200 3241 3254 3350 3359 3398 3447 3496 3497 3502 3504 3507 3538 3564 3587 3601 3685 3708 3715 3765 3830 4042 4075 4124 4186 4203 4212 4242 4305 4323 4439 4519 4565 4627 4659 4750 4795 4812 4845 4849
109	39	30	2	45 106 134 136 271 277 305 320 337 483 485 500 501 526 608 649 930 966 1051 1355 1364 1381 1387 1498 1523 1582 1658 1671 1721 1748 1907 2051 2073 2121 2128 2148 2169 2175 2313 2415 2454 2533 2609 2695 2730 2731 2773 2811 2816 2940 2956 3163 3180 3214 3231 3236 3328 3440 3532 3641 3784 3823 3842 3919 3949 4134 4140 4148 4153 4171 4270 4345 4363 4367 4374 4381 4628 4639 4734 4910 4948
108	34	38	2	20 179 360 474 503 509 577 582 603 619 691 710 716 734 757 789 889 901 902 960 1022 1152 1158 1442 1512 1527 1586 1712 1743 1835 1880 1941 1964 1993 2004 2163 2207 2267 2304 2306 2401 2685 2754 2818 2835 2861 2890 2978 3123 3178 3208 3235 3314 3320 3469 3476 3516 3664 3948 3978 4023 4043 4052 4100 4103 4154 4176 4295 4463 4465 4501 4588 4658 4696 4888 5000
77	19	29	2	27 231 285 321 413 436 580 617 755 766 1075 1118 1155 1253 1313 1394 1409 1532 1563 1634 1663 1696 1769 1772 1784 1803 1872 1957 1992 1995 2094 2095 2131 2189 2200 2229 2269 2277 2332 2581 2746 2768 2772 2806 2810 2948 2953 2977 2994 3029 3074 3147 3165 3204 3348 3374 3479 3548 3567 3735 3736 3744 3800 3833 3844 3885 3886 3928 3965 3975 4085 4095 4387 4582 4676 4678 4689 4694 4808 4860
24	10	1	2	24 143 148 212 235 288 290 357 586 756 867 894 911 946 987 1071 1110 1174 1175 1270 1346 1375 1445 1457 1520 1610 1801 1823 1865 1983 2111 2164 2262 2390 2456 2459 2467 2473 2547 2565 2580 2633 2679 2712 2787 2834 2875 2986 3015 3033 3081 3131 3142 3182 3229 3248 3316 3346 3420 3446 3515 3526 3659 3675 3710 3771 3778 3786 3819 3832 3937 4121 4130 4136 4283 4423 4464 4562 4607 4630 4746 4769 4792 4799 4847 4868 4883 4962
56	30	50	2	44 151 243 263 273 451 562 614 731 808 824 871 1009 1133 1214 1236 1271 1302 1330 1342 1367 1398 1484 1577 1598 1626 1750 1806 1908 1956 2086 2105 2149 2250 2264 2298 2482 2601 2650 2761 2805 2815 2833 2842 2859 2876 2879 2927 2949 3022 3134 3137 3264 3332 3381 3431 3452 3537 3580 3582 3658 3711 3721 3835 3874 3891 3923 3991 4094 4117 4162 4178 4313 4357 4377 4410 4432 4443 4449 4474 4518 4596 4598 4699 4711 4752 4758 4823
102	37	81	2	210 217 437 439 489 661 679 737 754 759 770 892 952 1060 1112 1122 1182 1352 1370 1400 1473 1477 1492 1565 1607 1683 1692 1735 1761 1764 1826 2034 2122 2136 2236 2286 2322 2600 2738 2797 2920 2938 2962 2983 3096 3097 3114 3282 3288 3299 3428 3513 3562 3584 3699 3856 4026 4036 4060 4143 4248 4257 4286 4394 4402 4524 4559 4602 4715 4781 4796 4801 4880 4907 4943 4965
112	28	4	2	61 102 265 410 462 541 599 690 885 1034 1062 1098 1120 1125 1154 1184 1289 1587 1670 1786 1815 1892 1905 1928 1960 2089 2216 2289 2357 2505 2710 2736 2769 2792 2812 2874 2891 2980 3031 3150 3265 3397 3443 3545 3616 3639 3656 3673 3713 3854 3858 3925 3955 4007 4048 4071 4110 4160 4179 4192 4298 4301 4372 4395 4442 4457 4510 4514 4548 4574 4664 4713 4737 4838 4920 4979
150	9	82	2	81 86 116 276 279 433 467 499 533 564 656 830 869 904 948 958 988 1032 1039 1063 1067 1180 1191 1312 1324 1326 1396 1540 1629 1677 1698 1718 1891 2064 2155 2161 2172 2265 2339 2371 2463 2504 2509 2657 2895 2898 2961 3039 3049 3090 3311 3439 3474 3490 3568 3588 3688 3746 3766 3849 4003 4017 4050 4080 4216 4217 4225 4250 4348 4409 4498 4563 4569 4611 4624 4753 4765 4786 4830 4839 4951 4963 4967
200	7	57	2	35 176 195 270 405 407 421 517 524 579 588 652 701 802 804 812 870 897 983 1006 1018 1066 1157 1235 1255 1256 1308 1439 1483 1504 1507 1521 1551 1558 1653 1725 1775 1874 1933 1948 2026 2033 2101 2386 2444 2477 2698 2713 2751 2823 2830 2894 2946 3024 3063 3212 3233 3260 3457 3468 3681 3724 4104 4151 4256 4266 4284 4294 4369 4478 4532 4599 4687 4730 4768 4944 4959
1	2	83	2	236 315 354 547 570 630 665 831 842 845 1123 1139 1177 1273 1285 1287 1444 1489 1494 1517 1537 1697 1793 1844 1899 2063 2090 2091 2092 2198 2215 2218 2251 2266 2328 2539 2552 2590 2687 2822 2870 3132 3255 3278 3338 3345 3357 3412 3413 3426 3503 3521 3529 3633 3674 3756 3760 3938 4127 4144 4226 4321 4358 4414 4468 4491 4516 4517 4593 4667 4682 4712 4733 4783 4791 4859 4862
23	18	53	2	22 153 198 253 374 476 481 510 531 534 597 643 703 773 805 941 999 1065 1078 1084 1093 1159 1258 1267 1351 1353 1511 1552 1665 1675 1682 1716 1722 1800 1808 1861 1903 2002 2008 2208 2235 2278 2353 2419 2423 2486 2690 2757 2760 2778 2873 2989 2991 3017 3051 3052 3065 3066 3106 3195 3215 3291 3343 3371 3523 3723 3782 3863 4001 4092 4107 4173 4183 4275 4319 4330 4413 4448 4483 4512 4668 4677 4855 4871
131	38	65	2	18 25 74 205 219 268 298 317 408 448 450 495 560 642 646 677 735 753 836 905 971 1038 1059 1076 1104 1116 1274 1397 1411 1446 1553 1781 1791 1849 1850 1982 2036 2061 2076 2119 2223 2226 2239 2363 2376 2457 2598 2604 2684 2726 2776 2804 2976 3003 3035 3079 3101 3118 3176 3294 3570 3581 3592 3596 3696 3745 3779 3816 3860 3884 3907 3980 4096 4135 4218 4234 4276 4304 4353 4431 4564 4592 4693 4695 4777 4834 4934
194	14	26	2	64 92 96 105 150 215 226 319 344 418 441 697 723 942 1021 1023 1085 1101 1130 1243 1244 1421 1474 1666 1674 1684 1723 1916 1943 2022 2069 2104 2168 2244 2255 2347 2479 2608 2700 2735 2753 2762 2839 2867 2882 2901 2924 2979 3038 3102 3175 3181 3191 3269 3617 3646 3655 3781 3931 3935 3968 3998 4046 4054 4068 4086 4093 4149 4201 4255 4261 4265 4368 4398 4404 4475 4476 4600 4672 4706 4716 4780 4901 4916 4998
11	20	98	2	87 144 228 361 419 479 532 536 549 774 1054 1171 1300 1309 1356 1440 1495 1645 1689 1703 1717 1733 1827 1884 1959 1972 1978 2097 2151 2206 2283 2488 2497 2582 2619 2715 2809 2903 3076 3124 3138 3162 3310 3335 3349 3362 3384 3430 3618 3630 3642 3743 3750 3796 3808 3820 4041 4210 4228 4252 4258 4272 4382 4461 4470 4496 4544 4570 4618 4623 4656 4774 4802 4831 4884 4887
30	22	87	2	5 34 42 66 94 170 180 187 188 194 358 389 566 607 672 687 722 786 883 888 899 1028 1036 1111 1165 1193 1199 1343 1410 1422 1573 1584 1605 1611 1630 1643 1788 1999 2144 2166 2201 2314 2331 2382 2392 2500 2501 2622 2681 2729 2862 3322 3324 3456 3459 3493 3652 3763 3773 3852 4005 4057 4164 4177 4213 4237 4244 4352 4422 4479 4520 4538 4554 4742 4782 4814 4886 4899 4996
82	12	75	2	128 274 295 325 403 445 492 604 750 776 797 806 915 950 1135 1142 1264 1268 1281 1429 1443 1481 1515 1693 1935 1965 1976 2005 2059 2117 2203 2243 2297 2324 2378 2414 2493 2510 2593 2645 2647 2838 2868 3008 3050 3126 3185 3190 3261 3327 3337 3344 3368 3407 3410 3470 3556 3657 3789 3821 3893 3900 3912 3956 3960 3964 4025 4161 4219 4221 4274 4530 4631 4665 4683 4918 4931 4975
192	17	97	2	67 191 213 248 381 387 539 660 725 782 783 822 956 1046 1053 1102 1103 1137 1143 1168 1223 1277 1292 1301 1305 1331 1335 1399 1544 1660 1776 1867 1971 1988 2140 2157 2160 2199 2311 2337 2351 2532 2636 2651 2714 2744 2788 2814 2845 2846 2858 3037 3170 3216 3253 3326 3366 3422 3465 3554 3666 3761 3793 3910 3989 3990 4004 4220 4231 4320 4361 4428 4509 4536 4575 4612 4681 4763 4794 4813 4853 4900 4974
57	3	84	2	13 80 139 221 233 334 359 729 747 771 781 856 875 903 919 921 959 1144 1213 1334 1340 1384 1529 1554 1576 1619 1650 1680 1688 1728 1738 1900 1922 1962 2067 2106 2114 2130 2147 2342 2430 2525 2560 2561 2572 2595 2615 2646 2682 2693 3009 3011 3060 3167 3169 3250 3263 3275 3421 3477 3480 3488 3547 3609 3626 3637 3665 3712 3732 3905 3924 3962 3973 4126 4315 4356 4426 4637 4651 4690 4697 4719 4840 4971
90	4	11	2	3 70 155 308 327 406 424 427 596 671 702 777 779 828 841 879 1061 1064 1077 1107 1160 1185 1227 1306 1332 1357 1487 1559 1640 1711 1818 1820 1838 1854 1921 2143 2187 2329 2407 2411 2416 2417 2455 2529 2665 2667 2707 2725 2779 2931 2972 2981 2998 3153 3164 3172 3251 3365 3458 3573 3583 3623 3661 3700 3817 3871 3883 4089 4147 4205 4303 4364 4396 4459 4634 4644 4718 4741 4867 4898 4911 4938
116	16	99	2	158 166 189 262 330 393 452 507 567 639 708 748 928 939 986 1013 1047 1188 1197 1211 1337 1401 1419 1460 1588 1599 1608 1642 1730 1777 2176 2232 2271 2294 2307 2450 2462 2512 2535 2557 2577 2597 2614 2627 2638 2786 2880 2984 3014 3061 3095 3099 3121 3154 3155 3186 3234 3415 3433 3517 3705 3719 3730 3758 3850 3941 3971 4019 4032 4209 4392 4397 4417 4455 4526 4613 4710 4927 4937 4939
21	27	2	2	2 49 63 214 249 306 339 349 380 666 992 1200 1623 1667 1678 1691 1763 1810 1816 1817 1848 1859 1860 1901 2107 2261 2290 2308 2453 2460 2492 2520 2569 2625 2678 2837 2911 2919 2969 3045 3230 3473 3481 3533 3791 3802 3841 3963 3999 4016 4021 4123 4199 4251 4447 4486 4492 4589 4636 4640 4698 4738 4803 4811 4895 4908 4995
89	24	77	2	21 55 152 161 353 518 600 627 640 653 706 719 749 762 800 896 967 1019 1045 1080 1092 1187 1319 1348 1465 1476 1609 1625 1807 1937 2021 2044 2103 2190 2291 2393 2506 2521 2579 2592 2617 2747 2755 2929 3027 3068 3086 3089 3094 3237 3256 3330 3336 3353 3408 3695 3707 3733 3742 3829 3888 3906 4009 4076 4128 4420 4427 4437 4533 4542 4573 4581 4709 4748 4857 4858 4861 4892 4926
128	31	8	2	62 100 391 417 504 554 584 618 670 713 717 768 825 866 916 984 1005 1048 1090 1232 1252 1314 1371 1510 1570 1617 1648 1863 1911 1915 1927 1931 1979 1998 2015 2056 2110 2134 2405 2466 2803 2819 2872 2918 2923 2937 2965 3044 3128 3177 3393 3402 3494 3509 3511 3518 3542 3751 3797 3798 3805 3983 3986 4011 4152 4338 4388 4406 4407 4445 4480 4722 4731 4825 4827 4970 4973 4986
139	8	22	2	78 83 91 101 146 167 244 434 620 684 760 826 848 927 1096 1196 1234 1251 1432 1506 1513 1543 1571 1639 1664 1754 1767 1991 2003 2024 2030 2060 2154 2195 2209 2245 2333 2399 2403 2421 2438 2616 2801 2869 2881 2917 2970 3179 3245 3427 3585 3694 3812 3865 3870 3944 4006 4039 4063 4116 4168 4291 4343 4539 4595 4614 4616 4743 4759 4894 4896 4940
173	26	14	2	95 193 355 376 397 440 453 505 506 535 551 590 591 621 657 709 815 837 898 912 920 949 1150 1194 1363 1393 1420 1509 1549 1714 1768 1785 1833 1878 2042 2116 2184 2233 2241 2349 2377 2439 2559 2566 2574 2683 2705 2904 2926 2928 3087 3161 3202 3225 3295 3364 3450 3540 3621 3640 3678 3866 3881 3911 3958 4194 4267 4332 4371 4430 4446 4523 4552 4610 4728 4740 4850 4912 4919 4972 4990
183	40	92	2	16 57 93 121 154 252 322 350 426 488 543 726 746 835 895 968 1186 1229 1524 1590 1633 1729 1745 1782 1794 1875 1877 1947 2177 2341 2391 2524 2541 2586 2621 2631 2718 2764 2794 2827 2840 2902 2934 3036 3058 3148 3293 3406 3442 3525 3572 3627 3644 3684 3729 3762 3848 3897 3901 4027 4059 4077 4079 4084 4165 4189 4200 4215 4339 4386 4425 4452 4485 4646 4686 4819 4822 4826 4976
9	5	48	2	40 272 293 342 352 468 555 609 641 698 758 857 1124 1141 1203 1249 1310 1320 1383 1416 1435 1452 1482 1631 1638 1679 1707 1715 1780 1897 1963 1987 2012 2112 2150 2375 2380 2420 2424 2584 2637 2666 2706 2774 2783 2789 2841 2853 2954 2987 2997 3018 3075 3080 3112 3119 3152 3158 3209 3267 3290 3307 3444 3578 3670 3698 3728 3868 3927 3970 4038 4129 4196 4227 4342 4515 4579
22	29	81	4	5 68 88 99 179 196 251 263 273 428 441 447 612 716 763 824 969 1000 1021 1062 1176 1185 1574 1628 1675 1700 1731 1763 1775 1941 1995 2016 2020 2032 2264 2288 2373 2384 2406 2589 2655 2686 2698 2852 2898 2957 3004 3123 3131 3145 3148 3300 3458 3489 3507 3551 3637 3693 3735 3765 3856 3898 4164 4234 4326 4342 4360 4463 4547 4552 4699 4730 4768 4771
29	21	68	2	29 53 77 157 162 218 331 396 443 486 680 739 973 1037 1100 1178 1237 1238 1284 1323 1407 1502 1534 1546 1547 1583 1603 1616 1651 1709 1740 1843 2068 2088 2115 2185 2260 2364 2443 2568 2640 2743 2899 2925 3042 3057 3071 3222 3249 3287 3289 3376 3400 3483 3512 3550 3624 3635 3636 3691 3720 3777 3834 3851 3861 3882 4191 4243 4326 4355 4400 4419 4466 4477 4482 4584 4608 4619 4705 4788 4879
38	32	35	2	10 11 58 76 137 192 202 209 257 264 303 351 482 498 520 648 673 689 694 727 785 794 868 975 977 993 1000 1008 1025 1057 1221 1222 1272 1459 1562 1613 1652 1655 1739 1825 1847 1898 2192 2230 2330 2434 2470 2660 2669 2697 2770 2800 2802 2896 2914 2951 3062 3108 3199 3210 3441 3449 3491 3534 3539 3671 3982 4031 4074 4090 4185 4317 4346 4529 4541 4670 4680 4714 4717 4732 4775 4874
72	33	10	2	33 275 281 333 383 463 469 477 563 622 628 663 929 1030 1190 1413 1463 1493 1676 1812 1824 1888 1917 1925 1996 2196 2284 2288 2335 2336 2472 2516 2519 2531 2612 2671 2673 2699 2817 2905 2906 2908 2932 3157 3361 3369 3451 3514 3555 3672 3806 3843 3847 3889 3896 4037 4064 4174 4187 4211 4292 4318 4344 4393 4438 4545 4547 4557 4567 4587 4594 4643 4653 4726 4739 4846 4872 4978
76	13	32	2	56 122 190 367 428 465 626 655 696 704 833 850 945 1055 1094 1128 1358 1359 1405 1415 1418 1564 1574 1597 1621 1713 1749 1894 1924 1968 1981 2040 2049 2125 2293 2345 2365 2494 2515 2518 2720 2752 2771 2885 2999 3023 3072 3127 3174 3220 3246 3266 3301 3360 3404 3418 3445 3466 3527 3558 3598 3663 3788 3792 3839 3898 3936 3979 4013 4029 4204 4279 4307 4349 4499 4525 4836 4844 4882 4991
101	1	65	4	39 202 249 347 387 569 591 596 732 782 787 814 836 1039 1152 1246 1262 1282 1362 1364 1545 1555 1661 1696 1799 2141 2171 2201 2258 2402 2476 2483 2552 2591 2627 2739 2881 3009 3099 3103 3134 3171 3201 3223 3273 3292 3396 3410 3411 3487 3629 3642 3689 3739 3749 3769 3826 4028 4041 4079 4081 4083 4108 4341 4388 4539 4659 4680 4809 4825 4843 4868 4876 4887 4905
104	6	70	2	4 108 132 135 141 199 324 431 490 519 572 854 882 1003 1029 1105 1262 1291 1293 1317 1354 1372 1467 1479 1518 1528 1828 1855 1879 1906 1970 2018 2268 2355 2369 2388 2445 2447 2502 2623 2708 2711 2866 2988 3030 3110 3194 3201 3257 3277 3347 3354 3378 3432 3632 3753 3862 3929 4035 4044 4069 4073 4078 4102 4208 4293 4302 4311 4365 4399 4521 4576 4622 4642 4647 4663 4745 4866 4932 4981
167	25	49	2	48 140 246 259 267 404 411 478 494 512 514 542 592 721 873 1058 1082 1115 1202 1240 1341 1430 1436 1485 1661 1662 1760 1790 1857 1902 2010 2045 2135 2220 2248 2323 2389 2394 2475 2523 2530 2576 2594 2618 2662 2767 2785 2888 3217 3302 3453 3492 3599 3600 3604 3669 3701 3769 3953 4109 4137 4141 4528 4585 4604 4632 4772 4798 4818 4820 4946 4953 4958
171	11	13	2	68 75 182 200 207 251 258 302 497 613 787 953 961 974 1014 1083 1138 1198 1217 1241 1294 1295 1316 1412 1581 1742 1783 1798 1830 2079 2197 2310 2320 2340 2408 2448 2458 2468 2474 2490 2587 2756 2795 2850 2863 2883 2963 2968 2996 3020 3046 3120 3151 3244 3270 3438 3519 3563 3647 3709 3772 3776 3803 3857 3922 4047 4066 4101 4170 4214 4333 4350 4441 4591 4666 4760 4767 4935 4941
67	15	43	2	31 54 142 160 177 250 402 420 513 611 685 827 853 858 880 893 972 1002 1279 1325 1426 1466 1519 1533 1545 1594 1612 1659 1699 1766 1832 1841 1846 1870 1876 1914 2025 2072 2249 2385 2464 2498 2550 2563 2613 2692 2766 2829 3025 3047 3262 3297 3334 3351 3389 3395 3448 3575 3608 3649 3737 3747 3768 3845 3878 4000 4028 4088 4175 4229 4418 4424 4685 4688 4725 4749 4761 4856 4904
74	23	51	2	26 84 206 222 266 289 401 537 573 575 682 712 764 852 1050 1126 1167 1207 1218 1266 1433 1491 1593 1773 1831 1951 2109 2132 2141 2152 2222 2247 2367 2551 2704 2775 2820 2843 2851 2877 2878 2939 2982 3034 3069 3109 3135 3352 3379 3394 3436 3495 3520 3524 3528 3559 3595 3610 3703 3731 3787 3794 3846 3880 3904 4010 4087 4145 4263 4324 4505 4534 4566 4751 4757
75	36	52	2	6 28 50 110 114 117 165 201 204 232 377 379 384 385 438 544 568 576 602 635 714 900 923 924 935 989 994 1031 1033 1170 1298 1304 1368 1388 1423 1453 1500 1657 1705 1770 1885 1895 2098 2178 2193 2228 2299 2315 2356 2437 2648 2656 2670 2716 2717 2825 3073 3228 3243 3284 3341 3411 3435 3471 3651 3738 3774 3790 4020 4061 4105 4113 4206 4337 4481 4527 4549 4662 4669 4735 4878 4902 4997 4999
123	39	70	4	18 26 166 333 353 416 486 509 521 567 573 678 712 747 808 838 936 1034 1301 1521 1548 1560 1564 1737 1914 1927 1951 1976 1982 2034 2066 2116 2153 2235 2276 2571 2584 2711 2796 2805 2840 2841 2972 3076 3082 3140 3161 3162 3195 3265 3282 3293 3339 3370 3520 3666 3753 3969 3987 4290 4306 4307 4314 4345 4413 4429 4474 4482 4503 4513 4517 4634 4903 4921 4953 4960 4968
130	35	18	2	73 299 300 332 398 425 458 502 527 529 674 736 803 855 859 909 917 944 1081 1097 1195 1257 1380 1395
165	34	12	4	59 83 151 156 163 223 276 405 436 442 581 601 610 629 636 822 943 1001 1163 1207 1331 1372 1419 1569 1702 1781 1797 1820 1829 1898 1918 1930 1996 2148 2165 2173 2419 2460 2780 2820 2890 2900 2938 2955 3175 3181 3185 3190 3259 3264 3383 3469 3660 3670 3717 3759 3806 3823 3944 4075 4097 4127 4147 4193 4208 4284 4308 4337 4381 4391 4498 4591 4617 4703 4724 4807 4965
5	19	43	4	38 169 232 257 297 329 346 471 478 488 517 557 693 842 865 925 1018 1127 1153 1199 1278 1356 1389 1448 1772 1777 1789 1852 1975 1993 2033 2060 2062 2120 2231 2319 2335 2372 2462 2546 2550 2764 2854 2875 2949 2999 3029 3062 3080 3186 3203 3234 3279 3332 3352 3353 3356 3452 3509 3532 3556 3672 3736 3796 3985 4078 4096 4197 4301 4319 4435 4507 4608 4663 4678 4837 4875
12	10	79	4	70 94 161 224 278 285 366 540 652 708 725 902 906 967 977 1071 1074 1192 1196 1260 1286 1502 1526 1762 1770 1824 1834 2082 2152 2174 2267 2271 2369 2386 2450 2478 2495 2513 2598 2670 2734 2756 2784 2952 2974 3022 3031 3052 3208 3240 3381 3419 3421 3428 3464 3565 3577 3725 3740 3862 3868 3892 4008 4064 4113 4125 4327 4384 4434 4473 4543 4742 4869 4878
25	30	85	4	193 445 536 558 559 812 869 871 876 983 1042 1070 1132 1233 1257 1285 1348 1540 1587 1648 1756 1874 1893 1959 2006 2012 2131 2202 2209 2324 2453 2527 2626 2677 2855 2966 2977 3239 3245 3251 3326 3355 3363 3459 3530 3561 3581 3669 3704 3738 3784 3816 3829 3843 3929 3940 3977 4072 4114 4211 4276 4373 4421 4469 4594 4620 4621 4644 4766 4932 4973
51	37	50	4	79 109 143 262 274 485 490 500 627 633 639 645 668 800 834 854 864 884 917 960 1085 1165 1224 1439 1444 1464 1487 1507 1575 1596 1645 1649 1671 1800 1808 1823 1859 1884 1896 1998 2296 2300 2331 2446 2578 2590 2615 2750 2763 2771 2818 2848 2887 2989 3015 3117 3224 3226 3268 3325 3460 3576 3819 3886 3902 3906 3997 4031 4093 4207 4254 4294 4313 4323 4418 4645 4677 4681 4723 4734 4783 4855 4941
84	28	31	4	73 136 172 219 338 417 468 527 535 544 572 607 818 823 907 910 949 1089 1123 1129 1159 1215 1341 1424 1442 1484 1667 1668 1788 1811 1939 2055 2087 2124 2226 2247 2259 2404 2412 2463 2522 2643 2801 2842 2893 3016 3069 3213 3252 3258 3345 3426 3485 3664 3673 3705 3712 3747 3821 3936 4026 4256 4305 4412 4452 4702 4763 4769 4786 4790 4802 4863 4879 4981 4988
94	9	84	4	296 307 389 427 513 649 656 674 679 750 833 934 952 963 982 1010 1098 1184 1205 1383 1471 1542 1561 1638 1754 1758 1828 1889 1908 1997 2057 2078 2089 2097 2145 2182 2192 2203 2293 2345 2382 2415 2508 2576 2650 2897 2907 3075 3306 3399 3557 3574 3614 3615 3638 3834 3840 3989 4018 4180 4187 4206 4259 4555 4569 4596 4605 4652 4727 4747 4794 4904 4930
120	7	11	4	80 225 283 326 384 637 641 717 735 762 846 879 909 979 1008 1011 1054 1250 1313 1325 1393 1430 1432 1656 1658 1883 1921 1945 1978 2068 2328 2480 2489 2509 2520 2569 2772 2782 2883 2995 3026 3083 3284 3357 3367 3436 3500 3554 3726 3752 3802 3817 3833 3859 3887 3951 4038 4109 4132 4139 4191 4236 4287 4316 4427 4486 4672 4833 4840 4881 4938 4986
157	2	3	4	6 97 158 189 479 526 585 602 659 773 788 827 900 951 962 1040 1247 1265 1314 1338 1466 1513 1532 1541 1605 1618 1643 1681 1695 1712 1798 1803 2058 2061 2196 2244 2277 2558 2603 2721 2819 2830 2869 2930 2933 3007 3042 3081 3188 3194 3255 3295 3364 3546 3640 3814 3864 4024 4025 4062 4133 4165 4275 4311 4398 4440 4496 4521 4567 4581 4597 4601 4613 4691 4692 4744 4758 4784 4891
158	18	20	4	25 47 102 137 252 374 386 504 512 686 898 998 1012 1023 1045 1063 1456 1583 1599 1601 1623 1625 1635 1765 1886 1899 1944 1949 1973 2027 2112 2200 2220 2257 2344 2368 2539 2568 2706 2791 2802 2810 2851 2873 2914 3119 3187 3445 3649 3652 3727 3746 3785 3799 3941 3998 4080 4090 4121 4145 4204 4263 4272 4557 4580 4685 4778 4789 4816 4900
163	38	58	4	95 111 178 182 198 209 413 421 463 484 533 541 594 671 680 920 933 1078 1169 1455 1516 1525 1760 1825 1862 1878 1980 1981 2008 2031 2190 2241 2359 2440 2475 2515 2579 2601 2661 2675 2699 2710 2719 2720 2913 2931 3160 3227 3272 3375 3437 3450 3451 3533 3550 3579 3643 3702 3813 3836 4190 4260 4368 4369 4419 4488 4504 4505 4510 4651 4666 4689 4700 4745 4846 4898 4919 4942 4995
180	14	83	4	32 41 71 89 124 181 215 221 240 292 362 393 401 426 514 611 696 748 926 1073 1113 1141 1148 1245 1300 1345 1396 1428 1458 1461 1595 1738 1745 1757 1866 1900 1979 2047 2053 2194 2228 2252 2255 2329 2519 2534 2638 2701 2747 2769 2817 2828 2829 2978 2982 2994 3034 3088 3192 3210 3241 3309 3474 3506 3528 3545 3571 3603 3604 3657 3795 3841 3867 3971 3994 4050 4123 4143 4151 4445 4582 4618 4701 4770 4776 4777 4893
189	20	92	4	22 63 133 171 185 214 234 238 304 349 403 508 542 563 568 683 715 727 794 796 807 867 911 946 964 1030 1122 1156 1168 1235 1261 1343 1515 1523 1741 1805 1813 1827 1880 1952 2077 2160 2253 2284 2291 2306 2350 2387 2507 2556 2606 2613 2624 2762 2808 2833 3214 3388 3476 3593 3917 3979 4030 4153 4188 4286 4392 4447 4467 4609 4643 4704 4729 4753 4808 4830 4894 4910 4950 4957 4958 4984
88	22	77	4	9 34 57 101 217 499 561 755 797 809 905 1209 1242 1299 1349 1378 1411 1426 1462 1467 1721 1732 1840 1849 1912 1985 2054 2150 2279 2312 2410 2421 2477 2487 2609 2702 2823 2958 2988 3001 3028 3059 3122 3165 3386 3392 3478 3497 3650 3734 3771 3798 3809 3824 3849 3937 3948 3958 4034 4149 4150 4203 4239 4257 4273 4334 4397 4446 4491 4665 4718 4726 4801 4827 4828 4946 4982
114	12	16	4	43 107 110 174 201 216 291 316 424 472 531 588 694 790 1061 1157 1170 1172 1226 1230 1280 1303 1310 1326 1342 1380 1460 1529 1613 1652 1676 1755 1850 1877 1943 1954 1969 1992 2140 2234 2441 2466 2473 2482 2618 2725 2733 2941 3065 3128 3178 3183 3354 3358 3686 3715 3762 3805 3830 3871 3904 3966 3978 3993 3999 4058 4115 4312 4365 4471 4492 4572 4638 4655 4841 4860 4911 4940 4993
156	17	28	4	28 112 208 321 354 415 443 598 658 685 840 970 1019 1025 1166 1181 1323 1353 1376 1490 1571 1629 1654 1685 1704 1793 1804 1853 1913 1989 2001 2143 2343 2459 2469 2500 2523 2617 2653 2672 2723 2731 2744 2748 2803 2870 2935 2964 3050 3066 3086 3133 3257 3429 3480 3513 3568 3611 3667 3954 4043 4084 4099 4120 4332 4367 4468 4487 4545 4633 4637 4675 4762 4791 4877 4884 4959 4967
198	3	37	4	131 146 323 378 431 451 525 657 666 701 847 860 912 966 972 1051 1096 1135 1200 1203 1211 1288 1477 1503 1530 1536 1563 1566 1709 1767 2117 2166 2219 2238 2246 2422 2430 2448 2713 2741 2864 2889 2973 3043 3098 3115 3129 3182 3308 3310 3322 3331 3390 3414 3492 3514 3534 3560 3654 3658 3682 3692 3706 3719 3863 3907 3926 3982 4001 4014 4111 4196 4224 4238 4465 4494 4563 4698
7	4	39	4	11 92 220 319 400 410 430 505 552 644 720 805 886 1077 1092 1171 1204 1254 1347 1359 1472 1483 1715 1736 1748 1950 1988 2019 2181 2214 2274 2318 2554 2580 2593 2632 2697 2863 2940 2947 2987 3017 3111 3156 3285 3471 3510 3623 3645 3675 3703 3721 3794 3842 3895 3957 3986 4053 4134 4296 4297 4299 4349 4351 4355 4551 4585 4648 4736 4752 4795
46	16	35	4	23 49 149 176 236 241 318 351 439 454 625 654 873 874 1022 1031 1057 1107 1375 1384 1446 1476 1497 1644 1663 1720 1769 1774 1937 1953 1984 2000 2102 2106 2129 2358 2362 2437 2514 2528 2608 2714 2752 2929 2961 2979 2983 3010 3243 3263 3281 3302 3312 3374 3376 3449 3496 3498 3544 3661 3663 3766 3780 3872 3925 4181 4189 4194 4331 4358 4382 4389 4425 4548 4589 4779 4805 4899 4944 4956 4971
83	29	31	6	15 137 174 281 297 302 360 412 462 618 659 708 734 798 847 877 893 980 1130 1174 1377 1410 1422 1549 1588 1592 1665 1669 1691 1724 1775 1912 1967 1987 2002 2197 2236 2409 2435 2479 2484 2514 2545 2564 2573 2626 2632 2662 2690 2730 2734 2883 2921 3110 3115 3194 3223 3308 3457 3458 3605 3681 3807 3954 3972 3990 4081 4138 4167 4281 4326 4614 4650 4666 4755 4842 4857 4904 4942 4953
100	27	2	4	60 187 231 281 341 348 364 414 676 703 705 751 810 877 1106 1293 1405 1406 1453 1454 1578 1619 1624 1641 1703 1740 1744 1994 2014 2048 2071 2096 2101 2107 2135 2221 2223 2242 2281 2320 2348 2377 2395 2485 2518 2561 2605 2610 2612 2712 2779 2859 2997 3030 3233 3298 3317 3441 3444 3493 3543 3683 3699 3825 3854 3878 3909 3914 4049 4054 4088 4235 4333 4359 4495 4739 4748 4761 4764 4774 4793 4862 4917 4969
152	24	52	4	65 139 167 248 399 462 473 655 820 929 932 1053 1108 1146 1221 1276 1381 1473 1509 1565 1598 1753 1768 1792 1990 2105 2159 2189 2211 2227 2315 2367 2481 2594 2726 2874 2884 2886 2991 3049 3060 3102 3204 3276 3305 3373 3401 3404 3432 3479 3501 3529 3531 3564 3570 3585 3621 3685 3697 3932 4036 4122 4152 4277 4278 4343 4401 4406 4428 4451 4527 4533 4612 4615 4642 4823
193	31	69	4	82 84 177 372 412 438 460 523 613 707 728 775 817 851 919 928 1119 1142 1144 1178 1188 1231 1253 1267 1414 1494 1653 1734 1761 1795 1816 2024 2084 2095 2114 2136 2224 2248 2289 2363 2391 2511 2623 2694 2738 2753 2894 2902 2912 2917 2980 3005 3142 3336 3559 3783 3800 3837 3934 4006 4023 4033 4040 4158 4174 4182 4458 4629 4740 4755 4925 4936
17	8	80	4	8 48 127 129 138 154 235 237 253 449 481 624 640 984 1067 1131 1138 1139 1194 1274 1385 1392 1469 1475 1785 1822 1956 2030 2038 2080 2138 2292 2357 2409 2531 2538 2583 2595 2657 2787 2807 2895 2946 2986 3021 3044 3092 3113 3120 3121 3215 3247 3288 3362 3407 3409 3582 3588 3590 3617 3729 3757 3822 3921 3964 3995 4037 4098 4202 4265 4335 4340 4385 4490 4508 4541 4669 4785 4820 4948
18	26	6	4	56 87 98 120 271 311 352 425 464 520 565 673 913 1079 1084 1126 1210 1248 1339 1379 1449 1486 1499 1572 1606 1711 1782 1855 1935 2075 2158 2263 2321 2352 2401 2426 2439 2535 2545 2599 2641 2648 2729 2916 2953 3073 3096 3169 3205 3207 3221 3318 3371 3403 3434 3524 3671 3718 3910 4077 4129 4160 4198 4292 4352 4357 4408 4417 4682 4714 4737 4826 4842 4906
41	40	87	4	17 115 142 170 259 270 288 345 538 551 577 615 632 663 684 729 733 740 883 887 1007 1162 1220 1328 1391 1441 1602 1607 1718 1790 1839 1907 2017 2040 2069 2070 2130 2188 2236 2370 2570 2678 2680 2821 2862 2944 3141 3197 3219 3290 3461 3536 3572 3659 3879 3880 3981 4032 4055 4091 4161 4219 4354 4395 4444 4511 4540 4553 4577 4806 4883
63	1	6	6	35 36 140 190 336 357 382 396 438 482 667 838 856 981 997 1004 1020 1035 1153 1184 1272 1307 1408 1554 1719 1784 1896 1900 1933 1958 1972 1988 2020 2044 2110 2302 2336 2404 2653 2686 2695 2747 2973 3082 3246 3399 3404 3505 3506 3603 3619 3622 3666 3716 3722 3805 3809 3830 4061 4117 4132 4156 4157 4166 4358 4422 4502 4585 4592 4640 4744 4815 4869
68	5	32	4	135 299 367 383 444 466 474 700 718 719 745 804 872 942 955 1015 1024 1094 1121 1137 1177 1195 1528 1546 1556 1586 1589 1620 1694 1701 1730 1749 1771 1796 1875 2092 2305 2332 2413 2429 2431 2611 2639 2685 2724 2751 2798 2905 2921 2928 2950 3055 3064 3109 3211 3313 3337 3338 3443 3511 3575 3634 3636 3848 3903 3928 3996 4010 4171 4225 4228 4230 4240 4399 4530 4590 4599 4603 4963
98	21	76	4	74 117 205 392 487 515 604 699 826 844 1014 1043 1050 1099 1206 1216 1296 1298 1479 1522 1597 1651 1660 1728 1743 1764 1826 1854 1881 1888 1928 2045 2179 2338 2340 2361 2385 2452 2503 2540 2557 2621 2667 2688 3158 3232 3254 3287 3328 3378 3422 3423 3467 3484 3613 3631 3716 3723 3820 3870 3873 3942 3960 3973 3992 4248 4325 4436 4457 4640 4696 4773 4819 4845 4849 4923 4945 4998 5000
105	32	71	4	130 194 286 287 325 394 456 539 564 617 623 626 730 739 862 878 957 989 1017 1076 1116 1225 1232 1318 1403 1420 1549 1662 1674 1693 1716 1723 1819 1882 2022 2079 2169 2180 2381 2407 2642 2776 2809 2824 2876 2908 2970 3023 3179 3193 3198 3311 3349 3517 3628 3655 3668 3781 4021 4071 4119 4353 4372 4380 4396 4437 4598 4658 4679 4710 4735 4741
125	33	86	4	126 157 358 365 379 480 592 689 778 783 801 829 835 965 1028 1035 1100 1133 1173 1189 1193 1219 1309 1451 1539 1650 1776 1815 1876 1901 1916 1932 1986 2137 2176 2210 2298 2341 2424 2432 2472 2542 2671 2708 2793 2877 2899 3006 3127 3253 3323 3335 3372 3442 3462 3612 3853 3855 3875 3915 4056 4082 4102 4231 4266 4310 4346 4347 4424 4454 4549 4586 4654 4674 4836 4896
153	39	12	6	116 134 194 251 332 346 348 568 671 730 766 825 989 1021 1126 1180 1190 1217 1237 1389 1502 1603 1692 1731 1801 1887 1894 1928 1947 1979 2015 2042 2094 2123 2201 2412 2497 2517 2541 2543 2571 2647 2692 2728 2748 2904 2925 2937 3028 3059 3092 3169 3237 3247 3286 3302 3523 3545 3557 3561 3646 3693 3700 3760 3843 3847 3860 3897 3947 4159 4342 4421 4804 4885 4918
160	13	7	4	81 93 105 150 175 183 343 422 547 587 681 742 743 769 971 1052 1055 1069 1088 1382 1387 1390 1666 1726 1835 1845 1861 1938 1940 1946 2064 2099 2133 2161 2233 2287 2327 2423 2451 2458 2486 2496 2562 2635 2640 2646 2665 2746 2760 2799 2865 2926 2959 2993 3011 3166 3168 3454 3488 3521 3597 3639 3714 3760 3920 4175 4223 4315 4366 4422 4432 4461 4475 4746 4751 4872 4908
197	6	13	4	90 113 125 184 332 361 435 493 566 580 839 875 888 890 894 947 950 990 1029 1064 1164 1399 1418 1478 1488 1514 1687 1729 2155 2164 2290 2323 2411 2494 2533 2536 2689 2758 2951 3013 3020 3085 3176 3196 3289 3296 3314 3491 3540 3591 3653 3744 3754 3764 3803 3882 3913 3922 3991 4095 4169 4173 4229 4245 4249 4250 4262 4317 4321 4393 4448 4466 4520 4578 4584 4697 4720 4947 4952 4974
31	25	63	4	24 58 145 247 254 269 305 492 543 556 616 744 779 1041 1136 1183 1297 1400 1404 1427 1474 1524 1527 1550 1551 1553 1554 1636 1809 1923 1967 2004 2039 2074 2081 2183 2455 2479 2524 2588 2676 2775 2919 2924 2937 3032 3095 3106 3144 3342 3365 3594 3626 3632 3770 3792 3860 3899 4013 4201 4322 4460 4497 4500 4537 4566 4570 4709 4800 4803 4882 4885 4890 4978
32	11	62	4	20 162 186 195 420 469 522 586 630 646 737 757 760 792 821 881 993 1213 1264 1270 1292 1307 1485 1535 1552 1557 1580 1604 1659 1778 1833 1887 2118 2146 2376 2388 2393 2417 2504 2654 2754 2891 2903 3067 3132 3229 3330 3377 3472 3473 3482 3578 3620 3678 3751 3755 3807 3946 3983 4271 4288 4300 4411 4515 4573 4579 4624 4713 4754 4873 4931 4951
43	15	17	4	104 160 227 244 320 322 459 470 511 660 766 861 921 973 991 1026 1190 1197 1283 1321 1333 1436 1482 1496 1501 1584 1719 1742 1962 1964 2162 2285 2311 2379 2396 2434 2619 2749 2765 2858 2990 2992 2996 3056 3091 3333 3548 3583 3775 3845 3905 3959 3975 4002 4063 4205 4269 4291 4410 4450 4514 4529 4558 4559 4568 4575 4792 4821 4901 4999
50	23	46	4	15 19 40 69 118 239 261 303 589 767 857 1006 1117 1252 1409 1537 1600 1727 1752 1909 1931 1936 2052 2282 2302 2375 2378 2427 2454 2491 2549 2575 2663 2683 2816 2831 2860 2942 2967 3039 3041 3051 3054 3146 3177 3267 3278 3334 3379 3405 3416 3549 3573 3677 3741 3768 3838 3874 3877 3901 3945 4009 4155 4166 4200 4213 4237 4251 4253 4324 4383 4404 4416 4728 4743 4796 4810 4850 4857 4888
92	36	44	4	7 75 78 103 121 200 230 289 465 528 545 575 651 664 677 690 714 828 849 959 985 995 1101 1268 1306 1344 1562 1568 1592 1626 1627 1639 1664 1837 2041 2207 2229 2715 2718 2770 2777 2783 2836 3012 3037 3159 3225 3249 3303 3360 3424 3490 3538 3587 3688 3690 3745 3916 4052 4065 4168 4268 4304 4362 4415 4439 4531 4542 4560 4705 4711 4851 4871 4922
113	35	60	4	72 106 173 229 312 375 381 455 501 583 600 605 619 622 628 765 776 889 935 1158 1182 1266 1289 1365
115	34	25	6	151 160 317 372 392 444 516 570 595 596 598 603 731 769 925 1001 1049 1230 1273 1284 1366 1429 1472 1689 1841 1859 1874 1895 2033 2046 2066 2229 2350 2357 2365 2374 2544 2660 2661 2727 2794 2816 2966 3068 3260 3266 3343 3422 3461 3569 3594 3789 3826 3889 3890 3939 4028 4033 4077 4102 4123 4352 4381 4409 4521 4556 4562 4579 4584 4595 4668 4679 4784 4833 4843 4890 4922 4955 4970 4972
118	19	73	6	73 111 125 178 186 574 584 622 646 649 751 776 782 866 934 958 1016 1117 1148 1333 1424 1433 1476 1484 1536 1633 1656 1816 1822 1823 1837 1872 1893 1918 1997 2010 2125 2132 2184 2378 2392 2394 2472 2774 2803 2849 2859 2868 2873 2905 3015 3033 3197 3358 3426 3503 3586 3589 3690 3708 3752 3815 3852 3871 3950 4257 4260 4267 4300 4339 4423 4494 4537 4554 4662 4732 4772 4905 4924
135	10	57	6	1 45 53 109 119 128 171 201 311 383 429 505 609 635 675 698 834 892 1044 1078 1112 1119 1189 1196 1216 1227 1264 1312 1364 1398 1643 1676 1746 1819 1975 2019 2048 2081 2210 2275 2474 2519 2538 2630 2808 2926 2928 3019 3103 3178 3252 3278 3281 3316 3338 3366 3381 3438 3682 3714 3715 3844 3905 3935 3945 3965 4105 4126 4198 4340 4366 4379 4438 4602 4652 4835
190	30	9	6	52 59 115 152 179 184 208 431 433 697 733 804 815 998 1032 1142 1228 1357 1407 1465 1506 1570 1597 1679 1688 1752 1764 1781 2161 2224 2303 2470 2490 2492 2513 2621 2642 2687 2914 2919 2936 2945 2951 3030 3072 3244 3276 3284 3344 3393 3397 3562 3568 3627 3702 3741 3808 3934 3984 3993 4017 4056 4120 4243 4264 4282 4306 4434 4441 4520 4597 4676 4751 4928
10	37	33	6	14 117 168 282 343 385 450 554 590 695 709 761 802 895 1360 1404 1428 1440 1491 1505 1528 1541 1809 1899 2028 2075 2239 2343 2434 2523 2549 2566 2638 2678 2693 2704 2722 2749 2796 2877 2884 2895 3098 3143 3292 3350 3390 3430 3484 3502 3631 3637 3638 3724 3725 3903 3906 3911 3912 4038 4046 4050 4224 4245 4369 4384 4477 4481 4557 4632 4960 4961 4988
61	28	64	6	138 185 207 242 283 296 301 330 423 426 478 547 624 706 712 796 845 851 923 1027 1062 1120 1127 1140 1214 1401 1420 1497 1534 1538 1623 1648 1842 1843 1919 2088 2135 2174 2176 2427 2548 2579 2707 2805 2922 2949 3008 3111 3125 3126 3217 3242 3332 3425 3625 3672 3717 3791 3886 3895 3943 4011 4012 4112 4436 4483 4685 4718 4785 4813 4816 4969 4996
81	9	74	6	2 55 62 71 132 164 349 407 580 628 651 722 810 821 857 897 973 1171 1220 1249 1303 1354 1393 1501 1639 1769 1774 1792 1864 1906 2096 2134 2191 2222 2238 2250 2286 2446 2448 2471 2493 2501 2652 2764 2815 2833 2958 2977 2980 3152 3180 3198 3331 3463 3829 3865 3936 4084 4091 4203 4346 4375 4417 4507 4535 4544 4611 4616 4631 4658 4711 4721 4808 4865 4888 4951
87	7	40	6	10 262 368 405 753 773 790 801 803 873 919 1094 1265 1289 1361 1362 1386 1446 1520 1550 1583 1587 1600 1601 1635 1709 1821 1890 1892 1934 1952 2003 2172 2391 2480 2689 2777 2785 2848 2941 2969 3035 3051 3133 3145 3151 3226 3333 3522 3590 3686 3803 3814 3839 3857 3980 4042 4067 4104 4223 4236 4450 4451 4493 4496 4551 4608 4657 4779 4940 4985
110	2	62	6	87 216 493 519 546 557 562 606 672 768 836 1067 1223 1340 1492 1516 1563 1569 1575 1647 1732 1734 1754 1763 1787 1793 1813 1911 1980 2043 2067 2103 2291 2292 2304 2319 2393 2557 2563 2591 2600 2651 2797 2829 2939 2968 2987 3063 3174 3261 3312 3387 3546 3577 3612 3685 3743 3800 3878 3932 3951 3955 3985 4066 4087 4136 4155 4214 4233 4242 4394 4413 4753 4850 4901 4909 4957 4987
134	18	47	6	5 108 129 196 202 230 364 391 419 432 623 719 723 908 1089 1109 1224 1257 1406 1414 1581 1607 1622 1670 1678 1687 1735 1759 1815 1924 1976 1998 2126 2296 2399 2499 2521 2559 2592 2649 2750 2971 2979 2998 3025 3053 3149 3155 3196 3213 3269 3283 3340 3419 3456 3615 3621 3647 3689 3694 3876 3998 4127 4221 4268 4285 4403 4488 4546 4689 4715 4917
141	38	99	6	18 30 100 133 246 258 318 409 418 591 621 632 700 705 789 960 1069 1093 1163 1179 1383 1461 1561 1574 1637 1682 1733 1751 1780 1805 1929 2025 2068 2085 2130 2251 2279 2442 2502 2532 2608 2613 2644 2658 2702 2705 2732 2765 2792 2857 2898 2913 3018 3026 3066 3078 3141 3160 3162 3186 3323 3427 3551 3866 3989 4083 4100 4187 4298 4357 4376 4418 4696 4790 4866 4912 4943 4954
3	29	64	8	10 39 79 120 215 228 266 280 336 606 652 705 797 899 1146 1187 1219 1244 1296 1323 1417 1445 1463 1634 1650 1660 1715 2154 2171 2298 2318 2507 2614 2630 2667 2749 2821 2853 2909 2973 3275 3377 3400 3420 3502 3567 3574 3611 3638 3676 3705 3900 4031 4045 4131 4133 4233 4305 4309 4341 4345 4351 4360 4442 4485 4499 4533 4567 4803 4830 4854 4891 4895
45	14	100	6	88 243 701 781 887 966 972 1150 1154 1200 1266 1270 1315 1331 1434 1469 1521 1608 1704 1708 1771 1865 1941 2000 2018 2029 2070 2086 2124 2142 2148 2233 2235 2334 2388 2408 2429 2528 2582 2610 2623 2799 2869 3083 3087 3153 3183 3184 3212 3315 3435 3527 3535 3563 3575 3624 3651 3670 3676 3746 3821 3838 3884 3956 4096 4241 4262 4359 4383 4467 4475 4491 4538 4634 4693 4695 4809 4854
69	20	27	6	56 91 97 234 248 319 375 402 452 631 642 669 724 800 839 965 1038 1210 1297 1332 1418 1421 1508 1531 1557 1615 1673 1803 1932 1939 2007 2023 2037 2063 2106 2109 2133 2182 2207 2246 2269 2364 2417 2432 2436 2634 2832 2933 2963 3093 3306 3388 3460 3474 3610 3642 3692 3711 3787 3793 3888 4002 4074 4103 4129 4188 4424 4504 4655 4716 4747 4778 4822 4982
95	22	28	6	41 54 365 395 449 512 577 620 737 752 816 855 890 933 962 1088 1118 1121 1278 1290 1302 1341 1382 1442 1579 1627 1705 1760 1789 1807 1810 1825 1913 1957 1992 2032 2158 2326 2370 2424 2433 2496 2585 2716 2729 2770 2825 2827 2916 3040 3112 3314 3360 3391 3445 3566 3653 3740 3869 3877 3920 3970 4041 4085 4089 4101 4118 4240 4322 4341 4380 4435 4479 4550 4612 4671 4892 4919
140	12	14	6	19 104 220 279 312 738 741 823 844 944 953 957 1056 1114 1158 1380 1384 1396 1400 1443 1479 1512 1605 1701 1720 1728 1778 1858 2034 2114 2143 2178 2227 2337 2367 2598 2669 2762 2812 2831 2845 2986 2993 3005 3021 3049 3131 3191 3273 3301 3377 3410 3416 3437 3451 3475 3476 3555 3620 3654 3734 3861 3899 3929 3992 4190 4239 4277 4279 4293 4390 4465 4478 4603 4708 4764 4864 4891 4899
186	17	37	6	9 33 101 203 209 226 362 520 891 928 984 1040 1201 1262 1288 1322 1388 1435 1447 1802 1868 1877 1881 2355 2385 2396 2425 2483 2524 2529 2629 2675 2696 2761 2795 2814 2865 2923 3032 3071 3108 3159 3209 3228 3229 3234 3336 3359 3385 3471 3501 3688 3721 3753 3777 3931 4058 4201 4329 4370 4412 4430 4439 4497 4501 4661 4686 4791 4974
6	1	100	8	182 217 222 404 413 535 536 691 754 805 936 1114 1150 1157 1194 1210 1254 1286 1397 1441 1446 1531 1542 1567 1628 1733 1739 1759 1852 1853 1857 1881 1946 1996 2025 2160 2271 2450 2643 2662 2709 2760 2811 2831 2886 2898 2974 2981 3335 3365 3378 3388 3399 3634 3654 3767 3785 4100 4154 4287 4356 4506 4570 4593 4627 4696 4737 4935
13	3	55	6	90 144 173 195 359 420 473 510 605 650 763 829 863 1002 1023 1050 1234 1277 1329 1500 1547 1566 1681 1702 1904 1936 2167 2265 2273 2306 2358 2383 2403 2464 2522 2679 2714 2757 2911 3099 3116 3118 3132 3355 3486 3633 3762 3850 3851 3908 3930 3946 4029 4099 4128 4171 4180 4226 4253 4331 4471 4568 4593 4637 4667 4684 4783 4903 4933
16	4	79	6	112 155 259 277 300 355 406 422 522 625 711 903 904 939 988 1105 1107 1261 1305 1317 1325 1416 1517 1524 1677 1840 1977 2035 2036 2118 2223 2240 2254 2495 2505 2763 2811 2866 3036 3039 3084 3119 3136 3165 3167 3168 3221 3320 3483 3499 3526 3618 3853 3867 3872 3964 4043 4076 4186 4210 4261 4323 4373 4519 4571 4643 4734 4763 4896 4913
27	16	46	6	3 31 43 67 75 252 260 540 549 559 643 772 792 819 843 901 970 996 1133 1141 1151 1160 1250 1281 1294 1348 1355 1363 1397 1493 1598 1610 1697 1766 1851 1852 1956 2009 2090 2108 2170 2181 2192 2202 2281 2300 2508 2536 2552 2556 2901 2930 2943 3002 3114 3195 3379 3412 3635 3855 3856 3879 3902 3927 4049 4249 4297 4389 4455 4553 4578 4641 4687 4759 4876 4878 4893
54	27	76	6	13 29 38 66 113 130 158 466 467 548 582 614 746 881 916 955 964 987 1058 1131 1202 1437 1580 1625 1889 1935 2006 2013 2093 2100 2105 2152 2256 2293 2305 2366 2477 2572 2736 2818 2822 2834 2860 2909 2954 3073 3200 3231 3240 3277 3291 3297 3446 3447 3452 3560 3597 3763 3811 3858 3976 3979 4079 4080 4086 4109 4124 4142 4185 4246 4313 4506 4620 4749 4908 4966
78	24	60	6	61 72 94 159 223 310 323 472 475 479 583 585 613 831 858 946 969 1011 1052 1086 1091 1132 1271 1296 1432 1451 1548 1604 1611 1612 1753 1765 1828 1903 1922 2169 2198 2243 2318 2321 2327 2339 2344 2363 2389 2431 2504 2648 2720 2780 3100 3139 3172 3219 3298 3334 3424 3507 3598 3606 3611 3657 3669 3687 3696 3774 3780 3798 3818 4183 4433 4539 4576 4605 4698 4795 4937 4944 4992
124	31	97	6	44 48 261 315 321 569 578 615 662 678 739 817 886 922 995 1024 1209 1283 1323 1344 1373 1464 1478 1488 1495 1609 1640 1699 1700 1736 1790 1966 1974 2011 2027 2065 2069 2159 2177 2188 2211 2213 2266 2351 2674 2684 2821 3006 3029 3101 3138 3345 3491 3840 3849 3887 4302 4312 4324 4353 4355 4458 4460 4543 4587 4642 4691 4731 4856 4863 4927
149	8	66	6	267 285 341 363 388 441 602 640 663 674 748 864 872 1026 1070 1392 1654 1797 1914 1949 1995 2146 2196 2271 2272 2276 2309 2311 2420 2459 2465 2606 2620 2758 2800 2824 2878 2994 3022 3043 3135 3192 3299 3310 3400 3441 3496 3578 3602 3648 3662 3755 3776 3779 3896 3977 4016 4094 4135 4205 4209 4211 4258 4270 4356 4362 4577 4681 4700 4769 4874 4997
161	26	5	6	46 89 123 284 298 314 337 342 369 456 480 637 648 653 693 721 742 745 854 931 952 999 1039 1304 1310 1374 1376 1399 1457 1529 1596 1642 1646 1649 1873 1968 2144 2231 2451 2550 2602 2637 2906 2964 3000 3058 3088 3272 3309 3342 3614 3758 3783 3788 3810 3925 4040 4147 4160 4195 4283 4295 4309 4487 4495 4514 4516 4594 4601 4817 4823 4824 4870 4939 4993
39	40	95	6	37 153 239 455 661 918 924 992 1041 1043 1074 1172 1301 1326 1439 1463 1507 1624 1788 1907 1908 1915 1944 2072 2098 2107 2164 2194 2204 2228 2262 2299 2333 2352 2397 2405 2449 2506 2567 2577 2614 2701 2739 2773 2855 3048 3129 3236 3324 3418 3515 3528 3572 3601 3629 3822 3885 3952 3988 4143 4162 4184 4311 4405 4410 4411 4508 4558 4648 4649 4653 4670 4788 4911
119	5	4	6	64 105 222 328 345 471 489 490 508 567 686 920 979 1128 1176 1191 1258 1318 1321 1350 1411 1544 1757 1791 1882 1917 2047 2138 2183 2217 2220 2313 2348 2478 2487 2509 2587 2594 2633 2724 2731 2843 2924 2950 2995 3038 3064 3097 3107 3150 3403 3406 3420 3455 3530 3576 3599 3643 3745 4060 4134 4154 4222 4372 4426 4459 4515 4564 4617 4626 4694 4756 4800 4831 4834 4936 4949
164	39	47	8	41 152 245 300 380 415 422 424 429 455 541 630 719 737 761 812 845 858 1079 1272 1273 1332 1405 1457 1490 1574 1703 1725 1767 1839 1982 1993 2032 2036 2040 2100 2118 2142 2215 2455 2672 2797 2802 2813 2844 2852 2871 2994 3114 3150 3171 3230 3277 3409 3440 3508 3570 3571 3622 3635 3658 3749 3914 3916 4063 4114 4164 4427 4539 4626 4717 4722 4725 4848 4849
181	21	41	6	49 120 165 167 175 245 255 334 374 411 442 523 668 684 710 718 760 842 849 868 874 911 1092 1147 1233 1268 1452 1482 1498 1567 1573 1576 1591 1614 1632 1645 1675 1690 1718 1726 1869 1961 2038 2261 2282 2406 2468 2530 2539 2664 2723 2830 2938 2965 3134 3238 3442 3448 3489 3537 3565 3680 3796 3846 3922 4020 4133 4168 4206 4238 4284 4485 4623 4768 4810 4915 4947
188	34	40	8	1 107 205 293 313 323 373 409 518 526 663 735 788 813 930 1108 1185 1228 1245 1346 1404 1418 1429 1451 1502 1510 1525 1562 1569 1655 1680 1707 1716 1810 1925 2088 2133 2230 2250 2505 2651 2703 2712 2885 2907 2980 3057 3202 3239 3280 3304 3332 3341 3369 3562 3609 3815 3859 3959 4017 4032 4084 4144 4152 4191 4196 4240 4295 4568 4701 4815 4851 4871 4983 4998
196	19	9	8	195 213 227 314 340 372 447 515 575 717 803 807 898 995 1180 1220 1232 1377 1391 1424 1427 1647 1656 1669 1713 1753 1869 1940 2013 2014 2294 2516 2533 2578 2771 2780 2855 2873 2892 2893 2897 2924 2938 2957 2964 3006 3031 3053 3136 3153 3188 3238 3269 3317 3340 3367 3410 3415 3512 3743 3796 3798 3955 3961 3991 4172 4201 4212 4300 4338 4431 4463 4553 4636 4730 4760 4821 4878 4955 4967 4991
44	32	16	6	42 76 206 408 483 485 575 616 665 703 791 822 912 943 1000 1037 1168 1365 1445 1450 1509 1543 1664 1694 2016 2316 2354 2553 2708 2721 2778 2835 2839 3069 3094 3105 3130 3182 3274 3319 3325 3389 3407 3472 3553 3634 3704 3747 3827 3828 3859 3921 3941 3997 4072 4093 4097 4207 4310 4330 4429 4492 4518 4524 4629 4692 4717 4745 4798
64	33	93	6	22 122 197 213 263 428 461 484 487 555 571 676 725 740 743 764 770 807 870 907 937 942 1015 1276 1425 1448 1829 1888 2024 2054 2139 2249 2252 2264 2280 2359 2400 2422 2498 2512 2516 2628 2640 2766 2874 2960 3128 3250 3282 3294 3300 3462 3613 3677 3731 3751 3766 3771 3919 3953 3957 3963 4008 4059 4062 4192 4251 4336 4499 4688 4801 4811 4848
70	13	23	6	107 156 183 241 579 696 726 759 880 906 1007 1012 1048 1064 1066 1075 1347 1370 1385 1417 1426 1514 1522 1532 1668 1725 1796 1831 1856 1866 1884 1927 2039 2041 2257 2270 2310 2320 2349 2382 2525 2596 2694 2826 2844 3037 3056 3104 3164 3189 3202 3218 3254 3307 3347 3361 3431 3459 3543 3644 3673 3862 3910 4006 4039 4163 4512 4600 4625 4647 4758 4765 4767 4832
121	6	45	6	148 157 176 354 381 401 440 446 459 476 514 552 647 688 793 846 862 1143 1208 1231 1256 1274 1309 1345 1371 1378 1390 1486 1496 1523 1525 1526 1545 1606 1658 1710 1713 1931 1946 2084 2115 2242 2360 2441 2482 2515 2526 2759 2847 2893 2927 2956 3085 3095 3363 3464 3764 3770 3898 3961 4119 4176 4179 4189 4363 4473 4719 4739 4852 4929 4984
129	25	24	6	124 141 154 265 268 271 469 518 607 610 682 799 910 968 1095 1206 1211 1245 1247 1286 1427 1449 1470 1634 1660 1717 1777 1830 1938 1991 2062 2599 2607 2625 2666 2673 2703 2885 2887 2891 2932 3077 3193 3328 3395 3488 3500 3542 3701 4130 4158 4182 4197 4280 4320 4404 4431 4489 4563 4565 4664 4713 4762 4775 4787 4837 4845 4880 4975 4989 4998
178	11	49	6	198 212 295 371 448 460 464 531 558 850 884 1047 1080 1136 1138 1178 1198 1218 1279 1316 1327 1539 1556 1641 1683 1744 1811 1835 1897 1916 1951 2113 2206 2258 2317 2376 2386 2469 2481 2569 2655 2677 2709 2737 2807 2842 2881 2915 2961 3013 3042 3061 3177 3313 3369 3450 3720 3748 3801 3848 3933 4022 4051 4070 4137 4231 4273 4401 4443 4511 4534 4827 4925 4977
185	15	34	6	92 103 211 254 276 333 335 437 451 517 529 634 681 852 917 940 994 1072 1134 1236 1287 1359 1456 1473 1613 1684 1696 1786 2120 2127 2136 2475 2488 2535 2616 2635 2668 2670 2681 2787 2806 2838 2864 2967 2988 2990 3016 3041 3401 3417 3453 3529 3574 3607 3778 3813 3969 3978 4015 4230 4232 4244 4252 4254 4255 4314 4402 4510 4566 4630 4635 4674 4733 4736 4782 4826 4931
8	23	78	6	27 32 121 264 350 378 477 486 527 553 593 749 778 806 811 820 830 899 1065 1083 1124 1181 1222 1226 1229 1471 1504 1636 1666 1706 1737 1799 1902 1969 2225 2329 2353 2489 2520 2586 2590 2641 2650 2654 2659 2676 2719 2779 2870 2897 2934 2953 3079 3235 3265 3296 3375 3423 3469 3750 3756 3773 3775 3832 4256 4503 4529 4552 4604 4660 4820 4821 4976 4994
34	10	33	8	31 55 206 356 362 519 534 612 648 779 844 932 991 1074 1155 1221 1258 1368 1438 1449 1467 1478 1497 1501 1518 1538 1570 1698 1808 1856 2000 2009 2276 2290 2347 2406 2447 2466 2538 2583 2645 2657 2800 2904 2908 3004 3055 3079 3196 3206 3218 3352 3397 3531 3707 3770 3813 3981 4036 4042 4130 4142 4256 4299 4545 4569 4630 4638 4639 4653 4688 4766
42	36	61	6	12 85 221 427 511 542 589 715 775 788 879 905 1188 1241 1263 1394 1582 1590 1762 1848 1940 1942 2122 2163 2301 2314 2323 2379 2447 2467 2752 2813 2879 2955 2975 2989 3020 3181 3303 3498 3539 3608 3691 3733 3738 3790 3804 3881 3891 3892 3913 3949 3982 4001 4027 4333 4345 4449 4454 4456 4498 4532 4588 4606 4677 4727 4907 4914
59	30	74	8	38 43 257 284 355 668 699 728 935 953 1129 1190 1294 1469 1537 1559 1580 1635 1727 1891 1907 1968 1984 2053 2056 2104 2138 2167 2285 2540 2605 2679 2714 2781 2820 2922 3059 3084 3089 3111 3217 3353 3382 3434 3481 3499 3542 3564 3612 3730 3800 3988 4102 4147 4149 4159 4165 4197 4258 4440 4530 4595 4602 4657 4879 4906 4921 4992
65	35	18	6	83 329 491 498 550 573 617 687 986 1068 1149 1162 1311 1320 1395 1431 1438 1468 1489 1555 1578 1800 1838 1954
66	37	90	8	15 51 76 112 124 147 151 174 202 335 504 574 607 626 675 848 1081 1120 1225 1324 1328 1431 1433 1620 1631 1667 1746 1789 1845 1997 2065 2144 2189 2258 2390 2503 2551 2724 2799 2882 2917 2929 2933 3077 3082 3124 3128 3212 3279 3286 3437 3447 3522 3679 3771 3799 3826 3845 3903 3975 4002 4128 4416 4486 4552 4557 4620 4646 4729 4740 4787 4799
154	28	1	8	9 12 212 273 275 425 521 551 583 670 672 703 720 722 774 846 949 1073 1135 1179 1208 1233 1311 1447 1454 1496 1609 1691 1694 1705 1735 1776 1873 1900 1904 1909 2110 2172 2273 2277 2330 2372 2541 2570 2751 2837 2841 2856 2976 3143 3146 3337 3380 3519 3624 3823 3891 3893 3942 4047 4090 4166 4226 4251 4290 4296 4349 4536 4606 4761 4772 4790 4913 4997
170	9	21	8	50 469 570 581 601 622 634 688 780 942 985 997 1071 1151 1159 1209 1222 1267 1277 1428 1432 1782 1812 1879 1895 1903 1919 1944 1950 2076 2113 2137 2211 2238 2354 2524 2562 2564 2631 2736 2793 2805 2854 2861 2916 2961 3081 3140 3234 3270 3319 3678 3714 3848 3884 3915 3930 3995 4016 4238 4276 4292 4400 4561 4635 4743 4769 4771 4920
4	7	36	8	30 85 125 127 185 310 386 402 461 476 598 712 738 961 964 1016 1641 1690 1816 1955 1983 2161 2232 2278 2316 2425 2502 2558 2704 2715 2725 2772 2773 2863 2998 3116 3162 3282 3477 3547 3765 3784 3840 3899 3923 3931 3941 3970 4312 4406 4419 4426 4429 4444 4478 4512 4559 4583 4632 4633 4788 4866 4868 4961
14	2	95	8	16 295 434 516 584 589 614 658 684 744 801 838 878 881 891 909 918 970 988 1035 1061 1166 1320 1343 1344 1379 1544 1556 1578 1651 1768 1962 1967 2185 2213 2236 2275 2288 2299 2311 2379 2638 2745 2790 2865 3037 3071 3186 3292 3303 3305 3360 3375 3389 3459 3695 3709 3732 3883 3911 4048 4160 4314 4328 4373 4383 4409 4432 4451 4687 4826 4853 4883 4898 4965
26	18	42	8	163 231 256 264 329 397 406 452 642 708 771 860 1018 1075 1086 1104 1143 1188 1317 1319 1387 1430 1437 1659 1720 1822 1971 2003 2153 2207 2321 2498 2576 2589 2639 2652 2815 2910 3045 3108 3231 3309 3342 3411 3417 3435 3443 3617 3753 3754 3782 3852 3958 4038 4070 4089 4195 4289 4423 4434 4447 4455 4563 4565 4598 4623 4670 4706 4715 4797 4809 4829 4831 4843 4981 4989
40	38	54	8	103 197 291 327 337 360 376 377 387 453 456 460 714 867 908 933 1028 1335 1374 1378 1384 1385 1466 1543 1546 1616 1625 1704 1794 2020 2092 2095 2259 2324 2363 2398 2504 2678 2740 2788 2792 2870 2934 2960 3002 3100 3106 3172 3199 3465 3525 3557 3736 3811 3952 3956 4044 4046 4190 4266 4320 4327 4390 4399 4439 4523 4528 4624 4691 4721 4727 4875 4916 4971 4999
138	14	41	8	158 268 294 326 332 365 487 587 806 916 921 939 1063 1087 1113 1119 1186 1360 1535 1679 1684 1692 1772 1866 1894 1952 2052 2128 2156 2194 2247 2249 2261 2295 2351 2468 2499 2537 2548 2612 2620 2632 2666 2913 2963 2991 3091 3216 3278 3284 3318 3326 3398 3470 3530 3603 3692 3713 3786 3789 3926 3951 3976 4115 4246 4304 4307 4448 4462 4469 4490 4531 4555 4590 4649 4748 4857 4912 4954
177	20	19	8	33 114 168 171 255 262 346 396 464 785 802 854 975 1010 1107 1183 1382 1412 1471 1474 1495 1517 1536 1572 1579 1712 1736 1832 1849 1882 1916 1924 2159 2235 2400 2479 2487 2649 2691 2814 2857 3086 3215 3423 3619 3629 3738 3761 3816 3948 3950 4078 4146 4194 4211 4322 4339 4420 4472 4522 4540 4674 4765 4798 4881 4900 4910 4924 4934 4985
182	22	25	8	6 8 63 110 242 347 525 537 543 552 654 661 706 711 827 963 978 1019 1085 1252 1297 1350 1353 1425 1568 1627 1662 1795 2049 2079 2175 2184 2219 2220 2237 2428 2440 2545 2566 2627 2682 2694 2768 2843 3010 3094 3154 3191 3225 3265 3405 3563 3630 3643 3652 3728 3902 3905 3945 4055 4107 4113 4247 4267 4269 4368 4452 4505 4631 4678 4713 4785 4926 4951
15	12	23	8	40 200 269 381 473 495 548 565 571 638 879 907 954 1098 1172 1357 1493 1551 1701 1787 1788 1850 1870 1898 2018 2037 2071 2096 2131 2170 2212 2280 2435 2656 2696 2827 2868 2895 2927 2945 3003 3028 3038 3040 3064 3078 3198 3291 3418 3455 3460 3462 3521 3544 3581 3727 3744 3940 4012 4066 4082 4232 4277 4285 4297 4333 4365 4379 4551 4841 4973
20	17	27	8	37 65 251 414 454 582 631 702 718 768 897 931 962 996 1102 1140 1156 1176 1235 1275 1303 1453 1498 1513 1558 1560 1561 1805 1929 2012 2067 2145 2187 2243 2389 2415 2467 2514 2555 2687 2734 2858 2954 2971 3085 3117 3175 3307 3315 3356 3438 3482 3668 3882 3962 4058 4088 4099 4193 4200 4361 4371 4382 4438 4628 4990
28	3	86	8	29 198 302 324 341 388 423 597 632 637 667 745 763 794 815 1090 1203 1204 1325 1337 1460 1686 1743 1829 2001 2080 2081 2331 2333 2380 2454 2469 2622 2641 2720 2735 2880 2894 3185 3207 3403 3425 3429 3628 3636 3655 3656 3664 3824 3890 3990 4040 4065 4083 4086 4138 4214 4271 4282 4458 4494 4513 4529 4537 4538 4616 4641 4672 4734 4844 4888 4889 4962 4979
35	4	20	8	22 128 164 178 180 363 369 439 579 635 704 778 852 951 956 1003 1116 1125 1152 1154 1197 1255 1362 1440 1487 1581 1681 1731 1834 1854 1970 1973 1976 2034 2045 2222 2433 2572 2618 2711 2822 2959 2982 3005 3043 3122 3320 3330 3355 3456 3534 3579 3687 3693 3697 3742 4003 4018 4067 4077 4085 4111 4336 4347 4366 4418 4532 4582 4750 4768
55	16	72	8	58 77 116 278 361 483 496 500 556 749 819 1009 1042 1044 1091 1097 1133 1295 1355 1376 1415 1480 1519 1541 1548 1565 1661 1762 1773 1811 1901 2015 2016 2223 2244 2264 2395 2521 2527 2556 2567 2787 2872 2912 2920 2943 2985 3022 3180 3183 3262 3474 3532 3757 3849 4006 4330 4374 4433 4446 4548 4556 4564 4655 4665 4668 4673 4755 4805 4813 4964
97	27	22	8	2 74 287 297 344 472 628 781 808 824 841 913 1038 1049 1136 1164 1342 1347 1369 1481 1499 1532 1614 1619 1665 1741 1848 1893 2251 2358 2413 2429 2461 2485 2573 2644 2713 2742 2791 2942 2969 3000 3090 3130 3147 3348 3370 3385 3518 3552 3602 3653 3662 3717 3825 3987 4057 4073 4108 4118 4262 4318 4414 4450 4550 4603 4704 4801 4862 4940 4978
126	24	93	8	3 7 98 109 236 554 568 656 669 729 739 874 940 946 974 1096 1110 1205 1409 1533 1615 1729 1748 1770 1784 2103 2140 2174 2188 2263 2343 2382 2465 2582 2755 2757 2838 2932 2995 3058 3259 3414 3509 3540 3647 3720 3831 3847 3908 3946 3994 4117 4163 4265 4302 4464 4482 4581 4605 4658 4660 4675 4724 4752 4773 4822 4832 4873 4930
144	31	66	8	115 188 678 721 855 886 902 977 980 990 1036 1047 1115 1145 1147 1263 1402 1413 1553 1590 1670 1722 1804 1817 1827 1865 1871 1885 1910 1942 2029 2051 2059 2117 2183 2254 2397 2418 2442 2486 2717 2763 2784 2823 2862 2966 2967 3121 3125 3170 3276 3297 3359 3413 3501 3529 3759 3797 3894 4119 4376 4377 4411 4453 4459 4604 4677 4712 4716 4742 4745 4780 4818 4915 4950
184	8	88	8	36 47 82 106 177 221 368 432 540 546 572 590 613 660 740 782 814 863 871 1002 1051 1083 1174 1217 1218 1248 1291 1505 1573 1632 1755 1838 1920 2097 2301 2338 2345 2378 2384 2423 2621 2677 2702 2732 2817 2824 2906 3067 3083 3281 3395 3535 3681 3699 3702 3722 3774 3807 3920 3921 3967 4024 4051 4098 4106 4143 4387 4449 4526 4651 4781 4892 4933
19	26	78	8	17 24 27 46 88 240 248 517 530 532 659 820 868 1025 1068 1117 1161 1269 1305 1371 1381 1400 1589 1596 1693 1814 1826 1947 2091 2164 2224 2234 2374 2401 2422 2464 2549 2565 2597 2668 2683 2915 2975 3007 3133 3135 3145 3210 3264 3293 3327 3329 3487 3555 3576 3660 3691 3779 3866 3886 3966 4135 4255 4274 4408 4461 4508 4549 4574 4586 4615 4838 4897 4948
37	40	53	8	45 145 172 247 272 308 338 436 442 451 482 513 592 747 883 884 948 1127 1169 1212 1395 1419 1552 1643 1695 1724 1747 1938 2026 2048 2093 2119 2121 2267 2286 2287 2360 2526 2609 2637 2685 2840 2918 3065 3107 3156 3248 3256 3294 3313 3331 3396 3558 3587 3591 3673 3689 3700 3842 3963 4004 4035 4170 4260 4392 4407 4487 4607 4612 4613 4634 4650 4774 4782 4902
91	5	96	8	237 258 345 416 419 533 561 821 965 983 1088 1148 1160 1195 1321 1322 1476 1830 1859 1897 1988 1994 2111 2240 2410 2531 2534 2587 2599 2607 2673 2804 2836 2842 3039 3157 3161 3163 3333 3394 3433 3478 3497 3553 3648 3726 3748 3868 3929 4037 4224 4249 4410 4470 4504 4518 4619 4669 4817 4886 4943 4945 4972 4980
146	29	90	10	27 64 89 144 169 250 272 429 548 679 682 758 796 813 824 859 993 1060 1100 1118 1163 1351 1566 1735 1869 1965 1977 2347 2503 2560 2617 2653 2676 2685 2698 2743 2752 2796 2866 2882 2904 3061 3076 3104 3164 3220 3245 3447 3470 3556 3628 3634 3709 3731 3754 3766 3772 3836 3865 3944 3978 3986 4000 4150 4227 4289 4435 4594 4607 4650 4680 4709 4726 4799 4871 5000
147	21	56	8	57 69 105 192 204 288 364 378 547 588 599 880 882 976 992 1032 1043 1066 1109 1249 1361 1488 1584 1652 1711 1726 1797 1847 1966 1974 1989 2075 2141 2148 2186 2204 2206 2334 2336 2421 2453 2580 2660 2786 2902 2984 3050 3190 3203 3274 3298 3321 3448 3457 3461 3536 3569 3584 3610 3822 4140 4141 4169 4213 4294 4489 4806 4825 4861 4884 4925
166	1	19	10	160 295 305 322 335 336 602 611 666 704 765 833 841 916 974 975 1036 1199 1315 1330 1417 1512 1515 1555 1616 1626 1721 1799 1846 1878 1910 1970 1974 1991 2087 2306 2315 2373 2493 2506 2557 2567 2604 2626 2718 2776 2841 2906 2922 3014 3221 3275 3374 3391 3395 3612 3659 3679 3767 3819 3821 3910 3943 4002 4269 4282 4546 4580 4688 4747 4751 4779 4780 4926
176	32	3	8	26 35 68 181 191 223 261 371 374 837 943 1033 1067 1227 1259 1333 1458 1530 1617 1636 1683 1750 1868 1883 1964 2002 2099 2102 2218 2231 2260 2309 2361 2411 2430 2438 2530 2585 2680 2733 2888 2979 3054 3110 3132 3155 3189 3247 3463 3566 3595 3631 3755 3787 3919 3989 4059 4105 4132 4155 4241 4329 4481 4656 4692 4736 4754 4763 4847 4867
71	33	29	8	4 126 132 142 166 282 465 492 576 629 646 680 698 757 793 825 892 901 922 959 998 1080 1153 1238 1336 1452 1489 1557 1575 1600 1657 1876 1896 1926 1930 1990 2004 2019 2085 2087 2173 2193 2253 2370 2387 2511 2598 2628 2642 2646 2947 2978 3257 3258 3325 3589 3846 3947 4008 4033 4054 4181 4369 4395 4403 4495 4625 4695 4697 4756 4864 4917 4994
103	13	82	8	67 119 176 186 193 211 304 399 497 509 566 591 645 713 765 853 896 906 937 1072 1122 1242 1284 1290 1345 1349 1352 1547 1550 1646 1792 1999 2084 2122 2180 2246 2337 2405 2449 2471 2481 2509 2636 2828 2996 3035 3113 3169 3271 3422 3498 3538 3615 3739 4062 4157 4223 4441 4466 4480 4560 4708 4753 4789 4836 4855 4907 4941
137	6	7	8	62 131 170 270 279 292 494 545 709 900 1020 1034 1202 1224 1434 1456 1610 1640 1732 1766 1802 1880 2017 2027 2033 2035 2072 2124 2179 2199 2283 2303 2362 2396 2399 2409 2544 2601 2606 2659 2663 2681 2881 2983 2999 3072 3115 3166 3296 3339 3373 3386 3393 3424 3586 3618 3704 3885 3933 3960 4126 4185 4278 4402 4437 4703 4956 4959
162	25	44	8	84 118 159 187 316 330 339 357 366 412 558 569 616 624 701 724 832 859 1111 1132 1299 1329 1394 1621 1630 1688 1697 1807 1862 1892 2039 2169 2191 2245 2256 2408 2443 2497 2575 2625 2633 2756 2846 2993 3102 3103 3343 3357 3550 3594 3627 3640 3701 3773 3802 3835 3904 4011 4049 4076 4235 4280 4334 4370 4384 4415 4436 4592 4710 4783 4903 4905
187	39	88	10	80 304 329 474 484 491 506 593 621 741 755 761 981 1057 1059 1130 1308 1419 1423 1518 1535 1563 1564 1656 1661 1665 1730 1795 1798 1836 1841 1850 1864 1942 2136 2218 2281 2333 2398 2436 2442 2491 2519 2584 2623 2725 2744 2760 2775 2783 2817 2850 2993 3060 3145 3166 3225 3280 3358 3359 3417 3602 3674 3930 3931 4122 4239 4291 4304 4351 4548 4648 4787 4804 4897 4932 4941 4957
47	11	55	8	271 274 348 390 445 477 491 557 798 799 1031 1206 1292 1304 1398 1582 1618 1624 1846 1886 1954 1961 2073 2217 2227 2328 2346 2459 2602 2710 2726 2743 2759 2832 2879 2939 2972 3034 3137 3211 3427 3473 3546 3593 3600 3616 3651 3667 3675 3680 3719 3750 3804 3832 3997 4022 4023 4034 4148 4180 4298 4405 4525 4527 4644 4676 4683 4707 4793 4852
49	34	21	10	39 48 126 136 238 266 282 283 415 418 466 503 507 571 617 654 727 793 882 901 987 1017 1066 1125 1186 1218 1241 1286 1296 1397 1632 2053 2077 2135 2319 2414 2508 2596 2600 2605 2615 2658 2665 2713 2722 2800 2886 2889 2987 3030 3052 3082 3123 3146 3212 3372 3394 3431 3433 3435 3505 3511 3763 3804 3830 3948 4015 4234 4421 4498 4571 4616 4789 4909 4916 4954 4985 4990
60	15	38	8	44 66 92 123 139 230 238 299 383 462 695 715 758 830 831 915 955 1058 1118 1167 1268 1540 1622 1775 1778 1779 1858 1905 1959 2041 2042 2078 2255 2297 2375 2543 2603 2674 2722 2850 2911 3048 3159 3222 3312 3322 3468 3549 3596 3598 3684 3735 3740 3928 3974 4015 4026 4116 4221 4261 4288 4317 4484 4501 4519 4738 4804 4828 4863 4865 4911
107	19	42	10	21 37 45 254 310 357 534 599 675 791 792 913 1006 1076 1104 1148 1210 1213 1255 1256 1358 1708 1720 1746 1782 1874 1904 2031 2046 2162 2192 2195 2261 2284 2364 2416 2456 2563 2643 2733 2753 2795 2833 2912 3024 3209 3236 3238 3254 3272 3320 3384 3461 3549 3635 3661 3841 3904 4074 4124 4161 4188 4376 4436 4474 4487 4511 4614 4771 4821 4822 4937 4961
117	23	89	8	14 99 101 233 309 328 398 755 772 1027 1103 1137 1207 1241 1300 1577 1605 1890 2074 2077 2146 2150 2268 2269 2371 2394 2444 2480 2488 2494 2686 2744 2789 2812 3008 3032 3062 3070 3158 3205 3249 3299 3346 3354 3475 3490 3712 3790 3795 3817 3844 3850 3895 4091 4103 4183 4264 4301 4331 4375 4477 4573 4637 4819 4837 4890 4988
122	36	34	8	81 167 189 229 311 350 457 470 555 692 693 700 759 764 795 809 843 1134 1230 1251 1261 1262 1308 1367 1450 1566 1612 1710 1723 1786 1860 1935 1948 2043 2050 2221 2307 2560 2647 2767 2819 2847 2889 3041 3047 3118 3226 3227 3260 3432 3646 3665 3764 3812 3875 3898 4071 4184 4250 4303 4344 4479 4689 4699 4702 4839 4860 4958 4977
127	35	63	8	21 86 141 214 285 318 389 458 523 725 734 736 816 849 857 914 945 986 1054 1106 1253 1282 1462 1486
155	10	89	10	19 51 85 244 504 536 806 826 940 968 1032 1093 1094 1156 1169 1231 1283 1336 1441 1577 1585 1617 1739 1751 1791 1890 1957 1986 2028 2057 2068 2129 2182 2341 2380 2441 2445 2534 2726 2951 2965 2998 3012 3021 3087 3100 3135 3429 3493 3713 3723 3740 3906 3959 3980 4007 4185 4199 4210 4268 4396 4463 4485 4534 4657 4784 4791 4813 4877 4946 4971
175	30	94	10	73 77 350 382 702 722 731 751 829 860 872 899 918 951 961 967 999 1024 1053 1167 1293 1462 1499 1511 1523 1565 1677 1692 1706 1714 1755 1773 1885 1971 2091 2198 2260 2369 2392 2418 2510 2532 2544 2607 2624 2640 2689 2798 2815 2860 2915 2935 2942 2981 2983 3073 3243 3258 3261 3341 3466 3579 3625 3677 3718 3860 3915 3924 4064 4079 4461 4550 4712 4812 4834 4910
179	37	30	10	4 30 109 159 180 184 225 227 264 324 328 330 369 468 475 488 574 664 713 814 868 934 982 995 1068 1108 1299 1350 1431 1436 1477 2011 2064 2084 2139 2149 2203 2272 2402 2655 2681 2737 2741 2768 2778 2883 2908 3001 3002 3008 3046 3079 3380 3467 3514 3622 3644 3656 3660 3694 3696 3802 3842 3851 3866 3995 4215 4247 4335 4361 4385 4577 4651 4655 4664 4773 4889 4913 4964 4991
199	28	26	10	52 66 173 240 321 411 432 476 609 652 752 753 832 840 910 1165 1321 1340 1402 1447 1470 1485 1496 1514 1531 1571 1650 1674 1802 1817 1863 2052 2083 2099 2196 2295 2303 2309 2310 2494 2573 2684 2719 2749 2789 2890 2920 2941 3151 3154 3157 3269 3283 3285 3287 3595 3650 3875 3918 3992 3994 4047 4110 4141 4180 4216 4370 4455 4484 4524 4646 4705 4719 4761 4806 4934
85	9	73	10	11 90 99 181 344 349 367 399 463 492 497 529 530 544 669 678 707 710 718 732 811 865 866 932 1004 1115 1122 1138 1187 1282 1322 1369 1371 1390 1444 1465 1492 1588 1593 1726 1892 1924 1929 1947 1950 1972 2062 2137 2365 2574 2628 2701 2785 2799 2888 2916 2936 2991 3205 3289 3321 3439 3441 3485 3591 3627 3793 3795 3815 3853 3867 3876 3925 4016 4082 4468 4495 4560 4610 4815 4938 4949 4968 4981
142	7	67	10	123 188 226 233 303 353 373 453 553 573 601 696 697 733 810 843 893 894 920 957 958 1028 1048 1154 1324 1327 1410 1452 1498 1530 1579 1687 1691 1733 1793 1854 1857 1987 1990 2019 2040 2080 2126 2130 2237 2246 2259 2292 2317 2334 2421 2518 2688 2746 2793 2839 2851 2970 3178 3256 3300 3351 3371 3414 3455 3524 3840 3903 4049 4308 4558 4728 4800
62	2	17	10	139 242 479 514 603 604 627 674 743 800 889 915 923 943 985 1015 1092 1103 1127 1170 1316 1334 1466 1567 1637 1758 1765 1830 1847 1848 2010 2060 2199 2201 2276 2285 2346 2432 2481 2513 2545 2848 2913 2926 3084 3119 3160 3542 3596 3710 3726 3949 3962 3977 4069 4104 4173 4190 4338 4600 4697 4702 4721 4853 4856 4865 4873 4903 4965
93	18	10	10	70 114 216 224 287 299 442 486 522 525 656 658 817 891 944 960 1018 1034 1047 1119 1254 1472 1611 1717 1742 1787 1810 1883 1985 2006 2007 2044 2121 2212 2262 2322 2428 2443 2533 2537 2551 2585 2742 2767 2849 2892 3077 3188 3207 3218 3531 3535 3686 3737 3820 3894 3916 3979 4155 4272 4325 4327 4394 4416 4454 4483 4500 4619 4759 4782 4876 4918 4988
148	38	59	10	8 100 119 170 315 339 362 403 414 457 502 588 688 720 762 846 956 1049 1077 1192 1368 1395 1457 1461 1491 1538 1774 1822 1834 1862 1912 1984 2109 2186 2219 2267 2279 2330 2332 2340 2413 2577 2721 2804 2891 2962 3026 3092 3168 3181 3183 3385 3440 3534 3711 3727 3742 3952 3967 4005 4061 4192 4194 4208 4217 4248 4271 4387 4403 4481 4628 4682 4720 4861 4992
52	14	61	10	42 104 127 214 394 407 472 631 740 749 775 818 921 973 1074 1228 1285 1307 1365 1475 1494 1590 1591 1638 1722 1725 1731 1779 1818 1851 1873 1886 1909 2017 2280 2403 2423 2612 2631 2644 2867 2984 3067 3213 3295 3370 3503 3558 3614 3642 3761 3799 3818 3897 3914 4086 4174 4250 4346 4354 4523 4707 4755 4867 4935 4983
145	20	75	10	74 234 294 371 404 699 726 757 839 924 977 997 1177 1214 1294 1392 1407 1434 1437 1443 1490 1576 1589 1596 1599 1615 1700 1803 1944 1945 2000 2020 2078 2138 2140 2609 2702 2706 2731 2828 2989 2996 3041 3058 3086 3319 3377 3592 3640 3838 3893 3976 4051 4151 4156 4172 4464 4499 4538 4590 4622 4693 4722 4760 4792 4814 4839 4976 4980
36	22	71	10	32 94 122 152 175 179 260 532 608 736 783 852 938 948 1040 1157 1195 1221 1367 1702 1796 1837 1888 1943 2021 2026 2030 2073 2170 2202 2258 2304 2595 2637 2765 3044 3144 3208 3242 3273 3307 3464 3481 3550 3561 3623 3683 3707 3787 3991 4092 4126 4130 4233 4263 4264 4375 4427 4540 4615 4710 4723 4886
48	12	8	10	23 31 111 213 309 434 510 519 635 744 809 875 917 950 1008 1014 1099 1162 1164 1181 1240 1401 1655 1682 1738 1906 2058 2114 2147 2211 2244 2265 2326 2339 2362 2410 2641 2693 2728 3040 3190 3344 3398 3454 3508 3632 3783 3808 3833 3844 3921 4098 4202 4212 4288 4319 4386 4536 4547 4694 4735 4777 4809 4995
133	17	48	10	166 209 470 524 625 670 676 714 903 1027 1106 1219 1237 1362 1370 1405 1455 1568 1671 1806 1868 2047 2226 2238 2377 2526 2540 2543 2547 2555 2669 2671 2680 2700 2876 2899 2950 3009 3070 3085 3184 3264 3350 3518 3624 3854 4168 4222 4303 4332 4401 4479 4667 4706 4725 4749 4754 4781 4969
136	3	15	10	149 338 724 760 769 926 1013 1023 1046 1084 1220 1247 1259 1275 1278 1338 1339 1414 1573 1581 1666 1669 1734 1932 1958 2038 2165 2250 2287 2288 2290 2324 2427 2435 2439 2690 2709 2782 2910 2932 3010 3036 3251 3271 3304 3339 3352 3408 3412 3424 3527 3533 3541 3638 3641 3646 3716 3729 3749 3827 3881 4117 4153 4169 4230 4236 4315 4340 4348 4380 4405 4453 4679 4684 4766 4797 4816 4866 4875
73	4	54	10	161 246 252 334 372 395 437 443 581 637 767 795 847 1033 1042 1052 1128 1139 1244 1249 1312 1361 1403 1628 1685 1690 1715 1893 2049 2102 2517 2568 2629 2732 2770 2832 2933 2945 2972 2976 3054 3102 3107 3185 3227 3255 3416 3434 3451 3478 3480 3540 3588 3667 3668 3682 3697 3733 3785 3792 3869 3913 3955 4009 4014 4041 4133 4240 4452 4526 4585 4672 4829 4982
80	16	58	10	138 168 189 210 231 247 256 270 376 392 435 528 537 638 655 728 750 963 966 1129 1179 1185 1207 1309 1314 1376 1388 1508 1668 1871 2023 2132 2234 2301 2320 2360 2426 2632 2790 2825 2875 2903 3003 3055 3108 3347 3489 3523 3571 3605 3714 3719 3725 3809 3973 3985 4039 4068 4183 4186 4374 4390 4402 4434 4662 4805 4807 4966 4993
86	27	91	10	95 146 239 280 306 351 358 391 516 645 650 653 662 742 774 1072 1109 1298 1372 1427 1459 1480 1653 1905 1923 1953 1980 1999 2001 2061 2069 2175 2241 2247 2298 2354 2444 2462 2471 2472 2486 2492 2588 2618 2763 2766 2830 2854 3011 3140 3173 3281 3310 3368 3407 3543 3554 3578 3616 3617 3630 3813 3966 3972 4017 4118 4167 4456 4625 4670 4683
159	24	39	10	28 60 317 356 501 557 636 972 991 1007 1087 1121 1180 1246 1266 1311 1348 1380 1572 1586 1606 1678 1745 1762 1844 1853 1926 1994 2016 2071 2123 2210 2252 2343 2463 2603 2634 2675 2715 2716 2955 3051 3074 3143 3230 3268 3292 3392 3427 3477 3510 3581 3584 3797 3939 3974 4045 4065 4072 4093 4106 4119 4125 4267 4294 4473 4497 4535 4724 4811 4851 4894
53	31	98	10	25 192 243 265 327 347 363 447 448 494 576 786 823 878 941 1112 1178 1260 1271 1342 1359 1438 1624 1629 1925 1938 2050 2190 2200 2221 2321 2388 2407 2419 2451 2663 2739 2826 2844 2872 2960 2975 3047 3057 3127 3239 3313 3346 3525 3573 3586 3599 3643 3784 3790 3806 3807 3825 3953 3987 4330 4388 4510 4544 4673 4914 4950
96	29	67	12	23 117 199 234 247 370 474 482 522 633 676 689 784 788 895 931 1058 1086 1136 1153 1205 1213 1245 1247 1272 1338 1349 1351 1602 1619 1777 1838 1986 1990 2022 2059 2190 2266 2305 2431 2500 2536 2570 2622 2674 2735 2785 2826 2871 2889 3038 3125 3258 3300 3357 3495 3497 3520 3541 3567 3569 3571 3633 3697 3701 3799 3864 3888 3982 4021 4120 4156 4179 4235 4307 4347 4350 4360 4374 4389 4528 4588 4718 4875 4916 4969
58	8	51	10	53 147 232 245 276 302 364 423 458 487 605 615 647 667 711 976 979 1016 1088 1090 1114 1168 1291 1366 1383 1464 1482 1501 1595 1627 1716 1752 1761 1919 1934 2005 2008 2039 2074 2187 2329 2350 2527 2630 2687 2802 2810 2834 2887 2918 3032 3197 3232 3259 3337 3504 3603 3757 3888 3937 4138 4290 4296 4597 4645 4654 4674 4776 4795 4858 4917
168	26	72	10	586 802 828 856 900 971 989 1085 1175 1234 1288 1331 1422 1471 1497 1522 1602 1604 1607 1618 1644 1744 1879 2072 2079 2082 2119 2289 2302 2353 2361 2485 2489 2516 2552 2562 2564 2694 2723 2745 2786 2856 2884 3015 3018 3059 3064 3093 3101 3179 3206 3229 3277 3553 3780 3831 3895 4087 4100 4115 4163 4393 4445 4476 4514 4532 4586 4762 4824
195	40	5	10	165 284 301 313 320 406 444 596 620 784 1091 1113 1201 1223 1248 1357 1430 1503 1534 1769 1856 1870 1937 2051 2371 2453 2554 2695 2727 2780 2813 2871 3066 3071 3149 3203 3248 3253 3587 3636 3662 3685 3774 3822 3839 3885 3890 3908 3957 4055 4159 4177 4228 4278 4344 4414 4428 4542 4554 4636 4659 4847 4906 4915 4930 4972 4984
172	1	59	12	72 86 107 133 175 185 238 240 257 423 435 560 600 707 799 837 878 890 954 1025 1041 1099 1191 1260 1269 1280 1524 1526 1593 1621 1685 1730 1754 1756 1808 1841 1847 1856 1958 2046 2058 2112 2230 2295 2659 2745 2761 2793 2866 2992 3016 3176 3237 3247 3322 3387 3400 3432 3506 3523 3620 3918 3939 3964 4108 4209 4222 4316 4371 4384 4464 4647 4700 4701 4741 4750 4814 4828 4962 4964
191	5	24	10	34 36 69 86 118 140 190 204 316 340 346 425 584 595 746 763 919 1205 1217 1225 1280 1352 1468 1613 1649 2018 2076 2101 2335 2366 2593 2602 2664 2704 2774 2808 2900 2917 2947 2964 2978 3124 3274 3286 3309 3356 3419 3492 3516 3551 3563 3606 3698 3730 3748 3759 3776 3993 4412 4522 4555 4559 4669 4690 4717 4731 4796 4846 4869
99	39	91	12	47 49 78 208 245 298 659 786 789 869 876 927 1056 1167 1236 1251 1274 1275 1415 1437 1468 1508 1545 1672 1698 1783 1814 1891 1920 1975 2037 2064 2127 2173 2177 2204 2254 2352 2366 2462 2532 2901 2984 3012 3036 3144 3152 3194 3211 3268 3297 3333 3362 3468 3481 3500 3514 3590 3675 3752 3794 3861 3887 3924 4023 4122 4200 4212 4456 4506 4536 4545 4597 4630 4653 4686 4728 4773 4797 4870 4890 4914
174	21	96	10	98 131 228 267 292 480 561 565 582 756 831 931 954 986 1101 1131 1151 1215 1409 1435 1533 1594 1766 1842 2157 2323 2437 2528 2553 2668 2697 2740 2949 2952 2954 2959 3053 3113 3180 3263 3267 3315 3373 3381 3405 3406 3438 3517 3538 3544 3620 3621 3855 4029 4052 4060 4140 4219 4244 4281 4413 4460 4611 4661 4703 4936
2	32	56	10	164 196 297 375 401 543 550 598 644 777 853 927 1001 1022 1117 1147 1319 1557 1570 1749 1768 1843 1955 2086 2168 2216 2275 2458 2548 2599 2777 2847 2861 2864 2948 3109 3170 3240 3266 3340 3399 3486 3512 3645 3680 3847 3892 3945 3963 4019 4063 4067 4112 4146 4391 4440 4493 4572 4591 4635 4701 4880 4921 4947
151	33	68	10	93 771 885 902 1011 1242 1386 1389 1458 1640 1642 1646 1694 1875 1931 1969 2029 2205 2224 2232 2257 2356 2389 2417 2457 2525 2538 2601 2735 2758 2836 2885 2896 2927 2930 3129 3167 3260 3363 3472 3537 3611 3706 3810 3811 3834 3883 3896 3933 4181 4241 4252 4457 4469 4593 4714 4757 4854 4963
33	13	85	10	15 17 203 241 258 298 308 380 495 499 515 730 779 1065 1243 1269 1290 1318 1360 1425 1448 1519 1608 1707 1741 1860 1933 2070 2156 2189 2454 2461 2477 2542 2586 2646 2707 2878 2923 3033 3122 3201 3244 3449 3494 3559 3649 3665 3781 3782 4187 4229 4299 4409 4592 4794 4823 4840 4996
106	6	36	10	76 129 155 296 300 471 577 618 633 683 692 768 772 773 798 1002 1089 1134 1155 1224 1614 1620 1724 1939 2094 2098 2179 2185 2412 2470 2483 2583 2642 2691 2696 2791 2801 3137 3172 3324 3693 4021 4135 4273 4321 4336 4378 4397 4407 4426 4541 4743 4744 4817 4818 4833 4844 4923 4987
169	34	94	12	142 220 228 256 261 272 293 373 405 445 452 499 503 541 673 767 956 959 1060 1064 1227 1290 1494 1551 1673 1823 1955 2101 2221 2313 2364 2437 2551 2568 2616 2705 2809 2811 2969 3070 3146 3223 3321 3384 3413 3510 3547 3609 3760 3767 3786 3815 3909 3938 3958 4000 4057 4073 4218 4221 4398 4493 4517 4611 4707 4722 4794 4907 4936 4956 4967 4980
111	19	15	12	60 61 164 237 254 290 309 328 377 549 686 840 947 983 1014 1164 1179 1198 1287 1368 1378 1391 1714 1736 1840 1876 2065 2083 2092 2117 2215 2232 2239 2342 2356 2543 2679 2691 2737 2776 2790 3014 3101 3105 3204 3319 3374 3419 3440 3445 3597 3626 3689 3834 3912 3926 4091 4136 4213 4216 4335 4404 4405 4522 4525 4554 4587 4610 4690 4692 4775 4924 4930 4960 4984
143	25	80	10	13 82 96 134 182 281 649 695 978 1010 1063 1082 1111 1204 1373 1381 1483 1630 1648 1828 1829 2108 2282 2342 2349 2446 2559 2925 2985 3017 3090 3198 3233 3376 3458 3519 3526 3580 3777 3805 3909 3938 4025 4034 4142 4170 4301 4490 4491 4528 4803 4838 4859 4986
