Course	Room	Teacher	Time	Students
150	24	73	2	78 138 170 192 195 230 280 303 340 453 474 508 583 666 667 702 755 783 906 939 954 970 980 1001 1006 1055 1120 1129 1130 1211 1318 1457 1482 1513 1603 1620 1716 1727 1825 1840 1872 1898 2015 2024 2070 2111 2146 2151 2177 2213 2280 2464 2504 2589 2671 2733 2746 2772 2869 2894 2991 3098 3116 3161 3177 3321 3337 3345 3347 3349 3420 3450 3466 3487 3544 3611 3701 3902 3903 4007 4008 4097 4236 4258 4283 4285 4381 4460 4470 4479 4529 4593 4654 4854 4993
99	4	2	2	46 62 76 107 128 173 183 217 355 367 370 380 423 432 477 488 576 579 695 825 841 920 1051 1097 1157 1203 1231 1391 1406 1459 1468 1549 1567 1624 1712 1930 2036 2065 2208 2284 2330 2427 2530 2546 2588 2697 2704 2803 2812 2912 2942 2969 3029 3148 3202 3254 3295 3350 3358 3400 3409 3522 3540 3616 3634 3694 3695 3737 3771 3823 3984 4094 4477 4578 4632 4686 4698 4792 4794 4835 4853 4941 4954 4967 4975 4977
197	12	1	2	20 54 123 126 203 281 319 324 361 409 581 686 701 731 754 810 822 834 839 860 863 869 1093 1200 1216 1313 1314 1337 1351 1408 1845 1850 1890 1914 2061 2085 2096 2098 2148 2159 2214 2288 2360 2394 2444 2527 2538 2575 2707 2741 2810 2883 2924 3136 3149 3269 3312 3320 3359 3477 3517 3692 3720 3743 3747 3795 3864 3926 4027 4049 4085 4111 4160 4184 4197 4216 4280 4328 4357 4387 4409 4420 4513 4562 4563 4591 4643 4740 4876
25	26	15	2	4 47 88 120 143 205 233 243 247 332 401 415 441 472 610 628 670 735 982 993 1079 1104 1106 1115 1160 1241 1341 1411 1514 1609 1774 1788 1903 1909 2046 2064 2083 2153 2212 2286 2363 2376 2410 2460 2716 2734 2759 2902 2910 2925 2935 3054 3081 3152 3253 3275 3309 3325 3326 3343 3348 3366 3370 3437 3595 3686 3765 3942 4013 4024 4188 4253 4298 4318 4329 4362 4399 4464 4465 4517 4609 4658 4907 4937 4955
133	35	20	2	95 169 175 178 191 228 326 357 364 430 536 562 582 603 674 788 854 918 927 960 1032 1141 1171 1186 1223 1224 1275 1350 1377 1451 1483 1583 1671 1695 1719 1801 2042 2052 2057 2101 2115 2230 2272 2291 2375 2542 2572 2586 2677 2692 2725 2863 2899 3038 3086 3100 3103 3109 3134 3224 3308 3335 3502 3599 3633 3667 3721 3819 3879 3912 3959 3975 4078 4148 4246 4281 4290 4305 4389 4431 4436 4449 4546 4773 4848 4905 4914 4970 4980
175	39	93	2	5 52 73 344 394 653 733 851 891 893 957 1072 1138 1155 1208 1336 1422 1450 1518 1564 1592 1608 1644 1687 1812 1827 1860 1964 1972 1993 2013 2027 2078 2094 2137 2218 2311 2418 2443 2481 2526 2584 2744 2786 2828 2873 3020 3024 3166 3195 3230 3267 3278 3293 3316 3469 3490 3491 3499 3541 3632 3873 3888 3973 3977 4017 4088 4091 4189 4208 4241 4382 4645 4709 4738 4809 4899
92	40	49	2	19 48 92 256 305 539 594 658 671 694 717 730 769 846 874 926 958 1042 1139 1172 1240 1386 1399 1426 1481 1633 1682 1689 1797 1853 1889 1940 1967 1974 2079 2154 2383 2493 2521 2557 2608 2651 2684 2742 2791 2957 2967 3019 3053 3066 3067 3084 3133 3190 3283 3302 3307 3441 3682 3798 3812 3815 3905 3987 4114 4143 4147 4158 4230 4289 4384 4402 4422 4525 4558 4680 4693 4834 4841 4857 4862 4880
27	18	50	2	39 56 188 202 356 412 436 521 558 804 847 872 969 986 1005 1035 1121 1218 1237 1280 1286 1438 1478 1504 1538 1573 1606 1615 1829 1953 1963 2068 2167 2236 2368 2380 2406 2409 2426 2430 2480 2579 2667 2723 2886 2911 2919 3031 3043 3157 3215 3232 3298 3329 3394 3412 3660 3719 3726 3732 3769 3786 3807 3934 3957 4011 4080 4129 4136 4192 4202 4277 4320 4340 4401 4478 4487 4554 4614 4640 4651 4758 4837 4858 4909 4930
67	3	4	2	124 198 252 284 298 338 518 614 615 618 624 646 655 724 809 831 838 883 1036 1103 1176 1215 1304 1335 1396 1508 1634 1675 1843 2033 2067 2073 2216 2354 2401 2458 2517 2576 2620 2659 2668 2711 2756 2776 2794 2825 2892 2916 2921 2931 2985 2994 3014 3030 3234 3285 3462 3587 3608 3729 3841 3884 3896 3958 4070 4219 4294 4355 4410 4463 4522 4556 4611 4652 4694 4763 4799 4810 4997
121	14	84	2	6 55 148 196 201 321 327 329 376 389 407 446 452 568 572 703 764 773 849 853 888 1092 1119 1245 1279 1282 1300 1338 1379 1444 1452 1502 1685 1733 1750 1793 1834 1921 1976 2141 2158 2161 2234 2252 2316 2370 2476 2506 2652 2658 2669 2737 2752 2877 2913 2962 2997 3154 3197 3270 3287 3375 3398 3464 3471 3532 3563 3584 3601 3668 3685 3749 3753 3759 3785 3832 3875 3937 4038 4044 4089 4108 4301 4343 4370 4379 4406 4441 4451 4475 4480 4567 4702 4749 4817 4856 4877 4952 5000
125	29	60	2	43 113 268 296 343 448 502 507 533 622 635 668 836 904 967 987 992 1009 1024 1073 1191 1210 1221 1228 1232 1287 1303 1331 1360 1425 1621 1669 1711 1807 1870 1893 1910 1916 1925 2009 2050 2121 2263 2492 2561 2565 2597 2662 2757 2901 3052 3141 3179 3212 3251 3318 3410 3439 3461 3551 3711 3728 3734 3762 3793 3899 3924 3929 3930 3990 4050 4099 4134 4178 4206 4213 4225 4300 4304 4333 4393 4550 4580 4600 4660 4762
41	1	69	2	1 37 50 51 81 101 135 271 283 295 323 425 426 478 570 580 813 938 942 1175 1306 1307 1405 1506 1554 1693 1763 1771 1884 1885 1978 2005 2134 2152 2274 2310 2326 2390 2466 2489 2534 2691 2945 3113 3155 3209 3473 3480 3553 3629 3654 3681 3752 3827 3852 3887 3913 3947 4014 4042 4175 4194 4257 4308 4335 4450 4469 4532 4551 4617 4992
46	13	58	2	82 160 165 265 266 427 447 551 561 684 760 799 856 886 915 973 978 990 1019 1089 1110 1116 1190 1285 1378 1392 1462 1494 1525 1566 1575 1641 1646 1832 1863 1922 1959 1985 1991 2010 2049 2051 2095 2219 2232 2258 2276 2336 2377 2488 2537 2599 2631 2793 2804 2885 3022 3147 3300 3340 3576 3609 3624 3662 3897 3938 3979 4002 4054 4079 4086 4096 4146 4159 4288 4448 4461 4604 4656 4811 4891 4895 4987
91	7	27	2	41 58 111 383 393 413 442 470 526 626 691 757 761 873 889 963 977 1112 1259 1271 1288 1311 1328 1539 1547 1629 1638 1645 1708 1717 1796 1811 1839 1971 2018 2048 2166 2253 2277 2324 2475 2510 2798 2813 2866 2872 2944 3064 3171 3218 3225 3374 3550 3582 3637 3657 3816 3867 3923 3951 3965 4004 4131 4173 4200 4227 4244 4293 4324 4445 4474 4482 4504 4594 4672 4707 4805 4829 4929 4986 4988 4991
94	20	39	2	137 225 349 659 698 742 1014 1016 1053 1095 1140 1276 1290 1361 1370 1589 1619 1651 1668 1670 1896 1902 1911 1954 2003 2025 2043 2093 2122 2145 2184 2197 2333 2405 2415 2463 2501 2520 2524 2529 2595 2627 2665 2693 2714 2718 2729 2782 2784 2785 2814 2907 2987 3220 3276 3314 3403 3496 3511 3527 3565 3680 3801 3840 3898 3955 3988 4018 4048 4053 4105 4185 4263 4273 4315 4316 4375 4386 4413 4472 4541 4664 4720 4751 4753 4833 4859 4870
95	6	62	2	22 85 121 187 204 386 403 451 473 550 566 678 738 781 882 898 946 1059 1098 1167 1197 1308 1372 1409 1442 1597 1611 1643 1977 2000 2090 2105 2342 2402 2453 2644 2712 2728 2761 2779 2857 2914 2917 3005 3170 3185 3206 3262 3297 3346 3391 3484 3519 3526 3552 3560 3585 3652 3658 3663 3688 3745 3834 3907 3995 4033 4155 4190 4196 4233 4264 4276 4377 4383 4415 4421 4496 4536 4597 4677 4945 4956 4973
167	24	69	4	114 253 407 420 509 538 560 672 803 805 816 852 905 919 994 1007 1139 1150 1221 1293 1298 1422 1460 1566 1608 1621 1624 1632 1659 1708 1772 1795 1861 1970 1991 1994 2032 2120 2185 2191 2192 2201 2301 2322 2377 2453 2639 2749 2836 3029 3045 3050 3052 3086 3100 3205 3212 3425 3426 3429 3529 3530 3538 3656 3685 3828 3846 3872 3925 3964 3975 3984 4039 4086 4120 4327 4353 4355 4445 4474 4562 4569 4605 4687 4723 5000
59	34	33	2	116 139 180 300 311 316 374 391 438 483 540 596 637 722 858 868 928 979 1003 1034 1081 1142 1217 1250 1251 1258 1381 1427 1439 1635 1665 1680 1686 1847 1983 2117 2164 2344 2357 2365 2379 2386 2417 2474 2598 2615 2672 2703 2797 2827 2830 2843 2867 2959 3001 3132 3160 3174 3338 3341 3483 3554 3623 3787 3822 3839 3849 3868 3945 3956 3974 4127 4133 4217 4286 4491 4508 4526 4587 4790 4814 4821 4951 4995
75	30	26	2	2 24 79 91 147 184 245 440 460 476 506 535 554 627 709 745 785 803 848 861 877 902 1082 1114 1174 1324 1388 1480 1522 1580 1593 1602 1630 1673 1723 1746 1761 1783 1806 1876 1908 1943 2187 2248 2301 2437 2447 2450 2590 2625 2646 2708 2760 2835 2955 3006 3041 3105 3125 3292 3339 3371 3382 3457 3481 3593 3631 3673 3761 3846 4065 4149 4220 4287 4317 4403 4459 4510 4573 4579 4642 4757 4765 4781 4934 4965
126	31	54	2	9 132 166 224 291 302 310 454 495 737 786 787 817 952 1084 1099 1189 1332 1415 1435 1436 1447 1477 1546 1625 1628 1828 1844 1861 2071 2157 2179 2329 2414 2454 2500 2648 2792 2806 2879 2882 2938 2946 2952 3013 3037 3056 3093 3110 3162 3186 3256 3258 3304 3330 3385 3413 3586 3699 3707 3825 3844 3885 3950 3960 3982 4045 4059 4426 4485 4506 4520 4568 4571 4718 4745 4750 4808 4896 4968
30	4	39	4	49 100 130 288 351 360 493 614 626 655 833 865 871 881 1021 1037 1038 1075 1172 1200 1225 1231 1321 1410 1505 1672 1775 1872 1894 1907 1918 2002 2023 2071 2165 2216 2465 2502 2509 2549 2687 2878 2926 3155 3164 3255 3269 3271 3293 3354 3464 3545 3664 3733 3747 3782 3818 3821 3855 3868 3886 3890 4164 4255 4285 4303 4325 4367 4383 4494 4733 4752 4753 4802 4859 4960
162	2	97	2	17 64 102 151 226 277 318 399 408 492 565 569 588 611 740 748 805 811 829 943 956 1080 1170 1267 1305 1428 1496 1691 1760 1864 1874 1996 1997 2023 2103 2156 2203 2250 2281 2282 2283 2303 2320 2364 2511 2630 2682 2769 2802 2848 2900 2937 2954 2986 3108 3126 3216 3393 3401 3515 3640 3646 3702 3792 3908 4152 4166 4274 4351 4365 4440 4588 4661 4663 4700 4715 4822 4844 4889 4948
174	27	71	2	14 103 145 155 161 194 372 416 417 639 663 714 727 765 802 959 965 1002 1143 1243 1297 1310 1384 1421 1465 1490 1610 1714 1794 1815 1846 1855 1858 2030 2056 2059 2063 2084 2102 2113 2173 2174 2186 2209 2247 2260 2287 2300 2356 2395 2449 2699 3012 3099 3238 3272 3336 3378 3449 3579 3596 3731 3758 3783 3917 3978 4041 4056 4265 4306 4398 4425 4442 4455 4644 4742 4813 4868 4961
186	5	31	2	129 215 276 299 381 384 455 532 567 598 619 675 680 1004 1008 1010 1040 1239 1289 1298 1358 1454 1467 1486 1555 1652 1749 1766 1798 1804 1987 2040 2175 2196 2285 2295 2358 2385 2445 2468 2593 2607 2616 2650 2775 2838 2926 2930 3063 3068 3241 3281 3282 3351 3353 3454 3486 3494 3537 3597 3643 3645 3730 3768 3830 3918 4104 4119 4126 4489 4623 4666 4754 4769 4925 4936 4946 4957 4989
6	11	92	2	141 177 354 428 429 544 574 634 661 876 997 1025 1037 1043 1047 1148 1153 1473 1730 1745 1809 1823 1866 1962 1966 2100 2133 2172 2182 2211 2267 2268 2340 2413 2452 2587 2680 2687 2696 2821 2854 2915 2981 2988 2996 3114 3184 3223 3237 3268 3291 3361 3405 3431 3742 3789 3814 3993 4022 4031 4092 4107 4122 4176 4179 4366 4395 4486 4561 4601 4668 4674 4688 4724 4744 4838 4881 4915
76	21	36	2	28 65 200 307 328 538 571 669 718 821 824 922 948 1060 1107 1194 1255 1281 1357 1472 1509 1517 1553 1604 1623 1729 1802 1810 1821 1904 1906 1952 2021 2047 2053 2131 2205 2206 2264 2298 2387 2400 2774 2778 2805 2903 3071 3129 3167 3286 3303 3569 3615 3628 3659 3733 3776 3780 3932 3996 4028 4109 4125 4211 4234 4248 4313 4330 4342 4378 4385 4476 4519 4521 4596 4653 4713 4723 4767 4843 4865 4984
192	25	88	2	57 60 106 158 174 306 491 557 560 591 712 766 862 929 999 1007 1021 1088 1127 1134 1145 1152 1177 1272 1390 1528 1595 1599 1780 1789 1883 1936 1998 2089 2193 2222 2257 2381 2392 2408 2436 2482 2550 2554 2562 2609 2614 2702 2715 2790 2858 2895 2948 2951 2960 2983 3010 3021 3025 3094 3146 3176 3425 3446 3508 3523 3647 3648 3653 3764 3766 3778 3892 3910 3940 3967 4150 4207 4212 4511 4512 4569 4689 4795 4820 4825 4904
29	19	28	2	74 105 163 199 207 368 457 636 697 741 857 865 905 910 941 945 947 949 1015 1105 1133 1179 1266 1283 1296 1302 1363 1458 1527 1720 1786 1942 2039 2198 2302 2315 2327 2338 2362 2398 2416 2422 2495 2523 2740 2754 2811 2906 2922 3034 3069 3074 3075 3087 3191 3192 3221 3240 3333 3426 3504 3530 3736 3738 3833 3863 3870 3871 3893 3966 3991 3994 4163 4245 4275 4434 4443 4468 4518 4710 4722 4846 4860 4942
131	22	76	2	25 140 164 179 258 262 309 339 445 487 513 534 609 640 744 801 961 1041 1058 1065 1096 1135 1219 1277 1463 1591 1601 1701 1705 1859 1970 1986 2041 2075 2201 2220 2224 2446 2568 2618 2678 2735 2853 2949 3072 3096 3112 3120 3122 3158 3277 3368 3388 3418 3465 3470 3562 3665 3704 3705 3808 3971 3998 4015 4237 4238 4243 4255 4299 4368 4396 4408 4627 4635 4728 4768 4803 4894
143	8	99	2	83 186 406 498 578 638 687 798 894 923 934 1012 1162 1163 1209 1291 1309 1312 1382 1394 1461 1507 1524 1532 1640 1709 1768 1833 1923 1934 1946 2006 2132 2331 2346 2486 2491 2508 2509 2512 2621 2645 2674 2719 2990 2998 2999 3000 3092 3143 3228 3344 3352 3529 3712 3800 3803 3859 3943 4023 4039 4063 4066 4191 4226 4251 4272 4584 4620 4687 4711 4747 4783 4791 4872 4878 4944
148	38	40	2	86 149 246 251 359 362 510 584 585 617 721 770 784 972 1028 1366 1387 1395 1430 1537 1568 1614 1734 1737 1742 1751 1770 1838 1862 1867 1877 1955 2066 2241 2425 2459 2498 2548 2628 2661 2666 2681 2764 2799 2875 2958 3089 3104 3137 3175 3248 3324 3380 3448 3509 3679 3718 3922 3961 3986 4021 4116 4187 4268 4336 4339 4392 4417 4439 4595 4646 4671 4786 4788 4850 4921 4982
177	15	78	2	109 172 267 285 308 358 398 414 435 481 545 616 644 855 976 983 1076 1165 1264 1294 1316 1354 1432 1445 1448 1456 1530 1559 1569 1574 1579 1584 1587 1647 1654 1677 1690 1718 1757 1869 1875 2011 2140 2251 2389 2411 2421 2428 2429 2571 2694 2766 2818 2836 2956 2964 3178 3235 3434 3488 3535 3829 3931 3997 4072 4101 4117 4157 4295 4360 4453 4572 4650 4746 4752 4780 4873
182	37	24	2	38 219 235 287 365 385 517 522 528 641 725 818 867 875 908 944 950 988 1026 1101 1293 1367 1414 1545 1548 1558 1666 1790 1805 1824 1882 1892 1899 2002 2125 2397 2507 2541 2664 2739 2890 3049 3051 3097 3101 3121 3188 3208 3222 3265 3327 3342 3373 3396 3397 3414 3427 3525 3591 3672 3724 3794 3820 3842 3869 4052 4172 4232 4252 4303 4323 4363 4374 4458 4502 4560 4779 4787 4852 4874 4893
49	12	54	4	18 77 155 160 272 352 376 443 465 487 565 594 607 666 678 807 812 983 1088 1149 1255 1387 1492 1636 1647 1663 1673 1762 1766 1771 1815 1848 1888 1920 1973 2117 2226 2344 2433 2841 2844 2898 3026 3041 3042 3080 3144 3160 3193 3194 3198 3236 3362 3374 3543 3559 3590 3704 3786 3796 3871 3909 3968 4110 4159 4263 4307 4438 4510 4516 4548 4583 4775 4839 4963
56	26	50	4	24 102 228 235 293 355 466 507 645 728 845 964 965 974 1003 1083 1256 1390 1391 1504 1590 1698 1765 1770 1824 1852 1862 1866 1868 1883 1885 1891 1956 1967 2021 2030 2086 2113 2384 2445 2460 2539 2642 2650 2944 2945 2986 3036 3278 3436 3462 3483 3488 3493 3575 3667 3697 3721 3737 3819 3913 3986 4009 4248 4425 4550 4589 4633 4739 4821 4893 4915 4919 4941 4996
97	23	19	2	31 68 90 127 157 220 242 320 373 459 546 573 664 682 843 913 914 919 1374 1398 1416 1446 1488 1570 1656 1678 1895 1901 1957 2080 2110 2150 2190 2200 2225 2391 2490 2559 2604 2606 2633 2755 2852 2862 2908 3060 3408 3440 3459 3485 3589 3619 3642 3708 3717 3782 3831 3854 4221 4430 4785 4849 4866
178	35	24	4	69 93 218 238 241 378 381 404 436 503 514 893 1017 1108 1144 1148 1219 1262 1331 1393 1569 1579 1601 1630 1640 1726 1825 1901 1917 2141 2144 2157 2321 2341 2342 2385 2407 2481 2661 2712 2727 2757 2768 2808 2869 2895 2940 2979 3014 3018 3032 3111 3161 3174 3196 3217 3301 3369 3454 3509 3513 3659 3677 3767 3803 3839 3884 3891 3923 3989 3990 4084 4203 4316 4341 4476 4539 4582 4681 4744 4855 4891 4913 4950
14	28	17	2	87 136 154 210 274 342 405 464 505 542 631 688 751 826 840 917 953 964 1033 1147 1230 1233 1376 1455 1493 1495 1565 1650 1724 1740 1818 1912 1960 1989 2028 2087 2221 2245 2502 2514 2556 2574 2643 2653 2655 2788 2880 2943 2984 3011 3151 3252 3257 3317 3332 3357 3364 3445 3451 3453 3506 3561 3564 3598 3666 3693 3723 3915 3999 4035 4115 4130 4334 4341 4388 4531 4621 4708 4919
47	17	43	2	70 182 293 353 363 379 418 462 549 563 620 632 679 734 780 1086 1125 1205 1242 1247 1373 1503 1582 1704 1817 1848 2294 2313 2348 2484 2531 2533 2640 2713 2721 2762 2777 2819 2865 2953 2973 2995 3070 3128 3145 3163 3196 3266 3284 3354 3372 3376 3424 3463 3571 3575 3618 3644 3992 4016 4164 4205 4279 4321 4570 4592 4608 4637 4823 4863
79	39	84	4	5 146 231 244 346 534 587 609 658 664 947 968 973 1024 1061 1099 1117 1173 1215 1234 1372 1431 1641 1664 1798 1980 1981 1986 2054 2057 2076 2146 2148 2208 2273 2286 2297 2403 2498 2500 2503 2508 2572 2592 2636 2641 2652 2696 2720 2814 3060 3101 3165 3179 3334 3466 3571 3589 3658 3688 3740 3790 3827 3878 3882 3951 3998 4040 4152 4168 4179 4214 4361 4410 4442 4507 4533 4554 4587 4614 4838 4962 4973
105	9	23	2	32 36 44 190 212 213 351 420 469 486 516 527 531 543 564 651 662 759 762 791 884 936 966 1083 1146 1154 1159 1192 1433 1487 1492 1510 1512 1618 1661 1692 1700 1799 1894 1928 1995 2022 2082 2129 2271 2296 2619 2732 2833 2847 2871 2887 3036 3199 3213 3301 3356 3369 3384 3479 3500 3510 3542 3573 3607 3650 3716 3797 3805 3811 3821 3865 3876 4005 4025 4204 4332 4590 4727 4804
83	10	25	2	63 97 234 317 390 400 434 480 602 700 707 728 767 870 916 1017 1020 1048 1085 1132 1226 1257 1362 1440 1479 1616 1683 1713 1803 1965 2038 2054 2188 2194 2254 2259 2289 2293 2442 2479 2499 2660 2685 2780 2834 2896 2939 2992 3065 3165 3315 3334 3367 3423 3572 3796 3826 3843 3919 4082 4087 4199 4218 4235 4354 4553 4599 4676 4732 4828
87	16	3	2	84 152 197 278 331 350 387 397 443 599 650 711 729 790 1018 1068 1168 1253 1269 1346 1355 1402 1541 1590 1662 1696 1722 1831 1924 2034 2044 2072 2143 2183 2227 2347 2366 2396 2516 2519 2611 2642 2705 2870 2898 2978 3017 3028 3033 3044 3062 3153 3299 3415 3432 3447 3452 3455 3664 3775 3791 3806 3851 3866 4001 4010 4061 4110 4128 4142 4195 4350 4397 4493 4622 4629 4647 4797 4897 4935
140	40	43	4	27 42 103 289 302 385 397 419 500 501 516 730 763 832 896 899 934 1015 1245 1259 1296 1309 1324 1332 1395 1455 1556 1560 1674 1677 1732 1797 1800 1849 1850 1881 1976 2127 2210 2229 2289 2310 2340 2429 2605 2851 2862 2893 2903 2969 3010 3068 3091 3131 3276 3328 3447 3481 3608 3621 3646 3682 3713 3729 3841 3870 3911 4015 4019 4043 4112 4170 4294 4324 4352 4417 4439 4655 4808 4854 4906 4924
164	36	95	2	40 122 168 176 181 336 471 514 629 676 924 984 1038 1124 1137 1212 1347 1365 1469 1516 1578 1612 1820 2147 2185 2189 2235 2307 2323 2352 2355 2361 2404 2441 2494 2528 2564 2566 2577 2581 2622 2637 2748 2789 2826 2856 2928 2936 3039 3130 3229 3231 3442 3513 3641 3696 3755 3860 3874 3933 3981 4040 4154 4310 4557 4576 4625 4633 4681 4691 4730 4802 4826 4883 4931
165	18	25	4	139 144 207 290 359 408 539 573 632 638 746 818 827 892 978 1112 1126 1155 1223 1352 1368 1380 1444 1481 1520 1537 1561 1667 1703 1758 1802 1878 1937 1949 2004 2018 2085 2186 2265 2270 2279 2345 2461 2511 2782 2838 2916 2941 2966 3015 3187 3268 3280 3372 3378 3674 3712 3804 3826 3851 3869 3873 3901 3928 3965 4060 4471 4585 4643 4678 4701 4805 4836 4877 4900 4911 4926
180	32	83	2	42 49 89 422 504 649 685 772 866 974 998 1118 1149 1235 1252 1261 1278 1295 1344 1404 1410 1501 1533 1721 1781 1857 1873 1879 1887 2119 2139 2207 2279 2532 2560 2591 2592 2639 2768 2809 2842 2874 2968 2993 3002 3023 3131 3164 3261 3319 3355 3390 3435 3512 3524 3538 3543 3548 3568 3651 3656 3810 3836 3976 4012 4073 4156 4242 4404 4412 4418 4542 4639
7	33	13	2	27 117 261 269 304 524 606 625 648 656 763 1164 1178 1220 1270 1284 1352 1356 1413 1475 1531 1540 1561 1626 1653 1710 1735 1736 1800 1816 1842 1865 2062 2092 2168 2171 2231 2270 2312 2457 2656 2679 2763 3144 3217 3227 3260 3294 3419 3428 3429 3497 3547 3580 3661 3675 3676 3713 3751 3850 3920 3983 4003 4081 4210 4345 4369 4390 4432 4457 4673 4760 4774
31	3	89	4	159 168 278 286 294 299 303 456 494 675 680 710 715 736 752 785 804 810 920 987 1100 1182 1303 1347 1354 1530 1756 1782 1903 2026 2034 2040 2064 2130 2136 2138 2252 2299 2458 2478 2487 2555 2726 2738 2770 2803 2815 2828 2855 2978 2987 3172 3210 3226 3364 3555 3639 3657 3670 3680 3769 3936 3966 4031 4102 4188 4239 4246 4298 4310 4370 4414 4464 4546 4568 4721 4725 4747 4768 4918
40	14	20	4	9 10 135 165 224 239 250 322 349 563 673 684 691 723 770 835 988 1102 1127 1179 1254 1314 1359 1467 1534 1547 1563 1571 1588 1607 1715 1982 2000 2015 2061 2112 2231 2277 2348 2371 2386 2410 2494 2540 2553 2567 2646 2762 2765 2790 2857 3016 3065 3132 3230 3318 3324 3470 3501 3585 3587 3720 3802 3971 4042 4055 4106 4156 4235 4297 4335 4380 4503 4515 4519 4594 4622 4649 4734 4736 4770 4807
48	29	63	4	20 110 323 329 428 518 656 663 698 768 793 908 1063 1084 1161 1189 1269 1330 1483 1545 1551 1592 1594 1927 2107 2183 2227 2283 2300 2436 2451 2471 2510 2723 2736 2877 2904 2909 3125 3142 3147 3186 3225 3245 3534 3695 3787 3840 3898 4026 4075 4100 4136 4150 4190 4247 4282 4347 4357 4461 4509 4536 4540 4648 4716 4735 4895 4977 4993
70	1	77	4	67 377 379 505 530 583 787 801 970 1022 1049 1050 1252 1297 1325 1340 1402 1470 1489 1491 1552 1580 1686 1747 1909 1925 1958 1997 2005 2016 2070 2091 2246 2307 2349 2462 2495 2513 2634 2761 2776 2907 2915 2933 3067 3089 3233 3326 3452 3496 3521 3661 3666 3736 3755 3809 3907 3934 3956 4023 4025 4069 4132 4210 4271 4320 4358 4431 4448 4457 4528 4639 4669 4708 4764 4779 4806 4874 4905 4923 4957 4989
142	13	32	4	12 59 222 310 364 371 382 386 575 682 732 794 969 1292 1307 1348 1383 1385 1495 1497 1531 1558 1693 1830 1897 1915 2134 2203 2207 2269 2295 2412 2422 2589 2613 2670 2695 2719 2942 2957 2977 3019 3051 3178 3183 3202 3261 3265 3350 3458 3523 3610 3784 3801 3856 3889 3916 3926 3954 3961 4059 4064 4167 4197 4209 4250 4258 4260 4372 4394 4429 4452 4625 4632 4690 4776 4794 4796 4861 4961
161	7	60	4	6 32 145 201 213 232 275 282 627 648 652 667 749 959 1008 1059 1077 1197 1198 1427 1494 1646 1688 1690 1855 1857 1896 2037 2114 2189 2204 2234 2235 2350 2519 2568 2573 2574 2657 2698 2741 2758 2831 2901 2961 3047 3116 3275 3339 3461 3492 3592 3614 3709 3739 3885 3931 3932 3963 3969 3993 4137 4329 4345 4385 4443 4581 4657 4714 4864 4867 4884 4936 4992
172	20	96	4	58 119 151 262 317 318 327 345 411 468 470 615 689 782 944 946 950 995 1159 1261 1289 1291 1381 1511 1532 1625 1633 1707 1882 1914 1950 2006 2050 2059 2082 2163 2294 2347 2404 2440 2475 2649 2747 2807 2885 3289 3413 3428 3453 3467 3495 3498 3504 3600 3644 3710 3723 3760 3824 3832 3833 3893 3896 3945 3957 4035 4070 4079 4108 4269 4447 4481 4527 4535 4561 4665 4698 4726 4813 4818 4819 4907
179	6	3	4	57 66 162 225 249 297 330 464 533 545 617 644 701 814 817 820 830 842 1134 1237 1239 1257 1403 1406 1423 1433 1443 1517 1671 1720 1741 1877 1893 1912 1992 2104 2149 2397 2413 2490 2492 2581 2584 2718 2840 2845 2876 2912 2955 3025 3102 3170 3224 3244 3267 3285 3347 3349 3400 3417 3510 3564 3601 3771 3777 3791 3814 4187 4256 4317 4396 4427 4558 4559 4686 4703 4705 4830
18	34	29	4	50 219 258 308 326 431 486 630 702 725 984 1039 1046 1078 1106 1123 1188 1191 1202 1208 1543 1562 1900 2066 2078 2164 2267 2336 2365 2376 2389 2434 2771 3069 3085 3088 3247 3337 3355 3423 3443 3524 3567 3613 3623 3627 3850 3865 3879 3880 3897 3905 3914 4087 4093 4128 4183 4305 4308 4321 4339 4340 4364 4392 4435 4465 4584 4586 4612 4670 4671 4673 4697 4769 4899 4934 4956
53	24	96	6	130 172 246 377 418 548 581 631 666 712 850 866 915 979 1011 1045 1059 1194 1224 1234 1249 1271 1489 1500 1519 1656 1776 1905 2167 2274 2339 2347 2409 2451 2458 2500 2603 2617 2623 2653 2682 2701 2737 2740 2771 2781 2799 2829 2840 2911 2937 2974 2992 3111 3265 3295 3342 3468 3489 3838 3917 3953 4020 4076 4081 4086 4102 4105 4203 4235 4284 4337 4348 4411 4504 4667 4672 4678 4724 4819 4940 4968
66	30	91	4	25 87 99 153 191 398 401 423 445 526 589 724 726 764 849 854 857 867 872 880 1032 1105 1138 1213 1214 1294 1308 1315 1361 1456 1493 1898 1902 2046 2103 2118 2170 2221 2233 2369 2760 2767 3007 3249 3333 3342 3406 3479 3549 3596 3616 3715 3718 3765 3848 3887 3894 4072 4091 4101 4221 4225 4281 4371 4422 4463 4532 4557 4578 4692 4724 4740 4935
137	31	38	4	19 296 335 520 536 556 581 719 743 774 826 841 882 940 998 1016 1030 1142 1147 1196 1205 1222 1242 1274 1280 1335 1446 1500 1506 1589 1599 1622 1652 1843 1858 1911 2008 2019 2135 2159 2280 2304 2308 2312 2383 2448 2452 2467 2528 2538 2542 2627 2785 2795 2913 2936 3139 3414 3505 3554 3570 3591 3619 3643 3671 3734 3750 3939 3941 4034 4201 4309 4514 4573 4693 4720 4777 4881 4892 4942 4984
156	2	67	4	4 7 68 70 78 112 122 123 142 236 300 320 334 392 415 458 484 502 780 897 932 938 949 985 1025 1076 1367 1475 1613 1639 1684 1819 1846 1865 1963 1968 2045 2200 2324 2372 2373 2380 2583 2673 2707 2774 2829 2920 2922 2967 3000 3011 3071 3134 3168 3200 3211 3284 3540 3604 3776 4119 4140 4180 4207 4266 4319 4350 4363 4489 4537 4565 4599 4604 4607 4664 4722 4727 4765 4841 4875
43	27	26	4	29 30 75 128 190 295 368 406 566 610 662 886 1052 1192 1220 1342 1394 1436 1477 1526 1573 1575 1581 1768 1779 1821 1906 1953 2003 2031 2129 2133 2178 2179 2242 2243 2259 2284 2361 2522 2937 3048 3140 3188 3365 3379 3382 3401 3576 3636 3696 3727 3944 3948 3999 4030 4050 4196 4302 4311 4374 4378 4432 4467 4567 4619 4621 4623 4641 4706 4797 4824 4831 4880 4882 4917
50	5	86	4	11 53 91 115 118 154 164 216 370 433 467 592 646 681 700 756 864 957 1064 1169 1170 1281 1310 1445 1450 1512 1585 1724 1738 1750 1773 1796 1863 1948 1965 2001 2058 2073 2176 2319 2355 2534 2600 2609 2611 2780 2793 2949 2963 2965 2981 3058 3087 3103 3128 3156 3421 3531 3568 3586 3649 4083 4158 4191 4456 4593 4616 4685 4837 4937
68	11	51	4	8 108 196 266 301 304 418 441 452 492 562 593 636 686 693 748 906 943 972 1097 1103 1187 1218 1284 1363 1425 1454 1655 1687 1757 2306 2359 2388 2442 2504 2518 2563 2598 2635 2638 2919 2939 2985 3078 3090 3240 3309 3367 3391 3407 3432 3539 3541 3609 3645 3684 3779 3988 3997 4016 4051 4057 4077 4151 4202 4212 4229 4293 4322 4575 4588 4659 4682 4801
111	21	16	4	89 215 319 321 331 339 426 535 540 718 831 911 933 1096 1181 1264 1300 1316 1333 1377 1462 1485 1570 1611 1742 1869 1933 1951 2012 2028 2075 2080 2094 2115 2142 2166 2255 2438 2601 2663 2801 2839 2932 2964 2993 3006 3030 3057 3348 3460 3663 3763 3788 3792 3922 3985 3994 4046 4118 4133 4204 4360 4407 4466 4487 4499 4626 4694 4783 4815 4851 4879 4933 4964 4978 4986
124	25	94	4	33 82 174 221 227 279 460 504 642 665 776 795 877 891 979 1023 1027 1028 1089 1151 1260 1295 1389 1434 1438 1449 1649 1749 1759 1913 1931 1971 2111 2167 2175 2181 2353 2398 2499 2520 2633 2675 2678 2728 2773 2794 2817 2923 3038 3207 3234 3260 3322 3433 3489 3518 3528 3557 3566 3606 3618 3708 3743 3781 3847 3979 4073 4252 4279 4312 4344 4501 4591 4675 4704 4758 4825 4888 4890 4922 4980
146	19	75	4	83 121 125 242 260 361 434 463 707 737 808 823 862 1072 1166 1204 1271 1523 1604 1651 1695 1701 1864 2092 2101 2180 2276 2305 2325 2351 2390 2431 2667 2674 2680 2703 2733 2737 2763 2772 2777 3062 3104 3121 3138 3215 3263 3291 3442 3516 3563 3615 3732 3744 3768 3829 3831 3857 3881 3930 4021 4044 4071 4089 4139 4174 4259 4328 4444 4484 4611 4786 4789 4860
147	22	41	4	38 211 234 287 298 416 438 482 542 569 674 829 858 889 1047 1176 1247 1283 1299 1305 1349 1369 1398 1409 1429 1459 1487 1549 1615 1680 1746 1754 1786 1803 1809 1831 2063 2088 2298 2441 2477 2506 2532 2536 2575 2688 2716 2820 2822 2868 3040 3076 3130 3154 3204 3286 3327 3331 3410 3450 3753 3938 3949 4063 4124 4148 4161 4182 4240 4267 4405 4454 4480 4524 4531 4608 4712 4749 4823
159	8	53	4	2 21 85 150 210 357 380 529 741 788 917 960 992 1132 1137 1168 1183 1206 1230 1233 1345 1365 1371 1451 1623 1841 1844 1880 1944 1975 2121 2247 2248 2363 2497 2501 2521 2559 2582 2619 2724 2742 2743 2891 2917 2983 3105 3110 3127 3146 3157 3306 3456 3485 3562 3605 3642 3660 3735 3762 3992 4006 4109 4181 4241 4261 4292 4375 4387 4441 4572 4592 4624 4631 4707 4766 4827 4878 4910 4928
17	38	12	4	173 189 280 372 409 412 421 478 499 757 790 997 1131 1318 1419 1542 1614 1734 1932 1946 1999 2062 2072 2126 2169 2171 2237 2396 2416 2423 2443 2523 2537 2547 2550 2557 2591 2602 2644 2699 2835 2908 2935 2976 3098 3137 3272 3310 3386 3388 3422 3532 3547 3593 3625 3700 3817 3953 4165 4326 4337 4362 4482 4483 4485 4553 4662 4748 4869 4938 4949
36	15	45	4	36 55 138 172 256 325 450 474 527 606 654 796 813 866 873 875 894 956 961 975 1013 1029 1066 1071 1095 1244 1285 1341 1343 1605 1620 1696 1774 1776 1792 1820 1939 1989 1998 2027 2035 2316 2318 2329 2393 2424 2454 2653 2766 2819 2837 3120 3162 3290 3296 3395 3397 3412 3468 3472 3514 3707 3711 3862 4029 4098 4192 4231 4295 4318 4348 4541 4577 4620 4634 4679 4767 4843 4912 4940 4965
74	37	68	4	3 14 149 170 192 237 341 395 510 548 685 690 954 1056 1164 1286 1420 1527 1643 1721 1787 1835 1860 1870 1983 2212 2331 2374 2456 2515 2545 2552 2750 2755 2809 2826 2858 2881 2902 2975 2992 3059 3074 3077 3115 3315 3356 3381 3512 3620 3717 3837 3883 3940 4037 4121 4141 4145 4169 4275 4287 4391 4428 4603 4635 4826 4829 4842 4868 4885 4901
114	23	7	4	46 182 209 248 283 383 476 537 544 561 696 714 759 771 853 921 1040 1092 1115 1190 1386 1416 1430 1440 1565 1586 1603 1642 1681 1761 1833 1853 2123 2239 2367 2590 2722 2789 2982 3031 3055 3106 3109 3209 3256 3409 3536 3546 3588 3650 3706 3770 3795 3874 3895 3933 3947 3995 4012 4036 4062 4085 4113 4146 4227 4354 4419 4423 4566 4858 4990
122	28	98	4	35 71 129 169 347 384 396 424 472 496 532 554 597 616 633 651 657 745 800 937 1020 1036 1042 1165 1186 1326 1400 1417 1465 1519 1538 1591 1629 1631 1743 1867 1875 1961 2090 2194 2236 2264 2311 2578 2643 2656 2686 2706 2709 2744 2850 2970 2980 3028 3043 3143 3189 3222 3358 3368 3445 3451 3508 3533 3676 3678 3705 3730 3972 4104 4153 4157 4381 4384 4477 4645 4728
166	17	76	4	47 61 81 214 333 340 400 405 410 422 479 555 590 692 704 884 996 1011 1241 1277 1528 1602 1658 1666 1675 1676 1694 1719 1729 1871 1928 2044 2049 2244 2262 2275 2333 2483 2577 2595 2612 2662 2824 2832 2873 2880 2956 2971 2984 3024 3079 3123 3190 3239 3242 3292 3320 3321 3345 3346 3385 3402 3415 3503 3507 3548 3773 3812 3937 3946 3958 3962 3981 4379 4564 4676 4719 4730 4863 4966 4999
187	9	8	4	26 45 107 133 185 233 265 307 362 491 637 778 779 815 821 850 980 1156 1178 1290 1392 1535 1550 1650 1730 1739 1834 1847 1859 1929 1954 1988 2099 2156 2172 2198 2249 2437 2587 2596 2615 2629 2882 2924 3022 3107 3163 3213 3336 3630 3668 3694 3774 3899 3929 4014 4095 4163 4216 4286 4418 4472 4493 4521 4542 4543 4544 4563 4590 4628 4680 4741 4746 4772 4803 4809 4814 4930
3	10	87	4	62 104 163 186 281 511 525 716 721 735 900 1175 1207 1232 1272 1317 1407 1510 1536 1626 1627 1816 1817 1955 2014 2100 2278 2296 2399 2579 2637 2731 2854 2865 2870 2879 2884 2962 3112 3117 3136 3192 3197 3201 3250 3377 3448 3459 3484 3597 3673 3675 3785 3835 4000 4076 4094 4123 4228 4291 4296 4323 4409 4434 4459 4491 4517 4549 4598 4666 4784 4896 4920 4939 4944 4951 4983
5	4	98	6	26 34 40 42 139 202 231 263 324 604 605 622 645 647 653 696 701 720 820 916 1007 1236 1272 1283 1291 1392 1692 1696 1720 1760 1791 2039 2048 2098 2136 2140 2285 2429 2498 2558 2598 2604 2648 2687 2803 2820 2852 2875 3074 3199 3317 3520 3567 3577 3630 3698 3754 3772 3821 3860 3891 3902 3984 3995 4029 4030 4095 4110 4171 4289 4529 4564 4579 4653 4665 4754 4766 4871 4873 4876 4927 4972 4984
11	16	27	4	90 95 179 312 374 485 515 551 564 601 699 775 860 1005 1026 1031 1081 1184 1224 1452 1498 1616 1635 1763 1785 1794 2155 2193 2343 2375 2419 2491 2530 2597 2702 2823 2842 2863 2894 3046 3053 3056 3095 3133 3253 3311 3317 3370 3418 3440 3444 3446 3584 3655 3690 3693 3918 3996 4001 4065 4193 4219 4388 4398 4426 4488 4520 4654 4683 4688 4709 4785
13	36	28	4	23 80 252 291 475 703 777 798 945 1006 1062 1098 1128 1311 1346 1350 1357 1397 1453 1474 1525 1564 1610 1735 1737 1777 1789 1812 2067 2084 2108 2188 2218 2346 2382 2401 2427 2459 2516 2586 2603 2606 2608 2690 2756 2849 2918 2925 2972 2996 3073 3075 3185 3220 3303 3340 3411 3473 3476 3525 3686 3748 3861 4002 4022 4082 4143 4162 4389 4408 4416 4470 4571 4684 4743 4816 4866 4909 4929 4947
61	32	1	4	15 255 314 338 541 622 643 677 708 747 837 935 1136 1162 1329 1351 1461 1546 1665 1748 1784 1788 1791 1805 1836 1921 1926 1978 2029 2056 2173 2257 2379 2394 2402 2418 2585 2632 2792 2861 2883 2960 2974 3027 3262 3441 3480 3578 3634 3808 3900 3904 3921 3943 4058 4068 4160 4171 4211 4264 4284 4338 4402 4404 4458 4606 4715 4761 4908 4972 4991
102	33	30	4	1 96 230 259 274 497 580 598 727 739 740 753 760 825 1018 1074 1101 1124 1251 1253 1319 1353 1401 1478 1576 1578 1699 1851 1943 2020 2109 2116 2224 2335 2362 2368 2435 2472 2558 2647 2648 2654 2717 2730 2784 2825 2889 3034 3118 3167 3176 3182 3191 3251 3438 3474 3654 3859 3864 4052 4200 4249 4346 4613 4630 4672 4729 4800 4897 4959
107	12	4	6	133 147 213 326 341 411 414 438 584 659 682 786 845 908 943 951 970 973 989 1095 1248 1292 1375 1379 1382 1466 1488 1544 1548 1591 1729 1872 1949 1988 2017 2161 2213 2329 2355 2420 2632 2732 2749 2778 2804 2805 2810 2816 2837 3079 3136 3228 3294 3397 3483 3609 3672 3697 3940 4006 4036 4038 4103 4145 4158 4338 4347 4524 4628 4631 4657 4664 4718 4719 4845 4898 4945
141	26	29	6	65 150 289 303 346 392 494 595 626 633 672 713 731 750 918 1019 1054 1106 1144 1162 1309 1321 1342 1352 1415 1463 1505 1566 1803 1831 1840 1908 1932 1954 1968 2134 2142 2154 2318 2426 2448 2471 2602 2729 2758 2902 2940 2948 2961 2995 3032 3127 3169 3254 3348 3522 3563 3640 3757 3777 3909 3913 3936 4011 4033 4302 4566 4649 4773 4784 4802 4822 4841 4957 4996
154	35	22	6	83 86 288 295 419 473 482 495 527 536 556 673 738 804 829 921 991 1135 1251 1320 1353 1366 1472 1525 1535 1576 1594 1610 1662 1721 1737 1851 1919 1938 1959 1978 2159 2228 2237 2370 2410 2436 2447 2463 2492 2524 2580 2695 2792 2886 2906 3121 3144 3216 3252 3366 3416 3424 3448 3491 3545 3576 3583 3631 3986 4028 4060 4064 4120 4134 4219 4234 4394 4405 4509 4547 4570 4673 4737 4809 4810 4852 4865
22	39	18	6	51 120 124 376 449 501 525 529 559 582 599 661 703 906 939 1039 1168 1172 1193 1197 1337 1437 1479 1542 1625 1751 1784 1789 1818 1823 1904 2092 2162 2403 2459 2461 2497 2517 2570 2651 2847 2851 2855 2896 2946 3049 3123 3142 3408 3473 3578 3746 3810 3883 3895 3901 3905 3946 3965 4000 4005 4232 4240 4258 4270 4307 4381 4537 4735 4777
81	40	61	6	131 176 260 287 354 388 404 454 531 579 763 795 859 892 1156 1230 1323 1340 1397 1401 1408 1439 1462 1514 1688 1741 1804 1824 1827 1878 2036 2041 2071 2150 2221 2250 2259 2281 2296 2412 2415 2416 2433 2440 2510 2660 2666 2671 2746 2975 3035 3109 3117 3162 3250 3297 3335 3450 3464 3561 3836 4071 4146 4151 4242 4367 4379 4454 4581 4589 4638 4656 4696 4788 4811
116	18	51	6	53 189 215 312 433 483 497 511 540 546 623 663 694 706 717 840 879 901 959 1131 1190 1192 1231 1302 1354 1373 1448 1504 1698 1838 1921 1925 2084 2174 2191 2275 2309 2525 2626 2714 2747 2772 2773 3021 3152 3219 3275 3305 3352 3368 3371 3478 3494 3536 3572 3691 3898 3967 4087 4106 4205 4327 4375 4384 4404 4531 4583 4756 4835 4857 4911 4947
119	3	5	6	85 158 190 221 244 249 328 361 415 446 475 489 619 766 772 797 896 1000 1153 1166 1186 1282 1357 1491 1536 1641 1679 1934 1962 2032 2091 2165 2169 2197 2230 2273 2338 2371 2434 2446 2487 2543 2560 2579 2645 2801 2989 3015 3148 3187 3209 3255 3266 3279 3343 3393 3410 3453 3454 3456 3619 3624 3764 3787 3803 3884 3982 4001 4041 4098 4138 4189 4297 4312 4469 4541 4786 4796 4886 4976
144	14	68	6	3 29 54 101 153 166 225 329 362 429 693 828 844 848 882 890 912 1046 1079 1084 1211 1263 1269 1467 1583 1678 1802 1807 2010 2096 2101 2319 2405 2414 2678 2739 2797 3095 3112 3119 3217 3260 3288 3330 3399 3403 3417 3463 3511 3549 3604 3614 3686 3741 3863 3888 3890 3949 4062 4070 4141 4142 4209 4226 4260 4291 4352 4623 4655 4669 4887 4921 4969 4971 4989
171	29	99	6	63 99 135 155 177 268 297 394 512 570 639 719 779 838 842 869 933 1049 1055 1065 1085 1109 1150 1317 1351 1355 1386 1404 1441 1445 1510 1513 1515 1554 1607 1667 1822 1855 1867 2076 2222 2267 2331 2349 2356 2365 2441 2464 2466 2546 2614 2619 2753 2919 2931 3026 3059 3150 3273 3276 3346 3362 3411 3517 3778 4112 4161 4169 4175 4213 4273 4346 4495 4544 4601 4658 4717 4758 4818 4908 4985
2	1	81	6	41 67 70 79 183 218 223 299 319 325 424 459 519 521 561 620 686 774 776 949 1183 1243 1267 1376 1412 1431 1470 1521 1617 1620 1684 1744 1809 1901 2022 2090 2145 2252 2368 2381 2439 2457 2470 2488 2504 2529 2692 2763 2770 2784 2800 3080 3081 3088 3122 3124 3257 3292 3319 3405 3514 3524 3527 3575 3687 3710 3857 3867 3906 4032 4093 4181 4272 4378 4468 4487 4561 4768 4801 4866 4877 4964
10	13	46	6	174 320 364 435 456 513 590 728 854 889 891 917 1015 1022 1094 1122 1128 1130 1285 1348 1417 1418 1434 1748 1821 1888 1930 1963 2014 2083 2102 2238 2269 2333 2435 2502 2544 2631 2685 2689 2707 2756 2888 2909 2947 3037 3231 3338 3396 3401 3497 3521 3530 3556 3608 3617 3737 3740 3788 3811 3870 3880 4013 4220 4322 4520 4563 4574 4627 4691 4702 4740 4772 4803 4938 4995
52	7	48	6	74 138 237 298 344 371 718 721 767 864 941 950 1082 1137 1276 1322 1395 1446 1464 1493 1569 1578 1638 1749 1783 1787 1876 2034 2081 2122 2163 2194 2201 2219 2251 2694 2859 2889 2914 2960 2982 2999 3001 3056 3077 3097 3146 3239 3323 3363 3418 3482 3503 3570 3599 3643 3692 3699 3712 3745 3779 3790 3852 3861 3973 4023 4153 4278 4368 4532 4555 4769 4849 4850
77	20	47	6	109 114 301 304 308 321 349 445 451 522 526 533 634 676 697 753 758 764 831 968 976 1041 1058 1098 1176 1209 1216 1239 1363 1405 1433 1436 1496 1777 1987 2024 2058 2170 2243 2280 2314 2328 2334 2360 2431 2473 2599 2609 2647 2668 2704 2752 2827 2872 2894 2968 2973 2997 3016 3163 3236 3310 3386 3469 3600 3632 3638 3648 3662 3941 3968 4199 4406 4514 4590 4613 4780 4869 4891 4910 4919 4978
85	6	59	6	43 262 333 335 396 417 569 600 651 660 725 757 777 1016 1213 1240 1312 1506 1577 1612 1621 1640 1738 1766 1795 1839 2015 2030 2107 2131 2144 2189 2192 2196 2322 2350 2369 2527 2563 2628 2664 2669 2712 2777 2796 2819 2822 3025 3029 3091 3135 3205 3227 3296 3304 3307 3347 3353 3443 3479 3539 3582 3622 3655 3715 3717 3794 3805 3904 4196 4228 4271 4324 4360 4618 4804 4827 4906 4913 4924 4932
158	34	79	6	10 11 106 128 162 359 426 461 466 499 603 644 678 705 723 784 924 953 965 1120 1245 1349 1364 1410 1424 1534 1540 1584 1762 1848 1945 1994 2158 2198 2278 2288 2303 2388 2395 2398 2421 2507 2650 2700 2793 2882 3046 3061 3184 3277 3284 3316 3493 3534 3541 3579 3769 3774 3807 3971 4125 4216 4317 4321 4464 4485 4492 4505 4559 4595 4757 4825 4833 4846 4874
168	30	40	6	9 92 136 157 198 208 240 282 352 413 452 549 641 692 760 771 865 883 948 1073 1233 1235 1359 1563 1586 1587 1676 1849 1970 2011 2033 2061 2065 2244 2536 2646 2751 2798 2823 2845 2957 2998 3063 3139 3212 3246 3358 3542 3628 3645 3704 3775 3797 3862 3896 3958 3961 3985 4135 4215 4314 4319 4364 4365 4366 4450 4490 4548 4610 4650 4668 4699 4759 4831 4878 4881 4954 4963 4982
169	31	53	6	15 49 93 199 227 291 432 476 481 665 843 997 1013 1099 1244 1246 1502 1522 1801 1819 1879 1935 2053 2184 2206 2391 2455 2531 2659 2717 2720 2809 2812 2846 2971 3028 3033 3114 3147 3183 3198 3203 3211 3306 3351 3446 3472 3533 3616 3677 3689 3693 3706 3727 3809 3845 3879 4024 4047 4132 4137 4140 4162 4186 4413 4429 4451 4503 4615 4714 4771 4799 4879
58	2	55	6	39 66 152 173 374 422 427 437 553 629 683 783 830 839 911 932 962 1052 1121 1169 1212 1453 1477 1553 1618 1739 1761 1794 1841 1859 1980 2049 2074 2151 2176 2364 2389 2503 2548 2551 2672 2698 2783 2899 2965 3022 3072 3181 3214 3322 3326 3382 3392 3400 3436 3585 3605 3647 3666 3742 3759 3846 3928 3954 4356 4369 4401 4410 4434 4442 4783 4848 4853 4966
90	27	31	6	6 12 164 179 204 261 264 271 348 360 402 421 518 707 880 927 929 931 1091 1111 1113 1127 1207 1265 1293 1330 1345 1372 1407 1460 1648 1650 1681 1709 1832 1864 1891 2132 2217 2294 2419 2485 2537 2638 2853 2923 2985 2987 3200 3329 3359 3361 3394 3431 3447 3452 3461 3523 3548 3644 3685 3748 3816 3832 3900 3999 4079 4180 4246 4398 4415 4571 4710 4928 4967
108	5	77	6	117 126 245 250 300 654 752 936 975 1029 1043 1157 1163 1310 1328 1377 1487 1499 1551 1588 1592 1665 1712 1759 1811 1825 1892 1912 2060 2108 2146 2260 2306 2332 2515 2540 2706 2744 2787 2806 2860 2924 2994 3128 3153 3286 3444 3476 3626 3817 3819 3872 3915 4115 4184 4204 4383 4407 4481 4515 4582 4600 4619 4720 4776 4956 4959
134	11	85	6	37 84 156 192 273 391 439 534 541 601 716 729 800 878 994 999 1080 1100 1148 1229 1289 1336 1356 1383 1428 1690 1700 1710 1711 1785 1800 1890 1895 1940 2126 2135 2148 2407 2625 2658 2766 2912 3045 3385 3652 3676 3695 3725 3744 3750 3768 3856 3992 4056 4155 4306 4334 4353 4377 4400 4597 4606 4607 4681 4782 4888 4944 4997
24	21	90	6	23 171 175 375 407 471 477 491 780 815 863 877 984 1057 1062 1071 1126 1204 1226 1319 1341 1393 1538 1546 1664 1683 1702 1767 1907 1948 1982 2016 2031 2109 2121 2177 2205 2290 2335 2342 2475 2493 2518 2610 2808 2824 2850 2928 2938 2953 2991 3048 3421 3462 3586 3696 3784 3789 3920 3966 4035 4084 4090 4096 4124 4238 4354 4373 4584 4622 4643 4705 4915 4958
35	25	63	6	61 224 332 367 732 806 990 1097 1180 1210 1290 1313 1384 1391 1429 1473 1529 1598 1627 1694 1716 1769 1770 1835 1896 1927 1929 1939 1984 2118 2336 2337 2699 2745 2767 2921 2959 3004 3024 3078 3093 3271 3381 3701 3722 3761 3773 3783 3791 3812 3815 3939 3952 4165 4223 4224 4253 4277 4305 4390 4395 4462 4516 4630 4738 4743 4748 4816 4862 4965 4986
42	19	17	6	45 97 148 276 290 444 575 577 585 679 733 754 785 871 1208 1299 1403 1443 1450 1469 1555 1655 1743 1847 1856 2000 2089 2211 2323 2324 2353 2374 2528 2554 2587 2588 2600 2605 2613 2620 2622 2727 2779 2786 3013 3066 3134 3207 3313 3332 3360 3435 3484 3537 3540 3569 3592 3621 3633 3700 3735 3749 3947 4123 4262 4350 4376 4453 4543 4677 4689 4755 4868 4935 4937 5000
62	22	95	6	55 142 203 315 517 751 832 847 886 1110 1117 1151 1378 1476 1634 1644 1649 1725 1828 2026 2042 2224 2240 2423 2443 2465 2474 2541 2585 2748 2815 2881 2887 2897 2952 2996 3008 3011 3084 3108 3173 3189 3218 3430 3611 3623 3654 3724 3751 3763 3771 3882 3885 3908 3914 3996 4051 4066 4144 4247 4250 4254 4308 4309 4340 4351 4388 4419 4461 4489 4572 4602 4632 4746 4775 4785 4864 4880
63	8	73	6	36 122 143 212 242 258 270 307 588 607 668 699 710 802 876 940 1119 1198 1511 1550 1562 1615 1654 1663 1719 1863 1868 1889 1900 1903 1943 2012 2025 2068 2100 2291 2477 2484 2514 2569 2754 2930 3009 3082 3083 3131 3154 3175 3264 3387 3458 3475 3492 3509 3519 3613 3873 3912 4037 4045 4068 4073 4130 4230 4231 4256 4336 4349 4551 4552 4609 4708 4838 4883 4896 4980
64	38	33	6	269 342 399 474 648 698 722 742 861 885 922 1033 1067 1093 1173 1188 1259 1275 1426 1635 1636 1726 1817 1869 1933 1942 1960 2009 2063 2183 2362 2394 2469 2595 2627 2654 2655 2665 2696 2705 2713 2738 2795 2833 2870 2954 3113 3191 3243 3299 3331 3529 3550 3636 3665 3690 3752 3865 3924 3942 3970 4007 4074 4323 4448 4660 4716 4736 4742 4815 4903 4946 4950
188	24	47	8	8 125 176 234 272 324 408 566 577 658 669 717 857 1200 1281 1312 1417 1435 1447 1603 1622 1628 1650 1823 1862 1981 1985 2044 2092 2138 2152 2400 2505 2575 2688 2722 2736 2778 2801 2816 2928 3095 3161 3229 3287 3531 3563 3740 3760 3787 3793 3848 3853 3871 3900 3928 4143 4216 4240 4295 4347 4418 4428 4514 4517 4721 4820 4975
45	15	70	6	238 281 347 363 400 453 621 792 799 810 826 963 985 1174 1205 1258 1268 1273 1552 1599 1624 1728 1886 1893 1956 1965 2047 2202 2266 2268 2282 2378 2425 2533 2681 2725 2765 2825 2918 2934 3076 3102 3289 3428 3439 3552 3557 3590 3840 3948 3959 3980 3997 4131 4150 4167 4176 4244 4412 4493 4528 4646 4839 4905 4934
96	37	57	6	121 279 302 378 447 457 498 612 649 652 888 1112 1116 1158 1165 1250 1279 1478 1482 1752 1782 1820 1843 1873 1937 1990 1998 2001 2018 2095 2215 2249 2467 2481 2516 2584 2586 2686 2821 2832 2891 2895 2943 2977 3058 3197 3202 3226 3365 3566 3574 3581 3910 3964 3998 4027 4147 4218 4233 4236 4259 4265 4403 4624 4683 4739 4840 4843 4863 4916
101	23	56	6	18 95 116 134 146 188 193 217 331 472 796 910 935 1028 1069 1090 1096 1141 1146 1179 1260 1305 1380 1461 1645 1699 1732 1816 1866 1881 1915 1931 1941 1981 2007 2052 2077 2106 2180 2308 2345 2387 2427 2535 2606 2624 2644 2951 3050 3282 3293 3328 3376 3420 3433 3506 3553 3730 3785 3813 3823 4077 4268 4476 4507 4560 4647 4726 4770 4885 4952
130	28	83	6	62 98 100 187 257 294 554 684 708 769 841 895 926 930 967 1199 1201 1252 1507 1756 1951 1977 2004 2105 2187 2256 2432 2539 2576 2607 2764 2927 2950 3041 3073 3092 3244 3248 3251 3337 3339 3357 3390 3409 3508 3598 3603 3667 3781 3849 3853 3854 3858 3866 3869 3875 3886 3907 3978 4100 4210 4225 4304 4437 4523 4637 4642 4648 4695 4731 4828 4974 4981
136	17	72	6	75 87 88 94 102 226 365 395 469 484 506 555 562 587 688 778 817 846 937 971 1037 1044 1072 1143 1266 1288 1327 1631 1643 1736 1773 1852 1909 1967 1995 2043 2055 2086 2114 2214 2220 2311 2428 2505 2621 2630 2769 2871 2903 3003 3100 3213 3350 3398 3546 3587 3635 3650 3674 3733 3753 3793 3799 3955 4083 4170 4198 4229 4274 4287 4343 4370 4578 4635 4729 4798 4884 4917 4994
173	9	41	6	24 44 50 241 274 382 538 773 887 1038 1101 1124 1182 1314 1381 1411 1444 1457 1532 1549 1557 1605 1658 1682 1707 1715 1780 2190 2330 2357 2437 2456 2480 2496 2565 2573 2634 2661 2711 2788 2866 2878 2958 2976 3039 3158 3245 3380 3383 3459 3594 3637 3656 3762 3800 3830 3831 3897 3935 3951 4067 4237 4303 4416 4446 4502 4567 4614 4651 4787 4805 4808 4931
196	10	8	6	72 168 214 229 314 343 387 528 558 572 574 632 762 835 872 1004 1092 1129 1203 1262 1295 1338 1419 1480 1501 1520 1674 1713 1763 1793 1808 1845 1918 1922 1924 2059 2117 2128 2160 2171 2203 2223 2265 2376 2519 2635 2702 2955 3005 3017 3179 3193 3195 3238 3568 3589 3602 3839 3987 4222 4245 4339 4422 4427 4449 4530 4636 4747 4855 4998
198	16	88	6	28 48 161 243 278 311 350 369 492 537 544 583 616 643 656 836 904 913 1077 1086 1171 1195 1217 1228 1358 1484 1539 1565 1718 1753 1972 2235 2258 2261 2262 2363 2417 2478 2508 2601 2683 2710 2893 2907 2944 2980 3038 3086 3106 3126 3161 3177 3225 3232 3285 3324 3391 3429 3449 3474 3507 3618 3641 3729 3911 3994 4107 4497 4533 4641 4703 4734 4912 4949 4990 4993
60	4	48	8	65 88 158 181 200 238 243 284 285 288 537 540 555 749 778 868 1087 1170 1403 1429 1595 1776 1811 1822 1884 1937 2025 2050 2154 2211 2215 2234 2308 2543 2573 2610 2788 2874 3101 3103 3187 3203 3365 3370 3372 3427 3443 3528 3588 3593 3670 3731 3771 3845 3855 4003 4072 4074 4257 4289 4369 4411 4440 4446 4508 4538 4606 4690 4699 4748 4823
80	36	78	6	167 170 254 423 510 516 523 591 611 615 681 790 793 954 982 1081 1104 1108 1225 1277 1369 1568 1596 2103 2241 2321 2341 2462 2520 2522 2637 2802 2867 2966 3042 3141 3164 3165 3241 3249 3325 3404 3437 3438 3467 3486 3678 3711 3820 3988 4055 4118 4122 4206 4211 4267 4389 4439 4471 4538 4659 4824 4861 4951 4975
103	32	11	6	206 265 379 545 552 578 609 638 789 881 909 1050 1063 1316 1335 1339 1503 1541 1608 1614 1666 1685 1731 1814 1830 1853 1989 2075 2147 2379 2397 2399 2574 2715 2925 3023 3269 3413 3434 3551 3571 3612 3627 3829 3881 3993 4050 4168 4182 4188 4251 4266 4318 4332 4333 4396 4420 4423 4424 4443 4447 4473 4496 4526 4554 4569 4617 4640 4750 4774 4923
106	33	9	6	59 111 165 195 458 485 487 614 690 755 756 759 808 816 978 1026 1296 1304 1399 1413 1471 1523 1572 1600 1660 1746 1755 1764 1806 2072 2139 2157 2195 2276 2301 2316 2325 2348 2452 2594 2642 2726 2807 2836 2910 3065 3220 3344 3389 3451 3466 3526 3595 3642 3983 4075 4092 4183 4193 4255 4276 4315 4478 4603 4605 4830 4847 4902 4909
120	12	67	8	16 73 113 201 352 427 479 544 567 582 584 617 673 675 742 799 844 958 1017 1236 1242 1360 1436 1466 1640 1697 1701 1743 1794 1856 1880 1939 1945 1959 1966 2036 2244 2315 2326 2327 2426 2889 3036 3077 3094 3102 3303 3348 3424 3721 3739 3751 3792 3825 3938 4013 4018 4057 4073 4080 4130 4245 4294 4391 4566 4584 4652 4667 4727 4770 4843
132	26	10	8	10 119 188 241 375 388 405 413 430 588 794 798 951 957 971 1109 1453 1491 1526 1639 1646 1755 1774 1778 1914 1919 2199 2251 2409 2460 2483 2530 2565 2582 2591 2606 2616 2690 2713 2724 2757 2797 2888 2970 3127 3180 3199 3379 3511 3525 3595 3627 3734 3991 4001 4109 4170 4231 4275 4290 4372 4409 4421 4611 4659 4684 4703 4731 4744 4760 4811 4846 4865
138	35	64	8	71 78 86 321 334 381 466 493 520 572 614 640 681 687 693 774 819 964 1022 1083 1127 1180 1224 1353 1420 1468 1612 1702 1713 1726 1819 1952 1983 2084 2119 2222 2246 2249 2349 2387 2472 2524 2549 2601 2602 2628 2653 2805 3019 3093 3121 3197 3216 3247 3259 3480 3520 3536 3602 3603 3674 3697 3735 3767 3883 3999 4168 4217 4352 4449 4600 4607 4658 4771 4772 4955
183	39	66	8	221 259 370 380 482 553 554 642 662 679 748 928 937 956 1080 1089 1202 1251 1274 1321 1461 1545 1551 1555 1689 1727 1817 1836 1899 1948 1995 2021 2160 2189 2212 2235 2239 2414 2435 2452 2456 2474 2550 2570 2684 2718 2725 2751 2934 2956 3106 3200 3271 3281 3328 3513 3566 3570 3641 3645 3817 4096 4097 4118 4128 4152 4173 4427 4438 4505 4692 4696 4713
26	24	64	10	7 177 259 342 356 357 439 550 607 674 761 833 907 946 1040 1045 1136 1198 1211 1353 1423 1657 1712 1728 1822 1980 2010 2035 2097 2113 2149 2197 2225 2254 2277 2368 2518 2522 2582 2587 2733 2748 2839 3016 3033 3062 3085 3246 3282 3314 3451 3527 3555 3574 3605 3736 3950 3952 3971 4043 4077 4263 4275 4296 4382 4416 4437 4706 4719 4799 4812 4869 4882
149	40	42	8	81 91 104 341 389 409 410 424 859 931 988 1012 1139 1267 1418 1425 1593 1659 1829 1852 1871 1941 1951 1973 2125 2255 2288 2295 2321 2346 2380 2449 2592 2645 2686 2700 2709 2831 2933 2939 2999 3124 3171 3352 3389 3498 3532 3606 3617 3623 3635 3902 3910 3923 3944 4016 4103 4138 4263 4284 4326 4331 4412 4414 4544 4546 4562 4583 4618 4704 4719 4726 4743 4745 4753 4755 4824 4837 4912 4915 4950
8	18	55	8	30 44 45 69 349 361 480 488 530 612 615 660 963 999 1303 1333 1355 1384 1481 1649 1721 1732 1744 1781 1795 1844 1984 2035 2320 2343 2354 2392 2432 2534 2590 2748 2759 2767 2775 2908 2919 2949 3043 3055 3096 3210 3228 3282 3426 3517 3564 3600 3612 3625 3638 3651 3772 3864 3956 4095 4142 4171 4176 4234 4405 4434 4491 4535 4536 4599 4674 4682 4725 4742 4803 4821 4941 4991
72	3	45	8	48 59 157 198 211 401 437 458 498 767 820 828 945 967 1035 1182 1263 1288 1315 1434 1444 1455 1470 1560 1609 1714 1881 1910 2047 2055 2161 2190 2195 2223 2261 2266 2273 2293 2494 2761 2774 2837 2851 2871 3012 3089 3194 3244 3272 3280 3313 3383 3416 3448 3702 4022 4141 4181 4182 4256 4267 4423 4467 4555 4630 4638 4661 4663 4681 4688 4706 4720 4822 4831 4840 4876 4982
152	14	9	8	114 290 345 351 402 412 484 507 580 655 720 842 843 1045 1071 1388 1391 1422 1580 1655 1661 1742 1758 1809 1813 1904 2135 2137 2155 2201 2232 2245 2272 2359 2488 2553 2568 2656 2776 2830 2878 2893 2904 2935 2975 3051 3087 3132 3160 3188 3614 3705 3717 3755 3757 3809 3998 4085 4137 4174 4185 4244 4420 4518 4521 4524 4545 4714 4818 4836
155	29	56	8	210 358 391 594 619 689 710 797 882 912 1010 1020 1066 1078 1126 1140 1153 1186 1227 1270 1283 1457 1484 1513 1605 1616 1670 1747 1759 1768 1853 1865 1913 1942 2013 2098 2133 2181 2220 2335 2356 2382 2536 2626 2658 2664 2765 2781 2839 3147 3277 3367 3402 3512 3518 3652 3653 3714 3725 3741 3822 3858 3921 4035 4091 4208 4277 4338 4385 4523 4612 4619 4637 4670 4715 4816 4904 4909
21	1	12	8	43 98 263 280 314 325 344 651 934 948 976 1105 1206 1320 1329 1424 1449 1630 1671 1683 1828 2051 2202 2393 2418 2503 2521 2567 2600 2685 2745 2859 2938 3047 3049 3091 3150 3190 3226 3274 3283 3425 3477 3553 3599 3626 3703 3818 3836 3925 4214 4215 4333 4344 4367 4408 4589 4649 4653 4711 4773 4792 4916 4926
23	13	58	8	4 35 184 227 355 403 423 593 726 821 827 832 851 886 935 1005 1143 1176 1189 1334 1385 1400 1456 1473 1482 1578 1658 1690 1740 1808 1956 2029 2076 2126 2200 2207 2210 2233 2258 2371 2377 2404 2531 2644 2665 2734 2735 2918 3046 3092 3105 3143 3159 3173 3236 3318 3380 3581 3597 3802 3843 3876 3963 3996 4049 4052 4322 4394 4497 4626 4686 4763
39	7	18	8	453 512 558 604 705 739 806 1001 1002 1023 1121 1287 1364 1431 1557 1572 1577 1843 1933 2127 2268 2287 2318 2324 2618 2640 2681 2693 2753 2826 2850 2885 3016 3053 3114 3361 3468 3472 3573 3756 3837 3877 3931 3976 4032 4094 4123 4134 4260 4316 4329 4415 4436 4472 4483 4532 4628 4640 4724 4812 4850 4943 4944 4945 4988
55	4	66	10	150 192 195 280 332 333 392 461 659 663 715 723 738 795 837 870 894 1093 1172 1189 1227 1245 1405 1471 1505 1571 1638 1668 1758 1783 1824 1866 1973 2005 2110 2124 2202 2257 2390 2570 2620 2643 2694 2826 2897 3140 3261 3344 3405 3412 3434 3455 3471 3522 3628 3694 3959 4058 4062 4144 4198 4246 4259 4284 4333 4390 4463 4488 4576 4588 4620 4721 4727 4745 4854 4902 4924 4932 4962
93	20	14	8	3 51 249 337 441 501 547 568 579 698 786 970 975 1011 1055 1115 1167 1196 1221 1394 1402 1528 1558 1562 1798 1850 1886 2060 2077 2082 2120 2158 2228 2807 2891 2943 2947 2959 3018 3115 3249 3279 3357 3376 3399 3404 3429 3660 3833 3835 3924 3967 4055 4230 4237 4270 4318 4390 4433 4468 4473 4610 4636 4676 4712 4759 4791 4794 4860 4889 4917 4933
98	6	13	8	17 27 367 373 449 503 515 529 542 605 630 654 672 825 834 856 869 893 962 980 998 1049 1284 1421 1423 1574 1613 1722 1803 2383 2385 2417 2546 2754 2760 2770 2860 2881 2941 3078 3156 3172 3204 3215 3221 3331 3332 3444 3460 3467 3506 3554 3613 3632 3669 3745 3892 4033 4101 4131 4157 4161 4311 4349 4475 4587 4643 4733 4779 4854
123	34	32	8	63 136 137 252 440 465 489 704 890 898 903 915 919 1053 1070 1092 1131 1135 1149 1166 1262 1370 1428 1501 1537 1548 1624 1627 1635 1647 1686 1731 1783 1854 1929 1943 1957 1997 1998 2062 2395 2455 2578 2625 2697 2955 3097 3112 3224 3294 3327 3355 3503 3559 3700 3727 3769 3847 3954 4008 4078 4090 4093 4139 4199 4243 4252 4396 4400 4573 4574 4580 4694 4781 4798
128	30	93	8	57 64 222 246 311 417 471 521 523 531 586 909 926 993 1060 1096 1123 1401 1407 1454 1476 1520 1533 1541 1544 1550 1626 1654 1842 1872 1996 2188 2229 2263 2450 2477 2506 2551 2799 2948 2978 3008 3045 3073 3175 3417 3580 3594 3633 3646 3677 3790 3915 3986 4006 4029 4169 4307 4314 4406 4444 4718 4829 4921 4985 4990
157	31	37	8	106 185 209 236 297 316 328 425 500 564 702 724 751 829 837 916 947 952 1003 1107 1171 1193 1208 1246 1279 1523 1777 1793 1857 1897 2104 2216 2252 2306 2317 2428 2447 2486 2513 2525 2540 2678 2726 2791 2835 2915 2916 2986 2989 3017 3021 3044 3082 3107 3307 3505 3582 3786 3830 3865 3942 4040 4127 4278 4525 4774 4830 4842 4924 4984
190	2	71	8	12 348 382 397 414 600 734 878 925 938 966 1068 1077 1102 1260 1410 1416 1464 1474 1502 1583 1597 1710 1797 2027 2067 2110 2136 2226 2253 2290 2311 2466 2532 2599 2607 2715 2720 2829 2845 2864 2976 3133 3178 3270 3322 3341 3465 3495 3671 3860 3894 3988 4007 4009 4111 4122 4201 4286 4313 4356 4481 4527 4581 4700 4717 4958
38	27	15	8	20 154 216 248 250 447 634 685 744 759 852 984 990 1039 1054 1104 1111 1190 1222 1229 1344 1375 1437 1486 1497 1499 1674 1815 1958 2017 2134 2174 2224 2372 2442 2464 2552 2572 2581 2621 2721 2789 2840 3015 3054 3090 3253 3300 3337 3489 3596 3692 3726 3794 3948 4017 4133 4162 4239 4302 4346 4376 4510 4585 4870 4879 4884 4996
71	5	65	8	9 93 178 213 218 223 257 395 455 575 626 650 772 791 1119 1159 1570 1643 1675 1707 1716 1767 1923 1993 2099 2192 2236 2338 2340 2402 2539 2564 2624 2740 2768 2815 2927 3099 3206 3240 3335 3396 3493 3523 3556 3578 3686 3764 3814 3934 4195 4251 4288 4297 4351 4370 4397 4435 4605 4668 4705 4750 4806 4807 4848 4918 4992
104	11	2	8	21 33 54 226 295 416 659 719 740 763 776 777 955 1025 1074 1095 1356 1365 1663 1678 1733 1734 1827 1976 1986 2023 2045 2164 2221 2270 2353 2370 2373 2509 2673 2812 2873 2901 2931 2988 3037 3151 3169 3202 3237 3375 3482 3515 3561 3574 3681 3774 3806 3810 3955 4019 4067 4166 4178 4224 4362 4516 4548 4662 4907 4934 4971
160	21	16	8	37 183 199 256 372 421 639 647 699 746 747 867 930 1015 1151 1637 1652 1660 1779 1830 1906 1955 2042 2122 2165 2193 2292 2362 2366 2547 2577 2701 2729 2758 2906 2985 3111 3264 3288 3305 3415 3470 3569 3583 3592 3636 3687 3736 3747 3782 3798 3885 3886 3911 3930 4010 4242 4261 4437 4500 4556 4575 4582 4671 4767 4810 4901 4925 4954 4979 4998
184	25	6	8	13 105 205 429 637 741 743 897 933 936 1130 1161 1225 1404 1406 1529 1725 1754 1787 1920 2006 2043 2073 2095 2128 2149 2185 2219 2291 2444 2719 2741 2802 2920 2951 3013 3110 3116 3122 3189 3222 3232 3285 3301 3378 3433 3471 3474 3492 3676 3729 3844 3851 3916 3927 3981 4148 4155 4192 4454 4486 4488 4495 4648 4657 4754 4819 4913 4938 4949 4973
194	12	37	10	49 66 74 243 288 340 406 447 529 587 636 641 705 775 904 969 1018 1091 1124 1207 1418 1498 1531 1537 1767 1880 1892 1993 2180 2242 2268 2404 2572 2607 2691 2866 2875 2876 2902 2953 3032 3115 3123 3145 3312 3443 3444 3517 3518 3549 3551 3603 3607 3611 3640 3781 3796 3823 3836 3962 4002 4102 4166 4239 4244 4319 4330 4338 4351 4387 4540 4570 4661 4663 4684 4735
16	19	44	8	11 74 167 191 215 282 294 339 448 496 535 576 709 714 729 732 839 1007 1258 1301 1302 1409 1479 1542 1653 1756 1772 1837 1931 1969 1987 2038 2105 2247 2323 2378 2381 2401 2405 2558 2670 2703 2705 2714 2764 2796 2957 2972 3080 3113 3266 3289 3311 3340 3591 3637 3649 3713 3732 3789 4064 4153 4300 4312 4393 4466 4559 4601 4604 4629 4716 4778 4814 4900 4994
20	26	10	10	13 146 267 302 547 549 572 604 606 611 652 697 749 758 768 972 1010 1066 1097 1269 1449 1556 1674 1726 1735 1828 1939 2044 2054 2061 2076 2141 2144 2200 2245 2330 2367 2487 2689 2706 2819 2961 3038 3043 3050 3075 3174 3252 3276 3326 3519 3557 3580 3601 3726 3752 3767 3788 3854 3862 3927 4020 4146 4196 4279 4322 4529 4537 4585 4586 4621 4630 4916 4933 4970
78	22	62	8	1 34 75 116 230 254 313 490 524 602 608 755 879 981 986 989 1009 1019 1021 1132 1191 1214 1276 1300 1507 1556 1648 1816 1940 2140 2184 2204 2312 2313 2360 2384 2406 2473 2518 2555 2585 2667 2692 2783 2785 2868 2890 2900 3061 3252 3366 3377 3547 3607 3630 3682 3689 3856 3945 3985 4145 4272 4365 4378 4380 4402 4431 4530 4586 4633 4729 4851 4914
112	8	5	8	19 68 76 277 356 390 419 444 486 499 517 590 603 801 811 830 862 922 1027 1253 1327 1338 1503 1519 1552 1629 1751 1780 1791 1792 1878 1909 1982 1990 2066 2074 2153 2278 2507 2562 2641 2650 2854 3028 3040 3071 3158 3182 3309 3334 3353 3419 3560 3604 3673 3824 3874 3974 4099 4179 4180 4205 4285 4310 4567 4645 4695 4783 4789 4893 4928 4948
118	38	75	8	7 171 232 261 307 468 494 504 596 627 646 670 711 855 884 991 1040 1061 1157 1256 1266 1348 1389 1458 1729 1858 1950 2118 2238 2348 2501 2535 2737 2743 2752 2756 2790 2930 2932 2992 2994 3219 3302 3499 3542 3544 3586 3634 3706 3748 3857 3867 3878 3895 3977 4043 4135 4163 4265 4269 4317 4484 4594 4761 4832 4902 4963 4978
19	15	49	8	267 275 293 306 315 330 366 451 552 695 735 914 929 1024 1185 1187 1198 1297 1317 1343 1514 1518 1539 1642 1645 1698 1785 1796 1888 1947 1962 1991 1999 2123 2142 2166 2248 2561 2611 2647 2649 2691 2892 2913 2973 3060 3085 3134 3195 3246 3374 3501 3572 3665 3720 3754 3826 3882 3922 3964 3995 4002 4031 4186 4220 4283 4301 4353 4377 4506 4547 4728 4895 4960
69	35	14	10	14 46 235 279 289 438 484 566 594 596 619 660 668 682 878 903 925 994 1048 1144 1214 1240 1323 1343 1474 1582 1592 1737 1765 1922 1990 2060 2284 2293 2351 2373 2471 2602 2742 2780 2798 2829 2911 2954 3114 3218 3323 3410 3661 3678 3748 3775 3872 3987 4017 4052 4074 4088 4162 4180 4307 4452 4494 4543 4648 4688 4695 4723 4759 4836 4886 4928 4999
170	37	38	8	31 162 260 338 505 563 578 589 657 683 784 807 813 932 996 1065 1152 1201 1306 1351 1362 1485 1492 1509 1515 1563 1657 1677 1769 1834 1873 1905 2078 2094 2242 2309 2361 2514 2580 2744 2800 2828 2856 2862 3181 3207 3214 3227 3263 3406 3490 3527 3685 3698 3701 3718 3777 3804 3929 3952 4061 4098 4212 4223 4241 4249 4255 4551 4642 4654 4669 4856
193	23	85	8	66 94 140 159 197 237 287 310 340 369 428 478 510 551 574 613 796 1014 1218 1414 1490 1564 1600 1665 1700 1786 1908 1915 2002 2124 2150 2307 2438 2485 2544 2596 2794 2814 2852 2977 3009 3050 3128 3166 3364 3387 3500 3598 3870 3978 4084 4089 4129 4132 4183 4232 4335 4382 4401 4452 4494 4513 4624 4784 4804 4936 4969
9	39	65	10	56 75 148 318 319 376 445 595 672 685 885 927 930 951 1000 1089 1231 1273 1295 1338 1420 1538 1563 1599 1659 1680 1684 1696 1715 1753 1858 2002 2111 2133 2199 2363 2455 2632 2635 2842 2932 3143 3157 3164 3245 3331 3439 3454 3494 3668 3696 3730 3757 3809 3820 3849 3866 3901 3903 3906 4011 4060 4138 4143 4157 4249 4304 4356 4366 4421 4462 4514 4610 4734 4817 4908 4922
12	28	21	8	123 151 233 528 571 597 598 792 824 870 1184 1216 1217 1330 1427 1471 1498 1524 1582 1588 1717 1719 1766 1839 2032 2168 2425 2492 2630 2732 2846 2910 2944 2993 2997 3003 3062 3109 3126 3388 3461 3504 3610 3620 3750 3808 3838 3868 3935 3939 3968 4047 4194 4197 4280 4287 4424 4462 4493 4596 4680 4782 4799 4801 4894 4980
84	17	59	8	204 220 255 273 343 450 467 548 550 601 816 831 845 888 924 983 1146 1488 1517 1535 1543 1598 1699 1703 1724 1818 1900 1961 2020 2107 2271 2328 2341 2374 2430 2489 2512 2588 2675 2827 2866 2886 2979 2998 3258 3360 3442 3463 3548 3557 3710 3743 3823 3828 3888 4059 4233 4299 4323 4477 4512 4515 4591 4631 4660 4787 4919 4981
153	9	52	8	40 143 156 166 353 442 460 506 773 809 812 838 977 992 1048 1056 1067 1090 1211 1419 1451 1511 1576 1611 1672 1685 1687 1812 1928 2004 2085 2130 2143 2186 2282 2334 2367 2631 2708 3068 3123 3233 3290 3430 3436 3455 3502 3679 3722 3724 3829 3904 4125 4164 4165 4319 4364 4443 4456 4539 4543 4560 4732 4952 4964
191	10	70	8	96 99 194 229 264 269 360 462 514 671 730 953 1046 1052 1110 1145 1156 1168 1207 1232 1261 1299 1357 1393 1480 1508 1606 1745 1764 1861 1974 2008 2022 2231 2342 2522 2677 2755 2869 2876 3070 3142 3183 3235 3243 3323 3428 3478 3550 3551 3640 3738 3899 3906 3946 4116 4190 4226 4274 4492 4529 4534 4579 4592 4736 4751 4756
34	16	74	8	133 292 350 354 595 621 696 727 733 860 899 923 942 1033 1094 1108 1278 1292 1450 1452 1516 1567 1587 1607 1679 1706 1752 1788 1807 1814 1826 2019 2037 2056 2086 2106 2121 2132 2217 2454 2479 2841 2861 3072 3148 3238 3256 3386 3390 3510 3522 3567 3616 3744 3841 3970 4030 4069 4102 4175 4177 4247 4336 4343 4399 4425 4496 4552 4603 4609 4620 4625 4644 4656 4701 4793 4931 4953
37	36	87	8	152 207 276 323 519 752 756 768 833 877 1062 1125 1158 1160 1280 1325 1332 1374 1521 1522 1765 2096 2097 2299 2350 2358 2403 2407 2493 2533 2545 2566 2633 2695 2723 2750 2811 3002 3149 3196 3231 3308 3414 3491 3639 3715 3780 3799 3990 4121 4172 4266 4291 4292 4359 4373 4387 4430 4469 4479 4503 4565 4576 4655 4679 4685 4766 4790 4844
54	32	82	8	112 132 247 426 495 559 620 762 766 803 853 887 896 995 1136 1219 1234 1238 1265 1495 1500 1666 1748 1762 1840 1960 1977 2083 2144 2191 2303 2305 2337 2396 2526 2682 2787 2817 2849 2853 2929 3026 3034 3118 3242 3310 3351 3496 3605 3648 3912 3960 4011 4014 4020 4050 4104 4306 4413 4509 4598 4615 4698 4800 4997
129	33	97	8	41 46 56 305 502 623 753 861 871 874 895 911 913 1044 1378 1440 1525 1530 1634 1723 1821 2003 2030 2196 2256 2279 2285 2436 2439 2482 2523 2583 2605 2629 2637 2676 2746 2946 2968 2982 2990 3069 3139 3475 3481 3558 3571 3716 3861 3866 3893 3903 3918 4046 4060 4105 4250 4498 4765 4833 4890 4897 4999
28	40	92	10	50 172 232 317 350 383 384 388 403 508 593 956 1030 1031 1094 1181 1339 1432 1539 1788 1799 1833 1863 1888 1898 1979 2043 2066 2081 2120 2173 2450 2526 2553 2585 2612 2617 2622 2671 3045 3170 3220 3254 3263 3278 3403 3584 3621 3641 3677 3783 3818 3859 3905 3985 4115 4204 4440 4505 4580 4608 4680 4764 4780 4846 4890 4912 4976
57	18	34	10	109 208 387 504 551 744 939 949 982 1149 1334 1398 1442 1606 1627 1738 1851 1972 1978 2003 2040 2069 2238 2275 2283 2317 2406 2501 2571 2593 2594 2596 2623 2690 2884 2965 3010 3139 3214 3257 3265 3296 3369 3631 3703 3709 3853 3864 3913 3922 3969 3980 4004 4042 4046 4065 4089 4352 4450 4513 4528 4560 4597 4604 4682 4864 4880 4992
100	3	94	10	108 193 430 450 477 485 488 650 689 717 719 859 932 1002 1123 1167 1248 1287 1363 1421 1534 1557 1642 1669 1686 1772 1777 1826 1877 1975 2151 2204 2234 2411 2430 2638 2663 2750 2752 2855 2952 3000 3047 3201 3228 3250 3381 3399 3514 3544 3602 3675 3759 3784 4010 4041 4053 4327 4385 4453 4499 4530 4533 4990 4996
185	14	35	10	34 52 167 190 209 369 417 455 459 644 666 695 736 948 1043 1063 1067 1414 1527 1581 1692 1745 1759 1818 1881 1894 1902 1918 2033 2048 2065 2119 2165 2182 2299 2325 2326 2337 2408 2470 2474 2552 2629 2676 2681 2799 2801 2925 3044 3151 3159 3325 3536 3680 3751 3868 3876 4023 4134 4173 4342 4372 4379 4404 4457 4467 4613 4737 4860 4867 4897 4927 4953
4	29	91	10	286 419 509 578 608 720 773 838 890 934 936 971 976 1022 1029 1058 1077 1087 1088 1118 1122 1203 1220 1225 1352 1377 1404 1457 1663 1717 1718 1862 1871 1900 1926 1974 1985 2051 2302 2344 2421 2505 2569 2670 2708 2754 2868 3168 3186 3192 3194 3262 3303 3327 3360 3424 3456 3472 3639 3722 3760 3763 3900 4100 4311 4545 4675 4751 4840 4859 4862 4966
15	1	86	10	55 81 129 234 299 312 325 329 366 393 422 456 460 462 493 570 575 640 648 692 727 840 847 901 915 1215 1265 1278 1364 1374 1464 1547 1554 1572 1741 1770 1773 1804 1878 1879 1896 1953 2179 2264 2364 2395 2538 2565 2680 2693 2817 3118 3211 3281 3305 3515 3528 3714 3797 3801 3863 3887 3918 3919 3972 4025 4037 4063 4195 4208 4262 4747 4775 5000
32	13	23	10	104 114 130 142 569 621 809 873 874 1139 1159 1161 1236 1238 1347 1387 1396 1499 1739 1782 1996 2392 2403 2407 2438 2557 2634 2640 2675 2734 2921 2989 3030 3099 3208 3234 3242 3258 3293 3298 3474 3526 3740 3810 4068 4106 4125 4220 4222 4224 4235 4248 4273 4470 4495 4549 4662 4669 4678 4939 4963
65	7	30	10	106 165 362 433 482 500 538 807 821 823 828 929 987 1264 1301 1383 1431 1453 1559 1702 1769 1855 1876 2014 2057 2176 2203 2318 2340 2359 2564 2645 2858 2905 2974 3031 3037 3052 3056 3095 3152 3239 3241 3248 3338 3430 3435 3458 3501 3576 3647 3837 3842 3916 3917 3976 3977 4103 4107 4120 4164 4268 4286 4478 4507 4534 4550 4609 4820 4923 4977
127	20	82	10	59 96 127 170 260 336 345 359 539 573 577 765 902 918 992 1044 1230 1441 1460 1490 1526 1604 1625 1755 1801 1829 1837 1919 2007 2260 2339 2347 2369 2377 2619 2636 2775 2814 2846 2859 2887 2904 2922 2970 3035 3083 3137 3267 3427 3445 3476 3520 3715 4024 4069 4071 4099 4117 4153 4188 4247 4277 4321 4363 4454 4565 4626 4674 4697 4739 4849
135	6	36	10	44 140 149 301 473 505 512 515 542 649 700 955 1036 1054 1154 1277 1517 1543 1589 1594 1639 1785 1807 1944 2021 2103 2114 2192 2215 2273 2314 2466 2484 2641 3019 3041 3067 3084 3135 3150 3171 3392 3437 3543 3569 3699 3720 3756 3758 4172 4192 4210 4217 4328 4360 4393 4525 4640 4692 4763 4778 4831 4901 4946 4987
139	34	74	10	16 22 84 105 107 133 141 163 206 277 411 605 662 690 851 1004 1100 1153 1194 1373 1403 1413 1416 1468 1486 1574 1615 1637 1705 1838 2074 2205 2321 2349 2353 2354 2467 2469 2558 2573 2647 2745 2755 2769 2796 2865 2874 3006 3020 3071 3124 3149 3253 3270 3328 3370 3376 3393 3394 3507 3552 3565 3869 4008 4009 4026 4061 4121 4280 4380 4650 4665 4808 4839 4873 4892
145	30	11	10	8 118 251 370 464 522 696 746 792 822 863 1037 1053 1060 1090 1322 1324 1584 1596 1598 1791 1795 1852 1957 2045 2156 2206 2207 2271 2440 2677 2688 2724 2725 2776 2958 2966 2971 3012 3185 3190 3307 3352 3431 3432 3659 3721 3761 3790 3798 4056 4082 4090 4254 4269 4400 4418 4456 4496 4705 4795 4847 4874 4988
176	31	6	10	53 85 152 218 240 246 346 478 511 638 709 776 893 942 1057 1112 1182 1275 1349 1390 1435 1521 1529 1661 1723 1757 1779 1883 1920 2123 2332 2375 2500 2604 2665 2730 2913 2983 3055 3063 3176 3279 3289 3340 3416 3746 3749 3982 4076 4147 4154 4337 4350 4475 4504 4600 4615 4667 4677 4700 4722 4728 4730 4788 4856 4870 4983
1	2	19	10	30 158 217 339 358 416 448 490 496 586 624 703 706 811 814 827 1079 1160 1249 1326 1346 1371 1380 1408 1463 1605 1629 1675 1699 1744 1775 1778 1805 1819 1930 2062 2090 2157 2177 2198 2240 2352 2355 2489 2515 2627 2885 3166 3230 3299 3363 3561 3620 3669 3705 3828 3844 3909 3948 4003 4044 4083 4085 4203 4283 4498 4538 4573 4595 4651 4699 4835 4877
33	27	81	10	60 89 113 236 238 309 313 360 399 413 468 631 704 711 887 905 940 1146 1561 1697 1731 1747 1787 1924 1947 1948 1962 1964 2160 2231 2267 2567 2709 2717 2800 2803 2947 3021 3027 3058 3064 3142 3182 3304 3318 3383 3386 3411 3530 3535 3594 3612 3635 3834 3920 3943 3963 4315 4326 4361 4508 4511 4591 4725 4786 4857 4898 4900
86	5	100	10	182 231 322 326 467 560 568 865 867 1012 1068 1145 1279 1331 1358 1472 1679 1784 1905 1934 1938 2143 2171 2237 2378 2420 2429 2464 2524 2544 2610 2616 2711 2736 2783 3024 3039 3108 3141 3169 3191 3286 3291 3539 3560 3960 4021 4066 4108 4178 4219 4230 4267 4426 4428 4459 4471 4500 4551 4563 4790 4850 4851 4853 4945
89	11	52	10	45 202 230 435 465 681 846 852 876 965 1011 1055 1142 1173 1256 1257 1311 1393 1440 1497 1524 1854 1935 2017 2056 2085 2137 2169 2223 2226 2256 2366 2399 2463 2483 2521 2530 2562 2655 2679 2697 2849 2872 2950 3094 3180 3184 3251 3362 3379 3426 3671 3754 3938 4092 4201 4202 4242 4276 4492 4522 4542 4632 4636 4701 4793 4954 4958
115	21	7	10	69 110 200 268 386 427 552 760 797 941 966 1021 1099 1138 1164 1183 1302 1329 1385 1426 1459 1475 1515 1564 1567 1583 1850 1870 1891 1931 1936 1970 2139 2208 2415 2422 2426 2476 2509 2554 2555 2584 2710 2727 2788 2810 2837 2939 2967 2995 3088 3205 3255 3470 3490 3681 3688 3691 3773 3848 3926 4028 4055 4174 4197 4238 4406 4574 4596 4606 4852 4888 4894 4918
151	25	46	10	64 68 78 112 115 239 241 398 443 466 471 479 530 599 702 739 782 1024 1129 1158 1204 1304 1397 1586 1688 1746 1814 2013 2015 2026 2232 2298 2319 2334 2383 2424 2449 2533 2757 2844 3179 3280 3406 3447 3531 3595 3634 3719 3738 3770 3776 3779 4048 4136 4260 4355 4455 4647 4702 4704 4714 4800 4875 4993
163	19	61	10	5 162 228 394 502 679 743 769 957 962 973 1050 1180 1202 1292 1342 1361 1400 1417 1469 1494 1601 1636 1644 1698 1704 1716 1752 1790 1815 1865 1959 1995 2064 2168 2480 2495 2652 2657 2731 2941 3004 3107 3129 3195 3343 3395 3488 3497 3728 3893 3941 4129 4135 4187 4265 4641 4863 4911 4985
195	22	80	10	58 77 82 155 189 216 244 253 266 389 567 571 618 688 722 750 812 967 985 1051 1080 1114 1175 1244 1318 1332 1360 1368 1375 1407 1544 1568 1577 1617 1727 1839 1841 1856 1886 1967 2058 2290 2414 2416 2513 2551 2614 2771 2807 2864 3066 3070 3274 3336 3408 3457 3629 3805 3881 3921 3925 4039 4185 4285 4368 4407 4480 4575 4717 4797 4811
88	8	89	10	26 73 147 483 491 589 661 684 728 824 974 1009 1019 1188 1213 1235 1434 1476 1597 1656 1832 1910 2132 2186 2269 2303 2309 2358 2485 2577 2580 2883 2981 2990 3040 3082 3096 3125 3133 3158 3203 3275 3438 3481 3651 3657 3687 3693 3713 3716 3778 3843 3877 4054 4118 4141 4177 4186 4193 4395 4430 4444 4447 4460 4461 4485 4666 4696 4819 4824 4861 4914
117	38	90	10	100 292 315 348 372 516 543 545 592 653 676 713 781 897 931 1070 1156 1174 1199 1308 1315 1333 1489 1540 1585 1607 1810 1977 2041 2094 2099 2153 2163 2217 2265 2281 2304 2393 2434 2473 2549 2556 2701 2791 2813 2850 2929 3002 3008 3046 3244 3288 3311 3495 3498 3808 3908 3910 3932 4000 4034 4114 4243 4484 4539 4553 4589 4738 4804 4955
181	24	80	12	32 73 134 154 277 281 286 493 613 631 640 668 734 795 805 896 1083 1118 1119 1154 1255 1263 1286 1345 1368 1370 1376 1382 1446 1473 1503 1562 1596 1648 1708 1754 1792 1804 1886 2008 2045 2102 2272 2306 2459 2549 2593 2651 2677 2766 2797 2820 2823 2933 2948 2949 2968 3027 3092 3096 3219 3273 3341 3482 3629 3648 3700 3714 3759 3770 3772 3796 3817 4154 4178 4200 4438 4486 4508 4731 4807 4958 4979 4994
199	15	72	10	35 41 48 79 94 176 199 296 311 337 612 732 950 977 1005 1034 1151 1185 1193 1219 1325 1327 1415 1424 1532 1634 1703 1884 1952 1958 2031 2233 2261 2274 2327 2432 2491 2548 2667 2696 2822 2841 2877 3090 3102 3217 3300 3310 3407 3622 3708 3739 3892 3907 4236 4261 4301 4429 4547 4689 4712 4796 4881 4967
200	37	22	10	17 153 184 229 278 290 497 585 629 635 639 712 819 921 1076 1105 1187 1602 1660 1693 1806 1916 2009 2020 2116 2127 2322 2371 2445 2468 2486 2496 2618 2660 2716 2777 2871 2926 3130 3188 3345 3350 3373 3460 3588 3655 3698 3725 3753 3766 3889 4033 4047 4150 4151 4161 4297 4316 4331 4358 4386 4433 4486 4755 4838 4885
51	4	34	12	21 35 58 64 116 185 208 371 378 434 469 512 518 714 779 800 819 905 955 981 1027 1120 1152 1183 1234 1249 1252 1371 1506 1557 1575 1593 1608 1632 1757 1825 1938 2089 2238 2265 2512 2520 2631 2779 2834 2884 2927 2928 2947 3002 3064 3067 3127 3145 3148 3149 3163 3208 3287 3288 3296 3359 3374 3540 3618 3667 3707 3785 3936 3959 4019 4215 4248 4282 4310 4424 4519 4522 4556 4662 4713 4929 4987
82	23	42	10	47 196 270 405 425 451 472 524 602 625 881 1359 1466 1518 1587 1694 1708 1732 1736 1808 1840 1994 2070 2098 2250 2276 2301 2446 2457 2482 2510 2516 2615 2686 2735 2768 2786 2818 2838 2886 2933 2972 2982 2991 3198 3213 3351 3404 3572 3610 3625 3692 3742 3822 3847 3989 3990 4072 4194 4205 4292 4313 4320 4341 4490 4512 4568 4616 4639 4654 4760 4828 4942
189	12	35	12	13 105 171 178 201 235 328 334 444 448 509 524 740 744 762 767 791 855 863 909 1039 1047 1111 1123 1133 1143 1177 1243 1248 1411 1633 1684 1685 1707 1799 1806 1847 1854 2048 2093 2097 2282 2341 2391 2463 2571 2599 2684 2689 2705 2721 2753 2867 2967 3093 3119 3154 3314 3396 3449 3624 3749 3824 3882 3919 3953 4006 4007 4195 4218 4355 4357 4428 4445 4457 4479 4499 4557 4614 4644 4679 4738 4884
73	28	21	10	33 67 120 128 161 181 197 470 527 790 858 861 879 1073 1116 1201 1344 1389 1483 1681 1725 1846 1923 1945 2106 2338 2448 2453 2511 2574 2728 2951 2969 3059 3061 3077 3156 3183 3268 3361 3364 3592 3593 3638 3679 3731 3777 3855 4030 4113 4126 4179 4215 4300 4302 4309 4374 4435 4438 4506 4593 4638 4815 4871 4904 4943
110	26	100	12	15 79 92 131 264 377 429 564 683 743 856 875 888 937 989 991 1013 1079 1102 1155 1196 1209 1289 1309 1447 1518 1526 1709 1733 1739 1748 1836 1860 1922 2041 2107 2112 2131 2170 2229 2259 2262 2285 2369 2388 2592 2596 2612 2617 2646 2830 2869 2924 2970 3014 3049 3097 3129 3138 3153 3325 3402 3419 3554 3635 3755 3813 3880 3954 4299 4330 4331 4371 4402 4432 4446 4552 4594 4763 4778
44	17	44	10	6 29 97 338 420 475 677 806 834 844 1038 1200 1212 1254 1259 1282 1340 1427 1484 1579 1613 1628 1835 1999 2000 2068 2145 2162 2280 2331 2423 2508 2517 2662 2683 2704 2747 2873 2963 2988 3009 3057 3098 3111 3138 3229 3446 3486 3487 3564 3811 3815 3835 3850 3914 4111 4155 4207 4213 4234 4241 4332 4388 4419 4424 4612 4834
113	9	79	10	70 174 205 257 284 351 367 431 446 613 628 900 993 1082 1117 1147 1321 1618 1682 1689 1811 1834 1887 1925 1966 2024 2028 2077 2079 2246 2263 2433 2499 2597 2603 2613 2682 2821 2835 2854 2984 3103 3297 3391 3542 3577 3684 3723 3768 3799 3841 3867 3924 3949 4029 4067 4149 4223 4344 4353 4367 4501 4577 4602 4679 4711 4761 4772 4920 4994
109	10	57	10	20 111 211 291 293 397 454 532 664 848 854 986 1075 1109 1113 1195 1247 1263 1495 1533 1535 1623 1632 1641 1917 1932 2012 2037 2083 2088 2251 2292 2545 2609 2738 2795 2804 2980 3005 3089 3172 3178 3223 3240 3243 3409 3475 3546 3562 3672 3683 3838 3852 3858 3886 3970 3991 4087 4130 4399 4756 4829 4969
