Class Times	30
Rooms	40
1	461
2	286
3	184
4	643
5	331
6	285
7	759
8	934
9	101
10	887
11	901
12	948
13	410
14	751
15	487
16	800
17	253
18	725
19	181
20	126
21	19
22	987
23	910
24	925
25	53
26	402
27	512
28	922
29	934
30	521
31	215
32	365
33	910
34	666
35	376
36	857
37	57
38	479
39	878
40	284
Classes	700
Teachers	350
1	303
2	341
3	75
4	252
5	240
6	95
7	347
8	137
9	242
10	311
11	334
12	40
13	325
14	270
15	104
16	293
17	8
18	110
19	248
20	280
21	18
22	269
23	228
24	212
25	170
26	89
27	67
28	204
29	147
30	247
31	33
32	136
33	147
34	290
35	182
36	207
37	79
38	244
39	310
40	218
41	190
42	184
43	55
44	241
45	88
46	226
47	14
48	169
49	52
50	113
51	103
52	318
53	274
54	325
55	51
56	131
57	46
58	40
59	109
60	284
61	142
62	271
63	224
64	34
65	24
66	288
67	312
68	75
69	266
70	167
71	21
72	116
73	304
74	165
75	55
76	38
77	9
78	9
79	282
80	96
81	229
82	297
83	129
84	15
85	340
86	230
87	225
88	127
89	108
90	280
91	151
92	168
93	142
94	27
95	61
96	296
97	23
98	350
99	315
100	137
101	297
102	105
103	45
104	64
105	6
106	289
107	208
108	276
109	10
110	268
111	286
112	79
113	284
114	159
115	307
116	38
117	167
118	298
119	50
120	66
121	13
122	241
123	82
124	209
125	80
126	166
127	231
128	260
129	53
130	140
131	283
132	314
133	194
134	199
135	109
136	163
137	17
138	156
139	22
140	251
141	331
142	261
143	247
144	238
145	141
146	315
147	158
148	5
149	298
150	76
151	236
152	130
153	181
154	133
155	319
156	320
157	283
158	33
159	217
160	110
161	114
162	292
163	192
164	263
165	206
166	229
167	303
168	182
169	281
170	85
171	291
172	330
173	193
174	178
175	171
176	281
177	174
178	209
179	59
180	93
181	232
182	179
183	16
184	28
185	311
186	91
187	132
188	156
189	81
190	201
191	157
192	348
193	135
194	258
195	277
196	286
197	279
198	119
199	319
200	85
201	288
202	73
203	305
204	287
205	72
206	207
207	258
208	287
209	118
210	104
211	188
212	82
213	103
214	166
215	269
216	92
217	329
218	264
219	242
220	117
221	198
222	10
223	71
224	316
225	332
226	307
227	276
228	308
229	120
230	145
231	236
232	177
233	145
234	188
235	220
236	235
237	178
238	240
239	215
240	136
241	171
242	233
243	226
244	232
245	90
246	13
247	194
248	80
249	306
250	348
251	3
252	342
253	203
254	215
255	314
256	4
257	340
258	342
259	4
260	321
261	244
262	177
263	172
264	185
265	328
266	35
267	133
268	289
269	205
270	260
271	57
272	217
273	23
274	246
275	116
276	50
277	172
278	1
279	113
280	69
281	256
282	95
283	265
284	150
285	189
286	169
287	237
288	16
289	7
290	146
291	291
292	37
293	138
294	37
295	271
296	7
297	321
298	81
299	202
300	42
301	135
302	197
303	332
304	127
305	292
306	64
307	111
308	264
309	146
310	253
311	131
312	301
313	149
314	238
315	334
316	230
317	246
318	330
319	126
320	96
321	143
322	32
323	87
324	296
325	328
326	31
327	150
328	1
329	87
330	143
331	132
332	32
333	8
334	234
335	256
336	335
337	19
338	290
339	52
340	46
341	323
342	306
343	139
344	339
345	233
346	239
347	301
348	17
349	231
350	158
351	349
352	312
353	77
354	212
355	74
356	19
357	130
358	208
359	213
360	107
361	155
362	259
363	251
364	173
365	26
366	62
367	206
368	29
369	21
370	47
371	273
372	5
373	199
374	200
375	282
376	41
377	138
378	250
379	148
380	157
381	316
382	11
383	204
384	25
385	39
386	227
387	155
388	41
389	89
390	31
391	201
392	267
393	78
394	273
395	318
396	160
397	300
398	121
399	100
400	70
401	83
402	73
403	148
404	107
405	106
406	195
407	205
408	108
409	72
410	83
411	211
412	326
413	162
414	275
415	74
416	47
417	324
418	176
419	48
420	262
421	151
422	71
423	51
424	88
425	278
426	211
427	97
428	299
429	320
430	195
431	11
432	216
433	213
434	36
435	347
436	25
437	180
438	248
439	349
440	44
441	197
442	92
443	30
444	35
445	84
446	327
447	69
448	165
449	124
450	152
451	278
452	84
453	121
454	144
455	200
456	285
457	118
458	255
459	181
460	2
461	61
462	308
463	254
464	168
465	114
466	94
467	221
468	99
469	339
470	294
471	191
472	30
473	305
474	67
475	139
476	337
477	170
478	98
479	20
480	266
481	337
482	164
483	94
484	350
485	101
486	62
487	120
488	249
489	34
490	36
491	310
492	186
493	91
494	48
495	26
496	317
497	255
498	304
499	261
500	56
501	203
502	254
503	45
504	253
505	101
506	221
507	129
508	98
509	106
510	141
511	223
512	224
513	295
514	317
515	262
516	161
517	77
518	29
519	27
520	265
521	277
522	93
523	343
524	300
525	159
526	22
527	234
528	343
529	193
530	299
531	335
532	214
533	275
534	327
535	59
536	54
537	268
538	222
539	250
540	97
541	66
542	176
543	322
544	63
545	179
546	202
547	43
548	44
549	210
550	174
551	126
552	117
553	20
554	225
555	144
556	214
557	70
558	341
559	272
560	323
561	15
562	237
563	336
564	329
565	164
566	160
567	279
568	153
569	99
570	161
571	218
572	191
573	111
574	257
575	223
576	259
577	128
578	326
579	333
580	245
581	239
582	112
583	123
584	338
585	245
586	134
587	102
588	14
589	219
590	293
591	24
592	90
593	54
594	210
595	162
596	263
597	267
598	336
599	219
600	313
601	294
602	274
603	270
604	243
605	324
606	333
607	185
608	183
609	249
610	313
611	78
612	322
613	149
614	228
615	125
616	331
617	115
618	86
619	124
620	115
621	125
622	302
623	58
624	295
625	3
626	196
627	173
628	53
629	227
630	184
631	346
632	183
633	140
634	18
635	122
636	198
637	272
638	252
639	309
640	76
641	56
642	57
643	65
644	235
645	186
646	216
647	123
648	180
649	43
650	63
651	338
652	122
653	49
654	12
655	346
656	302
657	2
658	163
659	196
660	49
661	119
662	112
663	152
664	86
665	220
666	175
667	105
668	309
669	154
670	134
671	58
672	175
673	153
674	100
675	102
676	345
677	60
678	6
679	190
680	28
681	189
682	243
683	222
684	345
685	68
686	68
687	65
688	12
689	285
690	187
691	257
692	128
693	344
694	39
695	192
696	42
697	60
698	187
699	154
700	344
