Class Times	30
Rooms	40
1	217
2	381
3	657
4	377
5	22
6	474
7	305
8	47
9	582
10	299
11	382
12	192
13	566
14	172
15	319
16	16
17	419
18	709
19	995
20	127
21	245
22	216
23	568
24	952
25	834
26	607
27	952
28	728
29	223
30	318
31	507
32	441
33	96
34	68
35	480
36	588
37	971
38	53
39	535
40	41
Classes	700
Teachers	350
1	241
2	71
3	262
4	127
5	211
6	186
7	175
8	294
9	222
10	103
11	268
12	11
13	113
14	326
15	113
16	256
17	292
18	308
19	249
20	77
21	118
22	152
23	56
24	128
25	281
26	246
27	78
28	105
29	155
30	277
31	178
32	315
33	77
34	48
35	120
36	58
37	249
38	127
39	174
40	50
41	225
42	36
43	295
44	125
45	155
46	184
47	322
48	304
49	16
50	36
51	83
52	167
53	185
54	314
55	287
56	332
57	142
58	286
59	42
60	270
61	333
62	49
63	320
64	311
65	220
66	303
67	125
68	7
69	310
70	116
71	287
72	146
73	210
74	252
75	86
76	291
77	105
78	280
79	294
80	292
81	339
82	198
83	30
84	304
85	189
86	5
87	330
88	270
89	199
90	254
91	164
92	189
93	248
94	272
95	108
96	14
97	253
98	149
99	212
100	258
101	204
102	269
103	124
104	147
105	282
106	91
107	288
108	27
109	264
110	166
111	48
112	222
113	310
114	229
115	196
116	185
117	82
118	165
119	183
120	247
121	227
122	23
123	303
124	224
125	3
126	112
127	271
128	325
129	150
130	88
131	213
132	90
133	274
134	233
135	283
136	49
137	168
138	154
139	20
140	55
141	7
142	308
143	10
144	61
145	344
146	151
147	216
148	265
149	4
150	218
151	268
152	144
153	196
154	193
155	82
156	78
157	243
158	259
159	96
160	73
161	206
162	163
163	220
164	277
165	256
166	267
167	341
168	51
169	98
170	1
171	198
172	169
173	11
174	239
175	128
176	131
177	191
178	274
179	346
180	103
181	178
182	130
183	83
184	280
185	237
186	22
187	257
188	237
189	231
190	147
191	66
192	6
193	265
194	79
195	92
196	177
197	141
198	252
199	260
200	250
201	314
202	124
203	35
204	101
205	232
206	39
207	315
208	306
209	210
210	232
211	299
212	4
213	283
214	61
215	239
216	326
217	85
218	108
219	27
220	89
221	209
222	255
223	3
224	246
225	134
226	226
227	177
228	221
229	194
230	115
231	349
232	317
233	202
234	322
235	54
236	144
237	15
238	197
239	231
240	101
241	200
242	219
243	236
244	282
245	275
246	18
247	171
248	149
249	242
250	228
251	6
252	331
253	46
254	285
255	50
256	224
257	151
258	43
259	267
260	140
261	81
262	258
263	121
264	156
265	243
266	133
267	206
268	346
269	248
270	126
271	75
272	22
273	168
274	33
275	93
276	152
277	203
278	41
279	279
280	9
281	88
282	260
283	216
284	26
285	65
286	111
287	235
288	339
289	55
290	336
291	19
292	242
293	298
294	42
295	33
296	156
297	275
298	197
299	5
300	35
301	323
302	172
303	348
304	85
305	40
306	223
307	129
308	12
309	340
310	234
311	138
312	293
313	74
314	236
315	323
316	44
317	32
318	221
319	262
320	181
321	291
322	238
323	12
324	86
325	245
326	64
327	106
328	97
329	100
330	46
331	115
332	307
333	76
334	348
335	244
336	116
337	112
338	301
339	320
340	23
341	318
342	43
343	228
344	17
345	190
346	133
347	223
348	266
349	298
350	184
351	24
352	129
353	111
354	158
355	278
356	187
357	234
358	276
359	58
360	104
361	235
362	311
363	321
364	241
365	8
366	337
367	307
368	137
369	208
370	25
371	87
372	207
373	75
374	183
375	59
376	182
377	259
378	173
379	319
380	136
381	204
382	76
383	148
384	180
385	44
386	301
387	219
388	158
389	14
390	203
391	95
392	56
393	176
394	24
395	135
396	139
397	182
398	25
399	163
400	62
401	324
402	21
403	205
404	29
405	91
406	247
407	338
408	332
409	217
410	167
411	10
412	175
413	98
414	226
415	341
416	60
417	74
418	95
419	173
420	72
421	72
422	180
423	65
424	276
425	13
426	313
427	161
428	271
429	41
430	253
431	254
432	324
433	119
434	51
435	17
436	47
437	205
438	227
439	207
440	257
441	104
442	53
443	148
444	73
445	345
446	325
447	199
448	212
449	45
450	70
451	71
452	63
453	57
454	143
455	337
456	137
457	284
458	28
459	9
460	70
461	59
462	164
463	81
464	193
465	114
466	181
467	114
468	29
469	179
470	161
471	201
472	87
473	96
474	80
475	188
476	45
477	28
478	47
479	134
480	171
481	302
482	176
483	97
484	107
485	240
486	297
487	69
488	200
489	135
490	211
491	285
492	30
493	57
494	290
495	21
496	69
497	54
498	174
499	162
500	300
501	60
502	126
503	229
504	150
505	330
506	350
507	139
508	172
509	240
510	92
511	8
512	209
513	100
514	245
515	142
516	194
517	255
518	319
519	313
520	84
521	52
522	264
523	191
524	141
525	2
526	284
527	293
528	195
529	18
530	169
531	37
532	68
533	305
534	32
535	34
536	318
537	208
538	38
539	67
540	290
541	331
542	286
543	244
544	279
545	121
546	153
547	94
548	62
549	66
550	102
551	120
552	20
553	186
554	266
555	143
556	136
557	146
558	187
559	230
560	52
561	118
562	119
563	106
564	34
565	195
566	317
567	350
568	329
569	162
570	278
571	160
572	38
573	107
574	300
575	296
576	132
577	296
578	131
579	269
580	329
581	214
582	309
583	90
584	37
585	333
586	202
587	122
588	345
589	250
590	328
591	327
592	89
593	340
594	263
595	93
596	19
597	68
598	215
599	190
600	160
601	309
602	335
603	215
604	39
605	214
606	338
607	213
608	343
609	130
610	145
611	306
612	201
613	157
614	321
615	188
616	2
617	26
618	233
619	15
620	166
621	80
622	349
623	297
624	64
625	40
626	16
627	63
628	335
629	217
630	153
631	218
632	334
633	132
634	79
635	343
636	289
637	263
638	170
639	53
640	192
641	347
642	84
643	109
644	344
645	316
646	305
647	109
648	251
649	99
650	192
651	154
652	1
653	261
654	117
655	110
656	302
657	140
658	31
659	67
660	288
661	273
662	13
663	145
664	312
665	179
666	272
667	342
668	281
669	110
670	99
671	225
672	31
673	170
674	295
675	336
676	138
677	316
678	159
679	117
680	159
681	327
682	102
683	122
684	312
685	230
686	94
687	342
688	251
689	157
690	289
691	347
692	328
693	334
694	299
695	261
696	238
697	273
698	123
699	165
700	123
