Class Times	30
Rooms	40
1	969
2	889
3	447
4	345
5	716
6	374
7	969
8	440
9	704
10	726
11	297
12	878
13	963
14	938
15	448
16	11
17	15
18	796
19	426
20	407
21	340
22	824
23	390
24	935
25	902
26	754
27	562
28	640
29	653
30	113
31	20
32	372
33	501
34	426
35	993
36	272
37	359
38	841
39	826
40	827
Classes	700
Teachers	350
1	253
2	68
3	255
4	97
5	67
6	323
7	295
8	283
9	233
10	8
11	291
12	348
13	195
14	80
15	155
16	193
17	212
18	350
19	272
20	247
21	260
22	281
23	100
24	45
25	287
26	65
27	75
28	196
29	135
30	15
31	224
32	235
33	261
34	165
35	317
36	228
37	180
38	321
39	142
40	205
41	283
42	145
43	178
44	318
45	126
46	25
47	137
48	148
49	201
50	242
51	210
52	295
53	30
54	67
55	217
56	14
57	151
58	219
59	171
60	318
61	49
62	176
63	347
64	240
65	49
66	123
67	136
68	240
69	247
70	104
71	93
72	232
73	343
74	237
75	24
76	347
77	156
78	15
79	61
80	56
81	119
82	141
83	133
84	51
85	164
86	178
87	64
88	115
89	130
90	11
91	200
92	116
93	113
94	235
95	12
96	287
97	201
98	23
99	250
100	9
101	96
102	69
103	319
104	89
105	202
106	188
107	207
108	120
109	94
110	216
111	312
112	174
113	317
114	225
115	206
116	27
117	325
118	134
119	163
120	141
121	64
122	176
123	81
124	33
125	268
126	6
127	153
128	88
129	343
130	277
131	31
132	72
133	255
134	158
135	126
136	183
137	311
138	190
139	261
140	7
141	312
142	291
143	163
144	210
145	308
146	135
147	191
148	279
149	341
150	70
151	54
152	207
153	69
154	47
155	32
156	323
157	117
158	332
159	284
160	166
161	223
162	288
163	21
164	307
165	147
166	219
167	18
168	263
169	122
170	85
171	277
172	296
173	129
174	139
175	237
176	70
177	205
178	276
179	206
180	79
181	41
182	194
183	326
184	151
185	7
186	20
187	5
188	179
189	197
190	158
191	62
192	54
193	275
194	118
195	175
196	329
197	350
198	203
199	293
200	98
201	322
202	16
203	137
204	216
205	119
206	284
207	331
208	95
209	71
210	94
211	13
212	239
213	262
214	209
215	231
216	258
217	299
218	238
219	189
220	156
221	139
222	164
223	334
224	230
225	270
226	249
227	342
228	142
229	245
230	303
231	316
232	72
233	211
234	229
235	143
236	288
237	330
238	183
239	47
240	321
241	103
242	220
243	125
244	298
245	172
246	348
247	270
248	147
249	202
250	5
251	319
252	260
253	236
254	346
255	132
256	174
257	165
258	1
259	149
260	276
261	4
262	213
263	122
264	153
265	159
266	257
267	301
268	188
269	236
270	306
271	281
272	160
273	104
274	278
275	63
276	123
277	44
278	12
279	162
280	78
281	29
282	101
283	39
284	264
285	159
286	250
287	309
288	130
289	280
290	200
291	265
292	296
293	129
294	155
295	101
296	36
297	20
298	143
299	92
300	115
301	83
302	19
303	229
304	11
305	298
306	222
307	316
308	285
309	194
310	74
311	41
312	300
313	21
314	106
315	242
316	103
317	248
318	57
319	339
320	272
321	51
322	125
323	61
324	57
325	309
326	105
327	220
328	100
329	252
330	253
331	307
332	181
333	264
334	196
335	332
336	267
337	203
338	310
339	320
340	262
341	267
342	226
343	185
344	46
345	224
346	33
347	266
348	280
349	4
350	40
351	97
352	112
353	161
354	118
355	38
356	218
357	116
358	301
359	74
360	248
361	127
362	186
363	27
364	80
365	339
366	29
367	243
368	124
369	58
370	326
371	42
372	193
373	254
374	140
375	330
376	299
377	172
378	86
379	105
380	160
381	254
382	297
383	189
384	62
385	173
386	329
387	109
388	187
389	37
390	45
391	24
392	10
393	132
394	289
395	28
396	230
397	16
398	222
399	71
400	259
401	190
402	48
403	28
404	53
405	186
406	209
407	149
408	257
409	221
410	133
411	99
412	131
413	52
414	268
415	60
416	214
417	274
418	292
419	46
420	221
421	120
422	162
423	265
424	84
425	204
426	223
427	325
428	110
429	275
430	208
431	195
432	233
433	246
434	32
435	171
436	308
437	50
438	166
439	92
440	294
441	286
442	208
443	198
444	43
445	322
446	19
447	218
448	293
449	39
450	327
451	134
452	96
453	336
454	336
455	6
456	60
457	14
458	93
459	99
460	259
461	234
462	107
463	217
464	300
465	63
466	111
467	144
468	102
469	346
470	2
471	211
472	117
473	111
474	168
475	335
476	31
477	269
478	313
479	48
480	75
481	292
482	304
483	185
484	289
485	40
486	95
487	112
488	327
489	179
490	161
491	23
492	52
493	297
494	175
495	245
496	344
497	340
498	30
499	344
500	121
501	109
502	173
503	238
504	113
505	55
506	333
507	131
508	199
509	22
510	3
511	244
512	154
513	313
514	241
515	266
516	145
517	182
518	152
519	76
520	168
521	87
522	37
523	140
524	108
525	328
526	79
527	243
528	290
529	263
530	212
531	241
532	17
533	198
534	3
535	42
536	157
537	252
538	234
539	342
540	58
541	81
542	154
543	239
544	249
545	333
546	34
547	302
548	34
549	87
550	55
551	148
552	349
553	91
554	98
555	335
556	25
557	73
558	9
559	18
560	22
561	44
562	315
563	36
564	331
565	225
566	231
567	38
568	228
569	157
570	1
571	282
572	177
573	68
574	345
575	150
576	124
577	138
578	226
579	303
580	227
581	114
582	152
583	83
584	43
585	84
586	311
587	256
588	73
589	191
590	144
591	271
592	167
593	102
594	204
595	106
596	251
597	199
598	315
599	146
600	88
601	278
602	310
603	187
604	324
605	136
606	89
607	246
608	232
609	82
610	56
611	110
612	302
613	114
614	182
615	215
616	26
617	107
618	128
619	35
620	167
621	8
622	26
623	192
624	82
625	251
626	269
627	256
628	192
629	274
630	282
631	138
632	66
633	66
634	78
635	50
636	2
637	197
638	286
639	108
640	76
641	341
642	180
643	304
644	290
645	90
646	324
647	340
648	150
649	345
650	285
651	334
652	214
653	349
654	90
655	13
656	279
657	273
658	59
659	121
660	337
661	169
662	271
663	294
664	169
665	146
666	59
667	314
668	77
669	314
670	258
671	77
672	53
673	177
674	85
675	215
676	128
677	320
678	244
679	91
680	35
681	170
682	170
683	305
684	17
685	213
686	227
687	127
688	328
689	338
690	181
691	306
692	273
693	10
694	184
695	337
696	305
697	86
698	184
699	338
700	65
