Class Times	30
Rooms	40
1	216
2	462
3	576
4	235
5	50
6	204
7	425
8	583
9	275
10	194
11	28
12	798
13	885
14	864
15	59
16	673
17	764
18	569
19	650
20	735
21	559
22	889
23	61
24	603
25	198
26	326
27	971
28	92
29	307
30	449
31	933
32	510
33	37
34	806
35	484
36	935
37	943
38	797
39	280
40	744
Classes	700
Teachers	350
1	255
2	123
3	235
4	297
5	29
6	129
7	35
8	267
9	286
10	248
11	278
12	159
13	160
14	208
15	129
16	258
17	69
18	205
19	32
20	59
21	245
22	107
23	13
24	335
25	252
26	327
27	328
28	234
29	287
30	217
31	4
32	316
33	213
34	259
35	240
36	15
37	261
38	126
39	115
40	272
41	22
42	120
43	293
44	98
45	57
46	302
47	24
48	74
49	232
50	290
51	333
52	26
53	263
54	192
55	278
56	262
57	288
58	2
59	298
60	270
61	198
62	41
63	305
64	266
65	214
66	184
67	240
68	222
69	346
70	103
71	197
72	151
73	230
74	73
75	342
76	186
77	86
78	7
79	158
80	290
81	83
82	16
83	178
84	289
85	264
86	163
87	61
88	177
89	345
90	31
91	277
92	205
93	327
94	153
95	34
96	35
97	155
98	260
99	53
100	190
101	27
102	141
103	219
104	143
105	252
106	77
107	212
108	175
109	322
110	331
111	93
112	339
113	26
114	326
115	22
116	331
117	198
118	171
119	282
120	16
121	174
122	318
123	84
124	62
125	185
126	223
127	347
128	230
129	322
130	179
131	345
132	239
133	305
134	96
135	175
136	13
137	202
138	91
139	56
140	107
141	343
142	104
143	285
144	323
145	147
146	170
147	325
148	222
149	91
150	264
151	130
152	10
153	61
154	133
155	343
156	207
157	50
158	227
159	243
160	14
161	299
162	59
163	253
164	315
165	7
166	30
167	116
168	34
169	184
170	120
171	237
172	177
173	166
174	58
175	67
176	344
177	172
178	170
179	180
180	341
181	248
182	151
183	210
184	172
185	163
186	125
187	192
188	76
189	79
190	24
191	101
192	350
193	226
194	225
195	316
196	164
197	253
198	102
199	30
200	185
201	8
202	160
203	10
204	251
205	289
206	49
207	165
208	128
209	328
210	206
211	270
212	340
213	329
214	303
215	97
216	260
217	74
218	267
219	28
220	208
221	319
222	127
223	309
224	227
225	109
226	102
227	245
228	182
229	294
230	67
231	178
232	97
233	237
234	2
235	60
236	299
237	65
238	183
239	117
240	339
241	234
242	20
243	314
244	271
245	304
246	262
247	14
248	101
249	138
250	296
251	273
252	149
253	4
254	135
255	344
256	138
257	141
258	1
259	182
260	241
261	256
262	272
263	125
264	56
265	180
266	336
267	315
268	98
269	271
270	193
271	206
272	89
273	123
274	70
275	93
276	132
277	36
278	157
279	179
280	153
281	311
282	50
283	189
284	133
285	243
286	158
287	320
288	44
289	212
290	313
291	21
292	325
293	250
294	108
295	54
296	167
297	221
298	116
299	326
300	15
301	275
302	100
303	329
304	191
305	100
306	309
307	215
308	135
309	156
310	211
311	99
312	8
313	31
314	39
315	140
316	68
317	293
318	321
319	247
320	274
321	171
322	333
323	36
324	274
325	99
326	166
327	250
328	51
329	350
330	263
331	194
332	303
333	108
334	18
335	301
336	94
337	321
338	298
339	87
340	286
341	229
342	86
343	193
344	85
345	200
346	3
347	155
348	284
349	217
350	280
351	47
352	113
353	110
354	96
355	313
356	308
357	66
358	165
359	85
360	118
361	27
362	334
363	302
364	57
365	195
366	66
367	273
368	242
369	82
370	311
371	226
372	143
373	342
374	308
375	225
376	189
377	287
378	314
379	92
380	207
381	246
382	312
383	121
384	306
385	312
386	169
387	174
388	199
389	95
390	176
391	136
392	233
393	238
394	65
395	147
396	281
397	159
398	224
399	28
400	118
401	285
402	112
403	168
404	238
405	251
406	167
407	209
408	3
409	145
410	1
411	95
412	136
413	106
414	105
415	25
416	110
417	254
418	336
419	247
420	244
421	340
422	113
423	150
424	216
425	231
426	63
427	288
428	83
429	204
430	46
431	346
432	142
433	281
434	88
435	317
436	320
437	324
438	70
439	62
440	146
441	292
442	75
443	43
444	310
445	337
446	109
447	277
448	48
449	335
450	330
451	44
452	202
453	11
454	256
455	241
456	127
457	145
458	9
459	275
460	55
461	161
462	282
463	219
464	211
465	338
466	162
467	200
468	92
469	255
470	347
471	341
472	81
473	122
474	203
475	47
476	176
477	142
478	337
479	45
480	103
481	79
482	148
483	104
484	319
485	114
486	33
487	246
488	228
489	9
490	183
491	210
492	297
493	164
494	89
495	215
496	131
497	29
498	72
499	348
500	194
501	324
502	64
503	294
504	224
505	152
506	139
507	338
508	32
509	128
510	80
511	201
512	292
513	301
514	216
515	119
516	266
517	39
518	197
519	148
520	25
521	55
522	5
523	317
524	77
525	349
526	268
527	88
528	235
529	168
530	191
531	134
532	201
533	254
534	82
535	169
536	140
537	249
538	119
539	58
540	332
541	221
542	173
543	124
544	137
545	17
546	111
547	21
548	124
549	258
550	75
551	12
552	106
553	228
554	94
555	204
556	154
557	349
558	49
559	131
560	196
561	64
562	41
563	330
564	149
565	242
566	46
567	295
568	249
569	6
570	144
571	300
572	115
573	132
574	6
575	265
576	203
577	5
578	53
579	284
580	146
581	150
582	54
583	307
584	232
585	72
586	295
587	265
588	199
589	304
590	11
591	69
592	71
593	162
594	126
595	306
596	18
597	19
598	60
599	173
600	156
601	181
602	186
603	33
604	269
605	48
606	157
607	122
608	51
609	310
610	218
611	87
612	73
613	239
614	196
615	334
616	43
617	80
618	105
619	214
620	17
621	259
622	213
623	76
624	38
625	144
626	190
627	220
628	38
629	229
630	134
631	233
632	268
633	181
634	348
635	19
636	209
637	269
638	42
639	114
640	296
641	78
642	52
643	231
644	112
645	244
646	68
647	318
648	152
649	280
650	52
651	130
652	291
653	279
654	283
655	12
656	121
657	223
658	154
659	37
660	139
661	161
662	291
663	63
664	323
665	117
666	45
667	195
668	283
669	37
670	188
671	257
672	78
673	137
674	332
675	23
676	187
677	218
678	261
679	23
680	307
681	84
682	90
683	236
684	71
685	40
686	188
687	20
688	40
689	42
690	81
691	90
692	236
693	187
694	220
695	257
696	111
697	300
698	276
699	279
700	276
