Class Times	30
Rooms	40
1	45
2	544
3	234
4	465
5	967
6	861
7	25
8	829
9	291
10	219
11	819
12	513
13	443
14	217
15	837
16	696
17	483
18	304
19	667
20	905
21	948
22	898
23	742
24	989
25	847
26	920
27	712
28	721
29	497
30	449
31	526
32	941
33	249
34	158
35	574
36	493
37	274
38	378
39	473
40	764
Classes	700
Teachers	350
1	208
2	15
3	180
4	294
5	107
6	338
7	234
8	254
9	151
10	267
11	46
12	95
13	97
14	281
15	153
16	337
17	217
18	285
19	181
20	19
21	238
22	292
23	113
24	24
25	137
26	5
27	129
28	318
29	267
30	335
31	347
32	118
33	64
34	340
35	253
36	113
37	176
38	46
39	123
40	179
41	241
42	31
43	39
44	83
45	312
46	300
47	137
48	225
49	243
50	225
51	132
52	14
53	205
54	158
55	201
56	273
57	346
58	160
59	292
60	246
61	261
62	321
63	26
64	29
65	207
66	248
67	89
68	79
69	150
70	135
71	342
72	44
73	324
74	304
75	179
76	182
77	348
78	47
79	11
80	315
81	309
82	249
83	50
84	213
85	301
86	141
87	114
88	233
89	42
90	194
91	185
92	90
93	15
94	35
95	185
96	13
97	302
98	205
99	204
100	131
101	117
102	249
103	40
104	338
105	134
106	211
107	59
108	310
109	4
110	212
111	208
112	177
113	78
114	26
115	197
116	245
117	176
118	39
119	32
120	304
121	189
122	348
123	215
124	291
125	349
126	188
127	261
128	123
129	209
130	284
131	152
132	98
133	66
134	328
135	108
136	223
137	206
138	35
139	171
140	213
141	190
142	7
143	22
144	122
145	305
146	189
147	269
148	333
149	23
150	153
151	11
152	241
153	60
154	38
155	76
156	109
157	164
158	125
159	228
160	139
161	16
162	347
163	21
164	293
165	50
166	298
167	214
168	242
169	207
170	47
171	164
172	58
173	341
174	60
175	285
176	56
177	327
178	235
179	115
180	309
181	122
182	6
183	91
184	17
185	159
186	3
187	250
188	101
189	40
190	91
191	206
192	77
193	103
194	308
195	178
196	211
197	219
198	108
199	298
200	320
201	272
202	252
203	229
204	219
205	158
206	310
207	126
208	175
209	242
210	252
211	97
212	110
213	324
214	226
215	134
216	336
217	105
218	330
219	3
220	339
221	104
222	99
223	68
224	194
225	163
226	291
227	273
228	318
229	25
230	288
231	2
232	345
233	303
234	275
235	37
236	7
237	130
238	270
239	303
240	101
241	120
242	152
243	5
244	268
245	53
246	300
247	329
248	24
249	151
250	335
251	186
252	118
253	281
254	312
255	8
256	302
257	147
258	276
259	43
260	275
261	344
262	287
263	238
264	1
265	217
266	218
267	290
268	125
269	54
270	76
271	52
272	173
273	196
274	67
275	49
276	235
277	117
278	336
279	178
280	293
281	131
282	259
283	332
284	262
285	71
286	23
287	255
288	282
289	162
290	95
291	54
292	135
293	236
294	183
295	323
296	209
297	258
298	133
299	339
300	67
301	299
302	246
303	231
304	350
305	244
306	14
307	59
308	6
309	234
310	62
311	110
312	42
313	271
314	232
315	196
316	1
317	126
318	214
319	29
320	271
321	112
322	169
323	30
324	105
325	350
326	52
327	184
328	342
329	167
330	85
331	93
332	141
333	269
334	195
335	172
336	272
337	49
338	32
339	157
340	257
341	233
342	132
343	45
344	190
345	184
346	320
347	183
348	283
349	147
350	70
351	115
352	284
353	161
354	323
355	197
356	65
357	247
358	316
359	274
360	198
361	259
362	168
363	62
364	56
365	74
366	345
367	280
368	328
369	2
370	77
371	173
372	210
373	262
374	112
375	237
376	75
377	168
378	200
379	332
380	160
381	210
382	87
383	25
384	322
385	200
386	283
387	311
388	230
389	12
390	346
391	243
392	36
393	290
394	144
395	218
396	263
397	103
398	89
399	4
400	156
401	181
402	265
403	186
404	88
405	180
406	167
407	212
408	43
409	193
410	247
411	295
412	45
413	94
414	341
415	286
416	295
417	171
418	162
419	321
420	288
421	136
422	22
423	199
424	44
425	270
426	260
427	127
428	92
429	317
430	148
431	161
432	69
433	248
434	306
435	319
436	230
437	232
438	317
439	223
440	337
441	129
442	172
443	226
444	145
445	203
446	150
447	316
448	130
449	145
450	239
451	250
452	330
453	36
454	177
455	301
456	70
457	86
458	305
459	69
460	19
461	38
462	227
463	227
464	282
465	109
466	268
467	106
468	99
469	66
470	142
471	61
472	100
473	279
474	78
475	222
476	157
477	343
478	182
479	127
480	86
481	325
482	239
483	111
484	329
485	104
486	237
487	10
488	199
489	55
490	191
491	111
492	327
493	33
494	265
495	30
496	251
497	33
498	155
499	326
500	79
501	280
502	88
503	31
504	307
505	231
506	71
507	27
508	57
509	251
510	119
511	58
512	133
513	192
514	278
515	57
516	331
517	216
518	16
519	192
520	264
521	155
522	124
523	154
524	94
525	315
526	96
527	128
528	84
529	72
530	100
531	96
532	216
533	334
534	68
535	325
536	314
537	28
538	8
539	121
540	224
541	34
542	174
543	187
544	21
545	296
546	263
547	75
548	287
549	276
550	148
551	258
552	286
553	203
554	245
555	255
556	139
557	195
558	215
559	74
560	72
561	51
562	166
563	120
564	156
565	326
566	308
567	61
568	163
569	331
570	142
571	146
572	83
573	306
574	18
575	140
576	84
577	175
578	116
579	221
580	169
581	98
582	37
583	228
584	294
585	18
586	159
587	154
588	170
589	102
590	165
591	53
592	188
593	260
594	20
595	198
596	114
597	64
598	224
599	149
600	277
601	170
602	17
603	41
604	274
605	48
606	222
607	299
608	187
609	149
610	63
611	51
612	144
613	27
614	136
615	297
616	90
617	264
618	193
619	73
620	349
621	191
622	10
623	319
624	65
625	85
626	116
627	204
628	343
629	289
630	106
631	20
632	307
633	256
634	93
635	73
636	297
637	256
638	128
639	81
640	334
641	102
642	92
643	257
644	174
645	81
646	244
647	201
648	138
649	240
650	138
651	41
652	279
653	313
654	13
655	146
656	278
657	313
658	266
659	165
660	289
661	314
662	236
663	121
664	28
665	63
666	202
667	80
668	48
669	166
670	254
671	124
672	55
673	119
674	34
675	344
676	202
677	87
678	240
679	143
680	12
681	333
682	340
683	107
684	322
685	229
686	253
687	296
688	9
689	311
690	266
691	277
692	221
693	9
694	220
695	143
696	82
697	82
698	80
699	140
700	220
