Course	Room	Teacher	Time	Students
240	9	185	2	222 356 652 777 789 993 1015 1145 1165 1313 1348 1382 1417 1660 1662 1707 1762 1802 1882 1886 1953 2095 2156 2262 2410 2455 3309 3407 3681 3827 3930 4031 4133 4399 4479 4630 4645 4845 4974
290	29	343	2	31 56 116 281 424 514 567 655 730 1158 1199 1341 1503 1537 1741 1806 1934 2147 2333 2334 2477 2810 2991 3047 3151 3164 3233 3409 3598 3694 3754 3787 3888 4119 4125 4317 4536 4589 4920 4990
128	16	107	2	17 61 127 433 454 673 790 809 825 877 881 1035 1277 1283 1632 1817 1989 1997 2216 2286 2412 2640 2803 2865 2875 2884 3026 3066 3214 3302 3421 3459 3729 3780 4184 4271 4448 4769 4874 4936
275	3	223	2	3 8 9 53 170 196 580 681 922 1342 1533 1679 1849 1904 1926 1927 1964 2062 2231 2426 2518 2822 2823 2911 2966 3015 3277 3540 3630 3824 4050 4198 4371 4398 4421 4706
460	31	228	2	25 94 349 636 820 1044 1194 1256 1365 1372 1416 1529 1580 1586 1595 1669 1751 1831 1981 2241 2298 2659 2676 2855 2883 3057 3090 3094 3109 3283 3475 3579 4176 4396 4561 4798 4800
650	14	268	2	202 263 306 332 626 701 710 844 909 931 932 1351 1426 1432 1446 1501 1645 1681 2119 2204 2423 2464 2546 2598 2863 3130 3208 3242 3388 3466 3642 3744 3757 4372 4373 4473 4837 4876 4908 4969
175	25	231	2	24 120 264 784 912 968 1293 1303 1305 1346 1644 1922 2380 2522 2609 2668 2848 2937 3262 3492 3581 4014 4020 4044 4066 4155 4259 4478 4686 4719 4732 4817 4843 4889 4919
214	2	156	2	19 168 193 381 482 492 623 735 982 1012 1029 1097 1244 1254 1324 1596 1619 1892 1931 1994 2001 2508 2619 2663 2857 2893 3002 3318 3666 3740 3836 3871 4541 4571 4637 4749 4767 4803
292	36	55	2	167 172 426 490 630 911 939 1614 1704 1857 1993 2089 2249 2308 2605 2660 2844 2864 2928 3017 3022 3037 3457 3550 3574 3806 3853 3927 3965 4140 4366 4401 4411 4466 4692 4701 4898
15	38	92	2	29 37 103 152 337 358 445 471 606 695 998 1203 1297 1356 1937 2272 2429 2509 2566 2588 2724 3036 3139 3163 3312 3486 3727 3910 3982 4029 4168 4265 4477 4669
59	39	165	2	79 118 134 161 205 253 470 664 678 770 802 915 1517 1778 2014 2059 2170 2377 2577 2802 2818 3137 3291 3651 3664 3708 4206 4225 4230 4425 4775
83	5	260	2	119 362 415 486 596 644 723 925 1234 1618 1713 1725 1768 1818 2077 2203 2284 2433 2551 3019 3043 3209 3426 3739 3745 3839 3929 4011 4169 4322 4593 4688 4913 4970 4985
132	37	93	2	236 304 573 631 819 826 836 837 1128 1142 1485 1502 1555 1721 1935 2080 2218 2396 2474 2733 2979 3099 3232 3284 3351 3546 3617 3623 3640 3884 4159 4187 4638 4714 4765 4781 4959
166	18	14	2	177 214 240 530 765 767 818 1209 1401 1598 1630 1726 1739 1766 1919 1996 2011 2226 2398 2504 3183 3345 3355 3523 3603 3715 3868 3896 4091 4356 4534 4562 4565 4580 4696 4830 4978
261	13	186	2	32 60 342 410 439 519 684 890 908 936 1247 1391 1613 1678 2046 2176 2214 2567 2677 2915 3143 3188 3191 3307 3501 3560 3614 3657 3682 3986 4343 4440 4453 4795 4851 4856 4884 4922 4983
585	33	209	2	748 775 829 1105 1251 1287 1461 1464 1514 1584 1717 2008 2328 2472 2697 3041 3060 3199 3228 3237 3292 3368 3433 3526 3973 4056 4123 4158 4175 4252 4277 4290 4495 4520 4707 4741 4900 4953
587	1	53	2	85 231 378 570 581 745 746 1057 1173 1274 1527 1836 2137 2269 2571 2816 2972 3116 3125 3504 3534 3562 3858 4183 4424 4465 4505 4549 4601 4728 4883 4964 4982
32	7	15	2	12 75 400 419 476 685 772 840 937 1016 1048 1298 1354 1389 1457 1513 1524 1727 2063 2065 2417 2537 2639 2711 2779 2869 3425 3580 3652 3688 3785 4138 4353 4531 4535 4677 4958
68	34	84	2	36 104 256 345 460 496 554 560 566 954 1024 1472 1631 1710 1753 1786 2116 2630 2684 2820 2987 3028 3289 3319 3481 3627 3810 3984 4009 4333 4460 4551 4711 4813 4826 4897
152	9	107	4	45 107 120 130 153 351 663 728 956 1352 1482 1809 1817 1955 2182 2200 2375 2388 2689 2711 2828 3022 3450 3513 3518 3683 4008 4019 4149 4288 4507 4532 4720 4755 4945
156	20	204	2	89 98 355 456 545 714 768 1168 1223 1319 1327 1404 1490 1548 1567 1570 1646 1695 2374 2615 2760 2794 2834 2853 2996 3181 3213 3377 3471 3600 4143 4432 4470 4615 4790
298	35	183	2	114 447 512 875 951 1288 1522 1557 1649 1891 2044 2133 2154 2322 2402 2880 2887 2990 3259 3261 3263 3310 3424 3535 3865 3937 3961 4246 4439 4590 4596 4641 4667 4702 4829
331	10	70	2	229 246 300 654 834 967 1118 1539 1743 1758 1913 1947 1998 2256 2339 2922 3018 3098 3113 3339 3379 3590 3591 3609 3610 3670 3703 3734 3995 4074 4235 4328 4489 4497 4547 4605
432	32	16	2	51 268 294 310 325 466 716 856 883 913 1003 1408 1538 1799 2085 2244 2461 2505 2558 2617 2800 2945 3544 3690 3750 3813 3860 3878 4079 4117 4451 4564 4632
436	21	23	2	81 82 287 493 555 603 611 933 983 1031 1215 1440 1475 1577 1873 1890 2118 2373 2525 2614 2707 2871 2902 3001 3089 3529 3625 3766 4197 4202 4254 4281 4303 4461 4783 4926
632	26	233	2	129 508 871 904 980 985 1540 1807 2113 2117 2128 2293 2570 2712 3059 3347 3472 3553 3583 3668 3699 3924 4065 4097 4463 4528 4559 4602 4689 4777 4815 4863 4886
52	11	170	2	54 57 146 207 485 499 879 1227 1312 1314 1412 1720 1910 2145 2289 2573 2682 2799 2957 3093 3203 3243 3354 3415 3446 3656 3663 4160 4195 4374 4378 4583 4869 4909 4925
94	12	21	2	28 132 318 525 683 876 978 1061 1745 2140 2265 2554 2665 2720 2731 2770 3131 3439 3518 3538 3669 3786 3864 4068 4223 4319 4335 4340 4552 4623 4627
108	40	113	2	67 266 451 468 503 813 841 965 1007 1185 1189 1422 1493 1549 1769 1821 1856 1907 2033 2930 2939 3025 3044 3397 3417 3470 3906 3915 4130 4220 4269 4336 4546 4554 4598 4893
116	29	186	4	125 220 298 342 374 433 698 727 809 823 1137 1189 1353 1431 1495 1522 1826 2032 2263 2336 2580 2923 3030 3134 3444 3484 3538 3633 3883 3909 4160 4167 4211 4236 4648 4834 4845
186	15	269	2	778 919 1111 1697 1722 1729 1811 1822 1930 2199 2238 2282 2415 2449 2699 2826 2938 3366 3389 3584 3678 3686 3863 4022 4174 4248 4268 4540 4543 4685 4921
291	4	299	2	536 546 628 712 741 761 1001 1033 1125 1500 1587 1948 2260 2425 2561 2838 3210 3512 3613 3700 3776 3939 4069 4092 4282 4337 4642 4756 4771 4804 4816 4821 4862
309	6	83	2	102 185 259 309 576 602 660 870 1110 1169 1418 1556 1610 1833 1999 2562 2602 2607 2806 3016 3046 3086 3088 3251 3548 3873 3931 4118 4270 4318 4915
321	24	168	2	194 241 416 417 500 539 605 811 984 1002 1063 1137 1258 1421 1483 1572 1888 2368 2430 2574 2616 2695 3136 3369 3391 3547 3985 4104 4173 4247 4435 4578 4586 4622
342	30	289	2	106 321 436 650 1119 1347 1400 1510 1666 1724 1782 1784 1906 2066 2159 2283 2356 2437 2471 2563 2795 3272 3282 3449 3536 3701 3816 4001 4262 4305 4422 4928
384	22	64	2	64 178 559 692 1047 1067 1180 1198 1212 1339 1489 2039 2173 2215 2255 2329 2352 2843 2872 2879 3085 3335 3602 3795 3835 4084 4109 4263 4550 4608 4649 4757 4810 4860 4960
430	19	47	2	35 62 1027 1049 1108 1109 1405 1456 1471 1520 1563 1870 2100 2180 2507 2755 2765 2912 2916 3333 3394 3496 3522 3741 3881 3948 4141 4253 4462 4523 4607 4949
634	23	218	2	117 422 462 464 997 1070 1265 1276 1554 1561 1604 1874 1878 2086 2212 2247 2252 2355 2641 2709 3129 3190 3206 3314 3458 3533 3589 3616 4200 4224 4296 4930 4975
647	8	288	2	7 20 158 184 204 295 550 645 647 930 1262 1307 1361 2075 2230 2511 2528 2621 2702 3058 3070 3154 3189 3308 4106 4267 4301 4469 4662 4676 4932
41	27	278	2	34 124 162 333 407 557 740 828 1098 1535 1680 1708 1759 1905 1965 2060 2144 2299 2335 2462 2589 2762 3296 3483 3527 3774 4002 4043 4094 4359 4389 4457 4776 4834 4880
73	17	87	2	450 488 586 851 886 1248 1474 1569 1840 2302 2376 2636 2703 2778 2852 2947 3005 3006 3096 3110 3563 3568 3758 3790 3845 3877 4387 4693 4753 4941 4989 4993
158	28	100	2	93 227 297 718 867 995 1096 1410 1512 1694 1792 1804 1969
176	16	230	4	296 311 352 480 559 788 935 1083 1282 1485 1551 1994 2219 2358 2359 2410 2509 2792 2938 2945 3269 3799 4127 4326 4448 4541 4581 4677 4736 4860 4930
212	3	155	4	112 511 558 656 900 930 946 993 996 1038 1202 1320 1686 1941 1943 1948 2165 2290 2522 2560 2565 2939 2987 3090 3121 3173 3210 3294 3760 4187 4292 4332 4436 4717
268	31	220	4	399 513 709 736 804 875 1146 1594 1634 1894 2001 2518 2536 2683 2906 2934 3078 3360 3368 3403 3529 3749 4034 4060 4439 4482 4495 4737 4949
368	14	27	4	15 384 454 957 973 1030 1301 1306 1711 2205 2256 2273 2520 2534 2589 2877 2929 2955 2975 3211 3264 3572 3746 3812 3910 4226 4233 4244 4318 4521 4596 4675 4795 4917
375	25	265	4	363 426 649 747 990 1034 1296 1378 1587 1600 1749 1813 1942 1945 2004 2064 2092 2218 2750 2768 3081 3156 3807 3821 3951 4107 4158 4476 4499 4786 4807 4914
516	2	307	4	7 508 731 738 798 1020 1077 1135 1153 1205 1407 1775 2190 2193 2244 2344 2406 2462 2558 2620 3061 3301 3561 3738 3744 3963 3971 4130 4410 4549 4635 4733 4744 4986
556	36	173	4	136 276 330 665 669 766 1188 1209 1425 1443 1617 1660 1954 2073 2083 2310 2424 2440 2709 3346 3347 3889 3941 4166 4352 4356 4489 4553 4628 4779
565	38	23	4	95 137 266 482 595 762 797 868 1132 1192 1290 1502 1628 1821 1843 1884 1929 2101 2235 2646 2726 2933 2978 3053 3240 3611 3972 4058 4202 4607 4623 4697 4726 4778 4968
576	39	256	4	434 661 953 986 1340 1644 1687 1880 1930 2053 2097 2138 2142 2322 2409 2421 2458 3037 3291 3306 3668 3908 4013 4054 4186 4370 4385 4557 4650 4714 4725 4792
623	5	26	4	67 231 407 750 824 927 1122 1229 1571 1606 1618 1652 1654 1855 2445 2516 2585 2672 2729 2746 2783 2936 3019 3116 3298 3487 3855 3933 3959 4045 4348 4723 4852 4868
687	37	188	4	2 181 205 216 326 406 456 633 1032 1500 1629 1710 1733 2201 2416 3235 3375 3431 3533 3586 3792 4074 4114 4152 4197 4406 4469 4563 4649 4657 4973
690	18	207	4	166 259 260 550 683 761 963 1040 1113 1178 1185 1210 1217 1588 1676 1756 1859 1869 1975 2086 2175 2296 2352 2681 2924 3143 3447 3750 4030 4274 4305 4808 4828 4863
168	13	121	4	106 318 331 341 517 655 780 796 1042 1045 1096 1108 1237 1419 1526 1562 2099 2181 2596 2851 3035 3267 3745 4170 4517 4548 4604 4814 4857
169	33	61	4	47 59 328 420 620 680 1608 1667 1709 2276 2319 2428 2624 2974 2985 3040 3058 3226 3348 3479 3560 3811 3968 4136 4285 4450 4465 4542 4656 5000
332	1	117	4	178 263 436 443 523 536 880 1196 1533 1638 1683 1691 1842 1885 2035 2128 2321 2566 2631 2704 2807 3000 3217 3475 3556 3568 3644 3761 3835 4025 4266 4272 4341 4390 4698
441	7	135	4	168 319 759 769 1100 1148 1179 1383 1497 1663 1702 1803 1811 1848 1868 2156 2299 2300 2429 2447 2715 2743 2863 2932 2960 3148 3357 3578 3646 3661 3794 3924 3940 3948 4291
447	34	159	4	58 435 542 628 679 887 1297 1445 1449 1460 1593 1639 1641 1805 2068 2069 2179 2260 2519 2649 2718 3247 3428 3473 3520 3710 3714 3950 4121 4325 4457 4644 4724
480	20	308	4	364 772 1224 1235 1753 1937 2188 2222 2346 2365 2395 2402 2443 2457 2703 2716 2881 3102 3106 3302 3628 3818 4003 4064 4087 4283 4388 4629 4701 4760 4806 4839 4864
495	35	270	4	127 195 455 735 886 1087 1258 1386 1390 1789 1822 1961 2071 2773 2986 3003 3104 3192 3262 3421 3507 3620 3675 3694 3880 4059 4299 4315 4345 4367 4781 4918 4961
502	10	130	4	83 165 368 397 758 1130 1197 1332 1544 1559 1731 1831 2147 2223 2272 2301 2760 3155 3281 3465 3491 3713 3716 3718 3743 3769 3917 4071 4243 4339 4574 4800 4921
504	32	196	4	78 134 252 572 609 856 936 1005 1037 1060 1264 1265 1389 1677 1876 1908 2323 3056 3230 3242 3279 3687 3766 3903 3913 3936 4199 4251 4346 4437 4633 4654 4695 4877
573	21	164	4	158 218 347 504 608 975 995 997 1064 1242 1371 1408 1474 1525 1642 1712 1760 2161 2255 2543 2648 2651 2656 2662 2675 2741 3162 3181 3500 3729 4024 4131 4716 4920 4962
601	26	178	4	221 403 719 805 839 1650 1940 1971 2002 2123 2160 2474 2669 2922 2941 2988 3152 3535 3552 3638 3705 3730 3764 3953 3982 4017 4095 4302 4336 4522 4665 4880 4899 4979
627	11	322	4	233 267 388 1145 1243 1309 1334 1364 1468 1519 1584 1640 1719 1728 1944 3139 3224 3350 3639 3945 3949 4102 4176 4214 4234 4468 4704 4750 4768 4873 4885
633	12	341	4	339 440 449 635 773 833 943 985 1208 1398 1549 1565 1801 2028 2173 2254 2341 2478 2647 2782 3168 3364 3434 3553 3593 3621 3726 3897 4145 4329 4978
646	40	189	4	128 268 269 375 922 941 1009 1406 1949 1982 1993 2022 2115 2139 2349 2411 2517 2632 2735 2845 2983 3558 4005 4115 4316 4558 4670 4776 4943 4965
2	15	28	4	51 53 183 253 278 356 416 532 776 1090 1692 2129 2404 2486 2496 2526 2556 2875 2935 3048 3083 3253 3320 3409 3916 4033 4089 4275 4461 4610 4622 4667 4907
47	4	191	4	62 248 404 408 413 524 958 1287 1483 1816 1938 2093 2126 2135 2337 2434 2666 2699 2827 2901 3072 3308 3420 3543 3843 3899 3943 4062 4282 4470 4773 4841
81	6	271	4	336 350 753 983 1079 1203 1279 1547 1703 1990 2157 2281 2540 2549 2575 2633 2687 2791 2838 3170 3832 3891 3974 4076 4143 4625 4730 4876 4981 4989
95	24	141	4	91 113 180 615 811 894 1168 1289 1578 1616 1718 1978 2054 2439 2657 2671 2706 2813 2821 2861 2946 3068 3581 3709 4154 4245 4254 4361 4460 4782 4820 4879
109	30	315	4	191 377 441 462 551 692 765 787 1024 1026 1366 1486 1581 1666 1883 2355 2694 2772 3047 3095 3124 3324 3458 3508 3597 4044 4281 4420 4435 4897 4975
124	22	157	4	173 186 324 428 477 535 612 988 1095 1665 1716 2047 2168 2197 2420 2670 2836 3029 3243 3372 3461 3612 3686 3858 4084 4118 4324 4422 4440 4578 4734 4967
145	19	231	4	187 250 297 396 782 827 857 928 1154 1186 1281 1317 1363 1611 2242 2318 2386 2613 2803 2804 2835 3136 3185 3892 3973 3992 4327 4372 4591 4923 4954
185	23	109	4	313 343 453 589 600 714 757 799 858 1002 1344 1462 1464 1762 1785 2061 2317 2407 2465 2837 2907 3702 3732 3817 3980 4147 4289 4309 4357 4683 4718 4850
196	8	3	4	389 560 597 626 733 899 1292 1310 1413 1452 1550 1879 2432 2471 2962 3157 3199 3268 3292 3413 3433 3614 3742 3758 3956 3989 4359 4433 4564 4653 4941 4955
239	27	127	4	305 340 419 574 730 911 915 948 1093 1115 1161 1271 1530 1537 1609 2216 2371 2484 2733 2977 3225 3284 3703 3777 3804 3867 4057 4438 4531 4593
257	17	4	4	111 257 288 300 672 723 1365 1420 1436 1647 2023 2297 2441 2464 2833 3122 3197 3227 3260 3468 3895 3947 4037 4046 4171 4185 4250 4430 4500 4655 4719 4842
288	28	182	4	190 378 570 671 774 783 902 1043 1127 1387 1910 1918 2230
289	9	66	6	63 111 126 275 420 948 962 1093 1255 1325 1613 2216 2549 2646 2876 3024 3051 3311 3433 3576 3718 3803 3929 4102 4330 4528 4575 4781 4896 4909 4952
299	29	181	6	43 181 274 405 467 620 793 852 1134 1197 1418 1507 1812 1871 1945 2220 2584 2693 2710 2783 2895 2918 3248 3341 3465 3590 3771 4234 4454 4560 4951
301	16	246	6	179 505 756 925 1015 1054 1454 1469 1770 1876 1939 2150 2293 2322 2395 2683 2706 2775 3193 3269 3454 3739 3814 4038 4222 4240 4251 4407 4458 4506 4526 4835
319	3	109	6	577 621 705 1188 1401 1508 1633 1830 1959 1987 2113 2187 2608 2625 2676 2708 2937 2939 2984 3525 3621 3637 3719 3935 3969 3981 4110 4255 4273 4529 4760 4788 4857
361	31	330	6	269 473 726 729 1047 1066 1103 1131 1229 1244 1377 1433 1460 1497 1582 1797 1845 1848 2043 2535 2830 2911 2989 3524 3567 3677 3702 3994 4065 4142 4158 4342 4562 4731
367	14	297	6	171 178 894 1104 1530 1635 1791 1900 2277 2291 2390 2540 2541 2556 2718 2724 3066 3087 3122 3201 3279 3482 3849 3917 4108 4169 4486 4733 4789 4936
388	25	232	6	148 157 248 379 441 442 479 641 658 702 918 1182 1224 1330 1402 1649 2229 2448 2791 2799 2808 2839 3511 3733 4197 4232 4571 4673 4727 4822 4883 4891 4914
466	2	14	6	207 287 414 437 517 694 1267 1529 1967 1979 2108 2363 2592 2610 2641 2914 3128 3501 3533 3755 3766 3773 3901 4026 4027 4070 4310 4372 4738 4977
498	36	221	6	24 463 468 491 546 808 863 919 1044 1102 1129 1373 1847 1854 2088 2231 2326 2664 2701 2819 2863 2910 3250 3612 3632 3664 3709 3894 4064 4125 4742 4770 4848
505	38	285	6	49 161 215 399 506 544 1006 1007 1163 1376 1689 1690 1715 2015 2172 2385 2698 2728 2758 3238 3300 3321 3423 3630 3747 3964 4004 4137 4700 4723 4787
513	39	145	6	58 130 132 165 347 457 462 682 824 897 1175 1544 1712 1749 1800 2016 2240 2242 2311 2333 2360 2400 2475 2539 2776 2877 2905 2987 3247 3391 3417 3464 4123 4135 4880
519	5	121	6	291 339 647 670 687 697 1310 1562 1920 1969 2030 2203 2245 2303 2643 2771 2971 2983 3067 3544 3844 3958 4012 4356 4450 4660 4910
528	37	38	6	27 319 350 733 861 1110 1295 1315 1395 1682 1776 1780 1787 2106 2314 2429 2587 2618 2632 2960 3233 3308 3318 3435 3767 4105 4206 4215 4365 4588 4592
532	18	204	6	78 342 369 432 650 668 1074 1130 1164 1174 1259 1301 1795 1827 2045 2128 2527 2542 2921 3198 3495 3792 4213 4284 4324 4418 4538 4619 4626 4887
554	13	180	6	135 142 147 193 392 618 648 711 838 891 1594 1646 1813 2008 2107 2208 2262 2267 2365 2434 2759 3030 3334 3602 3695 3811 4000 4193 4561 4565 4594 4855
589	33	114	6	12 424 472 724 746 807 868 958 1227 1235 1312 1799 2224 2597 2622 2628 3080 3142 3437 3605 3727 4157 4212 4323 4358 4382 4419 4474 4556 4649 4679 4694 4890 4902
594	1	75	6	206 364 512 1002 1202 1294 1579 1808 1989 1990 2285 2349 2491 2675 3032 3177 3303 3393 3456 3488 3541 3558 3598 3647 3754 3815 3970 4172 4301 4343 4559 4764
630	7	239	6	28 41 114 333 717 892 969 1139 1495 1601 1708 2068 2121 2359 2371 2426 2891 2998 3052 3125 3392 3611 3726 3999 4150 4180 4252 4664 4796 4980
676	34	53	6	107 759 835 976 1081 1128 1276 1480 1608 1889 1975 2259 2347 2492 2532 2723 2738 2827 2880 2909 2968 3237 3542 3851 4369 4681 4869 4924
46	20	215	6	208 613 846 1156 1846 2009 2064 2140 2362 2501 2684 2804 2805 2818 2840 3054 3055 3075 3105 3509 3761 3912 3975 4085 4227 4274 4306 4423 4468 4606 4935 4943
67	35	317	6	119 182 812 1157 1357 1422 1748 1872 2302 2317 2415 2957 2978 3194 3216 3234 3615 3781 3833 3962 3976 4163 4196 4291 4319 4354 4503 4634 4678 4908 4929 4953
105	10	130	6	607 814 881 938 1296 1449 1502 2006 2025 2048 2059 2180 2261 2269 2329 2373 2919 3022 3085 3200 3264 3292 3368 3448 3497 3517 4360 4429 4658 4659 4680 4999
155	32	205	6	59 92 176 187 244 1078 1095 1350 1404 1501 1516 1576 1772 1882 2236 2246 2464 2513 2735 2744 2904 3148 3778 3931 4165 4373 4384 4739 4839 4842
160	21	40	6	183 348 396 884 1052 1075 1424 1434 1455 1622 2029 2204 2528 2563 3361 3503 3791 3909 3968 4060 4138 4205 4231 4321 4352 4432 4752 4811 4899 4992
164	26	213	6	71 95 105 329 365 511 612 633 690 781 928 1521 1699 1768 2417 2499 2634 2695 2754 2846 3408 3422 3474 3536 3740 3820 4086 4167 4171 4602
193	11	8	6	86 353 590 622 905 1033 1092 1209 1300 1585 1653 1696 1837 1852 1853 1919 1970 2011 2119 2295 2530 2719 2950 3337 3546 3828 4170 4257 4414 4577 4611 4710 4756 4928
194	12	4	6	34 308 444 596 732 859 944 1049 1245 1337 1379 1394 1481 1798 2309 2404 2700 2837 3023 3069 3084 3363 3399 3584 3787 4068 4099 4151 4166 4532
206	40	124	6	20 296 374 503 535 822 1014 1907 1942 2077 2091 2370 2437 2629 2821 2979 3344 3395 3487 3674 3720 3823 3944 4030 4216 4311 4315 4495 4596 4616 4876
223	15	177	6	547 556 1111 1231 1558 2026 2058 2105 2125 2191 2443 2521 2536 2736 2765 2789 2850 2889 3207 3436 3494 3665 3676 3861 3864 4039 4328 4422 4438 4816
249	4	338	6	372 418 539 720 754 920 1146 1208 1359 1367 1375 1445 1552 1933 2018 2158 2384 2667 2807 2931 2958 2972 3006 3548 3825 4073 4201 4210 4573 4583 4647 4695
250	6	103	6	26 243 273 312 406 651 799 936 1004 1261 1262 1567 1672 1957 2196 2251 2367 2637 2915 3082 3159 3608 3636 3838 3845 3852 4092 4305 4397 4582 4823 4878
308	24	255	6	254 367 460 478 527 531 568 926 1388 1392 1511 1913 1946 2033 2067 2559 2832 2878 2926 2970 3025 3227 3261 3480 3521 3776 4024 4042 4057 4083 4866
317	30	346	6	189 268 393 578 743 949 1010 1090 1217 1331 1372 1815 1824 1968 2032 2440 2569 2884 3011 3048 3355 3532 3587 3673 3763 3808 3888 3926 4669 4703
330	22	313	6	474 629 888 972 1148 1168 1212 1222 1307 1438 1467 1652 1657 2213 2241 2509 2512 2534 2730 2854 2901 3153 3185 4079 4351 4475 4794 4893 4905 4963
351	19	101	6	204 238 362 422 600 748 777 794 833 1012 1133 1194 1201 1364 1592 1811 1870 2217 2248 2452 2503 2672 3108 3191 3336 3783 3919 4010 4154 4269 4313 4762 4785 4898
360	23	147	6	30 31 153 451 758 929 1076 1299 1369 1769 1778 2145 2155 2298 2350 2907 3133 3332 3414 3481 3893 3898 3993 4096 4116 4190 4318 4612 4666 4792 4994
381	8	303	6	242 294 722 725 747 761 886 999 1027 1159 1336 1741 1998 2079 2593 3151 3246 3271 3425 3460 3730 3965 4207 4248 4298 4447 4605 4944
399	27	70	6	510 666 1238 1288 1435 1458 1720 1730 1756 1917 2185 2561 2679 2828 3040 3278 3288 3293 3342 3432 3539 3655 3667 3712 3891 3937 4136 4164 4515 4587 4730 4957 4984
407	17	309	6	101 192 279 301 481 603 699 716 816 970 1117 1167 1184 1239 1293 1380 1457 1835 1839 2078 2320 2454 2579 2954 3289 3822 4152 4199 4261 4618 4672 4751 4888
416	28	269	6	61 695 823 1118 1120 1138 1396 1493 1985 2233 2516 2761 2810
471	9	337	8	84 386 410 847 952 998 1106 1446 1592 1611 1773 1858 2161 2371 2440 2696 2928 3276 3531 3631 3665 4035 4069 4131 4181 4308 4462 4770 4783
500	29	41	8	210 365 465 664 882 985 992 1089 1192 1279 1429 1760 1799 2655 3173 3263 3315 3623 3770 3803 3939 3975 4061 4240 4396 4453 4509 4552 4664 4758 4772 4973
509	16	286	8	1 307 336 389 974 1261 1318 1381 1423 1479 1590 1787 1806 2243 2288 2436 2524 2879 2970 3121 3280 3349 3353 3383 3714 3802 3818 4153 4391 4583 4616 4869
520	3	140	8	113 216 292 325 492 509 578 654 926 1580 2088 2284 2553 2556 2657 2764 2984 3057 3837 3999 4081 4186 4562 4590 4676 4821 4836
523	31	266	8	23 103 353 494 711 784 1069 1316 1329 1352 1384 1507 1599 2009 2574 2771 3043 3074 3267 3338 3449 3566 3640 3727 4052 4102 4268 4487 4541 4620 4713
529	14	148	8	173 408 425 564 923 1230 1314 1600 1791 2026 2039 2392 2453 2996 3039 3068 3091 3719 3722 3755 3950 4007 4031 4066 4276 4380 4385 4398 4570 4848
577	25	73	8	174 198 280 283 580 694 764 908 931 1178 1250 1265 1292 1462 1562 1692 1873 2794 2906 3136 3339 3408 3608 4023 4172 4192 4394 4402 4458 4598 4749 4824
611	2	101	8	56 501 973 1349 1441 1488 1602 1672 1693 1770 1797 1850 1871 1963 2850 2992 3249 3407 3552 3647 4092 4189 4194 4296 4400 4493 4554 4592 4761 4796 4820 4858
670	36	2	8	314 384 507 606 981 1017 1203 1260 1294 1615 1661 1916 1997 2022 2220 2326 2376 2623 2658 2999 3108 3118 3144 3169 3257 3428 3861 4238 4647 4718 4891 4963
699	38	348	8	152 644 657 806 1703 1721 1867 2097 2138 2209 2265 2304 2773 2786 2892 3226 3410 4036 4537 4644 4682 4741 4969 4979 4996
56	39	260	8	251 619 756 798 842 950 1013 1043 1072 1207 1343 1569 1784 1979 2054 2188 2388 2395 2842 2935 3911 3998 4053 4206 4337 4478 4517 4549 4638 4860
64	5	206	8	188 340 380 534 759 825 1067 1095 1467 1525 1668 1901 2373 2545 2572 2591 2742 3618 3654 3788 4041 4073 4155 4304 4345 4363 4389 4404 4435 4635 4687 5000
82	37	69	8	613 682 984 1452 1564 1593 1925 1953 1962 2071 2173 2459 2695 2782 2795 2864 2949 2972 3000 3007 3209 3388 3483 3639 3749 3819 3820 4191 4477 4531 4779 4837
85	18	149	8	15 39 42 100 115 143 370 374 497 595 602 678 703 751 767 910 1052 1091 1866 2105 2289 2642 3158 3354 3474 3487 3652 3828 3905 4267 4987
101	13	229	8	87 475 493 547 680 871 1080 1357 1700 1796 1863 2146 2166 2221 2254 2651 2716 2805 2860 2876 2931 2956 3134 3161 3381 4039 4207 4418 4618 4895 4965
117	33	325	8	511 743 835 1252 1455 1520 1673 1823 1902 1904 1947 1978 2052 2241 3175 3245 3457 3493 3658 3716 3892 3932 4120 4334 4511 4572 4732 4739 4744
126	1	99	8	219 652 662 1228 1388 1588 1881 1883 2250 2292 2469 2483 2769 2785 2830 3017 3081 3251 3377 3554 3572 3655 3897 3963 4090 4174 4248 4794
167	7	32	8	228 241 357 379 600 763 858 1096 1177 1487 1620 1733 1819 1967 1973 2266 2308 2370 2640 2816 2897 3026 3419 3606 3774 4142 4221 4258 4613 4640 4843
260	34	45	8	169 207 385 450 473 924 1221 1331 1470 1536 1623 2061 2335 2438 2482 2598 2737 2763 2857 3179 3592 3659 4071 4203 4367 4388 4468 4648 4862 4866
282	20	54	8	20 186 343 455 1056 1181 1505 1701 1816 2041 2172 2187 2312 2410 2703 2917 2967 2994 3062 3579 3622 3718 3846 3856 4628 4967 4992
293	35	226	8	43 123 599 675 828 1236 1560 1789 2020 2037 2196 2419 2446 2812 2909 2948 3070 3071 3135 3649 3763 3830 3839 4127 4420 4507 4887 4908
313	10	211	8	55 189 478 563 1041 1256 1332 1521 1554 1920 1923 1956 2104 2144 2224 2433 2947 3003 3255 3405 3604 3643 3783 3933 4311 4448 4822 4962 4999
318	32	330	8	50 443 916 1118 1409 1578 1940 2096 2186 2275 2339 2383 2654 2796 2865 2918 2976 2998 3016 3295 3333 3362 3459 3696 3952 4095 4129 4168
320	21	37	8	117 164 196 320 597 723 987 1126 1431 1645 2181 2361 2409 2458 2533 2751 2911 3086 3124 3451 3524 4370 4539 4553 4826 4857 4867 4873 4936
329	26	235	8	5 83 273 415 844 873 909 959 1280 1697 1934 1983 2322 2346 2535 2679 2698 3178 3259 3455 3872 3947 3964 4047 4087 4454 4565 4892
345	11	106	8	128 135 180 423 537 722 972 1099 1116 1158 1641 1725 1948 1980 2099 2202 2394 2442 2686 2989 3200 3479 3505 3776 3989 4017 4188 4412 4455 4833
358	12	258	8	529 740 1315 1379 1477 1503 1540 1736 1829 1837 1960 2081 2149 2175 2463 2605 2634 2669 2824 3180 3317 3959 3990 4101 4140 4556 4662 4814 4846 4918
374	40	205	8	53 101 139 245 360 437 545 676 810 860 1108 1160 1577 2201 2357 2456 2515 2561 2644 2908 2932 3012 3304 3537 3693 4208 4890
396	15	90	8	49 220 261 405 598 712 1107 1321 1987 2040 2053 2141 2379 2635 2891 3032 3311 3319 3378 3595 3757 4025 4415 4479 4679 4740 4904
446	4	234	8	72 200 851 1084 1303 1405 1546 1583 1924 2047 2621 2740 2847 2894 3147 3363 3590 3789 3951 4051 4219 4307 4508 4621 4903 4929 4997 4998
449	6	214	8	99 111 116 203 409 750 752 771 794 1100 1125 1166 1335 1483 1694 1889 1908 2324 2447 2807 3442 3519 3559 3577 3648 3726 3942 4124 4585 4683 4743 4916
476	24	94	8	98 275 558 588 627 777 1022 1055 1151 1211 1266 1356 1461 1539 1911 2031 2123 2437 2624 2863 3038 3228 3314 3607 3937 4254 4333 4376 4526 4927
490	30	242	8	301 463 660 1025 1029 1448 1504 1543 1606 1895 2131 2487 2489 2745 2753 3059 3268 3414 3768 4122 4261 4287 4382 4558 4588 4750 4840
512	22	76	8	476 516 526 646 819 845 943 989 1076 1456 1678 1905 2495 2510 2852 2963 3031 3182 3323 3662 3848 3865 3940 4088 4178 4264 4374 4383 4727 4823 4830
537	19	217	8	86 129 359 367 746 1105 1179 1572 2240 2290 2470 2586 2653 2801 3006 3142 3254 3589 3613 4033 4108 4118 4199 4279 4488 4756 4902 4921 4971
550	23	104	8	52 366 383 522 574 1219 1660 1981 1995 2157 2177 2382 2474 2620 2649 2722 2755 2838 2941 3119 3220 3771 3980 4175 4213 4371 4709 4845 4909 4910 4913
561	8	164	8	77 163 430 528 637 698 791 815 1059 1208 1394 1534 2129 2303 2341 2725 2819 3028 3035 3194 3409 3456 3629 3697 3741 3978 4498 4728 4742 4747 4812 4920
570	27	336	8	104 213 586 793 811 829 1305 1380 2258 3040 3274 3384 3661 3748 3890 4075 4086 4099 4228 4244 4326 4368 4575 4733 4888 4959
620	17	67	8	223 321 441 897 914 1053 1092 1232 1275 1412 1723 2018 2396 2481 2826 2877 3262 3367 3541 3603 3878 3961 4008 4098 4442 4612 4646 4651 4706 4865
644	28	280	8	17 82 372 413 591 718 849 1141 1175 1204 1408 1472 1510
671	9	300	10	123 288 681 762 910 963 1166 1242 1268 1531 1781 1821 2673 2676 2720 2748 2891 2894 2951 3116 3258 3294 3446 3583 4257 4414 4686 4870 4887 4930 4988
683	29	243	10	78 222 306 345 451 533 600 716 901 1499 1627 1645 1817 1992 2054 2697 2903 3137 3205 3218 3452 3526 3617 3883 4042 4145 4194 4344 4907 4928 4966
688	16	295	10	327 369 556 849 884 1232 1393 1494 1573 1897 1915 2116 2262 2508 2586 2717 2953 3199 3212 3224 3525 3560 3952 4326 4429 4512 4645 4792 4819 4839 4999
697	3	257	10	322 382 505 532 583 648 690 876 1298 1306 1732 1755 1827 2280 2445 2779 3095 3405 3447 3737 3768 4114 4152 4179 4220 4439 4455 4566 4736 4764 4877
12	31	252	10	163 235 404 490 659 677 1057 1099 1147 1415 1426 1756 2043 2188 2209 2237 2541 3287 3369 3470 3484 3760 3976 4088 4372 4506 4576 4715 4716 4722
42	14	179	10	319 480 549 665 708 797 1026 1355 1511 1526 1578 1658 1683 1962 2034 2552 3189 3330 3519 3562 3699 3941 4081 4147 4274 4350 4445 4482 4493
51	25	5	10	77 164 202 337 349 544 931 1027 1165 1181 1549 1570 1662 1704 2232 2308 2309 2451 2769 2777 2817 2990 3079 3245 3408 3638 3775 3880 4351 4693 4751
87	2	112	10	16 125 271 436 781 801 913 1091 1193 1241 1274 1869 1929 1932 2168 2528 2983 3020 3306 3650 4144 4275 4331 4405 4421 4589 4725 4837 4882
97	36	113	10	710 1068 1249 1519 1847 1851 1960 1966 2140 2610 2707 2747 2882 2961 3051 3081 3194 3364 3373 3549 3767 3843 3858 4122 4389 4523 4743 4811
154	38	94	10	75 228 469 497 606 769 853 989 1186 1231 1341 1441 1546 1864 1914 2076 2155 2220 2577 3150 3286 3406 3746 3765 3852 4063 4270 4545 4832 4980
163	39	142	10	61 529 603 752 787 1001 1222 1615 1887 1888 2252 2391 2598 2630 2757 2985 2993 3014 3073 3149 3313 3688 3776 3821 4052 4410 4412 4459
190	5	174	10	15 26 377 401 639 757 929 1041 1229 1510 1672 1763 1892 2182 2328 2384 2633 3252 3327 3421 3684 3913 4125 4209 4260 4475 4652 4704 4734
234	37	184	10	273 526 564 586 592 822 1333 1679 1803 1841 2159 2311 2645 2665 2810 2871 3046 3048 3157 3191 3257 3527 3580 3677 3817 4109 4157 4167 4520 4773
237	18	132	10	144 146 150 813 1322 1648 1718 2215 2442 2535 2537 2836 2849 2889 2910 3174 3370 3384 3427 3455 4027 4106 4644 4703 4812 4979
244	13	86	10	227 313 527 1216 1354 1370 1490 1545 1636 1770 1794 2010 2092 2192 2282 2330 2600 2761 2820 2825 2962 2971 2986 3078 3607 3813 3960 4355 4714 4926 4939
252	33	228	10	35 272 291 593 634 1176 1185 1447 1721 1836 2132 2162 2659 2839 2898 2991 3171 3195 3371 3468 3505 3648 3773 3785 3886 3896 3925 4196 4481 4831 4875
272	1	335	10	608 1063 1410 1576 1667 1896 2080 2143 2147 2417 2784 2856 2883 2972 3122 3182 3358 3743 3962 4241 4404 4454 4667 4724 4738
277	7	210	10	76 187 232 309 422 802 1459 1652 1779 1923 1926 2027 2045 2227 2239 2444 2546 2612 2960 3019 3763 3956 4076 4317 4392 4630 4699 4906 4991 4993
281	34	329	10	320 331 515 595 717 869 875 937 979 1051 1253 1323 1538 1720 1816 1820 1878 1952 2126 2325 2411 2575 3296 3747 3849 3877 3881 3994 4587 4676
304	20	39	10	2 129 213 672 740 818 1251 1453 1515 1536 1858 2303 2560 2729 2907 3305 3340 3596 3641 4020 4096 4193 4396 4448 4494 4679 4827 4953
314	35	250	10	424 446 627 784 810 974 1116 1143 1182 1339 1733 1964 1974 2809 3147 3253 3389 3422 3590 3703 3814 3900 3988 4041 4139 4452 4624
325	10	242	10	630 726 728 739 855 950 1134 1396 1740 1829 1842 2465 2488 2580 2651 2668 2787 2977 3156 3512 3792 3926 4214 4294 4456 4473 4500 4755
339	32	263	10	97 186 329 499 584 840 850 907 988 1010 1173 1571 1612 1621 1783 1834 1998 2037 2086 2307 2329 2331 2755 2881 3404 3463 3532 3893 4148 4204
344	21	20	10	18 148 166 550 619 641 1033 1310 1512 2068 2277 2655 2842 3190 3229 3372 3386 3553 3706 3771 4048 4126 4213 4438 4449 4555 4720 4748 4775
349	26	195	10	464 528 623 812 952 1243 1291 1440 1734 1774 2036 2153 2169 2336 2392 2393 2688 2712 3062 3091 3362 3430 3547 3969 4190 4451 4822 4838
356	11	13	10	6 31 179 375 421 1020 1031 1097 1302 1505 1552 1591 1702 1983 2062 2228 2287 2742 3485 3658 3682 3786 3806 4018 4039 4306 4501 4569 4640 4665
363	12	37	10	45 72 177 298 673 763 1270 1303 1500 1625 1863 1919 2015 2136 2149 2511 2730 3276 3303 3493 3713 4013 4015 4054 4423 4911 5000
373	40	262	10	231 371 433 654 823 990 1125 1213 1275 1281 1784 2187 2332 2369 2744 2762 3013 3135 3256 3808 3831 3860 4030 4141 4199 4247 4491 4611 4631 4705
383	15	18	10	147 335 438 518 860 1032 1088 1346 1584 1659 1868 2160 2299 2367 2428 2609 2813 2924 3076 3092 3322 3448 3538 4121 4132 4358 4599
391	4	190	10	71 250 354 431 631 997 1078 1314 1423 1424 1508 1597 1773 1968 2494 2622 2675 3100 3356 3375 3491 3678 3912 4012 4038 4159 4427 4442 4726 4932
425	9	262	12	231 236 285 624 703 732 1036 1441 1443 1463 1498 1545 2016 2079 2174 2590 2717 2846 2853 2923 2948 3333 3363 3618 3713 3869 4067 4223 4591 4805
451	6	217	10	323 442 471 546 775 792 1058 1069 1282 1290 1300 1635 1859 1905 2273 2467 2569 2660 2786 2870 3141 3494 3764 3859 3946 4221 4232 4302 4341 4426 4609
454	24	120	10	44 114 124 140 280 737 1916 1963 1975 2223 2224 2256 2350 2403 2454 2745 2896 3110 3120 3237 3376 3480 3573 3834 3857 3934 4354 4391 4568 4677
472	30	323	10	40 601 661 1421 1444 1486 1839 1886 1934 2245 2513 2639 2654 2827 3027 3281 3401 3695 3921 4091 4156 4233 4322 4570 4750 4791 4808 4873 4904
473	22	248	10	23 141 333 361 444 541 576 1037 1170 1172 1259 1544 1609 2157 2288 2423 2570 2728 2989 3088 3439 3440 3550 3555 3576 3608 3784 4108
492	19	167	10	67 139 183 240 391 568 587 642 696 803 1018 1283 1319 1342 1675 1748 1811 1956 1971 1973 2000 2286 2436 3179 3402 3413 4538 4681 4696
531	23	105	10	22 445 729 866 906 1191 1352 1541 1563 1605 1715 1738 1739 1933 2050 2081 2487 2811 2975 3204 3515 3819 3972 4064 4174 4428 4504 4650 4655
557	8	196	10	38 106 107 265 494 806 1064 1139 1350 1518 1745 1856 2405 2512 2626 2829 2915 3025 3226 3361 3392 3557 3592 3701 3815 3955 4067 4120 4279 4395 4938
558	27	280	10	221 277 366 482 1244 1273 1331 1509 1575 1995 2026 2200 2268 2564 2636 2754 3130 3393 3756 3873 3995 4263 4436 4603 4642 4712 4760 4894 4946 4977
566	17	65	10	295 346 485 599 702 837 903 1480 1557 1565 1976 2067 2104 2158 2180 2304 2507 2514 3128 3143 3144 3501 3660 3984 4047 4072 4871
571	28	24	10	47 171 176 727 760 766 834 842 918 1022 1100 1226 1313
584	29	312	12	473 579 605 672 920 1102 1304 1651 1972 2200 2264 2441 2611 2644 2834 3126 3131 3219 3421 3454 3635 3706 3853 4009 4144 4366 4503 4566 4599 4762
599	16	146	12	42 45 408 474 642 737 851 966 1041 1271 1273 1656 2113 2715 3167 3221 3296 3310 3398 3457 3473 3513 3910 3935 4198 4757
600	3	167	12	174 224 230 712 742 828 891 1731 1745 1814 1942 2356 2385 3026 3145 3652 3819 3949 4087 4237 4256 4330 4544 4672 4843 4849 4871 4947 4982
602	31	137	12	27 41 699 1732 1850 1863 2100 2103 2120 2127 2293 2400 2739 2801 2840 3525 3724 3988 4002 4004 4010 4082 4189 4452 4574
608	14	158	12	11 88 214 304 562 628 685 945 991 1527 1552 1689 1706 1773 1876 1907 2060 2399 2566 2581 2591 3123 3152 3249 3266 3275 3576 3779 4156 4798
615	25	161	12	283 466 636 868 952 953 1039 1069 1144 1362 1633 1978 2029 2541 2547 2707 3034 3693 3740 3795 4294 4324 4507 4519 4554 4602 4615 4956
637	2	241	12	5 627 686 975 995 1044 1123 1442 1499 1571 1768 1820 1841 1938 2033 2034 2316 2542 2568 2844 2870 3059 3071 3218 3410 4036 4074 4235 4846 4971
662	36	71	12	6 111 117 226 537 724 1398 2014 2059 2225 2300 2435 2454 2813 2904 3092 3400 3413 3633 3985 4037 4095 4111 4132 4183 4494 4737 4770 4884
696	38	175	12	22 151 209 1035 1343 1612 1644 2056 2125 2383 2422 2539 2768 2994 3042 3083 3233 3694 3707 3833 4053 4283 4307 4321 4363 4411 4481 4811 4898
7	39	83	12	130 277 303 310 489 528 749 827 1058 1255 1295 1448 1697 2090 2713 2724 3028 3328 3346 3396 3493 3507 3673 3725 3917 3971 3983 4129 4278 4292 4932
19	5	314	12	66 383 431 610 1132 1388 1427 1465 1524 1593 1637 1813 1834 1872 1951 2082 2721 2734 2958 3156 3208 3289 3521 3921 4209 4260 4380 4537 4855
22	37	335	12	118 221 352 493 830 831 1225 1471 1523 1683 1716 1887 2073 2206 2926 2954 3072 3226 3238 3309 3318 3868 3914 4222 4296 4368 4731 4883 4910
49	18	315	12	109 262 370 522 746 772 944 1204 1400 1406 1692 1884 2005 2135 2523 2545 2992 3102 3556 3870 3905 3995 4293 4395 4422 4701 4726
76	13	253	12	59 132 371 502 1000 1016 1075 1206 1608 1737 1755 1926 2116 2562 2652 2667 2832 2908 3036 3236 3354 3862 3872 3968 4242 4414 4638 4640 4778 4844
114	33	245	12	112 687 739 878 916 1254 1752 1880 1953 2031 2144 2246 2294 2340 2498 2606 2663 3584 3687 3708 3746 3752 3871 4230 4329 4632 4657 4664 4979
115	1	157	12	82 249 582 674 783 826 1285 1625 1695 1867 1875 1912 2131 2245 2319 2418 2529 2656 2689 2917 3509 4266 4282 4313 4341 4437 4564 4740 4856
119	7	177	12	39 147 328 331 438 510 1325 1584 1614 1881 1947 2175 2490 2630 2814 2817 3094 3141 3183 3270 3414 3510 3601 3947 4041 4447 4547 4607 4995
129	34	254	12	143 162 185 208 593 677 690 906 910 1410 2038 2555 2714 2729 2754 3010 3164 3405 3445 3588 3613 3770 3934 4123 4478 4527 4660 4682 4991
131	20	213	12	110 156 309 427 937 994 1112 1292 1444 2072 2163 2548 2582 2789 2988 3050 3134 3186 3252 3353 3536 3645 3649 3822 4119 4375 4377 4706 4974 4987
149	35	286	12	10 80 191 538 896 1042 1124 1175 1248 1346 1365 1610 1650 1691 2328 2506 2678 2750 2971 3015 3345 3738 3785 3805 4355 4665 4819 4820 4972
150	10	136	12	150 669 722 802 856 924 981 1062 1103 1150 1159 1200 1299 1407 1550 1643 1895 1918 1980 2228 2554 3954 3977 4116 4351 4509 4993
184	32	259	12	792 801 1040 1259 1328 1409 1619 1636 1658 1661 1665 1681 2260 2261 2274 2327 2376 2476 2726 3372 3451 3883 4023 4062 4195 4471 4534 4900
199	21	222	12	155 290 483 704 904 987 1418 1482 1685 1846 1886 1892 1939 1968 2155 2408 2553 2588 2699 2722 2997 3223 3825 3832 4276 4694 4709 4828 4833 4852 4876
215	9	253	14	417 668 693 944 984 1090 1280 1565 1639 1717 1922 2337 2345 2577 2583 2642 2819 2965 3031 3118 3169 3170 3419 3898 3905 4119 4161 4810 4823
233	26	311	12	1063 1368 1594 1605 1728 1871 1930 1946 2020 2053 2513 2531 2538 2767 2811 3056 3097 3099 3358 3540 3582 3789 3817 3908 4529 4576 4783 4858 4920
242	11	73	12	76 237 293 399 411 471 563 765 880 982 988 1074 1199 1221 1364 1751 2326 2495 2552 2780 2973 3529 3646 3797 4011 4505 4541 4729 4784
279	12	21	12	243 258 545 1060 1179 1278 1847 1982 2035 2121 2172 2458 2687 3011 3151 3434 3602 3690 3712 3737 4028 4203 4236 4239 4246 4446
300	40	120	12	215 355 476 678 689 805 1114 1604 2244 2289 2532 2981 3029 3060 3232 3330 3563 3904 4105 4139 4391 4528 4553 4658 4727 4807 4964
303	15	225	12	271 361 457 477 819 870 1011 1087 1389 2047 2559 2563 2613 2696 2701 2820 2841 2843 2914 3018 3189 3301 3359 3382 3794 3992 4194 4309 4401 4878
324	4	304	12	157 316 380 465 565 656 758 760 1008 1070 1153 1191 1535 1626 1635 1642 2074 2305 2636 3017 3147 3263 3329 3526 3717 4162 4531 4581 4853
334	6	13	12	14 357 378 495 611 618 930 1515 1601 1624 1739 2004 2278 2487 2668 2732 3044 3273 3412 3711 3765 3892 3974 4178 4303 4476 4741 4769 4922
338	24	168	12	29 181 199 284 439 461 525 639 692 707 1403 1914 1973 2115 2585 2743 2913 2968 3198 3395 3577 3721 3786 3800 3906 4538 4896 4929
340	30	203	12	170 286 507 862 997 1073 1083 1160 1476 1714 1803 1986 2018 2085 2122 2226 2317 3389 3397 3554 3855 3879 3958 4040 4134 4161 4408 4550 4759
346	22	322	12	428 479 854 1009 1110 1730 1854 1901 2025 2184 2339 2377 2826 2869 3021 3162 3216 3313 3594 4480 4533 4560 4666 4671 4866 4925 4945 4970
355	19	282	12	7 83 266 294 334 359 401 447 519 667 701 842 871 970 1085 1236 1577 1764 1832 1903 2186 2782 2946 3874 4091 4379 4511 4617 4668 4674 4743
398	23	340	12	33 276 448 738 778 820 1030 1147 1334 1386 1466 1896 2006 2057 2446 2520 2557 2661 2690 3101 3450 3631 3728 3957 4021 4404 4662 4836
405	8	179	12	18 387 456 526 665 1189 1306 1831 1838 1921 2169 2283 2297 2483 3159 3181 3201 3447 3827 3899 4012 4019 4070 4174 4323 4376 4427 4575 4718
474	27	108	12	84 129 1154 1988 2124 2204 2375 2460 2536 2752 2836 2883 2895 2977 3055 3096 3175 3325 3710 4017 4112 4160 4200 4558 4624 4691 4879 4966
488	17	332	12	91 323 621 799 1167 1454 1518 1791 2295 2362 2421 2497 2597 2631 2812 3079 3104 3109 3285 3469 3617 3780 3902 4113 4181 4310 4551 4626
510	28	56	12	115 315 786 866 923 1055 1242 1291 1308 1338 1371 1546 1797
536	29	43	14	211 268 277 289 290 334 479 563 571 1323 1344 1991 2061 2313 2378 2444 2542 2803 2996 3417 3547 3877 3986 4032 4485 4594 4874 4934
545	16	275	14	135 198 336 346 682 698 896 1317 1517 1560 1566 1698 1746 1864 2098 2187 2253 2409 2465 2550 3195 3205 3352 3374 3506 3531 4133 4322 4804
548	3	344	14	87 324 573 636 1172 1228 1237 1367 1371 1496 1904 2020 2075 2671 2771 2777 2975 3304 3491 3791 3820 4462 4614 4615 4645 4674 4717 4902
551	31	58	14	90 327 454 516 646 686 798 873 1088 1311 1381 1417 1605 1790 2089 2178 2205 2314 2346 2525 2886 3595 3896 4114 4409 4514 4535
580	14	251	14	43 146 157 369 435 452 540 553 581 988 1070 1148 1321 2000 2152 2354 2562 2590 2864 3086 3675 4306 4406 4516 4606 4729 4825
591	25	19	14	312 403 895 900 918 940 1066 1079 1134 1406 1569 1842 1955 1984 2023 2406 2429 2497 2800 3026 3204 3442 3457 3471 3732 4024 4111 4394 4627
607	2	117	14	94 191 306 309 536 608 1063 1335 1377 1447 1761 2349 2737 2885 2900 2935 3103 3483 3515 3573 3610 3642 3790 3994 4093 4725 4806 4974
609	36	197	14	37 223 393 440 541 786 821 1341 1893 2228 2238 2833 3030 3127 3250 3264 3266 3270 3559 3629 4192 4242 4336 4588 4600 4752 4836 4840
655	38	140	14	97 214 432 469 534 691 701 874 945 1036 1080 1936 2126 2236 2394 2696 3049 3075 3258 3287 3327 3395 3546 3631 3663 3768 4325 4547 4620
669	39	220	14	84 264 330 737 759 795 917 1340 1509 1609 1954 2167 2290 2431 2655 2841 2876 2894 3311 3375 3513 3653 3801 3805 3945 4429 4604 4966
672	5	146	14	489 595 638 652 1188 1313 1330 1621 1660 1734 2044 2191 2195 2315 2621 2721 2752 3043 3331 3436 3569 3623 3867 4302 4374 4475 4602
678	37	221	14	165 832 867 932 939 1491 1507 1535 1543 1643 1810 1873 1992 2616 2940 2979 3015 3215 3294 3565 3723 3893 4143 4163 4298 4330 4402 4466 4518 4579 4700
686	18	257	14	294 528 751 1017 1218 1326 1458 1693 2066 2143 2199 2339 2530 2729 2748 3114 3188 3244 3802 3818 3961 4056 4261 4400 4555 4765 4831 4904
698	13	175	14	131 283 791 1074 1177 1300 1307 1308 1442 1827 1859 2045 2136 2500 2691 3067 3095 3510 3601 3707 3899 4021 4122 4382 4434 4521 4761 4784 4908
14	33	347	14	384 459 484 506 717 827 1004 1073 1263 1365 1386 1809 1815 1943 1975 2043 2079 2301 2499 2856 2865 2903 3219 3332 3441 3780 3847 4239 4716 4963
20	1	59	14	46 228 361 376 406 557 830 973 1428 1895 2362 2387 2529 2594 2685 2822 3007 3400 3545 3605 3783 3970 3978 4044 4091 4683
50	7	64	14	163 286 368 1059 1141 1197 1607 1646 1944 1981 1989 2101 2231 2273 2480 2882 3213 3299 3615 3935 4002 4142 4403 4480 4561 4672 4746
53	34	328	14	9 82 141 156 259 430 582 789 1116 1494 1516 1744 1928 2141 2190 2255 2600 2812 2902 3222 3240 3516 3755 3878 4234 4469 4639
75	20	74	14	604 630 731 756 1056 1087 1216 1264 1475 1701 1709 1925 2200 2374 2560 2835 2859 2951 3005 3092 3123 3221 3224 3273 3285 3889 4352 4538 4640
106	35	310	14	81 380 543 748 864 922 1158 1173 1274 1402 1680 1705 2890 3017 3038 3063 3072 3176 3479 3487 3616 3665 3734 3756 3778 3923 4290 4590 4942
146	10	284	14	212 276 521 1124 1350 1451 1678 1752 1950 2116 2132 2193 2473 2653 2780 2784 3243 3499 3596 3678 3884 4096 4275 4513 4624
183	32	339	14	89 523 624 754 859 865 1039 1072 1122 1338 1602 2072 2112 2174 2852 3340 3348 3443 3478 3539 3764 3866 3873 3932 4440 4742 4925
198	21	276	14	160 265 358 670 849 893 1183 1487 2087 2171 2198 2276 2350 2477 2520 2787 3519 3850 3991 4128 4365 4418 4573 4632 4685 4703 4734
200	26	318	14	162 267 508 607 837 889 1117 1213 1227 1324 1347 1533 1740 2211 2311 2347 2357 2361 2496 3108 3431 3453 3460 4009 4241 4539 4633 4919 4937
232	11	219	14	148 150 250 548 753 911 947 1053 1103 1302 1488 2027 2110 2244 2510 2795 3305 3412 3837 3841 4198 4479 4597 4815 4883
262	12	52	14	10 173 848 891 1013 1155 1550 1558 1593 1682 2793 2919 3136 3232 3236 3280 3371 3472 3571 4145 4151 4287 4299 4380 4510 4675 4854
285	40	247	14	254 325 948 1171 1226 1301 1573 1628 1771 1801 1844 1858 2137 2305 2435 2445 2942 2955 3131 3278 3385 3646 3903 3911 3936 4080 4364 4367 4711
287	15	298	14	70 269 556 842 1000 1149 1245 1359 1724 1766 1777 1829 2428 2505 2727 2959 3446 3704 4109 4138 4225 4256 4338 4415 4472 4540
335	4	103	14	272 537 567 1138 1276 1366 1590 1603 1846 2051 2163 2177 2240 2397 2614 2628 2725 2893 3338 3927 4332 4361 4457 4782 4785 4912
379	6	288	14	140 591 616 779 1050 1161 1196 1357 1416 1833 1841 1914 2056 2183 2369 2507 2524 3084 3262 3775 3888 4118 4147 4249 4258 4433 4556 4940
382	24	63	14	251 296 313 410 485 721 1559 1608 1912 2155 2246 2288 2389 2470 2491 2607 2815 2884 3584 3660 3685 3788 3887 4625 4786
393	30	110	14	226 421 820 1046 1337 1387 1757 1824 1855 2207 2463 2466 2674 2740 3035 3096 3234 3537 3667 3679 3871 4107 4121 4231 4237 4337 4363 4638
400	22	233	14	338 644 982 1195 1255 1266 1471 1534 1786 1819 1940 2085 2181 2202 2424 2427 2468 2854 3097 3323 3420 3914 3957 4084 4180 4212 4425 4527 4895
403	9	43	16	23 90 206 458 1105 1525 1638 1790 1798 2150 2320 2414 2423 2514 2783 3337 3378 3575 3749 4036 4129 4283 4398 4881 4953
409	19	293	14	341 386 704 890 965 1045 1246 1247 1589 1800 1843 2372 2461 2808 2839 3010 3216 3286 3416 3781 4015 4085 4200 4436 4463 4636 4813 4872
418	23	171	14	2 109 392 735 781 1285 1430 1580 1683 1765 1985 2324 3053 3110 3112 3241 3248 3376 3394 3508 3806 3982 4046 4182 4383 4419 4773 4927
419	8	25	14	216 400 703 774 805 816 914 916 924 1156 1395 1575 2069 2106 2292 2526 2533 2906 2939 3039 3154 3310 3396 3538 3633 4358 4366 4914
434	27	125	14	13 79 709 953 1142 1207 1368 1700 1851 2009 2114 2153 2299 2548 2608 2680 3111 3435 3661 3739 3779 3812 4016 4177 4263 4272 4708 4973 4984
467	17	227	14	40 122 220 256 293 585 689 800 899 1322 1473 1585 1729 2148 2210 2379 2458 2538 3390 3918 3965 4398 4563 4628 4698 4753 4833 4850 4935
468	28	261	14	345 625 695 734 881 2221 2327 2449 2504 2799 2990 3077 3160
475	29	337	16	25 121 151 180 242 292 751 772 890 1051 2040 2198 2208 2305 2421 2427 2722 2744 3052 3103 3161 3731 3848 4146 4239 4384 4453 4512
477	16	308	16	4 14 64 354 654 719 823 1077 1392 1450 1480 1668 1909 2038 2214 2287 2573 2595 3234 3620 3836 4236 4308 4349 4569 4700 4721 4855
491	3	35	16	233 470 935 1202 1206 1236 2275 2297 2365 2529 2588 2664 2909 2934 2956 3350 3589 3668 3966 4030 4132 4473 4585 4711 4749 4830 4946
514	31	18	16	93 444 505 671 785 977 1121 1251 1263 1311 1714 2281 2332 2492 2985 3033 3049 3117 3542 3928 3968 3996 4070 4354 4365 4369
526	14	152	16	13 109 138 156 1004 1275 1413 1623 1788 2166 2280 2829 3138 3379 3461 3517 3534 3789 4010 4092 4202 4204 4224 4315 4539 4571 4607
527	25	6	16	60 72 128 170 312 594 676 901 961 1589 1622 2003 2143 2411 2420 2543 2774 2808 2980 3013 3045 3340 3417 4249 4251 4257 4288 4835 4942
546	2	259	16	194 857 1289 1352 1590 1704 1824 2019 2041 2233 2486 2508 2632 2634 2796 2941 3202 3270 3588 3635 3831 4078 4134 4441 4597 4764
568	36	9	16	632 663 774 1460 1585 1688 1709 1835 1849 1987 2145 2165 2173 2261 2306 2615 2650 3089 3107 3493 3566 3679 3857 3940 4117 4405 4458 4696 4832
575	38	67	16	70 557 705 820 1014 1195 1430 1878 1932 1959 2495 2510 2641 2758 2884 3305 3313 3630 3648 3720 3748 3885 4028 4278 4715
579	39	24	16	119 347 669 690 803 814 1013 1368 1557 1675 1861 2248 2251 2401 3100 3196 3254 3278 3425 3631 3760 4106 4353 4719 4723 4868 4903
590	5	114	16	39 893 1009 1085 1094 1478 1499 1537 1684 1774 2016 2084 2568 2708 2845 2957 3104 3135 3206 3579 3730 3876 3995 4043 4148 4639 4678 4789 4981 4993
604	37	133	16	224 373 399 778 853 889 978 979 1039 1779 1789 2392 2547 3258 3471 3472 3638 3692 3807 3841 3911 4090 4171 4218 4223 4358 4394 4555 4622
619	18	230	16	100 261 277 299 1140 1177 1398 1428 1553 1626 1691 1740 1756 1967 2524 2660 2736 2745 2898 3214 3221 3227 3815 4135 4221 4240 4409 4621 4941
621	13	251	16	68 154 446 468 622 645 947 1040 1054 1516 1632 1671 1927 2149 2272 2417 2562 2681 2877 3594 3643 3823 3825 4825 4861 4870 4893
622	33	72	16	217 279 520 617 678 758 788 1237 1395 1596 1603 1757 2096 2328 2693 2712 2767 3106 3423 3817 4110 4128 4254 4295 4455 4580 4697 4761
639	1	290	16	255 337 672 1021 1184 1204 1220 1361 2027 2203 2259 2455 2477 2482 2505 3300 3565 3710 3756 3766 3826 3934 4237 4460 4599 4754 4810 4899 4944 4989
643	7	188	16	178 280 427 484 592 821 1020 1116 1471 1528 1957 2089 2563 2753 2776 2880 2997 3016 3229 3349 3387 3803 3834 4205 4527 4604 4653
649	34	316	16	478 642 643 1058 1176 1418 1439 1555 2331 2342 2349 2364 2479 2613 2629 2717 2784 2859 2919 3085 3174 3205 3864 4619 4813 4985
651	20	200	16	94 232 372 629 664 839 1076 1370 1493 1554 1697 1755 2102 2705 2822 2920 2966 3283 3285 4094 4150 4289 4390 4411 4499 4679 4690 4907
691	35	232	16	197 241 440 649 653 1037 1216 1616 1869 2067 2638 3132 3210 3426 3606 3663 3859 4245 4307 4334 4355 4494 4680 4708
3	10	62	16	221 398 561 668 1157 1214 1241 1512 1542 1579 1615 1619 1986 2007 2022 2167 2283 2604 2727 2969 2976 3140 3203 3705 3812 3884 3998 4537 4774
4	32	172	16	146 334 360 402 423 464 503 613 1319 1338 1670 1722 1735 2123 2402 2485 2680 3112 3382 3481 3633 3930 4393 4461
6	21	169	16	77 274 488 748 1286 1287 1327 1642 1747 1872 2080 2217 2242 2296 2358 2904 2912 3042 3093 3172 3682 3688 4061 4379 4747 4854
9	26	311	16	263 426 626 733 755 773 877 946 1050 1113 1280 1476 1530 1677 1685 2103 2273 2367 2885 2990 2995 3192 3218 3385 3490 3539 4216 4637
13	11	138	16	167 284 585 1345 1403 1451 1517 1523 1815 1912 2210 2321 2363 2523 2770 2781 2848 3460 3528 4797 4853 4857 4901 4969 4994
69	12	264	16	95 182 225 445 498 938 1421 1515 1539 1729 1862 1999 2083 2336 2583 2662 3299 3315 3342 3905 3948 3962 4044 4314 4386 4809 4951
72	40	99	16	293 684 1007 1119 1334 1335 1412 1426 1505 1527 1786 1956 2603 2689 2775 2785 3391 3437 3438 3545 3908 3967 3980 4107 4271 4476 4705 4851
88	15	159	16	248 322 724 987 989 994 1249 1360 1713 1792 1925 2120 2291 2317 2519 2706 2815 3054 3325 4085 4157 4338 4498 4551 4650 4924 4955
91	4	131	16	48 391 481 541 625 861 1196 1231 1240 1776 1814 1850 2032 2141 2246 2351 2795 3615 3659 3683 3881 3907 3941 4275 4347 4687 4865
98	6	100	16	120 210 300 688 959 1061 1397 1940 1977 2036 2117 2189 2326 2387 2565 3069 3608 3791 3916 3942 3954 4075 4141 4403 4487 4815 4991
139	24	15	16	192 397 491 614 800 1466 1540 1582 1795 2338 2718 2849 2866 2868 2992 3114 3126 3439 3561 3574 3632 3712 3931 4286 4296 4440 4698 4807 4954
148	30	26	16	145 239 240 662 862 896 968 999 1107 1429 1847 2383 2397 2406 2467 2691 2777 2851 3276 3411 3664 3867 3950 4497 4567 4581 4688
171	22	310	16	123 153 383 403 439 817 872 1127 1288 1290 1293 1332 1609 1705 1901 2049 2360 2449 2679 2797 3735 4068 4333 4463 4660 4663 4831 4995
173	19	160	16	24 118 175 204 418 523 571 725 888 1123 1294 1597 1690 2017 2184 2611 3361 3406 3524 3548 3847 3866 3913 4096 4267 4525 4738 4885
174	23	265	16	16 22 340 939 1101 1459 1724 1842 1877 2055 2069 2148 2393 2697 2888 3373 3555 3609 3706 3798 4576 4577 4699 4943
182	8	48	16	209 475 476 572 659 1165 1225 1417 1474 1547 1607 2156 2725 2757 3516 3537 3557 3865 3886 4243 4258 4464 4483 4617 4762 4980
192	27	278	16	416 732 1117 1309 1374 1559 1686 1707 1723 1984 2115 2229 2271 2380 2407 2626 2893 2962 3465 3773 3938 4151 4492 4745 4875
201	17	162	16	54 310 394 407 706 789 1046 1230 1659 1741 1812 2298 2301 2623 2791 2828 3217 3318 3336 3494 3665 3914 4320 4511 4643 4799 4894 4938
202	9	131	18	30 122 301 302 582 615 750 768 949 1046 1547 1558 1656 1725 2300 2540 2593 2602 2764 2922 3184 3273 3288 3948 4057 4786 4803
210	28	76	16	315 487 693 948 1056 1120 1541 1610 1701 1783 1851 2444 2861
216	29	320	18	143 298 346 433 491 598 1469 1506 1612 1690 2017 2214 2343 2390 2583 2715 2721 3151 3521 3617 3664 3781 4056 4288 4510 4745 4924
238	16	248	18	33 459 609 738 863 912 936 1048 1143 1426 1572 1633 1664 1827 2391 2848 2946 3115 3564 3756 3925 4006 4284 4484 4617
243	3	319	18	119 222 353 587 728 1428 1699 1902 2127 2211 2287 2310 2398 2898 3145 3152 3264 3283 3424 3515 3717 3974 4083 4252 4416 4486 4955 4988
297	31	81	18	46 93 103 133 354 918 1078 1588 1866 2134 2189 2318 2581 2701 3101 3190 3303 3386 3432 3762 3852 4140 4162 4347 4655 4851
357	14	303	18	4 184 189 308 420 845 1140 1259 1333 1342 1688 1828 2011 2092 2139 2351 2478 2578 2763 3130 3208 3611 3860 4005 4523 4850
362	25	27	18	145 553 737 743 1158 1979 2057 2109 2475 2502 2692 2823 2849 3013 3289 3400 3554 3924 3984 4395 4420 4455 4501 4594 4938
370	9	81	20	8 95 206 292 434 442 757 847 876 1134 1420 1445 1489 1539 1781 1914 2111 2190 2242 2278 3251 3383 3542 3849 3869 4433 4494 4502
394	2	69	18	49 318 385 440 822 1008 1169 1219 1373 1796 1838 1874 2138 2379 2582 2746 2798 2982 2995 3228 3319 3329 3377 4219 4250 4603 4634 4964
410	36	293	18	223 649 771 862 1005 1223 1255 1595 1786 1892 1985 2249 2320 2650 2744 2959 3357 3387 3679 3989 4027 4042 4063 4142 4446
415	38	20	18	401 469 474 569 782 898 926 1142 1250 1450 1527 1663 1735 2218 2482 2553 2830 2834 3038 3078 3099 3416 3463 3783 4286 4927
426	39	44	18	242 487 496 585 1266 1594 1630 1804 1854 2083 2239 2571 3050 3258 3619 3700 3810 3898 4048 4490 4849 4915 4916
433	5	300	18	48 175 264 371 457 749 902 964 1040 1220 1960 2440 2539 2933 3090 3314 3418 3649 3675 3680 3736 4127 4362 4443 4595 4623 4656
453	37	133	18	521 905 1108 1240 1269 1387 1425 1497 1569 1673 1748 1752 1860 1935 1987 2044 2470 2980 3045 3052 3072 3316 3348 3396 3758 3895 3941 4703
455	18	187	18	170 235 379 500 535 577 593 785 913 1780 1835 1885 1986 2639 3062 3084 3375 3496 3718 4022 4178 4505 4689 4756 4947 4952 4977
470	13	58	18	766 1068 1092 1112 1115 1155 1182 1422 1437 1531 1603 1790 1959 2006 2081 2185 2354 2473 2620 2638 2717 2766 3449 3488 3821 4018 4065 4293 4405
483	33	96	18	210 260 411 483 618 621 1117 1174 1312 1623 2082 2195 2212 2255 2389 2533 2792 2806 3010 3154 3438 3642 3738 3943 4000 4408 4516
487	1	237	18	211 557 1272 1366 1412 1449 1553 1797 2014 2099 2372 2393 2623 2854 2964 3037 3073 3405 3637 3793 3811 3904 4121 4320 4804 4935
503	7	128	18	73 425 525 691 706 887 901 1257 1496 1980 2130 2178 2327 2341 2632 3058 3132 3253 3338 3634 3752 4182 4248 4283 4522 4761 4799 4919
511	34	207	18	28 164 307 917 931 979 1106 1468 1598 1767 1952 2070 2485 2532 2731 2843 3168 3309 3498 3828 3903 4103 4289 4392 4536 4819
522	20	7	18	305 645 1059 1107 1131 1345 1891 1951 2544 2825 3097 3383 3478 3495 3499 3514 3636 3673 3876 3955 4075 4533 4609 4678 4736 4839 4842
530	35	283	18	167 205 421 446 838 991 1130 2186 2245 2369 2431 2874 3003 3198 3312 3541 3543 3733 3874 3994 4101 4205 4319 4475 4480 4755 4768
535	10	85	18	112 132 330 348 384 934 1041 1771 1889 2102 2108 2223 2452 2678 2824 2892 2989 3158 3450 3460 3473 3489 3504 3699 3977 4033 4651
539	32	334	18	412 741 897 1071 1349 1516 1606 1921 2293 2517 2610 2728 2809 3173 3353 3485 3494 3523 3540 3836 4499 4526 4544 4605 4793
559	21	57	18	81 218 599 762 830 836 957 977 1164 1368 1392 1455 1870 1895 2025 2430 2487 3119 3410 3691 3724 4001 4577 4652 4981
563	26	65	18	44 942 971 1191 1380 1383 1433 1586 1647 1654 1696 1778 1879 1970 2037 2445 2599 2867 3146 3300 3441 3477 4217 4370 4557 4635 4670 4671 4838
569	11	342	18	104 1043 1575 1614 1777 1782 1887 1898 2118 2135 2275 2589 2807 3055 3074 3100 3239 3829 3953 4122 4327 4537 4608 4654 4763 4990 4994
603	12	212	18	74 339 847 928 941 1079 1128 1378 1470 1732 1754 1972 2094 2329 2374 2587 2778 3392 3411 3565 3822 4211 4431 4629 4824 4971 4975
617	40	173	18	66 358 566 711 769 1001 1052 1726 2019 2526 2557 2601 2736 2943 2952 3056 3129 3196 3255 3344 3385 3920 3966 4149 4185 4436 4767
661	15	273	18	97 351 402 1132 1564 1941 1942 2064 2089 2131 2166 2961 3002 3041 3059 3139 3202 3242 3315 3334 3368 3587 3730 3907 4209 4232 4249 4710
663	4	324	18	45 136 149 299 428 612 637 814 854 1439 1592 1840 2058 2253 2303 2627 3030 3220 3274 3555 3597 3952 4317 4515 4631 4817 4886 4998
689	6	68	18	80 108 1339 1400 1807 2105 2641 2690 2790 2968 2994 3113 3165 3247 3275 3290 3306 3486 3567 3693 3716 3782 3808 3957 4354 4369 4445 4584 4685
695	24	247	18	162 239 345 1024 1234 1318 1411 1577 1634 1939 2160 2355 2947 2978 3011 3137 3244 3282 3399 3709 3774 3846 4032 4089 4093 4239 4614
700	30	79	18	244 365 405 565 589 594 605 751 899 1038 1329 1401 1477 1514 1799 2063 2148 2696 3178 3702 3918 4064 4136 4313 4428 4972
1	22	60	18	21 414 967 1542 1715 1794 1917 2219 2233 2344 2516 2752 2847 3397 3401 3640 3834 3998 4060 4200 4488 4613
10	19	2	18	20 54 68 78 368 484 502 623 778 833 884 1416 1427 1758 1859 2382 3210 3382 3427 3461 3568 3721 3844 4371
24	23	240	18	194 531 559 640 896 925 1671 1686 1762 1848 2400 2521 2565 2669 2756 2772 2936 3194 3370 3437 3519 3715 3930 4530 4553 4675 4805
30	8	56	18	190 498 721 843 1239 1384 1528 2220 2222 2294 2415 2464 2689 2734 3265 3325 3328 3547 3653 3722 3872 3997 4128 4285 4399 4673 4996
45	27	238	18	536 699 724 835 970 1423 1523 1534 1591 1800 1936 2276 2342 2405 2456 2645 2930 2967 3127 3261 3601 3628 3960 4376 4597 4600 4668
57	17	88	18	409 753 1152 1179 1351 1574 1764 1862 1880 1894 1916 2194 2495 2631 2739 2827 2840 2942 2955 2970 3278 3362 3534 3559 4080 4206 4504
62	28	12	18	273 533 633 653 876 966 1103 1104 1145 1183 1587 1846 1988
66	29	347	20	126 155 270 276 324 494 527 609 889 1484 1520 1688 1791 2402 2422 2614 2692 2801 3601 4077 4240 4271 4340 4375 4606 4670
74	16	343	20	203 726 845 903 1311 1637 1900 1927 2248 2396 2441 2545 2619 2637 2691 3014 3166 3326 3410 3476 3544 3939 4496 4645 4968
84	3	77	20	385 458 736 846 1064 1094 1436 2083 2093 2174 2204 2533 2959 3188 3293 3370 3656 3800 3891 3908 4028 4215 4777 4847
122	31	224	20	792 961 1071 1126 1147 1604 1668 1801 2215 2279 2325 2357 2432 2457 2601 3002 3571 3671 3918 4036 4224 4281 4381 4558 4930
125	14	296	20	373 429 515 534 594 612 718 744 978 1157 1233 1281 1375 1885 2227 2577 2999 3123 3215 3323 3530 3636 4062 4231 4492 4593 4997
130	25	287	20	80 90 160 210 392 512 711 729 958 1032 1057 1090 1410 1639 1802 2144 2476 2602 2943 2992 3165 3187 3870 4040 4066 4393 4940 4976
140	2	112	20	573 632 832 1061 1159 1466 1576 1951 2152 2163 2735 2878 3033 3106 3197 3331 3411 3448 3472 4132 4201 4255 4366 4476 4524 4693 4922
142	36	1	20	185 341 457 513 613 653 1474 1522 2030 2377 2403 2479 2640 3167 3220 3246 3265 3317 3520 3558 3609 3685 3884 4167 4211 4387 4950
172	38	319	20	338 432 472 566 822 841 954 1402 1719 1750 1839 1843 2048 2336 2337 2466 2548 2698 3044 3594 3946 4412 4413 4471 4802 4933
177	39	141	20	312 461 548 670 739 1380 1526 1653 1703 1870 2031 2264 2338 2353 2493 2567 2803 2881 3149 3195 3922 4219 4614 4690
181	5	30	20	260 588 625 643 673 942 1016 1151 1238 1787 2029 2192 2249 2250 2306 2449 2450 2506 2786 2920 2951 3349 3441 3514 3802 4294 4324
187	37	201	20	148 264 460 507 1272 1326 1422 1530 1971 2408 2690 2758 3046 3103 3305 3605 3690 3727 3862 3876 3982 4403 4503 4525 4663 4695 4776
255	18	306	20	224 838 1110 1301 1390 2082 2380 2494 2611 2748 2808 2885 3250 3482 3502 3696 3878 4292 4360 4425 4444 4517 4519 4555 4810 4957
286	13	325	20	599 697 1131 1456 1600 1617 1707 1828 1882 2013 2094 2122 2252 2714 2890 3043 3172 3212 3249 3394 3651 3848 4227 4465 4546 4621 4838
307	33	45	20	69 258 285 471 549 640 780 848 963 987 1144 1511 1596 1753 2197 2237 2448 2588 2862 3809 3894 4109 4119 4300 4487 4685 4881
315	1	148	20	219 498 781 946 1363 2012 2313 2347 2439 2497 2502 2625 2648 2871 3120 3174 3228 3613 3788 3842 3882 3959 4233 4415 4674 4827 4834 4954
322	7	298	20	530 538 661 679 833 1075 1143 1383 1640 1700 1769 1925 2318 2364 2446 3005 3122 3587 3750 3850 3972 4348 4426 4530 4722 4945
348	34	166	20	355 386 519 543 671 705 1187 1204 1287 1325 1450 1465 2239 2415 2453 2597 3470 3532 3559 3606 4103 4179 4229 4262 4359 4575
354	20	263	20	38 395 448 624 807 1153 1359 1424 1478 1529 1560 1561 1706 1780 2236 2688 2818 3133 3269 3599 3760 3964 4042 4161 4194 4514 4862 4905
364	35	8	20	247 370 449 558 569 578 870 907 930 1028 1648 1659 1950 2175 2247 2460 2524 2831 2892 3263 3390 3454 3490 3657 4166 4313 4727
365	10	307	20	34 506 755 890 1065 1337 1470 1475 1673 2042 2095 2147 2232 2452 2481 2647 2671 2718 3298 3634 4163 4241 4858 4964
401	32	3	20	184 187 201 332 445 898 974 1249 1384 1566 1651 1779 1924 2164 2211 2304 2423 2496 2592 2674 3051 3243 3288 3297 3324 3799 4656
420	21	171	20	41 62 425 686 769 1162 1343 1487 1728 2087 2121 2556 2594 2969 2995 3036 3049 3130 3256 3505 3961 4045 4845 4937
431	26	200	20	73 123 790 1253 1296 1360 1493 1528 1853 2106 2284 2455 2473 2673 2839 2872 2901 3034 3272 3430 3433 3857 4146 4668
437	11	341	20	65 175 251 325 480 742 776 1135 1646 2072 2168 2309 2492 2806 2855 3047 3088 3367 3643 3731 3742 4019 4548 4714 4751 4767 4779
444	12	304	20	84 279 591 826 1099 1440 1459 1630 1993 2109 2558 2738 3024 3101 3213 3387 3398 3612 3790 4310 4323 4401 4466 4480 4504 4787 4982
448	40	104	20	241 377 703 831 1109 1122 1712 2202 2519 2642 2766 3173 3218 3266 3395 3400 3772 3854 4185 4218 4308 4424 4825 4966
464	15	6	20	37 204 222 286 326 509 862 1129 1169 1195 1313 1738 1881 2028 2090 2151 2747 2857 3064 3066 3350 3518 3591 3666 3933 4637 4734
478	4	202	20	478 623 1027 1067 1095 2302 2393 2576 2635 2837 2918 3099 3314 3377 3462 3830 3847 3942 4029 4035 4053 4346 4445 4446 4824 4833
533	6	195	20	51 590 683 894 971 1003 1246 1269 1316 1587 1974 2136 2381 2700 2779 2996 3176 3248 3900 4001 4297 4427 4641 4643 4768 4871
540	24	10	20	27 50 105 488 1082 1366 1443 1908 2041 2206 2535 2598 2860 2861 3121 3268 3365 3662 3969 3973 4181 4290 4370 4946 4948 4990
552	30	326	20	2 465 489 741 892 1079 1217 1553 1745 1860 1981 2222 2703 3153 3307 3397 3488 3492 4595 4731 4749 4791 4870 4960
578	9	10	22	245 464 529 551 614 734 813 902 919 1038 1437 1687 1961 1988 2390 2435 2587 2890 2933 3319 3504 3669 4067 4280 4512 4975
595	22	145	20	607 706 768 829 855 1096 1332 1570 1718 2102 2235 2282 2389 2669 2813 2832 3063 3115 3217 3506 3720 3834 3845 3866 4316 4325 4678 4788
597	19	198	20	35 328 435 505 542 902 1581 1654 1696 1919 2176 2363 2485 2515 2575 2656 2879 3067 3159 3196 3592 3622 3920 4004 4923 4983 4988
624	23	268	20	322 412 616 725 973 1521 1893 2331 2409 2606 2809 3071 3091 3155 3604 3706 3851 4093 4120 4183 4246 4411 4601 4782 4841 4961
638	8	321	20	72 173 271 287 299 320 504 593 1218 1369 1374 2039 2401 2465 2858 2866 3000 3070 3094 3180 3336 3341 4247 4518 4544 4684 4763
640	27	189	20	189 483 577 685 912 1170 1198 1215 1303 1531 1574 1662 2105 2214 2315 2413 2583 2741 2775 2914 2940 3183 3358 3625 3810 4164 4406
652	17	331	20	79 313 362 555 564 648 734 850 1551 1869 2295 2314 2501 2612 2705 2764 2817 2875 3453 3483 3596 3741 3759 3865 4355
654	28	212	20	23 96 197 567 1048 1101 1239 1286 1451 1698 1760 1929 2124
660	29	42	22	158 192 339 521 547 602 683 923 940 1267 2266 2528 2895 2938 3074 3829 3873 3877 4164 4256 4312 4601 4620 4625 4901
685	16	151	22	21 88 302 578 760 983 1064 1501 1506 1513 1589 1680 1744 1879 1957 2199 2218 2257 2469 3215 3434 3478 3907 4035
11	3	229	22	81 174 310 357 427 446 891 1201 1364 1759 1782 1937 1995 1999 2009 2123 3082 3313 3431 3686 3693 3871 3983 4548
23	31	254	22	5 42 143 425 641 836 975 1324 1856 2541 3176 3201 3360 3589 3944 4150 4278 4417 4492 4557 4578 4595 4629 4786
61	14	98	22	3 85 144 285 779 864 905 1269 1972 2422 2856 3290 3440 3570 3632 3677 3691 3892 4021 4103 4222 4608 4760
63	25	153	22	376 749 991 1191 1207 1225 1557 1703 1727 2248 2407 2453 2986 3105 3342 3749 3778 3963 3985 4257 4402 4407 4463 4808 4992
70	2	163	22	149 314 335 516 522 555 611 1231 1531 1568 1896 2004 2064 2279 2599 3102 3283 3949 3965 4123 4631 4647 4691 4861 4862 4888
78	36	152	22	29 61 134 163 329 409 580 1525 1551 1671 1836 1949 1967 2017 2243 2272 2493 2518 3190 3598 3855 4015 4039 4255 4331 4778 4809
90	38	320	22	89 801 897 977 1022 1223 1263 1286 1688 2005 2051 2222 2348 2356 2843 3203 3222 3419 3424 3611 3753 4369 4477 4633 4892
118	39	17	22	48 126 159 286 367 656 740 883 992 1219 1631 1657 1783 1795 2647 2761 2897 2973 3144 3166 3511 3681 3793 3832 4349 4817
123	5	194	22	359 531 1012 1212 1590 1819 1985 2086 2385 2424 2643 2655 2752 2776 2825 2977 3050 3443 3588 3970 4038 4106 4292 4720 4735 4815 4986
135	37	321	22	93 246 473 1236 1240 1400 1448 1719 1875 2034 2343 2811 2889 2950 2965 3008 3429 3521 3836 3882 4785 4801 4922 4976 4981
141	18	275	22	19 171 186 284 346 807 1280 1328 1504 1613 1966 2041 2096 2132 2208 2316 3063 3204 3286 3684 3688 3915 4051 4626 4646 4661 4844
159	13	183	22	141 213 228 234 239 304 316 1143 1245 1355 2334 2414 2517 2600 2946 3120 3522 3992 4029 4125 4213 4273 4603 4752 4910 4954
180	33	119	22	127 218 230 398 574 592 674 982 1085 1220 1478 1571 1955 2167 2452 2512 2824 3093 3127 3211 3415 3733 4005 4076 4183
203	1	143	22	368 720 1092 1436 1667 1679 1685 1736 1823 2130 2286 2319 2389 2498 2516 3004 3042 3696 3782 3880 4047 4130 4451 4820 4823
224	7	327	22	101 442 540 709 791 808 865 1087 1416 1443 1535 2021 2315 2619 3502 3545 4031 4137 4214 4259 4347 4715 4859
254	34	193	22	169 447 701 752 770 844 1091 1208 1211 1222 1939 2129 2197 2431 2741 2999 3133 3245 3359 3386 4006 4310 4770 4905 4957 4971 4972
259	9	119	24	115 121 128 413 472 1030 1034 1210 1218 1574 1742 1774 1817 1854 1954 2216 2484 2566 3851 3863 3872 4351 4797 4888
263	20	277	22	201 236 404 530 1097 1793 2084 2344 2549 2694 2783 2866 2867 2874 2881 3498 3651 3674 3885 4082 4481 4489 4542 4692 4724
267	35	144	22	658 929 1031 1136 1248 1262 1509 1648 1918 2042 2229 2447 2470 2661 2737 2836 2901 2914 3160 3315 3376 3445 3655 3826 4217 4253 4471
269	10	92	22	455 561 570 686 786 934 1053 1317 1327 1382 1537 1647 1979 2170 2490 2966 3044 3109 3621 3654 3731 4072 4176 4178 4423 4927
278	32	258	22	32 356 667 685 996 1233 1291 1362 1457 1464 1706 1730 1855 2166 2480 2564 2615 2617 3087 3107 3167 3477 3497 3581 4201 4277 4333
302	21	95	22	258 372 411 695 817 1241 1264 1424 1595 2101 2301 2396 2762 2826 3005 3407 3444 3698 3722 3769 3838 4250 4672 4951 4990
350	26	128	22	297 332 509 514 552 706 874 961 990 1015 1167 1336 1411 2359 2366 2368 2894 2906 3022 3490 3510 4297 4579 4931 4987
424	11	102	22	193 254 288 366 387 395 1033 1177 1277 1751 1976 2186 2291 2731 2753 2925 3177 3279 3549 3850 4298 4393 4616 4868 4869
428	12	170	22	57 199 272 526 532 715 785 1154 1254 1808 1903 2139 2251 2625 2719 2757 2788 2850 3045 3552 3671 3742 4014 4276 4416
456	40	134	22	14 114 700 802 939 1006 1156 1379 1538 1541 1781 1865 2169 2361 2395 2842 2993 3125 3456 3464 3585 3701 3759 4504 4750
457	15	281	22	195 662 852 880 1054 1815 2253 2412 2597 2659 2662 2727 2887 3034 3178 3372 3439 3644 3704 3712 3752 3879 4179 4270 4431 4794 4856
463	4	88	22	30 508 598 651 673 699 771 1019 1122 1128 1150 1183 1947 2153 2405 2416 2451 2618 2738 2787 2900 3186 3276 4467 4536
484	6	273	22	432 588 774 1138 1193 1626 2019 2164 2198 2381 2923 3033 3295 3594 3639 3657 3814 3860 4115 4437 4527 4559 4566 4722 4980
489	24	199	22	299 394 501 713 853 1441 1465 2052 2074 2112 2154 2580 2621 2964 2981 3369 3393 3725 3920 3952 4040 4049 4335 4361 4377
501	30	350	22	249 466 502 666 736 744 970 979 1088 1271 1397 1898 2076 2103 2235 2908 3180 3181 3667 4155 4334 4368 4444 4894
507	22	331	22	63 259 745 978 993 1029 1482 1670 1674 1698 1866 2420 2426 2667 2710 3132 3503 3569 3689 3737 4265 4346 4430 4610 4747
525	19	237	22	533 634 738 1016 1650 1677 1743 1814 1840 1991 2163 2165 2365 2603 3526 3683 3728 3745 3784 3804 3974 4037 4046 4145 4173 4443
544	23	202	22	1 75 179 601 630 885 889 968 1696 1714 1722 1830 2146 2313 2595 3037 3212 3256 3341 3791 3807 3904 4017 4780 4939
553	29	194	24	50 267 603 916 1241 1358 1376 1479 1498 1767 1834 2022 2075 2138 2184 2368 2714 2719 2799 3160 3402 3763 4341 4426 4474 4768
606	8	150	22	99 255 688 1062 1086 1451 1948 1992 2425 2531 2765 2781 2927 3101 3159 3161 3208 3297 3327 3917 4026 4134 4166 4365 4707
610	27	241	22	154 244 344 584 797 954 1055 1467 1536 1607 1618 1990 2107 2846 2862 3011 3076 3240 3479 3580 3659 3801 4301 4582 4934 4984
613	17	31	22	188 292 295 303 980 1113 1152 1655 1838 2003 2031 2324 2475 2725 2902 3280 3412 3426 3618 3724 4095 4207 4322 4950
642	28	75	22	308 544 787 915 921 972 1252 1375 1639 1804 1809 1934 2046
664	16	209	24	287 365 424 697 1256 1503 2119 2404 2666 2774 2879 2961 3083 3209 3475 3714 3804 4090 4112 4186 4377 4438 4457 4610 4704 4795
668	3	151	24	69 219 391 610 857 1093 1232 1238 1300 1435 1735 2111 2170 2538 2635 3121 3359 3378 3393 3413 4081 4595 4854
693	31	345	24	9 98 194 952 960 1028 1234 1349 1432 1512 1932 1962 2077 2467 2675 2698 2949 3042 3499 3672 3945 4648 4832
16	14	82	24	36 225 441 813 969 1822 2088 2118 2158 2306 2431 2502 2700 2739 2833 2952 3064 3297 3573 3858 3875 3909 3997 4069 4419 4698
17	25	264	24	317 461 487 549 698 817 985 1149 1162 1585 1832 2239 2789 3215 3430 3556 3620 4271 4522 4568 4572 4663 4890 4995
39	2	153	24	530 677 892 955 1140 1354 1360 1517 1711 1753 1763 1917 2232 2421 2687 2778 2897 3006 3104 3796 3999 4345 4526
43	36	235	24	90 338 437 501 552 663 904 1265 1434 1514 2592 2790 2794 2848 3232 3962 4218 4251 4297 4534 4755 4809 4818 4829 4911 4985
86	38	180	24	418 608 688 815 940 1023 1271 1627 2335 2346 2472 2584 2596 2709 2788 3138 3506 3702 4051 4144 4196 4273 4836
89	39	91	24	182 212 351 661 766 959 1190 1216 1250 1261 1285 1452 1545 1601 1676 2001 2185 2869 2940 3108 3225 3492 3708 4691
96	5	96	24	239 450 561 941 1094 1097 1257 1385 1406 1515 1831 2054 2183 2550 2878 2899 2936 3012 3153 3277 3466 3883 4149 4811
110	37	124	24	395 518 773 1175 1463 1780 2199 2251 2567 2702 2791 2931 2998 3140 3751 3930 4019 4026 4193 4399 4897
143	18	80	24	65 340 462 719 1084 1543 1555 1877 1941 2258 2503 2511 2608 2627 2924 2953 3123 3507 3565 4311 4627 4662 4692 4987
151	13	142	24	19 205 280 556 632 730 754 1399 1470 1878 2115 2247 2504 2873 3009 3154 3464 3468 3626 3689 3938 3970 4124 4861
153	33	30	24	6 102 159 311 681 814 835 858 934 1226 1228 1565 1845 2048 3158 3420 3471 3651 3729 3806 3862 4261 4720 4881 4960
208	1	9	24	7 38 117 443 489 687 907 1047 1182 1304 1355 1563 1765 1784 2195 2383 3137 3326 3337 3700 3711 3716 4034 4632 4660
220	7	86	24	167 201 270 542 554 780 1066 1214 1405 1651 2268 2370 2461 2525 2606 2693 3274 3453 3602 3603 3645 3679 4384
222	34	348	24	70 263 394 710 745 818 1118 1732 1792 1890 2281 2454 2555 3175 3666 3744 3746 3906 3993 4016 4059 4263 4349 4409 4529 4707
227	20	144	24	135 257 367 371 713 755 922 1056 1377 1415 1489 1504 1673 1928 2042 2463 3316 3418 3592 3839 4350 4367 4493 4594 4948
231	35	256	24	537 674 714 1062 1211 2319 2842 2957 3095 3236 3239 3352 3629 3646 3767 3809 4177 4278 4318 4506 4659 4690 4699 4918
245	10	191	24	161 358 497 878 986 1427 1458 1722 1727 1874 2182 2430 2620 3061 3090 3322 3462 3670 3761 3765 4008 4169 4307 4567
251	32	111	24	16 284 486 506 1004 1169 1189 1674 2165 2579 2796 2988 3007 3088 3287 3327 3505 3793 3854 3868 3887 3959 4344 4395 4482
265	21	327	24	252 305 1049 1088 1297 1317 1369 1408 1599 1642 1658 2775 3455 3564 3680 3885 3988 4137 4542 4550 4629 4739 4780 4806 4819 4912
305	26	5	24	261 400 597 658 757 843 1367 2036 2161 2387 2438 2527 2599 2664 2974 3424 3530 3991 4045 4157 4225 4402 4569 4773 4840 4934
310	11	169	24	531 548 1746 1921 1976 2193 2236 2240 2622 2802 2882 2965 3267 3275 3381 3496 3921 4078 4165 4291 4392 4548
312	12	51	24	131 195 411 495 954 1411 2347 2434 2505 2840 3147 3355 3699 3736 3799 3923 3928 4417 4484 4532 4730 4775 4793
341	40	305	24	41 274 621 761 783 845 1065 1248 1356 1388 1404 1496 2324 2412 2450 2734 2907 2963 3273 3309 3745 3775 4129 4451 4735
352	15	211	24	214 295 727 886 966 1198 1386 1740 2007 2205 2913 3040 3231 3259 3334 3585 3619 3674 3681 4170 4286 4514 4687 4958
389	4	63	24	793 856 999 1043 1225 1314 1598 1772 1922 2225 2257 2639 3124 3184 3193 3207 3522 3709 3849 3926 4058 4210 4643 4835 4893
395	6	306	24	32 514 732 872 1111 1748 1913 1958 2207 2279 2315 2375 2994 3114 3394 3419 3482 3882 4255 4339 4625 4628 4763 4873
406	24	156	24	272 810 898 929 1135 1403 1648 1840 2162 2413 2546 2918 3244 3271 3508 3717 3824 3918 3969 4053 4060
412	30	1	24	326 962 996 998 1509 1719 1961 2037 2178 2234 2266 2593 2605 2927 2944 3188 3844 3846 4410 4412 4434 4738
423	22	192	24	86 407 879 964 1073 1186 1322 1331 1384 1390 1620 1808 1852 2179 2270 2486 2746 2819 2872 3408 3822 4596 4688 4747 4791
458	9	192	26	28 96 315 343 795 1180 1226 1242 1378 1583 1627 1874 2728 3398 3430 3450 3789 3876 3887 3921 3990 4011 4014 4450 4605
461	19	59	24	137 242 635 744 1199 1279 1566 1637 1736 1864 2453 2713 3008 3023 3098 3230 3343 4097 4115 4328 4335 4563 4892
462	23	215	24	680 863 1061 1160 1726 1751 1803 1903 2016 2044 2607 3112 3163 3241 3376 3541 4049 4077 4195 4443 4533 4901 4933
482	8	227	24	790 1156 1283 1482 1750 1810 1990 2010 2133 2194 2312 2399 2543 2665 2922 3073 3111 3735 3784 4212 4510 4728 4931
494	27	281	24	64 335 381 585 885 1019 1229 1469 1510 1935 1992 2604 2650 2710 2815 3003 3380 3658 3687 4500 4731 4825 4941
497	17	39	24	74 91 467 562 971 1071 1305 1578 1708 1911 1963 2280 2506 2759 3117 3120 3307 3517 3894 4317 4364 4371 4509 4790 4801
547	28	295	24	177 249 344 529 826 933 1184 1345 1759 1825 1826 1931 2094
596	29	33	26	8 177 317 967 1634 1805 1958 2304 2742 2853 2967 3177 3463 3489 3523 3770 4146 4162 4176 4304 4350 4359 4587 4976
618	16	267	26	152 159 935 1149 1855 2069 2099 2927 2942 3143 3187 3191 3248 3352 3416 3528 3578 3794 3841 3875 4065 4230 4754
635	3	68	26	31 55 900 1026 1652 1775 1894 1928 2157 2278 2341 2462 2618 3316 3345 3351 3492 3557 4099 4188 4449 4827 4881
653	31	214	26	234 237 238 561 653 666 726 1431 1604 2642 2656 2859 2932 3202 3238 3326 3407 3833 3986 4003 4220 4297 4690 4900 4997
656	14	105	26	5 58 94 220 244 351 681 696 790 834 932 993 1070 1163 1845 2040 2090 2108 2743 3272 3504 3639 4215 4339 4929
658	25	222	26	182 258 671 687 815 1171 1281 1433 1436 1479 1496 1618 1699 1793 2194 2297 2814 3027 3769 3913 4115 4540 4708 4799 4969
673	2	78	26	56 153 375 574 652 865 1224 1258 1328 1671 1778 1970 1997 2005 2045 2210 2323 2944 3242 3371 3564 3909 3929 3951 3977 4300
21	36	123	26	44 387 864 1082 1200 1491 1492 1665 1912 1984 2772 3199 3220 3233 3317 3462 3641 3721 4149 4243 4276 4409 4524 4803
25	38	62	26	46 150 449 501 629 650 888 1233 1260 1295 1752 1822 2027 2172 2176 2386 2732 3367 3495 3762 3795 3823 4216
33	39	118	26	397 499 549 1203 1453 1548 1599 1641 1681 2260 2314 2418 2559 2658 2793 2899 3076 3170 3446 4165 4593 4763 4797
34	5	299	26	10 217 704 741 762 949 1068 1151 1363 1521 1653 1823 2442 2705 2898 2938 3403 3627 3848 4043 4083 4235 4237 4267
36	37	301	26	124 233 502 964 1318 1742 1774 1834 1886 2142 2468 2576 2691 2730 3053 3427 3846 3931 4035 4385 4437 4545 4573 4944 4989
54	18	296	26	415 634 708 911 1232 1809 2213 2243 2509 2530 2572 2683 2896 2930 3488 4117 4217 4303 4710 4854
65	13	172	26	235 256 271 376 676 844 1042 1058 1077 1991 2321 3077 3129 3132 3474 3777 3861 3902 3958 4045 4435 4658 4926
80	33	74	26	604 668 841 850 942 1120 1181 1345 1489 1808 2046 2221 2633 2913 2950 3146 3555 3598 3695 4447 4617 4805 4946
93	1	289	26	188 513 518 694 830 895 2780 2830 2860 2891 2925 3306 3469 3624 3656 3719 4512 4630 4689 4931 4958
120	7	85	26	282 357 839 859 860 1532 1708 1761 2919 3119 3747 3788 3967 4126 4131 4208 4397 4487 4579 4762 4847 4886
134	34	154	26	151 319 534 651 1235 1437 1477 1767 2121 2491 2527 2640 2649 2677 3064 3162 3201 3728 3979 4130 4223 4911 4965
136	20	208	26	206 344 359 829 969 1098 1132 1684 2351 2498 2949 3152 3321 3382 3385 3387 3537 3663 4327 4446 4464 4516 4802
137	35	332	26	198 448 965 994 1009 1202 1439 1674 1804 2036 2364 2816 3150 3169 3356 3511 3586 3593 3829 4006 4088 4227 4490
144	10	93	26	185 212 289 329 485 720 1036 1129 1183 1853 2088 2723 2778 2910 3346 3514 3530 3626 3751 3898 4305 4677 4682 4793
161	32	49	26	434 702 962 1351 1454 1461 1546 1647 2127 2397 2545 2608 2804 2847 3060 3198 3205 3360 3901 3912 4256 4821 4988
162	21	139	26	223 348 455 463 1240 1413 1543 1883 2171 2253 2570 2653 2662 2757 2821 2976 2998 3157 3390 3774 4012 4228 4262 4321 4641
191	26	329	26	69 197 540 1114 1150 1210 1330 1899 2012 2084 2234 2460 2518 3039 3161 3197 3440 3597 3939 3981 4016 4580 4652 4737
205	11	292	26	11 565 852 883 1246 1687 2122 2264 2591 2594 3133 3234 3339 3575 3771 3856 4309 4479 4725 4729 4853 4967
253	12	116	26	27 116 402 431 470 869 905 1080 1348 1415 1705 1890 1957 1996 2025 2151 2311 2616 2670 3603 3897 4565
270	40	132	26	229 903 980 1021 1115 1141 1277 1334 1399 1941 1961 2168 2366 2457 2479 2661 3107 3366 3753 3980 4175 4185 4374 4567 4937
276	15	349	26	54 76 131 137 262 267 283 832 1155 1802 1900 2061 2097 2167 2270 3029 3252 3266 3473 3476 3599 3722 4018 4970
280	4	138	26	40 43 52 211 393 951 1106 1201 1398 1484 1523 1655 2028 2367 2380 2652 3002 3114 3955 3983 4024 4379 4942 4948
283	6	87	26	213 327 338 1045 1086 1192 1243 1506 1828 1864 1994 2000 2030 2261 2439 2446 2979 3010 3475 3650 3785 4792 4840
294	24	129	26	9 1166 1284 1312 1358 1977 2274 2334 2413 2428 2531 2693 3113 3779 3942 4069 4337 4413 4485 4733 4867
316	30	12	26	202 475 712 1107 1213 1270 1289 1373 1414 1485 1901 1902 1966 2285 2550 2685 2902 3237 3350 4032 4155 4800 4878 4961
323	22	77	26	330 380 435 801 824 861 906 1001 1011 1298 1447 1582 1588 1950 2068 2241 2300 2425 2823 3585 3796 3891 3893 4488 4584
390	9	78	28	282 405 516 589 927 1013 1174 1484 1582 1694 2021 2491 2810 2968 3224 3260 3316 3459 3645 3845 4874 4948
397	19	57	26	390 395 588 663 925 1737 1897 2114 2134 2265 2663 2684 2766 2973 3302 3378 3454 4033 4056 4330 4530 4648 4780
411	23	225	26	1 290 374 638 893 923 1304 1624 1625 1679 1695 1909 2372 2984 3018 3452 3569 3577 3922 4421 4612 4766 4872
413	8	50	26	103 207 403 955 981 1034 1336 1513 1636 1852 1857 2013 2103 2219 2472 3497 3622 3819 4143 4171 4496 4759 4812
414	27	11	26	126 577 597 616 664 771 800 947 1438 1465 2432 2482 2609 2646 2749 2966 3480 3630 4066 4425 4590
417	17	294	26	381 532 636 828 1311 1432 1526 1796 2038 2257 2343 2381 2523 2549 2934 3079 3240 3265 3293 3467 3976 4104 4585 4955 4957
422	29	49	28	32 316 560 643 804 1656 1868 1896 2603 2868 2883 2903 2991 3899 3907 4279 4308 4316 4362 4410 4503 4611 4986
438	28	125	26	68 563 640 660 1053 1403 1668 1785 1792 1963 2451 2500 2686
442	16	50	28	243 887 1133 1348 1572 1640 1966 2205 2262 2841 3001 3018 3110 3207 4078 4080 4238 4298 4542 4560 4650 4665 4837
450	3	282	28	363 524 607 725 909 1136 1146 1472 1597 1692 2152 2376 2412 2532 2668 3317 3373 3388 3777 3957 4892
481	31	272	28	211 611 984 1354 1414 1486 1549 1743 1816 1968 2457 2900 2928 3270 3453 3543 3869 3912 4169 4268 4274 4515 4923
496	14	349	28	227 373 655 796 1180 1356 1372 1965 2076 2104 2257 2358 2584 2872 3107 3249 3437 3770 3835 3890 4055 4300
499	25	97	28	127 145 467 551 917 1048 1583 2050 2130 2530 2658 2949 3271 3443 3685 3798 3831 3842 4161 4228 4304 4642 4901
518	2	340	28	96 571 994 1051 1269 1704 1818 1825 1908 2134 2450 2517 2522 2591 2769 3049 3223 3432 3619 4110 4754 4850 4877
521	36	246	28	44 452 764 1081 1243 1693 1996 2119 2294 2521 2670 2681 2825 2896 2905 2940 3156 3423 4189 4210 4430 4459 4675 4741 4972
543	38	342	28	986 1015 1029 1291 1500 1580 1906 1911 1918 2596 2844 3277 3689 3934 4002 4094 4172 4456 4574 4735 4801 4939
574	39	108	28	863 958 1284 1497 2340 2378 2673 2692 2723 2772 3202 3567 3711 3714 3758 3790 3797 3862 3919 4204 4344 4652
588	5	267	28	1 138 174 190 682 971 1504 2350 2394 2661 2680 2788 3325 3636 3671 3692 4081 4244 4245 4350 4461 4745 4889 4949
616	37	346	28	25 154 921 960 1018 1111 1473 1483 1520 1978 2298 2405 2410 2537 2606 2904 3061 3148 4170 4636 4671 4686
629	18	42	28	108 252 302 396 493 527 836 852 860 1032 1323 1391 1698 1853 2117 2258 2589 2962 3735 4005 4082 4113 4116 4124
657	13	283	28	477 552 579 811 920 956 1394 2647 2756 2945 3087 3184 3204 3380 3542 3801 4179 4221 4600 4694 4716 4785 4885
674	33	326	28	99 149 377 945 1401 1631 1812 2889 2912 3009 3116 3241 3476 3628 3794 3987 4126 4265 4399 4563 4621 4912 4967 4998
682	1	294	28	30 247 389 469 785 847 938 1230 1524 1629 1744 1877 2051 2391 3082 3117 3312 3629 3650 3701 3740 3772 3928 4111 4484
29	7	163	28	110 237 290 665 2002 2060 2161 2207 2325 2403 2471 2531 2742 3192 3292 3585 3853 3983 4027 4474 4500 4523 4742 4831
37	34	244	28	375 402 504 544 864 1184 1393 1566 1619 1713 1994 2529 2547 2781 3036 3833 3852 4108 4152 4561 4950 4984
55	20	60	28	157 196 617 983 991 1171 1492 1667 1742 1889 2046 2073 2110 2238 3046 3113 3484 3642 3881 4208
58	35	154	28	188 383 483 492 779 880 1540 1545 1664 1702 2011 2400 2437 2878 3053 3155 3444 4138 4150 4522 4585 4859
71	10	185	28	558 697 707 841 1046 1533 1559 1598 1830 2212 2361 2858 2867 2929 3299 3815 4025 4295 4378 4724 4771
77	32	52	28	249 279 314 543 604 877 1086 1606 1611 1624 1921 2356 2435 2792 3038 3141 3525 3624 3672 4187 4381 4514 4835
113	21	339	28	232 507 840 878 1591 1802 2074 2120 2503 2759 2875 3239 3398 3431 3469 3500 3576 4509 4540 4687 4759 4944
127	26	245	28	323 590 713 1014 1316 1755 1771 1781 1949 2169 2345 2489 2534 2590 2604 2873 3320 3895 4186 4715 4736 4896
165	11	66	28	200 799 932 1083 1194 1273 1381 1554 1712 2274 2353 2558 2575 2859 2960 3098 3180 4022 4320 4483 4529 4637 4790
204	12	102	28	172 509 641 808 1602 1900 1933 2237 2638 2644 2758 3012 3016 3520 3660 3741 3816 3886 4016 4063 4427 4864
228	40	223	28	388 714 816 1028 1239 1296 1561 1761 1820 1860 2003 2564 2814 2849 3773 3804 4293 4329 4349 4357 4360 4421
230	15	182	28	238 1020 1119 1187 1253 1262 1385 1567 1747 1872 2042 2114 2359 2686 2856 3014 3358 3420 3436 3670 4008 4264 4906
246	4	36	28	152 253 262 410 533 575 881 1620 1861 1982 2024 2270 2697 2722 2770 3244 3442 3609 3778 3924 3960 3979 4673
248	6	150	28	257 468 637 775 831 1052 1125 1339 1361 1425 1446 1899 2043 2065 2694 3067 3162 3281 3579 4180 4903 4921 4933
256	24	193	28	3 87 140 278 461 691 1008 1019 1654 1734 1890 2137 2586 2672 2678 2816 3176 3211 3335 3986 4661 4706
273	30	80	28	71 303 331 908 1162 1360 1649 1758 1894 1909 2578 2954 3128 3150 3288 3404 3451 3455 3737 3809 4153 4469 4521 4887
284	22	285	28	24 124 142 1254 1309 1513 1532 1666 1883 2006 2013 2474 2970 3363 3856 4259 4314 4584 4651 4659 4717 4935
296	19	91	28	113 183 616 710 1214 1221 1293 1318 1776 2252 2333 2554 2624 2682 3245 3570 3832 3901 4408 4499 4586 4739
306	23	279	28	66 136 225 417 742 1267 1397 1453 1616 1655 2055 2660 2706 3080 3166 3357 3751 3973 4340 4400 4723 4898
327	8	47	28	144 449 879 1432 1564 1837 1923 1983 2196 2665 2688 2790 2831 2934 3217 3282 3300 3347 3489 4190 4364 4707
328	9	244	29	98 269 421 631 976 1625 1714 1750 1952 2143 2436 2557 2958 3192 3380 3548 3618 3715 3978 4022 4229 4304 4613
343	27	166	28	109 166 708 1123 1340 1501 2132 2225 2467 2630 2719 3089 3092 3105 3144 3200 3690 4013 4097 4242 4319 4338
387	17	46	28	107 1104 1151 1163 1347 1429 2430 2572 2947 3235 3301 3562 3705 3723 3734 3929 4444 4467 4546 4576 4882
427	28	40	28	19 59 1298 1574 1875 2141 2164 2734 2921 3081 3103 3353 3366
439	29	135	29	230 388 906 955 1468 1518 1946 1989 2387 2397 2483 2788 3012 3019 3257 3456 3841 3985 4552 4697 4744 4951
452	16	271	29	412 584 587 796 1613 2040 2108 2153 2515 2672 2888 2944 3149 3230 3516 3531 3575 3614 3906 4113 4243 4600 4758 4928
469	3	328	29	619 770 846 882 912 946 1330 1730 1958 1969 2062 2133 2749 2781 2829 3096 3111 3125 4250 4627
549	31	44	29	164 592 1146 1320 1498 1666 1675 1931 2075 2462 2573 2862 3077 3082 3432 3647 3824 4497 4694 4802 4859 4949 4997
555	14	279	29	100 806 832 927 959 1036 1100 1801 1852 2137 2519 2520 2594 2740 3336 3903 4050 4154 4227 4352 4485 4669
567	25	239	29	64 1017 1328 1621 1705 1759 1775 1971 1977 2413 2645 2650 2818 3007 3379 3578 3721 3889 4011 4577 4592 4847
583	2	324	29	96 361 559 625 638 782 1138 1150 1268 1716 2071 2777 2964 3075 3222 3593 3796 4110 4456 4492 4726
598	36	272	29	154 439 700 707 1176 1308 1657 1910 2159 2348 2351 2548 2694 2873 2909 3595 3743 4087 4441 4581 4599 4612 4799 4940
612	38	129	29	105 398 524 579 960 1051 1098 1112 1723 2070 2125 2263 2403 2794 2953 2971 3065 3207 3371 3587 3840 4269 4681 4829
641	39	122	29	387 465 567 1272 1282 1304 1399 1936 2005 2080 2501 2600 2624 2654 2704 3352 3696 4233 4249 4491 4518 4570 4606 4691
659	5	161	29	212 308 569 1195 1221 1645 1711 1764 1825 2382 2601 2652 2759 3024 3124 3461 3524 3692 3780 3927 4484 4572 4712 4965
5	37	158	29	14 139 453 996 1133 1162 1187 1382 1420 1728 1976 2136 2224 2912 3080 3251 3466 3680 4201 4657 4746 4824
18	18	115	29	391 575 764 776 1018 1481 1556 1777 2131 2681 3604 3676 3854 3938 3946 4020 4133 4177 4639 4705 4816 4851
35	13	197	29	52 141 158 386 486 586 617 1141 1207 1788 1980 2335 2466 2707 2925 3034 3321 3515 3662 3949 4025 4608
38	33	302	29	22 102 133 156 335 1144 1253 1949 1996 2180 2544 2625 2921 3299 3882 4057 4073 4228 4473 4858
44	1	178	29	257 854 1164 1306 1353 1495 1772 2277 2307 2399 2844 3303 3308 3374 3499 3583 3600 3976 4342 4658 4906
48	7	314	29	140 172 899 1217 1343 1630 1663 1680 1763 1814 2230 2364 2747 2765 2973 3004 3486 3508 4134 4238 4642 4822
79	34	118	29	155 302 316 783 967 986 1274 1409 1478 1865 2358 2432 2896 3392 3607 3704 3731 4295 4855 4973
100	20	249	29	722 867 1284 1479 1485 1617 2117 2285 2433 2732 2916 2993 3008 3402 3418 3528 4105 4195 4266 4379 4852
133	9	302	30	101 122 865 874 1224 1233 1396 1433 1522 1573 1915 2366 3354 3442 3511 4120 4342 4564 4757 4861 4902
157	35	313	29	245 429 444 861 1084 1431 2035 2150 2392 3102 3284 3331 3364 3879 3922 4111 4216 4559 4610 4689 4772
217	10	116	29	363 951 1124 1252 1760 1862 1938 2056 2276 2615 2666 2804 2980 2981 3558 3635 3814 4040 4591 4766
218	32	338	29	208 420 467 609 704 808 1121 1247 1257 1700 1709 1720 2052 2140 2414 2950 2965 3563 4007 4618 4895
225	21	218	29	89 116 510 874 893 1171 1302 1329 1425 1430 2111 2610 2711 2716 3185 3627 4101 4419 4483 4721 4905 4911
266	26	98	29	34 715 961 964 1173 1323 1651 1702 1964 2087 2313 2401 3060 4029 4146 4490 4571 4877 4884
295	11	84	29	10 92 191 229 589 657 917 968 1006 1180 1214 1519 1880 2079 2514 2876 2936 3975 4244 4247 4686 4841 4985
333	12	291	29	418 452 872 1251 1374 1466 1661 2074 2149 2576 2678 2882 2959 2983 3118 3624 3695 3829 4674 4890 4978
336	40	127	29	525 610 816 910 956 1037 1423 1636 1970 2098 2191 2468 2739 2838 3241 3429 4048 4202 4502 4634 4695
353	15	106	29	234 448 458 1417 1528 1665 1956 2602 2731 2743 2751 2987 3340 3349 3485 3500 4515 4753 4821 4903
369	4	162	29	307 754 1367 1492 1747 2018 2076 2302 2552 2874 3093 3351 3591 3842 4090 4104 4339 4784 4828 4868
371	6	134	29	57 169 193 514 1461 1473 1548 1829 1906 2310 2986 3128 3296 3605 3837 4424 4510 4574 4623 4864 4871 4986
392	24	54	29	15 903 1019 1089 1234 1589 1624 1724 1835 2077 2259 2332 2424 3062 3183 3468 3902 4353 4813
404	30	350	29	125 352 794 805 1065 1349 1629 1818 1974 2209 2362 2565 2845 3054 3733 3987 4390 4588 4875 4961 4992
421	22	270	29	614 1326 1370 1943 2050 2366 2418 2667 2822 3021 3051 3164 3291 4061 4147 4182 4375 4386 4387 4462 4781 4968
445	19	90	29	79 224 500 843 904 1212 1435 1542 1674 2543 2578 2741 3178 3219 3467 3474 3950 4193 4525 4670
459	23	29	29	217 385 520 590 1026 1062 1299 1387 1793 1873 2288 2343 3020 3290 3539 3726 3847 3967 4312 4459 4535
485	8	305	29	11 26 499 615 950 1011 1021 1139 1534 1552 1695 2768 3261 3570 3826 3932 4710 4808 4879
515	27	181	29	643 937 942 1060 1392 1414 1616 1638 1664 2033 2213 2355 2360 2890 3295 3750 3925 3933 4286 4470 4732 4870
542	17	126	29	200 817 1270 1490 1505 1544 1669 1833 1893 1917 2028 2174 2235 2941 3155 3458 3599 3830 3953 4433 4486 4496 4917
564	28	110	29	320 515 644 990 1278 1448 1884 2185 2267 2499 3109 3142 3206
593	29	208	30	48 73 443 447 649 838 1252 1376 1685 2029 2091 2285 2414 2628 3586 3686 3857 4031 4321 4434 4441 4663 4952
605	16	345	30	39 198 459 819 1101 2034 2056 2230 3126 3171 3438 3466 3544 3545 3616 3670 3864 3915 4058 4105 4692
645	3	41	30	667 884 1003 1113 1160 1350 1379 1459 1586 1655 1767 1920 1922 2368 2716 3443 3600 3725 4076 4238 4280 4803
677	31	19	30	80 354 414 947 1258 1707 1916 2269 2352 2814 2926 2999 3057 3223 3310 3422 3953 4212 4234 4289 4521 4651
680	14	199	30	42 71 378 547 1131 1450 1458 1735 1773 2282 2337 2570 2829 3374 3404 3416 3981 4405 4501 4767
684	25	255	30	136 226 324 486 606 669 688 1059 1488 1789 2008 2310 2855 2888 3567 3606 3713 3813 3993 4079 4583 4766
692	2	137	30	409 452 555 689 1021 1205 1325 1785 1875 1913 2271 2312 2468 3056 3274 4112 4135 4190 4388 4471 4654 4872
694	36	147	30	291 1250 1591 1669 1832 1928 1991 2127 2133 2268 2555 2643 2659 2955 3187 3666 3954 4049 4063 4340 4744 4878
27	38	252	30	209 735 1121 1484 1490 2154 2277 2345 2459 2471 2805 2908 3365 3673 3751 3840 4140 4426 4676 4699 4844
92	39	28	30	307 535 777 992 1089 1170 1419 1457 1475 2512 2605 2636 2857 3047 3304 3467 4656 4740 4743
99	5	31	30	160 807 1025 1218 1235 1385 2184 2398 2419 2544 2745 2755 3117 3364 3825 3856 4299 4634 4661 4702 4748 4882
102	37	95	30	55 318 389 720 1076 1437 1532 1783 2206 2263 2525 2538 2645 3298 3429 3571 4094 4104 4513 4666 4753
103	18	323	30	50 1124 1341 1715 2065 2106 2142 2294 2760 2923 2935 3015 3572 3653 3698 3717 3762 3890 3964 4209
111	13	61	30	38 138 166 327 554 1031 1186 1321 1657 2146 2526 2596 2893 2927 3321 3591 3850 3904 4124 4711
112	33	190	30	87 145 651 1011 1137 1178 1278 1675 1694 1754 1826 2183 2416 2599 3078 3157 3196 3239 3911 4004 4078 4097
211	1	216	30	199 323 583 800 803 1098 1237 1462 1541 1623 1765 1850 2078 2084 2130 2831 3798 4088 4196 4258 4641 4752
213	7	35	30	594 944 1075 1245 1413 1434 1924 1974 2092 2100 2386 2427 2704 2740 3001 3225 3724 3987 4055 4148 4783
226	34	89	30	181 229 601 693 705 1172 1283 1289 1721 1805 2113 2160 2708 3009 3347 3379 3743 4325 4681 4832
235	20	297	30	11 336 941 1114 1119 1346 1723 1823 2093 2609 2658 2974 3004 3170 3445 3937 4139 4173 4268
311	35	29	30	142 201 270 520 627 806 1074 1362 1548 2082 2616 2761 2931 2995 3129 3295 3577 3867 3997 4014 4407 4465
337	10	333	30	159 252 517 521 602 909 1161 2201 2267 2404 2485 3252 3543 3622 3802 4189 4272 4302 4709
347	32	344	30	26 113 240 453 640 755 1187 1763 1958 2058 2226 2254 2296 2504 2579 2869 3477 4023 4336 4745 4945
372	21	149	30	12 217 282 426 692 776 1167 1936 2007 2057 2325 2385 2559 3054 3427 3581 3732 3747 3951 4314 4414
378	26	34	30	289 500 610 619 956 1099 1319 1737 1946 2049 2264 2680 2932 3830 4059 4086 4100 4208 4520
380	11	126	30	133 169 675 717 1288 1429 2070 2181 2784 2887 3320 3367 3440 3513 4172 4279 4431
385	12	143	30	147 168 246 639 666 694 728 1409 1463 1746 2053 2557 2690 2735 2764 2852 2916 3212 3554 3870 3975 4300
408	40	276	30	281 397 650 868 1000 1738 1944 1955 2592 2644 2762 2948 3160 3214 3284 3682 3944 4260 4344 4415 4830
506	15	11	30	477 933 995 999 1078 1502 1601 2015 2243 2308 2338 2463 2585 3169 3174 3428 3527 3612 3966 4568 4589 4774
508	4	317	30	573 633 752 821 885 1861 1876 2062 2107 2388 2422 2554 2567 3063 3748 4098 4103 4586 4664 4769 4960
538	6	274	30	304 548 615 795 1220 1320 1440 1592 1938 1982 2344 2595 2646 2648 2754 3920 3955 4432 4865 4994
681	24	240	30	301 388 390 460 591 1333 1788 1899 2020 2443 2448 2476 2733 2798 3246 3452 3697 4051 4083 4456 4495
31	30	236	30	382 913 1085 1264 1282 1907 2480 2749 2786 2982 3322 3922 3971 4229 4562 4646 4765 4852 4939 4959
60	22	46	30	203 265 300 871 914 1372 1622 2066 2997 3219 3271 3596 3641 3662 3880 4270 4444 4582 4746 4790
107	19	32	30	1199 1885 2340 2439 2473 2748 2930 3031 3070 3254 3462 3648 3831 3932 3938 4038 4128 4772 4798 4931
121	23	17	30	85 285 709 809 843 1197 1415 1678 1927 2003 2024 2196 2217 2278 2738 3312 3551 3564 3736 4151 4327
147	8	111	30	91 635 684 855 920 1123 1196 1246 1468 1676 1960 2104 2118 2782 2899 3332 4085 4153 4224 4721
170	27	203	30	648 1568 1693 1750 1790 1902 1997 2124 2182 2270 2332 2447 2800 3172 3282 3333 3910 4133 4846 4848
221	9	34	27	36 155 581 635 962 1069 1455 1785 1794 2418 2514 2663 2727 2785 2867 3231 3578 3644 3897 4080 4417
258	17	318	30	18 65 66 691 702 869 1729 1731 2000 2479 2550 2828 3014 3344 3843 3875 3928 4041 4713 4718
264	28	115	30	47 317 436 729 853 1219 1295 1469 2369 2444 2477 2802 2845
359	9	284	25	255 311 488 562 565 566 770 1658 1863 2631 2715 2798 2917 3344 3482 3484 3637 4218 4272 4777 4826
366	9	287	23	33 867 1000 1891 2013 2051 2065 2460 2702 2776 2963 3069 3145 3171 3391 3575 4214 4306 4331 4413 4445
377	9	155	21	1083 1407 1481 1849 2120 2134 2456 2488 3097 3177 3477 3480 3582 3966 4000 4139 4368 4381 4814 4885 4983
435	9	51	19	73 110 197 431 496 576 787 955 1055 1335 1826 2323 2459 3361 3370 3861 4507 4659 4778 4841 4844
443	9	187	17	560 657 700 877 1084 1381 1710 1898 1931 2259 2390 2511 2582 3065 3134 3275 3362 3384 3485 3859 3945
465	9	219	15	165 274 629 632 953 977 1206 1377 1536 1538 1621 2096 2192 2490 2753 3256 3343 3597 4383 4757 4806
479	9	122	13	423 429 511 797 1140 1205 1342 1391 1812 2295 2309 2521 2712 2855 3187 3406 3689 3996 4182 4680 4842
486	9	7	11	53 199 474 572 1307 2049 2072 2210 2212 2316 2342 2584 2952 3281 3403 3557 3563 4162 4329 4346 4701
517	9	71	9	76 180 203 298 355 519 1082 1147 1309 1396 1438 1595 1887 2059 2307 2657 3324 3356 3692 3843 4934
524	9	261	7	13 192 1003 1023 1959 1999 2568 2797 2929 3163 3335 3343 3583 3638 3654 3759 4273 4376 4401 4543 4671
534	9	292	5	382 1487 1951 2227 2279 2382 2888 2915 3566 3582 3772 3797 3979 4384 4416 4428 4532 4653 4915 4916 4977
541	9	291	3	196 569 693 779 857 1373 1561 1607 1659 1905 2017 2701 2724 2917 3635 4054 4203 4364 4508 4539 4776
562	9	226	1	4 281 437 582 882 1101 1737 2360 2375 2649 3355 3700 3710 3795 4026 4086 4400 4467 4697 4704 4758
582	29	160	27	620 773 1112 1133 1628 2055 2330 2573 2628 2684 2956 2961 3091 3127 3595 3772 3821 3823 4191 4481 4636
631	29	266	25	363 490 1007 1136 1193 1200 1210 1391 1555 1596 2024 2419 2480 2815 2880 2905 3106 3260 4023 4312 4867
665	29	336	23	47 172 176 218 470 522 696 756 1157 1161 1460 1532 2581 2617 2933 3386 4281 4388 4653 4771
28	29	136	21	58 130 333 495 850 1071 1581 2582 2683 2793 3066 3328 3977 4084 4332 4450 4483 4579 4863
40	29	16	19	142 230 438 541 583 598 696 1726 1911 2427 2611 2679 2963 3098 3383 3517 4439 4441 4543 4802
104	29	301	17	65 209 419 481 539 1727 2066 2268 2286 2353 2443 2850 3057 3411 3916 4442 4513 4525 4636 4740
138	29	206	15	121 343 362 626 1081 1326 1638 1731 1998 2436 2633 2756 3359 3406 3739 3810 3827 4184 4646 4798
241	29	33	13	373 492 553 564 647 900 1867 2318 2498 2682 3020 3166 3403 3570 4519 4568 4570 4587 4829 4932
271	29	22	11	401 792 908 980 1268 1556 1627 1856 2055 2170 2254 2763 2851 3146 3401 3754 4082 4165 4511 4769
274	29	236	9	121 482 604 689 1194 1430 1447 1495 1965 2154 2249 2756 2811 2886 2900 3021 3164 3599 3634 4849
402	29	82	7	104 262 520 637 731 869 1586 1599 1761 2551 2833 3186 3246 3571 3600 3828 4253 4312 4383 4493
429	29	249	5	684 1126 1176 1492 1897 2070 2493 2629 2713 2944 2982 3131 3381 3415 3762 3827 4043 4301 4827 4996
572	29	176	3	51 349 562 1102 1499 1564 1819 2010 2291 2331 2579 3079 3761 3870 3972 4323 4592 4620 4800 4923
625	29	234	1	226 278 596 658 1115 1383 1845 2047 2493 2708 2785 2887 2948 2974 3225 3528 3851 4034 4231 4609
178	16	184	27	679 1230 1278 1389 1736 1754 1788 1926 2263 2378 2537 2817 3008 3068 3944 4184 4266 4619 4864
188	16	89	25	29 215 882 1005 1030 1868 2122 2492 2847 3032 3033 3535 3551 3967 4230 4378 4413 4482 4735
207	16	97	23	137 415 495 1028 1080 1656 1725 1862 2284 2391 3676 3943 4136 4220 4396 4434 4486 4567 4598
247	16	250	21	112 438 1106 1353 1435 1716 2102 2162 2197 2217 2305 2710 3138 3285 3782 4001 4343 4666 4794
376	16	22	19	846 1006 1010 1072 1508 1701 1865 2177 2451 2688 2720 2809 3366 3380 3925 4007 4284 4518 4933
386	16	25	17	490 926 976 1477 1762 2111 2206 2456 2920 3001 3341 3415 3753 4034 4137 4222 4360 4705 4874
560	16	123	15	56 960 1165 1166 1560 2052 2085 2702 3065 3414 3418 3805 3838 3896 3988 4288 4314 4397 4491
581	16	165	13	86 538 848 1135 1385 1553 1984 2386 2578 2623 2627 3610 3874 4113 4203 4205 4373 4615 4624
667	16	38	11	63 524 794 1017 1109 1188 1305 1329 1357 1643 2320 2956 3021 3607 3637 3684 4077 4505 4631
679	16	198	9	265 315 1104 1190 1321 1340 1563 1733 2148 2502 2604 2700 2943 3076 3698 3703 4428 4498 4613
179	16	201	7	798 825 921 940 1127 1315 1579 1944 2002 2340 2348 3041 3145 3497 3956 4477 4708 4970
189	16	174	5	49 77 348 398 760 1129 1190 1444 1777 1929 2353 3365 3675 3764 3826 4050 4070 4380
197	16	55	3	108 1054 1152 1810 1858 1972 2063 2232 2654 2854 3216 3235 3332 3374 3707 4117 4393 4772
209	16	48	1	275 1068 1414 1669 1807 2442 2750 2899 3115 3522 3550 3572 3641 3668 3798 3902 4037 4764
219	3	176	27	100 282 719 804 821 834 1050 1072 1227 1273 1344 1977 2207 2692 3071 3324 3900 4779
236	3	277	25	33 1163 1358 1411 1419 1558 1836 3203 3229 3335 3803 3914 4226 4442 4603 4619 4643 4759
326	3	79	23	245 400 605 907 1035 1267 1573 2162 2478 2905 3165 3291 3495 3634 3698 3888 4765 4859
586	3	333	21	791 1035 1327 1374 1494 1924 2090 2500 2820 2841 3614 3654 3777 4072 4159 4197 4601 4848
592	3	238	19	416 622 892 943 1238 1308 1882 2091 2330 2643 2929 3105 3691 3812 4381 4867 4962 4982
26	3	224	17	25 57 88 675 715 731 1200 1610 1782 2790 2988 3436 3464 4003 4028 4148 4828
493	3	216	15	353 481 620 645 721 1393 1684 2095 2438 2969 3045 3267 3623 4191 4260 4290 4667
636	3	36	13	12 352 587 1473 1514 1765 1796 1837 1844 2078 2171 2664 2750 2798 3100 3490 4347
675	3	309	11	270 321 1159 1371 1456 2139 2238 2574 2585 2801 3068 3328 3697 3816 4804 4942
195	3	139	9	144 255 715 804 2234 2490 2666 2670 2726 2805 3065 3448 4291 4728 4780 5000
229	3	274	7	6 356 430 883 1066 1185 1206 1402 2110 2420 2862 3139 3389 3451 4884 4912
626	3	72	5	4 392 1081 1378 2049 2544 2618 2651 3186 3211 3465 3784 3844 4164 4284 4633
666	3	312	3	237 341 459 815 934 1260 1370 1576 1881 2312 2673 3404 3643 3744 3863 4722
8	3	243	1	55 393 412 945 1082 1650 2289 2564 3510 3512 3707 3752 3808 3840 4404
440	31	210	27	122 795 975 1297 1570 2063 2227 2372 2478 2481 2853 3061 3401 3627 4597
614	31	334	25	247 572 680 1260 1506 1689 2202 2481 2513 3238 3875 3960 4009 4072 4801
648	31	316	23	160 423 1446 1687 1711 2183 2378 2408 2774 3075 3625 3885 4135 4207 4719
628	31	290	21	321 1145 1155 1888 2125 2769 3153 3185 3260 3775 4013 4315 4730
