Course	Room	Teacher	Time	Students
281	27	311	2	169 344 486 557 562 576 779 1015 1286 1852 1853 1903 1963 2024 2068 2212 2242 2250 2488 2532 2536 2639 2645 2675 2704 2857 2859 2870 2933 2955 2956 3143 3218 3224 3307 3310 3476 3545 3614 3652 3891 3921 4246 4316 4648 4668 4833 4895
30	37	217	2	200 213 242 304 430 444 1012 1088 1142 1200 1311 1386 1789 1832 1988 2035 2040 2058 2071 2080 2103 2747 2757 2782 2858 2992 3076 3427 3437 3438 3741 3835 3960 3992 4086 4286 4541 4620 4879 4906 4991 4993
307	36	215	2	21 40 319 365 883 938 1184 1332 1523 1688 1863 1877 2007 2176 2182 2199 2228 2545 2656 2738 2825 2871 2922 3416 3436 3442 3772 4111 4132 4155 4170 4306 4388 4392 4470 4703 4779
43	31	293	2	8 131 349 379 466 520 617 624 1316 1347 1387 1434 1448 1942 2110 2154 2396 2486 2515 2682 2860 3114 3142 3186 3206 3352 3908 3996 4107 4219 4564 4700 4757 4801 4869 4988
366	22	66	2	45 89 125 526 577 682 871 941 1468 1475 1479 2123 2233 2434 2511 2889 2920 3006 3139 3141 3237 3406 3422 3538 3543 3618 3669 3833 4216 4244 4385 4483 4608 4684 4689 4809 4904 4925
434	13	88	2	75 447 668 775 791 799 1146 1226 1349 1869 1976 2094 2213 2275 2309 2393 2494 2508 2512 2595 2732 2836 3110 3220 3470 3563 3580 3625 3663 3705 3888 3955 4080 4277 4495 4516 4522 4598 4669 4920
516	14	266	2	41 44 116 175 231 441 1025 1082 1137 1281 1351 1361 1576 1647 1724 1861 1881 1889 1960 1998 2116 2165 2550 2603 2924 3020 3154 3413 3740 3784 3859 3942 4006 4274 4326 4674 4688 4735
578	34	53	2	135 188 348 416 623 914 917 1032 1141 1525 1555 1559 1761 1801 1909 2113 2314 2450 2458 2624 2652 2763 2769 2869 2903 2966 3254 3485 3515 3699 3782 3875 3968 4309 4594 4791 4836 4863 4866 4926
7	12	35	2	173 211 294 487 721 753 901 954 1084 1182 1240 1294 1565 1992 2008 2009 2354 2531 3245 3297 3302 3401 3445 3501 3748 3933 4025 4100 4101 4161 4285 4330 4347 4503 4651 4725 4730 4825
186	38	125	2	22 367 554 1002 1064 1260 1550 1605 1606 1658 1704 1864 1879 2016 2206 2281 2589 2615 2666 2760 3118 3130 3151 3276 3679 3688 3704 3804 3949 3983 4058 4387 4646 4719 4951
449	17	335	2	55 117 196 208 560 663 760 800 820 994 1037 1315 1381 1623 2030 2341 2421 2510 2608 2731 2767 2902 3083 3281 3441 3755 3802 3858 4116 4208 4242 4307 4354 4420 4502
230	40	67	2	93 161 197 221 358 366 488 508 518 618 625 1024 1299 1323 1453 1946 2240 2276 2391 2474 2542 2658 2663 2885 2893 2918 2971 3000 3022 3696 4457 4808 4848 4857 4917
331	20	194	2	104 201 264 306 386 565 599 821 909 1112 1120 1344 1413 1582 1669 1749 1856 1857 2248 2424 2483 2618 2622 2633 2985 3209 3282 3492 3502 3822 3856 3882 3936 4461 4471 4687 4851
135	16	175	2	218 288 529 742 887 1079 1143 1157 1257 1290 1365 1426 1667 2077 2164 2224 2352 2514 2677 2803 2898 2960 2976 3138 3249 3390 3415 3737 3778 3994 4278 4416 4442 4542 4602 4619 4709 4815
155	19	343	2	34 276 320 392 1007 1225 1369 1424 1462 1675 1695 1754 1878 1966 2167 2334 2907 2929 3258 3266 3267 3531 3571 3616 3838 3976 4031 4314 4399 4518 4579 4635 4754 4764 4819
267	24	315	2	153 199 696 710 878 1145 1427 1663 1728 1851 1873 1980 2196 2265 2295 2427 2469 2654 2867 3126 3137 3498 3644 3659 3841 3906 4375 4426 4428 4486 4489 4492 4733 4824 4875
270	8	193	2	76 83 255 451 605 716 804 1412 1588 1694 1697 1706 1727 1785 1944 2428 2466 2807 3031 3050 3162 3219 3435 3465 3539 3573 3587 3697 4184 4191 4441 4557 4584 4820 4864 4873
367	3	273	2	47 253 283 383 537 559 644 818 828 847 957 1404 1531 1629 1769 1818 2100 2202 2619 2718 2957 2974 3164 3173 3288 3334 3513 3630 3930 4032 4052 4167 4682 4721 4797 4856 4897
370	27	311	4	392 504 592 850 930 991 1005 1289 1303 1356 1453 1518 1582 1792 1868 1893 1906 1931 2039 2066 2228 2235 2386 2538 2853 3092 3527 3558 3971 3985 4052 4421 4444 4771 4786
412	18	136	2	24 411 667 677 694 789 1061 1261 1300 1496 1553 1573 1730 1743 1838 2143 2168 2193 2423 2548 2781 2827 2841 3133 3552 3892 4108 4189 4290 4788 4924 4959
432	21	142	2	159 160 163 193 356 397 563 631 838 1410 1685 1690 1916 2106 2644 2883 3005 3238 3499 3574 3637 3829 3847 3854 3919 3974 4163 4376 4377 4383 4718
462	32	282	2	127 138 403 474 501 649 850 926 929 982 1136 1280 1345 1831 2052 2259 2353 2385 2410 2525 3036 3216 3500 3529 3664 3685 3693 3980 4179 4321 4549 4573 4583 4605 4766 4977 4996
495	37	215	4	31 37 70 87 123 127 180 183 307 363 799 1072 1372 1407 1489 1495 1683 1708 1817 2083 2166 2325 2434 2511 2857 2872 2918 2931 3020 3104 3524 3540 3675 4070 4102 4231 4263 4769 4803 4804
499	35	348	2	107 239 296 330 345 448 454 490 586 608 621 1227 1293 1519 1652 1764 2065 2160 2490 2498 2742 2908 2945 2965 3090 3103 3105 3463 3491 3810 3834 4258 4296 4403 4524 4886 4902 4949
540	2	332	2	87 494 839 956 1152 1206 1272 1564 1656 1668 2021 2057 2088 2091 2131 2329 2330 2339 2358 2389 2517 2575 2790 2984 3024 3407 3514 3556 3576 3727 3818 3877 3917 4361 4418 4553
75	30	342	2	215 267 442 1154 1308 1627 1635 1703 1788 1806 2146 2157 2344 2453 2562 2569 2791 2865 2880 2952 3080 3317 3519 3631 3658 3855 3881 4232 4260 4395 4397 4425 4599 4618 4787 4938
159	7	243	2	30 97 240 290 314 651 754 962 1400 1546 1645 2140 2150 2325 2444 2509 2577 2749 3375 3706 3724 3735 4066 4273 4624 4639 4685 4716 4737 4900 4943
234	26	2	2	20 388 390 456 947 1283 1292 1725 1794 1833 1883 1968 2153 2455 2699 2717 2719 2721 2925 2942 3053 3332 3396 3510 3660 3821 3898 4043 4090 4349 4362 4513 4785 4877 4953
309	29	156	2	259 440 498 650 877 989 1009 1491 1677 1823 1826 1854 2032 2055 2166 2192 2236 2297 2347 2544 2694 2728 2847 2973 3175 3243 3248 3588 3642 4041 4303 4538 4625 4724
388	39	199	2	1 59 145 254 424 470 648 1062 1124 1153 1173 1621 1640 2369 2377 2465 2653 2667 3140 3351 3399 3719 3725 3798 3876 3993 4109 4126 4201 4206 4212 4449 4673 4784
606	9	157	2	467 491 509 906 942 1094 1208 1241 1446 1493 1650 1923 2073 2487 2632 2740 2787 2856 2906 3135 3261 3400 3449 3607 4204 4355 4363 4370 4372 4401 4424 4514 4683 4714 4850 4929
251	36	273	4	90 135 279 448 463 493 640 724 785 863 943 1000 1055 1586 1634 1765 1855 2073 2810 2981 3303 3741 3758 3759 4053 4064 4238 4356 4441 4600 4671 4747 4774 4817 4850 4888
294	4	108	2	91 150 155 192 261 408 431 606 639 798 842 1020 1191 1220 1236 1267 1394 1481 1508 1771 1921 2241 2493 2640 2855 2900 2939 3222 3414 3583 3686 4022 4136 4228 4631
369	1	82	2	71 189 227 275 350 823 856 946 964 1004 1086 1197 1574 1778 1939 1940 1979 2513 2537 2879 2912 2954 3213 3295 3331 3347 3418 3526 3602 3609 3796 3831 3884 4117 4142 4293 4742 4876
406	6	167	2	10 38 60 124 158 170 312 357 405 609 662 903 943 944 1076 1248 1373 1414 1512 1570 2348 2528 2689 2820 3194 3336 3487 3899 4001 4158 4182 4302 4498 4975
407	25	209	2	102 748 805 902 1033 1055 1087 1319 1346 1492 1638 1787 2003 2063 2161 2394 2464 2473 2676 2948 2962 3002 3004 3106 3166 3187 3252 3506 3512 3643 4038 4199 4336
417	10	254	2	179 767 1215 1266 1411 1464 1542 1773 1892 2262 2381 2425 2594 2637 2720 3077 3082 3124 3179 3319 3359 3626 3941 3999 4007 4050 4074 4203 4413 4467 4661 4729 4741 4792 4911
517	28	39	2	141 252 656 819 860 869 1040 1198 1271 1284 1607 1829 2087 2313 2432 2482 2558 2839 2892 3003 3008 3065 3191 3335 3368 3412 3792 4071 4105 4429 4507 4614 4759 4790
551	23	12	2	56 300 1109 1149 1166 1418 1577 1655 1674 1809 2209 2230 2307 2346 2390 2456 2535 2785 3145 3204 3333 3657 3728 3752 3773 3904 3965 4092 4180 4256 4430 4758 4818 4892 4898
562	15	41	2	143 480 657 737 831 841 966 986 1193 1252 1270 1620 1707 2104 2132 2142 2401 2419 2543 2981 2991 3046 3107 3123 3185 3269 3547 3572 4487 4490 4763 4912
571	5	300	2	464 793 1046 1075 1222 1229 1357 1375 1445 2105 2126 2263 2380 2534 2627 2695 2799 2831 3221 3231 3486 3794 3852 3950 3975 4037 4185 4446 4678 4760 4832 4878 4967
600	31	156	4	384 703 714 752 837 883 1278 1341 1412 1421 1755 1924 1983 1994 2025 2111 2212 2215 2217 2359 2443 2668 2741 2946 3000 3027 3894 4084 4093 4143 4341 4417 4433 4541 4636 4638
623	33	76	2	241 272 279 364 505 810 859 891 935 1051 1126 1180 1219 1354 1428 1699 1760 1837 2015 2120 2200 2418 2587 2875 3096 3306 3464 3604 4255 4287 4643 4749 4919 4947
646	11	68	2	186 190 251 479 680 780 822 978 1111 1181 1273 1485 1617 1722 1812 2125 2223 2296 2343 2503 2546 2567 2617 2664 3025 3044 3097 3150
17	22	69	4	201 424 482 548 786 826 1336 1573 1613 1620 1881 2195 2279 2297 2352 2559 2785 2900 3023 3115 3173 3245 3277 3351 3600 3649 4267 4359 4452 4540 4652 4732
18	13	205	4	285 319 326 515 550 574 702 1276 1425 1526 1650 2214 2240 2258 2264 2304 2746 2765 3138 3222 3269 3294 3316 3352 3457 3502 4000 4200 4219 4654 4983 4989
22	14	107	4	114 161 274 335 380 432 688 917 1014 1139 1281 1718 1895 1914 2395 2665 3018 3128 3334 3579 4042 4164 4183 4229 4350 4390 4524 4556 4672 4719 4868 4927 4954 4974
38	34	126	4	462 629 736 897 1329 1475 1477 1550 1681 1742 1772 2009 2230 2604 2697 2735 2952 3039 3368 3459 3537 3870 4055 4090 4217 4468 4534 4552 4618 4843 4915 4970
185	12	163	4	354 510 511 572 590 896 1199 1228 1297 1444 1659 1942 2020 2137 2334 2341 2687 2727 2861 2974 3201 3215 3434 3458 3638 3655 3830 3898 4175 4563 4688 4972
192	38	350	4	287 302 340 554 578 712 895 903 1156 1193 1418 1527 1670 2042 2208 2233 2422 2603 2627 2726 3088 3244 3665 3695 3814 3841 3848 3986 4201 4612 4651 4941 4947
461	17	161	4	184 239 388 1098 1185 1240 1259 1270 1511 1696 2048 2078 2187 2284 2378 2571 2599 2976 3319 3375 3513 3530 3586 3660 3678 3720 3920 4007 4150 4244 4249 4539 4562 4838 4924
482	40	148	4	92 182 367 612 645 740 1213 1465 1624 1691 1744 2060 2081 2277 2689 2808 2864 2908 2970 3079 3116 3376 3429 3528 3868 3934 4068 4344 4427 4522 4571 4629 4939
493	20	164	4	222 475 492 540 624 630 644 658 789 1200 1223 1456 1558 1747 1880 2091 2113 2171 2244 2321 2453 2596 2602 2636 3190 3266 3637 3906 4248 4257 4260 4459 4496 4991
494	16	89	4	43 353 374 499 575 587 925 956 1243 1687 1784 1945 2470 2671 2702 2903 3169 3312 3501 3526 3593 3940 4103 4169 4259 4316 4319 4371 4488 4625 4665 4794 4828 4880
526	19	268	4	79 130 170 845 1079 1124 1294 1354 1724 1730 2210 2237 2263 2500 2718 2743 2850 3102 3154 3246 3479 3500 3634 3690 3788 3944 4005 4059 4469 4487 4613 4764 4827
567	24	295	4	9 15 339 453 680 731 735 791 924 1010 1012 1060 1242 1583 1592 1799 2148 2181 2205 2211 2259 2749 2812 2816 2819 3514 3952 4081 4179 4215 4226 4682 4775 4913 4996
587	8	265	4	158 371 671 725 814 965 968 1101 1399 1680 1793 2123 2127 2298 2401 2404 2457 2492 2554 2842 2936 2937 2944 3237 3275 3382 3455 3652 3712 4376 4457 4490 4700 4956
588	3	199	4	35 503 678 819 878 901 999 1053 1196 1274 1496 1595 1752 1788 1837 2107 2563 2581 2608 2909 3004 3066 3214 3420 3742 3757 3873 4017 4036 4063 4498 4745
13	18	160	4	49 66 80 152 271 412 497 549 730 797 827 1065 1070 1522 1547 1842 2098 3019 3159 3161 3654 3910 3913 4109 4152 4407 4486 4565 4846 4889 4971 4986
14	21	208	4	78 773 905 910 962 1137 1295 1735 1890 1996 2125 2192 2272 2364 2439 2474 2566 2578 2672 2682 2841 2890 2929 2942 3709 3937 3954 4080 4224 4491 4495 4532 4664 4727 4787
55	32	278	4	26 56 101 519 527 807 836 1210 1507 1515 1577 1782 1892 1896 1989 2044 2307 2388 2406 2468 2630 2691 3547 3719 3860 3876 3969 4176 4460 4670 4776 4815 4835 4929
136	35	13	4	68 249 290 358 564 795 811 928 1084 1092 1109 1129 1350 1665 1671 1699 1748 1795 2084 2369 2610 2700 2883 3257 3362 3580 3633 4119 4340 4373 4464 4499 4685 4890 4905
191	2	101	4	53 115 220 622 855 908 912 1436 1538 1548 1623 1644 1710 1851 1954 2054 2094 2229 2239 2358 2703 3026 3086 3199 3472 3550 3584 3666 4038 4353 4379 4517 4903
210	30	206	4	27 96 112 256 306 321 558 657 709 898 907 1833 1886 1941 2053 2117 2499 2686 2706 2969 3007 3456 3656 3753 3760 3951 4009 4104 4262 4758 4825 4849 4979
237	7	65	4	206 208 226 292 334 407 569 692 934 941 1293 1355 1606 1662 1740 2041 2069 2159 2343 2410 2465 2989 3317 3330 3371 3443 3444 3805 3817 4074 4614 4686 4790 4945
253	26	4	4	83 355 395 404 949 1078 1104 1222 1565 1600 1850 1870 2139 2189 2379 2419 2711 2748 2758 2972 2997 3054 3390 3826 3892 3946 3989 4056 4072 4207 4228 4568 4777
305	29	100	4	253 481 576 848 879 1143 1288 1290 1316 1317 1374 1602 1767 1805 2040 2392 2431 3049 3174 3336 3363 3387 3623 3875 3938 4213 4230 4675 4690 4900
323	39	36	4	73 470 627 816 980 1140 1159 1437 1517 1802 1875 1910 2033 2257 2415 2442 2591 2679 2688 2768 2790 2885 2964 3162 3224 3283 4069 4197 4247 4277 4292 4485
411	9	95	4	414 571 628 693 853 1249 1342 1476 1528 1576 1701 2128 2375 2728 2983 3228 3534 3745 3773 3799 3834 3900 3921 4014 4118 4309 4420 4696 4909 4937 4973
435	4	317	4	48 165 315 397 460 500 507 646 969 1064 1130 1416 1443 1594 1789 2007 2437 2487 2540 3486 3592 3731 3802 3871 3947 4033 4054 4073 4186 4362 4415 4456 4707
466	1	162	4	232 402 801 1026 1048 1133 1175 1345 1698 1743 1813 1905 1919 2293 2370 2775 2818 2926 2928 3059 3152 3413 3423 3640 3679 4278 4649 4822 4966
500	6	194	4	36 177 385 600 632 761 849 1043 1245 1394 1720 1791 1829 1831 1841 1978 2035 2288 2425 2479 2623 2736 3083 3242 3490 3561 3909 4015 4076 4473 4566 4967 4975
501	25	324	4	104 443 608 621 794 983 1188 1467 1525 1684 1732 2131 2435 2446 2477 2572 2631 2829 2999 3155 3251 3467 3503 3708 3846 3861 3928 4105 4139 4273 4396 4445 4528
613	10	239	4	366 487 643 733 1063 1298 1406 1578 1725 1764 1885 1929 2146 2296 2389 2521 2649 2848 2896 2906 2911 3013 3101 3536 3717 3924 3956 3991 4099 4151 4274 4338 4544 4791
625	28	144	4	140 228 297 300 408 756 893 979 996 1028 1384 1604 1611 1900 2274 2303 2335 2601 2626 2698 2776 2795 3043 3636 3703 3816 4141 4250 4258 4280 4342 4406 4610 4710 4948
637	23	269	4	100 468 696 919 959 1036 1071 1357 1404 1474 1486 1560 1590 1688 2051 2227 2570 2779 2782 3103 3260 3506 3582 3970 4060 4127 4156 4212 4425 4513 4596 4725 4819 4852
644	15	112	4	30 89 117 200 776 981 1003 1151 1192 1197 1430 1591 1790 2065 2184 2213 2394 2536 2899 3021 3504 3507 3685 3851 3859 3893 3911 4089 4325 4332 4789 4792 4942
656	5	121	4	229 293 418 707 715 866 927 1536 1664 1894 2022 2290 2330 2448 2662 2772 2917 2949 3219 3236 3473 3483 3669 4010 4018 4256 4303 4355 4501 4535 4656 4697 4772 4918
48	33	74	4	153 311 330 364 557 633 774 788 918 952 1287 1715 1800 1814 2252 2319 2418 2491 2568 3050 3061 3441 3452 3541 3583 4146 4285 4500 4567 4895 4992
49	11	232	4	16 17 556 642 844 978 1090 1162 1291 1339 1737 1915 2254 2328 2518 2531 2541 2590 2656 3313 3555 3658 3750 3768 3953 4209 4236 4984
92	27	205	6	16 39 124 240 376 537 637 786 793 1220 1386 1414 1609 1872 2074 2104 2248 2317 2724 3057 3121 3418 3495 3538 3883 3906 4226 4413 4509 4748 4976
104	37	143	6	389 515 601 605 691 709 812 1038 1103 1229 1689 1697 1786 1791 1820 2659 2776 2894 2896 2940 3125 3342 3484 3858 4204 4417 4511 4555 4627 4695 4896
151	36	130	6	17 265 337 548 652 771 832 984 1019 1039 1293 1505 1646 1989 2076 2285 2400 2742 3018 3031 3250 3295 3527 3650 4265 4478 4505 4521 4810 4859
219	31	28	6	69 241 392 443 486 528 977 1209 1305 1379 1388 1412 2047 2109 2135 2189 2341 2553 2554 2579 3248 3380 3507 3632 4079 4107 4215 4314 4516 4658 4661 4725 4754 4759
221	22	319	6	181 219 381 482 778 833 876 1224 1392 1401 1494 1662 1668 1925 2060 2257 2266 2426 2723 2925 3170 3638 3800 3847 3863 4174 4244 4288 4510 4573 4926
236	13	299	6	79 511 777 841 1107 1174 1189 1277 1565 1692 1827 1856 1953 1966 2028 2556 2966 3102 3105 3192 3314 3508 3604 3843 3888 4001 4108 4116 4119 4145 4483 4522 4640 4962
242	14	20	6	2 110 144 374 417 631 655 693 816 896 1197 1244 1924 1944 2689 2853 3033 3338 3414 3578 3741 3826 4044 4141 4160 4574 4849 4891 4910 4951 4995
266	34	336	6	32 395 572 871 874 1114 1169 1342 1502 1741 2023 2120 2333 2367 2436 2518 2519 2771 2841 2846 3175 3196 3232 3396 3818 4112 4329 4376 4458 4520 4615 4729 4835 4885
356	12	308	6	70 176 436 478 651 676 690 868 1036 1101 1122 1499 1636 2412 2530 2888 3135 3168 3330 3358 3689 3760 4176 4392 4447 4561 4721 4722 4723 4750 4752 4824
470	38	347	6	73 163 563 597 774 776 788 950 1135 1564 1586 1610 1678 2006 2027 2039 2056 2261 2409 2431 2534 2567 2832 2918 3592 3634 3702 3874 4316 4877
532	17	201	6	133 154 763 826 913 1150 1528 1622 1755 1928 1974 1975 2121 2129 2170 2450 2535 2757 2914 2977 3126 3474 3554 3618 3685 3751 3860 4339 4391 4489 4569
555	40	204	6	162 346 674 968 1274 1329 1770 1902 1934 2083 2163 2173 2368 2398 2403 2542 2660 2681 2722 2750 2916 2986 3306 3445 3455 3555 3871 3996 4033 4089 4636 4875
557	20	349	6	134 271 390 578 749 920 942 998 1516 1533 1593 1802 2052 2284 2538 2539 2563 2629 2651 2787 3328 3431 3549 3629 3713 3811 3872 4298 4591 4631 4992 4999
575	16	265	6	378 421 435 685 960 1143 1151 1360 1813 1888 2029 2079 2091 2134 2193 2463 2476 2979 3139 3347 3451 3570 3785 4067 4076 4198 4237 4361 4486 4836 4987
622	19	213	6	489 616 753 890 1099 1306 1349 1607 2075 2287 2625 2706 2715 2718 2744 2879 2895 2904 2935 3023 3113 3197 3791 3839 3945 4187 4681 4932
624	24	38	6	93 203 371 406 493 575 730 1134 1269 1439 1539 1757 2054 2149 2176 2311 2349 2473 2552 2915 3337 3419 3768 4125 4136 4286 4375 4427 4884
628	27	38	8	105 157 210 221 447 793 948 970 1106 1387 1526 1702 1718 1726 1827 2150 2371 2396 2514 2531 2637 2934 3141 3485 3542 3839 4007 4268 4663 4936 4938
651	37	130	8	6 153 207 219 466 683 694 724 937 1356 1419 1978 2033 2315 2412 2636 2712 2769 3292 3397 3465 3604 3774 3801 3930 4223 4278 4459 4510 4666 4701 4886
671	8	257	6	136 278 591 624 665 1464 1514 1556 2003 2185 2513 2557 2577 2661 2702 2865 2987 2992 3598 3742 3827 3894 3909 4072 4109 4148 4476 4500 4698 4893 4907 4949
3	3	235	6	197 204 251 904 1005 1314 2274 2561 2576 2685 2745 2774 2881 3130 3201 3286 3425 3612 3776 3884 3910 4258 4307 4321 4453 4497 4646 4652 4678 4800
8	18	267	6	53 268 297 401 468 592 843 859 882 966 967 1097 1137 1300 1451 1483 1943 2061 2141 2182 2275 2278 2340 2603 2691 4096 4177 4221 4225 4355 4946
11	21	278	6	245 772 894 1093 1095 1458 1694 1716 1723 1781 2232 2321 2429 2481 2574 2671 2735 2958 3134 3186 3292 3299 3363 3511 3571 3696 3900 3912 4169 4499 4831 4844
27	32	328	6	96 128 338 713 719 1153 1188 1319 1358 1397 1595 1848 1873 2011 2164 2484 2613 2770 2840 3264 3302 3381 3548 3661 3880 4099 4356 4633 4656 4771 4921
31	35	4	6	25 28 101 243 598 630 660 1062 1230 1285 1294 1652 1766 1777 1797 1855 2098 2172 2243 2281 2434 2679 2752 2798 2825 3373 3593 3974 3981 4008 4697 4738
63	2	305	6	116 543 585 757 1113 1493 1644 1653 1708 1714 1721 1775 1959 2005 2226 2255 2324 2414 2943 2968 3100 3364 3699 4120 4233 4496 4512 4701 4726 4838
64	30	266	6	263 361 609 875 1010 1025 1359 1540 1578 1937 1981 2086 2175 2192 2225 2520 2692 3065 3108 3379 3556 3600 3664 4049 4074 4211 4306 4639 4694 4842
94	7	153	6	114 495 794 860 866 999 1105 1487 1735 1785 2397 2763 3015 3434 3462 3520 3603 3750 3878 3889 3977 4012 4354 4408 4440 4519 4612 4635 4717 4839 4865
129	26	322	6	71 542 561 1073 1163 1211 1621 1643 2202 2252 2265 2302 2546 2559 2592 2944 2948 3045 3320 3359 3756 4018 4241 4402 4577 4581 4596 4682
139	29	56	6	304 324 741 823 900 944 951 1046 1481 1684 1882 2138 2306 2427 2767 3298 3301 3336 3368 3469 3683 4328 4336 4352 4428 4450 4601 4644 4650 4941 4990
149	39	91	6	59 160 236 257 567 639 696 744 750 755 1104 1438 1441 1874 2300 3270 3355 3584 3709 3859 3998 4015 4046 4276 4411 4638 4786 4870 4906
161	36	299	8	286 299 600 698 840 1232 1276 1643 1712 1839 1858 1931 1934 1948 2180 2500 2798 2848 3049 3061 3067 3296 3631 3688 3767 4014 4134 4176 4202 4359 4402 4736 4789
169	9	184	6	430 504 930 1048 1196 1256 1880 1897 1932 2002 2114 2201 2609 2636 2658 2670 2883 3281 3435 3476 3633 3690 3744 3766 3911 3990 4124 4162 4549 4583 4739 4753 4798
190	4	24	6	56 117 280 391 581 803 889 1161 1619 1698 1771 1778 1842 2483 2490 2980 3200 3215 3325 3589 3646 3692 3721 3730 3753 4129 4172 4365 4576 4611 4671 4863
218	31	267	8	33 281 418 489 614 1180 1292 1471 1584 1622 1810 1957 2000 2207 2328 2548 2663 2759 2982 3009 3060 3592 3721 4140 4195 4251 4441 4554 4737 4862 4874 4969
248	1	101	6	34 380 997 1187 1657 1660 2383 2597 2638 2780 2858 2862 3180 3324 3480 3651 3747 3840 3848 3914 4386 4494 4525 4653 4793 4963
287	6	320	6	440 517 644 1191 1299 1459 1470 1895 1927 2090 2194 2251 2353 2501 2662 2675 2761 3191 3309 3353 3440 3541 4110 4167 4267 4394 4797 4984
359	25	85	6	23 36 206 284 317 456 743 961 1017 1026 1068 1262 1448 1579 1949 1993 2099 2596 2598 2686 2764 3390 3424 3488 3497 3732 3926 3935 4184 4319 4742
374	22	308	8	97 277 320 1144 1371 1457 1513 1538 1906 2363 2613 2814 2873 2963 3099 3328 3462 3768 3851 4187 4360 4422 4445 4557 4827 4889
386	10	169	6	328 387 506 619 666 699 830 835 1044 1324 1338 1500 1571 1688 2445 2455 2547 2736 2849 3082 3193 3315 3498 3506 3832 4065 4179 4253 4333 4794
402	28	112	6	3 7 149 211 385 477 484 633 667 758 815 909 1088 1111 1390 1553 1672 1952 2250 2912 3291 3331 3372 3388 3491 3575 3862 3922 4139 4313 4562 4655
444	23	310	6	129 300 540 566 626 723 870 1015 1658 1764 1844 1972 2142 2447 2527 2611 2678 3006 3063 3072 3565 3851 3916 3967 3972 4173 4269 4290 4552 4645 4704
497	15	29	6	318 437 467 510 599 916 992 1047 1133 1202 1420 1776 1930 1951 1997 2310 2496 2606 2845 2882 3002 3053 3106 3242 3407 3645 4035 4165 4382 4651 4938
523	5	317	6	302 343 557 588 782 886 948 1128 1408 1639 1774 1859 1885 2008 2206 2555 2663 2709 2930 3152 3169 3207 3267 3360 3413 3639 3674 3896 4397 4626 4974
529	33	168	6	171 244 377 525 756 940 1497 1548 2081 2480 2791 2812 2934 3003 3145 3312 3318 3365 3560 3574 3968 3995 4218 4220 4301 4353 4430 4495 4541 4708 4728 4998
554	11	94	6	66 225 237 360 457 463 541 795 963 1050 1059 1090 1205 1325 1334 1407 1436 1478 1602 1780 2130 2140 2179 2223 2417 2874 2983 3482
569	13	6	8	388 655 834 873 920 1172 1391 1439 1484 1491 1877 1953 2235 2380 2436 2537 2538 2710 3079 3209 3316 3337 3838 4062 4107 4143 4301 4477
583	14	307	8	315 354 417 454 620 660 846 1002 1041 1121 1229 1279 1311 1625 2151 2216 2639 3029 3084 3198 3393 3509 3696 3866 3902 3977 4092 4238 4626 4790 4899 4937
619	34	214	8	100 120 420 509 559 565 609 651 831 857 879 1291 1327 1490 1657 1734 1808 1838 1936 2115 2219 2285 2709 2987 3814 3845 4083 4151 4374 4743
640	12	296	8	87 151 301 316 355 475 604 791 964 1060 1080 1131 1170 1595 1626 1670 1706 1775 1916 2046 2131 2165 2222 2228 2264 2690 2757 3090 3778 3842 3961 4027 4706 4839
641	38	78	8	268 311 525 628 648 1262 1560 1790 1903 1972 2048 2051 2674 2914 3073 3218 3471 3520 3765 3777 3934 3967 4069 4279 4504 4523 4587 4997
643	17	231	8	191 225 490 602 665 701 1189 1571 1687 1772 1988 2050 2085 2429 2459 2464 2504 2543 2677 2876 3165 3440 3530 3634 3677 3927 4120 4125 4322 4368 4391 4399 4760
645	40	244	8	24 126 539 761 822 991 1401 1720 1917 2197 2729 2730 2886 3024 3394 3444 3812 4032 4063 4064 4173 4192 4326 4346 4372 4568 4739 4786 4961
654	20	283	8	329 333 359 729 783 854 904 909 1250 1310 1504 1614 1795 2038 2110 2249 2370 2595 2633 2670 2887 2895 2941 3615 3639 3692 3730 3862 3920 4153 4934
667	16	195	8	538 901 1025 1059 1091 1284 1343 1395 1435 1551 1634 1851 2126 2360 2718 3305 3693 3816 4043 4074 4208 4258 4311 4312 4321 4564 4660 4732 4929 4998
678	19	261	8	13 26 94 432 601 795 1225 1231 1383 1417 2078 2676 2684 2809 2823 2858 3096 3172 3355 3433 3534 3623 3879 3937 4006 4015 4329 4618 4726 4844
684	24	71	8	479 492 596 622 635 685 794 1016 1151 1164 1406 1558 1615 1649 1995 2158 2391 2632 2875 3144 3339 3374 3428 3583 3680 3818 3895 4019 4458 4765 4834
150	8	264	8	118 172 378 444 619 1051 1086 1321 1445 1500 1557 1663 2205 2521 2686 2699 3045 3076 3086 3118 3315 3356 3367 3447 3981 4144 4210 4294 4314 4599 4630 4823
160	3	14	8	110 322 402 518 547 610 718 924 928 981 1511 1616 1713 2206 2652 2758 3341 3376 3453 3764 4009 4113 4160 4291 4298 4336 4544 4800 4828 4922
197	18	253	8	419 584 672 752 782 992 1108 1446 1705 1794 1804 1818 2157 2245 2253 2579 3179 3378 3474 3494 3700 3941 4025 4492 4835 4927 4964
232	21	97	8	45 638 670 704 728 842 999 1434 1672 1722 1898 2014 2015 2133 2284 2350 2628 2846 2869 3183 3808 4454 4505 4598 4704 4882 4943 4980
259	32	182	8	269 290 367 399 514 623 852 1160 1206 1326 1450 1651 1710 1967 1994 2044 2162 2351 2470 2506 2558 2737 2946 3001 3247 3353 3789 3948 4341 4350 4406 4915
260	35	241	8	61 185 260 910 1061 1185 1248 1254 1455 1559 1583 1617 1619 1896 2143 2447 2822 2965 3003 3012 3031 3232 3258 3695 3739 4071 4188 4439 4788 4824
263	2	125	8	27 248 381 534 573 586 658 722 754 945 1385 1628 1937 1997 2043 2136 2593 2594 2828 2863 3365 3472 3594 3794 3979 4196 4295 4471 4534 4615 4813 4960
271	30	206	8	81 109 168 246 257 259 337 485 836 892 1089 1784 1825 1982 1985 2438 2533 2635 2756 2804 2935 3290 3507 3617 3834 4142 4157 4164 4473 4817 4845
290	7	313	8	28 229 306 353 483 603 1096 1578 1693 2160 2192 2527 2766 2884 3032 3070 3202 3505 3788 3994 4412 4443 4533 4536 4577 4594 4647 4950
303	26	329	8	223 249 456 552 567 935 940 975 1075 1145 1203 1239 1440 1647 1756 1815 1854 2335 2407 3068 3314 3551 4194 4243 4431 4496 4633 4712
398	29	224	8	145 212 773 1134 1302 1579 1905 1974 2013 2088 2101 2122 2234 2300 2614 2773 2939 2970 3044 3211 3216 3241 3381 3780 3929 4214 4560 4617 4674
399	39	28	8	32 250 273 338 347 425 611 637 689 1752 1867 1876 1886 2065 2195 2233 2261 2416 2476 3097 3221 3243 3804 4365 4635 4773
400	9	118	8	86 345 421 581 833 853 1040 1216 1233 1378 1787 1865 2095 2357 2379 2444 2467 2587 2786 3053 3207 3660 3751 3943 4035 4127 4191 4369 4649
421	4	340	8	131 169 435 528 653 929 1076 1158 1369 1389 1610 1797 1911 2103 2323 2740 2903 2953 3113 3275 3293 3502 3584 3593 3654 3853 4283 4515 5000
425	27	231	10	100 209 276 302 735 749 798 1511 1750 1933 1944 2342 2477 2766 2889 2917 3489 3562 3678 3766 3769 3963 3976 4027 4168 4611 4817
459	1	275	8	175 218 427 517 769 1011 1362 1487 1497 1758 2288 2451 2669 2702 3094 3112 3334 3461 3663 3743 4222 4259 4525 4545 4616 4628 4650 4721 4795 4830 4833
502	6	64	8	68 211 522 541 613 714 1001 1114 1238 1337 1747 1754 1941 2009 2147 2193 2489 2750 2775 3250 3302 3561 3601 3781 3831 3865 3958 3969 4004 4200 4400 4853
515	25	119	8	195 377 440 536 829 885 1372 1495 1569 1681 1737 2186 2231 2353 2433 2561 2708 2815 3005 3263 3405 3689 3706 3747 3791 3821 3837 4432 4791 4986
528	10	235	8	12 519 710 750 826 884 1017 1084 1335 1390 1404 1420 1711 2129 2238 2316 2386 2753 2986 3026 3301 3317 3567 3783 3880 3956 3972 3999 4624 4977
558	28	49	8	2 51 150 263 279 396 636 1058 1237 1348 1869 1908 1918 2198 2324 2387 2399 2497 2621 2992 3169 3431 3585 3602 3605 3750 3824 4364 4593 4757 4895
577	23	5	8	283 428 662 1006 1133 1331 1340 1347 1415 1630 1832 1859 1975 2127 2295 2409 2645 2872 2980 2988 3270 3398 3543 3800 3826 4070 4337 4508 4676 4911
639	15	114	8	7 174 264 272 913 960 1104 1242 1370 1400 1890 1928 1990 2384 2525 2600 2724 2844 2961 3167 3360 3833 4106 4129 4204 4361 4447 4566 4796 4940
664	5	323	8	187 251 274 407 969 1119 1201 1214 1618 1868 2204 2318 2340 2377 2482 2751 2818 3189 3332 3512 3544 3575 3918 4088 4292 4781 4987 4994
689	33	42	8	108 194 216 280 346 760 870 1196 1545 1641 1731 1753 2068 2551 2860 2926 3516 3650 4045 4137 4180 4193 4296 4407 4409 4713 4815 4985
23	11	13	8	163 190 294 303 458 550 759 1034 1093 1138 1187 1392 1600 1847 1987 2092 2125 2128 2156 2488 2539 2857 2916 3568 3735 4051 4434 4913
26	37	327	10	95 295 346 453 1006 1053 1080 1174 1288 1368 1381 1393 1508 1602 1631 1649 1862 1946 2794 2823 2835 2876 2947 3388 3611 4236 4778
71	36	197	10	2 126 214 329 941 1024 1367 1418 1910 2351 2352 2453 2515 2710 2793 2915 2960 3084 3145 3223 3448 3496 3587 3701 3869 3903 4101 4287 4498 4629 4639
105	31	252	10	204 498 532 938 1160 1308 1389 1719 1759 1763 2245 2439 2462 2478 3032 3039 3075 3093 3251 3272 3610 3688 3798 4003 4185 4345 4523 4924 4949 4991
107	22	212	10	12 148 227 486 495 539 650 953 1103 1450 1592 2345 2590 2725 2733 2930 2997 3052 3180 3325 3493 4052 4075 4131 4338 4709 4900
112	13	339	10	521 581 766 812 950 1001 1022 1630 2291 2628 2673 2864 2987 3027 3164 3484 3490 3543 3864 4068 4153 4252 4380 4471 4593 4654 4725 4812 4877 4999
126	14	223	10	41 134 370 518 679 804 971 976 1443 1828 1833 1855 1858 2216 2275 2633 2654 2877 2931 3034 3585 3836 3966 4121 4232 4357 4435 4449 4687 4780
138	34	91	10	38 77 326 666 903 959 1121 1355 1467 1552 1738 2027 2382 2651 2690 2693 2825 2873 3005 3139 3354 3358 3774 4056 4727 4752
141	12	343	10	247 304 449 790 872 1228 1545 1683 2029 2460 2679 2707 2852 2994 3116 3187 3318 3428 3843 3978 4046 4137 4305 4330 4466 4540 4804 4922
157	38	50	10	107 340 356 387 470 507 683 888 899 1207 1215 1240 1268 1285 1328 1536 1746 1784 1940 2333 2349 2489 2865 2895 3001 3006 3078 3311 3345 4261 4320 4508
158	17	227	10	180 318 400 420 600 809 907 1411 1637 1807 1846 2016 2064 2237 2289 2293 2493 2583 2594 3095 3135 3221 3231 3374 3460 3813 3962 4050 4569 4918
172	40	177	10	34 156 588 810 1020 1089 1505 1538 1575 2256 2285 2400 2516 2801 2862 2890 3168 3434 3436 3561 3674 3792 3880 4062 4067 4303 4406 4819
183	20	210	10	239 590 748 817 958 1175 1305 1634 1673 1934 1999 2283 2294 2299 2336 2456 2466 2714 3080 3287 3457 3598 3673 3740 4031 4165 4332 4539 4852
189	16	79	10	88 123 149 344 434 563 613 631 678 785 1002 1596 1597 1739 2020 2058 2472 2501 2691 2728 2771 2921 3030 3746 3781 3915 4080 4281 4689 4962
228	19	182	10	255 328 366 553 560 1117 1241 1253 1366 1451 1512 1546 1690 1798 2146 2189 2271 3616 3710 3760 3838 4149 4216 4299 4515 4518 4728
233	24	237	10	267 357 415 455 529 530 656 811 986 999 1173 1429 1472 1483 1589 1614 1657 1905 1925 2105 2620 2684 2933 2974 3294 3329 3510 3557 3910 4239 4626
247	8	14	10	96 371 564 1265 1421 1682 1971 2208 2502 2627 2634 2731 2942 3063 3088 3110 3203 3225 3349 3492 3666 3805 3825 3952 4592 4889
249	3	138	10	5 55 83 202 300 343 745 923 951 1206 1542 1605 1762 1781 1913 1996 2073 2168 2231 2641 2750 2831 3230 3577 3926 4511 4783 4860 4963
272	18	89	10	24 397 517 884 1015 1179 1506 1912 2139 2188 2210 2332 2359 2361 2701 2711 2998 3103 3353 3523 3684 3765 3809 3969 4134 4183 4416 4576 4763
299	21	326	10	79 246 908 948 1030 1122 1425 1473 1697 1701 2004 2217 2322 2650 2749 2777 2892 2911 2978 3091 3359 3463 3835 3933 4189 4459 4549 4640 4953
326	32	166	10	652 743 807 1322 1678 1951 2223 2331 2475 2479 3331 3422 3552 3559 3565 3645 3752 3856 4001 4020 4325 4351 4456 4560 4677 4786 4884
336	35	94	10	154 171 325 478 566 677 684 775 1075 1249 1282 1509 1594 1648 1679 1924 1970 2019 2226 2459 2600 2767 2803 3057 3284 3630 3787 4057 4268 4572 4633
337	2	321	10	332 525 704 732 781 969 997 1031 1055 1102 1161 1466 2116 2440 2448 2509 2653 2755 3076 3276 3404 3410 3605 4008 4123 4199 4608 4695 4872
354	30	96	10	99 224 342 412 916 1017 1019 1500 1510 1707 1883 2174 2185 2546 2616 2683 2887 2941 2961 3002 3174 3234 3739 3883 4584 4668 4837 4880 4989
361	7	27	10	125 431 667 672 718 762 891 1123 1227 1251 1294 1606 1615 2102 3140 3366 3391 3407 3606 3956 4213 4290 4647 4733 4814 4854 4865 4868
379	26	92	10	216 468 494 543 927 1099 1181 1192 1279 1503 1704 1748 1909 1918 2113 2348 2504 2602 2635 2928 3011 3167 3260 3426 3556 3590 3720 4144
383	29	121	10	74 256 362 492 681 937 1040 1171 1230 1497 1601 1783 1812 2262 2574 2646 2772 3007 3208 3395 3455 3624 3794 3974 4030 4113 4182 4230 4742
427	39	288	10	33 409 445 550 671 820 1045 1125 1211 1218 1280 1835 2202 2247 2520 2609 2729 2751 2829 2990 3040 3165 3286 3571 3682 3712 3879 4116 4147 4324 4493 4776
453	9	11	10	42 139 220 534 615 871 1150 1639 1878 1982 2145 2254 2268 2426 2485 2534 2768 2827 2936 2979 3036 3066 3131 3550 3576 3886 4060 4301 4327 4339
463	4	219	10	102 324 365 395 503 516 604 636 990 1137 1363 1554 1887 2140 2244 2610 2676 2996 3105 3506 3620 3707 3893 3931 4118 4221 4442 4517
469	1	255	10	98 178 579 1051 1194 1434 1567 1598 1620 2378 2647 2758 2796 2932 3109 3117 3130 3265 3279 3375 3427 3499 3643 3796 3819 3875 4028 4386 4412 4437
479	6	45	10	112 206 719 1035 1119 1145 1187 1219 1544 1766 2190 2218 2442 2487 2888 3166 3408 3432 3762 4226 4284 4440 4526 4806 4832 4843 4915
506	25	139	10	129 137 166 485 524 526 736 1023 1067 1074 1170 1501 1576 1654 1953 2062 2076 2123 2159 2278 2403 3067 3520 3568 4135 4310 4432 4486 4631 4700
521	10	55	10	118 260 275 322 433 594 1047 1312 1593 1642 1718 2036 2100 2321 2365 2545 2675 2826 2880 3029 3569 3735 4058 4073 4122 4620 4731 4762
524	28	77	10	67 84 110 183 401 1178 1237 1428 1574 1809 2025 2242 2337 2356 2611 2730 2741 2752 2989 3155 3357 3377 3465 3780 4175 4429 4464 4510 4622 4995
545	23	17	10	191 235 423 465 637 660 957 1186 1522 1825 2449 2455 2486 2629 2688 2812 2884 3033 3222 3224 3339 3537 3636 3888 3932 4005 4336 4746
579	15	284	10	89 669 687 825 877 996 1129 1723 1902 2255 2384 2451 2636 2814 2867 2909 2953 3008 3217 3327 3602 3680 3717 3749 3985 4207 4643 4935
609	5	310	10	712 720 726 1213 1250 1375 1516 1617 1736 1960 2108 2308 2568 2820 3162 3274 3306 3308 3326 3419 3857 3890 3988 4029 4069 4321 4627 4701 4761 4919
663	33	63	10	312 369 561 641 673 697 708 866 867 1338 1373 1456 1652 1845 1876 1884 2280 2506 2523 2806 3472 3609 3721 3761 3944 4235 4411 4670 4744
666	27	45	12	60 365 420 547 1014 1077 1082 1339 1662 1772 2067 2274 2305 2424 2571 2585 2935 3036 3122 3310 3748 3804 4149 4403 4542 4592 4601 4768
695	11	257	10	140 143 259 273 368 763 954 1037 1236 1480 1698 1702 1709 1987 2605 2681 2800 3013 3016 3558 3705 3921 3995 4501 4550 4606 4711 4869
12	37	159	12	65 75 219 296 317 593 861 945 1033 1099 1147 1194 1213 1460 1535 1811 1898 1908 2057 2314 2486 3014 3163 3369 3416 3708 4098 4428 4636 4802 4866
51	36	333	12	189 212 299 305 312 439 755 784 1083 1178 1332 1519 1643 1930 1991 2006 2529 2777 2943 2994 2998 3818 3866 3987 4372 4393 4436 4642 4829
60	31	270	12	63 636 731 1035 1121 1301 1388 1866 1923 2014 2042 2084 2170 2202 2342 2398 2416 2505 2639 2640 2880 2972 2993 3030 3115 4209 4693 4879 4966
67	22	240	12	643 725 1030 1031 1039 1045 1157 1219 1459 1969 2165 2358 2421 2470 2521 2985 3142 3225 3502 3902 4092 4253 4395 4412 4521 4540 4560 4734
77	13	86	12	6 138 477 603 659 818 1026 1183 1722 1776 2267 2312 2369 2551 2567 2698 3017 3250 3321 3419 3481 3515 3813 3941 4191 4319 4608
108	14	175	12	154 290 450 707 787 809 885 952 1101 1420 1597 1616 2018 2319 2681 2703 2892 3099 3120 3429 3464 3519 3887 4000 4150 4493 4526 4826
109	34	322	12	111 165 221 301 414 1044 1112 1221 1596 1599 1869 1893 2324 2326 2466 2606 3087 3149 3349 3477 3478 3535 4024 4026 4093 4694 4925 4959
134	12	96	12	23 39 374 690 939 1056 1334 1360 1472 1685 1840 1886 2692 3214 3503 4281 4327 4357 4387 4461 4503 4552 4716 4936 4952
152	38	10	12	223 645 697 948 1110 1212 1256 1266 1453 1687 1819 2362 2687 2954 2982 3159 3223 3314 3453 3728 3857 3918 4038 4318 4497 4667 4722 4798
164	17	315	12	1 461 704 716 776 779 822 1104 1156 1185 1423 1666 2356 2413 2485 2787 2973 3265 3537 3605 3848 4055 4379 4476 4705 4760 4773 4779 4914 4958
179	40	180	12	217 292 628 653 700 735 1164 1272 1273 1469 1495 1720 1867 1976 2034 2097 2320 2390 2697 3300 3337 3396 3794 4239 4371 4382 4451 4598
180	20	341	12	224 569 577 968 1353 1546 1705 1762 1971 2055 2249 2282 2318 2375 2430 2637 3026 3147 3246 3423 3736 4094 4114 4125 4157 4418 4511 4795 4857
182	16	151	12	22 47 205 373 802 834 1118 1181 1509 2175 2287 2310 2419 2584 2958 2968 3055 3150 3585 3856 3925 4207 4237 4437 4599 4659 4661 4695 4896
229	19	294	12	31 142 478 869 1013 1085 1158 1210 1377 1793 1887 1897 2155 2167 2465 2631 2902 3123 3158 3188 3322 3489 3776 4270 4396 4508 4571 4944
238	24	183	12	15 137 410 862 1084 1091 1150 1237 1364 1810 2422 2508 3018 3219 3454 3662 3685 3711 3905 3908 3932 4008 4218 4247 4456 4470 4553 4570 4575
239	8	117	12	16 58 962 974 1057 1069 1286 1382 1654 1915 1979 2015 2019 2523 2580 3213 3296 3417 3544 3626 3640 3649 3725 3830 4161 4172 4241 4427 4489 4509
243	3	314	12	234 358 400 476 617 825 905 1162 1217 1247 1269 1336 1732 1922 2406 2414 2475 2647 2873 2893 3032 3328 3384 3400 3929 3977 4212 4531 4713 4746 4967
280	18	153	12	282 418 564 666 946 993 1234 1441 1843 1895 1938 2022 2112 2209 2478 2717 2809 3530 3596 3762 4039 4061 4578 4591 4664 4672 4909
297	21	221	12	140 184 209 325 328 570 623 715 764 876 933 1135 1561 1919 1947 1955 2021 2171 2208 2273 2733 3004 3029 3195 3299 3461 3466 4423 4440 4475 4554
298	32	116	12	159 270 482 497 661 823 1249 1389 1427 1555 2030 2576 2653 2895 2952 3358 3367 3401 3635 3641 3914 4111 4128 4236 4563 4711 4781 4855
312	35	8	12	32 51 285 294 396 443 806 837 1350 1540 1568 1910 2190 2252 2294 2575 2621 2643 3050 3146 3197 3331 3393 3874 4002 4223 4331 4411 4707
318	2	321	12	778 1024 1070 1107 1128 1635 1640 1655 1880 2118 2143 2309 2351 2388 2701 2740 2874 3189 3382 3786 4464 4731 4906 4922 4965 4987
329	30	350	12	115 173 183 688 849 1239 1276 1358 1625 1691 1770 2007 2071 2101 2227 2241 2361 2371 2412 2951 3295 3379 3473 3623 3631 4077 4110 4265 4632 4811
371	7	226	12	230 313 496 638 811 906 932 955 1321 1337 1839 1884 1943 2100 2415 2522 2685 2808 2876 2924 3260 3698 3803 4333 4353 4368 4490 4615 4623 4681
375	26	225	12	46 119 130 147 246 286 444 592 642 698 1155 1246 1454 2079 2145 2183 2195 2253 2734 2864 2995 3060 3658 3973 4170 4678 4902 4960
387	29	174	12	95 177 277 383 522 546 843 1075 1200 1438 1613 1677 1948 1984 2031 2037 2041 2891 3096 3261 3345 3771 3988 4028 4087 4163 4205 4369 4596
405	39	251	12	50 57 188 579 701 842 1078 1108 1176 1299 1514 1753 2214 2447 2837 3139 3211 3248 3357 3583 3595 3799 3960 4214 4254 4391 4732 4788 4849
409	9	145	12	4 250 413 1189 1195 1203 1318 1448 1631 1834 1980 2073 2179 2340 2433 2472 2605 2786 2933 3028 3131 3255 3313 3513 3619 3890 4189 4814
438	4	70	12	93 421 656 742 781 1500 1502 1977 2059 2234 2247 2269 2299 2322 2399 2898 3170 3308 3371 3446 3667 3670 3808 3938 4173 4175 4329 4367 4426 4929
443	1	43	12	78 480 585 713 922 985 1165 1204 1232 1248 1261 1376 1792 1927 1944 2437 2656 2986 3162 3392 3528 3608 3767 3927 3942 4284 4633 4774 4818 4842 4845
457	27	145	14	414 795 937 1195 1492 1560 1637 1889 1948 2091 2378 2504 2614 2626 2808 2998 3052 3093 3103 3710 3832 3905 3925 4550 4589 4860
465	6	338	12	40 457 951 1177 1190 1264 1307 1348 1410 1456 1766 2188 2200 2272 2368 2556 2708 2727 2831 2901 3192 3488 3565 3733 4032 4100 4139 4300 4726 4947
473	25	122	12	187 202 319 664 1537 1879 1901 1946 1961 2060 2090 3085 3245 3421 3485 3571 3855 3877 3928 3997 4296 4342 4401 4480 4603 4691
490	37	183	14	21 185 381 792 802 917 1167 1519 1744 2156 2399 3019 3116 3216 3277 3615 3747 3915 4220 4281 4376 4497 4534 4535 4597 4832 4871 4964
530	10	191	12	34 112 405 534 610 935 1054 1233 1755 1816 1845 1992 2023 2095 2235 2276 2468 2496 2562 2601 3047 3205 3617 3759 4152 4261 4606 4702 4850
563	28	330	12	18 266 382 512 808 857 1289 1352 1399 1532 1909 1936 2009 2026 2039 2393 2516 2540 2574 3089 3403 3757 4041 4079 4082 4715 4759 4860
564	23	149	12	176 335 336 720 931 940 1173 1375 1409 1683 2032 2402 2668 2773 2820 3097 3220 3351 3389 3411 3450 3717 3806 4057 4280 4573 4675 4770 4910
591	15	69	12	222 437 568 775 1587 1600 1696 1758 1860 2259 2325 2524 2528 2539 2745 3062 3071 3184 3217 3364 3796 3827 3947 4315 4405 4431 4555 4649 4724
594	5	126	12	9 52 122 191 215 274 415 467 580 870 1093 1549 1796 1875 1925 2072 2085 2109 2246 2277 2429 2566 2608 2762 2842 3074 3161 3955 4040 4115
598	33	60	12	133 168 508 672 896 971 1618 2222 2448 2573 2638 2744 2857 2938 2950 3012 3612 3616 3704 3867 3933 3962 4027 4048 4358 4561 4574 4950 4988
630	11	134	12	384 438 589 758 800 950 987 1067 1387 1417 1487 1713 1717 1763 1876 2365 2420 3058 3065 3686 3693 3831 3913 3939 3981 4076 4946
632	36	268	14	212 297 368 395 634 652 979 1018 1070 1125 1246 1433 1573 2082 2253 2283 2427 2547 3722 3738 3937 4013 4121 4148 4234 4485 4846
648	31	152	14	42 74 84 480 586 736 874 936 1477 1721 2083 2377 2529 2563 3281 3458 3476 3682 3694 3716 4141 4269 4326 4518 4748 4751 4843
665	22	117	14	171 199 334 546 625 689 718 721 768 918 988 1257 1261 2248 2386 2437 2524 2847 3056 3070 3474 3508 3619 3644 4131 4149 4293 4422 4468 4617 4659
25	13	252	14	6 152 262 333 359 537 761 897 987 1150 1431 1467 1641 1998 2121 2144 2792 3017 3039 3713 4155 4297 4351 4543 4735 4946
58	14	2	14	351 419 441 675 703 767 846 1120 1164 1199 1563 1581 1931 2074 2520 2654 3155 3286 3488 3528 3568 3662 3924 4030 4064 4113 4133 4548 4630 4962
70	34	103	14	38 536 593 661 1079 1154 1383 1835 2005 2461 2472 2863 3204 3425 3432 3460 4014 4046 4317 4479 4539 4637 4697 4772 4782
74	12	73	14	159 864 1072 1651 1993 2023 2113 2374 2585 2720 2983 2997 3259 3285 3578 3636 3751 3814 3825 3836 4112 4142 4177 4323 4498 4677
79	38	158	14	91 123 196 310 394 410 551 688 1323 1548 1674 1751 1978 2123 2150 2408 2444 2706 3628 3776 3885 4145 4393 4455 4591 4666 4901 4904
85	17	264	14	113 348 372 460 740 751 772 807 852 1004 1095 1236 2128 2169 2905 3249 3546 3562 3754 3849 4225 4231 4301 4436 4562 4679 4912 4978 4987
87	40	61	14	72 144 321 389 915 1390 1482 1638 2179 2203 2355 2848 2919 2977 3007 3129 3293 3343 3623 3979 4229 4343 4367 4720 4812 4903
89	20	345	14	10 49 241 422 486 681 690 995 1094 1440 1677 1841 1963 2201 2236 2339 2618 2679 2816 3215 3552 3828 3897 3963 4106 4187 4350 4749 4763
98	16	260	14	63 242 293 668 695 850 881 1101 1416 1434 1920 1939 2387 2495 2498 2607 2770 3134 3250 3532 3551 3642 3873 4690
140	19	107	14	134 401 626 748 965 1216 1514 1807 1958 2027 2041 2186 2271 2413 2588 2797 2878 3212 3369 3850 3882 3923 4004 4017 4051 4429 4530 4596 4625 4714
143	24	285	14	52 104 594 710 1012 1092 1113 1212 1252 1318 1340 1635 1875 1999 2467 3074 3151 3163 3229 3279 3291 3392 3779 3989 4398 4604 4874
173	8	166	14	77 288 672 724 738 760 922 1361 1596 1871 2183 2899 3021 3346 3515 3544 3573 3949 4043 4135 4275 4521 4576 4581 4623 4663
181	3	248	14	243 375 427 560 940 1117 1320 1476 1628 1872 2138 2549 2759 2796 2845 2890 2945 3226 3353 3606 3727 4390 4414 4425 4466 4642 4712 4853
212	18	340	14	61 132 151 332 753 866 1331 1355 1371 1679 1829 2287 2372 2632 2692 3149 3176 3178 3337 3422 3701 3996 4444 4481 4483 4494 4730 4850
214	21	303	14	329 423 607 739 947 1052 1309 1454 1680 1796 2135 2265 2327 2532 2612 2646 3075 3102 3161 3182 3373 3442 3671 4420 4682 4826 4973 4986
257	32	141	14	255 577 762 967 1141 1152 1382 1518 1582 1845 1850 2184 2218 2611 2661 3344 3558 3756 3788 3802 4171 4366 4426 4868 4908 4947
302	35	100	14	14 796 829 867 1078 1115 1193 1272 2153 2394 2818 2940 3085 3206 3572 3803 3864 4037 4403 4644 4696 4878 4940
327	2	250	14	331 715 770 1147 1407 1547 1654 1750 1760 1795 1837 2003 2256 2460 2713 3268 3391 3630 3641 3798 3950 4048 4306 4465 4585 4700 4957
348	30	284	14	157 228 461 832 983 1064 1118 1131 1205 1396 1528 1893 2064 2072 2754 2780 2971 3769 3967 4103 4104 4134 4264 4421 4660 4708 4872
355	7	313	14	119 137 587 889 912 1083 1333 2058 2258 2364 2367 2419 2830 2909 3148 3257 3382 3595 3773 3782 3867 3869 4271 4484 4549 4656 4902 4956
360	26	118	14	70 146 272 406 961 977 1097 1468 1517 1967 2043 2342 2441 2534 2616 2901 3041 3104 3318 3559 3597 3729 3831 4278 4590 4805 4976
390	29	176	14	285 451 862 876 1091 1176 1349 1443 1506 1862 1982 2551 2764 3048 3071 3394 3575 3683 3771 4012 4439 4499 4729 4733 4784
416	39	110	14	417 741 804 914 1049 1121 1242 1344 1541 2130 2198 2290 2406 2561 3055 3150 3469 3980 4097 4117 4254 4382 4438 4501 4938 4941
419	9	247	14	75 495 545 559 726 985 1495 1852 2142 2832 2850 3111 3140 3223 3235 3308 3482 3588 3637 3964 4210 4219 4404 4415 4545 4818 4890 4939
437	4	324	14	259 378 584 980 996 1306 1479 1544 1793 1804 2266 2323 2667 2696 2715 2820 2887 3240 3570 3657 3844 3955 3983 4016 4026 4235 4600 4632 4963
448	1	48	14	64 106 349 676 769 847 920 972 1233 1402 1928 2078 2093 2210 2211 2592 2805 2923 3010 3587 3652 3852 3992 4273 4388 4744
468	6	92	14	165 175 356 488 496 539 669 1011 1488 1783 1827 1956 1992 2157 2270 2278 2405 2712 2748 2811 2814 3157 3256 3405 3454 3672 4188 4691
484	25	319	14	520 683 743 788 1051 1074 1090 1100 1264 1307 1973 2095 2151 2178 2782 2790 2819 3009 3127 3517 3545 3664 3804 4410 4472 4492 4557 4766
488	10	228	14	4 275 354 384 493 745 774 838 1020 1417 1505 1749 1847 2036 2187 2200 2239 2572 2921 3124 3252 3313 3525 3555 3936 4237 4544 4650 4664 4673
519	28	148	14	412 1027 1099 1614 1685 1858 2045 2102 2127 2217 2379 2382 2431 2938 2969 2985 3002 3098 3109 3146 3586 3797 4040 4272 4389 4394 4401 4564 4761 4870
531	23	134	14	145 209 481 535 778 962 1082 1284 1292 1296 1363 1696 1826 1913 2068 2152 2207 2238 2300 2314 2915 3254 3403 3947 4190 4252 4641 4699 4882
534	15	82	14	18 691 717 786 1065 1515 1529 1569 1798 1868 2193 2540 2705 2714 2799 2869 2913 3088 3128 3531 3913 4054 4320 4500 4506
536	5	140	14	37 76 338 719 882 976 1140 1155 1429 1566 1735 1773 1776 1849 2469 2777 2833 2991 3196 3207 3446 4010 4078 4170 4262 4335 4520 4710
537	33	249	14	68 408 459 490 596 643 674 813 898 1042 1585 1962 2277 2494 2741 2747 2791 2990 3239 3653 3845 3958 4207 4381 4463 4574 4587 4645 4715
548	11	124	14	85 232 325 339 658 727 974 1463 1489 1521 2070 2096 2172 2684 2688 2788 3101 3466 3577 3581 3677 3681 3770 4205 4474 4533
549	27	258	16	449 720 1231 1354 1554 1745 1786 1828 1984 2034 2045 2217 2280 2333 2405 2428 2619 2621 2737 3078 3311 3475 3597 3811 3940 4440 4484 4491 4971
621	37	259	16	162 432 737 890 1080 1113 1529 1613 1832 1887 1888 1902 1990 2139 2145 2152 2495 2597 2703 3149 3202 3393 3603 3611 3939 4347 4457 4654 4799
626	36	190	16	123 314 520 824 869 1580 1593 2507 2902 3016 3039 3047 3062 3136 3212 3323 3347 3362 3367 3404 3647 3703 3917 4140 4145 4206 4449 4586
629	31	229	16	208 244 293 308 897 1223 1722 1825 1844 1866 1869 1965 2175 2527 2582 2649 2977 3191 3234 3829 4014 4020 4255 4339 4481 4674 4876
653	22	279	16	80 170 258 893 1045 1089 1364 1413 1586 1696 1874 1950 2279 2295 2441 2510 2668 2695 2740 2893 2996 3081 3629 3687 3834 4119 4342 4984
659	13	37	16	92 118 144 166 340 1152 1285 1486 1582 1628 2038 2161 2700 2815 2852 3113 3385 3799 3881 3897 4245 4286 4371 4467 4838 4856 4887
677	14	218	16	12 163 243 585 611 694 817 821 895 1230 1345 1390 1741 1799 1923 2496 2548 3032 3095 3235 3599 3606 4029 4171 4444 4692 4894
680	34	307	16	66 430 434 1065 1130 1787 2030 2090 2162 2402 2439 2673 2879 2967 2984 3187 3290 3437 3479 3730 3764 3827 3837 3905 3927 4023 4433 4689 4730
687	12	20	16	135 238 476 541 1103 1127 1171 1224 1234 1283 1365 2491 2833 3091 3110 3119 3267 3273 3325 3491 3598 3724 3946 3948 4055 4075 4438 4637 4863
28	38	234	16	59 182 210 545 811 1245 1415 1452 1474 1955 2019 2053 2521 2569 2886 3285 3322 3397 3529 3590 3594 3828 3915 4233 4702 4767 4806 4895
29	17	287	16	330 371 759 990 1056 1209 1694 1775 2119 2212 2229 2298 2406 2440 2446 2471 2659 2769 2999 3147 3259 3384 3628 3769 4154 4904
32	40	316	16	50 237 287 458 683 1300 1382 1465 1597 1656 1801 2173 2310 2313 2473 2683 2947 3249 3304 3440 3537 3544 3621 3692 3878 4086 4829
73	20	230	16	202 274 452 501 834 861 925 998 1021 1060 1076 1363 1432 1865 2154 2459 2480 2753 2812 3174 3280 3518 3620 4172 4680 4948 4998
82	16	16	16	2 254 261 549 702 1824 1861 1977 2026 2218 2662 2727 2937 3106 3120 3177 3221 3277 3504 3536 3674 4065 4330 4474 4565 4590 4776 4905
83	19	178	16	113 191 263 283 363 441 489 1437 1457 1914 1987 1996 2004 2115 2431 2650 2803 3422 3631 3707 3986 4021 4168 4424 4435 4934 4966
114	24	326	16	289 299 370 375 436 558 885 1556 1797 2235 2270 2623 2864 3307 3562 3779 4000 4044 4377 4488 4658 4720 4736 4766 4901
118	8	171	16	203 309 438 670 915 1048 1126 1373 1557 1718 1719 1721 1882 2205 2351 2481 2687 2749 2862 2956 3158 3767 3965 4668 4810 4927 4937 4953
127	3	347	16	181 410 740 911 1641 1740 1862 1912 2020 2133 2422 2612 2896 2951 3210 3239 3350 3463 3538 3600 4017 4262 4308 4475 4669 4832
144	18	323	16	199 523 568 659 684 1019 1063 1523 1559 1620 2028 2069 2328 2598 3011 3570 3574 3633 4067 4283 4412 4601 4609 4638 4751
145	21	147	16	331 362 429 567 780 1096 1128 1475 1501 1726 1890 2122 2302 2339 2599 2605 2927 3084 3243 3416 3439 3484 3607 4170 4323 4607 4717 4754
153	32	61	16	40 136 316 467 706 766 1258 1444 1517 1547 1956 2014 2403 2438 2589 2922 3129 3263 3293 3335 3662 3812 4316 4398 4608
187	35	192	16	207 265 349 535 804 1263 1387 1424 1592 1809 1836 1863 1937 2222 2411 2501 2625 2726 2792 2838 3225 3286 3578 4182 4437 4531 4898
240	2	339	16	406 504 533 1120 1202 1402 1403 1461 1515 1552 1589 2085 2423 3028 3160 3361 3481 3557 3699 3835 4357 4532 4558 4683
262	30	272	16	26 172 278 562 746 791 803 874 1009 1626 1771 1997 2158 2246 2513 2698 2975 3063 3584 3655 3858 4042 4050 4185 4197 4313 4344 4865 4889
292	7	325	16	158 195 271 359 502 652 900 916 1445 1503 1659 1820 1958 2493 2497 2684 2779 3086 3159 4260 4298 4359 4526 4597 4696 4769 4928
300	26	15	16	422 455 868 888 1006 1167 1383 1438 1777 1961 2221 2290 2892 2949 3343 3383 3410 3790 3898 3935 4340 4466 4709 4733 4840
315	29	140	16	252 591 906 979 1085 1124 1235 1313 1330 1573 1654 1676 1752 2165 2467 2515 2970 3056 3663 3741 3815 3899 3957 3971 4054 4104 4331 4409 4594
316	39	68	16	174 211 428 494 1070 1146 1175 1337 1591 1808 1826 2436 2506 2627 2674 2743 2888 2908 3181 3320 3503 3758 3850 3933 4078 4232 4693
324	9	274	16	25 231 245 448 570 806 880 1312 1508 1608 2080 2107 2178 2271 2344 2898 3190 3349 3737 3754 3879 4036 4047 4743 4803
332	4	303	16	164 315 329 586 1049 1115 1395 1895 1972 2047 2398 2549 2628 2694 2748 2874 3051 3167 3321 3348 3710 3902 4043 4102 4165 4222 4902 4967
340	1	286	16	197 690 733 801 973 1083 1420 1818 2016 2042 2678 2704 2761 2921 2972 3040 3124 3183 3271 3423 3446 3480 3714 4926
350	6	280	16	234 269 320 336 479 859 971 992 1257 1473 1781 2111 2494 2545 2677 2797 2871 3248 3284 3386 3649 3864 4112 4129 4368 4395 4963
363	25	302	16	368 372 413 505 603 1346 1476 1747 1904 2126 2199 2462 2845 2880 2916 2948 3074 3204 3233 3299 3379 3411 3596 3991 4432 4728 4940 4950
382	10	312	16	1014 1057 1081 1292 1478 1530 1577 1680 1822 1875 2050 2093 2260 2800 3089 3099 3363 3548 3589 4338 4380 4503 4536 4588 4621 4653 4663 4782
384	28	306	16	14 134 708 768 913 977 1000 1170 1260 1291 1811 1906 1959 1971 2281 2407 2594 2666 2932 2966 3087 3157 3205 3468 4201 4723 4886
413	23	106	16	8 347 602 620 848 1166 1176 1252 1439 1490 1581 1615 1814 1847 2024 2443 2564 3107 3153 3329 3814 4002 4034 4237 4690
414	15	105	16	154 328 373 389 604 921 1212 1520 1670 1681 1789 2526 3185 3199 3232 3684 3823 4130 4160 4234 4378 4567 4623 4687
420	5	244	16	82 84 194 233 571 840 1289 1774 1907 2075 2140 2171 2227 2575 2579 2723 2787 3264 3278 3524 3665 4056 4143 4239 4519 4811 4989
423	33	150	16	60 160 433 624 805 954 1134 1303 1307 1427 1493 1521 1709 2125 2347 2449 3108 3144 3807 4009 4010 4066 4354 4606 4867 4931 4995
456	11	127	16	114 171 193 215 393 632 721 1154 1410 1632 1760 2013 2022 2118 2374 2519 2538 2680 3176 3454 4019 4095 4144 4249 4334 4808 4965
472	27	81	18	103 217 226 343 677 987 1049 1221 1265 1374 1644 1684 2053 2076 2615 2781 2798 2879 3112 3178 3602 3849 3910 4391 4560 4615 4659 4896
477	37	142	18	23 155 235 236 485 529 834 969 1093 1436 1506 1527 1534 2054 2184 2346 2557 2922 2937 3129 3512 3858 4061 4087 4409 4429 4465 4546
525	36	349	18	311 409 678 1034 1196 1604 1700 1843 1876 1896 1959 2765 2846 3001 3156 3172 3189 3354 3410 3607 3734 3955 4031 4098 4337 4551 4624
553	31	228	18	228 474 531 617 1009 1280 1297 1470 1658 1674 1777 1883 1986 2381 3071 3311 3434 3570 3617 3693 3752 3971 4285 4323 4459 4516 4887 4910
559	22	131	18	29 378 508 668 682 747 939 945 975 985 1366 1452 2033 2377 2584 2886 2910 3406 3625 3982 4203 4335 4565 4566 4858
566	13	46	18	249 383 472 578 937 967 1086 1551 1760 1838 2121 2158 2265 2400 2414 3165 3301 3336 3524 3597 3926 4041 4215 4302 4379 4749 4792 4868
576	14	203	18	116 232 621 626 719 946 988 1060 1245 1865 2122 2525 2582 3111 3247 3267 3402 3743 3944 4217 4257 4322 4387 4613 4727 4968
593	34	162	18	246 341 462 849 1083 1131 1205 1610 2357 2389 2724 3043 3087 3427 4012 4133 4181 4193 4211 4374 4527 4722 4774 4800
605	12	48	18	220 347 398 438 446 553 570 611 845 892 1079 1122 1186 1526 1659 1742 1850 2061 2174 2187 3077 3319 3551 3957 4745 4773 4879
607	38	122	18	147 521 536 699 990 1480 2088 2321 2437 2453 2602 2776 2809 2964 3048 3230 3352 3417 3548 3628 3640 4123 4137 4263 4961
610	17	218	18	380 968 1069 1117 1159 1201 1217 1317 1414 1457 1769 1803 1949 1981 2215 2317 2488 2542 2651 3432 3457 3458 4104 4128 4573 4602 4699 4952
650	40	52	18	43 198 394 523 722 758 790 1116 1243 1824 1877 1984 2086 2851 2907 3133 3229 3489 3676 3769 3854 3862 4236 4386 4435 4530 4715
658	20	154	18	273 774 865 1028 1106 1110 1168 1202 1275 1693 1970 2093 2350 2411 2553 3060 3121 3546 3608 3632 3678 4053 4066 4148 4702 4990
662	16	291	18	262 309 445 627 1105 1225 1333 1484 1922 1924 1951 2565 2714 3236 3332 3581 3768 3813 3843 3984 4013 4114 4158 4348 4469 4517 4923 4996
668	19	283	18	50 72 308 596 894 961 1359 1726 1774 1983 2097 2179 2250 2441 2753 2822 2884 2897 2914 2958 3153 3443 3448 3732 3778 4994
670	24	188	18	592 700 734 867 1625 1703 1864 1938 2130 2176 2304 2360 2429 2432 2649 2828 2917 3066 3182 3786 3952 3975 4089 4514 4847 4957
683	8	236	18	64 219 291 452 607 646 1050 1175 1314 1946 2050 2742 2788 3033 3061 3173 3186 3605 3726 3749 3797 4309 4327 4578 4590 4897 4964
688	3	40	18	48 57 86 781 1313 1569 1624 1968 2066 2483 2655 2931 2973 3035 3046 3091 3310 3412 3653 3716 3785 4293 4307 4407 4493 4843 4992
690	27	81	20	54 223 233 1187 1401 1446 1498 1539 1656 1694 1717 1721 2316 2642 2788 2824 2848 3009 3047 3235 3304 3317 3712 4234 4586
694	18	220	18	84 178 200 352 437 566 782 889 1095 1098 1229 1607 1632 2225 2404 2460 2806 2807 2962 3119 3254 3399 3488 3689 3890 3948 4579 4840
696	21	111	18	73 132 698 725 1007 1246 1547 1698 1816 1917 2526 2616 2783 2795 2863 3137 3187 3296 3792 3820 3896 4132 4468 4519 4535 4799
1	32	255	18	473 705 728 1481 1736 1737 2198 2604 2854 2988 3227 3307 3341 3525 3931 4462 4513 4537 4580 4582 4809 4995
24	35	335	18	471 602 675 966 1287 1352 1622 1702 1715 1844 1897 1911 2596 2665 2738 3132 3234 3481 3753 3811 3893 3928 4067 4452 4455 4823 4851
34	2	259	18	182 406 429 1376 1483 1520 1615 2043 2155 2169 2484 2491 2778 2801 2852 2968 3428 3830 3859 4021 4022 4240 4436 4553 4724 4780 4859 4997
53	30	263	18	31 118 258 286 305 755 793 1047 1281 1392 1631 1738 2080 2245 2281 2617 2713 3440 3496 3603 3624 3648 4070 4189 4246 4824 4918
56	7	262	18	238 342 687 688 846 932 1142 1311 1435 1579 1874 1910 2090 2268 2364 3435 3611 3723 3733 3823 4280 4623 4627 4784
66	26	184	18	307 421 483 561 562 574 590 1127 1770 2025 2056 2096 2323 2362 2920 3190 3437 3466 3520 3599 3633 3739 3770 3909 4373 4658 4930
86	29	163	18	71 81 742 817 823 955 986 1492 1835 2138 2264 2319 2485 2628 2629 2832 3411 3701 4145 4195 4669 4716 4793 4926
95	39	34	18	310 1059 1182 1191 1285 1409 1474 1584 1729 1814 2059 2183 2966 3037 3783 3895 4042 4071 4127 4366 4400 4422 4521 4654 4777 4874
124	9	62	18	99 292 374 1054 1143 1254 1358 1830 1859 2156 2454 2924 2980 3125 3253 3591 3907 3912 3953 3954 3997 4270 4604 4807 4958
125	4	185	18	115 136 708 803 927 982 993 1223 1926 1989 2144 2178 2213 2372 2415 3206 3262 3356 3671 3742 3989 4185 4231 4831 4975
142	1	104	18	106 330 484 524 601 820 972 1338 1422 1685 1716 1939 2246 2417 2450 2480 2598 2690 2777 2791 2963 3197 3824 4209 4241 4384 4460
162	6	59	18	49 66 187 392 739 777 841 1177 1204 1454 1637 1840 1963 2244 2687 3005 3135 3160 3188 3314 3627 3690 4165 4529 4645 4833
167	25	116	18	39 172 768 874 916 1459 1524 1621 1904 2439 2471 2505 2562 2648 2680 2708 2712 2752 2835 3494 3795 3940 4190 4242 4273 4506 4639 4646
195	10	316	18	35 830 880 995 1576 1757 2643 2792 2860 3078 3089 3098 3238 3239 3373 3510 3622 3860 3976 4146 4186 4531 4735 4801 4881
196	28	164	18	387 632 780 796 1087 1351 1442 1467 1473 1856 1985 2006 2136 2698 3222 3266 3370 3569 4023 4305 4334 4458 4540 4743 4915
200	37	185	20	103 597 626 875 944 1047 1410 1518 1523 1730 1912 2197 2430 2451 2496 2515 2568 2745 3035 3037 3094 3244 3254 3403 4798 4988
213	23	329	18	703 714 883 926 1157 1885 1967 2105 2370 2661 2716 2839 2938 2989 3079 3154 3166 3255 3522 3559 3763 3857 4085 4395 4397 4739 4848
269	15	271	18	3 334 1035 1072 1687 1756 1819 1852 1950 2024 2141 2420 2504 3198 3467 3480 3784 3807 4068 4182 4194 4467 4543 4567 4603 4797 4837 4969
278	5	157	18	247 248 595 943 1144 1194 1228 1321 1444 1523 1667 2049 2149 2308 2326 2359 2837 3389 3397 3476 3561 3809 3842 4665 4795 4972
289	33	212	18	108 231 234 316 370 391 542 665 1071 1247 1264 1407 1455 1555 2375 2391 2709 2885 3675 4297 4447 4564 4609 4619 4830 4861 4943
295	11	54	18	78 137 207 413 549 915 1058 1109 1141 1258 1562 1664 1810 2570 2593 3008 3408 3430 3545 3935 3958 4317 4399 4712 4731 4828
308	36	135	20	131 352 1001 1587 1780 1821 1905 2159 2194 2312 2407 3062 3140 3188 3265 3569 3813 3861 4029 4042 4414 4473 4536 4935
322	31	333	20	120 164 1112 1332 1460 1627 1640 1667 1952 2443 2612 2852 2861 3346 3399 3450 3701 3851 3928 4120 4332 4379 4676 4718 4906 4975 4983
330	22	263	20	425 783 1416 1449 1502 1594 1751 1949 2008 2013 2038 2060 2134 2490 2561 2876 2939 2968 3170 3253 3726 3962 4739 4751
334	13	18	20	19 458 630 884 938 1388 1419 1686 1703 1835 1933 1943 2092 2555 3080 3453 3475 3521 3591 3877 3884 4050 4347 4374 4502 4707 4803
342	14	86	20	570 778 781 902 975 1081 1086 1534 1767 1834 2146 2420 2586 2622 2693 2795 2816 2874 2906 3092 3272 3503 3552 3753 4366 4748 4802 4930
344	34	85	20	339 640 868 1043 1115 1255 1260 1691 1803 1845 1988 1991 2098 2550 2793 3041 4246 4406 4585 4770 4829 4923 4955 4972
364	12	57	20	125 284 622 756 767 810 1308 1494 1496 1773 1827 1871 2315 2634 2659 2674 2807 3055 3320 3361 3551 3957 3959 4255 4310 4685 4855 4884
365	38	195	20	373 497 673 933 955 1036 1182 1336 1358 1546 1666 2361 2913 3006 3038 3104 3136 3392 3755 3773 3802 3939 3946 4071 4769 4845
381	17	246	20	667 689 757 862 1077 1329 1350 1362 1979 2011 2034 2035 2046 2172 2226 2286 2652 2722 2894 3321 3548 3566 3775 3898 4028 4048
403	40	168	20	452 882 1311 1485 1642 1957 2051 2253 2839 2868 2904 2977 3362 3522 3599 3694 3695 3897 3978 4352 4442 4528
426	20	63	20	36 225 287 707 1225 1275 1323 1367 1424 1431 1541 1645 1759 2254 2353 2405 2748 2842 2877 2887 3019 3417 3743 3896 3949 4537 4785
442	16	75	20	61 186 247 382 484 681 1009 1296 1386 1779 1807 2052 2063 2107 2259 2620 2902 3380 3589 3618 3931 4018 4211 4468 4772 4827 4847
445	19	337	20	42 157 177 516 534 835 1211 1564 1624 1806 2047 2049 2376 2830 3164 3634 3791 3799 3821 3999 4052 4124 4146 4599 4710 4978
447	24	277	20	97 267 463 702 945 1033 1169 1301 1368 1422 2112 2119 2216 2398 2427 2739 2872 2881 2923 3220 3536 3887 3918 4004 4214 4546 4640
450	8	330	20	551 580 641 819 913 1283 1669 1695 2062 2255 2367 2517 2641 3100 3420 3554 3738 3854 3868 3960 3987 4547 4595 4632 4806
467	3	200	20	180 405 585 599 621 872 1274 1675 1958 2306 2499 2544 2796 2959 3358 3393 3497 3688 3786 3833 3901 4096 4250 4448 4784 4789
476	18	176	20	821 922 935 1133 1178 1226 1533 1815 2031 2160 2261 2387 2560 2657 2844 3315 3359 3402 3409 3545 3673 3816 4597 4793
486	21	33	20	244 308 555 565 694 936 973 1183 1304 1504 1613 1636 1762 2510 2964 3056 3116 3159 3426 3656 3903 4323 4509 4510 4873 4894 4993
504	32	224	20	18 218 568 589 919 1380 1425 1600 1820 1986 2131 2282 2291 2373 2401 2660 2710 2823 2925 2960 3126 3938 4162 4312 4825 4931 4958
511	35	201	20	69 156 512 561 666 712 790 851 915 1208 1785 1985 2118 2498 2572 2794 3460 3763 3765 3856 3882 4327 4437 4507 4571 4575
513	2	301	20	240 1000 1203 1440 1470 1513 1846 2018 2136 2152 2153 2331 2492 2810 3030 3134 3166 3388 3438 3780 3803 4090 4388 4471 4917 4981
527	30	88	20	28 147 888 905 1291 1397 1683 1707 2200 2323 2631 2910 2979 3385 3533 3601 3703 3990 4045 4147 4206 4344 4504 4512 4624 4911 4943
541	7	221	20	22 121 166 502 763 812 871 1604 1659 2797 2907 3192 3203 3238 3290 3401 3421 3499 3508 3727 3778 3781 4154 4221 4548 4590
544	26	137	20	85 270 440 498 552 669 953 1102 1317 1444 1643 1935 2133 2267 2514 2559 2781 3158 3176 3296 3721 3762 3810 3994 4011 4276 4853 4964
570	29	144	20	7 205 245 279 327 350 836 876 1154 1258 1623 1816 2303 2421 2799 2860 3044 3293 3368 3667 3735 4196 4304 4484 4527 4668 4675
590	39	11	20	160 217 235 355 416 442 646 809 1284 1499 1711 2525 2703 2754 2985 3527 3777 4328 4423 4433 4480 4842 4912
592	9	71	20	226 289 398 629 844 970 1146 1227 1597 1603 1621 1947 2001 2007 2124 2604 3241 3772 3865 3995 4300 4315 4341 4616 4859 4952
596	27	18	22	152 268 337 411 494 547 753 873 1982 2218 2292 2438 2531 2559 2838 2949 3173 3694 4068 4174 4206 4257 4434 4525 4924 4934 4959
597	4	19	20	248 265 724 772 1029 1096 1218 1273 1393 1453 1475 1709 2094 2336 2509 2614 2658 3058 3467 3553 3580 3691 3720 3886 4245 4551
599	1	173	20	369 647 675 1015 1430 1630 1655 1938 1994 2237 2349 2648 2670 2784 2805 3031 3638 3908 3930 4093 4140 4173 4282 4322 4538 4697 4740
601	6	181	20	11 86 114 258 588 814 1068 1705 2151 2478 2571 2738 2813 2817 3550 3624 4348 4413 4421 4638 4961 4990
614	25	196	20	8 167 299 695 700 780 885 1066 1398 1400 1660 1812 1826 1867 2148 2507 2673 3013 3069 3128 3305 3340 3505 3542 3740 4419 4631
638	10	42	20	242 340 532 582 822 824 880 1130 1158 1232 1517 1861 2076 2220 2257 2263 2370 2730 2737 2811 3211 3386 4134 4811 4999
672	28	78	20	98 357 668 879 949 1210 1612 1641 1671 1672 2175 2219 2238 2463 2578 2826 2827 3560 3809 3889 3902 4204 4427 4603
673	37	137	22	398 511 542 859 1057 1370 1429 1513 1848 2102 2374 2414 2464 2851 3017 3157 3181 3261 3297 3342 3479 3609 4385 4857
681	23	84	20	424 456 611 638 705 770 1348 1351 1900 1939 2417 2462 2585 2626 2974 2999 3229 3517 3719 3952 4026 4377 4482 4761 4960
685	15	40	20	64 446 474 616 1191 1241 1543 1605 1959 2029 2399 2716 2783 2882 2899 2921 3027 3582 3596 4123 4270 4289 4299 4329 4593 4764 4919
5	5	29	20	193 469 505 529 856 908 1160 1435 1727 2287 2292 2488 2619 2786 2951 3370 3647 3682 3945 3991 4294 4501 4508 4689 4836
15	33	129	20	122 464 815 855 987 1253 1670 1677 1962 2241 2280 2471 2672 3157 3350 3487 3785 4097 4158 4319 4438 4686 4871 4893
16	11	258	20	230 475 485 583 610 723 1111 1389 1822 1865 2010 2445 2835 3525 3619 3923 3970 3984 4095 4103 4263 4644 4657 4970
19	36	32	22	17 323 339 351 477 1114 1299 1343 2537 2756 2835 2894 3288 3372 3670 3795 3906 3963 4098 4166 4348 4441 4634 4844 4851 4878
39	31	115	22	93 207 442 449 864 1064 1087 1302 1665 1739 2225 2352 2411 2452 2463 2671 2754 3231 3487 3540 3757 4056 4418 4474 4713
46	22	302	22	109 314 348 409 481 766 808 1027 1052 1226 1278 1325 1431 1650 1734 1794 1849 1850 2221 2300 2447 2514 2565 3343 3395 4028 4595
62	13	41	22	24 251 569 657 787 919 1080 1356 1477 1534 1535 1932 1934 2121 2468 2469 2571 2697 2840 3380 3715 4049 4070 4138 4410 4416 4777
65	14	214	22	150 469 504 587 845 934 2230 2334 2597 2616 2625 2642 2643 2688 2775 2808 2959 3053 3357 3364 3564 4248 4502 4519 4535 4686 4925
76	34	186	22	452 513 686 798 851 869 878 1252 1331 1732 1805 1815 2240 2306 2362 2430 2599 2647 2821 3264 3330 3759 4094 4374 4600
81	12	83	22	26 97 264 523 711 838 842 1589 1712 1752 2061 2724 2783 3130 3329 3555 3895 4025 4133 4270 4462 4476 4621 4626 4848
93	38	327	22	11 15 164 256 555 603 1276 1508 1612 1891 1918 1935 2045 2442 2903 2957 3012 3891 3924 4073 4300 4514 4782 4828
97	17	155	22	67 321 675 727 749 958 1081 1710 2366 2418 2475 2824 2962 3271 3325 3452 3493 3521 3549 3796 3841 3979 4041 4275 4320 4864
113	40	26	22	58 617 642 1005 1148 1282 1611 1801 1846 2135 2347 2476 2500 2666 3304 3733 4238 4384 4448 4649 4684 4854 4912 4919 4980
123	20	84	22	99 190 313 503 578 613 840 1007 1327 1408 1559 1878 2039 2054 2320 2617 2829 3563 4077 4351 4554 4750 4762
163	16	253	22	567 650 655 709 802 974 1242 1261 1386 1753 1771 1866 1884 1902 2082 2184 2316 2329 2933 2948 3289 3559 4324 4570 4593 4775
188	19	76	22	417 476 546 961 1073 1375 1460 1676 1911 1945 2070 2288 2622 2716 3524 3613 3655 3787 3846 3923 4150 4249 4288 4507 4703
198	24	102	22	250 453 658 764 797 1199 1340 1441 1545 2157 2219 2298 2350 2701 2930 3345 3462 3573 3885 4363 4494 4513 4538 4735 4982
204	8	251	22	69 130 394 540 627 641 880 1001 1054 1324 1426 1452 1459 1761 1915 1989 2424 2588 2707 2947 3064 3375 3601 3998 4916
205	3	289	22	50 192 262 506 530 725 1000 1207 2128 2139 2197 2279 2363 2457 2773 3262 3301 3338 3404 3889 4240 4541 4888
216	18	260	22	105 233 462 792 825 1076 1174 1403 1540 1716 1785 1926 2001 2079 2459 2768 3124 3200 3298 3312 3439 3726 3751 3978 4706
222	21	127	22	704 827 942 1138 1295 1326 1369 1554 1558 2028 2181 2345 2474 3287 3321 3346 3386 3666 3764 3771 3951 4588 4629 4939
224	32	227	22	30 844 1008 1608 1673 1727 1885 2502 2762 2769 2849 2882 3062 3118 3168 3389 3541 3766 3849 4006 4154 4233 4472 4584 4585 4920
226	27	102	24	78 295 470 798 800 921 1032 1042 1217 1267 1385 1477 1537 1603 1765 1914 1919 2716 3045 3324 3450 3615 3936 3975 4443 4504
227	35	245	22	62 101 318 431 436 459 489 524 600 679 818 1232 1399 2064 2088 2314 2365 3055 3255 3478 3528 3628 3684 3825 3845 4396 4815
245	2	304	22	216 280 633 634 663 998 1071 1341 1635 2117 2209 2338 2395 2578 2719 3402 3734 4318 4380 4408 4423 4946
246	30	262	22	261 397 607 698 1142 1306 1499 1830 1840 1872 2180 2224 2583 2782 2789 2912 3195 3396 3481 3718 3823 3918 4224 4252 4796 4837
254	7	135	22	36 46 226 535 606 1090 1557 1585 1679 1733 2278 2611 2760 2905 2942 2981 2984 3203 3258 3530 4004 4027 4251 4533 4692 4734
264	26	56	22	88 454 612 779 886 1328 1562 1993 2008 2299 2326 2841 2870 3280 3284 3290 3341 3483 3516 3629 3648 3698 3966 4208 4454 4478 4891
268	29	98	22	52 357 678 829 899 982 1268 1965 2134 2206 3030 3086 3153 3266 3366 3444 3458 3746 4084 4349 4435 4536 4643 4715
273	39	123	22	224 744 917 957 1365 1442 1627 1660 1920 2425 2710 3022 3045 3184 3327 3415 3588 3980 4115 4346 4392 4768 4841 4861 4894
310	9	211	22	111 647 857 1498 1630 1730 1743 1819 2036 2108 2166 2549 2604 2888 3215 3246 4082 4162 4177 4383 4453 4586 4708 4846 4903
311	4	99	22	245 465 696 734 765 1126 1269 1289 1300 1316 1432 1758 2150 2541 2855 3174 3651 3661 3672 3800 3968 4033 4184 4302 4680 4704
314	1	39	22	5 153 429 492 551 591 902 1368 2004 2308 2317 2410 2576 2634 2897 3270 3340 3384 3398 3805 3977 4193 4272 4303 4344 4698 4883
317	6	293	22	399 428 646 648 1038 1058 1462 1746 1882 2147 2535 2932 3014 3036 3038 3179 3196 3508 3522 3676 4081 4580 4834 4955
328	25	51	22	33 148 723 784 1012 1107 1110 1995 2086 2481 2518 2843 2967 3092 3117 3132 3146 3323 3579 3871 4032 4117 4905 4936
346	10	3	22	385 388 582 605 1013 1222 1238 1310 1417 1653 1864 1881 2018 2290 2332 2766 2799 3716 3786 3817 3997 4470 4480 4656 4710 4801 4804
352	28	113	22	181 595 677 796 809 843 1348 1447 1596 1609 1892 1921 1955 2068 2294 2586 2727 2735 3034 3228 3547 3585 4058 4125 4745
357	23	66	22	37 298 386 473 618 632 635 656 1385 1629 1968 2137 2309 2630 2910 3156 4191 4227 4250 4289 4331 4642 4662 4752 4968
362	15	334	22	292 326 564 832 1172 1204 1214 1335 1391 1821 1916 2096 2241 2435 2624 2655 2859 2987 3662 3828 3830 4118 4242 4826 4921
392	5	233	22	89 799 841 1032 1094 1115 1497 1590 2330 2567 2734 2844 3072 3482 3744 3749 3916 4002 4003 4266 4529 4583 4693 4860 4897 4907
395	33	147	22	90 332 676 717 965 1220 1367 1507 1686 1852 2000 2173 2389 2421 2477 2978 3277 3397 3700 3899 4079 4194 4544 4821 4867 4890
452	11	202	22	178 801 1011 1037 1129 1491 1603 1632 1729 1768 1929 1950 2119 2454 2558 3363 3874 3954 4431 4455 4688 4870
460	37	55	24	48 196 509 573 605 980 1030 1238 1329 1392 1540 1705 1789 1904 2375 2498 2747 2831 2855 3025 3119 3177 3452 4064 4787
561	36	64	24	122 162 228 324 373 576 629 978 1378 1432 1461 1987 2499 2620 2713 2770 3256 3413 3470 3838 3959 4692 4734
573	31	132	24	145 587 711 741 1059 1377 1715 2365 2529 2572 2830 3042 3073 3104 3141 3230 3257 3388 4345 4400 4529 4586 4688 4805
617	22	80	24	170 293 322 419 544 759 1255 1456 1463 1529 1829 2169 2313 2503 2817 2862 3041 3625 3639 3731 3815 3816 3853 3904 4841 4983
618	13	105	24	44 63 184 458 939 994 1271 1353 1821 2116 2225 2337 2762 3010 3014 3151 3736 3950 3961 4241 4263 4362 4450
620	14	17	24	426 794 1053 1699 1764 1798 1872 1888 2148 2205 2251 2477 2721 2807 2837 3155 3580 3665 3960 4060 4088 4448 4494 4571 4712 4962
693	34	187	24	515 722 847 853 1149 1184 1301 1693 1714 1768 1799 2495 2601 2632 2646 3421 3546 3657 3822 3868 4276 4313 4523 4556 4577 4833
6	12	129	24	227 336 405 439 484 918 1008 1167 1224 1355 1507 1539 1648 1932 2309 2452 3023 3093 3122 3275 3807 4084 4557
20	38	59	24	41 365 457 523 614 776 1172 1619 1723 2018 2355 2486 2626 2811 3181 3469 3624 3723 4181 4488 4562 4933
37	17	261	24	9 82 460 531 692 1028 1274 1669 1791 1867 2348 2354 2422 2443 2764 2766 3203 3448 3646 4131 4285 4505 4905
78	40	7	24	92 266 391 608 701 713 747 905 1140 1599 1745 1746 2366 2582 2660 2743 3535 3849 3984 4091 4135 4221 4808
80	20	290	24	65 659 695 1018 1422 1499 1840 2133 2242 2445 3069 3224 3283 3355 3391 3620 3886 3997 4171 4172 4460 4707 4893 4930
90	16	31	24	113 140 1106 1259 1346 1376 1590 1678 1690 1706 1749 1770 2067 2371 2771 2784 3264 3365 3496 3713 3746 4264 4453 4968 5000
91	19	277	24	200 815 860 1061 1085 1198 1205 1366 1528 1572 2033 2066 2110 2462 2919 3015 3172 3261 3560 3672 3729 3750 4370 4371 4777
111	24	93	24	270 574 812 831 854 993 997 1170 1480 2097 2416 2454 2470 2599 3063 3075 3107 3600 3613 3842 3907 4375 4677 4705 4957
115	8	22	24	491 835 1046 1163 1468 1568 1686 1708 1903 1957 2435 2468 2789 2989 3097 3120 3989 3990 4057 4348 4484 4653 4749
117	3	198	24	511 635 1063 1066 1283 1409 1567 1588 2012 2101 2154 2456 3340 3686 3855 4017 4259 4331 4420 4770 4816 4867 4900 4944
121	18	174	24	360 625 745 873 1907 2000 2065 2457 2794 2813 2947 3244 3426 3435 3579 3595 3691 4018 4085 4143 4227 4568 4885 4959
122	21	318	24	49 276 712 723 1049 1243 1682 1711 2220 2805 2959 3026 3081 3228 3268 3745 4024 4547 4592 4646 4690 4822
128	32	230	24	91 422 510 580 846 1098 1227 1266 1332 1367 1542 2011 2059 2129 2479 2581 3021 3047 3420 4410 4463 4520 4531
130	35	179	24	502 833 895 1112 1147 1251 1471 1605 1810 2047 2243 2577 2800 3430 3667 3892 3987 4152 4203 4572 4622 4916
133	2	305	24	269 783 863 973 1155 1247 1324 1415 1544 1759 2305 2547 2909 3447 3533 3539 3564 3748 4078 4432 4466 4567 4973 4997
148	30	222	24	5 62 256 594 730 733 877 1494 1728 1997 2136 2283 2508 2613 2819 3208 3964 4159 4581 4587 4667 4720 4738 4744
165	27	7	26	615 686 993 1424 1521 1580 1639 1681 1805 1841 2390 2404 2554 2778 2868 3131 3193 3263 3295 3444 3870 4197 4409 4584 4585 4810
178	7	170	24	51 363 886 909 911 1262 1279 1356 1570 1632 1671 1936 1991 2376 2483 3522 3689 3972 4011 4033 4309 4337 4551 4752 4855
184	26	172	24	20 27 100 143 735 1004 1144 1442 1843 1974 1983 2203 2284 2303 2610 2788 3084 3456 3717 4022 4102 4130 4515 4825 4871
193	29	226	24	88 321 487 496 609 891 904 925 1056 1214 1370 1964 2046 2163 2755 2995 3094 3395 3932 3992 4224 4286 4481 4561 4693
199	39	30	24	8 213 1278 1808 1844 1857 2042 2048 2288 2302 2359 2481 2554 2934 3500 3610 3825 3861 3926 3958 4034 4369 4853 4858 4883 4896
201	9	8	24	72 707 1026 1510 1598 1906 2087 2232 2871 2975 3000 3110 3345 3398 3475 3676 3843 3912 4358 4431 4496 4753 4809 4880 4920
207	4	165	24	29 268 342 350 687 782 1132 1157 2056 2211 2380 2780 2904 3123 3384 3885 3903 4005 4101 4714 4862 4974
261	1	256	24	25 229 583 729 855 953 963 1218 1384 1561 1707 2149 2208 2501 2536 3052 3415 3454 3608 3897 4296 4475 4591 4630 4644 4874
286	6	158	24	152 538 837 910 1021 1303 1462 1488 1496 1587 2254 2273 2645 2648 2923 2967 3297 3412 3547 3553 3656 3801 3877 4094
313	37	31	26	151 208 307 411 629 630 720 1082 1254 1623 1822 1955 2052 2524 2546 3125 3394 3447 3723 4039 4225 4305 4345
341	25	229	24	416 1041 1186 1194 1549 2092 2304 2430 2746 2822 3058 3335 3593 3774 3819 4059 4154 4726 4746 4804 4872 4914 4994
343	10	193	24	14 238 537 685 824 1014 1165 1253 1485 1646 1870 1894 2240 2460 2725 2854 2946 3369 4122 4220 4479 4527 4661 4813
347	28	155	24	103 117 450 673 926 1325 1335 1851 1920 2301 2385 2458 2719 2801 2838 3180 3210 3442 3531 3806 3870 3988 4378 4847
372	23	143	24	214 241 384 893 954 996 1119 1203 1231 1322 1326 2013 2132 2236 2884 3212 3697 3865 3973 4007 4234 4240 4465 4762 4934
394	15	65	24	52 252 527 848 849 933 1396 2002 2238 2699 2739 2829 3491 3509 3540 3567 3797 3998 4242 4318 4350 4634 4641 4785
422	5	113	24	784 1177 1458 1595 1834 1871 2177 2409 2737 2775 2889 2915 3114 3346 3658 3770 4269 4271 4417 4514 4792 4990
485	33	114	24	288 638 682 751 957 1611 1689 1695 1893 2229 2340 2383 2484 3328 3576 3626 3710 3789 3829 4148 4156 4604 4859
487	11	246	24	301 464 473 732 872 1123 1414 1563 1583 1679 1788 1792 1922 2017 2215 2344 2400 2423 2434 2793 3054 3378 3601 4218 4235 4328
492	36	297	26	165 169 664 743 788 904 972 1480 1787 1884 2050 2164 2273 2587 2657 2901 3418 3597 3645 3716 4019 4083 4121 4157 4405
503	31	294	26	148 900 1125 1171 1327 1441 1584 1716 1803 1949 2605 2676 2781 2836 3209 3610 4062 4239 4279 4389 4530 4798 4831
510	22	80	26	92 101 204 734 865 1068 1510 1541 1991 2376 2624 2699 2900 2925 3016 3198 3227 3468 3925 4009 4160 4353 4667 4708 4930
514	13	216	26	161 180 499 579 640 878 907 928 1069 1074 1316 1357 1447 1568 2584 2779 2908 3729 3867 4024 4079 4156 4230 4284 4526 4740
538	14	119	26	820 892 898 1039 1251 1468 1738 1778 2087 2366 2612 2693 2819 3035 3184 3594 3812 4034 4169 4324 4493 4542 4582 4840 5000
574	34	6	26	651 1025 1201 1446 1531 1592 1618 1708 1823 1843 2077 2106 2145 2163 2312 2544 2738 3168 3383 3511 3648 3888 4360 4609 4673
580	12	146	26	113 138 471 527 662 982 1607 1665 1797 1960 2196 2331 2395 2760 2802 3127 3235 3354 3698 3996 4095 4401 4718 4982
584	38	232	26	149 238 362 547 750 855 1241 1405 1543 1855 2396 2461 2722 2957 3048 3944 4178 4184 4443 4539 4641 4675 4681
586	17	295	26	13 124 296 382 556 821 832 1073 1134 1190 1398 1451 1612 1967 2450 2744 2810 3004 3204 3449 3461 4297 4592 4767 4904
595	40	306	26	331 460 657 661 770 890 1058 1177 1222 1270 2035 2182 2191 2815 3010 3089 3629 3704 3990 4053 4455 4670 4886 4969 4993
608	20	51	26	162 230 459 488 731 744 801 1195 1466 1585 1933 2338 2664 2873 2991 3129 3136 3659 3966 4138 4223 4504 4802 4880
627	16	220	26	198 333 451 472 870 1162 1795 1936 2570 2717 2730 2751 2817 2818 2881 3370 3495 3793 3991 4051 4092 4410 4866 4931
633	19	181	26	369 839 956 970 1333 1377 1816 1879 1950 2010 2049 2325 2332 2343 2463 2891 3252 3351 3553 3714 3817 3959 3985 4112 4192
655	24	12	26	7 39 141 188 533 553 768 924 1271 1297 1304 1601 1802 1986 2275 2482 2563 2682 2981 3496 3613 3837 3904 4511 4613
661	8	161	26	243 276 429 573 1161 1339 1970 2337 2339 2344 2428 2586 2601 2630 3177 3316 3625 3783 3892 4096 4161 4186 4287 4452 4811
682	3	90	26	74 212 975 1053 1248 1302 2021 2032 2048 2117 2285 2363 2410 2530 2621 2805 2826 2954 3088 3091 3276 3473 3478 4261 4806
691	27	90	28	422 513 560 963 1198 1307 1317 1404 1436 1474 2557 2576 2614 2646 2705 3276 3441 4040 4257 4346 4430 4719 4940 4999
9	18	286	26	159 214 327 361 669 1136 1164 1401 1423 1733 1776 2167 2867 3020 3144 3171 3472 3490 3619 4059 4337 4367 4981
21	21	245	26	315 591 1709 1891 2022 2098 2177 2258 2264 2301 2643 2849 3093 3100 3323 3349 3420 3578 3647 3660 3938
59	32	298	26	112 761 931 1114 1360 1524 1642 1756 2152 2425 2843 3509 4023 4164 4245 4506 4605 4699 4779 4848 4878 4913
69	35	346	26	73 81 133 872 894 1278 1359 1551 1566 1689 1754 2372 2373 2678 2734 2856 3517 3922 4106 4349 4657 4865
96	2	35	26	60 126 194 500 1034 1148 1352 1588 2247 2260 2318 2408 2523 2675 3090 3300 4065 4100 4375 4434 4932 4977
100	30	190	26	288 425 747 785 1180 1437 1463 1490 1808 2552 2785 2798 3070 3119 3226 3465 3599 3971 4088 4442 4532 4561 4674
106	7	77	26	156 197 297 439 491 838 1522 1969 2089 2519 2585 2635 2861 2982 3059 3192 3285 3471 3627 4311 4365 4621 4676 4861
110	26	331	26	106 524 545 607 1256 1379 1998 2355 2378 2823 3040 3201 3282 3289 3291 3562 3642 4277 4381 4490 4497 4925
147	29	325	26	1 27 520 1282 1342 1380 1671 1914 1995 2138 2277 2452 2761 2792 3373 3581 3681 3854 3983 4021 4243 4610 4791 4954 4976
156	39	207	26	80 286 381 854 1397 1520 1664 1682 1894 2174 2560 2708 2759 3274 3654 3720 3868 4097 4171 4205 4714
168	9	34	26	68 120 738 858 923 1334 1720 2074 2144 2412 2503 2516 2540 2990 3142 3218 3653 4155 4159 4369 4457 4495 4927
174	4	58	26	215 390 507 1208 1298 1549 1864 2005 2170 2190 2658 3156 3303 3343 3482 3863 3912 4082 4127 4150 4240 4295 4655 4750
177	1	172	26	309 386 659 718 792 1027 1138 1350 1638 2564 2705 2735 2863 3148 3344 3443 3460 3577 3973 4037 4473 4576 4845 4888
275	6	93	26	372 610 941 1149 1250 1258 1394 1552 1779 1804 1848 2072 2214 2262 2267 2859 3122 3185 3523 3887 3974 4357 4704
276	25	132	26	366 830 1016 1029 1230 1726 2669 3043 3105 3206 3239 3427 3439 3453 3942 4069 4118 4253 4482 4545 4970 4992
283	10	189	26	55 174 575 918 989 1023 1040 1313 1323 1384 1438 1472 1553 1598 1896 1954 1981 2296 2913 3326 3521 3916 4356 4771 4894
301	28	275	26	17 322 387 409 800 1116 1742 1915 1929 2093 2224 2234 2505 2579 3178 3183 3302 3614 3797 4232 4393 4759 4849 4875
306	23	309	26	432 663 697 967 1189 1197 1216 1570 1838 1899 2216 2642 2726 2765 2772 3279 3387 3409 3431 3836 3878 4040 4370 4477
333	15	108	26	751 983 1295 1353 1761 1798 1916 2055 2307 2333 2446 2497 2543 3028 3087 3232 3532 3891 4224 4312 4408 4761 4917
358	5	165	26	42 323 684 1077 1636 1661 1860 1930 1996 2270 3049 3287 3318 3348 3411 3426 3669 4038 4061 4662 4692 4820 4989
368	33	242	26	146 223 708 775 1160 1163 1244 1376 1498 1686 1700 1830 2040 2181 2456 2752 2824 3428 3731 4787 4898 4908 4948 4974
373	11	342	26	19 53 627 757 936 1209 1439 1445 1464 1634 2057 2367 2467 2665 2763 2784 2828 3154 3244 3342 3632 3761 4025
410	37	1	28	210 393 779 864 1097 1127 1522 1717 1828 2158 2232 2320 2403 2493 2809 2973 3678 3679 4403 4415 4555 4589 4667
428	36	83	28	25 61 389 1212 1408 1525 1723 2061 2657 2919 3214 3415 3452 3703 3707 3772 3841 3866 3921 4841 4945 4971 4997
430	31	46	28	861 929 1124 1381 1425 1693 2294 2345 2404 2499 2649 2739 2795 3025 3273 3640 3646 3706 4019 4044 4343 4416 4858
498	22	72	28	63 419 887 907 1100 1268 1318 1351 1550 1779 2196 2204 2806 2846 3051 3262 3477 3684 3959 4010 4091 4687 4942
520	13	25	28	20 190 571 642 814 1008 1633 1755 1786 2227 2310 2420 2435 2650 2732 2866 3355 3637 4320 4445 4607 4737 4856 4901
535	14	169	28	175 706 965 1221 1279 1304 1556 2354 2433 2680 2810 3234 3282 3300 3533 3549 3978 4080 4602 4785 4909
543	34	124	28	312 466 1648 1719 1889 2028 2511 3077 3101 3251 3338 3513 3523 3756 3861 4059 4083 4210 4640 4770 4827
565	12	242	28	220 403 483 548 670 711 741 824 829 1022 1171 1263 1589 1883 2108 2191 2844 3446 4063 4288 4439 4610 4884
568	38	249	28	22 59 107 240 323 715 922 926 1305 1492 1616 2369 2517 2728 3102 3379 3579 3604 4308 4559 4821 4922
572	17	115	28	399 515 709 853 896 994 1003 1010 1391 1762 2062 2110 2190 2638 2842 3572 3696 4272 4361 4627 4634 4694 4831 4873
589	40	304	28	111 258 533 608 635 739 1240 1315 1583 2014 2332 2373 2440 2455 3008 3471 3582 3590 3698 3748 3828 4330 4347 4558
611	20	87	28	144 689 1168 1396 1433 1483 1699 1737 1878 1901 2067 2071 2591 2607 3147 3515 4217 4413 4617 4773 4862 4899 4935
615	16	334	28	526 555 589 1184 1541 1975 2099 2581 2779 2900 2961 3136 3190 3543 3650 3746 3972 4006 4235 4302 4378 4746
631	19	233	28	72 553 616 1108 1265 1558 1581 1774 1897 2017 2194 2280 2512 2729 2767 2955 3661 3737 4478 4629 4734 4986
636	24	209	28	217 473 991 1162 1450 1530 1947 2252 2296 2311 2368 2397 2816 2920 3061 3069 3350 3461 3840 3844 3885 4364 4810
642	8	52	28	453 769 1310 1566 1609 2000 2089 2211 2220 2293 2312 2343 2566 2667 2761 3085 3450 3598 3824 3872 3951 4538 4730
679	3	23	28	33 648 1182 1339 1361 1362 1543 1652 1918 1923 1969 2198 2303 2342 2346 2564 3011 3044 3929 4524 4527 4619
692	18	236	28	128 236 304 713 972 1290 1782 2170 2553 2758 2969 3064 3681 3702 3775 3810 3870 3943 4138 4219 4268 4820 4918
697	21	300	28	147 278 308 542 771 1033 1192 1397 1736 1772 2063 2134 2255 2472 2672 2935 3010 3043 3181 3371 3850 4317 4698 4764
699	32	279	28	56 527 595 596 748 930 990 1334 1544 2219 2327 2341 2366 2411 2448 2849 3226 3272 3691 4086 4094 4724 4742 4854
44	35	98	28	173 310 655 730 1038 1078 1109 1531 2664 2853 2854 2859 2911 3068 3143 3517 3532 3754 3790 4151 4166 4196 4960
45	2	57	28	294 350 469 1044 1190 1604 1731 2469 2789 2926 3287 3556 3682 3863 3901 3965 4081 4491 4512 4518 4563 4621
61	30	198	28	281 358 703 1019 1267 1272 1309 1427 1457 1484 1639 1790 1970 3034 3212 3225 3334 3663 4399 4450 4594 4611 4678
99	7	53	28	64 408 873 1357 1421 1479 1488 1713 1911 2037 2868 3202 3308 3734 3793 3821 4102 4277 4757 4812 4881
119	26	282	28	16 150 345 729 806 856 908 1050 1763 2104 2706 3012 3022 3049 3242 3680 3909 4039 4193 4402 4405 4755
137	29	202	28	44 227 541 686 754 1018 1413 1431 1503 1712 2597 2780 2971 3419 4365 4472 4713 4788 4796 4864 4956
146	39	170	28	216 1385 1489 1952 2289 2423 2508 2655 2953 2975 3090 3241 3385 3615 3648 4144 4227 4238 4603 4614 4679 4893 4933
166	9	30	28	282 468 516 738 881 1074 1085 1536 1647 2166 2234 2836 3042 3175 3636 3871 3982 4053 4229 4264 4449 4477
194	4	225	28	155 787 912 1166 1286 1372 1447 1532 1549 1853 2049 2790 2865 3016 3269 3310 3409 3651 3736 3761 4244 4289 4706
202	1	160	28	423 518 995 1141 1200 1678 1859 2266 2302 2358 2648 2993 3275 3470 3588 3722 3749 3812 3815 4012 4212 4973
241	6	234	28	295 413 424 649 1016 1295 1571 1674 1729 1898 1962 1965 2040 2188 2413 2541 2813 3291 3475 3709 4488 4582 4754 4782
319	25	247	28	75 146 161 426 572 641 1176 1430 1669 1753 2177 2396 2544 2796 2802 3072 3083 3805 3822 3920 3934 3995 4105 4300
320	10	274	28	57 82 266 275 558 827 932 949 952 1287 1478 2186 2489 2756 2905 3635 3890 3975 4003 4807
345	28	200	28	55 62 362 402 615 762 1148 1534 1751 1974 2001 2030 2084 2231 2362 2712 2814 2821 3668 3715 4128 4255 4451 4616
351	23	47	28	19 35 314 445 481 840 1006 1045 1062 1338 1374 1650 1909 1973 2322 2383 2690 2936 3073 3924 4174 4628 4717 4756
378	15	314	28	851 1135 1185 1393 1692 2725 2804 2832 3114 3280 3416 3558 3654 3783 3876 4008 4164 4198 4648 4672
380	5	207	28	103 309 461 618 673 676 1067 1243 1569 1750 1811 2356 2774 2847 2958 3229 3233 4119 4126 4443 4458 4485 4680
391	33	136	28	1275 1402 1469 1486 1836 2360 2502 2647 2834 2838 3024 3054 3274 3299 3391 3456 3609 4153 4202 4211 4463 4520 4645
393	11	238	28	3 368 436 597 764 1341 1561 1562 1612 2082 2103 2269 2878 3095 3252 3303 3486 3594 3728 3848 3860 4250 4751
397	27	159	29	105 127 1116 1138 1166 1209 1763 1819 2174 2286 2587 2650 3009 3085 3507 3905 4222 4383 4505 4614 4618 4652 4758
404	37	238	29	645 716 867 984 1022 1135 1250 1724 1756 1823 1948 2072 2185 2480 2722 2929 3147 3219 4013 4659 4873
418	36	336	29	139 185 270 446 686 895 897 988 1418 1421 1464 2191 2269 2355 2695 3294 3333 4136 4340 4414 4657 4660 4747
446	31	109	29	129 232 533 1383 1530 1668 2308 2573 2976 3040 3408 3526 3554 3569 3587 3655 3691 3697 3878 4196 4588 4601
451	22	44	29	119 324 697 701 839 976 1207 1269 1807 2070 2368 2978 3046 3098 3111 3197 3326 3652 4077 4230 4362 4582
475	13	47	29	142 353 490 637 856 1100 1302 1313 1328 1360 1711 2102 2555 2954 3323 3449 3822 3864 3993 4107 4411 4570 4916
491	14	210	29	65 108 407 550 595 711 755 830 1008 1131 1529 2019 2148 2326 2635 3230 3243 3245 3386 3484 3511 3872 4081 4617
509	34	128	29	543 765 805 1111 1336 1614 1653 1732 2144 2381 2745 2751 2891 3666 3671 3722 3745 3763 3801 3806 3839 4146 4282
546	12	111	29	88 320 521 1682 1742 2031 2177 2195 2251 2402 2473 2535 2776 2804 2988 3057 3714 3817 4026 4325 4364 4572
550	38	75	29	177 508 819 1050 1321 1384 1947 2153 2199 2330 2537 2772 3013 3153 3158 3572 4359 4446 4506 4517 4816 4877
552	17	106	29	30 512 647 770 831 1183 1782 1908 2528 2600 2624 2696 2702 2943 3550 3793 4186 4424 4826 4854 4932
582	40	54	29	141 235 555 745 930 1168 1465 1594 1778 1854 2053 2243 2405 2670 2723 2731 3218 4049 4487 4558 4637 4885 4945
612	20	73	29	418 471 746 952 1087 1092 1155 1481 1602 1661 1836 1941 2934 3557 3622 3935 4091 4178 4451 4559 4794 4847
616	16	43	29	80 858 1024 1345 1378 1704 2187 2201 2558 2920 3161 3238 3309 3332 3374 3418 3903 3927 4213 4291 4363 4765 4852
674	19	332	29	121 143 167 188 399 506 1447 1676 1898 2244 2608 2609 2845 3271 3304 3354 3521 3567 3772 3855 4467 4732 4882
676	24	187	29	206 544 682 943 985 1013 1067 1579 2260 2305 2962 3289 3644 3782 4029 4168 4246 4283 4648 4703 4720 4857
686	8	188	29	303 347 902 1247 1603 1860 1956 2519 2652 3410 3518 3642 3677 3734 3787 4047 4192 4358 4396 4469 4809 4982
35	3	240	29	29 189 393 447 865 1163 2433 2667 2733 3072 3171 3237 3256 3278 3945 4254 4272 4546 4702 4740 4805 4841 4921
47	18	24	29	341 343 402 522 1201 1478 1575 1973 2006 2476 2680 3378 3790 3850 3869 4181 4183 4322 4461 4738 4756
52	21	26	29	305 727 817 1003 1273 1972 2316 2622 2677 2811 2871 2881 3056 3138 3211 3523 3614 3731 3985 3994 4266 4462
68	32	222	29	499 789 1254 1364 1504 2058 2692 3019 3195 3280 3470 3483 3505 3775 3984 4318 4343 4356 4367 4575 4778
88	35	177	29	444 599 1403 1525 1749 1803 1976 1985 2276 2334 2445 2580 2882 3324 3357 3541 4139 4304 4867 4881
102	2	141	29	85 654 1320 1712 1920 1926 1960 2112 2117 2124 2224 2911 3205 3566 3702 3718 3755 3852 4114 4215 4333 4899
132	30	239	29	6 31 356 391 487 784 1052 1081 1263 1502 1567 2297 2461 2778 3172 3273 4243 4328 4372 4464 4928
203	7	10	29	267 465 519 680 1365 1455 1932 2002 2051 2137 3127 3201 3451 3516 3539 3613 4158 4808 4920 4939
215	26	97	29	148 239 248 369 464 1031 1580 1945 2004 2364 2497 2592 2774 3209 3284 3409 3412 4313 4381 4415 4579 4683 4691
220	29	208	29	173 237 450 742 938 947 1017 1234 1236 1537 1925 2024 2361 2507 2683 3606 4226 4366 4653 4695 4955
235	39	60	29	67 81 174 438 615 662 1159 1520 1535 1812 1900 2598 2655 2950 3247 3272 3639 3904 4597 4769
244	9	271	29	360 414 766 959 1379 1411 1469 1616 1736 1846 2135 2564 2565 2640 2750 2952 3372 3940 3973 4352 4404 4911
252	4	149	29	54 569 1043 1113 1226 1440 1515 1599 1710 1714 1901 2606 2618 3035 3565 3711 3736 3922 4016 4072 4753 4883
258	1	1	29	102 705 1148 1412 1646 1780 1879 2239 2320 2713 2867 2883 2928 4225 4434 4745 4821 4891
279	6	179	29	234 281 372 639 732 1180 1255 1406 1903 2291 2385 2458 2556 2717 2762 3177 3199 3709 3893 4163
284	25	133	29	133 203 326 401 1178 1233 1675 2183 2215 2232 2827 2890 2991 3022 3108 3489 3498 3900 3907 4308 4665 4856 4942
285	10	243	29	425 614 797 1007 1035 1330 1335 1482 2345 2518 2645 2726 2755 2993 3213 4131 4166 4317 4326 4351 4439 4616
288	27	44	30	193 1016 1179 1297 1514 1571 1610 1990 2108 2293 2432 2729 3011 3438 3527 3946 4115 4267 4354 4799
339	28	87	29	179 301 545 706 790 924 1235 1733 1847 2044 2441 2975 3095 3319 3742 3914 4269 4299 4622 4723 4783 4993
385	23	312	29	166 284 502 660 728 1998 2392 2596 2765 2997 3037 3133 3501 3564 4556 4636 4736 4855
389	15	95	29	536 577 613 751 1282 1565 1663 1899 2382 3208 3335 3459 3789 3853 4126 4188 4248 4830 4903
401	5	285	29	224 661 1027 1102 1253 1398 1532 1692 1933 1957 1964 2012 2927 3165 3495 3610 3911 3948 4167 4948
429	33	204	29	95 472 594 679 747 848 1660 1977 1992 2825 2963 2980 3042 3082 3117 3348 3589 4085 4287
483	11	104	29	317 455 500 583 813 1038 1041 1096 1388 1560 1802 2212 2384 2689 3143 3366 3504 3647 3844 4020 4489 4793
496	37	131	30	58 634 650 733 973 1107 1239 1402 1505 1655 1809 1888 2267 2756 2800 2817 2960 3038 3782 4454 4522 4835
507	36	338	30	351 1263 1298 1364 1381 1689 1977 2532 2615 2774 2843 3188 3586 3738 4082 4198 4260 4393 4852 4885 4981
522	31	5	30	111 218 376 612 685 828 1105 1719 1976 2197 2392 2606 2938 3376 3383 3706 3718 3847 3982 4201 4271 4705
539	22	58	30	44 1158 1234 1419 1423 2037 2315 2337 2391 3021 3680 3879 3883 4109 4121 4363 4389 4548 4676 4779 4908 4916 4980
603	13	33	30	90 128 398 792 894 1098 1228 1280 1553 1791 2168 2527 2950 2957 3536 3596 3808 4122 4129 4137 4205 4325 4914
10	14	248	30	71 213 554 556 631 699 752 845 1889 1980 2069 2194 2356 2428 2885 3236 3382 3483 3708 4063 4781 4817
120	34	16	30	4 407 519 818 978 1156 1369 2010 2305 2382 2516 3137 3532 3835 3923 4291 4310 4426 4972
176	12	344	30	815 1216 1340 1485 1531 1842 1857 1877 1891 2221 2393 3414 3719 3758 4030 4341 4753 4778 4970
208	38	128	30	77 539 644 931 1206 1308 1382 1487 1688 1863 2099 2160 2204 2228 2256 2415 2719 3227 3480 3653 3669 4000
250	17	296	30	445 606 767 835 923 1030 1144 1374 1665 2026 2526 2955 3184 3251 3437 3451 3798 4132 4297 4386 4814
256	40	138	30	236 507 548 647 732 862 889 1130 1314 1507 2409 3126 3360 3485 3497 3947 4178 4863 4933 4965
304	20	191	30	9 403 435 618 744 808 826 1132 1343 1894 1953 1966 1994 2155 2685 3073 3347 3617 4767 4875
325	16	99	30	663 785 911 914 1119 1606 1651 1824 1926 2482 3326 3445 3457 3894 4256 4579 4587 4628 4718 4765 4800
338	19	298	30	181 186 758 783 1056 1186 1598 1800 1978 2492 2801 2918 3183 4166 4388 4398 4580 4652 4977
353	24	110	30	35 45 298 353 844 884 953 1303 1658 1765 1790 2162 2454 2577 2937 3023 3498 3968 4606 4951
433	8	281	30	106 176 332 336 390 654 763 1218 1564 1748 1796 2289 2291 2943 3144 3263 3311 3417 4135 4547 4721 4812
440	3	146	30	1 167 205 335 681 958 1270 1428 1599 1806 1999 2390 2512 2590 2870 2877 3024 3067 3752 4293 4840 4985
489	18	9	30	230 250 327 348 562 806 992 1330 1486 1532 1913 2173 2465 2804 2828 2992 3511 4295 4306 4447 4952
508	21	32	30	620 1139 1235 1415 1628 1629 1676 1734 1783 2002 2509 2707 2746 2959 3340 3554 3635 3793 3810 4057 4264 4274
512	32	292	30	344 691 979 1380 1832 1922 2489 2560 2797 2956 3029 3259 3322 3673 3707 3754 4266 4570 4802 4834
533	35	254	30	281 420 944 1539 1570 1644 1728 1757 1782 1873 2115 2286 2683 2704 3608 3627 3872 3929 3939 3950 4913
585	2	72	30	87 551 1277 1322 1395 1405 2248 3046 3200 3324 3377 3389 3581 3656 3829 3961 4218 4334 4463 4612 4983
602	30	186	30	643 963 1271 1622 1626 1777 2243 2324 2338 2665 2755 2757 2964 3071 3309 3526 3737 3852 3911 3919 4988
698	7	276	30	302 693 710 728 1296 1917 1961 2214 2507 2553 2589 2617 2630 2813 2866 3081 3305 3430 3645 4755
72	26	151	30	796 934 1066 1309 1433 1491 1656 1986 2283 2868 2995 3015 3687 3832 3917 4136 4147 4153 4475 4747
101	29	27	30	3 760 857 1449 1636 2055 2327 2641 2701 3033 3205 3381 3957 4176 4265 4679 4706 4741 4851 4979
154	39	133	30	628 903 995 1221 1320 1588 1703 2100 2114 2381 2386 2511 3240 3881 3987 4048 4299 4430 4655 4944
209	9	328	30	448 951 1057 1244 1347 1951 1983 2600 2673 2764 3058 3132 3429 3679 3695 3840 4016 4251 4433
217	4	74	30	13 214 1188 1580 2062 2458 2475 2495 2562 2657 3003 3228 3327 4373 4419 4485 4542 4581 4620
231	1	178	30	278 318 319 415 787 1461 1640 1813 2106 2376 2700 2897 3134 3171 3198 3820 3941 4308 4768 4813
255	27	344	27	19 1745 1796 1900 2077 2306 2830 2917 3067 3320 3364 3459 3553 3809 4044 4163 4339 4397 4672 4683 4755
265	6	180	30	291 433 687 858 1370 1512 1555 2523 2889 3344 3432 3525 3622 3675 3744 3873 4011 4477 4545
293	25	250	30	476 827 1501 1740 2041 2319 2451 2500 2503 2644 2853 3083 3421 3500 3651 3715 4400 4448
431	10	346	30	74 295 765 803 1002 1043 1327 1981 2301 2522 2697 3042 3210 3568 3665 4229 4247 4279 4515 4762 4892
471	28	341	30	253 573 981 1031 1217 1625 1780 1892 1942 2274 3034 3260 3285 3464 3670 3824 4149 4525 4771 4819 4971
518	23	197	30	450 619 1159 1245 1673 2029 2833 2840 3075 3478 3564 3765 3777 3785 4084 4124 4155 4436
556	15	154	30	168 501 757 989 1473 1527 1575 2229 2357 2753 2850 3052 3542 3668 3880 3920 4066 4276 4284 4387
560	5	196	30	462 664 789 847 1042 1126 1304 1860 2119 2384 2552 2638 3028 3367 3369 3433 3722 3723 3784 4288 4823
652	33	291	30	95 277 544 598 1088 1398 1695 1861 1928 1935 1969 2016 2789 3020 3068 3630 3659 4039 4394 4776
4	11	297	30	10 379 517 633 1319 1642 1667 2124 2130 2269 2591 2922 3492 3614 4100 4537 4731 4801 4996
33	27	213	25	157 426 514 616 1662 1773 1856 1993 2087 2164 2793 3037 3074 3255 3501 3533 3700 3758 3970 4398
40	27	272	23	43 201 341 538 854 1118 1437 1566 1713 2875 3068 3307 3322 3699 3827 3962 4404 4482 4756 4985
57	27	288	21	404 1403 1449 1626 1775 1853 2012 2802 3169 3253 3376 3439 3595 4015 4031 4037 4274 4666 4876 4901
116	27	331	19	121 229 277 311 342 837 955 1235 1256 1509 3300 3362 3400 3886 3963 4126 4217 4479 4607 4711
131	27	345	17	247 269 530 680 950 1029 1259 1371 1731 1800 2151 2271 2583 2794 3795 3889 3922 4114 4227 4822
170	27	120	15	18 291 325 471 574 923 1023 1123 1550 2067 2154 2668 2940 3163 3333 3356 3681 4180 4262 4765
171	27	237	13	45 360 400 1005 1458 1724 2116 2432 2505 2843 2898 3112 3356 3360 3423 3563 3708 4047 4140 4261
211	27	270	11	203 482 606 764 771 1344 1664 1904 2329 2736 2855 3424 3620 3673 3733 3764 3795 3874 4115 4161
282	27	50	9	121 531 1123 1219 1341 2020 2402 2666 2720 3156 3342 3442 3534 3908 3966 3979 4528 4772 4775 4780
291	27	21	7	70 361 602 634 726 765 964 1105 1296 1391 1469 1767 1935 1956 2449 2588 3429 3607 4861 4951
321	27	171	5	96 126 131 192 582 816 1127 1207 1700 2199 2392 2905 3141 4111 4188 4360 4569 4844 4954 5000
349	27	217	3	90 262 498 538 559 737 893 1361 1448 1814 2388 2778 2998 3288 4454 4741 4750 4942 4969 4976
396	27	281	1	82 99 104 108 109 110 119 404 1768 2077 2147 2542 2856 3713 3930 4190 4281 4390 4783
441	37	292	27	4 433 442 479 960 1519 1574 2086 2550 3128 3241 3372 3539 4132 4169 4577 4650 4796 4899 4998
454	37	256	25	305 639 882 1504 1521 2127 2163 2167 2245 2251 2328 2532 2573 3371 3493 3518 3718 3837 4509 4978
480	37	103	23	455 836 1153 1259 1426 1454 1842 1968 2046 2109 2231 2261 2623 2965 3549 3677 4090 4422 4548 4630
542	37	173	21	47 120 189 225 1244 1545 1735 2032 2272 2533 2944 3494 3659 3807 3895 3982 4378 4698 4816 4869
647	37	318	19	303 345 459 858 946 1023 1063 1168 1210 1411 1899 3424 3529 3622 3635 4078 4116 4609 4807 4887
649	37	280	17	546 580 1169 1246 1405 1511 1666 1870 1880 2207 2663 3163 3268 3348 3705 3901 4077 4267 4345 4474
700	37	276	15	46 85 252 509 769 813 921 997 1288 1857 1942 2132 2936 3406 3683 3919 3951 4671 4923 4979
84	37	289	13	530 598 988 1199 1343 1524 1651 1971 1990 2273 2522 2539 2578 3649 4130 4159 4213 4740 4797
206	37	49	11	480 1065 1238 1927 2114 2590 2593 2664 2815 3370 3448 3603 3819 3943 4268 4373 4389 4699 4756
223	37	309	9	289 431 700 1220 1288 1305 1306 1380 1590 2222 2233 2272 2385 3101 3109 3492 3846 4110 4909
225	37	109	7	142 263 454 514 1066 1190 1645 1815 2242 2315 2530 3650 3732 3949 4075 4087 4103 4563
274	37	70	5	437 593 912 1324 2122 2124 2176 2349 2620 2695 2928 2970 3057 3200 3262 4003 4108 4291 4438
277	37	36	3	54 94 649 674 721 722 1543 1591 2408 2715 2875 2945 3387 3641 3702 4625 4662 4743 4907
296	37	167	1	76 466 556 726 1106 1423 1554 1794 1833 1979 2129 2397 2634 3099 3479 3762 3863 4013 4380
335	36	301	27	23 352 1494 1739 1908 2178 2186 2569 2705 3469 3692 3739 3791 3862 4096 4324 4381 4512 4898
424	36	216	25	67 964 1062 1451 1482 2038 2112 2388 2955 3202 3217 3881 3964 3969 4024 4062 4553 4598 4611
478	36	337	23	11 141 396 531 736 875 942 1281 1882 2237 2442 2763 2802 2858 3082 3433 3896 4162 4696
669	36	37	21	10 83 260 565 956 1055 1192 1429 1769 2069 2082 2449 2734 2784 3210 3441 4065 4417 4575
675	36	23	19	107 349 510 1268 2292 2452 2639 3316 3344 3394 3518 3661 3664 3729 4220 4282 4304 4425 4559
42	36	120	17	69 1052 1372 1509 1999 2026 2169 2380 2533 3199 3233 3305 4113 4133 4335 4342 4711 4722
103	36	219	15	400 543 901 929 1917 2249 2565 2642 2720 3743 3883 4202 4352 4580 4766 4778 4876
377	36	287	13	571 1181 1805 1831 1941 2005 2017 2075 2159 2162 2247 2821 2833 2965 3081 3759 4292 4384
408	36	3	11	472 1092 1100 1179 1800 1811 2059 2297 2994 3065 3361 3509 3711 3792 4036 4491 4737 4783
415	36	25	9	51 777 805 1179 1633 1700 1741 1821 2263 2408 2533 2591 2851 3875 4252 4543 4950
439	36	62	7	179 488 589 749 808 1759 2474 2573 2956 2995 3000 3014 3114 3473 4503 4705 4836 4944
458	36	9	5	412 1405 1728 1817 1839 1849 1866 2081 2298 2379 2826 3380 3567 4292 4554 4685 4858 4935
464	36	211	3	195 198 1314 1563 1578 1609 1825 2080 3176 3180 3213 3338 3694 3790 4530 4555 4556 4635
481	36	79	1	500 579 640 799 1102 1371 1617 2075 2257 2282 2723 2785 2869 2963 3913 3954 4392 4660
660	31	139	27	38 58 77 980 1120 1132 1584 2541 2637 2653 2669 3535 3687 4124 4179 4533 4550 4933
36	31	15	25	828 977 1077 1132 1574 1788 1853 2081 2417 2582 2607 3100 3152 3167 3730 3788 4677
50	31	290	23	21 298 1018 1393 1498 1633 2256 2526 2681 3447 3761 3980 4060 4203 4314 4552 4637
54	31	192	21	94 375 619 899 1071 1349 1413 1471 1818 2311 2485 2631 3582 3787 4456 4755 4981
436	31	320	19	323 970 1326 1567 1854 1952 2464 2471 2893 2901 3193 3278 3611 3899 4332 4419 4657
455	31	241	17	310 1174 1839 1921 1940 1964 2618 3007 3425 3471 3784 3832 4047 4837 4862 4879
474	31	203	15	184 404 1116 2203 2401 2593 2904 3051 3078 3148 3374 3612 3724 3728 4307 4478 4662
505	31	152	13	222 583 604 773 810 1041 1310 2210 3131 3246 3627 3745 3840 3869 3937 4532 4666
547	31	21	11	54 109 386 532 653 1110 1337 1806 2010 2031 2147 2457 2896 3341 3815 4091 4340
604	31	269	9	265 771 1734 1750 1937 2586 3112 3121 3208 3253 3292 3557 4282 4523 4605 4663 4984
634	31	348	7	105 877 1673 2111 2115 2220 2661 2941 3038 3051 3059 3983 4055 4190 4243 4955
41	31	22	5	132 257 664 746 981 1161 1277 1432 1535 1715 1725 2262 3145 3916 4295 4775
581	31	150	3	828 1094 1368 1476 1533 2221 2371 2512 2623 2824 3436 3894 4005 4266 4335 4572
635	31	19	1	182 863 911 1139 1188 1488 1741 2196 2363 2513 2536 3064 3240 3705 3803 4516
657	22	223	27	264 313 1044 1352 1399 1704 2249 2373 2725 2953 3120 3175 3683 4595 4651 4747
2	22	123	25	130 287 423 868 881 1022 1593 2114 2490 2733 3462 3873 4632 4757 4822
175	22	67	23	125 376 1103 1286 1342 2357 2360 3279 3313 3381 3405 3925 4034 4923 4980
376	22	189	21	222 341 364 914 1377 3178 3292 3392 3591 3700 3907 3988 4578 4679 4931
