Course	Room	Teacher	Time	Students
591	30	189	2	86 402 900 1123 1387 1424 1508 1533 1560 1583 1742 1904 2134 2153 2298 2466 2502 2508 2684 2785 2997 3084 3187 3202 3505 3593 3617 3779 3987 3988 4023 4079 4245 4524 4592 4617 4643
656	35	48	2	37 51 117 137 376 427 606 632 668 674 744 855 1071 1088 1275 1409 1567 1810 2005 2100 2135 2337 2338 2357 2395 2423 2442 2443 2680 2940 2967 3354 3564 4181 4383 4398 4400 4584 4655 4930 4944
329	39	36	2	183 314 381 626 685 790 810 833 888 1108 1150 1478 1564 1643 1650 1707 1713 1762 1846 1966 2202 2425 2696 2920 3010 3061 3426 3570 3666 3686 4082 4473 4492 4552 4712 4772 4984
350	20	73	2	55 64 88 203 282 603 621 689 732 1021 1500 1603 1740 1746 1770 1796 1876 1879 2027 2045 2128 2375 2760 2818 2925 3219 3475 3584 3622 3749 3871 3901 3939 4022 4254 4433 4434 4459 4905
648	1	234	2	74 136 186 523 730 735 764 777 784 816 875 957 1225 1250 1297 1772 1800 1976 2191 2671 2694 3137 3313 3724 3890 4273 4336 4491 4536 4551 4705 4717 4797 4960
410	22	99	2	34 229 511 540 721 729 907 1065 1186 1435 1645 1689 1788 2013 2040 2041 2275 2531 2863 3120 3204 3283 3327 3434 3438 3803 3972 4066 4115 4172 4593 4632 4821 4822 4919 4991
492	37	12	2	15 222 231 338 563 604 659 805 838 867 1027 1133 1188 1259 1483 1562 1693 1842 1878 2256 2582 2963 3009 3113 3175 3177 3271 3353 3540 3832 3924 4255 4278 4323 4424 4476 4670 4968 4979
669	32	196	2	58 146 250 267 268 591 592 616 692 746 813 940 1055 1080 1172 1202 1350 1442 1504 1671 1804 1843 1857 2039 2142 2244 2596 2980 3082 3378 3534 3549 3664 3720 3998 4600 4612 4734 4964 4974
12	17	168	2	46 459 543 676 812 899 977 1038 1147 1178 1204 1213 1397 1405 1413 1722 1797 2172 2195 2379 2635 2868 2946 3045 3310 3401 3406 3420 3487 3612 3625 3649 4206 4329 4416 4576 4599 4794 4868
84	6	267	2	214 245 289 296 447 520 522 765 795 821 1066 1091 1700 2071 2102 2586 2595 2720 2761 2855 2918 3073 3224 3324 3444 3588 3603 3721 3830 4127 4195 4591 4695 4817 4911 4948
127	12	315	2	25 54 425 757 860 1083 1124 1126 1240 1324 1334 1451 1452 1557 1616 1658 1684 1909 1963 1977 2542 2585 2731 2830 2842 3076 3107 3170 3173 3508 3510 4048 4139 4257 4332 4475 4755
178	8	333	2	178 280 532 617 976 1008 1477 1481 1636 1794 1809 2019 2060 2230 2310 2533 2759 2843 2991 3001 3038 3119 3301 3331 3533 3614 3653 3679 3716 3800 3914 3918 4029 4031 4040 4133 4194 4500
263	27	163	2	20 215 278 297 337 428 542 677 924 931 1040 1170 1185 1341 1382 1441 1620 1847 1940 2082 2205 2606 2662 2859 3003 3302 3320 3387 3691 3696 3739 4221 4609 4640 4679 4907
269	14	44	2	124 265 323 360 536 541 864 1064 1187 1190 1194 1386 1449 1807 1964 2141 2247 2259 2747 2763 3146 3343 3362 3386 3390 3435 3467 3484 3488 3545 3596 3598 3610 3736 3868 3990 4523 4677 4700 4749
319	29	137	2	192 270 284 444 516 578 614 906 1044 1205 1446 1549 1556 1668 1733 1886 1915 2206 2449 2700 2749 3140 3141 3326 3526 3608 3674 3815 4076 4091 4328 4377 4425 4554 4603 4732 4832
457	5	8	2	184 412 513 577 636 681 933 979 993 1003 1019 1307 1362 1550 1656 1711 1825 2334 2650 2852 2886 2899 3042 3083 3297 3513 3611 3818 3946 4197 4300 4451 4457 4736 4767
121	34	247	2	28 261 646 663 753 802 853 876 1287 1570 1755 1937 2063 2176 2240 2283 2362 2594 2683 2707 2730 2866 2893 3015 3292 3446 3454 4020 4174 4203 4489 4669 4719 4771 4844 4880
369	10	256	2	202 207 223 1127 1199 1211 1304 1315 1462 1467 1816 2008 2076 2221 2691 2792 2968 2996 3014 3077 3257 3330 3619 3829 4311 4348 4354 4391 4436 4546 4560 4808 4932 4958
687	26	293	2	345 580 711 1033 1505 1591 1751 1839 1928 2010 2203 2292 2384 2420 2562 2589 2601 2627 2705 2973 3067 3252 3262 3573 3650 3692 3797 4123 4225 4265 4312 4358 4751 4916 4976
119	7	62	2	311 312 410 672 950 1017 1368 1393 1434 1480 1743 1980 2131 2136 2301 2386 2441 2540 2569 2626 2666 2704 2851 3228 3249 3278 3519 3656 3999 4055 4149 4412 4507 4776 4980
483	33	303	2	8 94 119 164 204 320 375 570 809 835 1060 1069 1076 1214 1327 1343 1399 1445 1537 1617 1644 1897 2047 2380 2460 2789 3908 4105 4303 4403 4532 4574 4826 4853 4877
563	11	5	2	47 59 120 148 501 533 742 783 1295 1534 1652 1871 1912 1927 2123 2260 2315 2427 2458 2608 2797 2877 3515 3531 3669 3894 3903 3949 3982 4024 4216 4234 4479 4601
677	24	87	2	105 234 260 678 691 756 767 936 1009 1103 1360 1371 1548 1609 1953 1979 2080 2199 2266 2445 2528 2568 2655 2908 3065 3156 3222 3236 3282 3322 3337 3655 3804 4191 4239 4376 4544 4760
680	3	10	2	210 419 648 896 968 1158 1181 1432 1763 1988 2028 2031 2081 2229 2333 2498 2536 2653 2917 3064 3138 3235 3248 3442 3457 3465 3470 3682 3750 3754 3947 4309 4606 4646 4660 4774 4909
117	9	195	2	40 98 107 139 818 877 1226 1257 1308 1457 1604 1638 1786 1835 1845 2059 2161 2368 2376 2735 2738 3089 3166 3332 3490 3672 3738 3861 3910 4037 4045 4109 4327 4502 4867 4931
154	21	325	2	13 194 197 408 431 492 530 883 991 1269 1542 1592 1599 1795 1991 2021 2097 2306 2307 2475 2778 2780 2794 2958 3017 3035 3247 3555 3606 3943 4041 4046 4060 4199 4803
357	15	94	2	43 151 171 366 597 709 747 820 895 1029 1267 1575 1648 1771 1774 1971 2114 2369 2648 2654 2719 2739 3020 3256 3379 3838 3881 3919 4126 4467 4480 4482 4589 4659 4917
172	23	81	2	259 450 602 1149 1412 1455 1518 1598 1611 1623 1712 1748 1805 1823 2091 2273 2388 2422 2430 2551 2637 2736 2796 3352 3415 3477 3897 4295 4352 4421 4647 4675 4756 4884
246	40	66	2	387 930 935 1137 1198 1235 1301 1345 1538 1587 1872 1985 2077 2116 2286 2610 2974 3036 3055 3095 3106 3185 3203 3260 3273 3367 3899 4036 4067 4200 4314 4387 4503 4559 4671 4847 4941
332	16	248	2	44 56 70 116 158 317 346 986 1079 1106 1421 1541 1574 1992 1996 2179 2411 2839 2910 3174 3299 3361 3634 3637 3695 3865 4005 4125 4145 4286 4498 4813 4902 4978 4998
340	31	332	2	27 110 169 357 434 529 590 841 997 1111 1373 1383 1585 1708 2044 2110 2127 2209 2339 2471 2898 2938 2941 3005 3351 3495 3500 3567 3671 4148 4470 4535 4879 4992
389	2	136	2	138 195 263 309 325 334 661 806 834 918 983 1057 1061 1361 1404 1493 1496 1629 1821 2228 2510 2674 2827 2924 3069 3114 3220 3237 3538 3699 4078 4130 4222 4486 4579
415	18	2	2	17 32 53 61 112 241 476 688 994 1096 1492 1654 1776 2188 2481 2956 2984 3104 3155 3162 3179 3295 3314 3499 3777 3809 4021 4240 4380 4580 4665 4806 4945
426	25	19	2	35 496 508 545 573 638 776 780 845 921 1046 1056 1285 1465 1605 1724 1811 1838 2145 2156 2257 3445 3602 3817 3857 4215 4218 4417 4558 4577 4598 4602 4624 4649 4777
448	36	72	2	306 413 822 840 857 926 1031 1182 1237 1698 1855 1863 1901 1949 2030 2169 2262 2312 2552 2571 2744 2993 3118 3131 3265 3607 3659 3711 3766 3906 4063 4375 4439 4586 4972
459	13	175	2	67 170 481 720 796 953 1195 1330 1613 1706 1765 1767 1793 1905 2265 2287 2344 2412 2457 2577 2580 2751 2847 3360 3762 3814 3935 3969 4010 4359 4493 4519 4561
567	4	230	2	133 167 237 470 566 572 733 755 871 1201 1799 1967 2003 2035 2056 2198 2439 2631 2755 2833 2971 3325 3340 3413 3437 3539 3923 4204 4251 4633 4653 4701 4828
15	19	206	2	3 684 697 708 1100 1128 1524 1530 1540 1653 1916 2167 2496 2590 2750 2965 3054 3152 3546 3552 3638 3746 3925 4095 4104 4190 4326 4415 4527 4762 4894 4942
18	28	83	2	92 331 494 652 884 1156 1317 1337 1488 1586 1633 1925 1930 2066 2069 2237 2345 2670 2976 3391 3463 3701 3723 3760 3813 3915 3929 4007 4117 4188 4648 4748 4802
41	38	209	2	290 316 340 382 561 770 851 1192 1197 1212 1472 1582 1785
98	30	268	4	255 292 331 436 604 719 796 1029 1133 1311 1377 1408 1605 1720 1777 1873 2463 2519 2549 2668 2777 2793 2939 3022 3070 3309 3350 3365 3800 3960 4353 4453 4517 4720 4894
116	35	55	4	371 395 491 555 872 1139 1244 1451 1613 2004 2268 2314 2417 2531 2680 2807 2950 3245 3409 3447 3688 3744 3807 4121 4399 4579 4612 4654 4683 4783 4851 4900 4952 4953 4955
203	39	161	4	50 228 568 956 978 988 1028 1059 1078 1273 1579 1619 1725 1737 2126 2143 2298 2684 3019 3132 3357 3406 3498 3682 3818 3920 4074 4099 4143 4337 4624 4902
242	20	183	4	410 753 968 1329 1372 1597 1830 1880 1988 2028 2096 2132 2213 2253 2726 2869 2880 2885 2982 3053 3086 3372 3567 3597 3605 3852 3998 4051 4117 4224 4254 4405 4515 4618 4989
244	1	190	4	176 249 288 382 399 565 682 764 943 984 1670 1734 2168 2317 2362 2697 2837 2864 3156 3269 3294 3440 3704 3731 3865 3976 4326 4371 4432 4692 4801 4871 4912 4954
255	22	244	4	22 161 465 556 597 792 868 881 918 929 931 1009 1145 1219 1292 1460 1495 1882 1964 2658 2724 2743 2875 3099 3121 3461 3528 3727 3925 3994 4472 4526 4560 4703
313	37	100	4	6 172 227 309 576 1214 1446 1484 1539 1544 1572 1641 1687 1695 2109 2196 2234 2282 2342 2819 2943 3186 3199 3389 3543 3719 3766 4015 4089 4145 4188 4461 4535 4655
398	32	315	4	21 31 112 163 174 534 616 624 919 955 1167 1249 1299 1332 1673 2014 2492 2774 2890 3150 3206 3224 3241 3891 4057 4069 4351 4413 4450 4778 4849
455	17	6	4	14 170 291 517 594 650 1115 1195 1350 1415 1424 1852 1927 2325 2471 2506 2521 2700 2792 2828 3355 3481 3765 4056 4160 4233 4306 4343 4757 4893
456	6	191	4	52 167 361 659 846 1047 1258 1287 1755 1949 1965 2399 2405 2861 2998 3122 3138 3160 3181 3219 3363 3686 3914 3930 3959 4092 4409 4547 4731 4804 4967
515	12	5	4	391 400 475 483 506 617 1012 1215 1239 1251 1291 1531 1694 1800 1816 2190 2297 2554 2599 3189 3281 3421 3429 3621 3782 3921 4027 4130 4325 4416 4462 4511 4835
540	8	230	4	26 96 107 121 508 515 610 779 972 985 1053 1122 1154 1171 1359 1874 1887 1903 2407 2489 2497 2686 2737 3093 3312 3623 3826 4096 4227 4292 4420 4717 4890 4936
592	27	255	4	147 162 600 747 819 861 1019 1356 1467 1692 1758 1807 1904 1976 2068 2150 2326 2511 2638 2761 3231 3252 3336 3360 3876 4022 4554 4710 4772 4878 4951
631	14	200	4	74 346 360 537 649 1175 1490 1681 1769 1891 1953 2018 2060 2137 2269 2415 2526 2534 2740 2752 2822 2833 2842 3243 3263 3484 3872 3909 4019 4295 4415 4888
634	29	37	4	245 314 367 559 737 860 1092 1130 1197 1345 1363 1370 1622 1674 1676 1951 2124 2285 2669 2673 2825 3359 3593 3737 3814 4123 4189 4240 4281 4319 4566 4694 4799 4861
643	5	13	4	299 523 542 637 930 1120 1242 1402 1450 1517 1931 2071 2152 2223 2397 2470 2525 2575 3061 3205 3257 3392 3544 3767 3811 4017 4390 4463 4716 4726 4786 4829 4969
682	30	200	6	77 303 518 607 1152 1356 1390 1468 1529 1968 1979 1985 2009 2155 2224 2415 2470 2708 2716 2831 2845 3135 3284 3440 3784 3918 3933 3952 3972 4195 4210 4285 4350 4814
5	34	175	4	409 452 481 613 648 814 1014 1237 1543 1698 1790 1810 1897 1954 2076 2107 2357 2392 2746 2830 3248 3381 3604 3667 3673 4010 4046 4065 4100 4111 4113 4891
21	10	24	4	56 443 531 569 634 781 1221 1442 1477 1558 1625 1672 1697 2033 2051 2058 2165 2371 2442 2466 2613 2886 3117 3287 3670 4000 4073 4508 4719 4765 4978
63	26	74	4	4 41 298 468 888 903 1298 1420 1486 1493 1955 2100 2119 2136 2204 2305 2457 2744 2947 2979 3253 3595 3842 3851 4004 4007 4107 4124 4206 4438 4548 4738
141	7	125	4	193 321 411 736 809 817 1088 1193 1236 1410 1630 1713 1804 1809 2294 2693 2764 2853 3144 3198 3298 3376 3466 3550 3692 3728 3988 4020 4317 4750
161	33	73	4	60 76 138 209 425 788 855 941 1030 1640 1748 1808 1935 2055 2359 2416 2576 2704 2725 2765 2806 3031 3060 3077 3143 3221 3250 3759 3874 3975 4288 4755 4928 4974
186	11	350	4	13 62 520 583 912 913 1076 1248 1448 1528 1538 1589 1644 1711 1724 1782 2073 2509 2602 2756 2782 3026 3201 3519 3799 4013 4163 4358 4367 4700 4831 4862
189	24	272	4	82 493 562 638 1042 1099 1470 1760 1838 1892 1926 2022 2217 2485 2798 2821 3098 3211 3332 3388 3509 3721 3813 3964 4052 4314 4372 4632 4704
192	3	336	4	364 415 429 459 514 548 1074 1648 1690 1729 1850 1860 1973 1989 2062 2114 2243 2280 2316 2561 2600 2660 2811 2812 2852 3084 3311 3848 4085 4194 4219 4313 4338 4504
278	9	311	4	77 305 319 495 498 530 717 804 1035 1127 1503 1570 2182 2290 2440 2528 2563 2705 2817 2867 3246 3254 3354 4131 4181 4368 4444 4468 4531 4552 4569 4608
293	21	204	4	267 296 420 433 455 696 716 775 801 1430 1635 1842 2002 2044 2299 2849 2936 3047 3056 3215 3304 3317 3402 3451 3551 3643 3885 4471 4688 4908
311	15	283	4	359 383 522 706 793 1026 1224 1353 1354 1553 1584 1740 2070 2180 2227 2230 2358 2404 2429 2536 2537 2632 2910 3092 3289 3408 3499 3522 3652 3835 4087 4940 4962
345	23	265	4	322 499 573 824 901 1089 1159 1429 1704 1710 1712 2054 2160 2237 2447 2564 2858 2900 2965 2992 3330 3443 3467 3884 4032 4101 4300 4466 4607 4741
361	40	9	4	91 326 677 1173 1336 1422 1515 1770 1823 1827 1894 1915 2315 2606 2655 2719 2741 2755 2760 2873 3102 3581 3795 3910 4012 4408 4431 4571 4854
400	16	264	4	113 156 252 765 794 895 1113 1349 1376 1406 1445 1483 1521 1610 1825 1826 2748 2945 2987 3043 3154 3170 3264 3538 3763 3855 4119 4563 4565 4628 4779 4789 4868 4883
409	35	190	6	128 135 497 696 1106 1256 1359 1593 1748 1789 2043 2056 2403 2510 2878 2883 2890 2976 2997 3186 3253 3290 3364 3381 3476 3478 3824 3878 4170 4193 4390 4730 4866 4909 4936
436	31	58	4	651 660 879 1385 1561 1582 1659 1750 1818 1956 2191 2252 2578 2721 2734 2924 3071 3374 3474 3510 3635 3639 3676 3705 3749 4067 4289 4370 4499 4602 4620 4676 4737 4839 4850
476	2	182	4	36 503 532 666 762 773 1064 1095 1243 1256 1309 1386 1390 1449 1559 1578 1884 1885 1886 2106 2146 2170 2192 3468 3932 4001 4182 4821 4856 4899
510	18	178	4	135 141 144 551 558 579 606 730 849 1169 1601 1620 1851 2081 2195 2244 2474 2636 2687 2952 2984 3222 3342 3445 3768 4166 4212 4249 4339 4541 4840 4976
586	25	109	4	130 377 430 487 525 922 1050 1090 1288 1365 2199 2296 2308 2411 2560 2570 2757 3255 3407 3668 3867 3979 4029 4097 4140 4402 4418 4423 4824 4934 4939
92	36	110	4	297 529 553 605 759 783 842 890 1141 1223 1303 1419 2019 2159 2181 2664 2707 2718 2758 2856 2917 3511 3536 3701 3955 4537 4598 4714 4830 4869 4897 4920
188	39	109	6	31 149 325 377 413 790 960 1017 1031 1082 1171 1299 1355 1581 1833 2104 2350 2408 2630 2999 3180 3452 4071 4095 4242 4324 4482 4532 4952 4957 4998
248	13	14	4	75 437 488 786 850 856 1100 1105 1200 1327 1504 1567 1663 1741 2275 2284 2365 2754 2840 3045 3067 3133 3267 3414 3628 3631 3924 3969 4365 4404 4549 4885
279	4	258	4	73 549 589 625 633 655 718 1367 1394 1431 1508 1728 1877 1901 1930 2215 2270 2424 2515 2766 3487 3805 3917 3948 4202 4239 4305 4342 4369 4452 4666 4946
282	19	285	4	17 30 45 342 645 720 822 875 1084 1106 1492 1519 1765 1932 2472 2667 2916 3120 3136 3172 3412 3630 3802 3803 3970 4318 4400 4419 4673 4833 4917
283	20	350	6	213 262 383 421 477 757 1054 1308 1622 1654 1769 2037 2039 2074 2084 2192 2250 2460 2505 2895 2899 2988 3084 3456 3533 3817 3841 3906 3929 4540 4583 4735
286	28	291	4	93 168 269 317 466 694 843 1403 1718 1759 1867 2306 2729 2733 2788 2931 3024 3088 3275 3611 3617 3984 3985 4054 4270 4619 4662 4684 4729 4813 4896
289	38	199	4	59 239 667 1011 1339 1624 1688 2030 2117 2335 2559 2639 2736
331	1	167	6	88 299 400 695 800 1370 1398 1469 1634 1757 1778 1918 1937 2086 2232 2241 2309 2389 2658 2697 2742 2905 3086 3270 3380 3466 3470 4165 4177 4275 4490 4505 4796
431	22	150	6	93 100 116 142 538 991 1070 1494 1684 2652 2663 2851 2873 2876 3076 3096 3347 3469 3550 3880 3960 4050 4178 4320 4346 4359 4518 4649 4760 4784 4949
460	37	112	6	120 132 307 494 590 801 911 938 946 1222 1272 1481 2753 2841 3127 3308 3318 3358 3360 3617 3677 3761 3776 4061 4221 4523 4528 4624 4750 4782 4836 4986
514	32	182	6	41 95 117 205 374 463 489 955 974 1573 1857 1931 2120 2144 2330 2345 2357 2651 2743 3089 3132 3335 3649 4018 4184 4291 4459 4546 4574 4659 4694 4857 4865
516	17	4	6	16 155 186 190 343 468 914 1094 1311 1423 1898 2048 2059 2099 2234 2323 2378 2474 2641 2643 2764 2820 3184 3433 3525 3539 3788 3969 4130 4883
556	6	229	6	68 438 629 826 1114 1184 1340 1417 1523 1628 1652 1800 2353 2388 2611 2634 2650 2681 3405 3569 3814 3849 4015 4137 4304 4368 4453 4474 4477 4637 4918
10	12	157	6	430 432 536 848 1021 1042 1128 1471 2051 2070 2196 2402 2455 2520 2553 2758 3098 3152 3181 3332 3668 3712 3713 3753 3852 3934 4487 4718 4822
13	8	165	6	138 260 429 733 758 850 980 1011 1056 1182 1206 1270 1305 2146 2555 2808 2913 3082 3090 3147 3327 3546 3699 3726 3924 4019 4038 4161 4272 4467 4655
30	27	135	6	9 233 674 678 751 928 1012 1135 1145 1243 1450 1733 1763 1843 1962 2143 2255 2271 2826 3312 3504 3884 3901 4030 4120 4128 4222 4377 4500 4584 4716 4801
47	14	324	6	246 474 495 585 886 1034 1140 1486 1805 1923 2046 2089 2119 2164 2473 2563 2616 2850 2960 2961 2987 3087 3178 3585 3624 3750 3798 3836 3851 3940 4264 4780 4805 4975
75	29	347	6	208 353 1172 1383 1660 1988 2060 2235 2269 2312 2338 2395 2568 2594 2759 2798 2936 3058 3523 3548 3676 3737 4066 4074 4306 4316 4325 4382 4552 4692
105	5	252	6	63 526 578 628 926 971 1117 1381 1558 1632 1735 1826 1891 2172 2371 2480 2490 2573 2665 2678 2874 2906 3083 3321 3428 3657 3943 4008 4075 4278 4286 4438 4501
128	34	128	6	115 231 560 708 799 874 1009 1061 1221 1310 1385 1576 1585 1935 1990 2124 2381 2393 2685 2881 3311 3455 3665 3871 4122 4431 4448 4669 4787 4891 4904 4988
140	10	55	6	734 1041 1138 1179 1186 1211 1624 1678 1781 1896 1959 2121 2331 2618 2676 2727 2912 2943 3704 3730 3787 3862 4219 4386 4493 4623 4684 4721 4731 4871 4968
148	26	294	6	280 482 778 1093 1213 1238 1258 1441 1489 1554 1814 1836 1847 2344 2365 2380 2501 2709 2809 2829 3397 3609 3654 3797 3953 4054 4247 4372 4391 4436 4508 4884
162	7	65	6	335 738 838 901 1285 1466 1761 1858 1925 1929 2090 2201 2377 2435 2908 2983 3070 3260 3298 3344 3346 3402 3804 4360 4428 4503 4660 4749 4922
196	33	133	6	247 305 476 692 755 964 1204 1488 1783 1883 2013 2297 2398 2487 2529 2954 2972 3158 3259 3367 3620 3693 3703 3717 3801 4199 4445 4834 4844 4905 4967
230	11	125	6	38 276 544 753 808 833 1046 1252 1374 1774 1972 2214 2248 2259 2349 2493 2710 2724 2863 3108 3239 3350 3705 3799 4002 4216 4380 4394 4530 4541 4642
249	30	65	8	26 47 185 727 739 1104 1116 1208 1259 1490 1860 1959 2019 2521 2647 2688 2762 2951 3048 3086 3117 3337 3439 3505 3539 3599 4030 4558 4707 4901
285	24	313	6	177 195 327 830 936 942 969 1280 1334 1352 2174 2186 2222 2299 2336 2484 3217 3271 3450 3465 3538 3876 4097 4142 4395 4638 4695 4846 4874 4925
316	3	338	6	196 355 602 972 1446 1484 1498 1688 1854 1871 2016 2035 2412 2755 2897 3340 3560 3658 3746 3935 3992 4107 4133 4430 4476 4618 4687 4720 4781 4837 4879
425	9	302	6	26 605 702 732 769 940 982 1007 1313 1520 1524 1525 1657 1961 2101 2152 2358 2476 2533 2608 2614 2686 3168 3429 4006 4341 4502 4585 4696 4807 4888
447	21	282	6	66 358 384 780 855 1058 1253 1382 1400 1791 1820 1832 1907 2058 2105 2183 2431 2548 2620 2816 3156 3242 3422 3537 3694 3803 4042 4143 4381 4572 4946
464	15	296	6	329 333 351 456 465 594 782 858 1736 1756 1798 2390 2574 2595 2939 3296 3592 3611 3767 4315 4317 4334 4343 4594 4605 4715 4764 4838 4853 4869
482	23	160	6	42 321 663 728 763 825 884 997 1052 1413 1414 1425 1582 1690 1840 1995 2534 2613 2846 2919 2922 3102 3194 3899 4027 4040 4053 4277 4619 4769 4875
488	40	62	6	7 75 166 396 464 1066 1420 1493 1626 1703 2041 2165 2193 2276 2698 3378 3410 3417 3516 3575 3905 4141 4149 4153 4182 4268 4280 4449 4496 4753 4818 4977
509	16	310	6	512 618 669 1062 1088 1102 1491 1672 1744 1877 1957 2723 2783 2811 2911 3188 3191 3208 3218 3293 3472 3521 3596 3616 3840 4025 4077 4266 4446 4590 4751 4790
513	31	322	6	105 206 332 582 693 870 1164 1234 1566 1599 1759 1809 1855 1998 2442 2733 2903 2955 3300 3313 3459 3564 3576 3714 3716 3873 3886 3900 3951 3983 4044 4543 4647 4717
536	2	96	6	80 121 423 486 521 680 690 726 787 891 1024 1451 1641 1841 1849 1967 2233 2260 2649 2962 3020 3287 3588 3789 3913 3915 4633 4851 4985
538	18	34	6	243 342 645 937 1003 1169 1294 1304 1506 1530 1571 1686 1700 1943 2123 2321 2784 2990 3075 3142 3216 3228 3254 3453 3613 3622 4023 4345
613	25	341	6	114 317 620 686 754 806 1065 1073 1081 1297 1713 1764 1862 2036 2176 2495 2507 2680 2777 2801 2993 3056 3169 3602 3700 3741 3843 3967 4235 4499 4606 4873
618	36	13	6	599 813 989 1050 1129 1228 1496 2184 2303 2492 2576 2604 2631 2653 2673 2694 2887 3104 3377 4080 4082 4260 4298 4399 4529 4661 4901
657	35	96	8	376 431 460 535 603 666 695 831 958 1248 1282 1527 1571 1655 1716 2051 2104 2385 2535 2543 2565 2593 2907 2956 3354 3513 3736 4013 4373 4455
658	13	67	6	45 94 379 657 741 859 871 1196 1212 1223 1384 1600 1621 1795 1803 1964 2162 2211 2707 2891 3054 3190 3480 3547 3638 3718 3806 3821 3823 3996 4047 4738
664	4	108	6	25 143 597 789 805 966 1109 1210 1236 1364 1415 1607 1984 2346 2752 3288 3396 3735 3834 3964 4263 4327 4378 4645 4734 4914 4956
693	19	99	6	2 10 157 292 341 493 655 659 703 868 932 1191 1248 1343 1495 1710 2021 2063 2279 2675 2788 2921 3092 3418 3424 3597 3793 4173 4240 4588 4872 4981
699	28	39	6	435 554 623 676 691 828 829 887 917 1013 1136 1462 1865 1905 2126 2208 2368 3033 3145 3229 3337 3653 4157 4171 4237 4248 4366 4384 4578 4601 4693 4970
17	38	198	6	81 298 344 803 864 973 1266 1268 1373 1612 1665 1742 1802
27	39	124	8	265 274 874 970 1049 1316 1464 1470 1670 1755 1778 1887 2238 2307 2328 2523 3199 3847 3941 4407 4448 4458 4697 4739 4819 4917
33	20	222	8	34 217 339 434 448 464 843 863 1773 1814 1899 2132 2247 2447 2454 2515 2577 3030 3284 3341 3702 3728 3827 4220 4679 4877 4922 4932
60	1	42	8	1 28 65 143 576 618 690 827 1513 1546 1664 1753 1766 1995 2075 2289 2360 2795 3088 3198 3218 3571 3737 3755 4231 4423 4512 4710 4719
77	22	157	8	319 349 383 391 402 469 502 790 965 1022 1342 1487 1554 2097 2171 2486 2978 3105 3152 3365 3514 3688 3749 3950 3954 3957 4117 4629 4655 4690 4782 4811
91	37	93	8	2 31 90 354 407 441 472 1101 1135 1154 1460 1499 1501 1729 2191 2482 2570 2721 2945 3026 3170 3478 3627 3816 3946 3995 4038 4226 4514 4595 4645 4684
113	32	33	8	39 59 858 983 1151 1266 1319 1641 1644 1811 1993 2074 2313 2476 2640 2674 2814 3360 3394 3615 3681 3764 3866 3923 4019 4190 4281 4687 4846
120	17	208	8	218 340 602 743 903 1030 1590 2022 2032 2117 2124 2133 2177 2248 2361 2467 2477 2609 2624 2639 2837 2919 2939 3162 3459 3863 4510 4709 4924
123	6	299	8	12 99 104 308 601 968 996 1024 1043 1343 1473 1485 1721 1735 2179 2526 2662 3584 3921 3940 4209 4352 4428 4430 4442 4659 4699 4711 4759 4967 4970
150	12	21	8	40 341 895 1218 1240 1545 1583 2009 2034 2527 2677 2783 2959 3068 3079 3375 3823 3926 3965 3997 3999 4238 4332 4411 4444 4606 4683 4740 4900 4941
153	8	314	8	89 238 282 1428 1474 1528 1584 1832 1843 1881 2575 2685 2742 2809 2817 2891 2969 3034 3049 3319 3489 3808 4051 4680 4682 4729 4784 4829 4865 4935
160	27	134	8	20 87 159 757 1075 1078 1176 1203 1395 1691 1714 1732 1950 2025 2182 2225 2269 2773 2854 2876 3025 3057 3282 4042 4167 4170 4222 4485 4524 4658 4945
168	14	348	8	51 508 722 817 1097 1396 1758 1841 1903 1982 2082 2123 2434 2703 2711 2914 2920 3104 3194 3305 3413 3810 4034 4318 4425 4503 4859 4936 4978 4993
175	29	226	8	164 437 840 961 1354 1541 1558 1783 1933 2103 2287 2547 2663 2767 2771 2780 2996 3466 3524 3640 3873 3885 3936 4028 4276 4279 4379 4525 4628 4949 4963
190	5	306	8	37 53 71 98 256 304 490 500 584 1241 1278 1514 1516 1650 1734 1777 1936 2060 2175 2193 2280 3018 3222 3230 3370 3379 3522 3881 4149 4472 4505 4747 4908
220	34	113	8	320 381 466 736 765 854 1037 1063 1408 1419 1465 1469 1610 1692 1715 2118 2308 2815 3093 3169 3219 3717 4000 4294 4381 4449 4506 4678 4836
224	10	302	8	57 907 942 985 1194 1215 1221 1484 1592 1602 1631 1746 1920 1990 2109 2250 2312 2323 2334 2415 2567 3132 3253 3371 3512 3661 4070 4077 4325 4338 4490
228	26	88	8	226 579 694 793 1051 1306 1307 1360 1617 2085 2214 2249 2562 2572 2573 2884 3206 3274 3313 3434 3537 3548 3935 4058 4112 4471 4968
235	7	86	8	130 205 222 263 418 1209 1286 1326 1934 2194 2227 2291 2706 3008 3322 3834 4127 4168 4214 4229 4345 4370 4443 4461 4610 4714 4876 4920
250	33	20	8	80 156 211 609 641 876 910 923 979 1031 1178 1331 1448 1638 1956 2186 2336 2437 2560 3225 3400 3646 3916 3939 4162 4245 4650 4681 4691 4791 4825 4892 4937
266	11	47	8	180 206 361 429 960 1274 1301 1318 1347 1835 1938 2046 2056 2062 2131 2252 2471 2590 2596 2888 3314 3334 3519 3674 3762 3890 4152 4158 4217 4246 4857 4965
298	24	27	8	251 318 410 838 975 1279 1293 1303 1305 1337 1573 1688 2092 2200 2383 2726 2728 2851 2883 2972 3066 3075 3114 3628 3668 3700 3770 3799 3990 4159 4527 4824
309	30	348	10	52 127 658 884 1023 1252 1703 1723 1878 2249 2255 2345 2554 2788 2951 3276 3566 3785 3853 4119 4344 4442 4471 4506 4526 4614 4691 4804 4856
337	3	295	8	390 556 717 741 806 1014 1340 1462 1494 1512 1535 1597 1657 2112 2372 2373 2444 2513 2864 3023 3062 3129 3159 3678 3732 3844 4048 4173 4369 4507 4676 4730 4946
358	9	143	8	220 517 596 946 1137 1193 1291 1476 1579 1865 1970 2035 2039 2221 2278 2423 2483 2681 2768 2818 3118 3441 3444 3664 3837 3914 4121 4133 4284 4587 4637 4776 4939
365	21	51	8	316 373 527 536 595 644 699 723 1297 1504 1656 1804 2061 2242 2282 2655 2954 3021 3819 3843 3851 4008 4140 4178 4432 4494 4662 4713 4902 4990
392	15	122	8	30 79 103 570 842 949 1090 1125 1149 1477 1619 1658 1868 1900 2804 2813 2871 3185 3189 3193 3388 3405 3429 3460 3469 3733 3753 3856 4493 4516
421	23	102	8	113 768 770 899 1115 1143 1455 1552 1789 1821 2450 2504 2701 2855 2897 3147 3453 3574 3596 3669 3922 4200 4298 4393 4481 4743 4789 4972
449	40	186	8	10 186 234 416 457 552 663 751 816 857 1562 1563 1810 2006 2202 2263 2391 2529 2808 2949 3037 3165 3304 3472 3497 3691 4241 4577
450	16	148	8	5 82 116 200 248 302 344 401 496 839 880 925 931 1231 1361 1632 1725 1739 1765 1805 1806 1983 2165 2168 2219 2229 2300 2625 2731 3698 4056 4484
500	31	1	8	115 125 229 388 577 728 788 841 1118 1348 1427 1640 1687 1742 1756 1946 1948 1969 2083 2355 2866 2923 2941 2960 3333 4033 4187 4288 4331 4594 4649 4733 4927
524	2	201	8	239 399 512 654 800 804 1002 1074 1225 1517 1697 1840 1863 1891 2108 2144 2203 2283 2862 3016 3094 3116 3149 3174 3344 3535 3610 3677 3893 4161 4347 4357 4863
549	18	82	8	81 411 487 667 750 1027 1047 1086 1489 1680 1752 2140 2210 2266 2557 2722 3033 3074 3418 3428 3528 3559 3835 4306 4361 4396 4569 4571 4737
554	25	158	8	44 95 378 417 607 812 909 1119 1412 1589 2356 2396 2459 2461 2702 3011 3043 3234 3397 3663 3673 3735 3774 4060 4108 4227 4256 4500 4521 4539 4668 4766
590	36	191	8	389 516 682 862 897 987 1288 1335 1389 2296 2412 2484 2487 2502 2623 2800 2829 2842 2860 2902 3264 3420 4126 4312 4462 4468 4880
619	13	275	8	181 563 762 866 870 1105 1236 1433 1551 1894 1978 2160 2169 2329 2667 2676 2691 2806 2989 2998 3471 3606 3634 3845 3849 4744 4770 4991
655	4	52	8	242 264 495 974 1251 1454 1785 2152 2222 2236 2294 2299 2448 2525 2981 3216 3223 3521 3542 3583 4021 4044 4248 4259 4389 4515 4656 4749 4815 4969
659	19	292	8	285 324 338 348 352 625 658 889 1121 1264 1478 1762 1914 2173 2212 2309 2364 2835 2927 3244 3326 3477 3568 3607 4088 4093 4228 4285 4422 4469 4844 4854
19	35	275	10	29 47 75 215 482 588 725 898 1001 1261 1445 1473 1742 1753 1902 2100 2735 2964 3050 3164 3241 3256 3272 3395 3571 3622 3652 3723 4262 4288 4419
20	28	270	8	276 393 421 575 640 681 697 852 962 1035 1066 1171 1479 1864 1940 1986 2150 2470 2646 3188 3339 3541 3647 4101 4132 4163 4780 4812 4933
29	38	255	8	150 337 489 504 760 847 1026 1598 1696 1711 1842 2277 2430
54	39	226	10	92 245 281 340 397 649 669 754 905 1082 1165 1218 1285 1388 1399 1766 1813 2414 2896 3473 3533 3626 3968 4106 4173 4267 4301 4482 4963
69	20	126	10	20 70 217 350 580 844 1050 1103 1610 1797 2145 2212 2336 2615 2722 2892 2965 3089 3206 3214 3634 3703 4020 4281 4294 4303 4337 4411 4601 4618 4689 4838
76	1	346	10	107 159 709 834 1174 1339 1575 1680 1929 2317 2382 2528 2586 2660 2935 3044 3102 3252 3411 3730 3847 4024 4031 4236 4305 4410 4580 4668 4687
97	22	311	10	208 241 485 666 686 731 911 968 1100 1687 2078 2164 2274 2691 2704 2854 3127 3139 3192 3200 3609 3866 3973 4132 4263 4424 4640 4875 4905
106	37	136	10	196 605 707 908 996 1061 1197 1944 2190 2368 2395 2587 2957 3003 3229 3302 3493 3625 3631 3667 3744 3955 4145 4347 4363 4496 4693 4714 4808 4839 4926
109	32	111	10	57 207 353 361 398 697 785 1096 1209 1374 1659 1666 2168 2233 2367 2400 2715 2827 2852 3026 3257 3740 4054 4158 4461 4848 4915 4977
137	17	288	10	228 411 668 730 933 943 1069 1080 1277 1294 1375 1658 1817 2268 2340 2628 2823 2943 3101 3263 3271 3385 3551 3956 3972 4437 4458 4586 4705 4761 4805
166	6	343	10	114 140 368 369 533 624 913 1020 1222 1752 1836 2847 2986 3085 3316 3330 3382 3408 3448 3745 3986 4148 4183 4189 4695 4794 4859 4886
170	12	116	10	740 750 878 925 993 1348 1466 1588 1619 1670 1859 1952 2013 2468 2475 2699 2829 2872 3078 3167 3186 3242 3312 3321 3392 4510 4616 4855 4880
171	8	273	10	79 201 275 277 768 1025 1315 2311 2357 2472 2687 2888 2891 2902 3075 3171 3314 3341 3458 4160 4270 4310 4327 4426 4490 4690 4803 4890
177	27	166	10	498 501 715 795 952 1060 1137 1224 1278 1907 2005 2180 2360 2441 2697 2731 2873 3047 3151 3233 3594 3627 3685 4109 4190 4241 4340 4664
181	14	23	10	25 301 388 688 764 1245 1410 1499 1754 1919 1938 1996 2394 2474 2566 2797 2961 3310 3482 3565 3582 3657 3764 3863 3981 4312 4575 4955
200	29	168	10	33 173 327 565 642 1059 1217 1941 2256 2390 2461 2613 2900 3135 3144 3553 3608 3808 3873 4102 4195 4234 4311 4491 4825 4862
208	5	193	10	298 392 493 547 672 1005 1491 1571 1643 1750 1898 2221 3064 3325 3328 3361 3523 3671 3758 3826 3880 3890 4030 4213 4247 4450 4550 4622 4762 4897
214	34	228	10	72 199 420 525 646 687 845 1088 1395 1527 1615 1656 1852 1959 2085 2478 2732 2805 3479 3488 3563 3675 3786 3850 3878 4129 4134 4374
231	10	52	10	32 40 95 352 386 830 837 1074 1585 1824 1877 1997 2070 2454 2520 2522 2907 3015 3053 3266 3343 3506 3562 3690 3815 3919 3947 4094 4810
254	26	57	10	274 279 362 387 572 711 791 794 1260 1275 1292 1505 1699 1924 1928 2015 2108 2125 2222 2711 2777 2815 2992 3575 4292 4389 4418 4654 4812
268	7	278	10	115 289 469 951 1142 1192 1295 1432 1480 1672 1784 1936 1954 1956 2137 2514 2609 2737 2861 2946 3212 3461 3505 3725 3926 4135 4365 4452
292	33	105	10	231 385 597 713 957 1240 1490 1649 1675 1696 1714 1840 1846 1933 2055 2555 2708 3184 3202 3221 3643 3953 4019 4043 4221 4261 4383 4473 4480 4549 4828 4982
294	11	251	10	165 183 252 496 664 869 1051 1099 1107 1146 1155 1262 1265 1299 1772 2276 2659 3293 3355 3390 3569 4219 4562 4667 4709 4728 4759 4871
324	24	177	10	266 513 550 705 975 1049 1115 1199 1268 1833 2205 2228 2561 2762 3028 3176 3215 3275 3444 4171 4537 4707 4723 4758 4792 4959 4990
338	3	138	10	446 781 1036 1290 1435 1719 1857 1879 1976 2045 2093 2307 2358 2401 2540 2661 2825 2960 3111 3298 3518 3794 4068 4371 4425 4600 4615 4840 4896 4980
382	30	346	12	287 397 429 515 546 550 656 976 1100 1169 1553 1586 1694 1906 1928 2219 2236 2300 2764 3002 3074 3148 3346 3545 4132 4324 4341 4604 4814 4961
385	9	80	10	240 264 433 839 948 992 1274 1335 1730 1768 1998 2220 2264 2289 2647 2871 3056 3237 3558 3614 3845 4011 4209 4509 4852 4884 4981
396	21	266	10	555 601 603 665 775 812 853 861 1118 1211 1272 1347 1682 1781 2066 2231 2290 2337 2663 3285 3349 3514 3561 4010 4242 4308 4399 4412 4568 4849 4860 4927
401	15	218	10	505 569 616 800 1326 1352 1573 1608 1640 1972 1980 2057 2141 2341 2351 2463 2745 2757 2801 2860 3039 3205 3230 3573 3640 3693 3717 3950 4067 4273 4639
412	23	256	10	68 205 349 738 855 1006 1228 1418 1458 1648 1803 2111 2313 2384 2718 2727 2843 2881 3009 3032 3037 3100 3166 3220 3306 3556 3927 4108 4290 4316 4870
417	40	187	10	499 537 877 923 1128 1163 1187 1193 1423 1440 1839 1847 2129 2387 2403 2545 2669 2688 3179 3197 3201 3254 3279 3689 4034 4092 4529 4583 4950
419	16	210	10	61 101 163 287 405 484 619 661 827 995 1112 1372 1603 1761 1812 2542 2836 3008 3547 3656 3755 3854 3915 4044 4307 4332 4519 4523 4893
435	31	316	10	110 248 360 427 766 773 971 1247 1312 1366 1905 2011 2245 2456 2619 2684 2749 2882 3106 3591 3985 4543 4629 4863 4900 4983
502	2	282	10	162 210 330 470 566 767 962 1077 1496 1621 1645 1711 1970 2012 2259 2491 3217 3281 3416 3423 3724 3769 4176 4230 4395 4503 4593 4940 4988
528	35	187	12	2 192 424 428 705 729 799 811 865 919 1027 1364 1383 1595 1600 1607 1702 1736 1870 1877 2014 2156 2521 2658 2801 3013 3018 4023
532	39	111	12	1 576 900 964 1320 1460 1547 1617 1759 2104 2134 2180 2461 2547 2868 2989 3006 3012 3234 3242 3393 3543 3673 3794 3889 3984 4080 4289 4391 4454
534	18	178	10	175 188 336 656 761 840 858 960 1090 1442 1606 1860 1940 2257 2335 2538 2577 2582 3042 3126 3277 3446 3541 3635 3824 3825 3906 3942 4627 4850
553	25	162	10	48 657 700 763 893 1136 1235 1324 1424 1450 1530 2024 2166 2188 2226 2229 2238 2240 2469 2496 3004 3099 3433 3485 3540 3771 4001 4407 4527 4857 4873
598	36	269	10	507 589 639 797 1183 1323 1391 1871 2067 2339 2343 2641 2884 2930 3048 3196 3357 3520 3529 3848 4098 4269 4333 4349 4380 4459 4488 4658
603	13	28	10	64 118 212 380 483 516 623 822 1485 1508 1604 2115 2239 2248 2272 2296 2332 2409 2437 2714 2853 3061 3066 3297 3435 3813 3856 3995 4779 4799 4941
636	4	176	10	282 321 699 838 912 1075 1081 1167 1321 1461 1631 2116 2498 2535 2601 2603 2755 3029 3691 3832 3869 4052 4141 4396 4603 4604 4628 4681 4818
641	19	253	10	134 198 268 570 749 1202 1289 1317 1552 1605 1790 1861 2151 2254 2263 2466 2488 2753 3012 3059 3155 3393 3397 3474 3777 3872 4511 4522
652	28	274	10	319 449 643 1052 1195 1226 1246 1381 1502 1782 1856 1920 2201 2509 2541 2657 2716 3096 3471 3762 3783 3834 3992 4136 4330 4468 4672 4698 4715 4891 4956
654	38	184	10	42 49 76 346 874 894 1168 1594 1679 1751 1799 2082 2588
48	20	290	12	117 204 571 743 841 928 1055 1224 1265 1507 1838 2053 2125 2267 2643 3412 3431 3573 3670 3739 3747 4032 4208 4238 4409 4521 4560 4701 4960 4979
52	1	232	12	7 12 25 84 432 686 854 1010 1609 1812 1821 2262 2530 2541 2588 2623 2735 3329 3527 3754 4218 4249 4257 4382 4465 4689 4756 4838 4893
78	22	201	12	128 132 593 645 716 1165 1456 1801 1835 2050 2068 2141 2204 2342 2346 2825 2848 2969 3128 3443 3706 4104 4155 4400 4415 4440 4545 4722 4786
124	37	217	12	230 261 267 634 731 895 995 1110 1287 1328 1379 1883 2295 2398 2399 2600 3245 3356 3364 3449 3811 4232 4634 4635 4755 4986
125	32	208	12	398 503 505 590 695 873 1185 1386 1533 1534 1570 1662 1689 1691 1999 2019 2144 2446 2579 2665 2751 3529 3534 3570 3678 3792 4070 4406 4522 4623
131	17	179	12	109 316 500 604 770 773 1048 1107 1412 1431 1523 1563 1612 1690 1695 1946 1979 2095 2347 2666 3073 3161 3295 3368 3830 4518 4586 4845
135	6	263	12	300 408 622 702 1340 1346 1503 1655 1783 1798 1814 1824 2036 2048 2084 2168 2178 2189 2389 2413 2502 2557 2982 3511 3659 4014 4534 4661
152	12	224	12	85 126 194 252 544 598 706 933 1001 1177 1746 1865 2109 2305 2444 2511 2766 2988 3095 3202 3496 3809 3996 4072 4142 4495 4617 4793
156	8	303	12	69 238 272 548 1037 1162 1667 1818 1868 1881 2000 2121 2237 2477 2522 2875 3029 3158 3288 3398 3650 3729 4058 4394 4576 4706 4732 4762 4931 4952 4992
169	27	98	12	145 191 205 211 326 345 492 511 566 608 902 1067 1487 1704 1951 3071 3175 3465 3520 3710 3831 3886 3963 4036 4049 4110 4542 4642 4688
173	14	88	12	172 188 212 221 243 678 947 981 1189 1247 1423 1899 2329 2479 3144 3327 3459 3769 3797 3877 4041 4270 4346 4550 4630 4776 4798 4849
183	29	100	12	11 363 557 772 816 1058 1064 1117 1339 1741 1749 1770 1981 2771 3121 3918 4086 4118 4207 4398 4508 4512 4677 4698 4746 4976
184	5	262	12	382 461 471 624 804 960 1015 1077 1400 1991 2406 2448 2570 2839 2997 3041 3060 3124 3140 3270 3396 3604 3645 3791 3941 4258 4817
238	30	98	14	587 951 1138 1260 1555 1828 1899 2000 2014 2132 2224 2288 2860 2869 2918 3014 3159 3308 3587 3780 3922 3954 3980 4086 4231 4397 4514 4517 4704 4819
272	34	266	12	43 154 404 434 498 617 794 1305 1447 1639 1774 1817 1844 2010 2065 2503 2592 2620 2756 2769 3009 3084 3503 4164 4234 4252 4269 4552 4921
284	10	250	12	52 111 298 315 463 1173 1398 1696 1779 1828 2261 2599 2653 2790 3089 3101 3170 3307 3348 3491 3740 3845 4393 4787 4826 4877
288	26	257	12	27 278 582 698 942 974 1000 1280 1295 1581 1739 1957 2025 2179 2384 2564 2837 2895 2938 2966 3190 3281 3326 3418 3483 3761 3890 4020 4656 4942
301	7	16	12	494 921 966 1029 1163 1220 1298 1358 1391 1561 2087 2097 2181 2200 2363 2649 2712 2768 2882 2968 3183 3315 3625 3796 3986 4106 4834
325	33	219	12	39 303 392 509 519 639 1123 1166 1306 1344 1710 1902 2425 2604 2754 2901 3209 3415 3551 3597 3730 3765 3893 3899 3949 4180 4485 4549 4739 4800
330	11	326	12	4 9 380 407 436 568 832 891 897 1016 1072 1230 1686 1875 2203 2255 2472 2500 2739 2846 2955 3038 3159 3231 3510 4083 4160 4231 4303 4563 4990
360	24	238	12	54 60 218 417 756 810 1288 1862 1961 2139 2225 2483 2516 2578 2826 2849 2859 3471 3557 3777 3875 4347 4444 4570 4646 4649 4753 4810
376	35	262	14	3 493 613 647 711 845 957 1116 1562 1939 2131 2393 2448 2933 3063 3099 3452 3597 3733 3748 3778 3784 3991 4563 4769 4926 4992
434	3	225	12	185 202 299 367 532 658 1040 1448 1546 1728 2066 2197 2258 2434 2440 2851 2869 3046 3292 3339 3613 3654 3805 3853 3911 4264 4410 4455 4652
466	9	101	12	41 226 236 769 1062 1071 1085 1294 1536 1859 2079 2221 2369 2420 2453 2574 2770 3734 3869 3964 4050 4181 4422 4431 4516 4729 4958
474	21	145	12	97 416 445 504 1026 1325 1416 1465 1709 1886 1940 1945 2049 2147 2351 2590 2902 3180 3390 3410 3738 3948 3962 3975 4140 4356 4466 4580 4631 4853
491	15	174	12	56 83 233 340 552 577 721 781 990 1153 1156 1222 1637 1727 1989 2320 2493 2497 2682 2889 2954 3062 3212 3331 3555 4035 4256 4384 4832 4885
505	23	252	12	46 292 1527 1532 1572 1671 2265 2270 2291 2318 2401 2501 3131 3300 3351 3386 3630 3702 3827 3993 4092 4217 4239 4355 4427 4577 4883 4911
526	40	33	12	17 19 101 142 239 328 444 465 583 798 1007 1200 1274 1517 2083 2455 2775 2791 2915 2959 2979 3561 3595 3929 4193 4299 4302 4471 4513
529	16	235	12	284 353 745 834 843 959 1271 1292 1441 1475 1559 2309 2324 2404 2431 2481 2708 3365 3434 3480 3612 3709 3768 4310 4322 4489 4612 4967
543	31	120	12	133 200 210 364 714 822 1024 1141 1636 1682 1900 1932 2160 2196 2524 2745 2773 2866 2981 2998 3147 3236 3574 3763 3944 4066 4151 4878 4920
574	2	75	12	33 48 100 726 749 1146 1252 1393 1446 1542 1834 1853 2187 2214 2275 2629 2714 3030 3118 3662 3775 3788 3940 3957 4275 4533 4602 4615 4754
576	18	236	12	93 103 223 354 402 1192 1437 1508 1750 1775 1984 2038 2074 2186 2274 3232 3464 3508 3552 3575 3860 4169 4198 4244 4280 4296 4304 4809
579	25	289	12	47 418 480 513 967 1251 1319 1331 1604 1836 1864 2012 2128 2191 2266 2523 2734 3230 3384 3490 3564 3600 4003 4209 4700 4752 4899
587	36	329	12	165 291 422 486 1083 1299 1430 1468 1469 1743 1780 1880 1914 1916 2040 2323 2395 2555 3092 3388 3715 3973 4046 4287 4460 4509 4547 4611 4827
597	13	80	12	183 358 996 1124 1366 1856 1893 1941 1992 1993 2007 2133 2289 2581 2879 2906 2919 3091 3150 3157 3256 3904 3945 4308 4360 4456 4477 4558 4791
637	4	131	12	290 692 739 1623 1735 1839 1867 1938 1939 1973 2292 2647 2687 2774 2874 3324 3358 3635 4021 4028 4119 4126 4221 4582 4641 4782 4928
640	19	79	12	538 670 782 946 1180 1302 1866 1942 1971 2051 2166 2304 2414 2427 2946 3036 3164 3718 3859 3881 3946 4095 4225 4315 4387 4511 4669 4736
644	28	342	12	152 347 615 763 784 825 909 1242 1610 2316 2821 3153 3287 3342 3370 3421 3559 3665 3667 3703 3821 4055 4099 4165
674	38	337	12	168 181 454 633 839 871 934 1684 1872 2149 2173 2313 2496
698	39	309	14	111 224 317 349 386 390 510 667 668 1001 1123 1129 1200 1244 1488 1663 1667 1807 2032 2293 2507 2669 2681 2878 3039 3472 3635 4152 4953
1	20	240	14	100 118 150 488 761 893 1034 1143 1149 1533 1775 1906 1933 1987 2270 2370 2732 3021 3304 3315 3447 3453 3630 3934 4039 4110 4664 4771 4884
3	1	216	14	214 553 652 1168 1183 1318 1367 1708 1716 2180 2394 2435 2459 2471 2595 2867 2923 2967 3117 3905 3987 4015 4283 4339 4346 4596 4657
7	22	288	14	232 257 320 472 882 889 1185 1196 1298 1323 1499 1751 2502 2810 3238 3310 3427 3787 3841 4042 4081 4430 4868 4894 4904
28	37	254	14	350 471 606 749 872 1068 1158 1520 1527 1590 1953 1989 2338 2788 2930 2992 3071 3369 3413 3523 3879 4009 4189 4230 4238 4378 4787
40	32	103	14	13 248 296 623 673 751 862 1053 1444 1466 1795 1834 1875 1945 2024 2234 2567 2940 3006 3289 3318 3717 4041 4336 4394 4530 4691
44	17	116	14	11 524 583 664 698 937 1402 1427 1526 1626 1636 1791 2072 2156 2372 2426 2514 3175 3192 3195 3224 3458 3629 3652 3728 3772 4437 4667
88	6	25	14	216 309 1006 1282 1614 1884 2135 2315 2438 2469 2546 2565 2949 3178 3577 3666 4031 4049 4253 4267 4433 4441 4452 4543 4598 4717 4747 4802 4987
93	12	84	14	41 176 246 434 453 1568 1586 1649 1706 1707 2069 2356 2534 2535 2592 2847 2911 2956 3105 3194 3636 3759 3930 4018 4054 4470 4525 4897 4915
99	8	271	14	49 153 251 397 426 503 543 801 836 885 1322 1512 1541 1893 2099 2624 2835 3002 3017 3172 3431 3547 4004 4097 4148 4379 4508 4556
107	27	156	14	500 512 906 1039 1174 1412 1415 1603 1822 1852 2030 2120 2458 2556 2561 2935 3294 3377 3404 3450 3657 3858 3878 3959 4191 4383 4622 4656
118	14	149	14	146 155 504 537 552 582 722 783 1035 1038 1120 1292 1439 1703 1720 2078 2093 3004 3162 3489 3548 3576 4003 4162 4197 4488 4975
136	29	258	14	6 28 70 333 465 1201 1262 1401 1522 1808 1865 1999 2158 2192 2416 2422 2618 2970 3428 3456 3874 3941 4266 4344 4478 4913 4916 4923
191	5	328	14	55 265 451 522 555 886 940 1117 1355 1437 1448 1550 1788 1803 1916 2073 2343 2374 3214 3257 3578 3795 4132 4322 4401 4607 4680 4911
205	34	245	14	376 505 586 996 1328 1643 1991 2033 2277 2380 2508 2638 2639 2839 2928 3008 3100 3351 3356 3411 3525 3904 4005 4603 4631 4724 4757 4947
258	10	144	14	133 225 238 693 967 1212 1221 1275 1478 1678 1722 2005 2106 2409 3031 3119 3395 3517 3710 4025 4038 4043 4303 4485 4673 4703 4797
275	26	61	14	213 417 671 802 1026 1057 1126 1160 1653 1863 1887 2314 2319 2334 2515 2597 2779 2875 2951 3087 3738 3967 4206 4217 4403 4587 4626 4939
276	7	244	14	51 310 318 829 1134 1232 1417 1732 1773 1781 1829 2079 2104 2331 2417 2612 2642 2809 2879 3025 3363 3482 3494 3628 4643 4767 4777
299	33	321	14	540 595 683 699 859 936 1045 1377 1479 1710 1921 1978 2020 2484 2598 2610 2692 2799 2904 3486 3763 3810 3916 3933 3935 4101 4770
302	11	95	14	99 108 123 362 406 437 792 919 947 1130 1723 1806 2185 2203 2385 2444 2510 3160 3235 3496 3886 4535 4785
304	24	164	14	80 538 559 1051 1254 1337 1511 1515 1833 1925 1974 1985 2001 2200 2641 2646 3064 3211 3561 3681 3896 4013 4090 4318 4372 4502 4567
310	3	304	14	270 953 986 1122 1148 1896 1918 2145 2667 2733 2830 2881 2913 3044 3124 3157 3611 3745 3892 3937 3961 3971 4139 4414 4674 4912 4961
312	9	121	14	242 302 560 628 688 735 784 1089 1124 1411 1782 1903 2660 2717 2801 2870 2874 2883 2983 2994 3109 4196 4204 4312 4412 4688
315	21	320	14	172 179 502 648 1082 1375 1569 1817 1961 2238 2494 2683 3081 3142 3299 3338 3379 3403 3678 3726 3955 4388 4494 4534 4566 4781 4955 4969
320	15	148	14	78 707 815 883 952 1128 1166 1177 1264 1273 1290 1509 1731 2344 2361 2384 2451 2489 2627 2656 2741 2838 3000 3070 3653 3698 4417 4682 4740 4960
322	23	9	14	336 348 1005 1107 1144 1291 1314 1338 1655 2121 2267 2278 2418 2517 2591 2776 3226 3277 3674 3680 3689 3815 4064 4091 4093 4235 4237 4269 4625
339	40	51	14	105 202 415 497 621 712 854 876 956 1304 1384 1403 1445 1459 1876 2075 2456 2538 2545 2932 2957 3050 3923 4010 4709 4858
348	16	40	14	321 403 567 874 1030 1142 1602 1917 1924 2065 2151 2207 2635 2771 3227 3233 3423 3586 3761 4016 4198 4226 4257 4510 4561 4663 4870 4895
351	31	296	14	313 442 837 896 944 2087 2105 2246 2381 2774 2845 3239 3298 3303 3374 3432 3579 3582 3811 3844 3898 4572 4588 4660 4832 4945
356	2	158	14	69 165 182 366 730 999 1320 1335 1615 1960 2139 2155 2421 2682 2756 2876 3038 3272 3591 3707 3727 4129 4183 4251 4254 4482 4559 4564
359	18	86	14	1225 1321 1567 1609 1698 1810 2102 2273 2453 2495 2709 2770 2936 3425 3467 3511 3602 3696 3882 4022 4261 4268 4271 4290 4373 4542 4544 4921
364	25	297	14	154 221 304 507 514 708 869 925 1280 1309 1595 1665 1889 2101 2432 2572 3131 3440 3540 3661 3686 4127 4435 4438 4792 4929 4997
368	36	219	14	16 189 249 337 464 629 694 888 941 1261 1469 1496 2339 2341 2414 2968 2985 3078 3470 3506 3536 3553 3670 3806 3920 4504 4970
378	13	273	14	388 535 642 716 1761 1787 1819 2010 2177 2408 2675 2713 2807 2808 2903 2999 3205 3206 3240 3813 3865 4079 4134 4144 4497 4795 4879 4898
399	4	71	14	10 261 263 585 719 934 1017 1454 1481 1565 1597 1709 2061 2537 2542 2560 2593 2628 3003 3027 3342 4034 4171 4413 4666 4668 4720 4721 4864
422	19	195	14	278 294 574 662 971 1095 1216 1463 1544 1616 2096 2355 2441 2608 2897 2934 2942 2962 3200 3225 3371 3498 3590 3776 3822 3850 4324 4361 4874 4948
430	30	121	16	190 233 266 993 1043 1121 1130 1153 1194 1231 1406 2064 2446 2499 2716 2746 2942 3085 3250 3319 3650 3711 4077 4481 4485 4642 4774 4923
446	28	29	14	37 42 230 378 413 546 660 1228 1428 1507 1574 1760 1827 2241 2475 2499 2644 2862 3261 3358 3662 4157 4244 4338 4402 4844 4996
452	38	343	14	448 517 593 614 1010 1192 1255 1413 1432 2027 2042 2197 2308
463	35	318	16	87 104 458 477 541 640 641 832 1409 1609 2098 2404 2803 2820 3029 3146 3155 3195 3225 3395 3693 4115 4137 4460 4666 4725 4980
467	39	28	16	216 257 449 613 635 1039 1131 1293 1305 1630 1716 1780 1916 2163 2279 2292 3041 3368 3668 3710 3903 4211 4351 4427 4724 4852 4855
496	20	58	16	295 380 436 561 771 1037 1086 1359 1544 1557 1890 1942 2025 2396 2418 2447 2599 2759 2911 3073 3125 3415 3657 3686 3781 4018 4410 4738 4937 4948
511	1	71	16	308 892 967 1175 1391 1553 1851 1904 2133 2202 2207 2239 2287 3004 3130 3279 3400 3428 3575 3797 3819 4143 4307 4370 4404 4753 4777
558	22	146	16	145 282 547 778 847 893 943 1296 1467 1651 1734 1767 1895 2095 2216 2275 2582 2806 3055 3290 3418 3756 4106 4484 4822 4956 4971 4997
561	37	194	16	256 543 657 736 766 1018 1087 1262 1340 1414 1599 1606 2272 2363 2410 3040 3072 3127 3142 3149 3350 3885 3891 4247 4466 4620 4808 4935
566	32	25	16	12 24 370 1066 1615 2429 2761 2790 2823 2834 3019 3136 3157 3163 3590 3868 3877 3937 3953 4002 4296 4458 4493 4542 4697 4701 4906 4972
577	17	26	16	1 573 672 821 877 924 1119 1233 1300 1662 1879 2329 2545 2695 2701 3063 3129 3315 3373 3730 3969 4232 4417 4618 4651 4768
578	6	185	16	153 484 932 1015 1105 1313 1314 1376 1719 1818 2258 2276 2727 3058 3260 3321 3838 3839 3865 4021 4089 4364 4715 4731 4733 4736 4918
602	12	285	16	305 524 701 915 978 1161 1715 1723 1974 2034 2039 2242 2301 2332 2530 2634 2642 2793 2922 3243 3328 3620 3712 3742 3957 4080 4565 4634
610	8	76	16	518 546 592 596 621 626 762 916 1040 1224 1279 1403 1500 1645 1870 2004 2291 2320 2415 3201 3277 3331 3448 3492 3708 3714 4118 4127 4180 4556
623	27	130	16	271 900 1160 1336 1419 1950 2038 2181 2260 2321 2378 2498 3081 3105 3196 3531 3644 3829 4122 4352 4387 4425 4537 4871 4942 4957
647	14	287	16	125 356 683 704 819 1083 1337 1601 1691 1984 2088 2325 2584 2592 2725 2802 2918 3078 3151 3389 3449 3961 4295 4315 4645 4962 4987 4993
689	29	141	16	238 324 594 990 1010 1144 1252 1498 1724 2185 2405 2464 2468 2523 2709 2791 3334 3464 3606 4088 4101 4188 4421 4505 4589 4778 4925
9	30	287	18	176 198 214 250 469 848 911 981 1012 1433 1557 1584 1990 2011 2322 2509 2589 2633 3043 3578 3608 3720 4250 4904
11	5	85	16	5 11 49 115 279 398 745 1232 1260 1533 1701 1721 2033 2113 2370 2392 2622 2698 2923 3173 3207 3236 3651 3713 4641 4652 4999
26	34	6	16	32 179 331 729 779 841 1479 1549 1654 1726 2000 2310 2462 2475 2504 2522 2699 2829 3557 3643 3745 3847 4155 4237 4848 4898
46	10	248	16	18 82 88 343 602 818 991 1078 1464 1524 1673 1727 1902 1908 2387 2872 2899 2947 3028 3109 3215 3377 3580 3600 4056 4623 4730
50	26	240	16	15 29 124 262 281 289 510 731 917 1038 1050 1271 1659 1892 2932 3054 3197 3296 3509 3736 3857 3958 3963 4317 4412 4890 4945 4950
79	7	239	16	102 122 373 467 689 752 775 782 1264 1272 1576 1592 1758 2465 2674 3102 3104 3486 3626 4141 4253 4278 4547 4657 4676 4793 4932
100	33	277	16	36 123 348 627 671 755 826 881 1148 1167 1209 1325 1361 1377 1405 1440 1580 1732 2226 2274 2800 2877 3426 3707 4157 4800 4882 4924
126	11	118	16	48 139 150 643 1486 1608 2018 2048 2170 2188 2297 2364 2633 2650 2685 3209 3339 3345 3589 3685 3975 4076 4220 4236 4842 4933
133	24	334	16	166 439 692 693 811 910 1151 1456 1511 1681 1909 2012 2346 2409 2586 2975 2980 3128 3532 3640 3928 4158 4164 4773 4949
142	3	323	16	83 141 171 848 869 878 1114 1263 1269 1426 1545 1730 1774 1881 2231 2241 2581 3048 3240 3435 3488 3623 3888 3993 4399 4551
145	9	81	16	470 642 648 687 1371 1648 1704 1771 2120 2155 2419 2644 2730 2810 2974 2991 3017 3204 3363 3587 3692 4136 4213 4439 4814
167	21	84	16	74 215 269 616 760 905 921 949 997 1333 1561 1578 1925 2493 2556 2927 3046 3269 3474 3632 3789 4044 4392 4557 4763 4816
201	15	306	16	4 21 168 830 914 1502 2057 2134 2322 2524 2626 2675 2855 3461 3484 3561 3610 3907 4293 4297 4411 4566 4689 4843 4859
211	23	290	16	161 427 601 618 956 1127 1725 2222 2290 2393 2408 2814 2920 3074 3107 3316 3831 4112 4116 4405 4582 4597 4674 4722
222	40	75	16	117 197 675 939 945 1155 1343 1729 1754 1815 1854 1957 2101 2559 2601 2607 2693 2938 3468 3629 3645 3675 3777 4147 4201 4398 4524 4692
273	16	133	16	182 300 306 405 435 728 962 1033 1788 2252 2518 2538 2765 2832 2865 3291 3425 3793 3860 4845 4919
290	31	172	16	428 503 519 647 1052 1113 1166 1255 1568 1607 1650 1679 2054 2314 2637 2728 2958 3752 3858 3934 4016 4186 4229 4456 4506 4668 4965
306	2	304	16	45 149 183 241 374 940 1399 1658 2092 2333 2379 2552 3301 3667 3790 3900 4114 4207 4291 4532 4534 4861 4976
307	18	265	16	129 137 158 392 447 633 1134 1254 1317 1324 1461 1647 1834 2481 2525 2605 3087 3100 3154 3203 3338 3433 3534 3706 3820 3846 4024 4591 4709
326	25	246	16	490 530 535 563 567 652 705 885 1076 1112 1402 1411 1452 1830 1849 1968 2540 2648 2955 3037 3232 3698 3943 4319 4418 4483 4528
347	36	319	16	92 147 244 316 440 793 911 1008 1147 1459 1616 1687 2211 2281 2617 2668 3035 3164 3262 3697 3737 3774 4011 4233 4335 4435 4578 4604
370	13	267	16	421 630 1348 1394 1731 1747 1948 2005 2284 2606 2615 2773 2775 2846 2904 2978 3043 3135 3420 3930 3980 3986 4009 4265 4621 4636 4703
377	4	63	16	371 994 1068 1268 1365 1629 1661 1685 1764 2485 2718 2827 2884 3268 3294 3467 3792 4187 4272 4301 4328 4372 4445 4497 4521 4592 4847
404	19	173	16	553 677 948 1310 1404 1536 1676 2463 2508 2532 2657 2717 2722 3153 3220 3309 3591 3738 3842 3895 4204 4243 4259 4934
416	28	263	16	26 120 293 388 987 1028 1443 1595 1822 2204 2428 2472 2512 2689 2828 2926 2952 3016 3383 3404 3483 3619 4000 4073 4075 4533 4595 4706 4823
429	38	316	16	89 259 399 815 844 988 1075 1146 1267 1355 1522 1539 1542
437	35	260	18	121 329 389 481 1708 1744 1829 1994 2744 2924 3057 3091 3464 3627 3768 4167 4393 4447 4630 4942
441	39	194	18	300 313 435 500 593 859 1022 1150 1674 2251 2451 2474 2501 2548 2614 2625 3082 3088 3317 3407 3439 3741 3882 3975 4178 4202 4841 4906
471	20	92	18	184 206 555 661 835 836 1323 1522 1910 1931 2092 2632 2637 2766 2859 2894 3050 3125 4029 4071 4426 4429 4679 4856 4996
472	1	185	18	243 477 582 926 1122 1326 1328 1426 1679 1685 1787 2003 2065 2089 2151 2371 2493 2929 3192 3291 3420 4086 4297 4538 4606
497	22	212	18	14 63 96 377 609 631 798 803 947 1049 1246 1322 1528 1775 1948 2443 2551 3417 3903 4100 4423 4783 4842 4931
512	37	327	18	275 451 578 808 1168 1606 1647 1750 1907 1997 2303 2478 2517 3108 3302 3348 3495 3498 3899 4176 4289 4420 4531 4615 4750 4908
525	32	60	18	367 420 478 548 575 1204 1303 1331 1338 1988 2462 2585 2615 2909 2937 3046 3273 3463 3676 3861 4123 4144 4185 4246 4348 4431 4555 4564 4681
559	17	192	18	211 727 787 865 910 1409 1523 1598 1686 2244 2386 2609 2702 2848 3184 3300 3395 3682 3949 4040 4218 4827 4919 4993
572	6	301	18	162 446 588 805 814 820 1268 1325 1444 1580 1849 1896 2288 2677 2853 3308 3361 3845 3892 4084 4211 4526 4576 4585 4682 4776
575	12	331	18	155 231 308 338 356 373 637 1079 1389 1396 1534 1637 1842 2142 2253 2487 2578 3039 3096 3364 3766 3936 4009 4192 4194 4323 4362 4433 4650
581	8	149	18	506 1032 1046 1084 1195 1476 1543 1612 1808 2598 2814 2932 3101 3223 3454 3579 3651 3760 3769 3833 4049 4153 4217 4230 4356 4735 4774 4903
582	27	23	18	84 212 676 792 1120 1138 1177 1206 1453 1511 1799 2077 2326 2373 2411 2473 2617 3055 3347 3359 3751 3831 3958 3962 3989 4164 4464
583	14	253	18	73 79 236 254 294 372 504 873 1013 1090 1930 2519 2542 3158 3221 3565 3695 3855 3913 3917 4171 4400 4486 4675 4708 4980
612	29	78	18	255 528 722 791 882 906 932 1856 2026 2073 2430 2569 2714 2828 3007 3141 3529 3554 3887 4068 4124 4179 4267 4296 4460 4497 4581 4798 4837
620	5	220	18	359 544 587 721 748 1161 1569 1608 1965 1992 2309 2511 2621 2798 2880 2977 3069 3296 3297 3472 3583 3746 4241 4461 4578 4661 4806 4831
624	34	237	18	218 235 749 886 957 1000 1215 1556 2069 2166 2489 2557 2983 3181 3414 3558 3753 3781 3997 4116 4274 4653 4748 4838 4894
632	10	20	18	27 65 410 696 769 896 1628 1703 1844 1954 1991 2249 2372 2533 2619 3203 3209 3493 3521 3542 3900 3932 4070 4165 4187 4304 4775
651	26	269	18	102 262 270 295 595 687 913 1033 1447 1723 2311 2382 2645 2664 2679 2772 3112 3148 3254 3292 3707 3734 3876 4244 4260 4518 4918
653	7	334	18	385 525 563 761 862 1219 1233 1329 1395 1398 1790 1971 2147 2153 2570 2778 2857 2896 3123 3227 3372 3697 3858 4363 4375 4896 4937
661	30	237	20	328 344 631 680 743 1145 1369 1392 1766 1836 2181 2340 2490 2501 2760 2783 3067 3074 3308 3696 3812 4060 4271 4305 4614 4657 4741 4768 4995
675	33	286	18	742 969 1407 1492 1634 1642 1753 1791 2449 2482 2485 2990 3375 3646 4146 4284 4298 4325 4355 4365 4392 4778 4793 4795 4817 4917
676	11	117	18	311 600 797 1423 1471 1680 1876 2424 2453 2564 2599 2690 2729 2803 2850 3128 3187 3189 3316 3416 3445 3504 3811 4006 4136 4398
14	35	192	20	234 871 1020 1072 1138 1296 1333 1335 2300 2342 2417 2602 2604 2729 2745 2934 3000 3062 3333 3973 4066 4100 4642 4686 4718
61	24	232	18	399 479 686 827 1025 1154 1295 1388 1571 1621 1694 2354 2431 2504 2927 3224 3409 3750 4109 4151 4175 4354 4616 4646 4790 4929
67	3	27	18	140 150 670 1099 1529 1880 1892 2042 2807 3031 3035 3042 3305 3427 3450 3535 3629 3650 3843 4048 4093 4120 4453 4623 4693 4739
81	9	34	18	319 460 755 828 1418 1646 1661 1666 1960 1975 2015 2380 2469 2499 2782 2813 2957 3243 3265 3599 3612 3763 3978 4016 4269 4279 4621
87	21	3	18	2 153 334 357 574 603 1280 1334 1489 1497 1717 1776 2083 2352 2402 2550 2824 2984 3437 3700 3947 4331 4557 4664 4727 4864
95	15	139	18	104 108 126 291 891 1024 1058 1148 1267 1660 1695 1805 2218 2465 2579 2607 2623 2692 2925 2988 3168 4039 4043 4083 4115
102	23	281	18	133 393 894 992 1158 1358 1589 1596 1952 2122 2184 2458 2672 2786 3185 3394 3446 3505 3544 4107 4614 4686 4696 4724
122	40	167	18	58 90 654 705 750 903 1048 1362 1531 1555 1627 2107 2150 2390 2399 2539 2648 2709 3150 3200 3607 3873 4395 4816 4833 4961
129	16	70	18	61 514 519 675 857 869 1085 1199 1250 1532 1558 1754 2297 2400 3023 3299 3518 3747 4251 4282 4311 4407 4822 4859
138	31	89	18	46 83 545 746 810 851 902 1041 1234 1482 1488 1866 2080 2084 2110 2771 2784 2969 2985 3051 4015 4288 4761 4765 4847 4915
163	2	29	18	130 137 423 568 586 1114 1506 1521 1768 1843 2177 2235 2258 2396 2405 2572 2592 2634 2810 3672 4249 4280 4291 4330 4405 4710 4742 4994
179	18	239	18	23 199 412 440 744 777 834 2052 2103 2113 2136 2183 2397 2452 2959 3306 3366 3453 3671 3715 4373 4441 4516 4611
185	25	189	18	232 386 611 636 954 1851 1924 2035 2217 2282 2398 2973 3068 3500 3508 3543 3588 3632 3732 3758 4037 4073 4278 4301 4316 4411 4474
187	36	314	18	131 475 502 526 614 898 1439 1535 1551 1958 2306 2333 2404 2595 2910 3314 3494 3610 3641 3656 3966 3968 4205 4385 4730 4785
197	13	284	18	245 432 456 584 707 1003 1045 1208 1254 1432 1518 2158 2673 3215 3403 3442 3592 3683 4002 4131 4487 4567 4573 4860
206	4	330	18	88 403 430 489 521 536 775 909 966 1377 1378 1786 1794 2316 2347 2376 2591 2812 2987 3059 3770 3901 3995 4052 4455 4561 4572 4866
212	19	162	18	190 546 747 842 976 1132 1191 1463 1705 1806 1922 2753 2769 3005 3259 3339 3362 3828 3871 3931 3953 3963 4183 4402 4575 4803 4907
247	28	307	18	119 152 249 449 518 531 689 964 1249 1394 1618 1828 2220 2223 2232 2689 2760 3028 3311 3423 3484 3502 4370 4644 4725 4726
251	38	183	18	350 438 510 824 1063 1641 1893 1909 1935 2294 2305 2421 2907
260	39	172	20	330 437 943 963 1524 2251 2391 2594 2870 2890 2922 3287 3305 3383 3384 3452 4228 4280 4344 4440 4478 4702 4797 4839 4873 4899 4909
262	20	213	20	164 346 396 577 723 876 1245 1495 1590 1612 2155 2170 2226 2311 2335 2940 2950 2975 3558 3624 3821 3854 4150 4419 4554 4752
318	1	135	20	50 490 688 785 1048 1104 1163 1174 1180 1301 1472 1514 1944 1947 2089 2355 2428 2671 2825 2930 3053 3485 3754 3958 4076 4126 4809
327	22	318	20	24 189 352 634 745 867 978 1077 1273 1351 1380 1437 1544 1767 1884 2207 2854 3182 3208 3429 3448 3849 3979 4496 4644 4796 4803
379	37	53	20	122 175 384 491 524 796 803 1079 1191 1216 1260 1347 1389 1505 1770 3068 3693 3724 3733 3773 4180 4214 4248 4377 4539 4792
380	32	241	20	436 600 609 862 908 1167 1573 1733 2023 2148 2327 2429 2467 2523 2555 2869 2994 3311 3604 3755 3889 4090 4186 4562 4748 4918 4930
403	17	250	20	16 221 509 585 744 852 970 1101 1379 1447 1835 1854 2183 2265 2267 2539 2544 2580 2588 2645 3177 3265 3580 3659 4329 4446 4575 4640
413	6	325	20	74 403 528 729 789 965 1600 1763 1861 1962 1969 2348 2614 2916 3098 3191 3284 3509 3665 3678 3803 3848 3937 4385 4632 4880
423	12	38	20	304 559 589 1190 1371 1677 1726 2027 2169 2216 2293 2463 2578 2657 3169 3181 3337 3556 3663 3721 3795 4102 4307 4367 4639 4727 4786
424	8	169	20	66 178 192 440 904 916 1250 1430 1735 2040 2067 2175 2212 2400 2407 2459 2529 2728 3818 3982 3986 4086 4215 4444 4481 4685 4848
433	27	260	20	856 1119 1646 1824 1933 1994 2278 2421 2450 2843 3055 3065 3251 3332 3414 3620 3771 3910 4007 4061 4112 4369 4818 4854 4895 4991
442	30	241	22	54 219 223 457 557 704 738 1364 1473 1569 1640 1685 1794 2043 2365 2617 2642 2841 3186 3227 3329 3516 4194 4310 4802
453	14	197	20	313 351 586 748 863 930 1117 1227 1289 1302 1344 1618 1619 1880 2208 2319 2402 2785 2791 3146 4083 4449 4683 4764 4907
458	29	41	20	56 222 375 571 698 1188 1656 1802 2138 2195 2201 2213 2732 2918 3542 3713 3983 4012 4024 4232 4272 4276 4445 4486 4744 4905
473	5	43	20	788 865 983 1039 1085 2050 2066 2324 2347 2374 2561 3011 3336 3967 3980 4064 4105 4114 4277 4376 4484 4625 4817 4923
477	34	17	20	29 335 364 439 507 644 847 1070 1139 1162 1382 1406 1727 1784 2003 2433 2865 3246 3349 3439 3491 3687 3844 4244 4351 4559
494	10	179	20	77 343 486 505 1143 1183 1184 1829 2331 2564 2600 2601 3037 3057 3161 3637 3680 3839 3872 4166 4282 4402 4711 4933
506	26	243	20	15 430 797 1700 1897 2210 2304 2446 2690 2695 2971 3001 3049 3069 3285 3402 3634 3796 3831 4229 4247 4256 4410 4479 4541 4931
522	7	218	20	281 303 442 813 1463 1560 1754 1869 1910 1961 2016 2163 2197 2513 2543 2726 2848 4223 4275 4374 4468 4551 4568 4832 4882
541	33	280	20	34 230 365 441 669 724 811 1323 1384 1568 2053 2121 2135 2220 2350 2372 2597 2774 2892 3199 3344 3430 3511 4097 4147 4387 4589 4793
544	11	308	20	458 538 564 584 897 898 1398 1593 1702 1797 2178 2200 2244 2408 2611 2786 2828 3166 3526 3694 3780 4379 4788 4841 4913 4977
546	24	132	20	154 276 347 1080 1093 1671 1945 2001 2041 2477 2740 2752 2831 2858 2921 3325 3642 3669 3716 3836 4144 4254 4388 4514 4938
551	3	31	20	240 288 426 470 534 717 986 1040 1540 1845 1864 2286 2465 2568 2723 3032 3258 3475 3681 3814 3864 4014 4359 4731 4914 4929 4983
552	9	212	20	632 787 977 1000 1169 1276 1283 1426 1662 1790 1858 2154 2492 2550 2565 2860 2991 3036 3436 4128 4143 4155 4353 4437 4845 4851
570	21	335	20	67 630 1056 1207 1248 1284 1642 1725 1796 2547 2605 2697 2883 2937 3024 3158 3788 3838 3859 4056 4333 4592 4607 4615 4648
571	15	214	20	256 332 385 639 927 1486 1738 1975 2061 2264 2486 2784 2845 2894 2943 3286 3431 3503 3625 3778 3992 4026 4320 4675 4861 4998 5000
611	23	45	20	653 734 784 833 846 987 1034 1241 1288 1387 1475 1757 1970 2549 2986 3015 3133 3240 3370 3700 3790 3939 4039 4245 4397 4806 4824 4963
626	40	119	20	8 43 135 329 567 824 887 1073 1112 1125 1205 1539 2363 2546 2720 2852 3052 3615 3626 3729 4079 4299 4340 4366 4426 4815
628	35	43	22	8 22 36 278 369 641 715 1968 2064 2086 2137 2326 2583 2651 2719 2803 2844 3288 3383 3502 3521 4103 4495 4564 4757 4789
638	16	150	20	18 123 406 681 816 829 1082 1226 1885 1981 2246 2354 2593 2668 2840 2948 3382 3770 3857 3972 4239 4242 4631 4906 4988
639	31	35	20	132 149 588 1096 1639 1683 2010 2242 2619 2780 2812 2953 3140 3255 3722 3793 3901 4037 4179 4421 4671 4761 4798
645	2	11	20	7 81 131 283 572 786 997 1353 1480 1623 1771 2017 2042 2052 2118 2692 2731 2762 2818 2972 3438 3822 3913 4006 4205 4652 4910
650	18	202	20	369 463 502 617 949 1309 1329 1397 1659 1664 1668 1959 2236 2621 2659 2674 2857 2903 3097 3500 3933 3948 4113 4203 4460 4550
4	25	21	20	44 901 1019 1425 1889 2367 2468 2481 2699 2746 2794 2992 3171 3241 3421 3792 3960 4045 4390 4610 4653
22	36	155	20	82 457 587 591 599 670 776 1102 1349 1358 1396 1457 2141 2596 2598 2650 2712 2727 2868 3132 3410 3592 3623 3655 4602
34	13	79	20	60 423 556 562 622 828 1127 1633 1920 1929 2202 2259 2396 2618 2997 3005 3072 3303 3343 3594 3757 3807 3902 3922 4050 4594
62	4	211	20	139 204 382 621 807 831 1449 1510 2071 2094 2193 2261 2378 2751 2951 3373 3516 3565 3833 3867 3895 3911 4334 4415 4489
71	19	209	20	144 157 307 389 499 533 674 714 1436 1497 2115 2237 2280 2320 2412 2413 2644 2819 3007 3709 3875 4451 4498 4734
83	28	153	20	46 208 306 404 574 642 915 924 929 938 1047 1303 1653 1778 2161 2556 2579 3213 3307 3441 3585 3732 3931 3957 4536 4574 4777
86	38	333	20	251 666 951 1154 1246 1341 1367 1418 1464 2262 2591 2647 2653
90	39	37	22	11 109 134 560 887 1196 1231 1652 1677 1752 2527 2833 3001 3320 3618 3757 3877 4252 4300 4434 4438 4556 4622 4710 4876
104	20	280	22	44 145 264 713 878 1089 1132 1333 1669 1681 1922 2364 2762 2966 2999 3358 3499 3620 3684 4201 4276 4317 4367 4788 4943 4999
132	1	259	22	126 146 443 1086 1373 1375 1554 1561 2024 2149 2361 2677 3460 4012 4035 4059 4145 4414 4517 4553 4722 4829
143	22	344	22	64 312 579 640 1135 1874 1890 2214 2321 2328 2507 2554 2559 2737 2963 3058 3212 3347 3455 3486 3530 3671 4307 4403 4938
146	37	92	22	122 259 395 414 459 542 914 1137 1241 1405 2241 2781 3176 3231 3387 3708 4023 4048 4077 4096 4292 4309 4352 4583 4858 4889
219	32	181	22	217 258 724 880 963 1036 1212 1919 2114 2354 2794 2892 3177 3492 3498 3539 3541 3711 3784 3931 4227 4702
223	17	281	22	355 403 498 525 797 1457 1633 1866 2053 2129 2190 2288 2346 2834 3134 3262 3393 3589 3661 3731 4111 4123 4341
226	6	22	22	87 250 611 683 722 789 934 1069 1109 1155 1225 1717 2266 2296 2705 2714 2941 3376 3947 4299 4443 4641 4901 4959 4964
227	12	53	22	262 409 461 529 591 897 1106 1270 1418 1862 1967 2015 2030 2079 3524 3775 3950 4098 4159 4297 4362 4435 4685 4739
229	8	115	22	160 718 892 1006 1172 1227 1461 1563 1676 2093 2422 3024 3051 3123 3302 3473 3679 3844 4140 4187 4779 4860
232	27	134	22	95 175 193 679 756 931 1175 1189 1327 1699 1760 1907 2671 2692 2810 3033 3088 3180 3244 3356 4163 4169 4608 4742 4885 4982
234	14	15	22	652 987 988 1022 1237 1434 1519 1549 2045 2094 2182 2348 2410 2644 2921 2934 3161 3581 3588 3951 3954 4175 4246 4384 4530 4723 4784
239	29	251	22	19 454 590 646 710 735 1215 1442 1587 1889 2199 2208 2327 2632 2768 2975 3240 3394 3654 3764 3818 3837 3866 3868 4114 4118 4492
240	5	310	22	416 419 511 737 879 1180 1383 1422 1646 1738 1852 2451 2532 2590 2683 3162 3229 3261 3434 3529 3718 4502 4691 4812
259	34	293	22	70 227 269 462 478 581 970 1053 1076 1176 1220 2020 2125 2284 2293 2298 2377 2533 2720 3130 3328 3374 3974 3994 4256 4449
265	10	188	22	235 261 820 1124 1134 1200 1257 1409 2037 2116 2253 2300 2489 2872 3014 3138 3188 3580 3827 3912 3993 3997 4005 4442 4908 4953
277	26	12	22	185 330 534 700 767 873 972 1043 1911 2184 2587 3112 3217 3402 3778 3860 4105 4156 4613 4621 4648 4758 4904 4973 4984
281	7	321	22	187 548 630 1157 1247 1458 1632 2074 2233 2332 2360 2479 2917 2967 3121 3198 3203 3306 3503 3699 3702 3911 4080 4119 4729
295	33	70	22	51 149 348 474 516 629 829 865 1096 1125 1141 1408 1443 1547 1548 1898 1952 2443 2777 2991 3019 3289 3366 3579 4630 4794
297	11	93	22	286 360 363 1179 1644 2092 2124 2243 2267 2566 2787 2914 2933 3508 3735 3760 3921 4233 4240 4332 4349 4436 4674 4914
303	24	171	22	247 362 372 620 776 807 854 881 924 1209 1357 1468 1574 1713 1978 2558 2579 2605 2791 2878 3716 3801 4157 4188 4202 4451
333	3	297	22	15 48 281 1063 1286 1387 1429 1762 2122 2448 2576 2772 3115 3280 3399 3401 3403 3507 3598 4193 4311 4321 4539 4639 4826 4840
352	9	85	22	332 628 634 890 1380 1397 1657 2038 2047 2295 2450 2516 2580 2743 2747 2796 2822 3000 3095 3235 3649 4064 4179 4713 4986
363	21	69	22	271 322 378 442 495 1081 1277 1453 1579 1853 1972 2078 2397 2419 2511 2767 2846 3070 3226 3274 3324 4573 4603 4852
367	15	147	22	157 473 766 1159 1296 1310 1390 1440 1498 1511 1620 1649 2021 2088 2268 2385 2937 3168 3205 3216 3256 3624 3903 3966 4636 4875
391	23	17	22	662 678 1164 1351 1388 1986 2139 2187 2611 2652 2835 2836 3059 3093 3113 3468 3501 3606 3648 3749 4090 4380 4421 4429 4463 4678
438	40	142	22	279 397 517 535 650 994 1993 2518 2625 2805 3094 3459 3532 3574 3601 3795 3853 3904 4206 4290 4330 4745 4944
480	16	186	22	94 151 196 380 435 510 945 1122 1255 1282 1436 1639 1917 2172 2445 2452 2467 2987 3836 3855 4406 4571 4617
481	31	323	22	50 1604 1715 1804 2107 2109 2497 2517 2619 2748 2816 2887 2939 2947 3183 3380 3799 4067 4426 4447 4814 4902 4971
501	2	261	22	7 334 712 779 991 1564 1779 1859 1982 2157 2626 2661 2811 3060 3182 3494 3587 3780 3820 3894 4162 4184 4343 4432 4488 4658 4805
523	18	8	22	97 289 806 1048 1365 1520 1773 1879 2178 2416 2715 2994 3036 3085 3276 3290 3304 3519 4069 4104 4115 4170 4277 4439 4519 4520
531	25	340	22	191 539 868 912 1316 1625 1776 1786 1793 1818 2302 2515 2973 3056 3144 3250 3301 3479 3942 3978 4036 4258 4416 4690 4807 4864
537	36	173	22	78 253 313 554 571 631 659 771 1973 2096 2136 2433 2535 2732 2870 2961 3073 3353 3477 3478 3495 3621 3709 4148
562	13	101	22	228 507 599 850 1002 1005 1028 1369 1487 1596 1869 2117 2418 2607 2953 3238 3632 3633 3798 3902 3985 4022 4200 4355 4654 4810 4930
565	4	49	22	65 69 136 274 315 390 506 792 1023 1197 1293 1719 1858 2029 2247 2407 2798 3153 3225 3319 3824 3842 4079 4366 4430 4954
573	19	221	22	475 491 752 812 843 989 1025 1153 1315 1349 1513 1611 1647 1826 1913 1920 1957 1958 2343 2925 2938 2995 3603 4102 4154
584	28	193	22	194 229 723 920 1362 1580 1663 2454 2680 2813 2832 3199 3219 3430 3537 3578 3728 3804 3886 4033 4051 4068 4161 4761 4801
594	38	289	22	452 684 830 1116 1178 1392 1509 1635 1831 2002 2034 2206 2226
600	30	271	24	126 241 480 596 649 685 840 908 916 1181 1302 1336 1338 1613 1862 2027 2359 2672 3002 3385 3560 3766 3789 4198 4928
605	35	77	24	169 219 578 796 1388 1450 1515 1739 1779 1921 2135 2432 2775 2963 3030 3135 3690 3917 4003 4163 4177 4314 4377 4756
607	39	140	24	66 586 653 774 1042 1156 1249 1480 1792 1917 2025 2147 2283 2544 2743 2824 2901 2915 3012 3660 4059 4216 4337 4447 4545
609	30	140	26	186 324 395 1020 1067 1359 1509 1756 1978 2129 2159 2224 2272 2436 2456 2480 2640 3202 3401 3649 4074 4605 4672 4926
616	20	152	24	339 398 808 1102 1203 1301 1596 1885 2021 2058 2061 2486 2585 2765 2811 2838 2926 3160 3286 3422 4111 4120 4820
629	1	336	24	99 320 331 644 786 926 1044 1089 1289 1428 1431 1490 1650 2157 2171 2235 2607 2724 3082 3100 3145 3148 3788 3938 4012 4650 4951
646	22	45	24	155 412 471 620 742 905 1131 1319 1382 1427 1435 1505 1861 2403 2473 2889 3007 3152 3276 3399 3920 4095 4568 4809 4981
649	37	249	24	236 306 424 529 1067 1119 1274 1370 1462 2067 2118 2383 2516 2581 2609 2945 3331 3723 3733 4063 4557 4597 4687
667	32	104	24	86 111 122 129 365 488 619 1162 1275 1699 1820 2007 2008 2043 2217 2456 2591 2725 3248 3355 3512 3934 4588 4727
668	17	171	24	201 892 1443 1602 1651 2167 2748 3228 3318 3379 3424 3783 4032 4065 4174 4270 4298 4316 4334 4450 4487 4721 4728 4763 4791
8	6	224	24	145 351 509 542 724 907 1346 1578 2002 2130 2145 2424 2480 2546 2907 3384 3442 3701 3997 4081 4233 4252 4295 4456 4677
31	12	278	24	625 709 756 1141 1160 1408 1517 1568 1875 1895 2327 2433 2612 2706 2795 2877 3204 3294 3333 3462 3485 3828 3981 4495
58	8	90	24	146 162 418 922 1073 1097 1182 1575 1738 2366 2387 2574 2835 2880 2941 3156 3303 3449 3489 3496 3615 4146 4235 4540 4754
82	27	207	24	35 171 243 253 355 540 713 885 1098 1132 1270 1982 2055 2064 2367 2678 2802 3114 3633 4014 4094 4108 4379
110	14	60	24	349 545 844 958 1023 1147 1593 1599 1705 1868 1912 2075 2500 2514 2629 2834 3517 3599 3801 3989 4390 4570 4583 4760
111	29	203	24	143 368 476 963 1202 1562 1661 2543 2676 2738 2844 3091 3134 3290 3334 3541 3909 3979 4238 4287 4408 4651 4666 4858
139	5	106	24	9 112 144 232 285 342 732 856 954 1543 1622 1679 1955 2031 2409 2413 2635 2665 2699 3129 4071 4457 4743
144	34	59	24	127 193 200 293 506 853 880 955 1229 1281 1701 1973 2527 2787 2837 3051 3188 3629 3902 3976 4403 4520 4627 4638 4667
151	35	59	26	409 415 424 723 1126 1519 1630 1637 1693 1911 2020 2126 2327 2418 2804 2805 2876 3231 3398 3764 3819 4223 4308 4971 4997
159	10	154	24	5 63 369 494 580 654 956 1339 1642 1772 1785 1849 1944 2445 3438 3759 3994 4191 4397 4494 4514 4636 4841 4889
194	26	142	24	226 254 358 589 696 952 1220 1235 1697 2095 2185 2254 2583 2627 2628 3380 3571 3750 3965 4223 4463 4685 4712 4973
218	7	324	24	84 174 177 449 1091 1223 1272 1410 1510 1598 1863 1983 2336 2898 2940 3182 3252 3404 3481 3739 3892 3932 4569
221	33	338	24	170 310 467 870 935 1244 1384 1399 2454 2459 2808 2929 2985 3041 3163 3223 3247 3260 3441 3593 3647 3662 3675 4088 4172
243	11	261	24	270 341 401 485 638 750 1004 1129 1243 1538 1693 1839 2261 2317 3390 3621 3907 4694 4772 4834 4892
253	24	68	24	32 39 94 225 268 381 662 1581 1673 2164 2210 2236 2273 2392 2401 3293 3480 3506 3507 3586 3854 4283 4758 4825 4864
257	3	137	24	21 359 396 1242 1354 1385 1999 2654 2881 3027 3112 3267 3295 3301 3455 3544 3605 3996 4029 4262 4392 4561 4795 4912
264	9	64	24	227 283 562 627 677 768 791 866 1232 1736 1812 2004 2212 2429 3090 3695 3966 3968 3973 4092 4228 4488 4706 4886
291	21	145	24	194 356 898 899 939 1213 1457 1606 2307 2792 3406 3609 3672 3782 3850 3887 4302 4511 4575 4626 4810 4920
353	15	344	24	738 932 994 1683 1801 2198 2213 2230 3251 3296 3545 3595 3613 3692 3742 3756 3765 3919 3924 4464 4465 4599 4746 4765
355	23	153	24	106 275 478 682 826 904 946 1677 1749 2090 2733 2836 3430 3752 3760 3773 4004 4182 4268 4475 4479 4522 4523 4665 4699
390	40	48	24	109 190 322 680 769 809 979 1007 1627 1743 2045 2278 2718 2971 3319 3417 3457 3542 3705 3787 3928 4026 4353 4678 4696
397	16	54	24	128 274 491 561 615 1239 1386 1583 1967 2216 2240 2569 2664 2786 3083 3110 3138 3309 3340 3684 3898 3914 3916 4129 4150
402	31	107	24	336 440 647 734 1208 1357 1551 2281 2524 2717 2779 2867 2993 3342 3492 3572 3724 3726 3867 4196 4393 4684 4702 4718
427	2	264	24	67 345 400 407 741 1060 1078 1095 1107 1265 1316 1353 1692 2158 2189 2587 2781 2977 3680 3694 4011 4122 4648
468	18	300	24	240 266 337 454 534 539 893 1334 1455 1709 1963 2341 2859 2905 3146 3785 3896 3908 4025 4185 4422 4441 5000
487	25	292	24	173 325 463 604 1198 1368 1540 1639 2072 2091 2440 2460 2485 2790 2815 3049 3269 3715 3883 4069 4211 4323 4528 4670
490	36	328	24	327 335 1580 1832 1900 1915 1993 2083 2804 3058 3258 3398 3504 3583 3636 3644 4096 4320 4443 4470 4707 4751 4835
504	13	122	24	214 273 347 462 941 1179 1537 1833 1971 2245 2482 2490 2558 2643 3029 3268 3664 3806 3945 4356 4736 4752 4883
520	4	197	24	20 531 556 944 1057 1133 1530 1667 1802 1904 2100 2151 2306 2703 3017 3022 3273 3576 3796 3978 4139 4282 4386 4963
557	19	156	24	142 549 1146 1210 1400 1471 1634 1976 2377 3050 3052 3094 3387 3447 3490 3781 4040 4201 4669 4806 4812 4833 4887 4966
560	28	215	24	203 387 777 801 902 1033 1150 1157 1206 1576 1594 2026 2138 2410 2477 2513 3165 3307 3714 4083 4236 4249 4634 4829
564	38	235	24	264 295 608 664 733 959 1325 1588 1660 1911 1947 1960 1989
585	39	7	26	4 311 422 721 954 1071 1118 1302 1436 1465 2119 2131 2265 2824 2913 3054 3229 3458 3510 3531 3554 3775 3846 4085 4840
599	20	151	26	156 285 401 450 679 1283 1479 1645 1910 1980 2062 2175 2240 2312 2587 2606 2886 2937 3110 3447 3985 4197
625	1	236	26	244 247 253 804 861 904 1245 1416 1507 1555 2857 3023 3486 3645 3807 4104 4208 4313 4440 4457 4495 4501 4665 4815
627	22	30	26	42 97 196 309 699 783 1013 1276 1611 1623 1749 1809 1898 2087 2193 2751 2935 2999 3053 3072 3286 4089 4196 4388 4584 4704
633	37	35	26	266 519 643 706 815 941 1769 2057 2158 2340 2724 3021 3028 3237 3253 3266 3313 3427 4259 4760
635	32	115	26	34 91 113 453 685 772 1032 1624 1631 1651 1745 1848 2137 2150 3172 3558 3776 3832 3861 3893 3941 4331 4728 4973
665	17	277	26	173 284 716 737 894 1019 1087 1193 1278 1417 1540 1812 2261 2566 2679 2823 3375 3658 4141 4225 4401 4439 4525 4536 4830 4889
673	6	202	26	89 99 407 752 790 1110 1258 1525 1574 1760 1919 2447 2871 3213 3220 3222 3568 3600 3674 3697 4000 4165 4476 4767
681	12	245	26	171 379 945 980 1101 1331 1885 1944 1966 2331 2563 2812 2816 2905 3261 3450 3609 4041 4051 4243 4836 4841 4851 4876
685	8	108	26	72 466 528 541 947 1216 1284 1927 2225 2487 2492 2672 2764 3032 3071 3305 3369 3526 3601 3826 3996 4005 4108 4236 4910 4935
686	27	329	26	3 307 638 817 950 1211 1217 1312 1365 1761 1778 2239 2375 2874 2885 2927 3040 3080 3436 3501 4061 4250 4462 4715 4998
694	14	39	26	152 598 879 1018 1351 1370 1547 1955 2552 2678 3112 3180 3407 3469 3478 3556 3739 3852 3875 3894 3960 4017 4324 4432
695	29	234	26	286 290 896 1363 1421 1506 1588 1696 1708 1837 2036 2073 2090 2669 2842 2888 3126 3143 3323 3432 3783 4263 4334 4877
24	5	128	26	375 695 909 1004 1943 1983 2068 2540 2730 2792 2858 2872 2972 2979 3079 3329 3555 4265 4386 4797 4811
45	34	114	26	230 314 620 1153 1186 1281 1666 1692 1856 2659 3052 3116 3496 3576 4483 4489 4698 4706 4774
51	10	159	26	153 607 823 972 1289 1352 2142 2166 2205 2706 3103 3285 3293 3481 3607 3759 3915 3963 4075 4255 4260 4371 4637 4718 4953
56	26	305	26	785 849 1036 1187 1482 1807 1858 2079 2231 2304 2410 2439 2505 2621 2725 2914 3081 3242 3506 3727 3822 3898 3907 4037
57	7	345	26	259 467 579 608 711 967 1175 1379 1847 2294 2352 2435 2488 2506 2887 2895 3042 3460 3569 3954 3981 4176 4230 4593 4881
65	33	227	26	918 1170 1510 1697 1714 1738 1841 2105 2194 2295 2323 2754 2772 2826 2928 3033 3113 3356 3756 3816 4266 4484 4662 4759 4846
72	11	126	26	181 442 580 703 1189 1297 1300 1513 1515 1740 2072 2286 2315 2576 2889 2922 2934 3207 3246 3767 3778 3870 3874 4481
89	24	50	26	378 1129 1456 1678 1914 1996 2172 2238 2374 2426 2793 3251 3274 3701 3938 4321 4872 4922 4938 4977
101	3	56	26	213 416 433 487 1253 1390 1669 1731 2094 2184 2354 2546 2573 2636 2855 3255 3288 3320 3757 3779 3936 4357
103	9	143	26	451 460 639 690 1095 1682 1717 2256 2455 2890 3111 3195 3291 3354 3370 4112 4130 4413 4469 4727 4748 4766 4984
112	21	257	26	237 405 810 1227 1279 1444 1874 1875 1921 2715 2950 3415 3454 3533 3791 3800 3991 4139 4153 4242 4780 4978 4985
176	15	176	26	222 740 814 1250 1545 1550 1564 1883 2218 2373 2538 2645 2681 2964 3001 3264 3276 3732 3742 3908 3977 4002 4335 4713
195	23	22	26	394 485 562 701 818 1249 1401 1474 1536 1672 1674 1772 2330 2614 2954 3003 3176 3617 3646 4026 4065 4164 4282 4301
207	40	63	26	103 254 310 569 673 777 959 1338 1534 1739 1766 2271 2427 2742 2766 3024 3078 3571 3687 3843 3881 4553 4989
216	30	7	28	78 279 376 468 496 684 739 1108 1714 1848 2054 2194 2427 2817 2845 2962 2995 3190 3367 3419 3927 3959 4788 4881
233	16	270	26	140 180 404 425 710 726 863 1410 2052 2099 2103 2314 2585 2948 2966 3140 3641 3707 3809 3840 3905 4258 4293 4696
237	31	188	26	299 308 596 923 1097 1179 1198 1553 1990 2597 2604 2741 2904 3283 3549 3651 3817 3895 4560 4724 4745 4764 4994 4995
271	2	299	26	53 185 432 675 884 965 984 1045 1134 1242 1718 1962 2015 3151 3318 3476 3744 4345 4375 4636 4852 4966
328	18	166	26	134 265 351 370 471 1787 2011 2149 2310 2382 3124 3385 3392 3437 3567 3796 4001 4033 4103 4358 4548 4771 4828
354	25	64	26	87 277 483 651 753 999 1098 1277 1304 1668 1926 2032 2394 2622 3062 3120 3462 3882 3952 3976 3998 4058 4072
383	36	14	26	124 127 182 664 845 1161 1374 1893 1923 2776 2782 2839 2866 2930 3177 3238 3399 3689 3866 4045 4725 4755 4954
388	13	211	26	22 142 333 469 557 697 990 1229 1270 1342 1487 1491 1581 1891 1929 2279 2696 2849 2919 3115 3932 4497 4499 4625
405	35	227	28	10 151 412 1045 1470 1729 1730 2112 2147 2161 2189 2333 2442 2491 2742 2821 2950 3757 3970 4321 4409
445	4	68	26	59 294 462 468 778 1205 1266 1438 2534 2547 2612 3027 3184 3226 3614 4004 4283 4328 4573 4854 4939 4957 4965
485	19	41	26	85 170 384 1317 1458 1535 1796 1882 1946 2125 2437 2517 2605 3065 3161 3543 3572 3798 4289 4344 4364 4392 4663
486	28	228	26	293 509 521 671 860 1039 1950 2029 2098 2263 2381 2864 3097 3204 3232 3373 3773 4193 4382 4442 4600 4821 4878 4909
519	38	152	26	14 188 216 339 573 773 927 1038 1287 1975 2004 2023 2171
530	39	312	28	215 640 1178 1344 1477 1626 1923 2133 2219 2250 2289 2544 2549 3196 3409 3446 3688 3855 4064 4576 4627 4807 4992
588	20	91	28	772 922 999 1004 1059 1233 1926 2227 2301 2329 2580 2584 2675 2689 2800 3116 3151 3167 3515 3991 4168 4542 4950
606	1	89	28	66 79 118 244 482 647 1360 1380 1516 1669 1830 1949 2159 3270 3389 3699 3708 4099 4544 4785 4792 4924 4994
630	22	274	28	3 158 167 285 343 665 691 891 984 1087 1232 1284 1354 1467 1481 1779 2078 2163 2906 3059 3758 4284 4397 4690
642	37	104	28	22 85 163 363 993 1346 1532 1960 2213 2328 2558 2559 2610 3015 3109 3120 3129 3838 3961 4138 4153 4355 4475 4935
666	32	31	28	72 106 124 195 224 837 935 1443 2281 2326 2368 2767 2953 3550 3825 3828 3967 4028 4053 4098 4268 4330 4631 4745
688	17	44	28	86 301 598 644 907 975 1156 1166 1588 1668 1935 2090 2170 2397 2765 3066 3531 3989 4339 4447 4507
690	6	130	28	65 217 257 345 455 473 501 919 964 1376 2134 2138 2646 3080 3113 3134 3345 3479 3618 3679 3998 4527 4582 4957 4990
691	12	97	28	83 359 611 660 942 979 1181 1316 1737 1850 1934 2057 2130 2162 2360 2673 3404 3666 3984 4351 4373 4478 4545 4802
25	8	268	28	77 202 287 687 1043 1263 1741 2635 2648 2682 2823 2865 2986 3449 3452 3925 3944 4034 4146 4250 4271 4328 4424
32	27	24	28	21 92 558 600 637 714 1265 1565 1785 1937 2108 2339 2464 2548 2836 2912 3192 3466 3734 3909 4124 4501 4533
36	14	231	28	159 193 239 735 1098 1306 1746 1808 2046 2484 2629 2904 3213 3249 3353 3422 3638 3639 3742 3884 4149 4562 4635
39	29	3	28	157 165 421 728 732 786 1021 1132 1216 1404 1834 2414 2782 2909 2959 3097 3502 3835 4266 4418 4452 4796 5000
49	5	154	28	272 448 460 462 526 793 953 1112 1123 1314 1350 1436 1745 2382 2569 3045 3174 3375 3677 3852 4281 4308 4309 4463
59	34	203	28	60 114 527 758 918 1099 1202 1332 1378 1707 1844 2167 2358 2406 2776 2931 3010 3323 3540 3888 3938 4614 4743
66	10	205	28	886 992 1176 1855 1872 1873 1913 1951 2072 2096 2173 2318 2479 3346 3821 3968 4702 4769 4775
74	26	87	28	178 284 651 703 724 748 1258 1594 1764 1811 1890 1938 2050 2216 2437 2700 3392 3545 3976 4151 4407 4445 4469
134	7	95	28	107 423 798 860 965 1174 1190 1537 1577 1901 2177 2506 2640 2863 3008 3333 3564 3805 4063 4569 4831 4947
149	33	198	28	210 218 286 322 413 450 823 1084 1244 1652 2352 2452 2603 2723 2840 3081 3173 3568 3641 3702 3952 4135 4869
158	11	165	28	236 513 619 948 1085 1381 1466 1947 2110 2734 2784 2964 3528 3660 3930 3988 4118 4154 4465 4504 4678 4732 4984
198	24	322	28	324 759 998 1008 1717 1755 1910 1952 1958 2526 2783 3035 3234 3247 3306 3387 4214 4224 4245 4320 4598 4916 4930 4997
209	3	57	28	198 318 1140 1210 1238 1559 1567 2007 2127 2366 2460 2625 2970 3092 3268 3512 4121 4259 4479 4674 4675 4703 4811
256	9	46	28	291 366 370 574 743 814 973 1214 1286 1345 1434 2077 2353 2728 2916 3049 3154 3936 4007 4061 4081 4467 4726 4804
287	21	305	28	17 201 209 864 1393 1979 2143 2494 2929 3099 3394 3706 3729 3735 3863 4350 4364 4609 4670 4701 4825 4839 4862
305	15	61	28	38 234 615 622 1055 1074 1092 1482 1618 2342 2423 2553 2691 2841 3312 3317 3572 3756 3772 4185 4314 4365 4539 4646
344	23	199	28	425 452 788 976 989 1472 1705 2115 2376 2476 2495 2528 2838 3004 3238 3465 3555 3562 3882 4155 4257 4741 4850
362	40	317	28	27 212 271 288 315 454 564 1016 1044 1157 2116 2231 2594 2830 3020 3047 3382 3697 3872 3955 3981 4169 4286 4427
372	16	259	28	467 575 1041 1201 1555 1670 2111 2285 2388 2439 2654 2757 2815 2897 3108 3362 3456 3554 3839 4150 4513 4714 4770 4906
395	31	117	28	102 364 396 414 626 1342 1566 2023 2029 2114 2554 2871 2879 3384 3491 4202 4229 4241 4783 4887
418	2	15	28	140 339 712 828 1188 1245 1256 1363 1428 1560 1591 1813 2080 2209 2330 2885 3149 3751 4346 4652 4744 4782
428	18	114	28	98 143 268 453 852 939 974 1011 1247 1349 2220 2228 2488 2556 3244 3383 3391 3473 3518 3810 3891 4008 4498 4989
432	25	2	28	296 592 679 920 925 1683 1816 1906 2322 2351 2362 3068 3114 3509 3743 3744 3951 4129 4313 4538 4900 4988
440	36	113	28	57 181 771 877 1163 1510 1546 2123 2126 2319 2335 2468 3373 3553 3573 3631 3889 4174 4319 4381 4565 4809 4820 4940
443	13	225	28	233 255 323 393 461 1251 1308 2085 2153 2340 2385 2449 2490 2519 2713 3546 3630 3642 4433 4446 4466 4617 4888 4922
451	4	127	28	228 304 394 599 887 889 937 1068 1361 1719 1831 1845 2746 3183 3349 4039 4109 4335 4362 4454 4671 4728
469	19	26	28	207 290 334 670 1062 1494 1684 2058 2088 2518 2616 2785 3416 3530 3753 4103 4106 4220 4274 4435 4610 4699
495	28	159	28	1 40 125 156 280 357 523 866 1474 1720 1792 2174 2413 2643 2896 3380 3646 3869 4050 4182 4391 4833
521	38	279	28	52 390 441 474 481 751 985 1397 2036 2165 2536 2636 2676
542	30	184	29	9 365 635 650 701 741 761 1793 2065 2375 2457 2796 2880 3106 3262 3549 4052 4091 4567 4749 4827
550	35	233	29	227 772 827 1091 1143 1151 1164 1214 1369 1682 1757 2499 3126 3228 3269 3352 3605 3640 3663 3974 4250 4533
589	39	284	29	84 550 727 977 1502 1686 1813 2205 2234 2401 3052 3421 3690 3879 3904 4224 4261 4554 4660 4791 4892
621	20	291	29	1007 1087 1492 1494 1550 1694 1883 1908 2064 2445 2584 2639 2689 2820 2926 2958 2968 3133 3258 3412 3582 4035 4353 4555
670	1	349	29	55 71 273 443 477 837 1152 1186 1452 1857 1936 2009 2321 2516 2575 2936 2984 3322 3514 3658 3762 3840 4680
672	22	279	29	445 528 531 658 731 950 1217 1313 1454 1819 2033 2434 2875 3083 3208 3399 3535 3687 3928 3938 4357 4475 4633
678	37	308	29	43 110 154 1110 1233 1497 2067 2081 2370 2654 2843 2899 3149 3275 3368 3544 3563 4038 4156 4363 4457 4586 4610
692	32	286	29	209 225 247 426 497 559 629 1218 1712 1873 2322 2337 2682 3143 3408 3436 3633 4543 4734 4800
23	17	164	29	253 417 908 928 1157 1407 1491 2233 2381 2439 2651 2658 2726 2900 2928 3578 3587 3682 3771 4043 4276 4647
35	6	47	29	187 527 702 805 937 984 1238 1322 1495 1691 2164 2197 2373 3130 3272 3381 3416 4028 4416 4874
43	12	66	29	438 484 554 704 892 954 1389 1607 1853 1983 2455 2749 2848 3125 3210 3847 4694 4751 4837 4848
94	8	330	29	93 485 685 867 921 1054 1165 1220 1758 1777 1997 2347 2366 2646 2721 2785 2878 3317 3547 3900 4279 4910
115	27	124	29	175 203 508 821 961 1093 1780 2098 2128 2450 2816 2818 2949 3338 3769 3971 4504 4619 4745 4972
193	14	19	29	108 224 774 929 1037 1103 1536 1637 1962 2011 2242 2754 3051 3155 3552 3666 3961 4113 4154 4879 4932
204	29	32	29	676 982 988 1256 1459 1563 1565 1657 1874 2328 2683 2894 3374 3581 3685 3876 4134 4641 4681 4987
217	5	170	29	160 267 514 595 651 762 1271 1363 1709 2113 2963 3013 3097 3111 3259 4219 4248 4273 4300 4566 4985 4993
252	34	102	29	260 1094 1483 1706 1837 1950 2006 2514 3107 3585 3726 3956 4110 4209 4368 4378 4384 4456 4698 4711 4863 4915
261	10	46	29	283 526 903 1080 1402 2102 2154 2436 2586 2593 2767 3166 3912 3926 4339 4350 4428 4520 4524 4638 4991
270	26	339	29	532 605 641 1059 1121 1281 1569 1811 2142 2187 2581 2982 3179 3376 3424 4018 4062 4277 4305 4321 4322 4364 4738
280	7	83	29	682 725 826 1235 1591 1909 2122 2285 2500 2729 2797 3025 3127 3270 3393 3556 3683 3748 4549 4737 4766
296	33	54	29	188 879 1736 2028 2885 2898 2906 3047 3137 3336 3705 3798 3885 3977 4072 4078 4152 4166 4787
300	11	169	29	795 835 1348 1583 1614 1638 1747 1941 1987 2093 2264 2313 2520 3011 3046 3351 3473 3590 3725 3862 4570 4695 4956
314	24	223	29	76 220 269 581 759 820 866 1285 1541 2574 2628 2912 3122 3562 3718 3785 4494 4611 4767 4820 4887 4897
321	3	181	29	64 404 935 1108 1149 1411 1518 2040 2353 2716 3022 3077 3145 3527 3616 3729 3897 4401 4496 4546 4789 4927
323	9	123	29	444 464 473 474 674 782 847 1277 1300 1321 1356 1689 2042 2361 2362 2426 2763 2948 3014 3214 4348 4667 4804
342	21	221	29	129 147 328 547 868 1206 1453 1722 1915 1937 2002 2086 2706 3016 3513 3644 3772 3910 4349 4371
371	15	155	29	614 636 1018 1509 1531 1737 1799 1815 1888 1926 2049 2148 2178 2293 2629 2696 3743 4199 4361 4404 4704 4843 4870
384	23	147	29	111 277 457 809 1102 1319 1439 1441 1671 2037 2246 2388 2473 2693 3117 3171 3487 3889 3959 4017 4913 4923
387	40	161	29	414 487 645 789 920 1022 1721 1825 1866 1906 2024 2263 2530 2702 3411 3413 3660 3681 3849 4138 4366 4376
407	16	317	29	148 618 917 1111 1234 1345 1797 1897 2491 2686 2882 3243 3246 3280 3297 3491 3887 4167 4478 4979
408	31	246	29	189 433 499 615 858 1475 1616 1827 2269 2379 2786 2990 3119 3289 3321 3357 3884 4128 4510 4536 4885
411	2	213	29	612 679 700 1014 1298 1601 1726 2089 2215 2367 2690 2739 3400 3468 3637 3755 3987 4094 4198 4284 4287 4943
414	18	294	29	8 36 176 655 718 823 836 1191 1276 2626 3419 3442 3548 3740 3898 4304 4406 4419 4515 4578 4590 4873
462	25	91	29	191 325 791 849 998 1222 1493 1548 1860 2085 2406 2479 2752 3405 3475 3816 4125 4385 4417 4454 4467 4828
470	36	341	29	379 461 1002 1041 1068 1171 1939 2268 2568 3191 3422 3676 3810 4222 4294 4420 4434 4634 4757 4861
478	13	340	29	389 456 689 1401 1514 1718 1773 2694 2779 2822 2996 3139 3812 3948 4030 4161 4177 4195 4231 4252 4830
484	30	123	30	174 311 570 740 969 1246 1369 1572 1894 1947 2508 2809 2856 3604 3662 4016 4144 4579 4653 4966
517	4	120	29	219 453 646 726 832 1236 1420 1537 1932 2105 2243 2249 2403 2776 2942 3557 3684 3719 4200 4319 4657 4775
535	19	4	29	406 408 479 569 1253 1625 2017 2034 2301 2613 2710 3369 3517 3520 3817 3826 3916 4107 4215 4258 4367 4798 4901
547	28	77	29	86 200 541 584 975 1330 1341 1798 1951 2119 2162 2778 3407 3461 3579 3665 3789 3856 4114 4327 4343 4513
601	38	215	29	132 315 802 863 1180 1373 1430 1749 2299 2350 2666 2946 2964
604	35	163	30	667 1108 1372 2227 2911 2913 2958 3096 3153 3173 3179 3425 3583 3619 3745 3751 3775 3922 4006 4159 4635 4858
622	39	309	30	220 372 446 489 1092 1094 1701 1733 1820 1934 1969 2803 2914 4292 4469 4582 4595 4613 4622 4823 4949
663	20	238	30	1053 1160 1170 1954 2000 2059 2186 2464 2677 2698 2973 3111 3178 3488 3589 3992 4331 4723 4847 4865
679	1	97	30	472 1476 1592 1762 1827 2031 2032 2245 2348 2634 2826 2967 2977 3230 3255 3857 3875 3962 4299 4548 4621
697	22	313	30	450 1003 1063 1526 1830 2130 2254 2316 2723 2863 3411 3493 3586 3647 3648 3725 4105 4203 4261 4596 4850 4860 4926
700	37	180	30	119 424 622 1027 1400 1439 2112 2169 2302 2512 3377 3389 3476 3562 4049 4285 4293 4616 4663 4758 4763 4936
6	32	18	30	6 35 206 451 1034 1111 1420 1507 1781 1864 1923 2383 2740 2799 2840 2867 2952 3419 4142 4921
37	17	347	30	54 539 1647 1716 1727 1764 1968 2139 2239 2432 2787 3048 3661 3815 4335 4345 4477 4585 4589 4799 4827
53	6	295	30	114 148 248 370 906 923 1447 1819 1922 2194 2253 2522 2757 2841 2916 3218 3345 3443 4785 4870
68	12	312	30	80 808 1159 1187 1257 1355 1630 1795 1828 2156 2232 2277 2470 2567 3300 4057 4098 4210 4290 4567
73	8	206	30	71 428 758 1223 1433 1972 1986 2016 2077 2258 2583 3110 3122 3349 3479 3623 3861 4184 4505 4605 4705 4881
80	27	160	30	135 189 581 1008 1913 2557 2750 2971 3123 3426 3515 3574 3622 4053 4085 4273 4662 4849
85	14	106	30	38 445 486 824 1015 1131 1366 2026 2633 2695 2789 2794 2858 3000 3335 3445 3603 4214 4341 4525
96	29	127	30	501 952 1300 1314 1318 1503 1814 1832 2431 2438 2602 2603 3217 3355 3570 3790 4354 4427 4784 4815 4982
108	5	110	30	681 962 1419 1747 2157 2246 2248 2338 3095 3410 3435 3823 3902 3942 4027 4166 4340
147	34	242	30	136 848 1060 1079 1118 1474 1585 1618 1945 1955 1995 2319 2688 3105 3131 3340 3554 3722 4070 4263 4568
182	10	90	30	294 980 1239 1745 1942 1948 2041 2305 2908 2915 3160 3193 3245 3295 3388 3644 3765 3786 3834 3896 3921 4329
236	26	207	30	161 167 237 336 480 938 1330 1624 1786 1977 2049 2218 2537 2793 3439 3532 3536 3773 3919 4394 4476
274	7	107	30	326 537 673 961 992 1189 1230 1269 1768 2103 2737 3283 3378 3860 3883 3983 4082 4124 4414 4429 4831
335	33	243	30	39 96 518 558 727 1051 1344 1958 2044 2127 2196 2341 2656 3329 3782 3802 3887 3894 4424
349	11	223	30	665 1004 1227 1463 1869 1964 2095 2132 2298 2498 2640 3259 3278 3651 3694 4470 4599 4866
381	24	337	30	141 717 958 1011 1261 1293 1321 1357 1654 2252 2356 2713 2817 2935 3213 3226 3400 4521 4624 4794
420	3	74	30	219 608 660 737 778 1152 1262 1368 1841 2048 2094 2113 2548 2747 3013 3251 3784 3988 4750 4950
465	9	129	30	5 104 173 335 970 1182 1271 1310 1438 1451 2108 2376 2524 3044 3080 3565 3655 3731 4867 4958
479	21	144	30	745 771 883 917 2325 2621 2693 3060 3320 3457 3530 3704 3977 4047 4087 4094 4172 4474 4732 4959
493	15	298	30	18 690 1375 1440 1576 1586 1661 2146 2553 2657 2712 2838 3098 3264 3372 3412 3689 4385 4786 4805 4999
539	23	76	30	14 273 383 785 1001 1029 1617 1680 1757 2189 2271 2337 2355 2893 3352 4117 4151 4680 4708
596	40	11	30	257 276 350 479 747 1296 1308 1597 1715 1943 1992 2201 2600 3128 3517 3999 4055 4512 4534 4716 4768 4771
608	16	118	30	180 344 427 774 1125 1204 1855 1966 2879 2902 2980 3391 3490 3594 3602 3719 3805 3995 4291 4645 4700 4983
615	31	220	30	497 515 583 606 710 1362 1392 1452 1614 1615 1846 2140 2174 2802 2931 3746 3809 4207 4746 4947
660	2	301	30	223 394 817 823 948 1888 2444 2494 2551 2738 2901 3167 3241 3347 3431 3800 3816 3982 4013 4843
662	18	146	30	216 725 807 986 1172 1665 2070 2149 2844 2921 2970 3157 3207 3277 3741 3864 3927 3958 4374 4538 4644 4964
164	25	36	30	16 483 524 1273 1413 1635 2282 2364 2527 2857 2949 2976 3382 3567 3819 4212 4581 4643 4830 4913
174	36	331	30	106 179 323 553 557 612 1263 1471 1837 2110 2255 2270 2638 2701 2822 3451 4032 4313 4863 4951
180	13	214	30	354 475 560 825 849 927 1136 1421 1854 2007 2120 2129 2831 3280 3501 4103 4359 4458 4464 4699 4878
202	30	18	27	89 255 564 882 1152 1282 1320 1594 1642 1936 2795 2969 3045 3172 3209 3233 3907 4571 4898 4966 4989
210	4	56	30	91 990 1070 1322 1823 1882 2552 2761 2995 3023 3136 3538 3590 4065 4100 4186 4326 4349 4448 4528 4971
213	19	72	30	19 414 915 1459 1518 1873 1890 2359 2400 2405 2480 2550 3063 3191 3444 3712 4062 4224 4264 4661 4740
225	28	103	30	12 643 1255 1629 1669 1815 2210 2257 2286 2303 2684 2797 2944 3469 3964 4116 4160 4253 4336 4834 4875
336	38	205	30	549 950 989 1516 1519 1560 2020 2223 2292 2705 2780 2929 2955
366	30	78	25	108 391 480 768 978 2273 2279 2451 2910 2957 3221 3265 3282 3441 3497 4189 4386 4395 4492 4692 4835
393	30	67	23	125 144 232 543 856 1075 1203 1237 1911 2075 2769 2796 2892 2898 3041 3163 3641 3785 3791 4192 4903
406	30	300	21	161 488 598 1525 1803 2122 2452 3378 3432 3581 3684 3685 4180 4271 4378 4381 4405 4565 4664 4672 4975
439	30	276	19	169 258 452 511 520 631 734 1264 1529 1815 2017 2204 2638 2671 3066 3341 3497 3713 3751 3822 4512
461	30	276	17	58 75 127 260 455 704 1309 1395 1792 1969 1970 2046 2154 2218 2349 2632 2979 3211 3303 3802 3912
475	30	105	15	109 246 386 759 1243 1484 1538 1899 1917 2037 2148 2670 2931 3034 3148 3747 4025 4306 4752 4994
489	30	196	13	138 211 484 610 673 930 1135 1378 1532 1674 2153 2378 2870 3278 3334 4205 4283 4361 4608 4743 4746
498	30	216	11	310 368 492 1329 1455 1482 1501 1526 1705 2219 2389 2582 2982 3344 3627 3740 3905 3956 4337 4498 4626
508	30	335	9	151 288 627 1017 1259 1516 1740 1934 2071 2509 2668 3376 3414 3807 3812 4073 4595 4712 4775 4824 4975
518	30	69	7	305 482 627 859 1168 1728 1878 1985 2211 2332 2458 2896 3193 3396 4087 4251 4310 4315 4876 4895 4938
533	30	49	5	332 551 719 776 798 815 971 1120 1358 2264 2925 2944 3137 3258 3369 3752 3983 4633 4781 4843 4965
545	30	138	3	235 347 455 527 539 594 626 835 888 1067 1072 1194 1352 1620 2308 2311 3248 3348 3984 4683 4842
548	30	229	1	387 568 959 1279 1789 1987 2467 2712 2909 2920 3200 3273 3396 3497 3648 3912 3970 4033 4342 4389 4845
555	35	339	27	131 330 572 1056 1438 1453 1501 1732 2047 2198 2371 2393 2571 2977 3134 3494 3804 4055 4154 4477 4769
569	35	272	25	163 192 280 302 353 576 800 1130 1162 1848 1942 2435 2690 2821 3247 3499 3772 3908 4451 4563 4574
593	35	131	23	740 1016 1159 1444 1475 1590 1963 2257 2318 3145 3176 3460 3477 3522 4529 4651 4658 4747 4816 4867 4912
2	35	307	21	158 263 763 787 1698 1924 2425 2531 2695 2710 3019 3121 3362 3381 3863 3896 4045 4181 4916
64	35	38	19	207 1109 1801 1918 2251 2584 2753 3110 3371 3980 3989 4008 4088 4176 4223 4342 4358 4491 4705 4924
199	35	349	17	160 409 1073 1424 1633 1878 2102 2529 2588 2721 2806 2990 3010 3032 3316 3448 3451 3642 3944 4872
215	35	82	15	191 209 329 742 1161 1315 1438 1675 1683 2059 2192 2763 3079 3829 3895 4076 4265 4507 4530
245	35	94	13	565 1188 1320 1417 1483 1631 1663 1895 2016 2302 2374 2698 2800 2805 3341 3516 3825 4199 4531 4910
267	35	32	11	371 710 944 1030 1545 1706 1931 2288 2436 2665 2730 3267 3323 3608 3774 3825 3883 4075 4446 4629
317	35	242	9	62 160 1020 1142 1396 1593 1794 2171 2188 2195 2503 2536 2688 2903 3250 3864 3979 4609 4800 4979
343	35	326	7	18 938 1044 1151 1577 1813 1908 2117 2512 2652 2661 3086 3275 3278 3432 3455 3595 3944 4138 4898
346	35	174	5	55 81 90 757 766 2250 2426 2975 3010 3201 3366 3592 3637 3833 3854 4721 4726 4737 4756 4907
373	35	40	3	120 492 672 1140 1230 1478 1796 2679 2789 2807 3026 3118 3142 3386 3569 3642 3722 3842 4520 4550
444	35	247	1	76 78 208 229 612 624 653 922 1173 1190 2550 2763 3436 3476 3528 3551 3971 4158 4465 4796
499	39	132	27	198 297 379 533 901 1065 1145 1324 1503 1570 1649 2022 2521 3210 3322 3808 4084 4516 4790 4943
527	39	139	25	693 799 945 958 1061 1307 1504 1996 2068 2696 2720 2998 3433 3720 3736 3758 3812 4215 4616 4952
595	39	342	23	354 400 521 1006 1434 1784 2022 2029 2772 2865 2886 3168 3307 3523 3731 3868 3978 4211 4287 4958
671	39	180	21	1367 1577 1579 1675 1823 1902 2111 2176 2399 2428 2717 2773 3493 3639 3801 3940 4078 4296 4454 4529
683	39	249	19	37 96 585 1047 1404 1737 2088 2144 2406 2505 2832 2993 3126 3633 3846 4212 4464 4581 4628 4676
684	39	141	17	62 540 554 720 1010 1054 1712 2009 2344 2506 2532 2623 2630 2642 3424 3504 3624 4162 4754 4947
696	39	10	15	100 224 374 551 883 1094 1269 1306 1341 1928 1994 2013 2044 2063 3537 4035 4084 4173 4448 4826
42	39	283	13	691 760 831 914 928 1110 1286 1328 1497 1587 1912 2076 2243 2944 4177 4232 4453 4555 4948
70	39	298	11	23 998 1114 1426 1542 1596 1900 1966 2350 2661 2956 2961 3336 3346 3833 4142 4473 4486 4934
155	39	222	9	123 610 780 963 1042 1379 1406 1437 2082 2118 2545 3101 3281 3367 3636 3710 3774 4213 4275
157	39	327	7	551 575 779 1207 1414 1433 1888 2043 2086 2386 2391 3283 3779 3926 4027 4208 4836 4919 4968
241	39	233	5	184 271 333 422 966 1023 1069 1230 1257 1693 1744 2107 2208 3002 3928 3990 3991 4093 4293
375	39	204	3	244 252 523 752 916 1429 2303 2667 2779 3189 3754 3761 3837 4125 4506 4779 4925 4995
394	39	119	1	97 159 831 839 1046 1226 1498 1506 1543 1792 2017 2130 2804 3196 3586 4170 4322 4896 4955
507	20	1	27	45 69 365 456 852 880 1111 1380 1476 1806 2466 3187 3584 4272 4323 4348 4382 4635 4643
38	20	332	25	105 250 725 1556 1734 1801 2111 2318 2353 2670 3169 3612 3808 3870 3888 4208 4625 4708
114	20	170	23	295 675 821 1165 1290 1392 1752 1759 1831 2324 2844 2854 2882 3245 3409 3680 4137 4579
165	20	30	21	38 90 242 905 1139 1336 1528 1845 2183 3016 3018 3326 4167 4338 4647 4713 4821 4893
334	20	177	19	352 983 1140 1435 2140 2359 2398 2670 2923 3034 3235 3323 3706 3830 3966 4688 4733 4911
341	20	151	17	195 242 249 581 1055 1092 1104 1374 1460 1888 2464 2711 3090 3167 3309 3862 4262 4356
454	20	345	15	819 927 933 1330 1346 1613 1788 2106 2423 2525 2980 3371 4191 4243 4302 4388 4735 4999
580	20	231	13	969 977 982 1101 1164 1196 1210 1685 1821 2572 3214 3286 3335 3427 3704 3837 4551 4819
130	20	50	11	446 1241 1253 1535 1791 1987 2049 2050 2320 2551 2750 3009 3182 3232 3471 3698 4336
308	20	320	9	28 358 1207 1456 1458 1472 1499 1627 1905 2704 3194 3338 3365 3500 4111 4116 4801
503	20	254	7	362 587 844 1121 1347 1376 1730 1912 2402 2616 2787 2824 3165 3791 4175 4665 4671
568	20	129	5	31 179 630 744 1028 1802 2369 2417 2526 2583 3103 3107 3280 3862 4302 4837 4981
614	20	210	3	68 128 366 411 458 512 1173 1724 1997 2206 2254 2749 3139 3210 3880 4572 4823
16	20	217	1	85 395 565 980 1016 1500 1825 1981 2199 2383 2989 3021 3197 3594 4474 4788
374	1	112	27	35 1217 1677 1722 1953 2023 2160 2345 2449 2622 2819 2978 3343 3867 3897 4890
55	1	16	25	371 1093 1998 2663 2932 3027 3171 3483 3525 3577 3672 3806 4591 4596
386	1	319	23	302 447 564 1552 1591 1982 2175 2553 2560 3261 3502 3550 4152 4537
617	1	42	21	466 803 1332 2432 2441 2778 2970 2996 3040 3061 3266 3524 3949 4619
