Course	Room	Teacher	Time	Students
366	35	29	2	94 170 356 439 689 755 907 927 936 1379 1519 1726 1780 1817 2256 2325 2426 2433 2452 2580 2600 2635 2838 2840 3017 3240 3567 3615 3770 3839 3947 3978 4122 4425 4490 4506 4599 4667 4687 4718 4850
320	1	272	2	120 161 309 654 813 862 987 1536 1616 1724 1853 1861 1866 1907 1963 2065 2120 2158 2185 2309 2342 2482 2638 2847 3107 3116 3252 3280 3537 3627 3639 3846 4277 4367 4380 4793 4909 4920
656	7	279	2	90 291 299 458 950 1192 1304 1390 1534 1602 1808 1820 2170 2316 2393 2430 2724 2749 2822 2846 2916 2978 3074 3207 3432 3443 3628 3658 3796 3838 3851 4164 4234 4282 4341 4407 4482 4676 4802
419	13	46	2	35 107 670 696 870 1017 1240 1246 1324 1339 1401 1434 1613 1906 1948 1998 2096 2157 2172 2296 2300 2533 2542 2864 2919 3129 3378 3455 4446 4481 4647 4715 4828
612	14	302	2	515 520 583 1151 1222 1267 1279 1344 1691 1950 2051 2183 2215 2422 2573 2760 2852 3289 3400 3500 3542 3646 3683 3823 3845 4050 4070 4159 4185 4661 4688 4818 4971 4972
269	24	236	2	138 385 421 535 658 664 771 788 1110 1156 1165 1557 1583 1636 1788 1928 2148 2184 2320 2562 2595 2693 2900 2958 3040 3096 3461 3516 3640 3880 3957 4033 4080 4531 4640 4853
389	25	37	2	74 114 124 135 217 373 447 825 961 984 1007 1410 1473 1480 1736 1810 2003 2066 2083 2231 2271 2416 2459 2671 2680 2821 3284 3319 3389 3589 3666 3733 3870 3961 4055 4694 4716 4735
396	2	230	2	78 104 250 252 522 577 835 956 1031 1189 1213 1416 1475 1671 2016 2041 2128 2193 2375 2398 2628 2800 2879 2992 3176 3271 3393 3518 3577 3822 3825 4063 4134 4247 4495
482	12	304	2	143 283 490 558 561 643 839 916 1268 1303 1321 1925 2161 2252 2572 2614 2886 3454 3576 3731 3742 3771 4136 4178 4181 4183 4206 4301 4413 4415 4473 4503 4582 4586 4625 4900 4978
546	38	34	2	15 167 276 321 398 432 534 940 1046 1150 1356 1632 1740 1926 2034 2084 2362 2701 2799 2845 2866 2902 3333 3452 3670 3712 3720 3856 3874 4034 4076 4321 4387 4515 4893
22	40	281	2	75 166 191 380 435 990 1090 1102 1290 1466 1483 1637 1648 1699 1841 2097 2253 2263 2499 2758 2809 2868 2884 2933 3064 3208 3462 3766 3775 3897 3974 3997 4131 4334 4671 4832 4868
297	39	20	2	264 419 562 588 1181 1216 1372 1501 1505 1592 1785 1889 2008 2098 2134 2378 2597 2906 3098 3127 3398 3449 3559 3638 3684 3859 3885 4022 4057 4281 4331 4562 4598 4645 4813 4942 4986
352	22	112	2	55 157 244 310 381 631 699 818 858 867 885 964 1225 1239 1310 1335 1386 1538 2180 2223 2299 2326 2514 2616 2867 2912 3168 3229 3354 3906 3983 4046 4155 4253 4319 4690 4753
498	18	30	2	13 87 212 448 708 901 992 1022 1085 1088 1305 1317 1396 1403 2017 2018 2053 2087 2268 2434 2515 2538 2688 3058 3106 3130 3225 3278 3517 3867 4146 4525 4561 4696 4816
556	26	25	2	20 29 106 616 785 889 946 1047 1052 1524 1630 1993 2138 2186 2243 2678 2717 2820 3128 3209 3242 3395 3438 3529 3804 3966 3969 4069 4756 4774 4929 4995
581	10	114	2	5 44 204 243 248 433 806 850 905 1185 1287 1846 1977 2212 2429 2578 2622 2959 3293 3435 3571 3678 3705 3871 3872 4009 4145 4160 4190 4228 4293 4411 4652 4823 4882 4891 4969 4989
589	5	191	2	39 116 181 232 358 481 537 692 766 915 957 986 995 1042 1172 1420 1445 1634 1669 1698 1828 1921 2629 2631 2766 2807 2952 3008 3034 3721 4258 4327 4615 4623 4858
41	9	283	2	97 343 700 900 1816 1844 1876 2276 2350 2447 2518 2624 2683 2924 2935 2938 2974 2975 3090 3136 3184 3320 3336 3374 3504 3716 3752 3753 3755 3774 3887 4316 4430 4695 4711 4808 4975
58	29	219	2	251 410 730 848 1127 1154 1191 1647 1665 1734 1836 1856 1954 2089 2156 2280 2522 2527 2665 2714 2811 2839 2896 2951 3028 3368 3392 3397 3635 3693 3792 3816 3994 4396 4700 4923
234	28	229	2	273 288 371 420 494 498 544 569 659 815 872 1521 1659 1677 2019 2133 2265 2266 2528 2571 2773 2993 3015 3044 3125 3377 3772 3927 4177 4239 4279 4603 4821 4830 4871
251	27	319	2	89 240 268 615 798 898 1101 1157 1309 1389 1540 1638 1676 1697 1888 1910 1911 1931 2001 2197 2200 2543 2620 3053 3236 3563 3820 3848 3858 3962 4182 4460 4602 4724 4851
199	33	293	2	9 198 210 220 473 517 521 531 1365 1402 1628 1633 1867 2040 2267 2336 2413 2668 2676 2735 2797 2895 2953 2961 3250 3748 3750 3963 4171 4192 4351 4354 4423 4781 4990
422	15	162	2	85 186 277 397 470 674 697 1660 1737 1770 1896 1900 2011 2069 2198 2699 3282 3514 3746 3943 3953 4027 4041 4167 4176 4230 4375 4449 4452 4606 4726 4985
447	3	218	2	41 88 122 234 271 681 1119 1139 1186 1343 1357 1622 1767 1800 1958 2127 2322 2548 2844 2941 3004 3041 3174 3185 3299 3445 3544 3566 3619 3732 3738 3826 4286
522	35	37	4	253 410 1043 1121 1203 1507 1948 2035 2052 2218 2373 2426 2452 2543 3318 3329 3341 3589 3654 3803 3943 4137 4193 4204 4215 4329 4438 4485 4654 4697 4728 4801 4808
544	8	249	2	86 390 606 688 737 919 1205 1211 1531 1904 1920 2136 2240 2288 2483 2484 2882 3007 3010 3093 4101 4263 4272 4338 4424 4608 4738 4752 4925 4966
628	19	192	2	160 272 637 827 1091 1129 1176 1407 1791 1839 2049 2147 2328 2581 2585 2611 2785 2808 2862 3030 3079 3166 3386 3485 3763 3827 3941 4287 4743 4815 4998
636	34	2	2	154 231 375 636 906 935 1096 1148 1255 1313 1430 1627 1735 1747 1903 2314 2579 2633 2669 2970 3258 3323 3352 3355 3390 3411 3422 3864 3924 3989 4163 4540 4554 4611 4907
643	1	304	4	124 277 340 350 437 687 809 834 944 1073 1120 1126 1229 1444 1620 1915 2103 2160 2199 2529 2774 3006 3022 3023 3101 3183 3532 3623 3812 3887 4504 4587
3	20	255	2	488 549 622 665 928 1008 1099 1125 1360 1374 1454 2323 2418 2721 3023 3204 3328 3360 3379 3499 3695 3727 3739 3818 3853 4461 4520 4558 4772 4922 4924 4976
23	23	100	2	279 621 731 739 751 826 1155 1194 1295 1334 1450 1464 1492 1533 1695 1775 1929 2094 2248 2461 2467 2492 2670 3100 3588 3651 3780 3860 3886 4404 4689 4787
34	6	165	2	130 401 455 530 799 1141 1340 1442 1574 1763 1883 1953 2144 2379 2591 2754 2875 2881 2986 3142 3842 3878 3899 4090 4108 4235 4491 4648 4669 4683 4803 4807 4835 4926
217	32	299	2	60 267 278 326 1020 1539 1702 1749 1758 1940 2214 2284 2332 2390 2399 2411 2529 2649 2689 2711 2819 2956 2979 3066 3223 3428 3554 3648 3895 4310 4348 4456 4565 4824
275	37	63	2	295 354 948 1254 1502 1559 1885 1934 2258 2612 2634 2694 2728 2791 3039 3291 3324 3448 3530 3557 3765 3862 4153 4464 4571 4712 4761 4856 4917
330	4	253	2	193 546 592 604 777 792 814 836 1087 1114 1146 1529 1553 1845 1973 2074 2076 2092 2171 2324 2655 2775 3051 3424 3534 3562 3668 3789 3893 3985 4085 4300 4352 4720
383	21	189	2	211 565 698 951 1167 1198 1282 1322 1433 1567 1618 2093 2387 2417 2456 2934 3031 3113 3173 3549 3590 3704 3724 3767 4005 4071 4170 4189 4224 4349 4557 4705 4762 4949
428	11	110	2	64 77 1002 1208 1731 1732 1849 2070 2371 2380 2563 2568 2793 2872 2887 2962 3211 3256 3297 3357 3466 3708 3812 3837 4269 4371 4507 4510
639	36	108	2	1 129 201 415 443 492 603 732 769 779 1572 1716 2014 2072 2277 2776 2788 2966 3201 3232 3241 3413 3460 3471 3584 3784 3847 4151 4242 4270 4685 4796 4888
18	30	350	2	286 463 563 663 694 765 786 980 1033 1266 1380 1405 1495 2118 2141 2285 2462 2725 2734 2764 2790 2964 3003 3220 3279 3369 4030 4056 4442 4474 4634 4806 4954
55	31	217	2	71 115 158 284 325 528 903 947 1485 1523 1653 1741 1792 1799 2050 2644 2650 2667 2756 3006
60	17	318	2	38 275 313 671 1116 1245 1273 1793 1814 1872 1901 1944 2027 2303 2308
94	16	235	2	102 572 678 833 965 978 1144 1160 1359 1694 1909
171	7	277	4	270 520 579 613 718 970 1165 1459 1705 1877 1914 1954 2102 2276 2511 3007 3157 3159 3342 3806 3823 3842 3855 4098 4127 4196 4265 4360 4924 4971
276	13	123	4	266 396 616 660 689 1313 1380 1477 1583 1642 1722 1849 2237 2359 2432 2465 2480 2592 2770 3065 3069 3111 3153 4000 4383 4458 4721 4852
286	14	250	4	392 886 932 1058 1099 1384 1738 1777 1938 2182 2437 2609 2631 2712 2716 3210 3405 3433 3483 3549 3646 3672 3819 3831 4025 4163 4363 4552 4559 4564 4784 4962
350	24	40	4	188 293 736 737 960 982 1476 1520 1769 1799 1940 1956 2122 2244 2349 2351 2469 2498 2608 2630 2641 2654 3052 3204 3251 3271 3376 3719 3868 4227 4441 4895 4939
365	25	339	4	294 310 318 518 710 892 975 1086 1177 1202 1222 1261 1272 1796 1887 1912 2036 2083 2602 3455 3597 3877 4032 4083 4278 4372 4378 4395 4408 4425 4500 4732 4782
434	2	32	4	315 400 431 439 588 590 631 656 686 802 931 1002 1021 1410 1424 1510 1524 1728 1917 2058 2132 2140 2227 2355 2364 3292 3595 3618 3852 4447 4565 4622 4633 4743 4986 4992
439	12	92	4	545 762 895 1079 1082 1230 1232 1612 1639 1755 2155 2248 2442 2456 2589 2730 2823 2888 3230 3340 3801 3940 4116 4150 4158 4345 4505 4562 4822 4889 4991
450	38	327	4	18 20 99 198 233 311 467 937 963 1163 1458 1489 1633 1679 1768 1999 2300 2408 2482 2559 2830 3049 3468 3541 3561 3865 3996 4103 4590 4776 4838 4860 4949 4989
486	40	95	4	151 295 556 567 592 651 853 1067 1296 1345 1505 1651 2038 2282 2315 2347 2569 2787 2964 3127 3172 3303 3478 3691 3701 3870 3915 4018 4385 4460 4524 4569 4615 4658 4929
607	39	246	4	337 763 981 1101 1130 1632 1696 1815 1874 1893 2039 2283 2499 2507 2639 2666 3029 3158 3457 3614 3635 3755 3980 4100 4366 4533 4657 4676 4899 4920
611	22	110	4	29 391 472 761 836 1055 1056 1074 1137 1146 1194 1370 1427 1433 1875 1958 2047 2139 2264 2298 2646 2694 3090 3098 3171 3212 3301 3979 3986 4031 4239 4306 4331 4848 4935
613	18	114	4	435 464 563 876 1207 1216 1219 1495 1774 2037 2045 2270 2328 2399 2472 2625 2627 2815 2932 2960 2994 3035 3140 3169 3239 3538 3944 3960 4073 4279 4750 4934 4975
648	26	150	4	53 95 175 215 263 330 338 346 466 587 744 1265 1964 2048 2145 2307 2406 2440 2567 2749 2828 2979 2987 2995 3038 3517 3631 4056 4090 4417 4510 4631 4877
668	10	77	4	61 113 117 418 521 749 771 939 1235 1624 1654 1764 1960 2012 2057 2230 2421 2557 2778 2845 3138 3432 3463 3510 3617 3636 3743 3810 4176 4340 4595 4740
670	5	258	4	74 797 979 997 1006 1182 1559 1631 1778 2190 2192 2201 2384 2488 2512 2581 3014 3298 3324 3375 3438 3496 3818 4028 4223 4313 4624 4644 4893
40	9	205	4	289 390 591 669 722 909 1148 1320 1382 1448 1470 1565 1965 2193 2253 2632 2649 2704 2719 2890 2982 3048 3119 3369 3632 4079 4403 4488 4605 4655 4670 4925 4979 4999
143	29	163	4	50 65 164 189 235 547 683 933 1435 1509 1560 1735 2025 2252 2357 2435 2550 2691 2810 3189 3246 3279 3287 3350 3578 3702 4208 4224 4332 4729 4834 4940
148	28	279	4	26 106 267 325 389 489 922 1294 1487 1802 1972 2226 2263 2343 2453 2804 3066 3217 3821 3850 3866 3886 3904 3932 3941 4139 4146 4211 4282 4464 4825
192	27	54	4	347 385 495 510 906 934 949 1024 1302 1321 2325 2467 2611 2801 2876 3055 3198 3512 3751 3757 3789 3893 4070 4233 4280 4502 4543 4576 4795 4827 4879
208	35	95	6	45 72 541 1044 1146 1234 1648 1702 1848 2061 2138 2272 2323 2326 2329 2496 2662 2721 2761 2790 2929 3189 3496 3786 3891 3910 4171 4600 4745 4875 4893 4906 4982
225	33	270	4	1 208 503 528 750 757 860 1094 1159 1162 1355 1518 1546 1692 1725 1905 1978 1998 2137 2188 2209 2492 2495 2537 2898 3080 3122 3286 3689 3813 4210 4675
239	15	47	4	229 236 655 692 780 1366 1463 1598 1630 1892 1943 2320 3071 3095 3200 3262 3269 3306 3619 3706 3950 4114 4698 4762 4790 4804 4836 4892 4966
262	3	213	4	13 17 726 793 831 854 1093 1102 1305 1551 1710 1760 1827 1891 1970 2224 2312 2396 2865 2986 3034 3265 3475 3657 3775 3859 4107 4268 4632 4799 4816 4880 4903
300	8	115	4	111 247 453 512 914 957 1108 1311 1508 1591 1677 1720 1798 2215 2354 2387 2464 2673 2702 2837 2981 3149 3199 3290 3473 3501 3720 3800 3913 4144 4387 4568
308	19	285	4	34 288 387 706 723 874 998 1026 1174 1237 1258 1376 1455 1579 1882 2072 2097 2181 2202 2496 2843 2908 2983 3272 3557 3612 3902 4364 4446 4574 4688 4741
359	34	74	4	147 173 195 404 951 974 1467 1574 2250 2447 2663 2699 2771 2784 3063 3504 3508 3564 3606 3811 3894 3975 4052 4105 4186 4351 4402 4426 4884 4984
387	20	109	4	427 468 720 1132 1478 1525 1757 1819 1856 1873 2085 2092 2114 2409 2584 2671 2681 2831 2895 2917 3205 3281 3378 3425 3642 3680 3729 3768 3776 3833 4076 4119 4472 4579
401	23	190	4	297 614 672 770 1007 1283 1315 1326 1348 1516 1543 1571 1609 1772 1957 2044 2049 2197 2306 2340 2470 2547 2677 2718 2907 2921 2937 2954 2989 3364 3472 3723 4620 4844
408	6	257	4	8 194 451 554 707 715 755 842 927 1013 1047 1062 1314 1346 1413 1471 1562 1688 2146 2163 2620 2856 3000 3077 3213 3391 3667 3797 3822 4344 4584 4742 4744
425	32	204	4	82 133 265 399 918 1039 1286 1383 1390 1472 1727 2004 2006 2010 2135 2223 2395 2588 2643 2779 2967 3086 3105 3255 3490 3533 3703 3948 4130 4339 4451 4532 4870 4968
429	37	275	4	4 110 204 444 551 555 677 700 863 1142 1322 1414 1527 1704 1783 2295 2379 2687 2950 3004 3297 3622 3653 3862 3937 3961 4072 4316 4627 4650 4683 4765 4797 4819
430	4	208	4	145 199 463 474 751 983 986 1172 1343 1580 2090 2212 2884 3025 3124 3602 3738 4035 4065 4099 4183 4267 4302 4358 4369 4490 4772 4887
436	21	308	4	114 149 205 487 611 691 721 813 1097 1138 1349 1352 1673 1780 1986 2454 2517 2601 3267 3470 3625 3641 3802 4037 4093 4113 4305 4317 4462 4849 4858
533	11	198	4	59 69 424 699 896 1022 1238 1308 1453 1625 1751 1800 2341 2412 2545 2580 2750 3244 3280 3418 3465 3876 4011 4016 4111 4542 4662 4681 4745 4943 4990
541	36	81	4	91 98 144 212 532 539 820 1144 1281 1573 1812 1895 1983 2000 2587 2648 2760 3012 3259 3276 3581 3722 3748 4136 4257 4636 4715 4736 4811 4862 4921 4927
601	30	278	4	115 354 359 522 533 850 1080 1111 1220 1307 1707 1826 1850 1937 2301 2363 2369 2388 2419 2914 2984 3416 3458 3740 3788 3848 3930 4004 4195 4320 4737
633	31	66	4	157 184 377 589 943 1269 1401 1449 1570 1619 1726 1961 2024 2220 2386 2509 3128 3185 3330 3482
646	17	324	4	27 44 131 849 977 1247 1440 1531 1604 1706 2123 2136 2392 2473 2988
682	16	170	4	139 264 493 585 668 717 810 898 1001 1005 1012
695	1	337	6	203 310 320 556 998 1357 1382 1482 1722 1790 1809 2388 2428 2584 2684 2886 2899 2927 3118 3213 3370 3377 3569 3766 3880 3997 4569 4641 4669 4763 4814 4984
43	7	178	6	507 598 684 750 869 1325 1537 1844 2059 2106 2143 2241 2260 2325 2617 2709 3039 3277 3328 3456 3488 3562 3721 3765 3769 4522 4927
80	13	56	6	83 138 160 217 368 464 907 1065 1186 1473 1768 1856 1929 2055 2063 2075 2088 2394 2527 2947 3243 3524 3778 4032 4112 4180 4418 4475 4941
92	14	116	6	261 324 331 391 460 502 545 804 1214 1706 1769 2446 2447 2618 3083 3097 3256 3532 3601 3633 3701 3981 4125 4161 4479 4792 4799 4863
101	24	96	6	152 394 409 617 710 792 1385 1474 1560 1592 1626 1740 1772 2383 2506 2606 2643 3027 3201 3317 3433 3466 3489 4014 4064 4095 4216 4314 4398 4492 4668 4679
104	25	89	6	86 177 360 431 566 599 619 759 955 1200 1211 1581 2250 2513 2559 2680 2871 2936 3034 3403 3666 3915 3945 4086 4089 4172 4761 4849
120	2	141	6	35 314 399 669 796 855 1314 1855 1913 2127 2168 2196 2575 2576 2920 3180 3273 3308 3407 3495 4206 4208 4276 4436 4449 4534
156	12	323	6	224 256 471 575 680 1008 1024 1026 1399 1635 1636 1878 2201 2275 2414 3045 3109 3111 3544 3575 3590 3743 4406 4507 4685 4700 4757 4771 4807 4942
180	38	79	6	123 333 587 1069 1226 1250 1324 1368 1498 1585 1862 2024 2027 2084 2157 2216 2367 2423 2519 2628 2654 2656 3094 3167 3512 3653 3799 3821 4126 4306 4553
195	40	175	6	111 173 175 582 675 939 1348 1497 1538 1572 1876 1936 2032 2555 2605 2689 2911 3076 3158 3280 3398 3430 3513 3613 3687 3860 4128 4710 4987
218	39	238	6	121 122 308 808 849 920 995 1045 1078 1210 1383 1500 1525 1556 1798 2081 2594 2948 2952 3009 3103 3129 3325 3419 3715 3819 4034 4148 4185 4292 4298 4687 4733
248	22	147	6	80 290 442 454 533 542 564 673 819 1122 1247 1283 1518 1664 1731 1983 2596 2626 2832 2873 3072 3099 3570 3646 3749 4007 4222 4252 4459 4658 4898 4903
250	18	5	6	339 455 586 709 767 1220 1312 1328 1448 1850 2036 2333 2360 2634 2968 2991 3193 3491 3876 3881 4052 4166 4247 4353 4408 4452 4584 4640 4747 4829
298	26	143	6	146 252 306 452 506 916 949 1009 1284 1367 1554 1649 2152 2318 2322 2361 2399 2697 2854 2922 3000 3313 3579 3654 3698 3771 4246 4854 4885 4946 4953
305	10	298	6	94 151 188 396 523 802 964 1016 1278 1333 1400 1468 1851 1945 2067 2105 2495 2753 2796 3023 3205 3316 3472 3580 3723 4062 4188 4498 4591 4767 4860
309	5	194	6	46 91 134 136 509 581 637 672 718 774 1109 1318 1571 1971 2064 2374 2413 2469 2583 2926 3854 3888 3934 4001 4381 4494 4605 4643 4672 4728 4817 4951
327	9	220	6	316 359 364 378 512 546 597 623 870 946 982 1280 1916 1963 1978 2070 2078 2099 2179 2465 2569 3133 3177 3446 3566 3582 4536 4546 4548 4602 4840 4932 4956
347	29	266	6	145 213 372 589 1135 1432 1547 1549 1857 1914 1921 2020 2052 2169 2400 2439 2644 2748 2783 3024 3305 3463 3617 3660 3744 3748 4214 4347 4495 4616 4768
453	28	336	6	384 393 500 504 658 777 787 878 972 1037 1108 1179 1696 1739 2125 2417 2459 2548 2957 2992 3102 3258 3413 3527 3751 4138 4387 4437 4655 4857 4883
475	27	335	6	109 682 783 791 862 922 1011 1427 1586 1610 1699 2025 2058 2112 2268 2432 2710 2768 2879 3160 3442 3516 3517 3606 4050 4231 4322 4394 4512 4583 4644 4686 4865 4897
485	33	40	6	215 245 469 493 644 801 1133 1155 1730 2013 2100 2170 2327 2538 2735 3015 3214 3406 3450 3552 3619 3722 3903 3909 4012 4077 4115 4397 4831
496	15	344	6	33 61 129 147 265 275 375 696 752 795 829 956 1049 1361 1714 2135 2180 2558 2607 2964 3028 3113 3374 3612 4133 4145 4167 4257 4652 4874
525	3	328	6	221 315 448 698 1229 1277 1331 1362 1650 1821 1835 2117 2154 2285 2375 2443 2480 2526 2835 2930 2958 3088 3734 3764 4061 4143 4354 4386 4412 4744 4769 4933
536	8	157	6	6 234 373 426 642 1152 1447 1566 1644 1933 2091 2175 2197 2355 2470 2581 2999 3020 3033 3297 3421 3638 3841 4269 4629 4705 4718 4846 4890 4973
557	19	73	6	40 343 415 649 929 1279 1389 1446 2385 2445 2450 3079 3200 3334 3400 3404 3576 3608 3741 3782 3836 4131 4156 4434 4439 4496 4869 4879 4884 4955
594	34	204	6	293 485 864 1392 1405 1463 1587 1726 1737 1816 1977 1982 2110 2349 2381 2421 2531 2676 3248 3427 3919 3933 4055 4223 4240 4274 4377 4699 4837 4867
687	20	127	6	77 95 166 475 712 740 763 917 963 1157 1217 1243 1275 1353 1460 1561 1723 1794 1797 2016 2489 2599 2770 2885 3106 3278 3327 4091 4217 4472 4642 4706
17	23	212	6	356 387 544 807 903 980 1063 1075 1106 1336 1689 1690 1756 1807 1964 2094 2247 2646 2838 2882 2923 3080 3587 3682 3711 3762 4169 4241 4383 4448 4502
29	6	135	6	2 159 266 434 809 834 941 994 1293 1441 1840 2205 2392 2453 2649 2746 2945 3151 3191 3360 3385 3539 3737 3897 3907 4075 4127 4335 4382 4401 4419 4980
32	32	235	6	62 207 232 351 531 687 714 1087 1272 1351 1465 1506 1718 1741 1852 2481 2704 2712 2763 2810 2856 3624 3735 3868 4038 4124 4190 4511 4722
42	37	145	6	357 377 501 811 879 974 1079 1128 1259 1358 1444 1582 1754 1813 1825 2034 2298 2521 2523 2609 3227 3300 3471 3618 3700 3967 4099 4532 4866 4911
48	4	148	6	16 149 273 350 520 746 1160 1343 1397 1475 1517 1621 1629 1939 1976 2022 2071 2079 2520 2608 2780 2787 3387 3572 3982 4168 4587 4593 4628 4632
52	21	295	6	150 398 764 1092 1596 1704 1863 1901 1937 1989 2023 2401 2540 2541 2641 2718 2909 2973 3134 3336 3474 4193 4280 4594 4729 4833 4998
71	11	93	6	429 558 840 957 1058 1183 1570 1604 1712 1910 1985 2017 2408 2476 2545 2574 2883 2942 2988 3074 3293 3344 3551 3848 3875 4210 4288 4501 4503 4930
83	36	133	6	75 206 283 720 836 868 1260 1319 1494 1533 1681 2160 2184 2437 2657 2705 2733 2925 2928 3011 3038 3059 3304 3545 3567 3801 3815 3864 4175 4390 4488 4529 4822
142	30	291	6	626 667 1000 1053 1059 1074 1138 1178 1266 1436 1701 1711 1949 2089 2206 2487 2674 2781 2880 3154 3478 3520 3589 4006 4164 4258 4585
146	35	135	8	97 152 348 464 537 632 721 832 1154 1399 1606 1715 1871 2107 2119 2513 2578 2622 2674 3052 3072 3170 3349 3506 4096 4229 4389 4848 4940
153	31	69	6	28 334 379 392 1391 1458 1551 1607 1663 2069 2286 2483 2490 2785 3186 3467 3501 3726 3905 3949
185	17	7	6	39 632 830 854 1023 1130 1147 1251 1317 1355 1453 1541 1565 1660 1785
200	16	98	6	263 413 668 693 721 800 842 856 1415 1425 1746
216	1	258	8	85 93 374 543 687 871 990 1170 1171 1572 1753 2365 2565 2668 2748 2831 3051 3063 3067 3088 3145 3732 3855 4021 4464 4532 4760 4804 4835 4899
238	7	183	8	39 76 162 205 282 283 481 626 639 858 920 921 1309 1451 1468 1534 1600 1725 2239 2406 2749 3121 3304 3314 3755 3902 4093 4385 4413 4458 4829
260	13	276	8	22 170 185 714 929 1018 1239 1345 1661 1860 2216 2226 2312 2376 2432 2471 2817 3224 3238 3252 3309 3513 3566 3607 4304 4478 4554 4779 4913
278	14	12	8	84 203 273 292 352 385 666 1044 1073 1200 1634 1683 1948 2539 2600 3094 3147 3582 3873 3975 4028 4113 4118 4189 4233 4637 4741 4928
301	24	83	8	685 766 1332 1375 1394 1489 1763 1813 1991 2164 2232 2379 2476 2477 2493 2499 2832 2969 3068 3153 3710 3783 3853 3880 3942 4158 4613 4669 4912 4919 4966
311	25	41	8	68 375 506 861 1205 1303 1807 1916 2045 2077 2138 2209 2269 2461 2690 2809 2908 3270 3343 3368 3423 3477 3537 3866 3962 4018 4434 4537
340	2	262	8	558 780 820 828 897 1035 1195 1493 1632 1799 1884 2145 2348 2468 2606 2950 3009 3043 3046 3139 3248 3297 3307 3591 3684 3808 4243 4460 4680 4747
367	12	243	8	6 47 104 215 647 708 1036 1097 1358 1365 1387 1419 1484 1638 2165 2275 2370 2598 2630 2830 3448 3711 3996 4059 4101 4267 4583 4655 4657 4764
413	38	52	8	495 574 596 682 1009 1010 1019 1027 1347 1450 1514 1825 1865 1876 2042 2047 2236 2337 2444 2526 2647 2664 2972 3543 3703 3809 3843 4094 4420 4607 4861
433	40	246	8	183 245 269 326 500 640 953 1176 1190 1776 1795 1951 1996 2131 2807 2826 3372 3505 3550 3759 3969 4073 4171 4322 4407 4487 4509 4708 4853 4934 4982
455	39	6	8	154 276 347 498 536 829 887 1051 1067 1074 1363 1494 1791 1923 1944 1945 2121 2311 2416 2689 2698 2850 2947 3336 3554 3752 3884 4506 4591 4690
466	22	111	8	58 135 224 380 525 1175 1256 1411 2161 2326 2572 2682 2842 3256 3400 3402 3778 3794 3876 3968 4008 4035 4197 4631 4671 4685 4742
469	18	346	8	67 265 429 567 826 902 997 1133 1224 1496 2012 2124 2204 2245 2487 2567 2715 2741 2906 2913 3415 3742 4013 4173 4257 4339 4483 4653 4891 4958
470	26	2	8	55 59 193 822 1167 1187 1371 1539 1922 2228 2346 2458 2466 2528 2640 2795 2864 3135 3584 3618 3719 3765 3815 3964 4044 4114 4221 4890
484	10	289	8	140 171 363 412 505 854 1068 1135 1361 1560 1770 1928 2093 2246 2459 2696 2800 2820 3162 3404 3464 3644 3931 4015 4029 4198 4212 4268 4284 4485 4666
493	5	297	8	5 169 744 772 987 1081 1125 1431 1744 1769 1959 2002 2013 2334 2344 2362 2549 2700 3027 3143 3379 3690 3712 3904 4135 4217 4618 4636 4822 4841 4998
512	9	154	8	241 249 329 415 485 568 1459 1613 1781 1974 2294 2304 2588 2784 2836 2939 2963 3040 3272 3382 3422 3502 3656 3680 3769 3832 4185 4206 4324 4456 4527 4585
559	29	18	8	159 284 393 440 546 723 757 884 1163 1237 1598 1602 1646 1684 2088 2429 2651 2793 2803 2951 3774 4144 4180 4299 4546 4616 4738 4743
571	28	282	8	305 394 597 607 677 977 1013 1522 1636 1817 1962 1987 2030 2083 2255 2463 2508 2570 2877 2966 3228 3285 3291 3315 3366 3474 3670 3939 4227 4357 4722 4809
596	27	251	8	107 160 190 201 247 909 1008 1139 1322 1423 1492 1610 1740 1757 1859 2101 2186 2615 2772 3922 3927 4365 4380 4400 4769 4947 4967 4989 4995
629	33	274	8	80 530 554 659 795 823 843 864 904 1014 1034 1085 1206 1787 1957 2262 2296 2706 2738 2897 2930 2938 3022 3312 3718 3761 3907 3986 4767 4830 4984
632	15	66	8	848 1310 1458 1702 1818 2219 2230 2441 2673 2763 2771 2823 3060 3182 3211 3240 3388 3459 3523 3749 3784 3801 3900 4048 4054 4196 4275 4374 4647 4677
644	3	290	8	200 270 389 985 1166 1330 1641 1980 2028 2252 2619 2816 3021 3150 3299 3341 3488 3598 3629 3841 3883 3916 3985 4108 4427 4515 4789 4843
661	8	169	8	4 105 120 382 704 767 878 907 1020 1188 1336 1570 1590 1872 2123 2229 2333 2405 2688 2790 2892 2915 3024 3163 3895 4088 4449 4541 4548 4895 4957
664	35	169	10	56 272 426 581 841 907 1015 1240 1463 1488 1852 1873 2104 2502 2945 2975 3019 3177 3284 3312 3313 3392 3487 3527 3531 3582 3846 3862 3929 4062 4307
14	19	80	8	69 729 1064 1086 1385 1565 1955 2023 2353 2483 2605 2886 3127 3233 3244 3271 3276 3302 3540 3898 3957 4036 4058 4254 4313 4336 4396 4467 4468 4719 4910
19	34	272	8	202 206 407 470 486 697 969 1046 1080 1472 1488 1537 1630 1710 1886 2096 2118 2237 2242 2937 2943 3371 3503 3651 3730 3977 4116 4497 4703 4705 4997
53	20	30	8	52 83 295 411 416 420 643 726 1254 1292 1900 2035 2276 2494 2543 2822 2960 3174 3221 3596 3767 3941 4255 4410 4496 4513 4619 4709 4854 4961
56	23	14	8	611 815 875 1196 1404 1528 1765 1766 1934 2037 2233 2663 2829 2846 2871 2973 3035 3099 3175 3397 3579 3666 3970 3974 4081 4165 4615 4683 4696 4918 4932
89	6	130	8	345 355 1346 1401 1668 1760 1924 2087 2092 2243 2272 2762 2918 2942 2998 3079 3241 3558 3592 3891 4064 4078 4219 4341 4451 4552 4667
110	32	216	8	43 163 302 335 356 584 652 782 984 1466 1530 1603 1658 1693 1985 2430 3213 3245 3626 4003 4090 4228 4261 4360 4466 4479 4665 4736 4784 4936
113	37	317	8	28 34 71 223 274 287 294 397 409 591 846 930 1337 1422 1643 1899 2160 2614 2677 3057 3481 3636 3806 3888 3980 4438 4659 4754 4805
140	4	7	8	54 149 155 222 492 690 960 1032 1112 1335 1762 1863 2109 2554 2582 2804 2911 3041 3232 3267 3451 3593 3694 3882 4051 4065 4098 4847
151	21	54	8	408 855 1103 1124 1341 1561 1601 1664 1677 1917 2211 2214 2667 2742 2835 2848 3089 3137 3192 3196 3387 3436 3473 3627 3867 4077 4287 4465 4781 4803
154	11	47	8	38 207 316 787 816 1056 1267 1285 1386 1449 1624 2143 2298 2555 2686 3264 3375 3383 3585 3830 4066 4133 4153 4194 4424 4686 4712 4990
162	36	288	8	325 777 1101 1174 1252 1317 1344 1370 1376 1397 1559 1749 2423 2479 2511 2527 2645 2940 3036 3351 3792 3890 3938 4024 4089 4130 4545 4568 4692 4751
163	30	21	8	8 683 821 860 931 943 1090 1250 1352 1433 1846 1864 2218 2631 2753 2825 2910 3017 3100 3222 3486 3990 4557 4570 4871 4960 4987
173	31	129	8	216 364 395 417 452 499 669 852 1050 1301 1558 1566 1645 1790 1821 2104 2338 2747 2884 3171
175	17	237	8	225 342 1138 1381 1918 1993 2450 2659 2719 2818 2868 2946 2989 3227 3342
178	1	276	10	97 610 922 1053 1074 1218 1236 1437 1764 1787 1992 2054 2158 2441 2691 2708 2820 2946 3003 3223 3267 3697 3760 3907 4194 4251 4402 4423 4681
190	16	158	8	48 72 349 436 1203 1207 1436 1804 1834 2177 2266
194	7	118	10	5 64 244 248 364 372 423 557 920 934 1427 1485 1732 1743 1794 2042 2137 2205 2303 2321 2427 3481 3509 3564 3605 3644 3692 3964 3988 4153 4169 4964
244	13	298	10	96 356 455 680 685 1266 1299 1326 1459 1596 1642 1826 2070 2309 2472 2534 2805 3075 3166 3426 3462 4002 4193 4215 4380 4420 4695 4862
272	14	160	10	495 496 653 810 944 1202 1210 1443 1612 1620 2057 2783 2826 3050 3231 3260 3290 3307 3394 3441 3584 3995 4066 4106 4678 4843 4876 4880 4965
282	24	101	10	297 381 400 438 504 611 858 930 942 1044 1119 1242 1718 1979 2324 2424 2537 2599 2848 3142 3165 3336 3493 3561 3915 4175 4401 4659
306	25	222	10	245 300 373 385 392 449 805 831 1004 1117 1209 1259 1533 1646 1678 1748 1866 1899 2069 2187 2235 2575 2887 3022 3037 4243 4392 4543 4857 4908
328	2	100	10	308 806 1206 1543 1877 1894 2028 2099 2283 2497 2498 2519 2739 2962 3002 3120 3410 3431 3437 3622 3627 3834 3888 3923 4253 4422 4429 4446 4613 4740 4914
343	12	185	10	26 197 239 260 454 486 527 615 769 861 1175 1193 1656 1946 2122 2141 2394 2514 2724 3144 3152 3353 3523 3842 3992 4014 4199 4381 4603 4700
362	38	186	10	38 108 266 425 608 846 1225 1396 1611 2060 2426 2463 2501 2672 2690 2754 2943 3056 3059 3469 3491 3586 3645 3704 3810 4080 4344 4489 4643 4734 4970
394	40	289	10	34 193 301 448 788 925 1158 1161 1166 1182 1660 1799 2336 2361 2500 2530 2544 2594 2827 3109 3288 3379 3405 3686 3745 3793 3877 4016 4094 4724 4917 4955
404	39	53	10	131 402 1338 1602 1859 1908 2095 2662 2707 2726 2856 2857 2858 2877 2895 3381 3588 3669 3784 3920 3947 4191 4375 4426 4444 4445 4478 4559
406	22	209	10	3 178 444 466 1128 1600 1659 1679 1796 2040 2370 2386 2405 2597 2670 2751 3232 3374 3654 3747 3957 3963 4104 4283 4565 4633 4994
407	18	149	10	27 525 719 1081 1110 1135 1652 2000 2178 2340 2391 2615 2786 2794 2866 3082 3185 3380 3440 3662 3675 3682 3706 3746 4301 4456 4465 4818 4886 4887 4933
415	26	60	10	218 269 513 543 555 669 731 959 1192 1418 1688 1819 2415 2493 2578 2593 2622 2922 3222 3277 3933 3993 4078 4275 4488 4707 4719 4758
426	10	223	10	42 65 479 698 701 756 801 982 1038 1353 1640 2037 2159 2368 2626 2703 2745 2890 2921 3044 3081 3190 3356 3409 3530 3709 3851 4030 4466 4819 4909
431	5	195	10	15 48 185 377 386 440 578 662 818 865 1057 1394 1407 1962 2044 2151 2563 2683 3058 3127 3234 3429 3696 3773 4017 4050 4278 4367 4582 4855 4942 4981
437	9	50	10	165 404 462 592 1234 1291 1417 1467 1498 1573 1928 1978 2076 2247 2407 2964 2987 3061 3444 3479 3695 3900 4034 4100 4393 4609 4722
523	29	140	10	49 137 155 238 519 538 973 1185 1438 1700 1767 2061 2073 2171 2208 2438 2464 2470 2566 2838 2994 3091 3124 3224 3656 3857 3990 4281 4482 4486
534	28	3	10	146 508 554 657 696 770 1155 1190 2036 2273 2282 2300 2486 2488 2695 2744 3000 3018 3335 3408 3546 3607 3657 3678 3873 4200 4285 4550 4646 4830
542	27	154	10	29 118 145 166 207 225 502 505 887 924 1072 1725 1816 1948 1997 2155 2197 2304 2355 2462 2648 2991 3108 3188 3800 3918 4023 4147 4332 4437 4511
548	33	34	10	7 132 497 790 856 963 1114 1316 1761 1773 1822 2491 2565 2727 2806 3032 3093 3138 3147 3179 3385 3447 3484 4000 4031 4140 4240 4255 4365 4728 4883
553	15	91	10	9 175 289 303 507 571 626 726 773 936 958 1055 1059 1108 1429 1635 1874 1917 2065 2080 2775 2803 3450 3902 3999 4564 4653 4866 4899 4995 5000
555	3	335	10	57 346 370 475 490 552 570 802 1523 1529 1884 1906 2086 2315 2535 2661 2759 2814 2871 3240 3369 3402 3553 3602 3959 4006 4064 4230 4339 4600 4978
567	8	38	10	105 144 332 418 899 981 1098 1506 1887 2220 2400 2447 2475 2505 2608 2929 3184 3249 3583 3764 4109 4323 4462 4660 4670 4770 4784 4991
592	19	167	10	261 264 278 697 1754 1841 2020 2081 2189 2729 2841 2859 3143 3314 3344 3865 3922 3975 4007 4150 4189 4231 4294 4377 4480 4604 4798 4999
620	35	167	12	250 430 799 1194 1288 1323 1411 1460 1800 2001 2086 2235 2361 2368 2396 2448 2536 2561 2782 2824 2878 2930 2957 3196 4458 4684 4730
621	34	8	10	20 342 1082 1163 1502 1865 1936 2075 2490 2710 2740 2850 2948 2978 3428 3436 3463 3499 3787 3928 3951 4029 4098 4179 4313 4481 4597 4619 4629 4869 4918
638	20	286	10	170 183 202 487 503 635 695 921 1248 1277 1444 1839 2254 2484 2576 2586 2903 3136 3325 3359 3615 3974 4081 4236 4570 4805 4865
651	23	334	10	728 729 758 760 876 894 912 1482 1647 1668 1774 1858 1879 1901 2085 2162 2193 2959 3373 3519 3536 3599 3640 3713 4152 4567 4573 4826 4895
660	6	337	10	393 399 655 808 834 888 937 1695 1701 1924 2129 2352 2389 2434 2832 3169 3198 3350 3482 3891 3914 3984 4072 4129 4187 4204 4348 4881 4944
698	32	184	10	661 786 966 978 993 1084 1089 1165 1197 1321 1541 1542 1599 2064 2310 2364 2896 3148 3298 3416 3901 4027 4033 4102 4234 4270 4399 4607 4746
699	37	338	10	127 446 583 784 881 1028 1107 1308 1579 1840 1985 1994 2408 2977 3066 3591 3852 3958 4091 4172 4330 4342 4404 4580 4594 4757 4832
700	4	65	10	16 138 437 634 713 833 877 1078 1091 1969 1990 2031 2154 2387 2525 2607 2912 2999 3063 3192 3609 3766 3830 3977 4013 4201 4366 4775 4937 4997
2	21	68	10	10 46 98 361 383 457 768 965 1241 1315 1395 1419 1475 1515 1608 2644 3094 3116 3217 3363 3727 4125 4183 4190 4384 4635 4901 4926
4	11	97	10	263 268 433 625 781 902 1143 1329 1339 1408 1809 1964 2038 2048 2457 2813 2830 2861 3045 3417 3434 3563 3598 3911 4509 4913
5	36	67	10	37 50 212 541 544 845 985 1001 1095 1666 1765 2140 2284 2638 2746 3156 3278 3282 3299 3819 3854 4115 4128 4178 4412 4810 4889 4911 4987
31	30	224	10	160 252 515 617 733 819 1063 1220 1379 1555 1680 1738 1801 1803 2192 2317 2346 2604 2705 2802 2881 3047 3330 3752 3770 4221 4264 4266 4803
62	31	176	10	126 224 362 459 797 843 908 1040 1340 1428 1545 1576 1972 1981 2341 2404 2581 2782 2976 3123
77	17	156	10	382 568 848 870 893 898 1134 1217 1285 1657 1882 1897 1932 2043 2329
88	16	115	10	1002 1010 1200 1257 1390 1479 1497 1616 1708 1828 2468
90	1	11	12	232 760 831 861 952 1003 1206 1505 1658 2385 2388 2431 2512 2616 2711 2766 2921 2975 3084 3187 3333 3410 3489 3645 3776 3913 4092 4142 4470 4606 4909
123	7	81	12	557 627 756 1064 1227 1310 1434 1741 2021 2573 2636 2875 2885 2956 3017 3154 3227 3266 3533 3539 3682 3864 3942 4060 4251 4346 4596 4641 4662
135	13	126	12	59 110 662 700 745 933 934 1105 1563 1715 2169 2414 2499 2507 2610 2694 2734 3019 3373 3820 3923 3978 4024 4482 4566 4811 4849
145	14	308	12	116 428 458 459 462 829 846 1548 1698 1839 1890 2219 2425 2596 2707 2768 2917 3454 3546 3601 3886 4252 4408 4411 4657 4709
149	24	341	12	422 456 516 815 977 991 1048 1052 1189 1269 1287 1337 1520 1672 2150 2366 2609 2776 2806 3003 3359 3597 3816 4558 4649 4653 4782 4926 4945 4973
166	25	219	12	282 301 357 547 811 966 1006 1454 1762 1866 1894 1943 1950 2159 2220 2465 2538 2669 2923 3193 3515 3621 3659 3973 4293 4522 4699
177	2	205	12	186 494 519 875 954 1042 1306 1456 1811 1885 2056 2107 2164 2652 2828 3238 3385 3397 3652 3747 4194 4224 4263 4381 4703 4820 4959 4970
182	12	194	12	85 299 444 940 1162 1202 1255 1479 1901 2008 2144 2225 2226 2287 2445 2484 2825 3097 3133 3261 3346 3534 3599 3704 4248 4271 4375 4422 4650 4713
197	38	350	12	156 251 280 502 527 727 762 813 989 1061 2026 2110 2373 2525 2696 2760 3077 3219 3637 3885 4347 4388 4403 4523 4706 4777 4847
214	40	209	12	243 600 657 863 902 1199 1261 1293 2052 2168 2379 2407 2435 2551 2577 2949 3678 3742 3879 3948 3972 4256 4291 4474 4517 4539 4627 4749 4936
220	39	156	12	387 606 791 868 930 1088 1273 1371 1686 1805 1984 2198 2532 2743 2781 2913 2954 2984 3226 3416 3589 3791 3814 4285 4333 4389 4611 4963 4969
237	22	330	12	52 237 366 536 545 554 624 870 1166 1260 1452 2091 2580 2604 2627 2841 2845 3032 3117 3616 3660 3676 3763 3908 4036 4642 4880
241	18	103	12	187 391 424 594 1215 1396 1503 1785 1951 2210 2289 2335 2736 2804 2882 2973 2974 2997 3488 3708 3709 3881 3928 4301 4334 4343 4676 4911
247	26	270	12	305 485 577 691 900 1069 1249 1278 1493 1575 1648 1724 1807 1888 2409 2738 2969 3119 3304 3499 3609 3787 3910 4083 4133 4312 4814 4899
254	10	346	12	56 409 568 714 821 835 943 996 1264 1491 1586 1619 1820 1855 2253 2489 2757 3149 3211 3437 3627 3653 3976 3983 4217 4330 4340 4682 4921
259	5	149	12	117 164 241 281 969 1083 1219 1319 1414 2427 2462 2739 2791 3163 3208 3574 3671 3713 3793 3818 3954 3960 4371 4704 4747 4930
273	9	104	12	99 468 509 528 686 722 1129 1412 1469 1500 1783 2085 2305 2692 3206 3317 3606 3690 3757 3904 4229 4326 4462 4491 4530 4538 4883 4958
294	29	155	12	239 541 765 814 886 897 916 1053 1089 1241 1540 1639 2024 2218 2312 2798 2815 2855 3146 3182 3282 3384 3494 3505 3551 3804 4400 4620 4652 4660
303	28	229	12	131 202 217 491 709 905 968 973 979 1302 1410 1539 2120 2475 2478 2695 3210 3434 3771 3792 3847 3950 4026 4130 4249 4261 4453 4846 4912 4941
341	27	267	12	148 613 639 826 947 986 1177 1511 1675 2176 2279 2505 2574 2643 2950 2967 3254 3298 3575 3581 3827 4508 4557 4785 4800 4946
345	33	224	12	14 119 440 451 1030 1037 1181 1384 1386 1471 1502 1535 2071 2264 2365 2460 2474 2524 2681 2846 3388 3632 3884 4041 4283 4383 4630 4667 4753
349	15	4	12	125 255 493 575 1170 1297 1531 1666 1673 1752 1920 2342 2454 2504 2508 3079 3123 3197 3364 3502 3553 3655 3675 3732 3938 4299 4469 4487
374	3	140	12	31 93 723 1232 1271 1465 1652 2268 2483 2516 2549 2775 2988 2995 3042 3244 3348 3457 3525 3679 3756 3766 3952 4356 4359 4686
384	8	62	12	94 96 724 725 892 1015 1267 1449 1613 1621 1706 1777 1925 2059 3012 3130 3228 3429 3699 3796 3898 4246 4259 4610 4696 4712 4780 4979
412	19	131	12	179 332 418 585 847 919 942 1250 1457 1759 2135 2374 2633 2647 2723 2814 2864 3107 3615 3629 3656 3774 3872 4396 4407 4595 4648 4894
454	34	336	12	358 425 481 622 904 1490 1857 1954 2105 2254 2480 2494 2589 3110 3190 3471 3548 3603 3625 4048 4056 4254 4370 4646 4759 4826 4972
456	20	60	12	307 331 789 1080 1286 1301 1781 1813 1825 1872 1883 1960 1971 1995 2015 2035 2367 2376 2853 2971 3164 3423 3424 3590 3687 3705 3875 4317 4548 4939
458	23	93	12	11 22 191 272 408 837 964 1020 1340 1366 1496 1703 1728 1818 2154 2206 2317 2481 2510 2879 2985 3623 3883 3921 3931 4045 4297 4450 4913
464	6	300	12	63 269 339 405 524 667 807 1352 1353 1379 1392 1450 1608 1779 2090 2351 2537 2764 2912 2990 3118 3159 3412 3643 3856 3985 4010 4198 4431
472	32	117	12	376 461 549 646 680 710 910 939 1135 1389 1458 1617 1631 2011 2096 2244 2275 2337 2479 2688 2977 3285 3451 3611 4233 4409 4455 4656 4677 4892
473	37	111	12	209 867 924 1119 1183 1512 1623 1727 1838 1844 2131 2189 2256 2318 2605 2866 2905 3065 3245 3327 3355 3367 3955 3970 4136 4192 4501 4574 4635 4725
487	4	112	12	218 274 317 576 1029 1071 1270 1359 1363 1659 1701 1754 1903 1931 2004 2079 2132 2294 2506 2571 2876 2934 3076 3189 3260 3284 3343 3476 4414 4621
501	21	109	12	260 397 642 654 857 1581 1602 1895 2053 2074 2491 2570 2817 2991 3069 3102 3401 3458 3594 3721 3728 3878 3930 4184 4269 4618 4697 4710 4731
516	11	145	12	176 292 543 561 1196 1329 1415 1625 1671 1859 2137 2174 2390 2395 2511 2548 2639 2926 3090 3275 3511 3739 4379 4693 4763 4840
518	36	152	12	197 333 343 565 769 950 967 1094 1184 1213 1228 1476 1477 1541 1765 1766 1771 1889 1927 1970 1993 2172 2603 2793 3221 3394 3723 4088 4841
528	30	290	12	132 283 539 630 643 928 1268 1298 1362 1782 2092 2165 2238 2464 2554 3318 3339 3358 3610 3668 3869 3871 3919 4012 4311 4833 4842 4867 5000
569	31	157	12	259 650 853 1086 1095 1160 1354 1397 1751 1983 2149 2222 2293 2503 2659 2861 2904 2908 3152 3506
587	17	256	12	25 46 112 220 323 400 407 614 894 1542 1578 1952 2043 2066 2468
598	16	315	12	10 285 569 583 716 734 926 1187 1212 1307 1378
605	35	136	14	142 321 469 484 605 625 641 851 1141 1368 1384 1860 2301 2625 2899 3115 3367 3640 3647 3781 4093 4353 4503 4519 4735 4893 4966
610	1	56	14	62 223 251 328 696 806 1072 1113 1172 1198 1710 2112 2256 2469 2470 2501 2873 3124 3203 3454 3499 3525 3588 3650 3696 4666 4927
616	7	26	14	98 231 233 372 601 685 794 961 1231 1467 1620 1814 1942 2102 2116 2145 2238 2242 2373 2432 2524 3083 3826 3940 3993 4489 4730
635	13	50	14	449 483 574 747 968 1145 1532 1671 1908 2157 2753 2772 2875 2932 3110 3188 3442 3483 3717 3835 3882 3889 3952 3972 4733 4976
640	14	76	14	320 413 493 1165 1201 1320 1383 1412 1633 1836 2156 2259 2370 2444 2746 3107 3136 3429 3526 3729 3753 3860 3965 4006 4165 4338
693	24	10	14	159 382 614 737 832 921 970 1050 1256 1528 1865 1943 1967 2281 2488 2661 2811 2874 3041 3176 3444 3473 3585 3629 3642 4335 4501 4752 4919
7	25	295	14	60 219 533 611 805 954 1032 1049 1619 2182 2196 2203 2263 2327 2392 3174 3230 3414 3821 3930 3989 4025 4406 4570 4611 4845
9	2	233	14	130 377 505 603 915 923 976 1424 1442 1503 1522 1734 2160 2388 2405 2429 2463 2849 2930 3266 3623 3657 4362 4391 4423 4578 4610
20	12	247	14	44 108 239 547 799 858 1066 1136 1346 1413 1499 1728 1900 2299 2584 2741 2958 3054 3126 3287 3343 3652 3685 4044 4125 4146 4149 4202 4952
38	38	321	14	70 313 336 693 739 958 1036 1098 1153 1338 1592 2055 2125 2285 2391 2420 2586 2801 2826 3082 3114 3249 3290 3330 3423 3608 4182 4217
64	40	240	14	19 54 421 442 748 912 1112 1164 1373 1398 1510 1880 2044 2289 2332 2438 2482 3012 3035 3347 3984 4187 4236 4321 4796 4906 4983
73	39	343	14	2 49 125 258 789 839 1045 1105 1122 1461 2475 2528 2699 2791 3288 3508 3760 3953 4273 4522 4546 4547 4629 4896 4907 4933 4953
112	22	174	14	87 199 432 663 768 1060 1084 1085 1216 1242 1720 1775 1793 2210 3417 3492 3507 3545 3602 3761 4186 4235 4388 4408 4523 4761 4876 4901
115	18	206	14	148 168 256 354 395 655 1021 1270 1607 1810 1829 2032 2262 2600 2624 2846 2858 3042 3057 3175 3439 3543 3710 3748 4074 4377 4811 4914
116	26	27	14	7 35 37 66 76 252 621 711 1017 1054 1825 1831 2012 2085 2218 2273 2504 2970 3151 3202 3599 3631 3659 3665 3788 3824 4050 4309 4702
129	35	343	16	938 1118 1354 1416 1486 1501 1519 1793 1805 2111 2265 2536 2633 2637 2725 2773 2965 3293 3520 3626 4262 4289 4303 4439 4692 4959
131	10	31	14	43 230 334 578 580 618 778 792 821 1178 1205 1212 1327 1342 1511 1653 1767 2717 2896 3248 3558 3829 3895 4277 4280 4443 4453 4745
139	5	261	14	83 101 443 835 890 993 1086 1504 1604 1659 2233 2287 2530 2582 2769 2854 2940 3172 3356 3633 3844 3925 4357 4683 4754 4810 4962 4968 5000
155	9	32	14	196 338 464 879 1306 1325 1577 1889 2153 2248 2439 2566 2979 3004 3275 3341 3528 3743 3762 4017 4103 4249 4421 4450 4493 4552 4775
160	29	166	14	79 415 974 1207 1481 1647 1778 1867 2191 2328 2562 2977 3078 3178 3224 3289 3337 3362 3592 3604 3911 4200 4320 4328 4559 4777 4849 4944
167	28	18	14	136 510 860 1351 1400 1544 1637 1796 1912 2076 2533 2684 2762 3086 3129 3142 3382 4229 4318 4425 4473 4518 4639 4671 4824
169	27	122	14	279 475 568 935 1093 1517 1526 1564 1631 1669 1815 1907 2040 2086 2277 2651 2878 2891 3002 3286 3401 3524 3679 3782 4001 4101 4181 4749
184	33	151	14	10 619 745 926 1147 1250 1478 1837 1870 1878 1969 2002 2457 2508 2701 3790 3823 4361 4367 4528 4569 4603 4617 4646 4701 4716 4846 4863
211	15	13	14	100 113 224 352 656 893 914 1225 1243 1273 1641 1661 1712 2704 2743 2805 2918 3020 3021 3832 3955 4135 4141 4308 4461 4763 4920
228	3	142	14	271 367 624 708 823 863 967 1168 1227 1589 1626 1627 1823 1993 2166 2324 2523 2687 2943 3091 3173 3295 3449 3561 3843 4332 4589 4693 4991
255	8	132	14	17 227 259 340 586 634 647 750 1104 1109 1204 1675 1733 1748 1751 2292 2375 2507 2623 2738 3261 4037 4061 4315 4317 4469 4497 4670 4908
256	1	174	16	274 444 574 719 790 819 1408 1569 1763 1851 2011 2040 2078 2100 2416 2857 2997 3095 3382 3507 3812 4074 4396 4483 4672 4713 4744 4901
266	19	257	14	380 563 800 817 928 951 989 1103 1121 1610 1756 1970 2150 2779 2789 2897 2972 3046 3380 3658 4033 4073 4163 4540 4657 4938 4945
277	34	44	14	75 155 490 496 751 955 1203 1541 1811 1938 2173 2339 2372 2603 2740 2754 3257 3458 3626 3725 3747 3840 4081 4118 4638 4668 4887
289	20	280	14	401 535 599 667 721 784 878 1156 1519 1766 1792 1879 1936 2587 2618 3482 3699 3862 3929 4016 4285 4479 4505 4526 4755 4828 4886 4900 4951
291	23	265	14	709 1118 1119 1347 1418 1674 1695 1973 2014 2241 2279 2639 2663 2812 2991 3280 3282 3509 3641 4401 4412 4504 4831 4980
293	6	129	14	42 52 161 213 349 389 500 1134 1463 1479 1676 2060 2091 2356 2442 2654 2888 3019 3070 3104 4010 4035 4382 4533 4609 4630 4897 4902
310	32	74	14	92 280 579 616 743 971 1315 1339 1402 1502 1614 1688 2628 2901 3145 3157 3243 3441 3553 3634 3892 3897 4220 4238 4567 4612 4765 4935
313	37	21	14	4 32 277 316 341 679 785 1236 1381 2217 2479 2683 2768 3095 3219 3559 3754 3942 3967 4086 4250 4292 4383 4419 4509 4554 4574 4622 4678
315	4	242	14	201 327 361 477 549 559 649 704 1068 1176 1335 1826 1949 2042 2396 3050 3067 3132 3158 3448 3469 3661 3716 4026 4046 4087 4158 4162 4698 4820
317	21	248	14	187 260 353 662 812 884 1367 1496 1508 1513 1667 2004 2423 2799 2850 2886 2980 3121 3144 3191 3523 3885 4011 4214 4244 4390 4601 4762 4858
342	11	226	14	81 228 346 438 461 543 628 640 645 740 1027 1262 1471 1634 1797 1909 2143 2634 2732 2815 3033 3653 3750 3786 3950 4565 4756 4825 4915
348	7	280	16	187 304 727 894 1173 1208 1299 1446 1617 1745 1868 2122 2755 2916 2935 2972 3316 3331 3392 3572 3585 3687 4082 4345 4481 4505 4755
356	36	218	14	1018 1127 1228 1277 1593 2075 2106 2152 2183 2247 2517 2595 2835 2975 3108 3334 3350 3475 3546 3563 3914 3934 4237 4276 4471 4508 4691 4739
361	30	127	14	104 446 506 560 736 1132 1221 1358 1515 1817 2371 2435 2670 3229 3310 3325 3389 3471 3596 4058 4121 4142 4307 4329 4665 4853 4871
364	31	80	14	16 350 494 756 995 1163 1473 1763 1847 2240 2252 2531 2612 2708 3092 3164 3233 3560 3956 4020
369	17	58	14	3 141 156 218 325 347 408 507 632 985 1181 1280 1682 1693 1899
375	16	330	14	34 99 379 426 436 526 882 906 1233 1843 2025
378	13	86	16	364 596 597 707 978 1045 1107 1132 1409 1425 1499 1679 1970 2293 2313 2443 2492 2583 3049 3337 3411 3807 4015 4100 4107 4194 4467 4499
379	14	105	16	14 239 280 302 703 1337 1491 2006 2139 2394 2420 2642 2711 2808 3032 3104 3135 3356 3898 4085 4258 4274 4639 4640 4731 4872
403	24	28	16	244 542 765 1099 1102 1121 1205 1247 1405 1468 1538 1592 1612 1737 1761 2164 2377 3216 3249 3548 4026 4117 4166 4526 4598 4774 4796
418	25	292	16	2 62 140 190 234 309 446 602 691 1071 1330 1536 1670 1869 1890 1990 2235 2262 2606 2640 2645 3782 3919 4089 4102 4631 4868 4950 4988
427	2	325	16	63 68 113 158 416 1204 1321 1520 1881 2455 2713 2734 2769 2967 2993 3257 3451 3453 3700 3906 3981 4002 4183 4323 4835
465	12	63	16	394 588 594 694 706 773 1067 1179 1184 1188 1607 1947 2019 2090 2149 2612 2897 3054 3091 3098 3223 3593 4037 4228 4235 4288 4314 4424
478	38	313	16	148 427 457 712 732 866 1209 1218 1238 1618 1656 1674 1694 2101 2336 2411 2433 2659 3061 3353 3367 3387 3403 3406 3765 3976 4129 4137 4474
535	40	42	16	90 198 340 638 677 755 1465 1850 1964 2088 2311 2331 2496 2676 3332 3380 3388 3408 3429 3650 3672 4238 4241 4358 4428 4650 4652 4773 4983
540	39	58	16	12 78 137 479 635 782 786 1100 1168 1194 1243 1599 1786 1939 1951 2398 2906 2908 3191 3266 3536 3868 4378 4512 4524 4561 4896
543	22	239	16	128 177 265 608 739 824 929 1327 1506 1645 1971 2212 2219 2251 2319 2579 2605 2723 2974 3006 3089 3253 3296 3465 3466 4149 4444 4581
545	18	333	16	89 94 535 644 783 843 1003 1707 1787 1867 1968 2121 2224 2343 2655 2941 3057 3415 3445 3595 3754 3844 3847 4445 4594 4655 4768
558	26	9	16	174 281 296 363 384 758 1417 1503 2151 2208 2232 2568 2685 2726 2731 2839 2926 2994 3050 3195 3214 3228 3623 4476 4540 4682 4749
562	10	315	16	95 230 271 486 513 565 676 851 887 1447 1550 1581 1789 2147 2172 2404 2661 2961 3111 3360 3470 3713 3772 3915 3965 4313 4673 4886
582	5	152	16	119 313 405 572 637 804 1263 1373 1430 1549 1801 1840 1896 2068 2241 2243 2557 2576 2744 2968 3019 3140 3557 3707 4250 4432 4842 4968
590	9	144	16	263 386 1156 1229 1248 1356 1493 1597 1709 2021 2181 2456 2542 2613 2894 2915 3030 3401 3435 3604 3710 3730 3787 4373 4417 4437 4823 4867
603	29	187	16	109 172 436 553 716 895 1075 1087 1331 1750 1887 1913 1919 1999 2291 3161 3250 3418 3501 3558 3578 3744 4059 4219 4420 4537 4572 4986
622	28	26	16	226 529 576 645 692 715 733 1161 1200 1363 1721 1752 1853 2113 2360 2765 2788 3152 3229 3234 3346 4296 4477 4661 4703 4797 4948
627	27	256	16	23 192 665 1116 1388 1588 1653 1980 2239 2258 2376 2409 2514 2807 2937 3071 3168 3483 3522 3633 3668 3839 4032 4067 4203 4605 4670
671	33	77	16	67 107 147 195 380 641 796 849 946 1225 1236 1301 1829 1873 2350 2372 2446 2762 2843 3096 3105 3141 3498 3610 4054 4361 4415 4771 4980
672	15	53	16	228 445 482 892 1270 1360 1470 1582 1585 2434 2621 2666 2885 3535 3542 3565 3619 3675 4088 4140 4390 4457 4520 4619 4626 4633 4809 4917
685	3	213	16	30 227 233 590 723 939 976 994 1222 1407 2005 2033 2194 2295 2354 2357 2619 2735 3081 3160 3184 3240 3368 3939 4338 4393 4588 4593 4977
688	8	328	16	106 564 807 893 1035 1217 1288 1421 1769 2366 2444 2478 2510 2588 2635 2818 3011 3579 3813 3815 3851 3901 3996 4177 4480 4516 4632 4798 4914
692	19	273	16	53 180 518 581 1227 1732 1894 1934 2325 2668 2799 2918 3131 3177 3218 3288 3311 3363 3398 4141 4148 4175 4265 4359 4413 4452 4549 4610
6	34	323	16	150 329 489 911 1084 1534 1802 2412 2540 2552 2651 2745 2752 2761 3417 3443 3879 4041 4091 4108 4187 4189 4585 4668
10	20	8	16	19 287 344 1059 1061 1235 1251 1253 1462 1729 1735 1819 1845 2104 2306 2378 2901 3204 3708 4320 4335 4534 4765 4903 4992
12	23	348	16	93 327 604 957 1037 1140 1517 1683 2129 2401 2431 2724 2858 2889 3074 3116 3326 3549 3738 3991 4188 4220 4259 4421 4766
25	6	287	16	246 914 1070 1136 1142 1150 1286 1415 1498 1558 1661 1918 1989 2073 2156 2199 2297 2380 2495 2550 2785 3210 3329 3430 4273 4738
26	32	65	16	50 450 573 1162 1285 1345 1350 1846 2176 3031 3212 3355 3362 3676 3756 3790 3933 4103 4123 4138 4569 4579 4734 4737
44	37	318	16	418 442 768 1215 1512 1553 1584 1892 1903 2110 2231 2286 2452 2673 2865 2914 3022 3163 4007 4075 4248 4253 4299 4455 4679 4756 4810
78	4	15	16	111 331 456 480 781 1479 1480 1780 1781 2449 2596 2702 3087 3110 3201 3533 3568 3599 3709 3894 4344 4368 4399 4450 4453 4813 4922 4996
93	21	113	16	36 40 81 188 291 498 688 1460 1474 1554 2117 2134 2202 2329 2751 2786 3100 3620 3643 3663 3736 3963 4350 4443 4555
105	11	202	16	51 311 388 652 1020 1149 1342 1439 1700 1708 1942 2049 2056 2074 2281 2391 2709 2716 2950 3052 3277 4252 4321 4542 4938
122	36	176	16	24 159 292 435 449 473 725 992 1048 1076 1651 1841 1914 2234 2314 2592 2656 2840 3102 3614 3662 3998 4039 4211 4654
168	30	263	16	35 266 355 419 560 1292 1359 1457 1589 1698 1742 2696 2881 2909 3188 3268 3281 3383 3551 3586 3647 3857 4709 4951 4978
181	31	41	16	86 667 972 1429 1720 1795 1855 2015 2133 2196 2201 2304 2450 2564 2708 3122 3170 3348 3540 3829
222	17	164	16	154 358 857 915 988 1130 1637 2130 2169 2270 2402 2424 2623 2660 2900
232	16	72	16	238 288 339 447 471 478 511 705 1487 1622 1628
235	35	143	18	165 365 747 749 1040 1210 1281 1462 1560 1649 1723 1773 1832 1843 2131 2279 2451 2710 2925 3641 3693 3702 4031 4094 4682 4875 4965
263	1	122	18	146 225 319 335 355 1265 1622 1834 2047 2553 2615 3107 3153 3179 3244 3399 3545 3718 3836 3992 4059 4227 4394 4551 4760 4944 4974
268	7	188	18	199 523 867 1151 1208 1274 1378 1552 1562 1692 1833 1893 1999 2104 2123 2320 2370 2413 2478 3044 3189 3404 3692 4481 4793 4864
274	13	278	18	66 210 884 1004 1489 1524 1747 1804 2191 2199 2225 2380 2516 2521 2540 2555 2609 2821 3063 3130 3283 3753 3929 4073 4295 4537
279	14	162	18	259 297 342 890 949 1117 1198 1525 1567 1847 1871 1899 1906 2026 2063 2308 2418 2750 2799 2862 3136 3517 3659 4597 4782 4973
285	24	159	18	9 116 137 697 923 1186 1329 1594 1784 2138 2708 2737 3013 3167 3376 3908 3928 4174 4180 4449 4560 4890 4959 4993
287	25	309	18	55 285 287 317 369 1126 1327 1430 1480 1815 1902 2495 2698 2764 3001 3023 3076 3265 3829 3999 4149 4242 4297 4330 4544 4725 4980
307	2	316	18	243 296 682 718 903 928 1092 1222 1324 1584 1678 2198 2356 2714 2809 3005 3101 3197 3494 3901 4065 4234 4343 4391 4554 4628 4698 4730
331	12	307	18	95 220 557 664 1054 1278 1328 1664 1717 1827 2011 2229 2346 2947 3056 3083 3084 3216 3665 4221 4287 4312 4418 4868 4950 4967
336	38	267	18	324 524 595 967 1440 1537 1760 1840 1886 1912 2242 2274 2288 2372 2403 2965 3014 3361 3370 3390 3454 3831 4074 4169 4182 4363 4376 4410 4411
355	40	38	18	45 411 492 839 940 1292 1416 1432 1609 1796 1838 2151 2234 2293 2593 2679 2681 3120 3181 3383 3605 3699 4303 4526 4563 4644 4812 4861
380	39	160	18	370 701 865 1012 1300 1307 1373 1448 1653 1711 2030 2497 2805 2893 2912 2938 2973 2993 3000 3395 3432 3439 3555 3749 4278 4305 4709
382	22	297	18	32 596 748 920 1221 1696 1786 1870 2098 2265 2385 2456 2458 2662 2763 2941 3123 3243 3595 3762 3852 4195 4240 4484 4578 4798
388	18	187	18	37 54 430 472 638 639 717 824 895 1029 1420 1608 2005 2126 2348 2794 2870 2913 3151 3461 3715 4085 4103 4366 4427 4602 4818
390	26	45	18	180 192 733 735 832 848 1157 1242 1360 1509 1697 1845 1962 2101 2294 2296 2353 2383 3264 3310 3717 3796 3925 4110 4478 4660
416	10	214	18	20 312 608 647 1089 1472 1508 1729 2510 2568 2650 2733 2880 3026 3328 3377 3378 3414 3427 3583 3661 3845 3861 4499 4684
435	5	171	18	117 247 460 690 999 1429 1433 1676 1739 1805 1880 1925 2258 2358 2844 2944 3214 3449 3742 3783 4060 4514 4520 4570 4743
448	9	293	18	191 273 802 879 1260 1310 1393 1404 1530 1563 1574 1627 1748 1823 1824 2212 2759 2869 3100 3157 3300 3758 3995 4393 4848 4928
468	29	102	18	53 58 326 512 679 779 1001 1050 1093 1443 1744 1792 2344 2415 2580 2718 2797 3040 3567 4001 4178 4232 4250 4355 4435 4622 4989
491	28	23	18	1 125 167 234 345 803 869 1072 1111 1436 1452 1589 1731 1905 2164 2731 2784 2955 3239 3413 3576 3608 3613 3681 3899 4290 4895
519	27	76	18	3 40 235 248 476 628 629 874 888 1037 1085 1284 1437 1641 1681 1776 2189 2617 3482 3500 3855 4300 4324 4529 4755 4786 4856
521	33	87	18	559 751 1060 1438 1473 1629 1756 1930 2112 2147 2207 2455 2758 2765 2828 2934 3028 3109 3202 3536 4051 4226 4309 4318 4606 4663 4977
550	15	55	18	533 634 761 786 1167 1357 1715 1966 2364 2546 2931 3330 3550 3664 3695 3879 3967 4022 4215 4668 4806 4853
560	3	22	18	158 328 368 422 514 666 1369 1395 1466 1598 1852 1923 1933 2496 2569 2751 2780 2827 3327 3658 3739 3807 3811 3936 3956 4007 4454
604	8	324	18	209 240 445 719 773 1013 1611 2560 2613 2648 3142 3171 3178 3246 3524 3736 3969 4191 4269 4329 4361 4367 4675 4707 4791 4844 4873 4975
617	19	107	18	91 126 511 793 913 1230 1311 1654 2249 2381 2688 2859 3372 3435 3600 3700 3944 4040 4392 4513 4624 4690 4726 4746 4926
618	34	128	18	19 115 231 564 620 762 789 1010 1091 1133 1228 1507 1556 1614 1738 1869 2146 2251 2302 2848 3851 4049 4151 4170 4298 4347 4604 4679
623	20	192	18	189 304 552 767 790 1192 1445 1974 2084 2256 2289 2291 2657 2892 2983 3580 3694 3994 4053 4136 4203 4613 4729 4859 4970
624	23	82	18	204 237 457 609 882 942 1309 1730 1788 2052 2185 2220 2492 2567 2694 2788 2905 2917 3043 3285 3442 3593 4395 4533 4654
637	6	197	18	11 507 569 624 675 910 932 1288 1464 1482 1514 1591 2167 2183 2410 2945 3245 3344 3746 3946 3987 4356 4476 4571 4704 4769
662	32	271	18	349 503 807 972 1323 1374 1753 1878 1900 2000 2261 2281 2311 2457 2825 3162 3480 3587 3649 4122 4212 4466 4579 4583 4596 4943
678	37	244	18	381 636 961 1018 1139 1256 1318 1334 1894 1947 1955 2246 2280 2674 2682 2690 2898 3684 3691 3743 3759 3798 3954 4267 4592 4716
696	4	305	18	516 875 1350 1396 1491 1687 2113 2352 2529 2565 2587 2658 2911 2923 3437 3460 3468 3469 3591 3752 3849 3907 3982 4241 4253 4416 4940
1	21	253	18	120 174 567 763 936 1137 1166 1597 1809 2130 2237 2551 2589 2723 2747 2876 2967 3212 3353 3513 3889 4092 4116 4160 4245 4389
21	11	260	18	15 31 57 124 179 337 420 504 1044 1201 1836 1949 2590 3096 3159 3194 3754 3775 3854 3870 3959 4256 4277 4444 4503 4534 4824
35	36	317	18	41 82 289 582 711 883 1226 1294 1722 1812 1889 1931 2062 2095 2231 2729 3077 3381 3387 3410 3910 4046 4302 4346 4403 4528 4821 4839
76	30	347	18	277 307 684 741 1282 1403 1426 1619 1745 1761 1920 2471 2629 2637 2675 2722 2798 2849 3048 3092 3102 3335 3781 4617 4728 4751
86	31	178	18	205 453 950 1148 1291 1542 1621 1771 1849 1891 1990 1995 2028 2515 2715 2855 3161 3230 3402 3450
95	17	12	18	182 261 395 566 650 778 842 975 1431 1916 1967 2154 2425 2786 3016
127	16	153	18	579 668 817 1319 1568 1857 2003 2022 2043 2050 2162
193	35	275	20	190 367 452 523 527 1185 1196 1383 1439 1568 1810 1835 1940 2020 2113 2397 2568 3137 3817 3917 4055 4102 4448 4601 4753 4802 4976
209	1	71	20	242 393 475 854 918 1157 1237 1286 1291 1353 1689 2343 2564 2756 2780 3014 3153 3204 3386 4087 4205 4791
233	7	211	20	93 216 323 646 1107 1505 1514 1588 1614 1868 2081 2347 2720 3048 3247 3547 3718 4261 4308 4324 4806 4827 4868
249	13	202	20	89 121 259 651 784 823 912 932 1296 1528 1713 1910 2127 2216 2339 2417 2591 2610 3203 3207 3568 4662 4920
258	14	1	20	255 542 550 617 735 776 961 1062 1686 1726 2166 2769 2970 2990 3025 3635 3795 3840 4370 4378 4593 4623 4651 4675 4969 4974
270	24	306	20	11 290 593 822 1017 1058 1508 1712 1861 2251 2721 2931 3108 3252 3392 3728 3841 4030 4067 4264 4291 4590 4693 4747
280	25	78	20	29 230 590 688 901 1676 1746 2423 2446 2687 2834 3194 3357 3365 3698 3779 3941 4062 4064 4168 4390 4489
296	2	36	20	337 439 601 744 752 962 991 1153 1268 1394 1434 1550 1636 2108 2266 2466 2586 2587 3031 3273 3331 3406 3573 3830 3992 4128 4402 4677
314	12	106	20	56 136 314 366 988 1019 1051 1095 1411 1902 2192 2559 2791 3173 3195 3251 3340 3611 3853 4024 4093 4342 4838 4946
335	38	332	20	384 529 1204 1509 1669 1843 2021 2181 2366 2547 2732 2737 2777 3315 3366 3770 3777 3802 4152 4164 4403 4431 4622 4960 4988 4994
346	40	33	20	9 170 291 388 591 629 726 840 1109 1516 1583 1759 1974 2223 2471 2503 2981 3015 3490 4647 4755 4794 4897 4910
376	39	299	20	23 144 451 499 770 856 873 1084 1436 1555 1665 1670 1945 2178 2302 3321 3446 3569 3714 3949 3952 3955 4132 4775 4809
386	22	329	20	82 236 298 300 713 867 1124 1526 1725 2000 2140 2195 2854 2874 3080 3196 3268 3275 3286 3877 4000 4042 4119 4288 4297 4591
392	18	10	20	129 353 410 577 772 827 1302 1540 1663 1791 1821 1871 1975 2176 3237 3332 3537 3561 3673 3735 3881 4706 4717
409	26	221	20	33 61 80 328 461 488 803 880 933 1231 1271 1335 1388 1634 1656 2306 2849 2925 2928 3008 3320 3475 3993 4517 4589
414	10	268	20	155 441 478 484 547 564 917 924 1246 1346 1481 1564 1753 1954 1959 2310 2697 3030 3217 3359 3433 3526 3850 4053 4376 4385 4550
417	5	274	20	497 885 1158 1247 1274 1284 1397 1450 1544 1743 1750 1854 2106 2369 2378 2454 2690 2743 2752 3006 3094 3144 3571 3703 4731 4819 4905
421	9	120	20	143 309 570 759 787 808 853 1077 1243 1341 1875 2105 2265 2424 2436 2544 3065 3081 3209 3865 3879 3965 4005 4410 4511 4783 4958
442	29	208	20	73 102 281 402 644 1005 1018 1022 1732 1742 1806 1972 2269 2793 3224 3242 3279 3465 3681 3737 4110 4191 4637
444	28	43	20	171 274 743 1028 1042 1113 1129 1142 1414 1572 2024 2030 2493 2577 2859 2904 3165 3334 3613 4023 4310 4328 4536 4628 4902
451	27	134	20	276 456 650 681 711 987 999 1161 1446 1488 1606 1811 1822 2043 2498 2774 2851 3001 3220 3230 3668 3674 3910 3948 4020 4514 4815 4906
457	33	14	20	17 153 221 336 746 958 1056 1553 1808 2098 2131 2534 2556 2570 2670 2682 2715 3103 3293 3424 3477 3515 3583 3797 3824 4150 4635
460	15	259	20	605 705 820 953 1063 1214 1298 1469 1515 1717 1907 1929 2277 2395 2487 2701 3383 3542 3854 3962 4252 4347 4365 4597 4817
476	3	31	20	75 877 1379 1391 1504 1522 1548 1681 1690 1857 1883 2134 2350 2500 2603 2703 3028 3060 3283 3311 3421 3508 3754 3861 3875 3994 4241 4714
481	8	292	20	8 140 163 383 466 660 724 729 754 806 891 1779 1795 2213 2322 2558 2599 3045 3274 3306 4112 4454 4626 4764 4835 4881
495	19	245	20	65 268 344 562 649 719 913 966 1215 1455 1678 1684 1833 1874 2047 2152 2330 2451 2798 2984 3604 3697 4388 4814
508	34	199	20	403 425 532 925 1079 1105 1155 1331 1451 1483 1687 1783 1823 2526 2753 3067 3694 3778 4120 4379 4599 4699
529	20	263	20	262 285 465 483 500 537 610 635 652 965 1016 1075 1363 1493 2072 2250 2427 2985 3169 3438 3480 3726 3911 4372 4393 4415
537	23	252	20	324 509 997 2153 2162 2174 2338 2585 2852 3113 3210 3500 3664 3677 3758 3805 3863 3904 3976 4206 4225 4234 4442
538	6	234	20	28 60 122 749 753 872 1220 1715 1718 2050 2111 2115 2158 3197 3289 3348 3489 3528 4068 4354 4843 4874 4877 4922
549	32	87	20	126 320 432 572 583 869 945 1151 1212 1273 1349 1438 1551 2007 2264 2413 2442 2579 2612 3262 3522 3578 4139 4527 4618 4689
577	37	138	20	212 398 757 809 866 1054 1190 1210 1332 1412 1616 1633 1652 1660 2230 2348 2389 2821 3487 3662 4057 4071 4787 4932
634	35	78	22	123 227 796 871 964 1027 1217 1552 1716 1968 1979 2298 2345 2383 2558 2851 3164 3331 3425 3494 3665 3677 3914 4156 4290 4316
645	4	90	20	280 326 374 631 847 948 1001 1276 1362 1685 1986 2151 2272 2351 2656 2755 2917 3055 3832 3956 4049 4173 4485 4834 4839 4939
653	21	349	20	88 100 152 362 408 411 428 560 675 679 973 1088 1507 1570 1709 2132 2194 2359 2469 3560 3688 3921 4143 4219 4349 4475 4650 4833
655	11	13	20	369 396 625 712 734 1641 1748 1852 2006 2128 2159 2345 2407 2494 2613 2641 2700 3115 3128 3146 3322 3323 3503 3711 3878 4171 4729 4847
663	36	294	20	58 580 698 1280 1365 1387 2005 2309 2363 2431 2862 3338 3505 3642 3943 4022 4122 4184 4639 4676 4788 4836 4879 4998
679	30	91	20	103 1115 1639 1878 2014 2206 2311 2548 2978 3087 3345 3376 3651 3707 3781 3837 3906 4084 4111 4124 4160 4256 4295 4453 4854 4985
13	31	195	20	246 414 1066 1297 1372 1571 1615 1662 1787 1991 2520 3068 3131 3147 3255 3481 3663 3788 3842 4088
24	17	45	20	21 317 416 435 727 738 1191 1330 1582 1595 1645 1897 2142 2163 2562
30	16	15	20	130 209 371 526 548 834 1047 1549 1768 1772 2077
59	1	171	22	133 213 414 570 714 1149 1218 1789 1837 2245 2512 2546 2553 2857 3059 3073 3152 3556 4226 4299 4323 4400 4494 4563 4701
68	7	240	22	101 536 716 823 918 1249 1381 1830 1935 2236 2292 2324 2326 2485 2561 2735 2787 2872 2953 3270 3304 4210 4240 4827
81	13	119	22	51 226 388 441 767 1010 1063 1147 1148 1241 1953 1988 2347 2510 2838 2948 2954 3056 3114 3172 3427 3496 3614 4521 4686 4847
96	14	287	22	30 752 1189 1276 1309 1375 1554 1657 1690 2190 2203 2727 2996 2998 3042 3046 3047 3332 3536 4082 4190 4742 4787
97	24	201	22	17 627 1237 1265 1461 1702 2031 2100 2288 2319 2741 3039 3193 3258 3314 3450 3618 3829 3939 4221 4382 4645 4653 4665
99	25	250	22	480 1442 1711 1975 2015 2152 2250 2314 2677 2845 2949 2955 3078 3119 3547 4010 4160 4222 4346 4412 4596 4720
103	2	319	22	235 290 542 735 1038 1077 1106 1211 1374 1526 1596 2532 2969 3058 3241 3327 3485 3861 3890 4352 4516 4633 4667 4896 4972
107	12	207	22	258 665 670 759 924 1057 1377 1950 2460 2541 2620 2623 2892 2997 3101 3444 3484 3833 4202 4236 4245 4427 4515 4571 4804 4819
119	38	163	22	254 401 534 713 840 908 1382 1512 1781 1933 2057 2337 2410 2502 2571 2832 3035 3640 3835 4045 4046 4432 4892 4988
124	40	33	22	434 474 517 999 1026 1259 1707 2145 2146 2166 2382 2421 2659 2813 3009 3055 3511 3621 3810 3956 4033 4216 4349 4423 4780
150	39	70	22	365 482 793 795 816 1445 1559 1611 1762 1885 1906 1980 2306 2559 3218 3652 4317 4330 4561 4600 4721 4727 4829 4864
161	22	223	22	175 454 468 492 773 1191 1297 1361 1385 1818 1832 1958 2116 2703 2952 3134 3459 3912 3961 4025 4067 4411 4524 4844 5000
183	18	326	22	447 728 937 1078 1083 1111 1746 1809 1817 1882 1883 2249 2728 2835 3089 3173 3671 3714 3797 3944 4003 4107 4123 4303 4664 4791
188	26	179	22	45 114 139 334 341 443 777 1499 1601 1697 1881 1918 1982 1984 2062 2149 2290 2594 2726 3071 3175 3464 3820 4120 4244 4748
219	10	189	22	548 646 653 1282 1470 1519 1655 1699 1904 1941 2211 2283 2363 2448 3037 3370 3519 3552 3659 4286 4582 4718 4845 4872 4901 4950
223	5	334	22	72 168 768 899 1006 1196 1231 1897 1939 2135 2207 2481 2614 2686 2715 3074 3183 3487 4360 4418 4433 4436 4682 4730 4808
227	9	342	22	178 368 405 479 605 1376 1446 1776 2412 2890 2898 3199 3283 3571 3592 3609 3840 3896 4072 4113 4164 4497 4589 4643 4776 4812 4910
236	29	288	22	220 295 343 779 982 1356 1464 1848 1860 1924 1981 1998 2078 2177 2297 2613 2891 3156 3367 3411 3617 3717 4052 4535 4930
261	28	4	22	348 349 473 633 762 766 891 1021 1213 1456 1504 1782 1864 1949 2032 2179 2204 2702 3150 3377 3674 3764 3811 4084 4850 4894
281	27	29	22	19 575 642 674 884 1000 1079 1322 1390 1510 1591 1865 2458 2461 2508 2889 2968 3139 3394 3830 3882 4157 4510 4560 4684 4789
316	33	103	22	176 613 971 1393 1849 1910 2008 2109 2111 2191 2395 2406 2632 2959 3195 3253 3310 3420 3631 3704 3740 3986 4111 4215 4620
423	15	265	22	189 219 550 679 1184 1270 1421 1623 1665 1965 2095 2619 2755 2902 2934 3010 3359 3685 4167 4169 4296 4471 4642 4919 4983
440	3	294	22	508 531 663 1137 1167 1252 1348 1563 1651 1989 2110 2520 2752 2794 2888 3157 3182 3259 3347 4118 4247 4319 4467 4941
452	8	96	22	3 14 230 428 526 859 882 938 1023 1036 1364 1373 2307 2795 2819 2976 3320 3356 3559 3745 4196 4322 4325 4392 4918
463	19	217	22	469 841 959 1176 1341 1440 2009 2232 2427 2490 2493 2555 2655 2881 3322 3389 3460 3509 3582 3774 4419 4517 4572 4734
467	34	144	22	612 640 689 946 954 1262 1311 1615 1963 2200 2280 2354 2384 2556 2774 3086 3247 3275 3289 3866 4492 4800 4860 4947
474	20	168	22	353 615 645 1308 1451 1724 1946 2130 2359 2419 2641 2914 3296 3426 3438 3630 4106 4238 4272 4336 4339 4669 4848 4948 4986
477	23	269	22	167 242 330 352 965 1034 1428 1649 1675 2137 2187 2302 2400 2863 3140 3207 3261 3777 3789 3926 3982 4374 4530 4562 4786 4970
492	6	52	22	131 578 660 1059 1511 1515 1616 1779 1859 1992 2049 2126 2224 2255 2275 2333 2454 2597 2652 2821 3856 4117 4267 4779 4943
497	32	340	22	18 153 300 458 504 775 862 1028 1031 1068 1128 1169 1542 1774 1858 2153 2367 2656 3165 3168 3294 3669 3921 4304 4394
503	37	238	22	171 371 413 466 540 1300 1386 1720 1831 2544 2981 3070 3118 3265 3593 3793 4115 4259 4644 4694 4837 4963 4971
506	4	333	22	127 128 351 529 622 1600 1635 1648 2269 2322 2552 2834 2944 2990 3075 3227 3254 3624 3666 3873 3927 4058 4219 4907 4985
510	21	3	22	96 108 184 299 541 588 599 894 1691 1738 2077 2377 2584 2710 2775 2965 3163 3686 3769 3806 3807 3872 3917 4213 4746
551	11	148	22	57 92 217 287 306 456 598 1406 1620 1870 2105 2625 2754 2785 3143 3440 3620 3670 4135 4634 4661
552	36	349	22	173 211 513 520 889 1248 1416 1419 1503 1784 1888 2274 2585 2697 3161 3194 3384 4017 4124 4305 4555 4608 4638 4785 4855 4951
563	30	36	22	404 782 926 1131 1352 1425 1498 1549 2163 2241 2450 2516 2540 2616 2627 3475 3615 3841 3968 4061 4165 4502 4733 4884 4904
564	31	331	22	12 257 354 472 738 817 917 1075 1501 1696 2115 2777 2796 2927 3018 3033 3237 3461 3476 3628
574	17	345	22	323 386 416 678 810 868 1070 1269 1303 1581 1841 2398 2664 2672 2874
593	16	102	22	24 412 607 715 896 1115 1233 1266 1721 1905 2026
595	35	106	24	81 582 794 1076 1153 1888 2051 2061 2195 2249 2318 2503 2867 2887 2901 3090 3109 3183 3393 3602 3739 3930 3947 4121 4262 4327 4590
600	1	88	24	793 902 911 1242 1368 1490 1577 1708 1879 2068 2179 2556 2797 3146 3169 3255 3494 3514 3746 3893 4042 4340 4537 4802 4878
619	7	35	24	76 99 228 337 497 775 1038 1041 1500 1741 1920 2188 2238 2360 2633 2706 2957 2960 3057 3389 3662 3812 3839 3877 4117 4126 4586
625	13	251	24	58 206 255 352 478 501 595 764 889 930 1039 1046 1108 1244 1326 1719 1755 2041 2063 2618 2744 3452 4270 4281 4501 4509
631	14	138	24	96 110 219 286 298 487 600 859 993 1008 1193 1404 2141 2190 2209 2771 3030 3362 3420 3568 3838 4314 4428 4701
650	24	285	24	16 136 210 348 917 1674 2016 2103 2436 2560 2778 3047 3311 3453 3629 3733 3759 3840 4268 4319 4433 4674 4678 4694 4736
657	25	273	24	66 304 647 694 812 1209 1277 1435 1497 1609 1880 2087 2352 2521 2814 2833 3085 3266 4068 4143 4280 4531 4723 4943 4973
665	2	146	24	423 875 1441 1468 1666 1718 2029 2445 2531 2638 2698 2907 2927 2936 3087 3209 3539 4083 4140 4335 4440 4831 4954
680	35	35	26	173 183 586 604 676 888 1076 1295 1308 1976 2013 2108 2291 2477 2579 3086 3207 3308 3313 3465 4435 4499 4576 4952 4978
28	12	196	24	25 125 127 158 181 390 648 748 1100 1144 1337 1344 1380 2961 3231 3360 3621 4047 4157 4336 4359 4461 4495 4702 4759 4773
33	38	261	24	49 117 365 628 634 778 800 877 897 1126 1195 1521 2172 2368 2916 2933 3024 3147 3515 3718 3957 4147 4690 4758
66	40	123	24	102 162 285 292 338 509 1230 1312 1342 1564 1662 1707 2847 2985 3302 3303 3436 3657 3757 3849 3863 4021 4196 4713 4875
69	39	247	24	6 45 101 109 146 233 360 483 989 1065 1369 1898 1945 2365 2816 3263 3649 3731 3737 3783 3981 4302 4365 4539 4611
85	22	164	24	24 761 770 1048 1259 1487 1578 1745 2125 2255 2304 2873 3078 3096 3140 3192 3407 3647 4312 4594 4658 4772 4885
87	18	64	24	171 258 584 1332 1459 1484 1516 2046 2184 2189 2653 2935 2954 2988 3309 3509 3611 3906 4205 4321 4353 4472 4493 4741
100	26	9	24	336 567 782 988 1169 1257 1263 1334 1471 1545 2142 2199 2553 2719 3125 3235 3455 3600 3875 3922 4035 4040 4213 4364 4908
114	10	225	24	164 368 462 927 1025 1694 1717 1771 1778 1845 2099 2182 2243 2245 2815 3088 3089 3315 3526 3586 3700 3932 4060 4251 4983
126	5	6	24	502 673 727 1575 1775 1786 2259 2294 2506 2513 2573 2697 3041 3053 3117 3547 3944 3970 4004 4132 4341 4500 4551
130	9	277	24	844 860 1371 1638 1979 2028 2128 2146 2299 2407 2526 2532 2629 2812 3036 3340 3518 3541 3828 3901 3991 4698 4812 4866 4869
133	29	255	24	43 1136 1555 1680 1996 2015 2140 2337 2410 2444 2535 2566 3026 3187 3312 3639 4156 4274 4306 4337 4708 4947
157	28	117	24	724 949 1052 1115 1546 1670 1695 1758 1982 2221 2316 2979 2996 3126 3180 3338 3507 3538 3616 3706 3881 4082 4155 4836
165	27	147	24	62 193 240 881 1827 1919 2213 2403 2473 2651 2765 2840 2860 2894 3215 3357 3417 3989 4099 4141 4888
186	33	20	24	341 459 830 973 1537 1839 1895 1908 2027 2080 2095 2534 2878 2959 3104 3211 3491 3562 3581 3630 3993 4080 4721
196	15	329	24	402 477 577 609 787 979 1009 1338 1455 1532 1569 1812 1967 2228 2657 2736 2772 3493 3578 3997 4015 4124 4581 4692
204	3	216	24	187 565 599 852 1022 1173 1174 1208 1421 1428 2174 2362 2426 2428 2801 3077 3242 3719 4525 4613 4834 4897 4946 4994
205	8	119	24	194 361 467 612 636 1102 1181 1276 1409 1588 2554 2828 2904 3442 3543 3871 4043 4128 4212 4362 4608 4870 4916
207	19	331	24	172 367 370 372 559 576 664 707 874 1141 1255 1664 1723 2075 2226 2855 3373 3565 3868 4075 4273 4507 4552 4837 4864
226	34	249	24	55 124 990 1271 1333 1399 1494 1605 1623 1815 1975 2558 2642 2813 2920 3786 3847 4188 4192 4550 4680 4697 4719 4867 4937
253	20	236	24	429 654 661 941 952 1289 1465 1646 1734 1831 1842 2067 2257 2411 2695 2803 3010 3480 3632 3896 4528 4575 4645 4898
257	23	165	24	77 243 407 846 1264 1400 1485 1576 1595 1751 2419 2504 3295 3396 3546 3723 3803 4001 4232 4243 4454 4458 4518 4972
265	6	159	24	71 392 618 704 862 1071 1235 1272 1624 1736 1886 1915 2007 2289 2601 3092 3161 3655 3975 4324 4547 4638 4771 4809 4956
290	32	200	24	161 262 784 883 948 1279 1890 1995 2102 2583 2624 2683 2739 3062 3111 3174 3479 3575 3753 3999 4429 4522 4574 4778 4877
304	37	11	24	70 623 632 690 753 772 813 1158 1187 1892 1946 2475 2931 3106 3118 3351 3399 3472 3584 3667 3729 3827 4139 4560
332	4	181	24	18 211 525 601 915 1146 1150 1461 1574 1601 1628 1737 2170 2321 2762 3181 3262 3519 3707 3780 3845 3919 3925 4915
344	21	46	24	36 196 499 747 757 906 1069 1290 1561 1803 2338 2680 2955 3237 3572 3689 3837 3943 4201 4558 4666 4710 4738 4792
360	11	248	24	80 344 689 742 998 1003 1302 1370 1535 1804 2114 2161 2173 2216 2230 2382 2449 2518 2678 2843 3018 4013 4061 4593 4763
372	36	193	24	134 309 448 516 798 981 1348 1437 1663 1800 2053 2150 2267 2391 3129 3305 3352 3390 3431 3477 3920 4023 4388 4607 4807
381	30	254	24	121 508 731 1124 1131 1249 1392 1499 1658 1811 2021 2236 2477 2859 2924 2989 3341 3556 3763 3958 4138 4443 4470 4496 4859
385	31	173	24	46 169 208 238 592 741 913 1233 1426 1469 1871 1973 1990 2001 2494 2842 3259 3597 3794 3955
393	17	132	24	248 355 375 869 1281 1691 1759 2064 2474 3038 3112 3416 3960 4131 4179
395	16	28	24	90 424 587 722 746 873 1413 1495 1617 1820 1937
420	1	221	26	115 119 369 880 1011 1521 1661 1692 1866 1987 2343 2359 2537 2949 3003 3025 3235 3340 3624 4211 4354 4541
432	7	233	26	56 612 1203 1378 1600 1700 1730 2308 2428 2436 2572 2634 2961 3033 3263 3346 3527 3999 4296 4605 4659 4708
441	13	286	26	71 74 955 1536 1682 1946 2128 2367 2387 2451 3120 3141 3208 3324 3521 3768 3772 4084 4162 4290 4632 4773
443	14	198	26	27 445 499 733 1680 1686 2180 2369 2434 3125 3187 3225 3352 3371 3395 3446 3553 3577 3726 3770 3918 4184 4343 4431 4467 4851
445	24	322	26	32 108 446 799 885 941 1211 1930 2094 2114 2329 2515 2728 3045 3256 3421 3926 4032 4070 4148 4320 4376 4832 4990
449	25	39	26	73 335 438 496 658 877 1054 1395 1540 1576 1827 2071 2327 2435 2573 2746 3713 3740 3866 3945 4078 4161 4285 4436 4519
479	2	48	26	82 112 471 865 927 1491 2345 2621 2756 3130 3166 3203 3258 3335 3434 3439 3900 3909 3971 4231 4371 4553 4573 4781 4999
489	12	179	26	199 229 399 602 607 983 1089 1154 1282 1424 1764 2030 2144 2221 2267 2575 2792 2891 3447 4010 4075 4120 4770 4992
500	38	121	26	50 105 249 301 803 1178 1278 2018 2118 2247 2280 2767 3009 3062 3294 3318 3808 4232 4245 4310 4362 4407 4433 4484 4494
509	40	22	26	33 48 945 1064 1558 1790 1855 2009 2178 2219 2375 2658 2869 2884 3001 3113 3156 3218 3274 3655 3848 4244 4598 4621 4800
515	39	266	26	681 720 987 1005 1145 1285 1705 1714 1813 1834 2006 2120 2410 2453 2594 2893 3257 3936 3973 4256 4363 4572 4624 4874 4879 4944
517	22	182	26	200 652 911 931 940 1032 1431 1860 2059 2068 2077 2358 2530 2653 2887 2941 3053 3650 3824 4248 4571 4882
532	18	17	26	139 176 296 330 470 882 1467 1753 1858 1956 1998 2113 2393 2403 2520 2745 3084 3479 3518 3591 4039 4165 4540 4679 4783
554	26	98	26	41 242 370 852 853 1000 1065 1238 1584 2017 2033 2173 2229 2332 2628 2731 2868 2987 3146 3734 3785 4326 4938 4997
579	10	303	26	37 86 202 246 491 818 857 1183 1190 1547 2026 2674 2778 2805 3112 3337 3571 3620 3644 4096 4647 4680 4792
599	5	146	26	140 219 428 432 831 1143 1192 1342 1607 1739 1939 2516 2560 3176 3272 3570 3729 3849 3931 3950 4008 4104 4109 4172 4304 4533
609	9	82	26	132 644 1014 1326 1562 1603 1672 1902 2518 2571 2795 2971 3206 3373 3680 3683 3995 4129 4226 4662 4754 4852 4915
642	29	180	26	61 450 626 745 995 1492 1539 1729 1746 1836 2940 3243 3512 3691 3850 3964 4025 4057 4140 4289 4577 4600 4626 4857
674	28	85	26	468 573 835 1019 1112 1745 1778 1814 2045 2121 2498 2611 2748 2844 3234 3506 3966 4144 4535 4704 4873 4876 4945
677	27	320	26	51 147 718 827 1041 1199 1638 1689 1740 1972 2025 2136 2598 2740 2910 3277 3638 3927 4019 4597 4826 4898 4960
690	33	181	26	216 255 620 674 1129 1314 1460 1655 1767 2246 2592 3072 3317 3430 3736 3792 3825 3827 4480 4663 4720 4877 4880
15	15	155	26	70 221 417 1027 1159 1185 1423 1452 1509 1518 1615 1853 1992 2079 2103 2202 2742 2761 4097 4134 4154 4355 4504 4714
37	35	180	28	195 284 323 394 450 641 839 901 985 1886 1952 2125 2139 2582 2842 2870 3194 3386 3768 3811 3954 3987 4409 4876
54	3	67	26	12 162 293 362 922 1116 1567 2076 2167 2879 3049 3231 3508 3556 3741 3889 4175 4228 4426 4560 4815 4975
57	8	151	26	67 553 562 926 1350 1703 1926 1958 1973 1984 2073 2207 2313 2419 2440 3490 3541 4273 4400 4470 4476 4674 4825 4996
65	19	49	26	379 425 1289 1475 1665 1850 1851 1941 2602 2833 3151 3597 3735 3858 3905 3953 4265 4300 4438 4584 4928 4950
75	34	24	26	137 180 344 754 1197 1316 1367 1485 1580 1927 2056 2433 2625 2706 2788 2982 3605 3952 3958 3977 4225 4264 4500 4530 4813
84	20	51	26	81 359 487 514 671 1039 1209 1371 1391 1406 1565 1645 1785 1830 2117 2297 2622 2711 3259 3391 3989 4585 4831 4916 4969
109	23	94	26	279 310 837 1234 1577 1667 1922 2029 2066 2080 2165 2234 2462 2554 3193 3222 3399 3504 3820 4063 4488 4521 4768
121	6	64	26	165 184 412 551 734 849 962 1057 1336 1470 1952 2314 2966 3241 3347 3687 3716 4307 4711 4778 4820
128	32	88	26	142 688 892 1216 1320 1654 1864 2270 2342 2460 2707 2734 2916 3555 3600 3611 3891 3896 4166 4260 4434 4492 4550 4894
152	37	207	26	103 431 841 843 1111 1230 1245 1360 1368 1921 2171 2261 2378 3328 3531 3548 3636 3795 3884 4276 4581 4625 4794
159	4	284	26	63 237 411 469 476 656 1073 1481 2295 2699 3016 3226 3271 3323 3550 3781 3794 3984 4022 4042 4356 4546 4940
164	21	307	26	488 618 657 1138 1214 1251 1569 1579 1644 1937 2317 2491 2636 2722 2870 3039 3369 3497 3554 3920 3934 3938 4159 4186 4664
174	11	139	26	460 529 1047 1164 2334 2539 2591 2603 2619 2836 2864 2933 3155 3301 3314 4201 4327 4459 4486 4681 4760 4790 4803 4872
176	36	70	26	166 203 424 461 566 675 1021 1090 1092 1204 1399 1804 1969 2335 2455 2837 3148 3374 3744 4002 4334 4477 4910
179	30	206	26	253 702 1058 1096 1118 1168 1347 1798 1869 2738 2797 2802 2990 3027 3158 3181 3462 3725 3980 4182 4391 4717 4785 4912
206	1	284	28	141 335 351 534 724 800 816 845 899 962 1271 1780 1788 1824 2072 2147 2713 2723 2906 2981 3934 4678 4719 4748
243	31	125	26	333 386 550 747 810 909 1258 1608 1704 2058 2382 2685 2858 2860 2894 2929 3002 3008 3372 3525
246	17	348	26	201 257 322 598 881 891 1351 1719 1938 1981 2084 2420 2552 2806 2834
252	16	260	26	91 811 832 1398 1402 1422 1443 1544 1625 2054 2184
295	7	101	28	107 297 480 629 678 710 1083 1272 1343 1543 1960 2310 2847 2938 3133 3887 3946 4100 4797 4861
319	13	339	28	391 510 558 753 1182 1333 1382 1651 1735 2259 2744 3135 3311 3669 3712 3791 3863 3973 4097 4288 4466
321	14	51	28	18 522 686 822 1296 1578 2041 2124 2229 2431 2479 2667 2812 2971 3101 3128 3245 3302 3826 4414 4541 4580 4841 4885 4930
323	24	61	28	40 148 518 571 886 1024 1252 1556 1573 1754 1858 2003 2046 2592 2759 3052 3167 3358 3726 3779 4004 4083 4147
333	25	264	28	591 691 1060 1081 1093 1233 1552 2054 2215 2474 2557 2956 3021 3215 3521 3715 4220 4326 4404 4405 4566 4675
351	2	97	28	525 648 651 706 729 752 785 791 967 1582 1719 1828 2175 2549 2889 3132 3646 4052 4179 4284 4549 4891 4906 4967
354	12	118	28	2 92 314 489 530 896 1406 1587 1835 2079 2107 2300 2827 2996 3018 3281 3486 3693 4356 4479 4496 4754 4764 4856
358	38	301	28	491 650 730 864 893 1062 1151 1173 1263 1426 1555 1716 1794 2185 2546 2709 2893 3264 3305 4027 4216 4223 4397 4553
363	40	27	28	10 553 604 684 1125 1293 1388 1684 2204 2225 2227 2743 3112 3309 4089 4258 4429 4455 4576 4768
373	39	254	28	322 783 1096 1141 1356 1375 1409 1733 1879 2051 2237 2260 2309 2497 2817 2994 3251 3361 3983 4283 4529 4702
398	22	222	28	53 296 306 919 1015 1629 2008 2228 2517 2570 2600 2768 3342 3552 3663 3874 3951 4443 4463 4499 4854
405	18	186	28	453 494 587 1073 1380 1449 1942 2062 2097 2328 2608 2678 3364 3916 4018 4305 4325 4445 4711 4713 4817 4964
438	26	166	28	228 403 623 1546 1557 1599 1640 1844 1976 1977 2082 2290 2616 2685 3103 3126 3418 3603 3741 3821 4134 4334 4451
446	10	19	28	133 179 345 1101 1170 1402 2157 2207 2242 2389 2736 2869 2947 3775 3928 4187 4308 4349 4432 4490 4695
459	5	99	28	289 517 519 765 900 1236 1691 1701 1911 1987 2334 2436 2617 2807 3075 3329 3354 3419 3984 4080 4155 4357 4380 4736
488	9	327	28	483 515 725 838 1000 1118 1224 1784 1832 2170 2438 2490 2630 2701 3148 3457 3808 3836 4538 4618 4680 4762 4783 4987
499	29	344	28	213 311 478 496 540 1005 1049 1239 1461 2065 2527 3368 3428 3495 3530 3622 3667 3949 4029 4131 4277 4351 4548
505	28	55	28	156 181 312 447 1131 1332 1483 1833 1947 2217 2261 2486 2519 2590 2897 3286 3420 3822 3985 4227 4257 4588
570	27	1	28	238 361 420 438 1290 1525 1805 1996 2039 2193 2374 2455 2491 2692 2927 2995 3131 3186 3388 3594 3857 4603 4840
583	33	83	28	13 374 819 847 1439 1443 1895 2096 2524 2664 2761 3322 3335 3535 3624 3698 3903 4266 4572 4575 4641 4688 4776 4800
585	15	84	28	26 64 616 935 988 1605 1649 2405 2501 2816 2851 2962 3046 3221 3474 3489 3601 3833 4293 4301 4486 4685 4759 4842
591	3	271	28	215 264 320 366 580 683 969 1808 1986 2112 2213 2245 2484 2829 3056 3088 3407 3884 4200 4342 4375 4378 4742
606	8	89	28	25 298 457 528 1143 1244 1264 1456 1847 1927 2266 2646 2677 2724 3048 3566 3703 3938 4268 4318 4448 4645 4750 4799
614	19	182	28	47 79 138 460 662 704 1025 1082 1098 1261 1283 1683 2200 2504 2567 2703 3372 3498 3689 3933 3979 4350 4369 4674 4723
626	34	269	28	286 585 595 976 1121 1245 1963 2001 2301 2480 2551 2565 2640 2725 2840 2929 3084 3300 3345 3423 3528 4072 4086 4434 4770
641	20	341	28	119 859 993 1016 1041 1566 1567 1606 1667 1699 1822 2142 2357 3138 3274 3315 3363 3427 3503 3510 3686 3733 3894 4329
669	23	314	28	118 254 758 805 833 1039 1126 1184 1914 2205 2315 2433 2716 2825 2944 3260 3573 3650 3757 3898 3935 4043 4725
675	6	215	28	142 153 513 551 694 1299 1349 1451 1724 1774 2273 2361 2380 2500 2982 2992 3365 4031 4295 4385 4523 4793 4902
681	32	170	28	630 657 1088 1117 1355 1663 1862 2478 2502 2615 2635 2729 2770 3490 3524 3586 3661 3908 3940 4036 4210 4371 4564 4614
39	37	142	28	22 51 182 305 429 442 516 526 945 1171 1188 1687 2535 2539 2717 2755 3001 3150 3198 3814 4085 4105 4248
49	4	201	28	90 97 671 797 836 1161 1177 1257 1306 1307 1405 1425 1535 1583 2071 2094 2691 3205 3295 3751 4207 4716 4982
51	21	210	28	624 687 887 966 1053 1145 1554 1904 1915 2181 2422 2773 3093 3614 3809 3892 4195 4218 4439
67	11	136	28	42 101 103 282 318 1544 2132 2909 2983 3378 3379 3478 3534 3785 3923 3925 3986 4154 4402 4417 4424 4959
72	36	232	28	214 258 327 360 433 788 1144 1189 1324 1803 2515 2706 3115 3144 3724 4051 4151 4536 4584 4634
82	30	141	28	406 638 653 952 971 1107 1297 1742 1801 2083 2381 2648 2861 3381 3433 3734 4306 4923 4931 4956
102	31	69	28	303 378 486 582 701 1265 1312 1387 1418 2372 2394 2482 2530 2862 3397 4019 4045 4162 4360 4470
106	17	188	28	8 21 172 218 397 479 909 1186 1366 2187 2277 2509 2645 2779 2939
118	16	134	28	388 409 484 609 666 1106 1372 1477 1728 1814 2166
132	35	72	29	177 552 755 1043 1066 1281 1640 1848 2133 2942 3114 3145 3252 3366 3669 3715 4047 4352 4395 4587 4748 4792 4802
144	1	210	29	536 742 745 918 1215 1224 1464 1534 1650 1671 1802 1924 2191 2695 2769 2931 2952 3007 3078 3479 3594 4744 4916
158	7	332	29	135 186 203 597 798 814 960 1792 1961 1979 2187 2330 2503 2675 2776 3064 3202 3250 3516 4284 4839
224	13	230	29	257 270 376 633 811 996 1423 1531 1662 2086 2278 2439 2806 2823 3012 3029 3160 3831 4069 4933
231	14	316	29	256 332 406 518 749 1014 1543 1863 2060 2175 2195 2610 2820 3292 3760 3869 3916 4019 4137 4243 4260 4566
312	24	300	29	222 635 880 962 1090 1448 1522 1759 1938 2018 2458 2681 3156 3310 3382 3688 3724 3895 4040 4166 4525 4761 4955
318	25	57	29	7 421 589 673 717 851 891 970 1171 1221 1424 1550 1986 2059 2149 2749 3123 3175 3326 3639 3874 4113 4158 4384
337	2	203	29	13 304 661 896 1017 1223 2061 2090 2500 3385 3686 3716 3804 3834 3843 3914 3998 4021 4126 4373 4817 4837 4974
338	12	310	29	24 120 253 359 521 562 706 730 760 912 978 1033 1432 1462 1482 1551 1846 1981 2356 3384 4774 4801 4828 4957
357	38	116	29	149 282 474 517 603 693 1006 1051 1202 1251 1483 1943 2595 2617 2962 3085 3313 3322 3408 3823 3918 4542 4578 4596
377	40	172	29	89 240 278 484 845 908 1384 1403 1919 2002 2465 2467 2720 2816 3132 3486 3758 3825 3856 4304 4310 4556 4635 4790
424	39	84	29	579 830 1097 1369 1558 1744 1822 1957 1989 2257 2292 2321 2505 2770 3415 3551 3570 3648 3776 4095 4370 4529
461	22	234	29	87 319 357 780 1068 1123 1358 1445 1657 2919 2965 3117 3478 3632 3717 3769 3855 4110 4772 4820
462	18	107	29	31 641 956 1028 1387 1474 2019 2124 2307 2312 2855 2867 2911 3533 3747 3813 4199 4294 4435 4461 4962
480	26	75	29	21 229 241 407 648 905 1197 1366 1392 1758 2055 2652 2716 3024 3065 3257 3745 3786 3988 4200 4351
502	10	173	29	118 373 947 984 1357 1372 1401 1484 1569 1656 2340 2588 2646 2833 2853 3005 3070 3608 3809 4382 4827 4979
511	5	244	29	322 401 523 656 820 1178 1689 1928 1935 1956 2023 2751 2856 2868 3187 3453 3472 3555 3564 3771 3871 4077 4589
514	9	241	29	390 740 774 828 899 1007 1159 1666 1704 1770 2103 2839 2876 2970 3075 3095 3198 3467 3917 4132 4487 4575
520	29	168	29	122 223 549 612 1056 1091 1249 1291 1376 1454 2747 2781 2824 3055 3573 3621 3628 3835 4297 4311 4344 4723 4757 4777
526	28	79	29	441 453 476 769 910 976 1136 1478 1605 1876 1913 2044 2331 2335 2398 2686 2905 3083 3352 3357 3474 3504 4797
530	27	212	29	43 47 584 921 975 1513 1532 1830 1965 2041 2420 2539 2894 3186 3425 3481 3692 4156 4197 4543 4595 4884
539	33	342	29	100 143 284 329 434 540 646 1160 1179 1253 1362 1546 1635 2093 2179 2182 2773 2914 3294 3434 3532 4079 4226
547	15	302	29	11 98 185 443 824 1127 1168 1678 2150 2418 2647 2679 2924 2946 3034 3043 3338 3511 3515 3622 3749 4037 4612
566	3	231	29	128 312 546 705 904 1548 1727 1761 1784 1882 2299 2722 2742 2842 3017 3722 4087 4121 4230 4271 4416 4691
573	8	68	29	134 236 598 1180 1601 1693 1941 1994 2658 2663 2980 3542 3727 3773 3946 3968 4105 4323 4340 4514 4549
584	19	43	29	88 271 576 678 695 885 958 1016 1258 1486 2078 2251 2457 2602 2713 2819 3182 3579 4063 4209 4577 4640 4934
608	34	232	29	64 83 663 863 866 888 1002 1260 1439 1487 1568 2604 3345 3795 3828 4071 4097 4242 4265 4363 4861 4935
649	20	345	29	313 544 548 735 969 1011 1025 1031 1082 1177 1381 1881 2222 2822 2928 3172 3405 3413 3540 3616 3873 4498 4649
658	23	59	29	168 208 427 465 700 776 992 1062 1806 1925 2332 2402 2871 3016 3192 3435 3888 3922 4309 4598 4788 4865 4922
676	6	128	29	396 703 781 1009 1234 1576 1929 1974 2067 2408 2443 3272 3469 3658 3935 3981 4070 4312 4413 4547 4866 4942
45	32	126	29	395 485 713 741 901 1158 1195 1328 1444 1615 1872 2401 2507 2989 3097 3170 3242 3284 3844 3872 4006 4048
79	37	61	29	33 126 262 445 1149 1276 1922 2029 2542 2714 2896 2998 3236 3334 3457 4122 4123 4135 4315 4859 4892
138	4	190	29	164 249 1030 1113 1239 1304 1834 2541 2784 2841 2844 3134 3380 3409 3480 3493 3799 4104 4291 4442 4891
147	21	191	29	226 872 1359 1393 1867 1911 2046 3306 3440 3447 3488 3633 3643 4125 4298 4366 4582 4601 4840 4863 4878
172	11	296	29	182 366 653 986 1154 1391 1437 1685 1743 2167 2535 2547 3032 3331 3420 3476 4039 4203 4296 4602 4712 4821 4936
187	36	5	29	303 645 702 874 876 1169 1218 1703 1824 1955 2238 2627 2666 3270 3681 3697 3780 3947 4161 4229 4369 4749 4804
201	30	322	29	327 423 501 590 712 794 1316 1447 1512 1514 1658 1854 2414 3201 3296 3470 4014 4372 4673 4921
212	31	239	29	532 585 1175 1191 1389 1435 1916 2384 2473 2557 2904 3038 3410 3519 3527 3691 3887 3959 4290 4361
215	35	231	30	379 739 886 1139 1586 1829 2013 2331 2545 2727 2849 3222 3231 3237 3426 3802 4018 4237 4283 4627 4939 4961
221	17	139	29	214 903 1106 1377 1407 1630 1729 1757 2010 2048 2700 2800 2850 2860 3497
229	16	245	29	59 417 639 1104 1536 1750 1890 1997 2276 2522 2836
267	1	301	30	290 467 593 754 1354 1529 1756 1760 2418 2666 2852 3321 3670 3791 3805 3810 4162 4416 4661 4706 4957 4991
271	7	281	30	422 430 463 827 1064 1094 1355 1727 1862 1957 2194 2282 2338 2860 3008 3199 3538 3679 4003 4173 4463 4825 4977
283	13	39	30	378 695 1195 1494 1584 1640 1794 1885 1898 2016 2305 2732 3062 3899 4096 4275 4342 4551 4708 4839 4889
284	14	264	30	104 538 783 797 1133 1254 1394 1434 1609 1819 2206 2221 2303 2999 3137 3443 3628 3721 3852 4168 4477 4781 4902
292	24	296	30	163 242 651 1545 1685 1693 1708 2087 2240 2647 2814 3225 3319 3498 3505 3996 4193 4513 4521 4693 4771 4788
325	25	309	30	7 210 470 947 981 1305 1613 1657 2039 2129 2222 2360 2802 3543 3968 4230 4440 4767 4845
329	2	252	30	471 974 1568 1637 1672 1984 2232 2233 2459 2668 2672 2939 3114 3179 3645 4058 4337 4480 4483 4531 4815
334	12	196	30	191 560 633 725 1040 1109 1604 1772 2063 2575 2919 3135 3254 3396 3664 4292 4401 4487 4512 4733
339	38	320	30	106 216 315 1287 1315 1325 1968 2060 2320 2544 2834 3587 3672 3697 3785 3964 4110 4152 4476 4862
368	40	124	30	103 194 336 472 508 627 1497 1647 2208 2257 2336 2416 2618 2888 2899 3406 3520 3816 4043 4079 4429 4714
400	39	259	30	281 606 737 871 1127 1336 1423 1510 2308 2915 2937 3393 3522 3603 3756 4047 4101 4198 4286 4518 4532 4684 4956
483	22	185	30	321 600 699 763 776 960 1783 1875 1926 2109 2585 2718 3155 3226 3355 3569 3575 3858 3903 3935 4126 4222
513	18	313	30	244 454 630 842 1227 1523 1597 1667 2190 2452 2750 2758 2776 3431 3445 3601 3675 4139 4322 4852
531	26	241	30	73 305 1042 1143 1199 1452 1692 2064 2536 2621 2766 2958 3219 3309 3643 3767 4091 4447 4474 4609 4741
565	10	225	30	23 208 267 340 1311 2037 2260 2411 2824 3007 3206 3351 3401 3421 3613 3972 3978 4105 4212 4374 4419
568	5	228	30	12 345 953 1393 1500 1793 1806 1847 2099 2228 2290 2790 2803 3291 3573 3707 3838 4002 4185 4325 4838
597	9	199	30	49 128 427 431 742 850 1180 1289 1556 1736 2022 2073 2397 2403 2406 2590 3165 3534 3710 3883 4063 4681
602	29	310	30	348 419 480 1035 1347 1351 1594 2333 2365 2437 3121 3409 3507 3550 4117 4159 4186 4844 4936 4982 4985
630	28	282	30	306 322 1316 1472 1644 1766 2278 2342 2636 2867 3081 3131 3247 3248 3300 3394 3843 3867 3945 4386 4931
654	27	90	30	703 1015 1043 1120 1172 1714 2127 2155 2244 2422 2680 2910 3456 3562 3635 3890 4067 4333 4442 4642 4659 4740 4816
666	33	59	30	168 450 610 817 1223 1364 1530 1587 1831 1922 2108 2561 2926 3049 3604 3719 3763 4514 4535 4583 4636 4663 4872
667	15	314	30	112 455 510 524 1298 1349 1422 2330 2660 2741 2922 3005 3066 3630 3923 4041 4112 4133 4545 4748 4764 4908 4981
8	3	283	30	76 151 298 383 932 1170 1595 2014 2126 2610 3349 3576 3844 3892 4009 4048 4108 4426 4812 4924 4964
16	8	193	30	110 318 511 1137 1313 1440 1561 2267 2525 2541 2684 2722 2737 2792 3073 3288 3301 3564 4205 4793
27	19	75	30	406 673 837 925 1123 1590 1909 2214 2401 2582 2924 2925 2980 3020 3069 3588 4218 4448 4472 4561
46	34	25	30	308 371 389 569 672 1051 1140 1621 1773 2611 2782 3134 3270 3574 3612 3661 3734 3940 4213 4445 4833
47	20	137	30	374 439 514 1292 1318 1361 1598 1670 1918 2046 2148 2657 2781 2839 3276 3402 3565 4038 4057 4224 4576 4588
91	23	200	30	154 222 260 473 580 1070 1083 1527 1585 1975 1982 2091 2284 2315 2550 2563 2596 2652 2877 3295 3441 3510
117	6	325	30	197 254 847 1188 1219 1295 1752 1988 2248 2414 2650 2932 3529 3725 3731 4145 4235 4766 4860
134	32	158	30	109 381 474 989 1789 2323 2518 2631 2752 2767 3412 3676 3896 3937 4303 4544 4739 4869 4900
198	37	203	30	331 490 1114 1122 1341 1367 1992 2058 2281 2313 2404 2449 2597 2942 3215 3346 3580 3625 4132 4750 4953
202	4	16	30	227 286 376 619 690 758 1128 1294 1550 1902 2211 2340 2809 3246 3371 3606 3859 4065 4430 4460 4874
210	21	94	30	79 178 685 1488 1610 1679 2034 2637 2669 2819 2872 3139 3332 3979 4154 4274 4278 4405 4433 4542 4637 4746
213	11	262	30	30 200 728 804 990 1415 1628 2205 2209 2366 2415 2578 2831 3108 3119 3184 3218 3631 3699 4199 4471 4577
230	36	303	30	47 291 586 750 828 1145 1400 1495 1654 1915 2630 3015 3105 3598 3760 4005 4326 4473 4538 4616
302	30	19	30	84 573 628 1026 1201 1802 1828 2007 2317 2319 2472 2538 2662 2935 3492 3532 3595 3634 3813 4074 4106
326	31	105	30	539 608 621 638 913 1830 2082 2369 2830 2974 3037 3196 3339 3654 3912 3924 4104 4358 4409 4414
353	17	161	30	732 845 1014 1624 1733 1749 2203 2255 2461 2841 3263 3350 4129 4197 4368
397	35	16	27	176 307 437 476 489 655 1012 1179 1789 1950 1966 2742 2949 3235 3426 3476 3682 3690 4439 4707 4889 4917
399	16	71	30	477 620 643 1174 2274 2355 2486 2552 2772 2777 3236
561	35	44	25	48 145 221 676 814 829 1033 1097 1246 1453 1710 2198 2352 2556 3010 3154 3422 3514 3858 4387 4579 4656
575	35	150	23	100 156 571 572 732 1061 1223 1226 1252 1274 2290 2487 2661 2986 3431 3857 4039 4097 4120 4345 4444 4510
580	35	227	21	384 405 505 815 844 852 1067 1164 1334 1338 1719 1959 1988 2522 2731 2789 2972 4051 4096 4198 4222 4702
647	35	340	19	552 605 771 825 856 890 1398 1682 1739 1877 2525 2826 3235 3285 3483 3495 3727 4146 4151 4272 4539 4843
673	35	177	17	184 235 412 601 1060 1420 1478 1677 1853 1966 2169 2345 2549 2837 2874 3122 3342 3974 4015 4778 4830 4845
683	35	305	15	69 87 232 617 948 1169 1713 1721 1862 2009 2121 2878 2953 3116 3117 3214 3250 3459 3656 3960 4435 4855
694	35	184	13	141 204 307 319 532 1036 1261 1711 1842 2036 2296 2543 3011 3188 3223 3459 3512 3525 3565 3903 4345
36	35	228	11	21 610 627 692 801 925 1244 1632 2054 2111 2383 2402 2601 2898 3209 3381 3398 3428 4034 4428 4960
70	35	104	9	36 437 465 557 670 1212 1410 1629 1934 1961 2069 2082 2399 2685 3255 3722 3902 3994 4049 4468 4783
74	35	237	7	112 223 276 308 423 511 538 702 825 865 1403 1520 1912 2665 3159 3305 3486 4163 4555 4687 4955
108	35	120	5	123 482 808 923 1180 1481 1590 1705 2249 2446 2502 2562 2714 2765 3071 3303 3607 3702 3796 3803 3924
203	35	137	3	153 449 660 898 1099 1110 1378 1571 1994 2009 2066 2227 2632 2939 3705 3791 4352 4545 4656 4732 4981
240	35	321	1	614 740 775 1117 1232 1248 1851 2390 2720 2921 2923 3040 3220 3755 4245 4298 4430 4463 4732 4829
242	1	220	27	347 736 841 1095 1110 1187 1288 1296 1768 2102 2339 2440 2533 3164 3220 3607 3939 4068 4315 4504 4646
288	1	130	25	54 436 463 491 861 916 1030 1124 1231 1854 2679 2702 2720 2736 2969 3148 3782 3929 3961 4003 4246
299	1	92	23	84 316 996 1454 1527 1686 1812 1913 2272 2373 2519 2792 3005 3061 3484 3598 3750 3846 4004 4673 4691
371	1	42	21	111 498 574 871 994 1173 1417 1486 1545 1927 2246 2282 2283 2760 3909 4112 4176 4204 4223 4406 4896
391	1	24	19	275 506 919 952 1300 1593 2430 2468 2658 2729 2792 3029 3082 3203 3294 3386 3596 3814 3859 4181 4664
402	1	48	17	342 426 452 897 1164 1328 1418 1432 1627 1681 2065 2593 2853 3051 3200 3636 3909 4441 4735 4745 4794
410	1	133	15	672 798 824 1201 1523 1806 2139 2173 2692 2873 2889 3025 3177 3319 3339 3574 3758 3846 3878 4289 4359
411	1	99	13	181 665 959 999 1120 1134 1457 1631 1683 2767 3171 3637 3834 4013 4447 4519 4717 4779 4842 4904 4932
490	1	161	11	52 1506 1965 2002 2271 2279 2293 2318 2422 2438 3036 3150 3205 3648 3803 4484 4616 4630 4788 4948 4992
504	1	113	9	736 803 911 1048 1103 1319 1687 2029 2042 2425 2686 3036 3121 3344 3430 3736 3816 4677 4795 4873
527	1	243	7	253 422 1100 1456 1553 1588 1594 1606 1625 2176 2339 2358 2900 2918 3648 3799 4145 4173 4373 4722 4888
572	1	177	5	257 330 363 538 1032 1131 1258 1320 1585 1716 1824 1999 2331 2901 3412 3676 3822 3882 4019 4346 4663
586	1	311	3	132 404 539 681 833 1193 1476 1507 1564 1908 2437 2532 3375 3463 3693 3750 4239 4398 4620 4705 4995
652	1	214	1	225 937 1013 1869 2307 2368 2441 2572 2635 2684 2863 3316 3393 3535 3563 3671 3963 4179 4607 4649 4851
691	7	306	27	838 876 890 968 1268 1301 1438 1931 2032 2038 2163 2644 2671 2782 2957 3264 3577 4214 4286 4353 4816
697	7	86	25	6 157 196 293 659 801 872 1490 2048 2062 2354 2473 2626 2654 2936 3239 3594 3634 3992 4049 4275
98	7	23	23	200 315 321 570 658 904 1798 1870 2007 2108 2126 2261 2505 3176 3269 3276 3422 3626 4168 4875
111	7	312	21	60 363 615 794 1603 1694 1807 1816 1904 2629 2759 2922 3358 3674 3860 3926 3937 4397 4732 4878
136	7	183	19	79 245 360 956 983 1024 1123 1442 1797 2533 2550 2566 2787 3452 3467 4174 4255 4364 4428 4630
137	7	311	17	357 414 534 1007 1455 1818 1823 2175 2221 2291 2382 2472 2598 3441 3886 4651 4694 4725 4773 4786
189	7	197	15	129 135 205 548 716 791 1004 1256 1350 1829 2119 2194 2215 2412 3042 3370 3439 3709 3926 4490
191	7	62	13	72 190 268 294 398 482 540 883 1152 1524 1655 1980 2425 2574 3292 3835 4455 4457 4617 4996
324	7	57	11	246 1289 1298 2236 2430 3233 3468 3889 3936 3998 4336 4373 4427 4438 4475 4513 4704 4789 4873 4988
370	7	326	9	620 837 1304 1323 1674 1743 1988 2010 2116 2278 2471 2560 2671 2854 3249 3364 3833 4262 4566 4924
471	7	211	7	299 622 754 963 1527 1577 1782 1842 1944 2082 2089 2222 2397 2601 3137 3456 3970 4214 4508 4756
524	7	108	5	312 403 821 970 1078 1134 1529 1652 1907 2153 2204 2297 2303 2463 2798 2940 3725 4076 4084 4174
578	7	226	3	36 141 462 561 654 708 1034 1069 1116 1140 1283 1612 2217 2350 3072 3466 3554 4405 4931 4958
588	7	73	1	68 92 102 121 451 1041 1300 1490 1591 1714 2476 3138 3456 3506 3805 3924 3971 4355 4414 4563
61	13	49	27	157 382 630 994 1043 1120 1213 1838 2514 2804 3298 3523 3637 3797 3817 4255 4374 4567 4610
63	13	347	25	74 134 162 1404 1428 2522 2789 2811 2818 2995 3199 3278 3464 4327 4355 4469 4528 4555 4996
245	13	172	23	169 194 241 756 953 1150 1364 1930 2660 3068 3085 3167 3528 3560 3610 3683 4249 4450 4454
264	13	153	21	328 623 637 941 1152 1758 2074 2156 2313 2607 2672 2800 3637 4029 4047 4263 4386 4578 4580
322	13	125	19	57 133 778 1605 1843 2286 2319 2576 2590 2882 3115 3559 3644 3652 4056 4116 4261 4398 4699
576	13	124	17	4 195 410 844 910 996 1113 1125 2292 2501 2621 2813 3301 3371 3761 4376 4508 4624 4885
615	13	215	15	139 649 983 1156 1408 1597 1848 1995 2389 2607 3180 3511 3790 4009 4152 4459 4599 4660 4935
50	13	242	13	621 1149 1325 1535 1911 1935 2003 2057 2171 2730 3002 3085 3166 3735 3800 4208 4233 4707
125	13	268	11	674 980 1140 1329 1447 1752 1887 2843 2968 3013 3099 3470 3714 3720 3885 4506 4625 4929
507	13	131	9	165 1034 1275 1730 2739 2818 3029 3206 3403 3677 3689 3761 3973 4199 4350 4389 4913 4965
686	13	227	7	27 857 991 1040 1427 1932 2356 2393 2574 2865 3061 3806 3990 4195 4247 4881 4923
170	13	85	5	63 172 351 596 855 935 1369 1643 1821 2038 2602 2984 3014 3070 3351 3496 3706
684	13	17	3	177 722 764 1244 1484 1881 1917 2606 2678 3170 3268 3977 4024 4201 4651 4823
689	13	338	1	84 150 495 781 1287 1513 2517 2624 2796 2853 3047 3162 3965 4092 4207 4489
11	14	291	27	818 844 1547 1575 1842 1983 2288 2341 3139 3238 3291 4142 4846
494	14	175	25	222 936 1398 1838 1875 1880 2192 3026 3437 3677 3793 4254 4478 4963
141	14	312	23	980 1344 1599 2035 2259 2271 2439 2987 3391 3529 3824 4527 4787
659	14	121	21	116 142 1012 1253 1593 1650 2278 2801 3168 3202 4544 4925
