Students	50
1	13 5 1 14
2	2 6 4 13
3	9 2 12 4
4	12 1 14 9
5	8 7 4 13
6	5 11 4 6
7	13 14 11 6
8	12 2 1 4
9	7 11 2 3
10	12 13 4 3
11	14 11 3 2
12	8 2 1 13
13	12 11 8 14
14	12 4 2 10
15	5 3 8 4
16	4 12 9 3
17	9 1 7 3
18	13 7 2 1
19	14 4 7 3
20	14 10 6 11
21	2 12 9 13
22	8 12 13 1
23	11 2 6 7
24	13 10 6 4
25	9 10 4 2
26	5 11 3 9
27	6 4 8 1
28	3 8 6 5
29	14 10 2 7
30	3 9 7 5
31	13 11 9 12
32	5 6 10 11
33	5 4 10 6
34	3 1 7 14
35	10 11 13 1
36	1 7 10 8
37	7 1 4 14
38	5 6 9 1
39	4 14 1 3
40	10 6 4 12
41	7 2 8 6
42	7 4 10 8
43	8 9 14 1
44	2 6 14 10
45	1 2 5 9
46	14 4 6 13
47	11 4 8 3
48	13 1 7 11
49	9 10 14 8
50	6 13 8 11
