Students	50
1	4 1 11 14
2	11 8 14 2
3	5 9 10 6
4	8 1 5 2
5	8 4 13 5
6	11 9 3 1
7	9 5 6 1
8	12 8 2 3
9	13 6 2 14
10	6 7 14 9
11	13 11 7 14
12	3 12 6 7
13	7 10 13 6
14	6 12 9 10
15	14 6 4 2
16	12 14 10 9
17	10 11 6 2
18	9 5 1 12
19	12 2 5 3
20	14 3 11 6
21	11 10 6 4
22	13 3 1 2
23	6 3 5 9
24	9 4 10 8
25	9 8 1 4
26	9 1 2 7
27	7 12 4 6
28	2 14 5 12
29	9 12 4 14
30	11 10 1 3
31	4 10 6 11
32	6 10 13 4
33	11 3 13 4
34	10 12 13 14
35	5 13 3 11
36	6 10 14 9
37	9 1 2 8
38	5 14 6 12
39	9 3 7 2
40	13 5 7 4
41	14 10 7 13
42	2 11 4 5
43	12 13 4 8
44	5 1 7 14
45	2 9 5 14
46	13 10 1 11
47	11 5 8 6
48	4 9 8 3
49	6 10 7 14
50	10 12 3 5
