Class Times	30
Rooms	40
1	205
2	500
3	875
4	50
5	492
6	754
7	876
8	844
9	747
10	912
11	127
12	413
13	40
14	891
15	301
16	155
17	117
18	615
19	547
20	528
21	873
22	480
23	855
24	441
25	698
26	445
27	194
28	56
29	240
30	462
31	349
32	453
33	300
34	780
35	88
36	795
37	710
38	942
39	252
40	262
Classes	800
Teachers	400
1	18
2	257
3	72
4	42
5	320
6	351
7	156
8	380
9	97
10	246
11	304
12	49
13	150
14	108
15	182
16	328
17	41
18	246
19	20
20	374
21	97
22	275
23	324
24	20
25	219
26	78
27	212
28	92
29	94
30	5
31	400
32	341
33	233
34	27
35	262
36	151
37	30
38	199
39	75
40	323
41	362
42	282
43	238
44	127
45	364
46	35
47	45
48	129
49	393
50	24
51	72
52	160
53	98
54	76
55	149
56	129
57	62
58	231
59	259
60	248
61	312
62	241
63	236
64	371
65	285
66	217
67	367
68	173
69	171
70	163
71	371
72	321
73	76
74	147
75	270
76	13
77	124
78	141
79	386
80	26
81	324
82	167
83	154
84	250
85	67
86	192
87	69
88	319
89	126
90	89
91	191
92	48
93	278
94	216
95	175
96	206
97	45
98	386
99	247
100	91
101	251
102	89
103	117
104	95
105	47
106	100
107	138
108	292
109	138
110	103
111	350
112	32
113	396
114	185
115	142
116	247
117	78
118	360
119	290
120	274
121	124
122	321
123	65
124	350
125	57
126	57
127	400
128	187
129	47
130	178
131	125
132	300
133	317
134	251
135	270
136	378
137	116
138	178
139	29
140	44
141	272
142	381
143	242
144	181
145	355
146	373
147	100
148	18
149	399
150	341
151	314
152	77
153	294
154	325
155	157
156	343
157	361
158	208
159	299
160	304
161	9
162	301
163	279
164	108
165	258
166	38
167	1
168	122
169	199
170	71
171	81
172	33
173	184
174	305
175	23
176	33
177	375
178	399
179	112
180	349
181	398
182	286
183	84
184	349
185	387
186	368
187	113
188	176
189	272
190	377
191	340
192	306
193	320
194	355
195	22
196	80
197	26
198	114
199	77
200	40
201	34
202	240
203	1
204	261
205	319
206	273
207	85
208	187
209	224
210	19
211	151
212	143
213	196
214	249
215	107
216	169
217	101
218	46
219	289
220	278
221	238
222	83
223	234
224	39
225	74
226	337
227	38
228	156
229	279
230	60
231	389
232	330
233	58
234	30
235	376
236	354
237	291
238	190
239	305
240	29
241	186
242	188
243	92
244	262
245	146
246	337
247	116
248	204
249	391
250	208
251	368
252	357
253	192
254	8
255	221
256	101
257	231
258	8
259	31
260	175
261	241
262	42
263	71
264	171
265	385
266	16
267	258
268	225
269	41
270	388
271	167
272	239
273	259
274	146
275	239
276	22
277	189
278	28
279	314
280	281
281	112
282	50
283	55
284	75
285	332
286	11
287	293
288	362
289	228
290	348
291	44
292	174
293	35
294	286
295	106
296	281
297	343
298	93
299	303
300	237
301	267
302	90
303	99
304	152
305	114
306	154
307	313
308	217
309	174
310	274
311	107
312	144
313	9
314	118
315	245
316	339
317	291
318	159
319	369
320	377
321	13
322	157
323	382
324	316
325	255
326	339
327	254
328	91
329	334
330	122
331	132
332	10
333	83
334	209
335	155
336	165
337	102
338	333
339	64
340	37
341	385
342	19
343	344
344	357
345	82
346	81
347	149
348	233
349	317
350	127
351	245
352	358
353	74
354	226
355	162
356	313
357	353
358	381
359	203
360	177
361	370
362	53
363	56
364	360
365	331
366	190
367	299
368	93
369	367
370	179
371	184
372	88
373	206
374	328
375	396
376	267
377	170
378	307
379	348
380	162
381	99
382	68
383	180
384	69
385	256
386	63
387	330
388	282
389	273
390	52
391	202
392	73
393	14
394	301
395	176
396	242
397	275
398	43
399	189
400	80
401	105
402	201
403	119
404	126
405	214
406	147
407	356
408	322
409	3
410	164
411	165
412	296
413	215
414	264
415	180
416	201
417	84
418	209
419	133
420	229
421	17
422	266
423	380
424	240
425	15
426	312
427	137
428	128
429	120
430	202
431	383
432	164
433	345
434	212
435	145
436	128
437	120
438	352
439	227
440	248
441	390
442	61
443	150
444	152
445	155
446	11
447	90
448	253
449	387
450	136
451	159
452	196
453	183
454	73
455	103
456	141
457	158
458	391
459	117
460	287
461	145
462	170
463	331
464	181
465	302
466	366
467	4
468	51
469	218
470	219
471	297
472	285
473	67
474	58
475	143
476	17
477	327
478	113
479	236
480	133
481	388
482	25
483	315
484	200
485	14
486	144
487	140
488	197
489	134
490	338
491	166
492	370
493	66
494	303
495	376
496	194
497	335
498	375
499	34
500	243
501	228
502	366
503	229
504	6
505	254
506	308
507	234
508	61
509	394
510	53
511	66
512	215
513	40
514	39
515	252
516	397
517	25
518	393
519	211
520	4
521	327
522	227
523	79
524	68
525	342
526	323
527	12
528	21
529	87
530	218
531	173
532	300
533	364
534	253
535	287
536	352
537	342
538	130
539	136
540	160
541	369
542	79
543	16
544	119
545	205
546	186
547	60
548	169
549	96
550	2
551	48
552	243
553	12
554	51
555	308
556	86
557	310
558	338
559	398
560	394
561	70
562	110
563	316
564	252
565	161
566	354
567	161
568	268
569	351
570	140
571	222
572	336
573	27
574	359
575	389
576	115
577	290
578	5
579	131
580	123
581	334
582	185
583	88
584	395
585	54
586	294
587	82
588	325
589	293
590	309
591	210
592	198
593	207
594	46
595	378
596	302
597	384
598	230
599	353
600	110
601	264
602	205
603	309
604	21
605	131
606	284
607	109
608	307
609	166
610	203
611	347
612	296
613	363
614	210
615	224
616	10
617	125
618	266
619	214
620	326
621	340
622	260
623	390
624	59
625	322
626	271
627	329
628	95
629	115
630	329
631	333
632	24
633	109
634	395
635	373
636	255
637	372
638	335
639	163
640	221
641	256
642	56
643	232
644	280
645	7
646	43
647	86
648	191
649	23
650	288
651	118
652	292
653	358
654	280
655	211
656	222
657	356
658	37
659	168
660	310
661	102
662	54
663	347
664	216
665	172
666	87
667	289
668	94
669	65
670	276
671	70
672	271
673	226
674	265
675	344
676	31
677	311
678	237
679	250
680	345
681	265
682	195
683	260
684	50
685	32
686	198
687	263
688	132
689	372
690	177
691	232
692	96
693	28
694	52
695	346
696	135
697	137
698	374
699	142
700	383
701	195
702	359
703	194
704	261
705	197
706	182
707	134
708	297
709	306
710	188
711	179
712	263
713	111
714	183
715	298
716	223
717	85
718	104
719	311
720	332
721	298
722	168
723	276
724	288
725	158
726	193
727	326
728	235
729	284
730	139
731	111
732	204
733	3
734	7
735	62
736	235
737	121
738	397
739	123
740	249
741	135
742	244
743	277
744	139
745	244
746	363
747	230
748	55
749	318
750	361
751	104
752	64
753	98
754	105
755	63
756	130
757	283
758	379
759	295
760	346
761	36
762	153
763	36
764	59
765	225
766	268
767	15
768	365
769	379
770	220
771	269
772	223
773	49
774	384
775	382
776	106
777	2
778	269
779	336
780	148
781	392
782	295
783	207
784	148
785	277
786	315
787	283
788	220
789	318
790	172
791	6
792	257
793	365
794	213
795	213
796	193
797	392
798	200
799	153
800	121
