Class Times	30
Rooms	40
1	566
2	745
3	439
4	91
5	219
6	658
7	486
8	454
9	533
10	996
11	147
12	502
13	101
14	755
15	641
16	639
17	89
18	967
19	903
20	225
21	409
22	422
23	120
24	21
25	238
26	280
27	441
28	95
29	146
30	434
31	166
32	928
33	185
34	928
35	862
36	869
37	502
38	276
39	657
40	616
Classes	800
Teachers	400
1	13
2	290
3	342
4	244
5	234
6	388
7	136
8	289
9	65
10	98
11	2
12	260
13	297
14	106
15	264
16	52
17	85
18	167
19	58
20	110
21	320
22	310
23	273
24	1
25	371
26	148
27	55
28	237
29	215
30	78
31	171
32	18
33	119
34	109
35	314
36	249
37	283
38	205
39	357
40	281
41	162
42	72
43	257
44	77
45	347
46	39
47	132
48	12
49	224
50	195
51	12
52	273
53	38
54	38
55	216
56	345
57	395
58	182
59	332
60	150
61	139
62	360
63	224
64	358
65	152
66	148
67	272
68	265
69	367
70	277
71	245
72	135
73	19
74	168
75	251
76	51
77	365
78	381
79	48
80	313
81	125
82	371
83	258
84	29
85	66
86	211
87	169
88	14
89	18
90	298
91	137
92	368
93	133
94	168
95	14
96	306
97	353
98	278
99	249
100	201
101	66
102	264
103	186
104	377
105	338
106	266
107	173
108	78
109	41
110	302
111	37
112	80
113	167
114	252
115	199
116	190
117	187
118	5
119	59
120	189
121	83
122	56
123	195
124	207
125	158
126	278
127	236
128	189
129	27
130	117
131	36
132	256
133	119
134	210
135	331
136	236
137	354
138	72
139	227
140	364
141	1
142	254
143	28
144	289
145	235
146	265
147	174
148	175
149	290
150	356
151	344
152	140
153	53
154	326
155	351
156	271
157	313
158	259
159	285
160	208
161	111
162	67
163	272
164	283
165	209
166	346
167	23
168	254
169	400
170	95
171	29
172	279
173	186
174	215
175	396
176	171
177	61
178	226
179	377
180	8
181	211
182	239
183	297
184	341
185	90
186	256
187	351
188	349
189	22
190	353
191	268
192	231
193	59
194	31
195	133
196	201
197	32
198	357
199	32
200	170
201	22
202	107
203	237
204	229
205	277
206	21
207	202
208	302
209	67
210	384
211	9
212	40
213	73
214	2
215	332
216	85
217	184
218	281
219	255
220	386
221	350
222	330
223	82
224	329
225	209
226	337
227	122
228	384
229	123
230	231
231	36
232	352
233	39
234	152
235	213
236	350
237	391
238	221
239	291
240	127
241	42
242	267
243	89
244	376
245	5
246	196
247	282
248	84
249	50
250	101
251	361
252	280
253	197
254	169
255	260
256	47
257	30
258	33
259	375
260	230
261	381
262	304
263	172
264	268
265	373
266	174
267	98
268	179
269	397
270	293
271	374
272	338
273	288
274	58
275	142
276	229
277	312
278	232
279	50
280	64
281	142
282	336
283	135
284	136
285	122
286	192
287	188
288	218
289	157
290	378
291	65
292	349
293	75
294	82
295	10
296	316
297	81
298	276
299	192
300	348
301	334
302	280
303	235
304	257
305	355
306	91
307	173
308	344
309	114
310	9
311	125
312	259
313	270
314	341
315	47
316	57
317	83
318	13
319	318
320	267
321	367
322	49
323	287
324	361
325	355
326	246
327	398
328	271
329	244
330	255
331	348
332	44
333	101
334	345
335	183
336	270
337	389
338	263
339	315
340	234
341	118
342	240
343	53
344	304
345	311
346	70
347	16
348	298
349	105
350	310
351	191
352	329
353	245
354	16
355	365
356	261
357	287
358	362
359	79
360	81
361	143
362	218
363	48
364	379
365	137
366	191
367	69
368	113
369	286
370	274
371	383
372	3
373	197
374	217
375	205
376	70
377	316
378	368
379	393
380	295
381	312
382	4
383	99
384	395
385	182
386	3
387	386
388	354
389	397
390	222
391	95
392	364
393	311
394	7
395	399
396	206
397	282
398	296
399	180
400	141
401	305
402	242
403	347
404	121
405	294
406	343
407	216
408	111
409	213
410	21
411	315
412	105
413	157
414	153
415	230
416	69
417	322
418	286
419	301
420	140
421	225
422	333
423	20
424	35
425	190
426	327
427	380
428	238
429	37
430	74
431	144
432	89
433	130
434	251
435	339
436	41
437	220
438	64
439	276
440	275
441	130
442	99
443	233
444	92
445	279
446	6
447	61
448	143
449	194
450	204
451	144
452	110
453	160
454	227
455	241
456	359
457	96
458	369
459	322
460	170
461	184
462	87
463	178
464	87
465	134
466	219
467	181
468	269
469	285
470	325
471	389
472	120
473	324
474	258
475	375
476	339
477	129
478	342
479	275
480	394
481	204
482	79
483	206
484	138
485	35
486	11
487	378
488	126
489	319
490	352
491	336
492	337
493	376
494	198
495	123
496	374
497	262
498	207
499	248
500	221
501	117
502	24
503	33
504	299
505	305
506	210
507	19
508	116
509	325
510	288
511	109
512	77
513	177
514	90
515	360
516	243
517	188
518	63
519	80
520	295
521	323
522	225
523	359
524	4
525	323
526	240
527	116
528	334
529	223
530	317
531	380
532	269
533	154
534	387
535	243
536	24
537	320
538	11
539	324
540	328
541	145
542	370
543	121
544	307
545	141
546	100
547	214
548	296
549	28
550	96
551	228
552	132
553	73
554	44
555	220
556	153
557	92
558	75
559	114
560	147
561	161
562	97
563	263
564	252
565	158
566	307
567	246
568	93
569	358
570	340
571	314
572	303
573	40
574	301
575	222
576	57
577	108
578	112
579	321
580	62
581	306
582	335
583	124
584	42
585	106
586	294
587	113
588	108
589	126
590	379
591	155
592	399
593	308
594	51
595	134
596	212
597	131
598	392
599	299
600	362
601	172
602	181
603	187
604	149
605	94
606	177
607	219
608	43
609	233
610	390
611	56
612	318
613	398
614	176
615	185
616	156
617	115
618	146
619	93
620	139
621	128
622	15
623	373
624	112
625	43
626	317
627	45
628	146
629	193
630	27
631	26
632	54
633	387
634	179
635	217
636	154
637	247
638	223
639	241
640	164
641	100
642	321
643	15
644	200
645	127
646	292
647	26
648	293
649	208
650	383
651	165
652	129
653	199
654	330
655	103
656	8
657	196
658	45
659	7
660	198
661	372
662	391
663	356
664	46
665	335
666	183
667	155
668	102
669	284
670	159
671	160
672	262
673	55
674	107
675	382
676	261
677	20
678	266
679	97
680	366
681	74
682	202
683	6
684	346
685	326
686	10
687	176
688	328
689	49
690	333
691	392
692	131
693	369
694	54
695	103
696	228
697	396
698	165
699	159
700	388
701	161
702	343
703	370
704	250
705	340
706	178
707	23
708	25
709	162
710	242
711	253
712	46
713	400
714	17
715	331
716	166
717	150
718	124
719	91
720	118
721	30
722	88
723	239
724	247
725	138
726	193
727	308
728	163
729	200
730	382
731	84
732	163
733	104
734	248
735	31
736	232
737	60
738	212
739	185
740	303
741	300
742	76
743	393
744	63
745	102
746	68
747	128
748	166
749	394
750	60
751	120
752	292
753	253
754	363
755	372
756	291
757	25
758	274
759	34
760	52
761	180
762	94
763	327
764	149
765	34
766	226
767	319
768	300
769	284
770	175
771	71
772	88
773	366
774	76
775	214
776	145
777	309
778	385
779	164
780	156
781	71
782	104
783	238
784	86
785	68
786	151
787	390
788	151
789	17
790	147
791	194
792	309
793	385
794	363
795	86
796	250
797	62
798	203
799	203
800	115
