Course	Room	Teacher	Time	Students
26	3	332	2	21 96 353 431 461 572 820 890 980 1165 1274 1341 1463 1553 1566 1681 1787 2220 2287 2335 2519 2579 2752 3067 3308 3364 3370 3373 3518 3651 3904 4060 4064 4117 4337 4423 4433 4506 4604 4624
185	37	138	2	63 180 324 549 627 696 711 758 763 785 827 1146 1268 1532 1660 1707 1860 2274 2542 2603 2721 2822 3096 3415 3432 3516 3543 4050 4316 4457 4552 4618 4790 4835 4839 4958
374	29	260	2	138 331 550 734 977 1179 1220 1302 1639 1714 1792 1838 1886 2213 2381 2648 2883 3181 3234 3307 3447 3519 3749 3751 3779 3879 4000 4184 4221 4317 4413 4465 4578 4677 4696
210	8	322	2	72 108 156 177 475 534 680 969 1580 1657 1694 1759 1786 1941 1995 1998 2062 2136 2232 2515 2971 3140 3487 3553 3655 3688 3741 3867 4185 4234 4331
357	24	222	2	262 330 710 756 896 1120 1231 1397 1413 1526 1702 1715 1980 2071 2099 2127 2270 2392 2447 2569 2637 2665 2671 2743 3024 3214 3471 3499 3999 4014 4100 4281 4825 4874
489	20	175	2	384 480 524 613 665 867 935 948 970 1325 1561 1630 1765 1971 2124 2216 2634 2783 2930 2975 3154 3329 3372 3428 3600 3661 3664 3982 4041 4080 4148 4325 4616 4928 4971
190	28	214	2	347 427 518 1113 1141 1317 1508 1724 1795 1965 2465 2584 2687 2805 3135 3298 3515 3633 3665 3700 3729 3789 3811 3822 3955 4092 4243 4305 4324 4359 4609 4610 4908
411	2	209	2	1076 1195 1590 1667 1852 1916 2275 2279 2362 2412 2595 2617 2696 2831 2841 2861 2939 2973 3235 3336 3452 3529 3582 3926 4287 4303 4363 4598 4632 4674 4993
430	38	288	2	186 283 373 462 593 617 796 1136 1180 1926 2074 2153 2179 2203 2247 2732 2769 2970 3025 3054 3061 3126 3444 3794 3874 4073 4115 4253 4357 4486 4603 4613 4802
576	36	249	2	39 91 630 658 735 882 962 1017 1098 1117 1175 1255 1564 1864 1919 2058 2176 2185 2298 2652 2837 2839 2920 3169 3191 3454 3548 3853 4180 4606 4756 4759 4780 4882 4982
609	6	361	2	141 234 486 573 978 1144 1209 1708 1874 2017 2049 2184 2329 2349 2402 2829 2969 3175 3223 3257 3502 3586 3663 3959 4154 4191 4215 4364 4392 4699 4811 4954
666	39	3	2	17 127 259 401 663 728 799 905 920 960 1019 1160 1266 1671 1696 1735 1927 1988 2137 2256 2259 2343 2413 2428 2547 3045 3250 3366 3445 3496 3695 3710 3876 4664 4951
398	7	172	2	669 825 870 1029 1112 1199 1218 1605 1655 1747 1862 1969 2170 2198 2257 2285 2359 2411 2431 2601 2907 3047 3078 3086 3870 3947 3987 4053 4089 4621 4711 4770 4897
546	10	189	2	585 655 659 752 782 814 1015 1100 1262 1301 1503 1629 1743 1843 1990 2051 2158 2369 2385 2867 2936 3168 3316 3804 3861 4374 4542 4639 4898
123	40	128	2	198 245 418 686 858 1156 1252 1391 1652 1662 1700 1730 1814 2157 2373 2403 2429 2566 2727 2967 3106 3217 3237 3863 3888 4096 4259 4335 4396 4409 4796
143	31	151	2	126 143 148 184 944 1137 1309 1395 1604 1648 1993 2131 2182 2226 2345 2543 2642 2704 2859 2932 3053 3201 3241 3396 3864 3890 4048 4451 4464 4627 4962
159	27	228	2	620 702 1063 1162 1588 1717 2281 2283 2324 2487 2552 2609 2705 2725 2771 3000 3051 3081 3115 3628 3645 3759 3795 4227 4232 4365 4410 4478 4569 4673 4755 4925 4970
194	4	85	2	1 6 233 277 504 581 688 689 1025 1109 1261 1318 1350 1373 1586 1686 1761 1922 2009 2193 2230 2826 2952 3466 3758 3979 4043 4051 4131 4276 4299 4680 4751 4963
276	11	252	2	355 359 789 1212 1237 1597 1851 1858 2120 2130 2207 2272 2439 2448 2516 2533 2538 2982 3005 3021 3110 3177 3437 3521 3771 3854 3882 4039 4054 4123 4218 4968
330	5	29	2	46 150 747 869 902 1104 1222 1370 1847 2399 2482 2503 2708 2802 3153 3258 3505 3667 3777 3896 3957 4044 4216 4241 4540 4546 4724 4819 4918 4946
501	30	270	2	93 266 335 342 559 768 1078 1248 1770 1900 1911 1985 2063 2134 2147 2253 2300 2507 2619 2782 3180 3309 3559 3598 4157 4179 4205 4384 4400 4427 4472 4801 4876
509	15	400	2	95 312 325 452 511 795 818 1006 1198 1239 1272 1293 1349 1409 1544 1920 2116 2459 2558 2672 2747 3289 3583 3678 3862 4462 4718 4870 4886
512	17	392	2	207 239 263 402 677 681 1088 1285 1690 2301 2437 2594 2957 2965 3270 3331 3337 3742 3899 3975 3996 4024 4031 4045 4164 4268 4485 4514 4792 4922 4985
558	34	202	2	460 576 733 930 1000 1093 1385 1428 1535 1698 1833 1859 1899 2014 2460 2615 2653 2686 3100 3292 3395 3406 3429 3732 3865 4536 4668 4721 4722 4820 4904
615	33	395	2	45 280 300 395 864 1123 1204 1415 1776 1827 2027 2029 2295 2600 2604 2662 2854 3264 3427 3778 3814 3901 3986 4103 4454 4471 4623 4687
53	18	183	2	111 589 646 704 741 767 835 851 880 1108 1158 1374 1375 1914 1973 2085 2215 2260 2350 2498 2531 2764 2990 3116 3390 3980 4097 4135 4155 4245 4269 4495
73	12	17	2	136 142 159 337 348 421 484 509 928 1061 1256 1688 1894 2048 2263 2276 2293 2305 2386 2404 2657 2674 3229 3413 3503 3646 3807 3925 3992 4388 4584 4956 4969
154	22	302	2	305 557 698 1149 1300 1593 1689 2111 2196 2241 2478 2673 2770 2781 2793 2852 3022 3195 3546 3675 3707 3809 4251 4286 4426 4521 4676 4851 4868 4999
196	19	44	2	36 60 498 854 972 1042 1306 1366 1589 1596 1739 1771 1888 1976 1984 2106 2377 2405 3041 3077 3295 3362 3824 3989 4237 4342 4672 4789 4936
250	9	356	2	54 76 107 167 237 243 272 691 731 746 883 940 1070 1116 1176 1182 1304 1522 1578 2338 2494 2745 2869 2962 3339 3345 3602 4079 4361 4583
258	32	347	2	306 574 806 837 848 904 1051 1431 1473 1480 1543 1551 1903 2172 2236 2607 2669 2754 2902 3071 3204 3431 3638 3641 3648 3725 3731 4105 4710 4746
281	35	375	2	15 433 463 474 951 1101 1183 1307 1329 1673 1703 1889 2015 2138 2142 2331 2420 2492 2564 3142 3251 3477 3510 3696 3929 3963 4160 4421 4854 4905
335	23	70	2	25 235 334 437 500 660 919 1096 1152 1282 1728 1898 2163 2175 2268 2288 2517 2824 3026 3093 3203 3570 3606 3702 3990 4300 4660 4782 4791 4955
369	25	145	2	20 22 556 942 1190 1489 1536 1805 2057 2090 2311 2339 2520 2561 2573 2583 2680 2923 3042 3083 3102 3146 3176 3238 3274 3547 3917 4139 4429 4482 4508 4752
395	13	301	2	170 455 497 541 771 803 1085 1217 1280 1330 1404 1476 1645 1734 1924 1955 2208 2510 2654 2944 2963 3089 3236 3399 3458 3549 4028 4122 4412 4683 4842
420	1	367	2	297 506 513 597 697 877 922 1082 1153 1205 1295 1324 1610 1907 2031 2139 2352 2367 2480 2626 2675 2712 2915 2948 3123 3303 3435 3542 3578 3639 4116
476	14	213	2	35 51 532 653 999 1039 1073 1240 1396 1493 1565 1701 1791 1849 1918 2064 2070 2100 2493 2676 2815 2832 2862 2993 3049 3182 3347 4220 4459 4629 4765 4914 4937
508	26	250	2	53 205 369 389 886 889 1066 1079 1492 1587 1706 1822 1904 2119 2210 2522 2840 2954 3341 3704 3935 4018 4133 4199 4405 4654 4681 4952 4976
714	21	170	2	219 792 989 1242 1471 1541 1650 1719 1752 2141 2347 2778 2808 2833 2863 2911 3170 3188 3299 3420 3485 3523 3535 3584 3608 3748 3967 4019 4177 4489 4591 4763
736	16	98	2	701 742 764 923 953 1154 1247 1299 1312 1455 1494 1809 1824 1915 2814 3158 3419 3596 3652 3752 3920 4111 4207 4297 4318 4326 4395 4466 4600 5000
54	3	264	4	400 484 814 929 951 1786 1817 1873 1930 2085 2888 2897 2968 3113 3280 3330 3352 3411 3607 3621 3945 4401 4423 4590 4595 4646 4926 4949 4988
219	37	234	4	173 191 525 549 646 1066 1692 1772 1895 2117 2121 2308 2641 2706 2783 2844 2967 3025 3097 3282 3325 3377 3475 3553 3709 3860 3887 3942 4058 4081 4392 4932
274	29	310	4	121 150 386 412 551 651 1200 1236 1258 1360 1529 1632 1851 2065 2316 2599 2857 3491 3532 3567 3589 3633 3725 3842 3916 4321 4373 4408 4523 4691 4941
322	8	299	4	291 601 739 815 831 921 1231 1296 1307 1389 1732 1822 1928 2088 2632 2820 2934 3006 3095 3262 3554 3727 4015 4197 4509 4731 4767 4929 4956
474	24	227	4	122 238 362 419 559 602 652 969 1131 1138 1194 1376 1511 1641 1665 1898 2020 2496 2898 2905 3127 3252 3303 3688 3980 4034 4315 4728 4802
540	20	344	4	102 233 382 789 832 846 916 1044 1164 1191 1563 1599 1946 1966 2000 2414 2438 2673 2951 3065 3389 3394 3593 3689 3862 4340 4574 4725 4757 4765 4872 4894
568	28	330	4	53 75 310 329 343 1011 1475 1813 2266 2337 2405 2413 2491 2593 2682 2850 2980 2989 3145 3260 3297 3559 3588 3603 3848 4008 4329 4502 4512 4630
681	2	287	4	154 200 656 1025 1046 1253 1257 1270 1275 1426 1542 2176 2281 2287 2378 2506 2719 2766 3241 3592 3754 3902 3907 3928 3955 4048 4053 4097 4231 4260 4426 4775
712	38	371	4	393 728 986 1227 1333 1411 1584 2073 2464 2767 2864 2915 2990 3011 3123 3192 3199 3302 3430 3681 3721 3931 4393 4499 4575 4645 4674 4695 4723 4940
784	36	316	4	320 394 543 715 766 816 849 1020 1250 1356 1387 1490 1503 1516 2068 2240 2296 2373 2435 2586 2600 2880 3137 3367 3915 3971 4587 4626 4809 4865 4890 4991
22	6	11	4	2 20 425 515 855 1103 1175 1386 2136 2477 2530 2561 2959 2966 3247 3317 3429 3951 4164 4195 4290 4541 4605 4606 4636 4777 4960 4984
44	39	82	4	87 354 546 603 875 924 1155 1393 1920 2326 2587 2595 2703 2734 2884 3028 3067 3140 3408 3752 3976 4080 4351 4493 4524 4580 4655 4735 4860
118	7	181	4	28 43 385 493 647 860 1113 1263 1454 1586 1711 1855 2057 2159 2202 2702 2925 2972 3047 3594 3905 3952 4040 4047 4181 4243 4563 4699 4837 4942
121	10	185	4	42 50 725 1202 1396 1535 1660 2276 2370 2615 2807 3190 3221 3336 3337 3363 3602 3648 3670 3844 3970 4241 4350 4368 4429 4696 4709 4913 4934
146	40	32	4	23 34 81 114 293 295 540 552 775 990 1105 1528 1726 1835 2054 2289 2419 2816 2818 2825 2974 2999 3111 3625 3640 3710 3809 4501 4770 4850
228	31	334	4	56 92 565 577 1686 2087 2095 2223 2418 2573 2594 2678 2726 2806 2955 3085 3115 3672 3708 3922 3994 4006 4192 4230 4293 4385 4391 4840 4910 4951
280	27	300	4	259 396 759 1141 1146 1274 1353 1384 1407 1464 1467 1638 1705 1737 1938 2319 2527 2538 2758 2892 2973 3079 3268 3305 3467 3663 3794 3919 4799
351	4	15	4	339 471 548 556 627 1863 2444 2625 2869 3493 3755 3800 3881 3944 3964 3984 3995 4021 4434 4458 4552 4611 4625 4706 4781 4800 4918 4957
433	11	308	4	45 133 207 444 683 1410 1643 1742 2032 2190 2193 2575 3030 3071 3081 3226 3299 3326 3979 4046 4089 4386 4437 4461 4474
463	5	259	4	176 182 186 434 491 530 535 914 941 1134 1303 1382 1495 1593 1924 2199 2393 2647 2744 2961 3044 3090 3203 3435 3550 3827 3936 4183 4206 4528 4976
469	30	112	4	492 628 694 776 818 1026 1115 1319 1437 1500 1556 1620 1720 1994 1995 2195 2312 2565 2810 3020 3479 3950 4016 4038 4553 4650 4904
497	15	295	4	40 517 648 1147 1273 1401 1431 1515 1713 1716 1768 1844 1975 2094 2097 2270 2515 2569 2578 2619 2638 2772 2790 3031 3191 3676 3914 4158 4198 4412 4943
537	17	180	4	79 196 311 435 467 624 724 765 935 1065 1359 1543 1608 1627 1763 1810 1983 2105 2235 2457 2546 2671 2890 3059 3089 3438 3649 3656 3888 4515 4897
630	34	207	4	46 212 239 330 429 750 1304 1309 1552 1973 2010 2077 2172 2332 2350 2432 2640 2657 2765 2893 3121 3461 3682 3873 4022 4403 4420 4747 4852
674	3	32	6	122 158 206 240 305 615 833 982 1262 1665 1783 1833 1991 2288 2960 3040 3141 3280 3957 4313 4318 4380 4804 4875 4916
713	33	273	4	64 570 622 685 795 1010 1215 1217 1380 1664 1751 1950 2179 2197 2605 2935 3211 3249 3403 3872 3880 4004 4042 4169 4280 4784 4973
727	18	102	4	119 496 586 591 712 819 830 927 937 1054 1482 1677 1759 1912 1984 2141 2220 2273 2421 2455 2562 2833 2997 4083 4138 4145 4346 4359 4596
2	12	169	4	507 641 1204 1243 1405 1459 1649 1710 1777 2034 2058 2173 2323 2366 2379 2381 2441 2815 2956 3003 3068 3300 3795 3810 3853 4036 4419 4989 4999
39	22	205	4	136 302 307 571 1135 1237 1438 1492 1760 2022 2036 2328 2340 2507 2784 2870 2913 3005 3029 3036 3454 3900 4125 4159 4211 4667 4739 4758 4772 4944
62	19	160	4	333 421 612 744 749 894 1034 1331 1414 1458 1796 1868 1872 2180 2242 2360 2623 2676 2763 2947 3178 3210 3549 3642 3713 4213 4311 4336 4418 4443 4754
81	9	333	4	125 277 446 497 554 781 807 844 1040 1057 1400 1712 1890 2017 2132 3039 3053 3124 3141 3292 3319 3374 3384 3600 4174 4377 4441 4442 4717
214	32	338	4	193 198 210 253 437 485 573 1773 1900 2263 2359 2395 2439 2533 2544 2750 2877 3149 3313 3439 3775 3797 3864 4085 4259 4390 4987
218	35	266	4	37 298 871 1008 1154 1318 1351 1369 1383 1469 1612 1976 2006 2282 2363 2489 2752 2764 2950 2996 3014 3350 3792 3801 3813 4146 4562
247	23	43	4	126 140 299 882 1224 1226 1345 1451 1537 1616 1845 2181 2204 2458 2509 2566 2933 3043 3398 3927 4023 4151 4210 4566 4658 4902
260	25	128	4	74 466 521 992 1072 1272 1752 1824 1854 1989 2230 2292 2353 2540 2908 2927 3041 3164 3314 3423 3843 3908 3949 4361 4416 4482 4506 4510 4730
269	13	125	4	152 609 785 850 1371 1734 1774 2163 2219 2269 2415 2556 2689 3183 3222 3563 3591 3645 3743 3926 4200 4296 4333 4518 4522 4585 4697 4994
297	1	24	4	324 328 569 1050 1127 1180 1566 1666 1684 1764 1806 1937 2025 2234 2249 2279 2364 2512 2642 3023 3821 3823 3883 4276 4338 4513 4629 4721 4823
315	14	274	4	111 170 445 700 732 737 872 979 1015 1399 1530 1642 1739 1933 2710 2740 3016 3019 3057 3074 3084 3289 4019 4354 4776 4861 4974 4986 4996
318	26	94	4	62 86 371 886 926 1089 1834 2023 2047 2214 2361 2475 2700 2819 3105 3270 3428 3767 3781 3815 3855 4002 4033 4137 4154 4189 4570 4687 4838
325	21	380	4	15 104 234 279 405 464 526 605 864 892 950 1326 1416 1550 1762 1801 2156 2592 2800 2930 3215 3287 3361 3536 4119 4165 4425 4549 4887 4889
385	16	253	4	33 372 537 632 677 703 808 948 954 995 998 1230 1453 1491 1671 1743 1862 1968 2376 2732 2960 3083 3152 3386 3738 3751 3969 4060 4117 4877
388	37	375	6	132 170 1106 1413 1439 1541 1691 1731 2106 2152 2164 2321 2340 2363 2590 2858 3002 3163 3379 3449 3574 3887 4011 4320 4435 4627 4822 4891
394	29	200	6	8 69 284 292 441 842 1082 1279 1637 1681 1818 2104 2248 2461 2550 2635 2779 3209 3293 3401 3613 3839 3922 4404 4731 4779 4844
414	8	196	6	220 519 572 818 1073 1213 1338 1347 1366 1415 1440 1624 1699 1885 2348 2692 2985 2995 3012 3476 3565 3618 3992 4165 4186 4332 4384 4396 4953
418	24	72	6	68 109 139 227 272 308 1046 1360 1404 1512 1524 1618 1622 1722 1856 1945 2021 2291 2632 2821 2904 3070 3073 3201 3289 3376 3418 3930 3938 4184
440	20	112	6	431 478 770 1095 1112 1160 1250 1282 1406 1410 1523 1873 2368 2453 2788 3208 3238 3349 3508 3718 3814 3881 4131 4140 4244 4334
511	28	166	6	64 231 636 1124 1321 1701 1729 1919 1934 2060 2445 2494 2538 2571 2639 2651 2658 2890 3184 3480 3507 3894 3915 4010 4013 4031 4317 4349 4429 4472 4962
532	2	321	6	60 326 360 369 450 839 922 995 1037 1214 1228 1378 1581 1720 2196 2207 2440 2524 2526 2839 2860 2999 3617 3742 3829 3843 4079 4084 4481 4683
535	38	8	6	70 119 342 612 977 978 1013 1355 1461 1646 1956 2094 2172 2386 2606 3342 3365 3584 3601 3623 3636 3670 3735 3841 4114 4198 4501 4698
536	36	397	6	293 418 488 494 591 683 713 722 1033 1090 1407 1429 1605 1829 2450 2552 2735 2916 2977 3431 3861 3892 4041 4289 4446 4588 4945 4952
542	6	272	6	32 49 278 390 557 803 823 915 1132 1260 1580 1607 1640 1827 2425 2955 3063 3072 3219 3404 3776 3878 4060 4399 4453 4550 4552 4750
550	39	176	6	62 140 365 442 515 578 809 854 924 1121 1373 1603 1677 1794 2322 2417 3069 3268 3345 3353 3390 3837 4069 4676 4783
564	7	301	6	39 155 226 241 477 570 583 630 848 1183 1346 1554 1881 1930 2004 2271 2342 2388 2984 3284 3765 3770 4115 4251 4516 4538 4937
571	10	247	6	4 26 65 107 1102 1280 1736 1960 1972 2183 2272 2280 2414 2426 2893 3262 3337 3590 3597 3610 3836 4111 4584 4690 4757 4935
587	40	126	6	27 380 850 1147 1150 1520 1655 2057 2113 2761 2874 2878 2998 3343 3474 3538 3606 3854 3857 4036 4142 4242 4416 4436 4491 4492 4726 4887 4896 4939
603	31	1	6	754 765 780 912 1363 1403 1498 1544 1921 2266 2315 2483 2641 2694 2785 2875 3051 3260 3263 3388 3397 3442 3483 3725 3739 3753 3848 4208 4304 4360
620	27	156	6	7 14 266 580 665 741 784 901 984 1074 1314 1367 1533 1760 1931 2005 2176 2186 2255 2480 2964 3419 3580 3603 3734 4201 4246 4278 4373 4379 4669
628	4	221	6	75 146 222 334 1016 1165 1172 1502 1668 2123 2227 2621 3091 3102 3186 3194 3323 3717 3809 3949 3968 4288 4333 4340 4345 4692 4834
643	11	64	6	301 790 1010 1223 1246 1515 1540 1614 1747 1891 1953 1987 2497 2646 2680 2681 2880 3453 3683 3767 4028 4143 4219 4233 4252 4370 4587 4890
645	5	114	6	710 937 969 1094 1118 1271 1389 1679 1860 1878 2173 2212 2509 2521 2659 2760 2969 3018 3034 3430 3656 3859 3983 4000 4037 4555 4609 4668
663	30	220	6	249 707 714 720 763 837 1113 1274 1423 1549 1890 2181 2200 2298 2613 2631 2780 2835 2907 2968 3436 3441 3699 3868 3903 4225 4392
719	15	61	6	98 144 178 547 658 719 739 740 835 989 1084 1329 1371 1591 2092 2471 2557 2572 2599 2758 2993 3696 3751 4116 4134 4144 4450 4487 4525 4576
722	17	10	6	327 328 484 489 579 674 706 1045 1195 1526 1537 1759 1850 1928 1982 2473 3129 3157 3183 3355 3599 3695 3713 3763 4057 4087 4160 4641 4756 4819
729	34	266	6	187 447 534 556 1572 1837 1868 2089 2270 2408 2519 2547 2602 2766 2812 3182 3407 3443 3800 3855 3909 4314 4485 4967
733	33	398	6	223 338 423 910 946 1063 1449 1457 1914 1999 2349 2376 2382 2717 2792 2899 2909 3155 3317 3325 3500 3971 4022 4112 4119 4294 4310 4335 4397 4965
734	18	313	6	100 131 279 402 681 888 1071 1208 1474 1548 1659 1695 1916 1979 2155 3080 3146 3643 3948 4129 4177 4339 4685 4691 4712 4780 4884
757	12	280	6	95 215 251 261 473 772 879 1294 1313 1446 1465 1495 1606 1690 1848 2146 2237 2490 2614 3145 3213 3247 3488 3595 3783 3950 3989 4424 4523 4926
759	22	49	6	190 346 621 633 991 1048 1070 1164 1390 2150 2309 2364 2467 2672 2935 3061 3114 3536 3539 3697 4003 4073 4078 4147 4222 4343 4509 4719 4878 4993
778	19	84	6	173 208 894 913 1519 1813 1998 2070 2151 2335 2391 2653 2796 3006 3060 3210 3310 3316 3329 3423 3571 3658 4121 4573 4602 4606 4842
791	9	230	6	52 177 194 280 838 1311 1335 1385 1391 1510 1562 1595 1742 2007 2026 2187 2195 2202 2545 2856 3120 3510 3682 3844 3929 4499 4560 4910
19	32	130	6	38 78 118 378 385 463 562 872 1072 1169 1303 1352 1368 1675 1778 2024 2088 2182 2937 2947 3250 3648 3661 3804 3826 3860 4946
24	35	34	6	575 598 749 752 800 1116 1210 1237 1281 1558 1566 1817 2167 2178 2188 2209 2314 2390 2585 2756 2923 3026 3348 3774 3811 4173 4283 4467 4694 4793
84	23	358	6	15 71 252 375 408 446 693 709 1316 1805 1884 1892 1977 2329 2333 2343 3110 3243 3334 3465 3527 4109 4250 4271 4630 4772 4829
85	25	185	6	367 531 861 1003 1083 1137 1255 1611 1895 1942 2262 2306 2703 2710 2829 2978 3196 3259 3354 3771 3947 4016 4086 4113 4127 4218 4859
139	13	189	6	627 750 876 1014 1125 1167 1186 1219 1468 1534 1809 2284 2290 2449 2582 2723 3493 3605 3775 3883 4224 4295 4490 4526 4797 4987 5000
145	1	131	6	304 654 725 853 1049 1120 1168 1398 1444 1499 1569 1877 1981 2317 2396 2974 3181 3234 3315 3503 3757 3890 3974 4052 4398 4769
169	14	175	6	77 339 399 403 852 856 1119 1477 1714 1926 2072 2308 2389 2418 2553 2809 2951 2961 3327 3469 3640 4015 4258 4337 4382 4470 4701 4742 4821
209	26	214	6	48 1021 1428 1672 1954 2032 2074 2120 2165 2294 2355 3103 3279 3378 3472 3559 3678 3820 4315 4375 4529 4557 4618 4675 4738 4860 4867 4933
220	21	28	6	219 632 806 1009 1345 1383 1610 1983 2049 2119 2147 2232 2352 2415 2586 2765 2944 3144 3216 3320 3413 3932 3982 4870 4921
236	16	38	6	46 410 496 574 692 801 836 868 1055 1134 1309 1552 1752 2064 2584 2884 2891 3255 3487 4256 4282 4605 4616 4631 4786 4948
239	3	187	8	281 411 791 833 960 1001 1312 1399 1606 1816 2298 2367 2379 2680 2686 2873 3162 3191 3341 3345 3958 4121 4474 4483 4557 4703 4754 4862
242	37	211	8	31 406 500 584 721 795 933 976 1156 1479 1506 2393 2469 2693 2788 3045 3231 3646 3739 3796 3828 4088 4091 4280 4333 4647 4658 4663 4949 4978
289	29	19	8	63 454 468 898 1072 1316 1730 1917 2071 2122 2154 2334 2448 2626 2786 2823 3379 3761 3781 4217 4276 4356 4444 4479 4803 4879 4981
299	8	239	8	89 134 262 546 769 970 1187 1232 1397 1769 1976 2297 2536 2619 2687 2767 2801 3112 3220 3277 3283 3791 3810 3861 4015 4624
327	24	376	8	115 606 749 914 1306 1440 1486 1565 1575 1922 1982 2081 2219 2229 2611 2748 2787 3319 3506 3662 3945 3983 4090 4637 4688 4706 4888
341	20	385	8	280 291 316 323 483 565 864 1334 1361 1438 1485 1546 1550 1775 2152 2592 2688 2791 2845 2958 3240 3271 3554 4006 4212 4270 4409 4697
355	28	154	8	91 272 372 393 826 1605 1667 1768 2064 2415 2443 2697 2809 3195 3475 3530 3540 3706 3878 4007 4045 4394 4440 4523 4550 4793 4985
359	2	221	8	77 151 224 261 268 449 630 682 851 908 1068 1177 1570 1619 1794 1799 1992 2409 2455 2781 2837 3153 3175 3396 3588 4000 4120 4649 4717
417	38	91	8	129 385 616 800 905 913 929 1078 1723 1864 1902 2295 2521 2548 2603 2624 2667 2860 2982 3134 3233 3287 3288 3409 3579 3974 4046 4695
431	36	296	8	351 375 620 723 1077 1085 1201 1241 1264 1596 1763 2218 2406 2471 2634 2755 2826 3104 3242 3272 3386 3551 3668 3728 3809 4402 4705 4757
434	6	332	8	309 511 801 824 996 1229 1328 1384 1584 1903 1959 1985 2129 2347 2412 2510 2625 2760 2768 3020 3071 3157 3377 3687 3777 4156 4305 4454 4812 4929
486	39	234	8	42 258 350 794 945 1011 1058 1087 1812 2189 2329 2728 2776 2847 2895 3151 3315 3354 3649 3775 3859 4122 4314 4336 4469 4689 4995
499	7	16	8	69 212 289 417 934 962 1174 1349 1571 1578 1674 1691 2149 2706 2745 2884 3125 3479 3919 3941 4059 4180 4320 4490 4521 4727 4751 4937 4988
565	10	106	8	436 447 523 927 985 1120 1243 1507 1726 2117 2162 2508 2551 2670 2698 2724 2972 3276 3357 3365 3513 3623 3972 3990 4042 4201
586	40	62	8	88 164 181 217 236 270 432 736 1322 1705 2017 2024 2227 2523 2612 3036 3121 3291 3577 3906 4216 4324 4465 4466 4622 4666 4857 4917
635	31	315	8	24 228 368 866 1130 1176 1592 1746 1972 2237 2303 2392 2404 2621 2719 2861 2984 3126 3391 3490 3566 3804 3931 3935 4233 4567 4698 4907 4971
646	27	43	8	4 41 252 378 760 779 807 813 850 1172 1310 1422 1430 1464 1623 1738 1981 2216 2478 2846 2886 2938 3095 3197 3575 3655 3789 4025 4158
690	4	369	8	173 233 586 678 906 994 1036 1099 1408 1412 1455 1564 1741 1760 1837 2105 3193 3330 3367 3525 3680 3939 3962 4026 4463 4774 4778
707	11	17	8	195 403 634 891 1008 1170 1452 1514 1712 1964 2182 2293 2351 2378 2567 2639 2796 2814 2859 3143 3411 3622 3630 4416 4815 4830
716	5	201	8	97 438 520 637 716 1045 1344 1392 1427 1539 1634 1651 1652 1689 1749 1921 2153 2226 2967 3048 3068 3148 3187 3516 4061 4118 4175 4239 4930
764	30	237	8	363 425 635 981 997 1282 1469 1516 1552 1636 1661 2030 2107 2113 2133 2170 2398 3119 3426 3444 3591 3841 3978 4272 4510 4652 4747 4791 4813 4848
774	15	141	8	242 347 666 861 926 1189 1226 1364 1418 1599 1857 1949 2019 2100 2275 2317 2757 2772 3042 3080 3107 3316 3323 3358 3449 3535 4487 4902 4916 4942
7	17	325	8	73 560 577 582 730 1016 1435 1447 1521 2346 2652 2658 2775 2894 2928 2933 3007 3304 3363 3371 4138 4186 4374 4449 4468 4967
34	34	73	8	238 487 488 768 1104 1256 1394 1839 1863 2127 2167 2233 2323 2643 3050 3097 3142 3438 3451 3652 3740 3837 3844 4089 4421 4564 4581
69	33	10	8	86 307 514 568 727 799 957 1060 1125 1528 1609 1767 1946 1947 2009 2485 2871 3340 3362 3419 3501 3545 3679 4048 4431 4549 4824
82	18	63	8	405 481 656 695 901 983 1603 1888 2012 2078 2123 2321 2453 2524 2574 2908 2942 3178 3213 3442 3520 3908 4439 4601 4823 4984
111	12	162	8	341 379 398 572 619 876 964 1049 1095 1129 1433 1753 2365 2564 2819 2904 2994 3246 3267 3279 3301 3732 4085 4102 4886 4997
114	22	75	8	44 68 101 123 174 974 1173 1331 1411 2038 2457 2522 2648 2856 3037 3090 3406 3521 3896 4047 4130 4136 4240 4398 4404 4505 4699 4814
133	19	249	8	294 336 553 1188 1280 1342 1425 1713 1914 2116 2193 2309 2342 2681 2691 2918 2964 3498 3541 3557 3604 4146 4340 4840 4885 4890
140	3	62	10	18 47 231 486 903 1217 1559 1897 2066 2135 2553 2666 2691 2697 2864 3154 3159 3197 3285 3341 3607 3830 4256 4326 4964
168	9	360	8	64 118 329 339 625 829 1801 2239 2248 2753 2777 2795 2874 3032 3087 3160 3321 3494 3632 3745 4098 4169 4260 4315 4770 4799
170	32	108	8	117 313 441 633 657 689 738 863 1420 1586 1644 1978 2242 2372 2613 2802 2842 2849 3079 3793 4284 4293
184	35	103	8	108 235 248 256 314 456 673 781 784 1252 2408 2514 2721 2838 3109 3117 3487 3527 3560 3824 3877 4223 4322 4899
199	37	296	10	16 448 497 699 1039 1408 1798 2104 2560 2781 2954 2957 3134 3166 3212 3227 3249 3504 3533 3604 4083 4324 4327 4445 4619 4886
224	23	12	8	310 315 618 924 1273 1538 1611 1802 1847 2013 2499 2555 2620 2952 3073 3133 3227 3400 3484 3549 3565 3765 3816 3869 4746 4764 4878 4920
248	25	379	8	156 284 349 532 663 1030 1333 1476 1563 1577 1620 1841 1866 2231 2384 2581 3074 3290 3364 3611 3851 3917 3930 3970 4054 4922 4946
263	13	231	8	312 360 433 521 599 1070 1141 1254 1401 1488 1625 1657 1697 1783 1792 1986 2061 2115 2180 2730 2764 3099 3355 3361 4266 4316
285	1	340	8	146 324 460 507 645 1101 1287 1354 1379 1583 1832 1845 1870 1990 2050 2286 2750 2835 3055 3108 3230 3468 4547 4672 4745 4839
328	14	193	8	83 162 408 885 1191 1494 1572 2140 2210 2353 2435 2709 3083 3556 3569 3576 3961 4066 4214 4358 4565 4615 4996
331	26	194	8	128 131 391 418 470 571 735 1517 1709 1835 1849 2308 2882 3132 3180 3434 3448 3609 4029 4040 4551 4556 4715 4806 4858 4865 4926 4955
346	21	388	8	33 137 302 343 1040 1047 1286 1786 2223 2277 2506 2572 2766 2830 3236 3342 3515 4145 4341 4382 4477 4493 4569 4593 4682 4992
356	16	101	8	290 416 544 733 1079 1136 1230 1244 1246 1456 1739 1745 2157 2215 2228 2417 2520 2583 3198 3320 3405 3690 3722 4033 4093 4876 4924
396	29	197	10	57 216 372 778 804 812 921 957 1010 1206 1377 1704 1719 2061 2285 2404 2881 3112 3569 3847 4032 4058 4561 4579 4615
415	8	255	10	222 317 374 623 840 1089 1168 1418 1452 1458 1521 1620 1816 1873 1994 2184 2206 2991 3313 3738 3760 4310 4456 4506 4528 4610 4773 4982
419	24	88	10	6 162 264 318 356 1067 1254 1276 1291 1462 2110 2407 2515 2702 2817 2863 2903 3158 3294 3728 3909 4166 4275 4637 4669 4790
426	20	322	10	132 203 254 401 1035 1269 1304 1340 1471 1793 1827 1848 2031 2059 2063 2577 2636 2784 3137 3189 3267 3981 4036 4278 4428 4831
453	28	246	10	186 360 420 576 588 643 846 999 1321 1374 1451 1583 1821 2790 2813 2923 3226 3408 3484 3485 3793 3883 4104 4304 4432 4668 4685 4753
459	2	123	10	43 239 1109 1115 1299 1684 1931 2201 2257 2430 2543 2601 3165 3307 3436 3591 3605 3730 3787 4105 4176 4302 4517 4568 4573 4604 4646
472	38	370	10	74 120 160 542 580 582 632 1229 1432 1579 1584 1631 1711 2021 2035 2133 2361 2500 2809 3381 3396 3521 3896 4394 4736
490	36	215	10	868 917 1140 1178 1326 1814 2056 2084 2106 2528 2607 2825 2987 3105 3223 3273 3315 3529 3582 4120 4285 4455 4760 4863 4885 4981
502	6	165	10	217 645 798 834 952 1031 1154 1297 1505 1790 1866 2156 2177 2672 2760 3284 3528 3611 3929 3975 4067 4267 4338 4419 4434 4439 4694
521	39	107	10	676 688 822 1013 1065 1090 1203 1532 1659 2176 2268 2275 2639 2645 2706 2731 2889 2910 3329 3750 4162 4185 4541 4633 4696 4771
524	7	377	10	103 106 436 529 844 985 1093 1292 1367 1378 1406 1729 1806 1882 1959 2098 2204 2498 2608 3160 3418 3446 3494 4132 4498 4540
541	10	199	10	27 58 505 955 1145 1212 1400 1645 2170 2198 2247 2331 2472 2564 2698 2736 2941 2942 3180 3327 3694 3833 3843 3870 4253 4520 4591 4725
543	40	304	10	463 767 1401 1886 1908 2090 2174 2195 2534 2558 2585 2626 2812 2986 3032 3070 3420 3747 3863 3895 3923 3993 4030 4351 4667 4707 4728 4737
575	31	161	10	113 142 218 333 440 587 773 1360 1533 1638 1944 2132 2270 2535 2701 3265 3776 4033 4076 4099 4140 4383 4748 4911
599	27	225	10	188 194 197 259 282 340 535 655 783 963 1157 1577 1623 2102 2684 2891 3541 3590 3626 3719 4187 4287 4529 4630 4724 4734 4774 4985
605	4	317	10	489 891 929 1023 1323 1465 1561 1696 1864 1956 2086 2481 2599 2716 2793 2966 3030 3053 3149 3526 3838 3866 3932 4003 4588 4689 4752 4761 4763
648	11	147	10	273 392 557 610 691 994 1025 1585 1905 2005 2037 2138 2306 2597 2598 2748 3448 3509 3593 3661 3808 3841 4096 4147 4365 4832 4947 4977
651	5	46	10	154 799 1046 1107 1475 1917 2610 2660 2693 2725 2800 2945 3017 3173 3328 3424 3583 3609 3898 4046 4152 4174 4247 4522 4688 4691 4794
662	3	304	12	65 325 903 933 966 1007 1040 1963 2260 2448 3100 3211 3503 3619 3680 3779 3863 4182 4190 4234 4277 4418 4599 4613 4796 4932
684	30	3	10	490 1277 1334 1748 2224 2271 2283 2443 2491 2707 2820 2901 2992 3144 3205 3254 3283 3616 4017 4087 4168 4571 4620 4715 4778 4796 4846 4881
699	37	161	12	269 330 536 642 1102 1177 1461 1507 1685 1983 2077 2203 2304 2322 2407 2446 2937 3098 3108 3372 3709 3991 4203 4364 4484 4743 4945
725	15	208	10	163 614 845 1137 1282 1289 1403 1485 1650 1772 2197 2216 2228 2385 2648 2651 2974 3388 3497 3568 4025 4121 4666 4984
738	17	346	10	10 28 73 407 531 589 718 841 1001 1226 1370 1425 1646 2038 2189 2336 2705 2727 3027 3314 3544 3831 3986 4055 4485 4557 4597
747	34	349	10	606 980 1275 2044 2307 2554 2616 2643 2662 3023 3026 3064 3079 3444 3985 4041 4101 4110 4126 4270 4308 4323 4404 4626 4642 4713 4735
8	33	145	10	51 226 296 443 658 739 873 1372 1456 1576 1703 1826 1997 2490 2688 2749 3161 3419 3567 3729 3774 3783 4103 4225 4321 4684 4742
59	18	151	10	41 165 221 325 412 461 522 1064 1073 1248 1267 1288 1849 1853 2387 2427 2492 2513 2573 2711 2777 2904 2908 3243 3801 3885 4129
60	12	235	10	157 502 521 719 867 1066 1192 1200 1258 1385 1556 1661 1891 2532 2604 2770 2886 3089 3708 4039 4257 4263 4697 4866 4884 4922 4988
64	22	50	10	227 554 755 796 802 881 905 1144 1298 1364 1534 1682 2076 2526 2708 2824 2929 3312 3665 3948 4222 4238 4289 4437 4777 4931
70	19	137	10	178 465 526 641 753 1050 1416 2070 2213 2313 2384 2448 2482 2723 3445 3518 3658 3845 3884 3976 4034 4050 4137 4161 4221 4647 4657 4917
72	9	40	10	209 476 715 793 805 848 1022 1442 1571 2004 2095 2097 2239 2551 2758 2811 3063 3565 3671 3693 3782 4124 4208 4288 4425 4953
75	32	265	10	30 292 849 1002 1134 1163 1658 1800 1952 2433 2471 2679 2713 2734 2806 3169 3252 3351 3646 3701 4071 4178 4329 4501 4567 4856
101	35	101	10	141 166 269 362 592 894 1126 1189 1673 1732 1918 2001 2262 2289 2417 2435 2536 2842 3008 3121 3753 3865 4534 4607 4973
103	23	4	10	68 223 559 595 723 960 1211 1332 1413 1786 1877 1901 2032 2160 2421 2808 2951 2971 3253 3415 3684 4226 4395 4857 4935
147	25	385	10	11 52 298 617 679 1016 1180 1466 1507 1630 1978 2173 2644 2654 2675 2715 3106 3423 3457 3777 4037 4342 4356 4472 4942
152	13	80	10	127 232 430 670 898 1076 1078 1339 1356 1384 1454 1504 2220 2547 2950 3250 3401 3508 3916 3997 4272 4825 4830 4838 4850 4893 4968
173	1	87	10	23 72 158 313 856 930 1283 1484 1544 2009 2069 2118 2436 2621 2649 2934 3157 3403 3482 3737 3855 4154 4156 4514 4586 4795
176	14	289	10	551 563 732 931 965 1842 2279 2548 2665 2786 2921 2959 2981 3141 3198 3239 3501 3542 4059 4095 4213 4229 4230 4441 4674 4955 4960
181	26	59	10	742 748 853 1082 1100 1119 1284 1448 1784 1824 1915 2078 3360 3409 3564 3638 3882 4411 4638 4820 4827 4867 4974 4983 4998
191	21	277	10	148 205 245 350 396 399 882 997 1048 1279 2010 2163 2546 2762 2764 2831 3195 3334 3432 3437 3511 4385 4453 4759 4896
197	16	299	10	275 613 674 693 743 942 1169 1235 1355 1358 1509 1595 1655 1825 2003 2026 2438 2486 2695 2704 3047 3171 3289 3386 3876 4224 4487 4645
202	29	205	12	3 206 265 301 413 596 808 1257 1536 1939 2423 2478 2731 2832 2850 3554 3563 4087 4094 4452 4537 4735 4761 4772 4869 4906
225	8	37	12	520 602 745 1150 1216 1315 1756 1807 2128 2169 2245 2657 2719 3078 3344 3440 3544 3635 3810 4023 4208 4383 4443 4711 4816 4851
235	24	263	12	358 489 564 703 741 1034 1264 1392 1445 1550 2028 2181 2390 2438 2518 2716 2760 2900 3003 3720 3839 4513 4580 4670 4899
238	20	97	12	49 134 287 377 468 474 1000 1214 1663 1805 1942 2152 2411 2432 2456 2587 2965 3022 3168 3614 3664 3676 3773 3935 4818
251	28	34	12	455 619 1277 1613 1668 1808 1876 1980 2175 2244 2593 2624 2658 2788 3053 3094 3130 3180 3597 3787 4279 4372 4709
259	2	140	12	382 503 869 951 982 1202 1258 2114 2222 2246 2262 2354 2674 2962 3561 3638 3841 3922 4001 4123 4202 4329 4344 4450 4585 4642 4910
279	38	170	12	46 95 1133 1213 1295 1602 1829 1853 1949 2240 2352 2461 2675 2740 3055 3109 3650 3766 3884 3961 4196 4199 4369 4524 4592 4981
317	36	311	12	182 243 280 293 419 508 582 736 768 1129 1182 1229 1820 2344 2512 2946 3118 3263 3898 4012 4247 4968
342	6	98	12	199 315 680 1062 1544 1645 1757 2032 2539 2541 3308 3323 3572 3644 3826 3873 4221 4313 4558 4567 4598 4722 4732 4737 4908
352	39	86	12	53 99 183 322 585 1077 1131 1198 1263 1925 2051 2256 2325 2509 2738 3016 3202 3670 3911 4207 4316 4940
371	7	13	12	247 274 295 538 734 751 776 1212 1302 1775 1777 1993 2388 2531 2633 2791 3244 3394 3416 3735 3998 4080 4351 4389 4848 4994
373	10	389	12	509 786 830 884 910 955 1166 1225 1292 1541 1894 2316 2358 2545 2580 2697 2728 2749 2779 3171 3293 3439 3581 3793 3868 3901 4095 4933
376	3	263	14	18 130 188 236 264 525 771 802 876 904 1292 1308 2025 2142 2436 2690 3122 3185 3537 3840 3886 3961 3983 3992 4151 4233 4893
391	40	165	12	944 1120 1190 1651 1968 1998 2007 2048 2579 2775 2896 3336 3402 3607 3623 3660 3686 3759 3869 4104 4168 4415 4493 4535 4817
393	31	329	12	35 59 389 522 974 1019 1676 1701 1977 1982 2006 2332 2375 2437 2630 2637 2681 2930 3082 3413 3874 4446 4644 4854
401	27	358	12	37 838 990 1083 1155 1161 1373 1450 1733 2148 2206 2241 2280 2346 2376 2467 2622 2699 2815 3144 3382 3430 3702 3897 4009 4088 4178 4264
481	4	143	12	381 552 568 717 926 928 999 1044 1111 2292 2334 3403 3616 3625 3836 3937 3963 4191 4262 4301 4335 4375 4400 4543 4636
485	11	306	12	390 1004 1540 1649 1659 2098 2105 2555 2912 3024 3120 3251 3705 3838 4134 4163 4185 4195 4303 4330 4824 4917 4931
495	5	307	12	110 399 766 860 992 1069 1244 1517 1910 1932 1938 2113 2336 2402 2596 2776 3639 3671 3737 3899 3912 3953 4267 4474 4628 4855
498	30	78	12	248 271 467 600 700 750 802 939 1036 1056 1139 1363 1521 1530 1688 1918 2485 2496 2746 2926 2970 3410 3777 4349 4653
523	15	372	12	357 506 839 878 893 896 1015 1097 1259 1361 1482 1828 1952 2087 2410 2540 3257 3265 3577 3661 3895 3948 3962 4712 4963
525	17	327	12	264 593 604 787 1078 1342 1365 1592 1622 1633 1666 1934 2623 2693 2837 2894 3038 3185 3254 3303 3395 3422 3965 4292 4381 4664
531	34	381	12	57 340 487 539 673 1357 1441 1486 1531 1758 2154 2157 2491 2577 2792 2886 2940 2999 3304 3434 3453 3714 3876 4359 4363 4728 4812 4950
534	33	111	12	102 644 684 749 1205 1412 1573 1686 1870 1986 2080 2161 2209 2234 2403 2431 2725 2880 3117 3196 3683 3765 3944 4083 4889
582	18	256	12	187 283 1084 1158 1582 1917 2008 2236 2278 2489 2615 2841 3102 3143 3174 3478 3866 4082 4187 4189 4548 4725 4805 4822 4901 4991
591	12	321	12	42 304 363 367 415 1514 1735 1850 2118 2563 2610 2661 2730 2981 3232 3306 3313 3442 3569 3679 3959 4393 4641 4825
608	22	200	12	231 671 722 779 929 996 1033 1124 1248 1629 1654 1788 1819 2409 2754 2804 3019 3399 3761 3934 3946 4092 4261 4455 4597 4679 4762
617	19	364	12	148 561 1030 1119 1293 1376 1584 1680 1838 2166 2550 2565 2647 2668 2698 2903 2990 3086 3278 3431 3564 3832 4155 4171 4390 4590
625	9	182	12	159 346 397 406 822 871 1091 1456 1569 1833 1943 2026 2068 2655 3050 3072 3384 3522 3624 4077 4128 4333 4582 4686 4935 4972
631	32	348	12	121 461 836 902 1640 1693 1776 1840 2162 2323 2542 2685 2757 3015 3226 3302 3467 3654 3667 3889 3933 3938 4244 4338 4398 4420 4500
633	35	400	12	984 1251 1283 1591 1745 1785 1856 1912 2041 2704 2835 3088 3652 3772 3907 3941 4563 4608 4697 4773 4774 4775 4845
634	23	211	12	47 111 113 414 434 442 557 566 687 720 784 885 905 906 1529 1660 2037 2046 2201 2212 2559 2910 2977 4020 4346 4569 4892 4943
636	25	134	12	33 139 326 544 862 973 1123 1896 2313 2522 2536 2621 2660 2729 2799 2862 2868 2902 3040 3187 3348 3799 3860 4315 4357 4520 4895
638	37	111	14	66 273 320 637 920 1115 1437 1498 1666 1885 3277 3306 3493 3610 3647 3788 4022 4134 4262 4401 4788 4808 4857 4923 4985
673	13	39	12	73 225 1502 1638 1715 1738 1991 2581 2604 2856 2936 2959 2991 3112 3162 3406 3688 3984 4318 4427 4431 4615 4754 4758 4927
711	1	223	12	87 101 127 169 459 798 979 1451 1513 1937 1948 2374 2483 2499 2552 2562 3014 3509 3629 3682 4139 4273 4554 4645 4978
718	14	242	12	210 273 471 661 1017 1022 1330 1436 2023 2377 2450 2551 2714 2751 2805 2876 3010 3383 3649 3733 3966 3968 4011 4076 4257 4671
737	29	182	14	491 1043 1126 1197 1314 1332 1640 1913 2109 2309 2894 2978 3013 3082 3162 3221 3255 3387 3554 3785 3850 3879 4132 4197 4570 4654 4976
765	26	84	12	109 262 438 516 994 1484 1557 1580 2059 2110 2433 2867 2892 3115 3321 3380 3808 3985 4057 4422 4591 4623 4651 4879
767	21	337	12	267 478 543 675 879 895 1273 1669 2254 2349 2366 2528 2568 2763 2883 3125 3724 3731 3764 3850 3910 3956 4509 4551 4611 4703 4900
6	16	195	12	200 228 537 579 613 699 911 1327 1719 1830 1861 2014 2025 2117 2242 2534 3134 3210 3547 4005 4111 4368 4380 4539 4571 4858 4979
21	8	133	14	317 323 350 933 1057 1063 1629 1799 2042 2072 2213 2249 2660 2807 3269 3318 3501 3562 3863 4458 4561 4675 4776 4846
29	24	314	14	31 50 172 321 668 954 961 1058 1862 2101 2434 2472 2477 2900 3010 3095 3479 3743 3787 3880 3915 3917 3924 4175 4537
37	20	53	14	13 151 160 274 482 516 565 1103 1343 1632 1737 1904 1949 2274 2551 2733 3166 3184 3723 3791 3794 3892 3936 4193 4227 4855 4862
41	28	298	14	117 592 615 651 695 1161 1356 1483 1780 1865 2546 2700 2839 2964 3073 3167 3357 4098 4141 4188 4265 4533 4839 4927 4975
102	2	83	14	286 468 822 1004 1532 1618 1880 2022 2447 2609 2740 2909 3334 3408 3437 3838 3927 3966 3973 3975 4159 4391 4475 4502 4597 4635
104	38	177	14	36 65 370 578 631 897 901 909 1089 1132 1142 1373 1539 1554 2050 2399 2401 2855 3135 3580 3627 3660 3831 4330 4357 4500 4519
115	36	5	14	84 246 288 386 440 584 636 694 1380 1441 1726 2192 2368 2380 2445 2632 3131 3596 3599 3692 4596 4830 4942
120	6	11	14	221 911 1275 1362 1579 1902 2052 2087 2187 2500 2591 2620 2886 2947 3290 3432 3756 3826 4273 4286 4504 4530 4579
125	39	267	14	245 1027 1148 1448 1497 1593 1781 2086 2144 2163 2863 3100 3476 3555 3654 3830 3991 4114 4144 4342 4585 4613 4721 4782 4900 4977
128	7	343	14	503 512 770 1109 1157 1409 1460 1475 1950 2098 2297 2322 2364 2396 2781 3117 3322 3525 3694 3760 3918 3954 4292 4534
131	10	284	14	54 204 260 329 374 412 416 765 915 1002 1013 1407 1678 2154 2414 2569 2912 3370 3786 4385 4497 4691 4912
132	40	90	14	539 656 723 1054 1596 1825 2462 2646 2695 2915 3001 3069 3093 3225 3286 3287 3343 3410 3505 3671 3677 3929 4314 4467 4781 4872
138	31	60	14	59 633 662 1105 1117 1319 1346 1364 1790 1829 2252 2318 2328 2423 2501 2851 3029 3158 3275 3339 3740 4025 4256 4883
142	27	173	14	398 407 677 777 880 1261 1506 1814 1928 2222 2264 2394 2523 2648 2824 3211 3285 3445 3762 3989 4269 4724 4765 4807 4875
153	4	396	14	445 721 839 1123 1158 1353 1519 1583 1729 1818 2083 2116 2146 3256 3355 3605 3704 3934 4062 4387 4468 4575 4649 4650 4940
163	11	19	14	86 193 229 422 1005 1143 1193 1234 1266 1670 1974 2033 2369 2410 2730 2801 3123 3467 3742 4612 4652 4704 4924 4929
179	5	373	14	187 564 640 810 947 998 1228 1417 1542 1774 1795 1940 1999 2035 2047 2093 2433 2493 2543 2664 2728 3267 4397 4482 4673 4769
211	30	181	14	62 598 618 1081 1289 1875 2282 2320 2504 2667 2972 2988 3103 3272 3416 4136 4250 4279 4327 4382 4643 4646 4707
221	15	89	14	238 251 259 452 493 680 849 1669 2005 2062 2074 2137 2351 3036 3055 3433 3511 3533 3550 3914 4052 4172 4381 4403 4524
227	17	12	14	79 235 1245 1589 1599 1806 2200 2391 2518 2567 2799 3020 3194 3518 3899 4105 4115 4299 4545 4603 4656 4740 4757 4970
229	34	253	14	177 294 617 760 1042 1111 1655 1694 1749 1755 1951 2149 2519 2759 2893 3173 3204 3566 3868 4004 4103 4313 4328 4410 4608 4694 4799
309	33	41	14	314 614 716 1068 1249 1567 1767 2059 2112 2214 2486 2713 2870 3146 3232 3260 3274 3540 3988 4142 4794 4888 4905 4934
320	18	386	14	295 299 519 1087 1508 1586 1986 2156 2290 2293 2398 2590 2622 3498 3524 3568 3620 3849 3946 4104 4447 4470 4746 4760 4880 4995
326	12	384	14	73 152 464 608 664 1041 1135 1206 1334 1481 1545 1752 2121 2458 2502 2724 2793 3231 3407 3587 3979 4020 4255 4692 4907
375	22	85	14	17 171 216 423 740 761 945 1458 1745 1748 1800 1939 2043 2406 2785 2936 3049 3968 4018 4091 4228 4536 4592 4658 4820 4825 4831
390	3	267	16	63 362 477 788 795 851 1753 2111 2203 2585 2718 2806 3179 3203 3516 3682 3762 3864 4026 4328 4416 4546 4619 4640
397	19	44	14	368 397 417 469 686 722 1086 1330 1424 1547 1719 2140 2258 2289 2321 2556 2883 2945 3247 3421 3491 4162 4272 4389 4690
404	9	316	14	304 420 551 670 702 857 884 1069 1130 1310 1575 1612 1778 1840 1892 2229 2296 2821 2914 3008 3397 3726 3821 4408 4578 4625 5000
409	32	102	14	104 197 308 354 380 815 1124 1190 1877 2085 2185 2378 3147 3160 3648 3681 3965 4065 4317 4351 4544 4801 4805 4833 4936
427	35	204	14	348 415 606 786 793 1003 1071 1075 1300 1383 1598 1616 1823 1881 2238 2383 2593 2661 3324 3852 4021 4043 4297 4701
437	23	224	14	562 892 1345 1577 1674 1703 1706 1918 1923 2058 2268 2291 2524 2792 2955 3126 3261 3422 3443 3490 3635 3700 4153 4583 4945
445	25	288	14	106 250 496 791 1233 1510 1654 1900 2115 2174 2287 2316 2326 2635 2766 2778 2822 2992 3327 3715 3808 4198 4212 4300 4705 4956
468	13	127	14	429 643 1014 1018 1166 1504 1594 1609 1771 1911 1933 1973 2334 2537 2697 2826 3199 3266 3328 3368 3474 3543 3920 4353 4484 4890 4901
471	1	159	14	55 192 400 479 684 863 1104 1287 1293 1305 1419 1486 1490 1702 2129 2230 2358 2440 2823 3385 3451 3835 4019 4192 4432 4593
484	14	324	14	96 101 176 341 561 667 1090 1207 1473 1680 1960 2424 2460 2510 2659 3030 3532 3585 3784 3904 3978 3986 3994 4542 4657 4858
506	26	335	14	379 547 1031 1052 1459 1477 1568 1628 1747 2063 2145 2374 2403 2602 2795 3004 3444 3631 3874 4100 4309 4336 4469 4629 4797 4845 4947
510	21	306	14	383 488 560 854 946 1045 1298 1405 1812 2209 2217 2568 2997 3137 3229 3462 3482 3717 3803 3813 3891 3894 3962 4392 4823
522	16	227	14	24 49 601 1080 1098 1149 1216 1269 1402 1815 1846 2114 2574 2791 3046 3154 3446 3553 3766 3960 4116 4146 4164 4873
544	37	294	16	474 724 756 778 871 1106 1341 1678 2004 2044 2196 2247 2635 2661 2868 3166 3224 3235 3686 4119 4130 4173 4257 4488 4747
566	29	92	16	104 168 405 687 729 861 883 1052 1097 1498 1658 1671 2513 2651 2995 3347 3803 3913 3942 3970 4386 4527 4531 4950
570	8	123	16	146 697 754 834 1348 1526 1527 1854 2228 2656 2784 2897 2902 2927 3069 3085 3331 3359 3579 3651 3673 4252 4493 4560 4575 4913 4951
572	24	78	16	289 423 492 625 1032 1331 1636 1842 1945 1979 2192 2197 2255 2472 2614 2677 3390 3424 3497 3704 3902 4344 4417 4628 4783
579	20	70	16	20 352 359 495 787 895 1163 1550 1693 2355 2616 2798 3198 3575 3625 3630 3703 3982 4421 4579 4586 4716 4788
611	28	247	16	417 798 912 1076 1195 1797 1936 2016 2162 2170 2297 2298 2345 2420 2925 2935 3106 3158 3282 3368 3574 3659 4262 4662 4852 4988
612	2	126	16	230 368 373 375 392 447 494 504 986 1733 1984 2026 2073 2555 2571 2638 3083 3931 4158 4190 4740 4814 4909
614	38	120	16	260 308 403 581 846 1270 1380 1600 1696 1767 2036 2261 2326 2757 2834 3217 3237 3626 3785 3918 4029 4194 4285 4435 4656
622	36	217	16	130 686 796 823 896 1069 1093 1112 1477 1977 2078 2486 2495 2559 2604 2623 3077 3272 3414 3692 3712 3736 4464 4717 4743 4866
652	6	203	16	7 10 82 463 475 528 571 647 1062 1602 2088 2711 2810 3402 3441 3459 3462 3480 3549 3877 3957 4650 4733 4900
656	39	210	16	240 887 1312 1359 1459 1559 1862 1899 2459 2491 2633 2644 2993 3023 3079 3318 3343 3720 3798 3853 4383 4406 4771 4828
659	7	2	16	429 716 763 967 1053 1156 1342 1496 2002 2225 2266 2327 2501 2508 2530 2554 2848 2852 3107 3291 3463 3718 4705 4766
668	10	256	16	90 181 358 540 626 714 828 1024 1423 1499 1707 1830 1878 1888 1962 2208 2310 2419 2479 3523 3568 4143 4209 4504 4693
705	40	192	16	386 482 825 1398 1521 1523 1712 1843 2082 2128 2300 2348 2431 2549 3075 3660 4005 4038 4044 4277 4469 4618 4990
708	31	363	16	198 292 297 364 393 448 548 575 698 845 859 931 1003 1425 1828 2068 2165 2461 2611 2719 2913 3551 3698 4582 4853
715	27	30	16	92 98 258 549 678 1107 1625 1774 2361 2436 2453 2716 2730 2738 2943 3132 3199 3212 3296 3455 3818 3866 4558 4659 4807 4855
726	4	229	16	431 544 1094 1110 1185 1882 1960 2011 2143 2166 2216 2734 2768 3128 3311 3486 3740 3767 3865 4138 4215 4414 4611 4731
754	11	150	16	8 29 67 718 899 1218 1232 1250 1404 1627 1763 1974 2338 2359 2584 3608 3655 3880 4250 4476 4626 4836 4905 4916 4958
773	5	1	16	380 854 963 1418 1504 1592 1641 1857 2305 2387 2503 2520 2578 2906 2990 3271 3709 3727 3906 3955 4258 4661 4726 4745 4832 4966 4970
776	30	236	16	17 345 416 517 809 1279 1935 1967 2435 2493 2512 2645 2779 2941 3142 3452 3758 3806 3849 3954 4149 4156 4201 4609 4876
9	15	314	16	85 194 199 246 321 424 826 980 1391 1549 1675 2144 2171 2360 2985 3065 3828 4298 4505 4576 4616 4703 4871 4889
12	17	326	16	285 869 1018 1151 1463 1845 1933 1944 2154 2245 2356 2389 2422 3425 3636 3928 4077 4228 4533 4904 4953 4957
13	34	157	16	87 460 567 642 675 1041 1306 1698 1778 1835 2056 2108 2113 2449 2516 2763 2845 2991 3004 3211 3528 3638 4447 4470 4856 4978
23	33	25	16	75 113 185 604 607 629 1546 1681 2061 2182 2539 2575 2926 2951 3163 3299 3547 3725 3735 3807 3833 3978 4741 4938
27	18	342	16	14 175 1615 1620 1849 1956 2000 2081 2131 2146 2337 2408 2529 2532 2695 2914 3001 3031 3524 3788 4245 4346 4436 4660
36	3	342	18	794 833 995 1068 1646 2067 2141 2258 2666 2881 3217 3221 3314 3416 3536 3806 3896 3965 4191 4228 4547 4778 4806 4883 4930
48	12	105	16	89 161 277 755 780 1385 1401 1488 1643 1677 1846 1909 1953 2001 2086 2183 2489 3043 3248 3569 3879 4063 4196 4641 4657 4808
58	22	398	16	713 792 1446 1568 1653 1848 1885 2043 2149 2517 2608 2640 2842 2932 3032 3754 4188 4230 4307 4334 4362 4399
61	19	73	16	12 102 388 462 639 1021 1126 1443 1450 1566 1660 2370 2470 2744 2997 3172 3422 3447 3842 4016 4164 4391 4517
78	9	286	16	88 112 299 469 706 752 981 1092 1582 1865 2079 2292 2620 2690 2759 2814 2890 3082 3165 3315 3373 4093 4293 4432 4496
80	32	240	16	96 760 767 842 874 940 1136 1193 1201 1626 2095 2250 2537 2586 2655 2755 3010 3182 3298 3969 4004 4051 4056 4097 4499 4899
89	35	291	16	326 990 1305 1619 1817 1837 1887 2211 2443 2541 2919 3081 3088 3274 3346 3360 3469 3578 3986 4027 4075 4244 4405 4589 4965 4968
106	23	345	16	164 233 340 411 453 465 550 605 1199 1965 2039 2121 2542 2612 2853 3091 4068 4299 4419 4643 4781 4821 4963
109	25	178	16	109 270 276 384 419 501 665 972 1210 1652 1727 2091 2367 2450 2676 3334 3514 3722 4001 4088 4302 4639 4762 4955
119	13	137	16	1 51 244 672 793 960 1403 1512 1942 2090 2540 2774 3021 3022 3313 3364 3378 3595 3778 3815 4275 4581 4715
127	1	21	16	23 560 879 1006 1058 1320 1490 1724 1766 1961 2427 2628 2948 2968 2970 3041 3387 3430 3761 3835 4090 4426 4471 4665 4700
136	14	292	16	100 196 229 485 880 970 1238 1299 1545 1823 2018 2685 2753 3017 3152 3308 3570 3618 3994 4220 4272 4460 4483 4758
155	26	179	16	84 128 302 594 730 968 1075 1111 1226 1859 1964 2538 2576 2739 2800 2876 2942 3189 3750 3886 3903 4122 4998
167	21	343	16	110 208 483 1022 1141 1363 1507 1879 1978 2181 2206 2637 2795 3239 3923 3956 4267 4271 4283 4366 4477 4545 4577 4664 4864
174	16	152	16	331 546 628 814 956 1283 1505 1997 2153 2259 2295 2527 2570 2666 2938 3277 3307 4082 4227 4229 4282 4480 4750 4882 4975
198	37	140	18	230 299 535 651 653 760 1053 1778 1912 2159 2324 2466 2583 2809 3537 3668 3944 3973 4117 4130 4188 4249 4687 4951
234	29	15	18	13 179 199 285 315 458 1177 1188 1534 2101 2487 3069 3192 3752 4259 4505 4543 4868 4938
237	8	75	18	9 270 439 813 968 1191 1365 1414 1679 1746 1924 2034 2094 2167 2738 2996 3017 3155 3399 4133 4384 4407 4471 4614 4643
264	24	173	18	20 48 108 269 346 370 401 639 834 1103 1803 2031 2521 3291 3671 3684 3967 4027 4147 4149 4685 4797 4828
268	20	245	18	174 477 532 590 648 755 1756 2119 2131 2179 2402 2586 2774 2866 2931 3236 3571 3577 3780 3888 3924 3958 4011 4141 4822
273	28	300	18	229 381 402 442 525 747 781 1227 1617 1680 1901 2024 2053 2681 3227 3312 3425 3805 3898 4467 4492 4554 4572 4737
283	2	329	18	454 878 1260 1326 1367 1745 2082 3009 3485 3500 3584 3839 3947 4079 4171 4248 4331 4371 4639 4844 4866
284	38	61	18	10 66 566 1114 1171 1179 1255 1339 1453 1627 1962 1965 2338 3045 3119 3124 3478 3533 3763 3830 4221 4237 4330 4841 4996
288	36	66	18	39 94 122 286 667 1491 1852 1908 2477 2849 2963 2992 3170 3730 4167 4347 4509 4544 4617 4636 4666 4980
310	6	139	18	26 356 407 413 476 1181 1573 1723 1895 1947 2092 2130 2214 2229 2301 2598 3300 3453 3527 3627 4242 4275 4277 4399 4515 4624
314	39	355	18	84 623 821 845 933 1041 1064 1157 1180 1243 1427 1823 1993 2355 2408 2447 2474 2722 3042 3059 4025 4456 4480 4911
323	7	92	18	203 305 350 392 797 857 1011 1344 1496 1635 1698 1724 1968 2353 2587 3021 3611 3640 3817 3820 4211 4376 4430 4678 4909
366	10	6	18	85 241 320 676 1138 1815 1892 2133 2139 2231 2469 2836 2867 2882 3048 3352 3557 3595 3741 3819 3975 4001 4128 4238 4261 4433
370	40	147	18	560 657 680 983 1295 1516 1672 1722 1816 1881 2003 2223 2313 2421 2656 2950 3164 3246 3565 3703 3801 3895 4012 4177 4448 4958
378	31	347	18	227 502 556 1347 1515 1697 1780 1844 1980 2102 2460 2711 2788 3188 3203 3228 3597 3846 4388 4415 4528 4558 4574 4736
379	27	36	18	60 889 903 976 1020 1140 1851 1909 1934 2294 2511 2665 3220 3266 3369 3516 3523 4081 4292 4362 4510 4605 4768 4787 4872
382	4	362	18	426 593 718 1092 1222 1418 1458 1622 2674 2729 2747 3301 3331 3496 3923 3942 3971 4051 4140 4183 4527 4698 4940 4947
408	11	158	18	257 351 378 583 1273 1322 1374 1861 2120 3040 3345 3374 3505 3535 3749 3997 4166 4204 4243 4679 4713 4759 4795 4826 4864
424	5	157	18	4 97 411 464 548 993 1028 1080 1116 1203 1481 1506 1765 1867 1989 2045 2305 2426 2488 2501 2712 3104 3823 3936 4397
428	30	346	18	5 68 171 263 323 666 841 964 967 1043 1393 1523 1718 2192 2269 2565 2868 2949 2982 3168 3320 4589 4803 4933
436	15	264	18	200 242 685 893 974 1548 1609 1650 1726 1838 2069 2368 3090 3347 3448 3563 3637 3764 3816 3851 3900 3977 4473 4702 4762
473	17	340	18	72 189 258 289 729 962 1196 1531 2047 2311 2348 2351 2505 2797 3108 3242 3311 3526 3856 3991 4005 4364 4439
475	34	193	18	22 213 309 355 674 883 1065 1118 1232 2525 2683 2743 3051 3193 3213 3280 3306 3473 3792 4016 4148 4230 4490 4744 4972
515	33	226	18	533 579 1244 1435 1511 1791 1969 2295 2449 2543 2630 2786 2839 3174 3240 3400 3474 3707 3720 3979 4516 4531 4749 4809
556	18	261	18	49 125 247 678 811 1500 1664 1812 2510 2580 2771 2798 3135 3631 3691 3796 3818 4017 4038 4161 4298 4644 4739 4793 4812
563	12	272	18	29 164 372 391 435 518 1059 1211 1218 1470 1492 1572 1699 2750 2832 3332 3475 3641 3743 3759 3909 3940 4449 4764 4804
574	22	124	18	32 279 284 348 536 1169 1238 1608 2046 3142 3202 3397 3561 3727 4139 4209 4322 4706 4852 4969
583	19	27	18	120 769 979 1121 1297 1438 1524 1625 1717 2233 2442 2782 2848 2873 3064 3116 3366 3489 3507 4009 4152 4287 4565 4954
626	9	54	18	281 366 379 612 909 914 1406 1448 1599 2027 2161 2185 2453 2939 2976 3100 3232 3411 3714 4102 4284 4587 4718 4871 4906
627	32	186	18	24 216 620 1104 1372 1426 1630 1857 2083 2148 2377 2445 2452 2703 2725 3098 3288 3446 3513 3539 3650 3756 4220 4556
650	35	239	18	191 446 469 530 542 819 873 988 1187 1340 1528 1802 2135 2168 2235 2419 2608 3012 3057 3302 3460 3921 4202 4203 4689 4983
660	23	79	18	322 428 480 508 546 659 710 726 1030 1430 1656 1793 1925 1957 2036 2372 2384 2440 2847 3033 3253 3309 3321 3771 4377 4621
665	3	362	20	56 158 292 517 568 690 713 809 1128 1130 1358 1754 2274 2321 2708 3174 3273 3650 3776 4354 4391 4745 4846
670	25	372	18	215 336 471 789 818 941 1128 1294 1323 1370 1645 1705 2029 2397 2562 2831 2834 3028 3412 3596 3674 3744 4169 4722 4888
678	13	390	18	192 248 482 490 1431 1757 1789 1893 2250 2267 2332 2727 2789 3382 3531 3685 3775 4070 4318 4502 4549 4662 4723
692	37	36	20	287 793 971 1028 1348 1987 1996 2033 2497 2746 2762 2878 2991 3066 3520 3624 3647 3964 4047 4093 4283 4415 4635 4906
732	1	229	18	184 294 683 987 989 1037 1108 1387 1556 1753 1950 2330 2439 2638 2641 2677 2756 3276 3285 3653 3897 3937 4484 4663 4710
735	14	57	18	44 588 594 849 900 965 1186 1278 1687 1733 2018 2222 2737 2920 2921 3010 3404 3501 3680 4837 4879 4964 4967
746	26	149	18	329 538 630 662 744 831 996 1259 1265 1316 1725 2924 2929 2983 3111 3265 3356 3421 4004 4156 4231 4346 4400 4720 4987
749	21	339	18	89 124 175 431 637 697 958 1047 1224 1563 1741 2122 2281 2618 2715 2742 2927 3417 3520 3620 3747 4363 4519 4829 4849
755	16	269	18	95 114 225 512 526 1392 1440 1866 2352 2528 2640 2642 2767 3127 3175 3385 3530 3705 3791 4026 4327 4760
762	29	294	20	121 255 285 374 481 539 600 660 1121 1281 1487 1633 1807 2016 2628 2643 3222 3317 3552 3693 3730 4122 4414 4507
781	8	136	20	44 69 135 137 142 386 387 597 1186 1340 1888 1898 2180 2201 2238 2246 2332 2474 3561 3960 4376 4572 4632 4925 4967
796	24	307	20	25 45 232 281 388 430 914 1102 1481 1500 1510 2030 2066 2075 2076 2854 2986 3176 3506 3540 3785 3819 4133 4622 4871
25	20	312	20	105 195 196 318 418 516 1058 1315 1613 1688 1967 2215 2319 2625 2751 2818 3046 3361 3587 3903 4435 4738
57	28	387	20	275 536 587 890 1005 1382 1492 1817 1828 1847 1937 1958 1991 2186 2327 2812 3015 3365 3420 4245 4456 4673 4997
66	2	280	20	257 336 504 527 1052 1140 1203 1497 1678 2041 2123 2191 2254 2290 2344 2617 2858 3094 3729 4506 4568
74	38	206	20	48 821 828 1107 1114 1115 1232 1383 1558 1725 2055 2112 2218 2336 2783 2798 2836 3456 3471 3572 4043 4210 4518 4817
76	36	30	20	448 650 1060 1184 1476 1684 1695 2052 2256 2407 2427 2823 2851 3116 3230 3243 3259 4430 4538 4656 4664 4806 4828 4943
90	6	201	20	112 118 634 1158 1555 1636 1740 1748 2168 2205 2262 2317 2359 2410 2511 2876 2932 3245 3261 3576 4341 4407 4802
96	39	18	20	585 775 865 1050 1355 1409 1576 1644 1820 1963 2635 2737 2888 3042 3048 3674 3749 3769 4246 4465 4554 4587 4793 4856
108	7	188	20	436 454 473 533 867 1088 1159 1442 1787 1798 1899 2171 2828 3063 3608 3753 3953 4188 4409 4586 4686 4730 4742 4753
113	10	233	20	116 342 667 1265 1314 1865 2372 2601 2885 2895 3017 3138 3410 3512 3534 3824 4312 4344 4348 4525 4672 4849 4954
126	40	265	20	120 303 843 870 904 923 1553 1596 2127 2217 2452 2669 2717 2892 2975 3120 3344 4078 4108 4193 4200 4204 4524 4895
129	31	305	20	562 711 985 1470 1581 1590 1702 1823 2042 2464 2636 2961 3012 3229 3240 3318 4102 4337 4450 4475 4612 4924
164	27	93	20	382 618 707 1126 1711 1734 1739 1834 1855 2037 2293 2318 2401 2495 2650 2770 2877 3333 3765 3847 3894 4021 4293 4399
182	4	129	20	282 395 591 766 1169 1289 1310 1353 1600 1797 2045 2412 2881 2907 2909 3177 3354 3681 3820 4059 4362 4594 4847 4926
186	11	311	20	16 936 952 1127 1441 1545 1825 2227 2575 2618 2629 2741 2827 2848 2953 3233 3632 4109 4405 4592 4756 4760
206	5	120	20	335 543 720 963 975 1185 1264 1435 1601 1906 2368 2654 2941 3020 3260 3324 3629 3657 3755 3968 4563 4640 4979
223	30	116	20	223 646 778 944 1162 1406 1671 1846 1957 2060 2101 2122 2284 2300 2503 2631 2670 2684 2771 2813 3375 3669 4039
244	15	382	20	555 564 898 955 968 1024 2212 2416 2476 2928 3101 3114 3443 3455 3483 3615 3977 4113 4145 4433 4459 4610 4734 4836
261	17	309	20	243 535 906 967 1131 1285 1346 1363 1516 1880 2000 2432 3121 3183 3829 4072 4129 4286 4557 4939 4999
275	34	51	20	145 162 524 604 644 1013 1161 1482 1615 1804 2244 2940 3428 3465 3649 3696 4086 4481 4733 4776 4975
282	33	66	20	518 553 730 959 1135 1324 1328 1796 2125 2385 2472 2918 3139 3662 3969 4054 4056 4151 4281 4417 4540 4693 4704 4784
294	18	285	20	115 751 858 1201 1266 1294 1349 1493 2073 2248 2718 2761 3208 3736 3871 4049 4381 4555 4841 4869 4878
301	12	159	20	403 803 939 1208 1246 1354 1445 1461 1612 1729 1744 2302 3026 3082 3558 3631 4144 4189 4345 4491 4590 4669 4923
305	22	177	20	236 422 590 673 748 996 1209 1573 1750 1762 1953 2077 2082 2468 2773 2825 3460 3593 3709 3959 3985 3999 4567 4710
324	19	244	20	47 178 635 639 757 824 1322 1419 1460 1920 1983 2150 2465 2969 3076 3453 3502 3807 3846 4000 4160 4278 4516
329	9	243	20	88 189 611 682 734 920 1054 1220 1466 1673 1878 1883 2314 2557 2916 2921 2989 3379 3466 3591 3602 3704 4488 4497 4593
332	32	391	20	152 263 493 545 559 601 756 894 1133 1137 1352 1424 1496 1765 1803 1894 2470 2560 2919 3609 4140 4607 4748 4833 4853
347	35	259	20	143 268 649 864 1117 1168 1198 1245 1587 1716 2236 2517 2873 2933 2949 3001 3154 3314 3904 4569 4659 4682 4720 4980
348	23	197	20	81 349 415 727 1068 1233 1319 1453 1471 1844 1986 2463 2846 2847 2914 3056 3304 3351 3519 3659 3891 4209 4489 4706
372	25	324	20	664 726 932 949 1081 1394 1402 1410 1630 1925 1975 2013 2294 2811 3128 3373 3613 4406 4845 4864 4877 4913 4993
377	13	115	20	370 615 783 790 1272 1560 1608 1815 2096 2142 2145 2151 2340 2548 3789 3794 3825 3993 4027 4031 4161 4296 4670
380	1	241	20	160 167 458 500 566 1146 1405 1447 1479 1520 1611 2390 2599 2683 2755 3417 3564 3872 4006 4321 4625 4679 4700
400	14	198	20	19 67 237 592 745 877 1096 1617 1794 1810 1916 2339 2383 2422 2672 2802 2871 3167 3644 3828 4467 4496 4687
412	26	213	20	249 376 738 1486 1639 2132 2409 3122 3148 3489 3621 3668 3689 3703 3831 4547 4553 4571 4675 4860 4880
442	21	380	20	130 172 495 685 1001 1035 1261 1436 1889 2887 3161 3394 3436 3454 3461 3691 3716 3726 3992 4055 4559 4671 4898 4962
451	16	258	20	209 241 297 609 950 1163 1187 1222 1257 1298 1317 2155 2576 2739 3187 3708 3976 4111 4462 4588 4723 4773
464	3	203	22	53 580 608 753 870 941 1140 1464 1553 1591 1640 1940 2249 2258 2525 3198 3276 3329 3532 3653 4720 4908
480	37	392	22	127 242 360 908 1375 1452 1631 1728 1736 1793 1890 2079 2335 2883 3022 3838 3877 3895 4144 4442 4616 4621 4695 4704
488	29	251	22	26 125 134 157 313 537 640 817 885 1353 1446 1760 1831 2361 2877 2938 2996 3057 3139 3171 3472 4764
496	8	394	22	478 853 865 1219 1422 1488 1635 1717 1993 2243 2281 2535 3076 3097 3192 3264 3340 3489 3502 4289 4570 4673 4709
500	24	352	22	224 240 384 679 721 1518 1656 1704 1731 1935 2183 2224 2238 2679 2904 3186 3418 3733 3803 4073 4204
513	20	387	22	145 186 278 527 725 737 791 1008 1483 1624 1638 1725 1782 1874 2446 2790 2985 3460 4206 4338 4649 4810 4869 4880
547	28	51	22	318 406 453 612 1089 1172 1605 1681 1708 1897 1907 1931 2187 2257 2437 3550 3634 3884 4108 4373 4451 4580 4679 4718
549	2	105	22	7 76 319 1042 1324 1442 1478 1621 2071 2096 2655 2656 2682 2866 3118 3368 3431 3581 3626 3650 3701 3829 4008 4331 4787
557	38	146	22	709 759 1302 1841 2005 2012 2127 2346 2351 2360 2506 2865 3150 3161 3357 3647 3680 3836 3868 4123 4319 4646 4829 4938
562	36	57	22	133 536 925 945 980 1057 1208 1798 2334 2477 2622 3092 3169 3239 3299 3517 3875 4032 4058 4151 4242 4553 4774 4832
567	6	166	22	37 450 746 812 1006 1055 1540 2073 2174 2564 2775 2952 3201 3383 3780 3839 4059 4674 4771 4805 4836 4843 4896
585	39	257	22	85 540 858 1411 1539 1763 1967 2231 2255 2684 2872 2897 3268 3271 3298 3414 3447 3711 4095 4182 4280 4294 4635
588	7	393	22	84 180 209 414 575 692 955 1468 1472 1974 2747 2913 3011 3016 3284 3567 3570 3827 3982 4068 4599 4986
590	10	348	22	90 432 1009 1290 1427 1530 1751 1809 2103 2133 2158 2161 2520 3138 3327 3424 3712 3974 4096 4312 4368 4396 4457 4747
595	40	96	22	70 161 531 573 1450 1687 1808 1826 1916 1932 2233 2375 2660 2806 2857 3207 3283 3346 3607 3822 4249 4395 4545 4738 4755
606	31	63	22	107 202 787 943 1138 1307 1429 1718 2058 2594 2818 2843 2937 3168 3245 3412 3628 3723 3814 4015 4305 4382 4601 4849
629	27	224	22	326 562 589 671 828 890 916 1351 1881 1946 1975 2219 2418 2485 2626 2931 3125 3614 3770 4049 4300 4344 4352 4552 4811
654	4	384	22	36 513 785 798 843 1549 1685 1791 2271 2442 2526 2596 2664 2862 3105 3261 3830 3845 3907 3980 4427 4568 4995
672	11	216	22	574 672 762 781 844 1548 1647 1769 1784 1995 2261 2275 2602 2666 2896 3243 3691 4089 4229 4336 4437 4816 4966
680	5	374	22	311 496 745 971 1051 1151 1167 1263 1321 1633 2177 2348 2430 2668 3151 3338 3463 3518 3540 3998 4455 4689 4721 4828 4961
686	30	254	22	353 690 899 977 988 1303 1623 1962 2246 2409 2917 3056 3128 3278 3297 3372 3768 3976 4162 4193 4665 4667 4733 4744
695	15	26	22	190 217 365 459 563 607 784 880 1910 2265 2365 2505 2910 2943 3006 3136 3153 3270 3336 3572 3584 3953 4106 4176 4379
704	17	109	22	232 439 555 898 1003 1098 1195 1270 1503 1723 1773 1959 2198 2692 2912 3232 3326 3781 3924 4103 4429 4594
740	34	337	22	194 197 462 504 611 1210 1327 1768 2130 2169 2260 2342 2350 2513 2559 2713 3039 3068 3432 4063 4084 4098 4460 4624
753	33	220	22	103 271 279 487 631 777 947 1474 1663 1692 1863 1889 2254 2508 2771 3644 3737 3790 3933 4157 4170 4487 4785 4944
761	18	40	22	55 210 243 274 482 635 684 685 1021 1209 1286 1744 1923 1952 2054 2885 3247 3380 3393 3782 4002 4274 4661
777	12	14	22	93 366 539 936 1106 1512 1785 2579 2821 3086 3197 3401 3456 3473 3482 3762 3858 4066 4074 4306 4443 4476 4912
788	22	169	22	426 499 511 616 668 1381 1761 2000 2102 2232 2780 2890 2895 3107 3170 3468 3746 3885 3887 4263 4438 4539 4614 4754
792	19	319	22	367 381 408 979 1024 1060 1557 1602 1930 2699 3215 3381 3557 3623 3717 3932 3969 4020 4143 4172 4520 4769
799	9	371	22	106 206 214 244 467 712 902 1476 1821 1840 1941 2210 2871 3218 3255 3415 3539 3685 3862 4148 4150 4241 4561 4702 4994
5	32	258	22	191 619 841 1278 1358 1542 1724 2027 2091 2303 2585 2587 3332 3376 3409 3686 3946 4197 4200 4209 4991
20	35	331	22	181 599 628 757 769 797 1292 1415 1670 2252 2301 2605 2649 3358 3458 3459 3552 3681 4716 4761 4766 4903
28	23	2	22	121 160 204 348 726 887 919 975 1554 1800 1851 2828 2851 3407 3684 3815 4295 4444 4647 4854 4861 4960
43	25	243	22	308 554 888 909 991 1064 1130 1571 1614 1906 2370 2574 2762 3129 3322 3694 3871 4006 4115 4138 4224 4298 4422
99	13	154	22	25 254 1111 1598 1709 2199 2229 2758 3028 3296 3406 3657 3664 3677 3760 4247 4480 4511 4701 4895
183	1	53	22	491 786 958 1023 1122 1754 1830 1875 2033 2400 2541 2742 2911 3002 3135 3222 3925 4062 4271 4419 4834 4990
188	14	83	22	371 374 466 495 652 868 993 1109 1189 1977 2134 2164 2311 2357 2416 2567 3035 3433 3950 4171 4563 4714 4792 4921
233	26	273	22	57 388 404 972 1329 1404 1447 1683 1799 1972 2076 2677 2928 3098 3227 3286 3514 3545 3560 3913 4113 4469 4684
240	21	56	22	65 123 1417 2143 2230 2266 2393 2598 3223 3230 3305 3426 3435 3734 3801 3873 4001 4013 4126 4194 4291 4627 4979
254	16	21	22	221 736 892 1242 1454 1929 2105 2310 2465 2629 2709 3309 3369 3455 3959 4135 4481 4603 4612 4840
256	3	9	24	923 1012 1395 1714 1842 2051 2066 2430 2686 2696 3038 3259 3376 3601 3721 3790 3800 3919 3995 4149 4265 4347 4675
262	37	167	24	34 71 439 518 555 950 1040 1239 1478 1628 1840 1947 2481 2801 2817 2889 3310 3738 4068 4225 4325 4918 4959
267	29	281	24	103 407 510 585 738 1177 1362 2040 2241 2576 3011 3434 3466 3507 4408 4478 4481 4488 4521 4972
272	3	281	26	18 384 528 710 743 745 847 946 1114 1527 1692 1991 2115 2444 2976 3581 3603 3716 4170 4291 4311 4377 4794
304	8	331	24	178 444 708 912 947 1171 1199 1295 1984 2028 2072 2091 2164 2204 2427 3179 3905 3939 4100 4216 4695
312	24	341	24	55 107 288 356 391 434 622 823 1331 1525 1749 1957 2434 2777 2922 3215 3385 3553 4036 4134 4226 4367 4369 4537
319	20	115	24	179 1443 1697 1779 1961 2086 2199 2362 2386 2441 2539 2998 3043 3369 3504 3590 4101 4300 4617 4682 4775 4819 4906
333	28	327	24	18 998 1056 1207 1603 2056 2251 2402 2403 2685 2827 3151 3172 3564 3785 3867 4010 4044 4468 4515 4600 4648 4803
343	2	231	24	389 500 1366 1685 1789 1866 2261 2325 2596 2706 3094 3128 3161 3366 3562 3643 3793 4324 4502 4681 4753 4919
361	38	352	24	242 594 761 989 1118 1601 1855 1871 1931 2065 2108 2363 2866 3049 3226 3500 3617 3622 4387 4413 4801 4873
364	36	278	24	146 451 969 1940 1954 2109 2356 2473 2525 2526 2558 3209 3216 3275 3460 3598 3666 4090 4132 4184 4341 4377 4522
381	6	29	24	11 231 473 987 1523 1880 2128 2371 2631 2761 3054 3087 3346 3531 3538 3542 3669 3922 4450 4528 4618 4653 4862
405	39	108	24	77 90 205 316 328 376 470 563 1032 1654 1773 2012 2741 2987 3281 3322 3728 3972 4540 4641 4726 4798
416	7	232	24	332 479 1067 1094 1409 1562 1606 2115 2148 2178 2233 2239 2315 2425 2533 2668 2716 2959 3357 3694 3999 4684 4796 4992
422	10	55	24	260 307 643 705 977 1010 1260 1502 1869 1941 2070 2463 2828 3191 3458 3528 3689 3903 4186 4588 4620 4729 4831 4866
423	40	289	24	183 430 762 993 1554 1919 2041 2169 2452 2466 2729 2994 3155 3290 3349 3524 3893 3945 4050 4692 4700 4799 4834
439	31	333	24	69 139 497 1225 1592 1699 1704 1733 1769 1787 2287 2468 2773 3181 3252 3586 3993 4071 4268 4402 4494 4584 4854
448	27	119	24	129 190 218 410 603 1265 1384 1675 1856 2007 2060 2175 2221 2469 3057 3113 3756 3780 4022 4495 4702 4733 4739
457	4	399	24	251 657 1185 1286 1432 1972 2019 3062 3173 3204 3395 3461 3545 3734 3803 3812 3831 4054 4067 4452 4634 4741
461	11	77	24	884 1378 1518 1608 1644 1958 2062 2171 2484 2597 2606 2858 2952 2979 3743 3798 3989 4032 4332 4498 4545
470	5	76	24	108 532 552 578 1153 1271 1527 1929 1964 2428 2487 2573 2578 2579 3148 3288 3441 3784 4508 4642 4887
478	30	129	24	28 144 570 597 650 840 1336 1600 1746 1843 2875 3156 3239 3485 3698 4065 4093 4146 4183 4374 4463 4491 4817
479	15	297	24	8 836 966 1108 1309 1416 1647 1771 1995 2102 2104 2193 2742 3249 3788 3875 4099 4264 4349 4657 4669 4763 4986
483	17	118	24	169 266 291 498 598 759 810 1103 1151 1495 1861 2420 2664 2787 2872 3005 3323 3382 3924 4125 4157 4235
491	34	47	24	171 214 244 246 1081 1121 1320 1436 2168 2211 2808 3127 3143 3529 3686 3817 3916 4326 4505 4638 4685 4710 4769 4813
494	33	158	24	105 303 625 982 1027 1247 1259 1357 1466 1988 2082 2710 2861 2916 3066 3676 3782 4163 4210 4724 4815 4914 4965
517	18	328	24	26 120 159 542 1198 1696 1897 1899 2486 2700 2932 3051 3280 3450 3478 3484 3627 4045 4106 4311 4348 4707
519	12	72	24	184 829 1143 1221 1578 1824 2013 2047 2803 2973 2989 3013 3462 3483 3773 4062 4223 4254 4404 4407 4519 4654
528	22	383	24	383 558 913 942 1335 2217 2383 2796 3251 3368 3401 3491 3534 3672 3804 4301 4447 4514 4660 4748 4938
529	19	323	24	133 138 344 611 772 881 1485 1661 1819 1969 2215 2357 3166 3287 3645 3984 4030 4359 4395 4771 4842 4843
551	9	350	24	10 132 426 1035 1368 1668 2061 2190 2429 2509 2607 3046 3074 3272 3342 3583 3726 3806 3963 4352 4546 4585 4989
581	32	95	24	63 252 310 671 800 806 1607 1831 2380 2381 2976 2983 3034 3233 3356 3362 3392 3719 4128 4207 4238 4297 4668
624	35	388	24	124 248 481 494 534 1026 1091 1250 1678 1698 1753 1758 2456 2565 2588 3576 3813 3822 4110 4126 4127 4174 4863
632	23	184	24	61 338 461 779 876 1066 1514 1604 1679 2075 2447 2563 2963 3126 3307 3330 3585 3612 3705 4072 4322 4786
679	25	104	24	135 717 1000 1589 1663 1886 2053 2285 2354 2722 3184 3388 3494 3495 3537 3847 3872 3958 4306 4390 4577
696	13	369	24	19 181 956 1313 1577 2030 2039 2226 2444 2454 2614 2704 3077 3193 3325 3326 3678 3897 4107 4243 4312 4565
697	1	121	24	166 261 331 347 371 396 508 1175 1181 1437 1994 2318 2570 2807 3393 3935 4002 4136 4256 4461 4581 4647 4946
731	14	312	24	43 334 1227 1472 1874 2006 2207 2498 2789 2966 3291 3467 3760 3944 3946 4284 4544 4655 4758 4783 4930
739	26	42	24	88 130 265 595 692 1238 1508 1648 1774 2092 2166 2196 2304 2467 2683 2860 2898 3218 3223 3592 3858 3910 4837
743	21	110	24	13 33 100 167 212 354 856 1132 1598 1641 2136 2282 2397 2549 2589 2705 2815 3015 3400 3465 4784 4859
748	16	393	24	98 918 932 1030 1619 1716 1727 1834 1876 2485 2837 2844 3033 3324 3619 3926 4289 4530 4607 4677 4804
756	37	121	26	9 12 261 576 852 1076 1388 1590 1815 2116 2816 2912 2995 3224 3230 3404 3825 4249 4394 4418 4535 4558 4609 4957
768	29	354	26	203 225 701 721 762 1049 1351 1710 1776 1945 2301 2345 2496 2714 2910 2926 3120 3497 3544 3865 4417 4541
771	8	377	26	561 679 702 731 887 948 1099 1334 1417 1635 1811 2050 2069 2534 3197 3352 3634 3647 3926 4187 4366 4583
775	24	26	26	30 89 208 479 550 567 1344 1610 1898 2144 2591 3003 3295 3386 3450 3703 3813 4378 4475 4476 4542
783	20	204	26	66 272 627 1092 1110 1178 1269 1288 2311 2589 2821 3052 3184 3249 3652 3739 3920 4180 4523 4671 4976
786	28	319	26	265 450 533 609 663 904 1244 1308 1408 2436 2502 2554 2578 2961 2970 2980 3258 3532 3559 3662 4173 4751 4892
4	2	268	26	36 213 317 480 638 708 830 863 2457 3001 3474 3887 3893 4092 4347 4409 4424 4578 4670 4810
11	38	117	26	139 516 968 1007 1143 1165 1228 1381 1505 1533 1616 1738 2039 2527 3433 3628 3774 3850 3875 3908 4355 4420 4752
14	36	25	26	43 70 596 759 892 1400 1658 1788 1892 2013 2393 2899 3040 3517 3605 3914 3954 4114 4175 4274 4645 4677
16	6	293	26	220 363 635 835 879 918 1423 1459 1510 1546 1559 1872 1884 2126 2286 2303 2535 2919 3002 3103 3802 3945
18	39	133	26	116 254 910 1175 1694 1764 1937 2053 2414 2524 2595 2674 3054 3241 3470 4166 4226 4743 4879
30	7	155	26	705 859 986 1095 1151 1326 1361 1433 1501 1562 1749 1860 2156 2294 2463 2529 2791 2924 3111 3573 4538
35	10	309	26	80 770 963 1229 1360 1519 1870 1953 2671 3084 3178 3741 4009 4113 4320 4438 4684
40	40	271	26	166 400 457 587 754 790 1019 1219 1337 1427 1914 1985 2003 2044 2164 2175 3395 3911 3998 4364 4562 4592
52	31	338	26	4 21 296 722 982 1170 1241 1715 2019 2099 2253 2265 2304 2810 2972 3583 3615 3690 4108 4126 4459
56	27	163	26	614 1150 1234 1479 1732 2140 2290 2347 2391 2480 2533 2750 2752 2759 2922 3133 3231 3698 4094 4531
77	4	376	26	394 860 936 1107 1206 1289 1336 1484 1600 1828 2011 2093 2252 2789 3130 3136 3235 4401 4857 4885
83	11	396	26	86 153 224 283 581 604 930 1305 1444 1570 1777 1779 1832 1839 1973 2424 2493 3311 3381 4075 4236 4716 4987
93	5	148	26	125 666 753 877 973 1072 1129 1174 1347 2276 2434 2929 3024 3062 3244 3420 3459 3724 3745 3837 4740 4789
95	30	275	26	269 524 776 895 967 1598 1756 1858 1893 2025 2248 2401 2765 3018 3096 3164 3284 3495 4109 4234 4261 4736
107	15	65	26	256 603 976 1284 1457 1464 1555 1574 1727 2021 2042 2191 2235 2462 2550 3643 3696 3714 3867 4294 4749
110	17	228	26	490 498 833 954 1183 1561 1581 1679 1689 1847 2306 2796 2879 3005 3172 3335 3601 3635 3828 4153 4196 4461 4725
117	34	99	26	29 695 696 1036 1084 1173 1369 2107 2420 2597 3225 3373 3486 4345 4371 4455 4479 4622 4661 4681 4932 4995
144	33	67	26	5 87 179 333 443 865 873 888 908 1646 1670 2009 2160 2418 2636 2775 3221 3586 3672 3988 4073
156	18	383	26	468 577 655 868 1113 1176 1242 1345 1367 1497 1653 1889 1908 2592 2934 2958 3684 3917 3956 4098 4255 4591 4999
160	12	172	26	114 659 891 945 1662 1725 1743 1901 1982 2451 2736 3009 3859 4131 4162 4186 4205 4225 4240 4334 4534 4633
195	22	27	26	52 774 940 1375 1422 1882 2067 2110 2199 2350 2780 3000 3071 3496 3713 4176 4248 4598 4708 4897
207	19	379	26	149 332 633 699 805 1340 1707 1708 1996 2322 2627 2873 3045 3109 3233 3499 3852 3857 4169 4210 4654
252	9	283	26	218 569 935 991 1432 1603 1791 2291 2492 2600 2825 3061 3651 3755 3768 3821 4040 4087 4222 4422 4755 4786 4990
265	32	168	26	287 1000 1156 1225 1700 1721 1867 2223 2264 2354 2605 2811 2945 3102 3145 3664 3795 4099 4457 4608 4632 4788 4977
277	35	242	26	15 193 295 510 771 1264 1933 1957 2168 2863 3196 3209 3375 3886 4064 4179 4328 4339 4449 4492 4837 4902
293	23	335	26	492 537 602 1059 1087 1468 1494 1643 2221 2615 2757 2858 3060 3744 3762 3943 4043 4061 4150 4431 4889
313	25	188	26	188 201 449 483 621 629 735 1487 1547 1617 1905 1922 2261 2399 2673 2691 2694 2731 3328 4352 4470 4956
316	13	196	26	115 337 345 370 570 619 817 1042 1419 1573 1887 2002 2167 2652 2797 2931 3138 3398 3490 3871 4190 4640
339	1	94	26	25 869 938 984 1894 2327 2406 2487 2499 2872 3029 3354 3389 3666 4518 4595 4617 4629 4766 4767 4818
349	14	357	26	38 1148 1188 1210 1842 1869 1992 2089 2244 2284 2582 2743 2852 2956 3551 3706 3913 4120 4183 4228 4269 4273 4798
350	26	22	26	273 364 453 747 927 1735 1821 1836 2001 2112 2218 2484 2609 3461 3757 4100 4268 4370 4678 4894 4952
353	21	142	26	56 683 917 1054 1301 2016 2171 2188 2277 2425 2866 2946 2962 3185 3349 3359 3360 3701 3928 3996 4237 4739
354	16	156	26	230 662 1004 1262 1379 1463 1850 2185 2675 2756 3204 3321 3371 3377 3421 3786 3884 4445 4731 4824
410	3	16	28	179 221 591 917 1225 1276 1555 1770 1802 1915 2145 2191 2462 2847 2913 3028 3043 3124 3155 3208 3590 3845 4623
435	37	223	28	128 339 377 1052 1336 1647 1717 2482 2803 2834 2896 2901 3089 3392 3509 3689 3745 3846 4106 4388 4536 4874
449	29	366	28	153 161 197 234 589 837 847 1017 1028 1064 1253 1399 1443 1531 2644 2885 3632 3815 3915 4199
460	8	361	28	183 333 530 720 919 1245 1474 2372 2465 2507 2532 2949 2958 3004 3281 3723 3769 3978 4503 4526 4845
465	24	215	28	154 287 311 588 600 714 789 992 1037 1074 1215 1254 1529 1583 3140 3174 3653 3961 4362 4729 4898
467	20	153	28	80 511 1085 1154 1311 1878 1951 2382 2384 2481 2657 2669 3044 3427 3468 3522 3530 3562 3595 3906 4104 4859 4891
518	28	67	28	22 59 117 459 820 883 1192 1284 1414 1509 1565 3103 3300 3508 3633 3927 4125 4387 4713 4939
520	3	153	29	47 523 605 614 629 872 1106 1662 1785 2072 2371 2379 2446 2541 2732 2741 3449 3782 3834 4028 4322 4367 4530
559	2	68	28	7 37 296 368 465 499 699 1123 1402 1818 2341 2377 2392 2449 2544 2751 3612 3866 4212 4355 4394 4454 4538
569	38	276	28	748 1145 1234 1621 2045 2124 2269 2498 2707 2998 3065 3506 3589 3746 3748 3792 3840 3882 4411 4617 4816 4841
573	36	209	28	156 481 705 1087 1228 1557 1626 1790 2190 2583 2838 2864 2969 3463 3496 3621 3834 4326 4532 4543 4599
592	6	71	28	542 902 934 949 987 1676 1748 1796 1852 2119 2165 2380 2518 2954 2966 3673 3697 3798 3994 4281 4476 4499
593	39	207	28	390 409 884 1091 1124 1543 2012 2123 2160 2371 2505 2741 3319 3573 3657 3711 3716 3750 3842 4049 4436 4565
601	7	326	28	119 367 743 828 1288 1936 2075 2205 2239 2279 2374 2667 2727 2784 3119 3173 3259 3417 3675
604	10	287	28	584 660 772 961 1038 1096 1252 2062 2079 2362 2819 3008 3383 3456 3695 3756 4352 4393 4512 4631 4888
640	40	39	28	172 335 512 617 650 670 1095 1190 1511 1527 1923 2225 2296 2479 2705 3209 3654 3766 4034 4143 4438 4619 4750
642	31	77	28	34 276 770 974 1043 1159 1257 1628 1907 2664 2830 2965 3033 3085 3117 3122 3413 3471 3481 3502 4155 4917
644	27	219	28	254 330 543 762 1343 1348 1447 1955 2017 2313 2663 3626 3692 3715 3856 4021 4137 4259 4303 4339 4559 4851
653	4	143	28	278 674 1071 1508 1667 1755 1822 2434 2451 2537 2582 2645 2865 3297 3393 3702 3763 3859 4291 4974
661	11	142	28	122 228 351 1142 1183 1376 1560 2245 2849 2988 3059 3214 3351 3394 3531 3928 4052 4160 4295 4453 4581 4781 4789
667	5	303	28	74 124 983 1201 1247 1462 1776 2243 2466 2683 2761 2770 2789 3301 3517 4065 4257 4507 4574 4672 4931
669	30	360	28	56 93 364 375 642 666 677 1346 1493 2264 2272 2712 2946 2962 3151 3378 3822 4386 4400 4550 4644 4903
676	15	373	28	24 168 846 1171 1415 1657 1704 1935 1970 2395 2737 2817 2828 2909 2995 3027 3092 3106 3111 3245 3450 4176 4316
710	17	286	28	144 196 658 686 1059 1275 1278 1335 1390 1433 1576 1712 1932 2177 2333 2685 2701 3412 3594 3656 4102 4260
721	34	7	28	201 207 291 402 505 561 644 788 1756 1787 2041 2091 2211 2398 2826 2880 3013 3094 3181 3343 3476 3900 4124
745	33	236	28	31 583 832 1386 1500 1750 2096 2221 2263 2267 2882 3147 3514 3567 3575 3870 4029 4264 4376 4398 4576 4972
760	37	366	29	77 515 566 586 800 1189 1194 1251 1444 1517 1893 2644 2924 3025 3706 3796 3840 4181 4517 4600 4992 4998
3	18	225	28	67 94 286 802 810 1455 2603 2694 2841 2884 2891 3257 3415 3817 4027 4332 4595 4726
17	12	305	28	571 740 835 1313 1391 1394 1981 2048 2228 2299 2405 2464 3130 3477 4069 4110 4239 4360 4408 4478 4936
47	22	356	28	237 396 510 529 647 943 1101 1255 1423 1525 1820 1887 2407 2484 3305 3369 3598 3851 4035 4127 4915
51	19	178	28	54 163 775 1333 1761 1781 1966 1990 2265 2917 2960 3041 3238 3816 4032 4368 4412 4413 4491 4776
86	9	58	28	151 180 574 653 1053 1127 1144 1392 1467 1741 1759 1804 1954 2188 2237 2488 3056 3217 3322 4042 4350
87	32	122	28	480 852 947 1086 1834 1939 2053 2122 2134 2575 2936 3072 3797 3805 3875 3977 4067 4261 4701 4806 4848
88	35	52	28	27 451 664 924 1067 1362 1666 1943 2337 2428 2598 2805 3482 3507 3869 3953 4194 4329 4600 4865 4918
98	23	89	28	415 514 629 724 921 1027 1125 1205 1672 3062 3610 3952 4063 4066 4266 4498 4732 4756 4821 4905 4997
112	25	334	28	469 553 826 911 1421 1751 1859 2118 2214 2366 2489 2843 2983 3353 3462 3500 3600 4274 4827 4912
116	13	162	28	113 253 410 422 687 1147 1152 1300 1518 1754 2365 2676 2690 2875 2977 4019 4389 4479 4708 4877
134	1	208	28	428 688 866 907 1178 1287 1426 1651 1788 1905 1909 2010 2051 2346 2620 3387 3670 3897 3966 4714 4944
149	14	320	28	552 742 808 900 1219 1261 1594 1904 2208 2396 2443 2501 2822 3099 3205 3360 3498 3938 4078 4572 4881
157	26	318	28	91 255 257 602 709 794 1369 2184 2422 2531 2649 2720 2903 3035 3358 3486 4152 4165 4189 4254 4497 4941
158	21	33	28	141 356 1031 1149 1430 1709 1831 2011 2081 2137 3195 3275 3318 3568 3958 4202 4365 4460 4463 4860 4971
177	16	248	28	357 704 773 1051 1613 1624 1853 1883 2100 2768 2940 3081 3332 3980 4147 4213 4263 4723
192	29	31	29	303 434 679 746 815 886 958 1009 1188 2134 2217 2256 2278 2396 2534 2794 2879 3182 4564 4768 4812
193	8	171	29	92 124 129 247 459 1311 1400 1810 1948 2330 2707 2736 3153 3281 3481 3489 3577 3833 3937 4551 4590 4749
208	24	76	29	444 610 1236 1278 1380 1565 1579 1854 1915 2799 3050 3186 3263 3942 4007 4064 4488 4665 4853 4966
231	20	325	29	215 719 1164 1276 1755 1925 2203 2461 2463 2574 2974 3145 3149 3615 3693 4434 4439 4495 4663 4873 4901 4982
243	28	176	29	135 395 767 888 1074 1499 1597 1628 1699 2045 2720 2836 3246 3414 3821 3845 4035 4172 4411 4415
246	2	391	29	119 153 540 595 638 728 780 821 834 1267 1556 2344 2544 2967 2979 3244 3674 3679 4118 4535 4763
266	38	38	29	34 163 184 965 1268 1330 1343 1540 2004 2118 2594 2772 3169 3353 3589 3774 3779 3883 4011 4745 4948 4983
278	36	363	29	478 651 1396 1501 1535 1595 1647 2103 2251 2488 3075 3214 3766 4037 4080 4179 4248 4255 4571 4807 4829
321	6	113	29	154 162 558 732 855 1207 1747 1797 1821 1930 1962 1996 2142 2341 2606 2843 3206 3558 3683 3792 4343 4874
334	39	86	29	138 336 694 794 934 1332 1713 1730 2867 2922 3160 3273 3366 4069 4244 4420 4483 4526 4765 4920 4928
389	7	318	29	81 953 1249 1417 1622 1743 1869 2132 2505 2773 2934 3092 3402 3434 3522 3690 3748 3749 4166 4191 4386
403	10	199	29	185 361 1036 1081 1197 1369 1804 2364 2503 2835 2853 3375 3517 3526 3699 3850 4232 4308 4527 4838 4911 4935
429	40	114	29	470 737 819 938 1167 1288 1341 1491 1693 3175 3451 3524 3630 3871 4061 4214 4254 4262 4473 4945
438	31	278	29	41 405 814 1097 1173 2054 2117 2559 2804 2906 3052 3346 3825 3940 4003 4163 4279 4456
450	27	250	29	267 457 711 925 1337 1457 1782 2139 2370 2375 2577 2633 2939 3133 3611 4667 4795 4818 4899
454	4	69	29	3 143 352 587 624 840 1011 1281 1536 1637 1789 1850 1979 2076 2511 2717 3044 3105 3571 3573 4570 4813
466	11	238	29	57 168 214 337 440 650 1077 1320 1746 1770 1947 2188 2206 2455 2616 2887 3257 3669 3761 4282 4655
505	5	275	29	27 436 498 837 1388 1561 1706 1852 2302 2545 2878 3219 3253 3282 3634 3763 4182 4260 4290 4361 4518
507	30	218	29	60 70 151 240 306 510 593 703 829 1722 2413 2603 2976 3200 3480 3606 3610 3957 4430 4822
526	15	222	29	462 583 1381 2162 2194 2237 2715 3097 3131 3213 3574 3708 3835 3906 4224 4833 4898
527	3	171	30	293 439 441 988 1002 1007 1398 1407 1466 1570 2200 2260 2331 2560 2601 2889 2975 3754 3799 4564 4909
530	17	160	29	11 208 529 907 1033 1495 1559 1575 1945 1978 2078 2177 2523 3030 3031 3466 3639 3732 3827 4072 4212 4577
560	34	351	29	257 307 812 1135 1425 1683 2052 2084 2114 2137 2456 2663 3603 3616 3659 3930 3990 4294 4325 4614 4805
597	33	141	29	219 297 363 600 852 875 992 1122 1224 1239 1651 1737 1944 2019 2138 2592 2718 3425 3488 3651 3705 4150
607	18	336	29	21 313 314 782 906 1303 1329 1689 1750 1987 2097 2244 2840 2851 4217 4435 4451 4589 4714 4809
618	12	131	29	137 217 246 579 613 787 1150 1308 1382 2339 2639 2687 3349 3410 3447 3458 4931 4961
641	22	74	29	452 758 881 899 976 1642 1781 1907 2347 2700 3099 3297 3546 3596 3759 3877 3977 4203 4306 4548 4827
655	19	339	29	606 661 730 811 921 1465 1509 1538 1877 2198 2400 2588 2749 2813 3070 3309 3421 3744 3898 4083 4872
682	9	107	29	5 102 147 263 409 437 1328 1721 1790 2018 2107 2225 2726 3374 3511 3921 3960 4234 4358 4369 4693 4785
688	37	74	30	149 161 167 187 599 645 707 987 1167 1393 1601 2080 2159 2221 2581 2935 2946 3059 3832 4286 4789 4923
689	32	163	29	50 72 455 555 813 816 1142 1204 1327 2100 2338 2479 2877 3262 3464 3817 3908 4070 4112
693	35	235	29	774 1028 1061 1090 1387 1626 1766 1839 1875 2022 2395 2459 2470 2492 3555 3849 3901 4068 4195 4354 4843
700	23	144	29	38 140 158 344 349 1014 1634 1961 2065 2068 2178 2202 2474 2742 2937 3391 3452 3534 3646 3892 4950
702	25	271	29	112 1779 2365 2416 2469 2537 2554 3156 3271 3380 3417 3545 3579 3773 3790 3800 3889 4482 4930
730	13	49	29	126 288 524 936 981 1664 1938 2303 2307 2539 2982 3093 3492 3642 3927 3954 4018 4066 4472 4780 4964
744	1	237	29	312 453 1048 1133 1155 1223 1238 1613 1631 2210 2496 2693 2782 3283 3352 3947 4042 4449 4543 4835 4868
766	14	262	29	110 394 458 932 983 1035 1162 1695 1871 1903 2273 2423 2650 2654 4442 4507 4700 4722 4741 4790
779	26	254	29	32 912 1470 1742 1901 2494 2558 2710 2998 3124 3138 3176 3258 3264 3312 3718 3965 3973 4071 4167 4848
790	21	282	29	85 157 1215 1246 1297 1449 2109 2630 2911 2987 3027 3107 3228 3234 3340 3797 4010 4063 4123 4299 4440 4712
794	16	399	29	9 132 165 189 764 860 1682 1974 1992 2905 3190 3389 3556 3784 3951 4200 4211 4572 4612 4676 4892
10	29	395	30	22 41 354 399 495 1026 1487 1576 1683 1846 1913 2391 2576 2920 3317 3890 4110 4142 4199 4448
45	8	91	30	763 796 975 1216 1766 1882 2208 2556 2849 3194 3529 3541 3640 3727 3771 3964 4008 4370 4819 4841
46	24	238	30	404 493 1160 1166 1428 1489 2150 2186 2190 2307 3065 3293 3375 3786 4236 4328 4683 4864 4902
50	20	130	30	82 435 457 501 711 785 827 1754 2516 3136 3150 3190 3525 3677 4167 4282 4343 4460 4838 4994
63	28	365	30	54 155 1181 1545 1588 1661 2020 2207 2245 2416 2515 2829 2830 2944 2964 3546 3778 4206 4520 4584 4782
71	2	28	30	19 270 282 296 300 752 824 865 1579 2457 2804 2906 2968 3269 3811 3972 4270 4651 4652 4713
122	38	82	30	97 265 275 428 1310 1649 2468 2869 3125 3176 3592 3604 3776 3878 3910 4252 4444 4643 4648 4966
137	36	397	30	131 136 411 572 622 713 801 1193 1359 2104 2476 2499 2651 3039 3231 3438 3557 3674 3826 4924
141	6	330	30	397 465 638 1086 1354 2093 2153 2593 2769 2776 3004 3620 3659 3885 4029 4174 4410 4530
150	39	167	30	382 702 842 1552 1692 2066 2473 2893 2984 3200 3416 3464 3481 3654 4069 4107 4114 4390 4678 4814 4941
161	7	148	30	78 91 238 250 328 332 527 1032 1060 1118 1433 1517 1807 2637 3147 3857 4044 4258 4379 4749 4953
178	10	103	30	17 169 499 623 841 890 896 926 1073 1083 1285 1377 1997 2785 3084 3538 3753 3848 4531 4532
187	40	35	30	471 488 660 829 1207 1416 1664 1688 2152 2547 2905 3009 3548 3576 3594 4446 4598 4815
201	31	389	30	143 637 717 952 985 1034 1174 1178 1271 1811 1910 1927 2111 2424 2684 3179 3470 3864 4717 4762
217	27	119	30	32 324 440 782 873 966 1101 2139 2460 2495 2504 3118 3205 3637 3934 4074 4619 4741 4907 4919
226	4	65	30	277 353 362 387 641 1473 1966 2015 2296 2530 2566 3847 3907 3949 4058 4284 4727 4811 4849 4892
232	11	284	30	732 928 1642 1768 1886 2367 2464 2627 3146 3367 3473 3781 4179 4319 4371
270	5	99	30	433 631 716 1532 1535 1615 1800 1948 2282 2454 2960 3088 3374 3733 3902 4040 4311 4501 4574 4827 4882
286	30	164	30	601 944 1020 1182 1291 1321 1580 1808 2002 2439 2561 2571 2709 3215 3225 3531 4631 4948
296	15	355	30	210 486 822 978 1112 1958 2008 2042 2277 2650 3086 3201 3333 3852 3901 3990 4355 4582 4666 4686
298	17	113	30	256 406 564 675 700 764 909 954 1110 1240 1884 1988 2726 2981 3492 3497 3905 3996 4562
308	34	81	30	11 96 123 451 809 900 1639 1801 1928 2003 2201 2342 2840 2870 3258 3316 4192 4462 4537 4566
368	33	317	30	134 140 349 421 437 961 1105 1231 1629 2011 2222 2312 2988 3963 4014 4640 4868 4925
399	18	217	30	174 340 341 1268 1457 1460 1700 2777 2846 3189 3207 3807 4437 4539 4579
402	12	246	30	64 569 953 1075 1133 1434 1456 1676 1711 1929 2413 2562 3250 3335 3657 4202 4348 4719 4947
441	22	341	30	138 227 788 1019 1079 1452 1461 1611 1869 2220 2751 2797 2922 3018 3505 4251 4253 4372 4504 4767 4768
446	19	69	30	116 410 476 956 1439 1658 1740 1989 2046 2276 3930 3985 4190 4573 4653 4662 4688 4791 4833 4936 4974
447	9	190	30	311 376 676 806 899 1445 1462 1469 1736 1810 2225 3037 3162 3862 4033 4109 4217 4235 4634 4830
452	32	233	30	319 646 708 792 847 997 1480 1515 1853 2043 2136 2357 2483 3400 3748 3854 4637 4729 4870 4897
458	35	206	30	165 723 863 984 1322 1856 2022 2030 2069 2194 2712 3274 3325 3547 3588 3690 4211 4214 4608 4621
462	23	194	30	152 347 477 597 682 1413 1437 1792 1861 2315 2328 2341 2887 3351 4003 4045 4076 4215 4601 4709
503	25	274	30	99 200 506 640 965 1270 1690 1833 2466 2589 3123 3290 3398 3512 4023 4369 4486 4595 4716 4873 4933
504	13	315	30	268 659 838 1206 1581 1708 1780 1938 1970 2394 2640 3504 3795 4041 4288 4332 4365 4787 4820 4871
533	1	212	30	6 517 773 1568 1874 2101 2595 2618 2678 2692 2810 3014 3348 3381 3768 4007 4798 4881 4928
538	14	251	30	483 907 1092 1395 1511 1614 1921 1965 2028 2366 2536 2548 2673 2994 3077 3279 3587 3912 4229 4615 4900
600	26	349	30	48 52 586 661 755 938 1338 1352 1936 2092 2529 2629 3052 3365 3628 3658 4051 4402 4556 4732
602	21	118	30	427 513 1172 1221 1388 2540 2563 2720 3035 3188 3306 3405 3609 3769 3784 4056 4779 4876
613	16	260	30	274 644 662 673 922 1143 1589 1635 1924 2721 2744 3007 3152 3310 3350 3612 3888 4193 4347 4627
616	3	45	27	381 472 823 838 878 1313 1525 1567 1634 1758 2089 2349 2953 3207 3220 3464 3721 4231 4496
619	3	308	25	298 598 616 907 1203 1212 1220 1641 1700 1926 2387 2723 3008 3324 3359 4239 4280 4442 4847 4885 4949
637	3	367	23	665 1082 1184 1314 1563 1588 1864 2008 2553 2591 2721 3095 3254 3632 3964 4205 4512 4515 4644 4743 4843
664	3	381	21	99 554 827 882 972 1267 1574 1794 2394 2398 2561 2633 2689 3019 3268 3601 3846 4433 4473 4961
671	3	191	19	319 357 373 523 729 737 1196 1414 1876 1879 1927 1932 2273 2431 3039 3634 3672 3675 3892 4309
691	3	179	17	1398 1428 1539 1955 2035 2138 2143 2226 3101 3149 3248 3448 3635 3939 4096 4130 4192 4466 4658 4895
703	3	90	15	305 352 590 624 690 1480 1659 1744 1867 2055 2209 2495 2525 2549 3075 3614 3618 3740 4353 4599 4925
728	3	390	13	50 211 409 700 743 821 1077 1144 1337 1558 1803 2202 2354 2462 2645 3555 4074 4306 4379 4448 4786
763	3	230	11	316 377 768 1070 1216 1223 1296 1784 2125 2473 2567 3060 3222 3486 3853 3889 4638 4730 4891 4920 4962
770	3	31	9	205 359 400 419 428 499 690 1129 1159 1744 1777 1841 2687 3024 3192 3235 3472 4425 4784 4800 4934
780	3	269	7	541 558 565 715 731 1088 1875 1949 2027 2412 2500 2646 2857 2895 2956 3256 3265 3641 3879 4637 4692
785	3	282	5	30 607 790 1291 1386 1782 1868 2191 2329 2552 2879 2920 3063 3683 3812 3948 4378 4397 4648 4699 4921
789	3	125	3	220 782 792 843 1211 1220 1959 2618 3038 3115 3350 3471 3653 3720 3970 4030 4118 4163 4490 4562 4903
795	3	345	1	290 334 345 697 820 1007 1242 1524 1735 1738 1883 1896 2108 2616 2786 2852 3556 3967 4253 4423 4961
38	37	4	27	6 414 642 855 1055 1152 1185 1365 1568 2808 2874 2924 3058 3238 3393 3799 4258 4325 4360 4693
79	37	52	25	241 393 664 691 693 717 973 1009 1128 2040 2084 2288 2845 2956 3356 3619 3971 4084 4206 4366
92	37	320	23	150 568 694 1240 1284 1950 1980 2392 2556 2669 3194 3340 3455 3805 4248 4432 4462 4714 4959
97	37	149	21	58 253 940 1037 1221 2103 2111 2147 2530 3279 3880 3951 3991 4013 4031 4095 4184 4550 4680 4919
124	37	344	19	5 76 92 467 503 577 715 774 950 1163 1477 1906 2382 2523 3820 4222 4313 4444 4593 4858
151	37	368	17	141 223 509 675 1044 1079 1680 1772 1822 2278 2483 2518 2532 2627 2907 3326 3427 3454 4594 4861
165	37	359	15	501 733 797 1050 1194 1317 1431 1985 2028 2438 2743 3341 3407 3642 3869 3960 4038 4511 4542 4810
171	37	35	13	115 779 819 1100 1249 2034 2235 2597 2744 2846 3208 3802 3889 3981 4086 4443 4459 4715 4759
175	37	60	11	31 959 991 1139 1194 1478 2052 2055 2231 2253 2782 2901 3027 3286 3668 4314 4367 4441 4607 4973
180	37	336	9	594 943 995 1339 1876 1911 2008 2126 2160 2285 2722 3056 3488 3556 3722 3855 3911 4168 4477 4870
189	37	184	7	156 739 971 1093 1357 1522 1614 1783 2319 2776 2891 3075 3418 3449 3614 3832 4024 4139 4548 4764
200	37	100	5	12 306 456 590 616 1205 1378 1587 2272 2273 2803 2917 2948 2983 3132 3435 3469 4128 4238
203	37	139	3	237 365 761 1498 1533 1722 1809 2014 2259 2647 2986 3032 3457 3633 3707 3818 4410 4729 4779 4980
205	37	292	1	97 774 1239 1979 2015 2263 2605 2688 2779 3009 3060 3091 3188 3301 3319 3459 3558 3732 4205 4308
241	29	248	27	344 361 681 1467 1571 1737 1788 1905 2040 2382 2634 2671 2729 2917 3183 3912 4112 4412 4648 4662
245	29	285	25	182 810 1388 1442 1465 1801 2035 2517 2522 2557 2590 2900 2979 3424 3678 3861 3914 4099 4153 4485
287	29	174	23	218 364 423 816 1451 1454 1513 1609 1921 1951 2165 2628 2739 3574 3751 4094 4353 4418 4503 4661
290	29	88	21	608 729 881 925 1002 1836 1952 1956 2205 2309 2550 2833 2988 3129 3276 3440 3949 4097 4561 4856
292	29	164	19	361 392 455 1421 2320 2336 2451 2617 2623 2865 3104 3114 3127 3140 3566 3579 3912 3981 4039 4752
302	29	310	17	38 189 213 327 505 811 975 1012 1434 1499 2120 2312 2662 2746 3537 3726 3730 4291 4883
303	29	96	15	387 430 545 724 836 1114 1191 1243 1478 1806 1943 2458 3087 3240 3472 3513 3885 4310 4863 4992
306	29	136	13	45 82 137 252 645 693 1085 1436 1555 1670 2529 2755 2855 3370 4108 4203 4389 4513 4635 4720
307	29	13	11	39 166 211 294 678 805 1043 1858 1865 1883 1946 2135 2232 2948 3715 3993 4088 4250 4446 4681
311	29	202	9	316 322 916 928 981 1122 1513 1530 1648 1929 2259 2802 3163 3167 4159 4309 4486 4633 4777
336	29	132	7	175 389 526 652 941 1352 1504 1772 1912 2064 2236 2246 2445 2653 3190 3267 3333 3385 3987 3995
360	29	245	5	99 148 667 682 733 1091 1209 1283 1570 2411 2610 2715 2829 2845 3108 3802 4207 4252 4555
363	29	9	3	472 528 538 652 681 922 1147 1170 1549 1551 1569 1955 1990 2038 2341 2663 3294 4085 4167 4865
386	29	7	1	12 58 276 522 1316 1682 1695 2107 2109 2314 2658 3248 3899 3997 4081 4266 4507 4628 4980
407	8	109	27	212 345 369 438 538 610 885 1099 1271 1480 1490 1606 1795 2268 2417 3848 4468 4553 4604 4633
444	8	394	25	816 939 1402 2187 2482 2570 2653 2898 2954 3046 3387 3833 4008 4124 4217 4290 4414 4773 4861
487	8	132	23	55 225 1368 1440 1618 2752 2859 2869 3003 3029 3098 3920 4154 4204 4266 4434 4566 4650 4826
552	8	68	21	302 427 622 754 771 1062 1362 1387 1472 1626 1926 1944 2356 2607 3118 3131 3261 3819 3983 4304
554	8	124	19	80 145 209 530 648 843 1171 2374 2819 3038 3044 3150 3228 3733 3999 4355 4556 4605 4943 4948
578	8	219	17	2 331 395 458 576 654 923 1142 2390 2444 2765 3403 3560 3666 4263 4402 4414 4772 4884
580	8	95	15	93 155 315 343 676 736 973 1305 1421 1443 1656 1940 2124 2987 3533 3612 3622 3701 3791 4445
610	8	24	13	19 249 343 464 1080 1148 1235 1560 1813 1922 2320 2619 2726 2843 3101 3263 3528 4034 4494 4950
647	8	279	11	201 226 239 342 766 1230 1420 1597 2440 2475 2531 2584 3412 3481 3495 3522 3754 4341 4798
657	8	290	9	626 1200 1318 1802 1807 1829 2146 2811 3018 3110 3286 3552 3767 3852 4220 4495 4504 4583 4602 4755
658	8	290	7	385 727 937 1005 1170 1287 1390 1408 3302 3478 3891 3902 4055 4056 4101 4107 4323 4366 4894 4965
677	8	191	5	62 416 696 1166 1202 1379 1484 1489 2265 2330 2735 2947 3285 3693 3858 4024 4105 4655 4761 4997
685	8	71	3	211 634 751 1117 1253 1372 1819 1859 1909 2155 2746 3440 3858 3996 4091 4181 4343 4602 4792 4835
687	8	240	1	204 359 584 608 641 1039 1253 1323 1473 1509 1558 1575 2724 3363 3465 3617 4271 4578 4869
742	24	353	27	253 377 421 786 874 1469 1506 1906 2084 2441 2611 2734 3088 3479 3918 3967 4082 4396 4497
782	24	97	25	117 118 596 959 1213 1245 1301 1344 1348 1390 1582 2243 2624 3163 3376 3541 3943 4246 4287 4782
787	24	45	23	506 918 1061 1230 1501 2147 2283 2404 2698 3034 3058 3618 3642 3745 3746 3867 4057 4348 4730 4875
797	24	116	21	202 271 1173 1312 1338 1393 1890 2339 2389 2480 2612 2996 3023 3067 3452 3706 4198 4411 4882 4996
800	24	313	19	264 689 778 957 1258 1453 1522 1868 2124 2255 2335 2794 2816 3011 3099 3206 3384 3854 4376 4589
31	24	297	17	67 758 825 1024 1063 1096 1149 1281 1294 1411 2189 2211 2254 2310 2942 4024 4378 4555 4642
65	24	378	15	106 609 649 668 1041 1159 1186 1267 1359 1488 1684 2308 2748 3305 3769 3932 4780 4893
91	24	357	13	513 626 709 744 855 1318 1715 1960 1966 2769 2943 3187 3508 3542 4112 4276 4477 4826
130	24	198	11	214 825 1231 1513 1632 1654 2054 2180 2247 2258 2630 3338 3392 3480 3697 3925 3988 4339 4463
204	24	41	9	320 466 472 1012 1262 1327 1574 2733 2838 2871 3078 3262 3439 3536 3692 4092 4317 4660 4718
253	24	18	7	889 1168 1364 1536 2388 2406 2563 2647 2733 2889 2971 3096 3552 3578 3665 3707 4367 4939
338	24	323	5	94 625 813 993 1429 1505 1721 2356 2699 2763 2787 3423 3555 3711 3832 3941 4061 4823 4969
340	24	226	3	848 1297 1375 1438 2269 2400 2426 2728 2769 2794 2820 2965 3499 3823 4090 4319 4610 4993
362	24	190	1	321 501 580 1518 2150 2250 2521 2591 2797 3159 3171 3563 4002 4091 4370 4532 4847
384	20	187	27	9 40 164 215 387 417 628 903 917 1424 1836 2031 2096 2397 2800 3076 3498 3955 4800
413	20	146	25	59 105 911 1607 1624 2095 2318 2701 3156 3685 4009 4086 4380 4428 4551 4594 4797 4855 4954
455	20	152	23	153 424 757 877 913 1263 1429 1757 2149 2422 2663 2840 3636 3644 4406 4426 4547 4688 4978
516	20	276	21	40 449 871 887 1047 1099 1361 1812 2044 2481 2608 2981 3061 3202 3414 3582 4124 4132 4912
545	20	232	19	40 522 815 1039 1088 1594 1723 2590 2772 3037 3426 3510 3620 3783 3940 4302 4775 4911
675	20	303	17	145 230 563 647 742 1420 1439 1621 1673 1675 2002 3719 3737 3770 3773 3893 3966 4489
698	20	218	15	249 285 319 956 1184 1455 1481 1669 2302 2560 2611 3007 3076 3193 3714 3780 4048 4232 4753
706	20	42	13	58 703 780 986 1538 1825 1934 2059 2514 2544 2876 2878 3000 3064 3735 3856 4548 4568 4576
709	20	262	11	75 193 327 341 544 1307 1430 1602 2452 2798 2855 2914 3218 3608 3627 3719 4142 4653 4800
723	20	354	9	366 692 874 935 1656 1705 1764 1832 2227 2405 2497 2855 3219 3477 3870 4017 4310 4770 4787
750	20	328	7	147 1296 1395 1422 1567 1710 1728 1767 1908 1971 2023 2625 2865 2896 2897 3064 3593 4180 4696
751	20	382	5	413 547 857 1015 1405 1574 1582 1769 2087 2568 3033 3159 3248 3663 3905 4254 4441 4728 4877
752	20	138	3	655 669 1280 1300 1835 1961 3129 3298 3371 3598 3599 3673 4013 4076 4177 4375 4406 4464 4894
67	20	37	1	2 206 267 409 420 525 761 1434 1653 1785 2430 2714 2929 3034 4158 4178 4810 4883
68	28	351	27	412 534 811 1018 1045 1732 1780 1969 2075 2596 3264 3295 3310 3409 3677 4270 4452 4915
100	28	155	25	14 110 669 958 1012 1049 1119 1311 1494 2126 2299 2535 2844 2906 3585 4017 4767 4816
162	28	168	23	515 777 824 1211 1265 1358 1537 1585 2021 2388 2667 2872 2916 3269 4265 4440 4466 4896
166	28	365	21	35 255 438 441 599 1005 1176 1302 1471 1551 1839 2006 2007 2241 2302 2699 2767 4465
212	28	370	19	79 142 168 366 486 915 1687 1819 2299 3110 3688 3923 4170 4240 4323 4360 4559 4919
213	28	359	17	704 1520 1616 1718 2103 2542 2723 3052 3073 3093 3636 3951 4075 4118 4208 4231 4285
216	28	79	15	61 71 714 916 1051 1128 1235 1389 1551 1766 2085 2720 2774 2984 3396 3643 4802 4957
222	28	302	13	104 170 192 380 704 706 927 1820 1860 1896 2126 2707 2713 2899 3275 3294 3783 4807
230	28	368	11	80 135 672 712 1397 1714 2169 2304 2323 2977 3599 3655 3823 4152 4274 4384 4981
257	28	291	9	13 283 687 1296 1470 1643 1702 1913 2240 2358 2419 2429 2975 3446 3988 4219 4269 4417
291	28	33	7	276 545 548 1139 2179 2264 2650 2680 3091 3172 3212 3311 3772 3921 4194 4279 4907 5000
337	28	93	5	183 321 1080 1553 1967 2074 2251 3054 3255 3548 3624 3637 3962 4226 4308 4922 4960 4989
365	28	6	3	213 413 550 817 1152 1236 1254 1332 1522 1841 1902 2067 2310 2649 2827 3139 3147 3943
367	28	50	1	182 298 310 874 1184 2049 2056 2158 2484 2500 2572 2803 3676 3758 3921 4119 4145
383	2	14	27	355 514 654 672 1394 1687 1891 2238 2353 2740 2854 2963 3067 3578 3594 3747 3834 4101
387	2	374	25	290 429 791 872 1197 1757 2314 2373 2580 2918 3066 3256 3348 3881 4149 4281 4511 4577
406	2	270	23	267 306 569 726 861 1098 1122 1160 2071 2129 2242 2324 2682 2722 3335 3483 4381 4736
421	2	117	21	173 479 533 696 807 1161 1350 1701 2735 2807 2950 2957 3356 3746 3772 4522 4808 4971
456	2	386	19	325 451 519 727 862 1029 1386 1682 1713 1917 2300 2793 2864 2933 3156 3697 4065 4986
477	2	244	17	466 476 804 886 1290 1542 1813 2315 2389 2634 3058 3220 3687 4136 4275 4549 4927 4959
514	2	127	15	357 575 621 783 1319 1377 1525 1683 1720 2369 2844 3292 3660 3768 3849 3984 4431 4625
539	2	47	13	147 175 734 746 1094 1237 1403 1557 1619 1951 2099 2319 2399 3113 4403 4682 4788 4832
553	2	23	11	487 706 857 1179 1441 1676 1968 2747 3087 3535 3551 3788 3933 4240 4283 4424 4453 4707
561	2	268	9	155 355 959 1034 1157 1350 1707 2018 2099 2627 3132 3736 4445 4500 4533 4564 4746
577	2	80	7	78 149 235 255 335 1148 1277 1697 1740 1755 2159 2613 2853 3092 3911 4560 4783
589	2	135	5	353 379 962 1567 1902 2148 2378 2733 2817 2850 2911 3058 3339 3509 3629 3738 4880
596	2	87	3	268 286 420 757 764 1215 1805 2174 2433 2736 2997 3084 3218 3519 4075 4131 4312 4628
623	2	283	1	207 211 404 1108 1139 1200 1648 2155 2794 2831 3037 3338 3816 4241 4560 4748 4874 4878
720	38	210	27	61 424 457 474 623 1233 1653 2504 2678 2696 2724 3506 4026 4290 4358 4448 4582 4836
724	38	100	25	98 247 850 1055 1067 1277 1338 1357 1483 1636 2057 2814 3244 3615 3941 4358 4677
798	38	110	23	485 931 999 1174 1306 2106 2641 2908 3214 3656 3699 3757 3812 4081 4233 4651 4712 4914
1	38	22	21	397 657 862 1665 1987 2925 3119 3617 3679 3722 3856 4173 4349 4428 4623 4915 4982
32	38	144	19	2 150 454 670 831 1315 1446 1489 1685 1811 1988 1997 2029 2038 2799 3159 4596
55	38	293	17	369 450 519 632 1285 1335 1674 1832 2194 2424 3304 3916 4309 4603 4690 4719 4740
94	38	252	15	185 275 391 547 643 671 2020 2297 2602 2662 2701 3143 3580 3715 3814 4288
135	38	81	13	383 520 803 1325 1439 1971 2212 2234 2804 3392 3504 3526 3613 3811 3881 4307 4620
215	38	135	11	94 309 508 640 648 1325 1814 2280 2458 2490 2899 2973 3473 3606 3764 3973 4735
249	38	255	9	81 527 807 812 966 1027 1059 1062 1501 1652 1975 2205 2401 2577 2582 3997 4525
425	38	212	7	897 961 1336 1412 1419 1421 1449 1467 2257 2882 3484 3744 3810 3913 4064 4457 4659
493	38	5	5	442 1826 1857 1942 2161 2476 2508 2980 2986 3667 3834 3842 3918 4185 4484 4910
555	38	174	3	1269 1694 1792 2015 2307 2394 2454 2490 2686 3219 3224 3370 3778 3872 4050 4458
594	38	122	1	740 856 1018 1023 1650 2151 2186 2613 2749 2823 3503 3687 3860 4219 4779 4859 4921
621	36	48	27	109 126 639 831 1594 2340 2502 2739 2778 2830 2857 3700 4201 4249 4296 4614 4690
639	36	216	25	28 201 352 719 1272 2343 3080 3207 3469 3550 3621 3940 4223 4794 4913
694	36	23	23	82 149 435 475 509 859 934 946 1001 2093 2316 2376 2717 3519 3641 4777 4915
741	36	261	21	30 114 1256 1468 1547 1615 1669 2325 3320 3353 3492 4494 4533 4678 4844
15	36	277	19	346 701 839 1146 1223 1633 2709 2711 2759 3165 3170 3429 3712 4461 4734 4887
42	36	106	17	163 278 300 422 596 942 1056 1690 2033 2157 2283 2358 2610 3742 3799 4049
345	36	186	15	159 443 1029 1479 1483 1896 2250 2284 2805 2887 3440 3487 3571 3736 3950 4165
358	36	20	13	3 301 669 1165 1266 1320 1482 1526 1871 2083 2679 3344 3604 4350 4891 4975
392	36	104	11	337 503 707 1249 1610 1691 1999 2708 2778 3116 3167 3433 3441 3882 4301 4503
432	36	295	9	373 426 990 1132 1214 1351 1818 2690 2930 3665 3687 3812 3840 4007 4519 4831
482	36	48	7	172 427 581 758 1100 1534 1618 2060 2331 2380 2395 2507 2514 3619 4236 4665
492	36	192	5	317 489 1224 1233 1779 1939 3096 3139 3178 3335 3625 3797 4475 4613 4742 4847
584	36	55	3	1 290 314 531 1259 1585 1789 1798 2080 3331 3339 4195 4218 4544 4737 4914
717	36	46	1	301 769 1196 1528 1578 1762 1793 2125 3359 3805 3806 4018 4235 4285 4529 4694
105	6	54	27	448 988 1006 1761 2036 2090 2379 2474 3288 3405 3520 3566 4778 4862
172	6	8	25	44 202 866 1923 2128 2470 2475 2853 3206 3523 3739 3779 4517 4821 4977
255	6	59	23	129 472 567 1657 2143 2330 2514 2953 3292 3429 3534 3543 4680 4727 4903
295	6	353	21	1347 1642 2204 2267 2588 2718 2732 2918 3177 3236 3251 3253 3338 3919 4447
300	6	134	19	256 432 470 952 1110 1356 1449 1497 1721 2080 2083 2442 2905 3530 3589
443	6	257	17	728 1021 1145 1537 1710 2081 2277 2428 3025 3066 3972 4072 4133 4634 4702
598	6	58	15	735 750 1164 1514 1782 1904 2385 2992 3055 4187 4304 4321 4331 4811
683	6	150	13	258 804 805 1197 1274 1276 2387 2600 3068 3254 3355 4084 4197 4246 4427
701	6	298	11	83 157 718 756 1044 1863 2442 2588 3196 3294 3712 4070 4153 4268 4403
758	6	364	9	71 1065 1963 2299 2410 2506 2622 3101 3857 3934 4055 4251 4307 4768 4893
793	6	350	7	195 351 383 404 925 1192 1290 1593 1871 2632 2980 3468 3873 4218 4973
148	6	241	5	626 649 661 1927 1941 2024 2050 2566 3165 3510 4302 4474 4508 4652
769	6	195	3	897 1604 1720 2446 2703 2790 3293 3443 3558 3724 4070 4478 4525 4990
33	6	378	1	232 361 744 1887 1992 2702 2861 3592 3666 4483 4663 4711 4901
271	39	20	27	398 445 1127 1374 1734 2337 2488 2901 3021 3085 3245 3602 4356
344	39	180	25	83 567 957 1204 1325 1775 2240 2476 2940 3048 3637 4473 4941
548	39	183	23	245 425 1621 1665 1900 1976 2659 3312 3347 3371 3470 3658 4792
649	39	64	21	300 1038 1389 1634 2628 3457 3786 3904 4035 4298 4350 4875 4881
772	39	279	19	830 1131 2375 2957 3049 3141 3242 3513 4353 4413 4573 4908 4983
49	39	56	17	131 445 529 1560 1597 1731 3228 3358 3391 3582 3987 4851
