Course	Room	Teacher	Time	Students
747	26	260	2	193 249 299 667 804 831 901 1287 1358 1422 1561 1906 2029 2163 2197 2233 2283 2582 2745 2747 2839 3012 3039 3207 3305 3323 3333 3434 3454 3505 3556 3852 3897 3898 4006 4291 4505 4776 4784 4962
411	21	85	2	88 209 411 455 589 639 652 805 841 1156 1157 1233 1361 1419 1519 1540 1980 2080 2297 2358 2382 2416 2485 2504 2514 2612 2731 2951 3130 3361 3979 3996 4046 4048 4056 4355 4457 4591 4710 4836 4974
537	23	98	2	231 341 413 508 524 542 553 661 691 774 894 916 1255 1288 1382 1462 1521 1582 1696 1871 2129 2281 2646 2751 2902 3092 3255 3584 4247 4368 4707 4766 4793 4860 4865 4980
699	5	80	2	132 285 468 506 550 730 1016 1229 1265 1505 1533 1712 1749 1916 1987 2113 2152 2162 2254 2579 3008 3225 3371 3378 3500 3786 3817 4013 4217 4268 4286 4458 4551 4808 4896 4923
396	25	174	2	277 407 673 889 980 1063 1119 1204 1588 1776 1835 1848 2306 2360 2508 2720 3079 3490 3685 3707 3752 3805 3862 3867 3963 4053 4089 4129 4435 4509 4624 4683 4887 4940
244	34	347	2	31 38 80 174 230 351 480 540 618 636 801 811 1362 1779 2012 2570 2574 2605 2711 2862 2941 2999 3129 3196 3640 4070 4172 4409 4460 4536 4587 4848
259	19	303	2	103 496 670 754 763 992 1084 1174 1279 1394 1613 1669 1824 1827 1846 1910 2024 2033 2298 2525 2531 2569 2826 3064 3249 3654 3668 3804 4023 4078 4110 4290 4361 4603 4705 4982
262	39	136	2	435 460 462 501 742 853 913 1069 1200 1228 1492 1502 1516 1729 1801 1857 2097 2328 2666 2860 2897 2922 2964 2983 3187 3342 3466 3573 3585 3614 4055 4292 4788 4846 4852
474	30	202	2	96 161 439 587 659 907 1135 1154 1317 1420 1427 1475 1813 1844 2003 2128 2874 2901 3049 3150 3306 3395 3450 3470 3530 3590 3651 3673 3675 3682 3930 4034 4126 4231 4299 4889
552	32	253	2	64 196 219 307 360 412 563 648 692 846 1616 1904 1915 2005 2122 2144 2380 2727 2750 2754 3330 3416 3547 3624 3864 4131 4185 4329 4478 4560 4567 4749 4764
661	17	162	2	84 459 734 872 1080 1424 1482 1586 1948 1993 2034 2153 2343 2707 2767 2783 3075 3118 3331 3337 3400 3704 3725 3908 3923 4098 4169 4282 4724 4755 4916 4929 4986
759	22	364	2	393 601 614 762 858 958 986 1007 1115 1338 1443 1543 1558 1575 1744 2070 2240 2255 2982 3023 3209 3231 3241 3519 3676 3721 3784 4017 4066 4444 4568
25	8	354	2	45 339 769 1036 1176 1829 1849 1911 2027 2191 2206 2586 2588 2713 2804 2840 2870 3798 3890 3965 3970 4236 4362 4462 4521 4626 4778 4806 4842
117	37	310	2	159 166 476 557 674 1012 1096 1504 1528 1562 1783 2213 2219 2249 2687 2830 3121 3713 3778 3855 3933 4085 4086 4143 4335 4392 4403 4430 4465 4611 4839
322	13	191	2	65 297 503 1025 1820 2031 2084 2123 2362 2430 2455 2493 2610 2737 2782 2813 2891 2933 3055 3066 3070 3262 3388 3389 3780 3801 4021 4042 4257 4332 4452 4526 4910
436	31	73	2	186 293 310 1500 1530 1583 1818 2312 2694 2740 3267 3289 3429 3451 3468 3554 3559 3663 3694 3715 3772 3865 4044 4123 4166 4168 4264 4498 4646 4657 4744 4906
441	29	289	2	47 77 104 136 541 554 849 1140 1195 1340 1444 1784 1876 1964 2035 2062 2433 2520 2696 2900 3068 3109 3142 3178 3410 3438 3501 3843 3943 4475 4729 4800 4897
473	12	122	2	41 147 262 633 823 844 896 1051 1100 1137 1182 1307 1341 1676 2017 2143 2479 2528 2589 2617 2626 2785 3136 3186 3256 3453 3489 3950 4071 4115 4127 4965
485	4	298	2	349 635 764 783 793 1005 1370 1662 1748 1755 1974 1995 2267 2501 2642 2675 2732 2918 3293 3295 3457 3567 3750 3782 3823 3873 3882 4309 4311 4486 4502 4676 4959
732	20	333	2	46 110 237 241 301 326 532 650 818 871 976 1078 1184 1333 1891 2101 2119 2522 2622 2669 3526 3564 3670 3672 3716 3845 3913 3936 4103 4377 4425 4437 4589 4920
32	35	83	2	56 157 194 205 208 321 380 702 746 903 975 1465 1506 1897 1925 2074 2285 2288 2562 3096 3126 3469 3802 3806 3816 4005 4059 4136 4314 4406 4514 4629 4832
209	1	168	2	287 504 768 1006 1064 1101 1151 1169 1248 1486 1517 1553 1863 2202 2448 2909 2997 3037 3102 3132 3399 3998 4302 4420 4548 4562 4704 4751 4853
518	11	108	2	180 276 309 465 475 552 703 720 952 1030 1311 1387 1490 1514 1668 1870 1923 2063 2073 2458 2545 3270 3281 3479 3546 3764 4011 4155 4280 4546 4677
526	18	308	2	127 571 622 715 1425 1632 1674 1928 2133 2317 2609 2808 2934 2949 3014 3080 3588 3736 3788 3791 4230 4293 4396 4424 4553 4584 4599 4613 4623 4891 4970
559	38	71	2	26 438 735 1059 1149 1172 1251 1335 1471 1581 1597 1826 1924 2025 2138 2251 2650 2699 2741 2863 2930 2977 3149 3406 3738 3899 4197 4397 4669
769	36	111	2	150 443 586 591 728 1029 1166 1386 1390 1532 1645 1675 1738 1823 2158 2513 2889 3195 3338 3356 3367 3432 3448 3461 3625 3732 4114 4254 4379 4529 4972
30	3	23	2	78 227 330 419 452 753 970 1145 1210 1337 1718 1777 1825 2000 2015 2200 2386 2446 3072 3215 3232 3292 3521 3696 3755 4050 4701 4760 4911 4939
40	6	201	2	268 329 1160 1417 1433 1510 1546 1760 2026 2065 2345 2668 2691 2734 2784 2896 2914 2920 3016 3152 3240 3266 3352 3568 3758 3938 4067 4079 4120 4167 4410 4964
143	27	379	2	228 229 259 264 269 565 612 724 959 1262 1291 1304 1402 1448 1488 1601 2037 2387 2639 2748 2829 2932 3004 3005 3398 3465 3540 3569 3633 3641 4162 4470 4644 4880
185	9	369	2	251 364 534 744 988 1214 1261 1363 1511 1715 1772 1853 1929 2179 2220 2795 2835 2844 2994 3083 3278 3307 3441 3522 3734 3990 4232 4555 4564 4715 4902 4919 4928
207	10	370	2	14 34 164 200 257 408 722 770 857 938 971 1039 1047 1085 1163 1240 1658 1858 1939 2526 2715 2893 2954 2981 3358 3714 3841 3952 4221 4233 4461 4826
252	40	74	2	12 92 143 643 1076 1298 1806 1821 1864 1868 2238 2388 2533 2728 2919 3010 3069 3246 3572 3659 3690 4030 4248 4328 4348 4391 4427 4737 4777
274	28	77	2	163 216 286 359 409 881 1258 1278 1446 1478 1893 2110 2124 2309 2598 3101 3408 3421 3492 3650 3767 3850 4018 4027 4273 4387 4456 4641 4675 4679 4973 4984
291	2	93	2	142 425 578 631 799 1199 1238 1329 1455 1541 1799 1892 1927 2069 2260 2517 3157 3226 3603 3621 3692 3702 3912 3948 3949 4095 4133 4440 4535 4758 4763 4803
328	33	139	2	68 85 217 389 481 537 1141 1208 1281 1327 1525 1691 1721 1746 2313 2428 2429 2559 2729 3228 3236 3250 3427 3591 3983 4083 4265 4501 4703
355	14	209	2	120 232 318 377 624 653 1271 2099 2350 2357 2841 2868 3038 3173 3314 3328 3599 3606 3630 3869 3959 3991 4108 4200 4238 4482 4563 4597 4864 4894 4969
439	16	345	2	89 138 311 367 378 866 974 1090 1359 1695 1935 2342 2377 2481 2578 2683 2921 3045 3203 3205 3632 3760 3940 4181 4607 4633 4652 4690 4702 4834 4981
470	15	273	2	61 72 190 415 512 575 598 684 969 1193 1260 1285 1336 1432 1591 1621 1817 2239 2371 2487 2603 2872 2940 3062 3340 3478 3610 3785 4037 4075 4615 4783
486	7	280	2	158 291 522 687 761 780 847 878 1144 1392 1430 1467 1966 1968 2078 2092 2132 2171 2316 2334 2873 2988 3565 3731 3827 3857 4164 4196 4205
501	24	220	2	3 201 323 518 530 1082 1109 1320 1614 1664 1678 1713 1720 1740 1941 2102 2273 2890 3308 3376 3447 3709 3911 4060 4351 4545 4610 4952 4960
522	26	395	4	428 531 573 893 1237 1309 1422 1504 1565 1636 1643 1650 1751 2166 2452 2465 2618 3319 3321 3427 3462 3518 3716 3720 3993 4061 4337 4471 4475 4578 4613 4924
660	21	390	4	86 111 179 346 728 1031 1056 1085 1389 1711 1922 1948 2416 2449 2551 2740 2924 3126 3178 3238 3349 3423 3749 3758 3817 3981 4093 4105 4117 4336 4457 4833
112	23	139	4	167 372 425 502 963 968 1096 1500 1881 2043 2481 2728 2769 2919 2921 3023 3040 3157 3262 3384 3607 3616 3649 3870 4158 4243 4287 4381 4895 4955
151	5	214	4	79 107 510 663 807 1316 1484 2163 2177 2761 2780 3172 3350 3380 3406 3532 3574 3706 3722 3814 3894 3895 3953 3956 4106 4229 4251 4507 4931 4982 4983
154	25	264	4	128 373 442 534 646 887 1748 1842 2101 2122 2232 2247 2326 2345 2440 2692 2743 2765 2950 3067 3119 3289 3304 3385 3512 3534 3788 4038 4231 4285 4358 4971
163	34	282	4	39 275 673 1011 1047 1549 1618 1831 2038 2331 2398 2404 2503 2549 2584 2791 2886 3132 3170 3339 3387 3611 3627 3678 3793 3832 3928 3962 4211 4786
173	19	140	4	75 615 661 675 795 1082 1656 1777 1816 1884 2158 2201 2236 2450 2504 2593 2667 2842 3077 3151 3193 3196 3463 3511 3863 3884 4244 4304 4566 4709 4757
233	39	211	4	475 505 1016 1118 1698 1963 2067 2118 2480 2699 2827 2947 3060 3498 3573 3657 3683 3765 3786 3797 3913 3933 4052 4096 4215 4217 4619 4654 4824
279	30	172	4	312 583 697 730 879 1225 1295 1607 2224 2361 2469 2680 2932 3331 3493 3780 3785 3918 4188 4272 4312 4415 4433 4503 4650 4691 4745 4954
370	32	22	4	37 177 494 695 1109 1273 1490 1652 1819 1886 2193 2269 2354 2643 2777 2904 2906 3250 3397 3411 3440 3609 4386 4438 4523 4838 4843
480	17	23	4	71 464 486 826 911 1368 1630 1795 1839 2145 2350 2543 2766 2987 3141 3161 3194 3306 3429 3741 3759 4032 4092 4491 4536 4606 4753 4755 4774
517	22	314	4	31 114 120 215 299 670 912 951 953 1378 1571 1977 2009 2042 2081 2235 2737 2963 3016 3080 3098 3325 3372 3550 3697 3742 3846 3943 4289 4396 4823
529	8	52	4	160 212 269 305 323 339 641 745 883 1216 1336 2408 3103 3191 3234 3407 3458 3708 3710 4170 4209 4279 4315 4490 4646 4704 4764 4779 4799 4844 4854
554	37	24	4	38 55 95 122 185 330 422 474 496 875 1195 1583 1637 1984 2085 2121 2437 2448 2606 2731 2812 3056 3474 3727 4219 4465 4605 4891 4998
614	13	107	4	148 173 597 941 1021 1194 1259 1325 1360 1442 1962 1966 2020 2225 2243 2502 2566 2598 3451 3569 3715 3782 3889 3967 4210 4225 4317 4389 4513 4521 4820
620	31	90	4	463 468 706 772 823 1138 1286 1305 1323 1659 1872 2204 2287 2313 3109 3176 3237 3245 3251 3499 3746 3779 4300 4464 4481 4485 4721 4863 4969 4978
649	29	355	4	16 126 204 383 457 470 677 1071 1241 1852 2053 2185 2218 2231 2351 2373 2741 2805 3677 3807 3856 3978 3995 4097 4104 4153 4720 4804 4865
663	12	19	4	129 288 361 365 400 491 606 667 714 815 1032 1851 1945 2169 2374 2393 2439 3011 3047 3097 3848 3927 3975 4020 4343 4367 4524 4571 4638 4647
687	4	292	4	6 51 139 226 713 906 924 999 1065 1103 1215 1242 1314 1455 1676 1771 1832 2293 2304 2385 2411 2505 2854 3066 3146 3570 4003 4054 4218 4553 4657
8	20	159	4	162 388 530 630 690 834 914 997 1046 1167 1218 1380 1539 1555 1591 1780 1982 2035 2339 2716 2725 2851 3118 3754 4177 4664 4693 4780
36	35	88	4	331 564 589 1224 1538 1541 1736 1794 1865 1930 2335 2529 2542 2589 2686 2871 2877 2964 3022 3058 3061 3072 3307 3553 3822 4143 4162 4178 4261 4882
39	1	325	4	355 384 488 526 590 768 940 1034 1128 1387 1402 1708 2142 2451 2489 2570 2913 3009 3158 3208 3326 3700 3982 4250 4365 4452 4511 4594 4676 4740
48	11	178	4	109 181 239 334 409 511 767 1179 1236 1247 1275 1355 1728 1750 1933 2052 2334 2372 2430 2722 2939 3177 3242 3476 3536 3544 3721 3828 4163 4408 4663
64	18	39	4	15 108 170 251 279 827 891 948 1129 1201 1696 1920 1983 2400 2499 2513 2640 2990 3192 3223 3517 3606 3791 3850 3912 3972 4124 4372 4474 4814 4939 4986
96	38	365	4	101 492 559 717 977 1061 1348 1354 1377 1451 1559 1799 1975 2084 2510 2755 2775 2865 2894 3074 3084 3404 3494 3738 3946 4164 4187 4254 4354 4655 4946
127	36	204	4	242 403 678 780 1045 1520 1547 1608 1621 1704 1788 1959 2096 2136 2391 2436 2497 2695 2801 2860 2916 3015 3148 3185 3456 3665 4492
129	3	207	4	9 115 252 654 683 688 1404 1454 1774 1798 2073 2132 2229 2265 2312 2534 2673 2679 2723 2797 3160 3393 3585 3596 3676 3753 4582 4853 4948
169	6	69	4	20 154 205 471 495 585 798 843 2214 2221 2396 2446 2552 2602 2799 2822 2936 3105 3110 3270 3465 3719 3916 4023 4240 4270 4395 4516 4610 4673 4679
172	26	159	6	254 333 515 564 740 914 955 961 1009 1064 1154 1177 1316 1685 1703 1836 1864 2155 2239 2301 2735 3189 3218 3243 3260 3425 3988 4052 4256 4979
226	27	131	4	348 932 938 1258 1407 1478 1793 1980 2108 2246 2323 2340 2491 2803 2807 3315 3317 3375 3707 3792 3852 3867 4277 4305 4585 4587 4830 4902 4935
230	9	161	4	283 699 809 892 919 1246 1554 1808 2047 2460 2876 3313 3483 3538 3635 3647 3653 4184 4258 4391 4573 4611 4648 4797 4810 4815 4968 4996
263	10	28	4	23 104 124 322 390 642 689 701 923 1066 1260 1441 1473 1670 1812 2209 2676 2958 3506 4136 4142 4168 4208 4869 4937 4997
276	40	91	4	303 487 579 704 1220 1753 2008 2046 2105 2175 2253 2363 2467 2536 3162 3389 3840 3866 4001 4033 4113 4296 4399 4466 4484 4564 4583 4684 4819 4974
278	28	336	4	183 398 461 598 1199 1219 1280 1425 1519 1615 1960 2176 2234 2270 2423 2515 2665 2689 2697 3259 3293 3416 3752 4071 4082 4518 4554 4687 4724
331	2	208	4	48 57 406 931 958 1232 1400 1485 1899 1913 1997 2010 2077 2528 2565 3026 3031 3265 3318 3324 3383 3405 3417 3515 3617 3671 4007 4313 4722 4783 4858 4912
356	33	227	4	1 60 321 454 483 737 1542 1871 1910 2100 2268 2463 2784 2830 2908 3537 3584 4043 4047 4290 4543 4590 4632 4651 4738
433	14	104	4	25 580 599 633 735 839 842 1006 1053 1188 1226 1429 1723 1810 1849 1864 1866 2140 2141 2242 3021 3216 3819 3957 4111 4147 4174 4237 4498 4558 4560
440	16	153	4	84 369 414 421 459 546 562 611 749 760 996 1339 1717 2124 2533 2772 2831 3039 3183 3228 3354 3910 4447 4622 4760 4769 4771
454	15	134	4	363 618 796 851 1111 1137 1150 1164 1274 1390 1764 2019 2419 2427 2965 3008 3145 3239 3444 3736 3775 3897 3942 4068 4275 4541 4653 4667
490	7	84	4	17 49 92 158 293 375 394 396 712 763 769 806 973 1391 1494 1651 1710 1775 1822 1882 2104 2294 2425 2474 3019 3140 3292 3605 4822
563	24	363	4	4 67 538 960 998 1489 1584 1664 1804 1873 1878 1883 1986 2125 2226 2656 2885 2935 3112 3130 3155 3582 3644 3723 3798 3901 4394 4659 4752 4855 4945
606	21	226	6	51 69 284 898 921 935 972 1028 1367 1585 1756 2187 2522 2635 2644 2649 2812 2997 3157 3287 3332 3434 3740 3800 3848 4026 4333 4571 4609 4803
650	23	353	6	33 223 266 341 398 435 767 947 1134 1195 1359 1396 1541 1938 2047 2249 2384 2472 2730 3013 3168 3623 3668 3734 4098 4129 4246 4732 4833
797	5	398	6	11 614 910 1181 1617 1859 1928 2158 2170 2643 2647 2679 2684 2753 3090 3105 3181 3233 3445 3617 3724 3756 3772 4107 4219 4884 4932
1	25	11	6	128 140 371 568 744 821 851 960 1084 1169 1261 1271 1444 1464 1484 1570 1955 2179 2276 2440 2715 2910 3026 3139 3169 3495 4006 4866 4918 4967
16	34	358	6	119 267 273 407 867 966 1059 1339 1352 1505 1604 1824 2283 2319 2595 2689 2757 2955 2966 3000 3336 3692 3908 4158 4403 4494 4616 4703 4808 4814
86	19	283	6	62 88 206 361 382 432 1006 1252 1449 1559 1672 1830 1835 1881 2272 2422 2611 2632 2678 3114 3253 3305 3720 4007 4085 4226 4305
109	39	255	6	92 165 395 1116 1186 1545 1885 2046 2075 2112 2378 2409 2445 2798 3124 3143 3175 3193 3319 3511 3551 3683 4095 4193 4237 4241 4298 4638 4821 4901
126	30	145	6	1 73 228 890 1024 1048 1089 1358 1499 1758 1832 2314 2379 2443 2609 2627 2675 3144 3364 3599 3727 3732 3874 4074 4119 4418 4583 4693
142	32	265	6	30 214 300 446 635 704 832 1114 1115 1539 1544 1563 1689 1741 1849 1939 2354 2449 2475 2786 3375 3793 4008 4252 4337 4587 4886
145	17	291	6	176 230 701 723 880 1106 1332 1856 1999 2014 2222 2255 2348 2557 2710 2722 2957 3066 3188 3395 3459 3460 3581 3587 3666 3876 3909 4720 4847 4905
179	22	212	6	86 523 570 722 1495 1782 1860 1896 2149 2235 2414 2720 2850 2967 3350 3443 3512 3533 3545 4068 4591 4701 4706 4717
187	8	30	6	46 106 241 630 756 881 903 1126 1233 1255 1889 1974 2182 2489 2586 2637 2898 3345 3406 3424 3489 3537 3747 4233 4380 4454
221	37	270	6	91 400 721 847 1192 1225 1274 1366 1376 1582 1946 2009 2330 2613 2820 2871 3032 3142 3386 3509 3541 3748 3786 4176 4182 4260 4462 4496 4561 4656
232	13	21	6	90 207 447 459 1081 1482 1753 1787 1947 1953 2062 2230 2541 2671 2676 2815 2885 3009 3116 3241 3631 4148 4351 4355 4400 4431 4832 4925 4984
235	31	362	6	478 498 508 976 1123 1269 1481 1510 1627 1887 2055 2256 2451 2497 2599 2834 2839 2872 3171 3222 3230 3435 3554 3934 4064 4141 4162 4540 4658 4809 4950
239	29	364	6	65 270 402 470 510 684 845 907 1091 1276 1551 1660 1722 2460 2600 2788 2985 3061 3076 3521 3790 3833 3925 4416 4433 4439 4453 4467 4649 4796
251	12	274	6	324 1067 1079 1093 1535 1644 1737 2147 2327 2672 2696 2718 2928 3057 3133 3318 3444 3776 3789 3822 3990 4213 4511 4537 4635 4815 4853 4907
258	4	363	6	166 365 782 1078 1083 1462 1646 1740 1745 1815 1833 2027 2109 2218 2389 2538 2594 2745 2942 3210 3311 3579 3841 3907 4131 4331 4419 4430 4465
290	20	2	6	397 824 1011 1035 1404 1508 2281 2404 2523 2655 2835 3103 3249 3293 3325 3774 3864 3869 3889 4180 4376 4412 4469 4490 4517 4542 4667 4848
292	35	222	6	49 85 239 771 1013 1054 1068 1353 1406 1465 1988 2069 2274 2296 2377 2596 2778 3271 3381 3527 3777 4070 4126 4156 4271 4314 4322 4539 4565
293	1	374	6	303 687 791 1207 1293 1569 1724 2164 2388 2520 2591 2601 2721 2979 3192 3429 3679 3746 3827 3937 4354 4362 4375 4470 4532 4562 4835 4859 4968
299	11	28	6	83 124 232 291 293 310 380 411 584 656 738 1117 1166 1374 1456 1877 2275 2470 2563 3427 3643 4035 4122 4315 4327 4579 4795 4926
314	18	65	6	598 934 983 1052 1348 1534 2011 2285 2467 2514 2639 2790 2930 2995 3206 3240 3290 3359 3374 3616 3621 3977 4157 4278 4696 4779
330	38	179	6	158 172 236 1204 1728 1773 1878 1959 1984 2116 2174 2240 2287 2373 2463 2544 2692 2830 2916 3251 3304 3385 3745 4357 4373 4466 4530 4846
335	36	296	6	175 243 296 717 745 825 1160 1168 1211 1412 1523 1763 1848 1875 2092 2172 2194 2476 2512 2726 3331 3639 3896 4038 4134 4286 4637 4786 4924 4962
445	3	286	6	662 747 766 967 1218 1342 1408 1601 1679 1695 1969 2244 2253 2410 2437 2444 2509 2652 3403 3930 4014 4106 4284 4479 4538 4790
487	6	372	6	9 401 599 741 840 971 1324 1372 1384 1528 1579 1590 1709 1905 2021 2134 2297 2761 3486 4049 4170 4227 4229 4280 4325 4346 4607 4906
494	27	70	6	386 543 802 871 924 939 1001 1162 1302 1389 1506 1697 2036 2356 2390 2853 2875 3033 3346 3428 3454 3548 3673 3832 4307 4442 4851 4887 4921 4956
513	9	123	6	295 495 554 1034 1076 1183 1296 1351 1447 1463 1557 1600 2117 2702 3067 3087 3173 3353 3473 3835 3872 3923 4019 4073 4184 4245 4712
528	10	124	6	8 174 719 757 786 951 1010 1085 1264 1334 1360 1426 1431 1493 1775 1846 2315 2527 2622 3341 3368 3555 3770 3966 4324 4482 4529 4600 4648
534	40	301	6	262 354 474 658 974 1080 1105 1163 1634 1853 1945 2019 2160 2238 2292 2370 2412 2419 2431 3011 3250 3321 3534 3626 3797 3904 4824
585	28	223	6	50 275 758 805 842 884 949 1436 1730 2026 2067 2145 2150 2232 2259 2322 3261 3422 3494 3547 3729 4589 4620
597	2	278	6	3 81 210 226 329 359 376 636 831 1072 1350 1720 1731 1744 2037 2115 2610 2624 2817 3037 3288 4116 4356 4377 4445 4595 4702 4708
600	33	257	6	20 161 171 413 596 709 711 727 799 1038 1149 1191 1288 1624 2267 2711 2717 3065 3294 3366 3391 3582 3657 3703 3722 4207 4660 4845 4963
602	14	241	6	420 513 713 894 956 1110 1120 1131 1179 1290 1457 1527 1577 2137 2247 2273 2605 3054 3337 3482 3502 3597 3651 3663 3978 4323 4502 4505 4792 4944
613	16	235	6	245 412 450 836 1031 1257 1275 1597 1693 1727 1732 1937 2012 2425 2515 2528 2537 2763 2836 3022 3155 3377 4037 4205 4249 4547 4564 4673 4698 4739 4976
629	15	399	6	271 391 433 501 800 912 1357 1640 1981 2173 2420 2543 2712 2869 2903 3137 3278 3373 3419 3436 3634 4001 4145 4239 4414 4421 4477 4606
652	7	294	6	26 348 453 511 707 765 1014 1653 2751 2989 3029 3185 3362 3572 3652 3660 3742 3768 3834 3884 3991 4005 4317 4533 4636 4641
659	24	58	6	160 306 319 364 528 621 908 1056 1245 1300 1667 1838 1991 2049 2162 2336 2453 2454 2507 2546 3268 3270 3951 3969 4308 4435 4463 4582 4899
681	26	314	8	152 239 247 266 402 524 545 600 889 1052 1368 1399 1444 1688 1699 2212 2329 2371 2372 2537 2902 3257 3265 4094 4168 4437 4457 4566 4774
694	21	187	8	42 76 130 166 746 832 878 930 980 1009 1041 1045 1215 1247 1403 1756 2495 2512 2561 2584 2597 2624 2730 2978 3082 3844 4011 4217 4936 5000
709	23	32	8	55 110 389 536 755 932 1065 1175 1198 1514 1564 1627 2295 2474 2602 2629 3504 3791 3806 3966 4101 4252 4430 4479 4493 4496 4601 4798
713	5	196	8	321 502 699 872 1134 1145 1242 1693 2395 2621 2670 3044 3095 3189 3254 3309 3317 3396 3401 3452 3466 3533 3546 3637 3905 4279 4846
756	25	206	8	128 200 215 334 785 824 900 935 1213 1274 1639 1918 1977 2209 2261 2462 2896 2941 3374 3485 3489 4027 4695 4940
11	34	86	8	162 507 711 741 804 1576 1589 1593 1709 2231 2479 2623 2702 2838 2946 2961 3100 3409 3421 3562 3689 3830 4163 4459 4658 4837 4839
52	19	326	8	323 419 609 814 942 1400 1409 1724 1849 2068 2119 2251 2382 2555 2878 2897 2967 3002 3236 3358 3989 3996 4072 4460 4547 4674 4735 4762 4947
63	39	82	8	17 231 269 745 1121 1322 1480 1483 1595 2193 2307 2317 2428 2460 2701 2918 3063 3094 3282 3561 3613 3643 3715 4113 4276 4328
82	30	80	8	103 118 159 315 556 1066 1106 1540 1833 1985 1986 2071 2823 3664 3811 3838 3860 3882 3923 4158 4224 4228 4262 4306 4522 4588 4717 4939
83	32	255	8	73 327 344 594 604 817 1261 1418 1739 1761 1810 1822 2129 2403 2439 2475 2501 3075 3131 3273 3334 3768 3920 4026 4067 4102 4257 4274 4363 4900
113	17	185	8	262 399 577 732 946 1158 1685 1807 1869 2167 2401 2519 2785 2796 2966 3215 3392 3669 3841 3877 3903 4166 4384 4575 4742 4794 4877 4988
167	22	347	8	18 461 926 1037 1371 1379 1660 2580 2599 2637 2642 2661 3201 3335 3385 3527 3571 3581 3682 3842 4175 4183 4208 4301 4586 4633 4705
186	8	94	8	381 649 801 941 1101 1188 1304 1486 1525 1710 1860 1868 2009 2085 2121 2159 2326 2568 2681 2714 2739 3222 3763 3924 4314 4358 4509 4538 4856 4857
190	37	285	8	303 412 567 606 996 1095 1108 1283 1526 1698 2154 2225 2607 2645 2760 2899 3065 3166 3194 3653 3858 3968 4034 4115 4577 4597 4765 4911
211	13	22	8	138 430 573 637 775 818 909 1730 1828 1866 1956 2146 2236 2330 2595 2600 2949 3945 4109 4229 4420 4453 4897 4925
214	31	171	8	172 429 538 559 696 960 1814 1929 2103 2406 2417 2548 2647 2768 2882 2942 2943 3048 3086 3329 3414 3439 3723 3800 4111 4421 4501 4800
217	29	180	8	20 91 112 134 458 501 644 1475 1907 2051 2095 2321 2464 2912 3036 3348 3391 3575 3952 4130 4484 4572 4697 4733 4952
287	12	213	8	173 197 623 776 812 1516 1694 1883 2296 2388 2498 2788 2879 3033 3229 3353 3640 3895 4110 4146 4164 4243 4401 4451 4452 4585 4778
312	4	254	8	132 220 596 655 743 868 1086 1229 1359 1449 1541 1726 1767 1936 2249 2507 2850 3233 3263 3692 3739 3942 4211 4513 4515 4620 4641 4824 4969
315	20	109	8	342 603 652 689 809 844 1147 1263 1431 1471 1503 1581 1813 2090 2540 2858 2876 2894 2903 2917 3018 3053 3517 3525 4636 4680 4959
319	35	298	8	170 241 379 384 613 765 938 948 1025 1164 1552 1723 1774 1786 2252 2443 2710 3055 3204 3487 3586 3714 4021 4151 4505 4693 4818 4832
336	1	14	8	100 123 445 471 853 1167 1340 1487 1513 1640 1650 1785 2363 2426 2563 2677 2809 2940 3160 3390 3547 3563 3770 4055 4057 4730 4731
338	11	386	8	44 431 923 966 1209 1563 1655 1791 2040 2449 2651 2783 2922 3367 3377 3693 3694 3777 3826 4267 4303 4550 4567 4673 4767 4855
363	18	85	8	88 651 829 913 959 1024 1074 1346 1703 1881 2461 2970 3093 3156 3235 3388 3431 3440 3836 4284 4867 4905 4934
376	38	42	8	106 234 240 377 876 902 1021 1392 1780 1973 2262 2376 2416 2589 2598 2984 3150 3176 3482 3484 3551 3696 4018 4293 4330 4750 4883
397	36	151	8	107 151 481 516 896 991 1288 1306 1348 1430 1839 1953 2287 2387 2782 2867 2935 3011 3143 3153 3856 3876 4029 4281 4415 4523 4596 4677 4688
405	3	226	8	120 244 316 513 555 629 886 952 1230 1561 1594 1609 1663 2044 2165 2272 2456 3195 3321 3687 3900 4126 4461 4694 4783 4820 4933
420	6	50	8	183 284 308 455 586 849 988 1170 1380 1405 2072 2168 2854 2993 3461 3711 3722 3852 3862 3873 3957 4176 4372 4700 4749
508	27	51	8	58 249 254 382 491 529 608 679 999 1044 1468 2088 2093 2374 2378 2583 2980 3789 3818 3837 3859 3878 3932 4519 4560 4871 4964
520	9	233	8	108 337 540 610 850 1013 1073 1231 1349 1494 1633 2170 2338 2666 2671 2693 2828 2829 3320 3821 3985 4000 4024 4273 4405 4456 4555 4604
538	10	36	8	61 276 302 467 469 683 867 1333 1385 1908 2023 2353 2659 2789 3264 3299 3659 3741 3803 4278 4504 4510 4511 4517 4714 4993
542	40	373	8	49 126 326 439 590 1493 1818 2075 2099 2834 3010 3522 3609 3611 3848 3865 4179 4417 4559 4563 4607 4630 4681 4683 4816 4954
553	28	311	8	45 260 449 642 658 861 1111 1129 1312 1548 1567 1692 1743 1802 2150 2268 2320 2576 2888 2905 2985 3486 3570 4154 4311 4388 4525 4785 4805
608	2	222	8	131 245 331 595 962 1093 1177 1319 1439 1450 1502 1625 2073 2322 3001 3142 3209 3225 3258 3399 3428 3445 3497 3849 3930 4335 4362 4402 4541 4593
616	33	294	8	117 144 227 427 628 650 1638 1757 1944 2478 2601 2833 3027 3221 3314 3515 3612 3908 3943 4044 4171 4277 4350 4428 4492 4549 4608
662	14	8	8	59 86 433 676 1092 1135 1162 1412 1530 1892 2018 2125 2452 2506 2556 2615 2662 2695 2705 2863 3106 3220 3402 3412 3718 3782 3980 4173 4543
673	16	287	8	155 242 274 349 742 854 860 1416 1832 2178 2276 2355 2399 2405 3006 3064 3526 3566 4047 4104 4215 4481 4760 4885 4898 4904
674	15	266	8	191 375 437 770 918 1001 1237 1291 1387 1559 1566 1680 2001 2423 2962 3246 3342 3352 3667 3686 3725 3891 3892 3955 3995 4038 4202 4728
688	7	149	8	149 199 376 1062 1128 1166 1196 1736 1915 2242 2410 2724 2742 2849 2960 3089 3206 3218 3248 3302 3513 3726 3730 4077 4259 4382 4554 4926
704	24	366	8	278 353 479 803 1026 1228 1474 1597 1659 1972 2153 2294 2313 2473 2974 3198 3200 3213 3820 3987 4020 4033 4185 4448 4544 4682 4736 4941
718	26	40	10	54 319 417 499 535 591 634 734 989 1005 1213 1376 1399 1585 1593 1754 1910 2486 2500 2743 2938 2984 3423 4182 4826 4959
745	21	291	10	430 437 509 566 577 930 963 967 1191 1237 1290 1686 2014 2636 2728 2765 3291 3295 3466 3508 3586 3927 3971 4174 4295 4420 4807
776	23	319	10	24 194 271 403 525 726 759 1214 1667 1766 1842 1954 2032 2140 2341 2438 2490 3057 3512 3796 4138 4150 4161 4207 4261 4745 4982
23	5	231	10	451 665 1040 1094 1160 1408 1499 1630 1649 2044 2219 2243 2321 3297 3346 3402 3528 3562 3881 4146 4496 4548 4843 4885 4925
28	25	68	10	68 203 313 350 485 890 926 1148 1150 1352 1560 1992 2039 2196 2615 3084 3158 3861 4226 4285 4324 4461 4751 4790 4867 4968
91	34	240	10	93 592 757 811 981 1058 1244 1518 1567 1749 1889 1971 2086 2151 2208 2408 2415 2550 2567 2956 3156 3390 3549 3573 3810 4245 4549 4927
101	19	223	10	274 314 500 657 743 1013 1380 1405 1453 1731 1763 2198 2342 2693 2891 3190 3299 3394 3682 3862 4447 4577 4595 4722 4764 4767
105	39	186	10	15 114 173 387 414 1275 1296 1588 2007 2010 2293 2461 2639 2795 3004 3079 3363 3801 3816 4387 4464 4546 4712 4861
110	30	329	10	58 175 718 878 925 1236 1267 1540 2181 2365 2462 2568 2657 2740 2838 2954 2958 3006 3086 3241 3254 3603 4033 4102 4105 4618 4757
119	32	12	10	315 427 572 976 1700 1711 1745 1759 1887 1926 1983 2024 2190 2385 2670 3116 3368 3431 3743 4024 4389 4449 4520 4644 4726 4752 4931 4952
170	17	180	10	127 423 443 715 1050 1439 1533 1575 1612 1916 1920 1960 1982 2923 2998 3087 3182 3386 3543 3940 4096 4112 4191
197	22	190	10	56 72 80 97 434 493 563 569 806 1205 1253 1537 1917 2072 2294 2347 2454 2826 2862 2953 2972 3343 3481 4347 4476 4512 4935
215	8	297	10	380 385 553 730 762 1045 1189 1513 1771 1828 1867 2045 2060 2586 2753 2774 2841 2941 2980 3083 3184 3234 3317 3398 3486 3685 4456 4770 4999
224	37	74	10	5 237 528 822 922 1041 1782 2195 2483 2527 2563 2744 3031 3118 3171 3192 3220 3301 3361 3643 3884 3889 3951 4035 4125 4355 4379 4458
255	13	100	10	384 520 545 694 796 927 988 1195 1454 1823 2124 2163 2630 2821 2905 3061 3121 3222 3478 3787 3967 4192 4235 4412 4588 4710
284	31	361	10	260 304 1032 1099 1146 1153 1305 1609 1862 1898 1914 1918 2265 2440 2577 2818 2969 3151 3349 3707 3713 3931 4060 4293 4590 4756
302	29	197	10	17 106 307 381 607 672 778 1051 1083 1179 1310 1400 1820 1913 2049 2539 2619 2723 2785 2845 2951 2978 3280 4021 4276 4429 4563
309	12	356	10	18 244 435 482 558 1223 1285 1606 1710 1846 2119 2192 2368 2511 3092 3324 3471 3480 3491 3577 3764 3932 3993 4002 4054 4455 4850
323	4	263	10	119 267 283 463 583 640 1123 1190 1449 1565 1595 1713 1736 2846 3347 3432 3613 3704 3964 4201 4251 4255 4313 4363 4521 4604 4916
339	20	158	10	75 306 456 945 1122 1469 1592 1726 1958 2211 2554 2637 3114 3284 3563 3633 3812 3826 4292 4307 4494 4569 4780 4906 4914 4915
341	35	7	10	588 702 960 1070 1374 1474 1489 1662 1814 1903 2057 2317 2424 2627 2707 2752 3232 3316 3415 3548 3961 4032 4297 4469 4768 4796 4821 4907
346	1	146	10	70 155 219 614 765 781 887 1015 1159 1341 1521 1718 1790 1834 2002 2276 2545 2661 2694 2902 3273 3395 3679 3719 4133 4248
381	11	372	10	59 478 489 610 795 977 1472 1502 1634 1666 1738 2029 2122 2201 2306 2529 2944 3010 3267 3330 3973 3983 4160 4552 4763 4840 4872
394	18	334	10	32 135 248 358 692 740 871 1269 1617 1868 1998 2005 2020 2041 2054 2207 2345 3754 3986 3998 4145 4375 4477 4554 4573
408	38	45	10	167 261 481 751 855 1137 1343 1452 1703 1938 1975 2146 2230 2248 2346 2358 2719 2794 2866 3063 3145 3650 3944 3987 4139 4205 4459 4495 4875
464	36	295	10	90 211 719 843 949 1268 1587 1902 2050 2221 2233 2465 2552 2712 2721 2997 3045 3053 3872 4333 4506 4670 4697 4716
493	3	114	10	357 394 512 659 704 942 1022 1603 1673 1800 1956 1995 2083 2210 2361 2398 2912 3310 3448 3665 3757 4050 4270 4283 4628 4729 4794
519	6	248	10	25 108 178 344 724 810 893 1001 1149 1432 1781 2018 2252 2261 2601 2629 2717 2809 2844 2965 3230 3274 3674 3712 4070 4399 4661
527	27	259	10	2 145 426 549 956 1318 1363 1512 1723 1871 2172 2213 2271 2634 2735 2798 3003 3228 3269 3510 3513 3924 4348 4396 4430 4515 4654 4862
531	9	398	10	552 585 679 758 777 788 954 1033 1082 1194 1381 1480 1522 1946 2048 2303 3051 3062 3106 3249 3397 3459 3965 4414 4808 4869 4953
532	10	303	10	110 369 404 471 651 706 1113 1174 1332 2130 2212 2273 2282 2316 2382 2535 2576 3028 3259 3372 3484 3516 3760 3837 4135 4330 4800
550	40	97	10	12 40 532 764 885 1097 1327 1651 2148 2450 2530 2664 2756 2876 3148 3155 3229 3283 3602 4100 4267 4345 4448 4480 4859 4940
570	28	19	10	26 126 134 626 628 889 1014 1385 1459 1539 1556 1707 1909 2445 2493 2611 3441 3584 3802 3859 4200 4470 4489 4532 4998
574	2	39	10	229 669 820 904 1029 1037 1287 1661 1812 1942 2004 2011 2173 2418 2578 2705 3296 3300 3626 3628 4028 4069 4120 4236 4579 4662 4742
584	33	237	10	82 187 188 557 663 753 816 1111 1631 1772 1793 2015 2197 2259 2678 2716 2783 2904 2908 3698 3703 3839 3963 4247 4439 4728 4772
675	14	326	10	228 348 392 712 979 993 1027 1249 1843 1856 2101 2117 2120 2819 3177 3637 3768 3879 3910 4036 4114 4308 4574 4631 4706 4782 4933
685	16	9	10	351 680 827 861 874 940 958 1115 1283 1441 1562 1775 2013 2097 2107 2280 2392 2915 3008 3152 3405 3535 3564 3673 3821 4007 4103 4253 4785
692	15	29	10	554 736 834 899 1011 1250 1523 1788 2012 2437 2457 2555 2633 2927 3068 3101 3575 3921 4193 4356 4369 4488 4562 4632 4660 4692 4731
697	7	56	10	220 805 846 1315 1336 1550 2188 2468 2703 3109 3208 3243 3285 3350 3430 3463 3604 4077 4164 4346 4434 4460 4527 4603 4704 4851
721	24	360	10	450 498 690 915 1257 1328 1607 2114 2143 2232 2553 2596 2989 3043 3174 3179 3901 3913 4010 4056 4318 4555 4860 4977
723	26	373	12	737 759 790 880 1036 1057 1061 1106 1366 1651 2469 2627 2650 2725 2816 2853 2858 3234 3390 3473 3623 3666 4117 4218 4253 4473 4746 4857
729	21	177	12	176 377 685 938 1027 1065 1196 1482 1619 1672 1694 2573 2634 2739 2859 2937 3002 3088 3275 3679 3817 3843 3912 4083 4256 4732 4922
762	23	394	12	94 490 571 967 971 980 1617 1638 1691 2231 2281 2444 2452 2755 2912 3004 3279 3536 3708 3871 3880 3967 4280 4350 4411 4595 4754 4816 4981
770	5	141	12	281 503 828 956 1144 1325 1345 1537 1731 1784 1792 1924 1969 2071 2255 2769 2911 3355 4111 4274 4284 4415 4462 4588 4877
772	25	276	12	72 175 783 1004 1089 1186 1216 1262 1747 1893 1950 2026 2317 2329 2427 2786 3063 3337 3590 4062 4220 4510 4620 4807 4827
791	34	281	12	605 902 1078 1159 1279 1516 1518 1584 1727 2063 2331 2406 2615 3045 3221 3311 3328 3495 3576 3648 3716 3754 4201 4368 4675 4953
13	19	325	12	436 718 734 748 830 906 1028 1244 1340 1379 1910 1983 2420 2422 2616 2983 3087 3529 3954 4090 4194 4287 4299 4388 4471 4850
35	39	76	12	66 198 512 894 1003 1022 1214 1762 1979 2103 2282 2402 2793 2961 2976 2989 3217 3283 3805 4399 4493 4508 4688 4717 4888 4985
53	30	343	12	50 129 146 292 1184 1297 2160 2184 2284 2746 2819 2854 3226 3516 3661 3688 3852 4097 4257 4474 4624 4765 4789 4973
75	32	63	12	319 496 786 1153 1256 1468 2081 2135 2295 2539 2810 2917 3027 3204 3274 3569 3686 4107 4239 4291 4328 4334 4418 4809 4856 4862
76	17	61	12	332 469 779 868 1242 1253 1344 1440 1604 1687 1767 1785 1791 2207 2292 2782 2856 2880 2927 3092 3298 3382 3515 3761 4008 4381 4895
84	22	269	12	22 59 137 353 678 702 1515 1776 1828 1967 2333 2442 2502 2609 2841 2871 3165 3587 3638 3767 3999 4177 4608 4638 4682 4870 4892
99	8	146	12	28 44 156 159 234 746 836 1114 1198 1212 1234 1292 2337 2519 2776 2855 2972 3125 3308 3365 3474 3695 3721 3724 3825 4260 4352 4434
102	37	98	12	133 182 398 574 620 1171 1771 1780 1794 1838 2626 2773 3401 3597 3642 3649 3833 3908 3974 4004 4025 4141 4212 4557 4903 4980 4989
106	13	55	12	201 253 345 618 897 1024 1351 1393 1646 1654 2024 2156 2263 2638 2677 2836 2928 2953 3256 3555 4374 4539 4615 4785 4883 4941
159	31	47	12	152 188 409 450 991 993 1107 1193 1830 1904 1912 1976 2061 2098 2237 2521 2541 2610 2645 2811 3492 3514 3602 3814 4000 4054 4782 4991
161	29	344	12	326 720 798 807 818 944 997 1158 1308 1907 2013 2433 2625 2766 3260 3410 3420 3427 3478 3622 3711 4042 4210 4427 4435 4599 4843
203	12	173	12	290 590 638 679 819 862 1047 1602 1683 2131 2262 2892 2957 3332 3508 3538 3543 3626 3705 3948 4057 4091 4408 4835 4861 4997
205	4	293	12	246 257 415 454 615 709 747 1299 1380 1805 1815 2016 2112 2127 2240 2833 3014 3131 3158 3620 3741 3898 3930 4390 4432 4648 4817 4845
269	20	86	12	82 324 337 360 1019 1406 1552 1693 1716 1803 1847 2075 2186 2347 2380 2867 3000 3025 3209 3609 3831 4316 4360 4730 4793 4886
289	35	67	12	195 340 488 940 985 1032 1091 1161 1326 1488 1504 1598 2216 2273 2325 2465 2593 2717 2935 3001 3240 3397 3562 3997 4307 4578 4772
311	1	320	12	217 375 613 681 822 837 1039 1086 1129 1463 1734 1987 2085 2166 2343 2588 2608 2869 3207 3600 3939 4056 4108 4363 4393 4695 4744
326	11	92	12	6 346 612 811 1110 1243 1431 1523 1671 1761 1931 1953 2090 2470 2789 3480 3671 3864 3958 4022 4170 4234 4443 4677 4812
332	18	256	12	121 162 180 338 466 879 1014 1125 1235 1320 1622 1647 2082 2339 2361 2426 2464 2466 2837 2984 3197 3411 3468 3471 3886 3919 4552
351	38	200	12	33 40 48 168 489 668 1241 1255 1478 1513 1700 1702 1735 1865 2051 2092 2428 2504 3210 3284 3442 3540 3815 3915 4734 4804
406	36	185	12	316 491 583 725 787 852 1252 1423 1459 1853 1877 1908 2171 2411 2631 2690 2918 3556 3578 3652 3704 3883 3894 4001 4357 4524 4893
434	3	149	12	87 263 299 500 565 670 788 1023 1099 1192 1507 2064 2289 2362 2758 2915 3070 3173 3367 3924 4410 4525 4792 4842 4948
447	6	374	12	222 396 444 533 617 635 820 922 949 1211 1281 1397 1577 2303 2534 2713 2847 2977 3050 3300 3567 3943 3951 4138 4426 4528 4606 4851
461	27	123	12	83 122 245 363 637 667 669 1098 1205 1466 1649 1667 1738 1793 2067 2360 2366 2981 3142 3257 3363 3400 3523 4183 4657 4926
477	9	331	12	341 497 555 588 955 1008 1071 1227 1229 1453 1485 1894 1971 2047 2149 2206 2271 2830 2889 2926 2973 3029 3677 3756 3983 4099 4718
479	10	57	12	98 238 335 352 399 525 692 760 781 833 898 964 1134 1143 1517 1997 2046 2107 2673 3237 3373 3574 4339 4344 4590 4908
504	40	56	12	41 111 236 357 432 634 739 810 842 1226 1289 1594 1662 2028 2115 2167 2219 2413 2678 2756 2772 3680 4330 4487 4714 4790
561	28	242	12	101 153 221 458 468 506 703 849 943 2133 2214 2340 2414 2517 2582 2924 3181 3379 3565 3976 4074 4320 4583 4650 4671 4756
587	2	385	12	317 410 562 619 682 1208 1434 1701 2223 2460 2569 3089 3170 3430 3795 4075 4172 4332 4645 4763 4852 4932
593	33	264	12	534 1318 1420 1458 1496 1509 1596 1665 1741 1772 1806 1874 2030 2142 2299 2334 2425 2474 3074 3164 3259 3369 3698 4153 4292 4885
596	14	119	12	149 572 1043 1223 1264 1417 1601 1620 1642 1790 1808 2054 2914 2933 3133 3196 3286 3467 3488 3588 3989 3994 4041 4306 4598 4787 4791 4976
633	16	17	12	256 521 564 579 616 744 1049 1743 1749 1796 1850 1856 1903 2180 2397 2606 2700 2993 3043 3107 3171 3216 3470 3809 4010 4227 4826
654	15	388	12	171 296 364 654 845 1136 1339 1445 1690 2058 2139 2565 2607 2655 2727 2781 2808 2958 3697 3733 3781 3873 4146 4251 4309 4404
671	7	355	12	103 108 445 522 1038 1095 1377 1529 1533 1994 2006 2144 2169 2203 2220 2403 2453 2974 3412 3521 3960 4295 4694
689	24	247	12	90 204 863 948 1891 1959 2344 2394 2409 2653 2799 3024 3069 3081 3235 3302 3520 3847 3968 4059 4209 4512 4611 4947
691	26	296	14	208 284 436 481 527 974 979 1190 1248 1307 1665 3043 3578 3688 3689 3854 3858 3972 4194 4523 4552 4595 4615 4626 4647 4686
707	21	72	14	224 547 613 1408 1474 1912 1921 2098 2099 2526 2669 3003 3041 3117 3120 3341 3540 3830 3876 4062 4463 4495 4880
712	23	155	14	194 250 401 546 584 643 728 865 1207 1676 1855 1978 2271 2419 2529 2715 2738 2816 3104 3127 3369 4023 4025 4110 4703
748	5	164	14	96 252 373 511 617 1155 1332 1399 1428 2126 2359 2405 2892 2975 3242 3301 3333 3557 3714 3902 3906 3970 3997 4088 4099 4400 4493
763	25	112	14	155 1045 1126 1347 1605 1991 2254 2381 2554 2604 2633 2797 3419 3553 3835 4049 4140 4326 4384 4454 4567 4589 4596 4742
771	34	105	14	404 465 479 580 620 842 929 1135 1221 1367 1473 1547 1576 1708 1733 1764 2434 2479 2527 2621 3021 3212 3471 3824 4600 4781
795	19	352	14	2 159 789 883 1134 1158 1161 1555 1659 1779 2065 2323 2367 2567 2814 2833 3744 3795 3904 4069 4141 4214 4341 4579
2	39	157	14	217 626 764 914 925 1104 1436 1581 1618 1784 2198 2300 2336 2539 2831 2943 3124 3141 3282 3751 3944 4096 4485 4950
3	30	153	14	143 253 657 675 721 932 1273 1377 1851 1979 2117 2120 2318 2548 2581 2705 2720 2722 2834 2852 2898 2929 3315 3357 3645 4711
9	32	230	14	36 456 472 533 621 733 855 1040 1290 1491 1505 1922 1939 2036 2415 2453 2960 3018 3351 3686 3994 4208 4879 4930
24	17	71	14	59 264 454 654 814 990 1120 1240 1458 1578 1887 1897 2171 2409 2465 2607 2662 2798 3437 3662 3701 4233 4374 4420 4513 4913 4915
43	22	263	14	56 99 200 202 1024 1303 1635 1695 1822 1933 2332 2338 2446 2463 2477 2731 2824 2890 3261 3321 3661 3697 3706 3787 4437
47	8	67	14	303 336 372 412 423 458 1007 1446 1485 1489 1603 1716 1744 1857 1948 2608 2650 2697 2978 3345 3485 3531 4303 4645 4800 4831
70	37	70	14	368 462 593 662 746 1089 1559 1641 2067 2100 2331 2387 2671 2810 3005 3216 3264 3285 3393 3660 3984 4371 4423 4634 4771
116	13	167	14	190 213 288 311 551 936 955 1272 1789 2735 2825 3101 3163 3364 3691 3794 3928 3976 4185 4750 4815
123	31	258	14	325 600 612 714 1090 1362 1435 1597 1663 2042 2214 2258 2315 2685 3477 3503 3675 3877 3895 4399 4456 4569 4604 4662 4747 4886
130	29	241	14	181 424 444 710 1495 1607 1610 1858 2181 2755 2896 2928 3049 3487 3613 3636 3808 3849 4012 4385 4436 4629 4762 4922 4961
135	12	380	14	411 770 892 1042 1366 1781 1845 2132 2184 2236 2356 2679 2688 2733 3110 3313 3460 3940 3957 4052 4154 4195 4359 4403 4410
139	4	31	14	7 89 285 480 737 781 964 977 1241 1381 1441 1795 1955 2040 2057 2061 2106 2185 2346 2410 3034 3172 3920 4109 4556 4622 4828
149	20	54	14	42 545 647 682 803 916 1787 1830 2073 2307 2358 2454 2766 3472 3574 3658 3670 3822 4271 4290 4422 4468 4685 4724 4788 4972
153	35	345	14	151 297 369 671 761 1903 2245 2408 2587 2660 2753 2771 2778 2801 2886 2923 3011 3099 3252 3360 3567 3632 3910 3914 4684 4908
157	1	114	14	187 691 693 729 1072 1149 1202 1919 2309 2503 2518 2680 2973 3037 3410 4076 4094 4114 4151 4250 4406 4631 4723 4904 4983
180	26	157	16	33 123 179 309 539 932 1048 1142 1281 1962 2044 2232 2266 2413 2574 2911 3147 3330 3456 3459 3666 3867 4001 4008 4063 4183 4938
201	11	312	14	274 645 998 1200 1487 1507 1648 1875 2091 2257 2383 2389 2447 2492 2550 2560 2665 3371 3729 4055 4112 4245 4551 4639 4862
212	18	304	14	14 174 640 656 1002 1035 1302 1440 1683 1862 1906 2039 2083 2205 2351 2423 2583 2787 3247 3685 4027 4087 4327 4331 4350 4537 4805
216	38	273	14	62 300 397 486 785 1098 1125 1145 1438 1530 1740 1767 2658 3085 3498 3813 4063 4100 4178 4189 4276 4353 4360 4698 4774
220	36	261	14	198 225 399 441 782 877 1004 1044 1172 1542 1595 2052 2151 2305 2380 2746 2895 2901 3081 3915 4030 4102 4138 4282 4617
225	3	118	14	77 322 648 878 946 1019 1061 1263 1266 1353 1423 1765 1818 2745 3147 3643 3770 3881 4150 4446 4583
245	6	175	14	146 203 555 838 992 1414 1416 1429 1460 1833 1900 2082 2093 2111 2407 3236 3335 3349 3378 3499 3519 3560 3671 3853 4267 4882
268	27	270	14	646 769 896 908 967 983 1060 1237 1620 1623 1826 1964 2211 2224 2264 2523 3143 3739 3991 4224 4441 4503 4538 4549 4653 4727 4923
298	9	399	14	58 289 665 972 1068 1147 1219 1236 1535 1713 1937 1981 2094 2571 2628 2775 2909 3134 3186 3191 3483 3615 3817 4644 4740 4898 4949
317	10	342	14	18 221 282 386 658 705 922 1346 1587 1741 1844 1878 2313 2645 2853 2907 3150 3201 3273 3806 3896 4022 4905 4987
353	40	160	14	215 448 557 700 862 1074 1509 1524 1531 1645 1809 1894 2146 2220 2404 2485 2730 3155 3248 3253 3255 3265 4426 4791
367	28	116	14	232 575 582 1055 1243 1294 1629 1997 2013 2149 2340 2368 2418 2459 2499 2708 2915 3234 3309 3389 3417 3678 3873 4006 4026 4121 4319
382	2	33	14	15 165 281 317 830 1017 1022 1141 1150 1297 1470 1479 1591 1673 1705 1893 2002 2202 2674 2726 2910 3504 4124 4134 4443 4616
388	33	192	14	304 497 641 653 835 1133 1459 1624 1850 2156 2197 2286 2776 2792 2988 3007 3116 3258 3548 3973 4367 4526 4841 4868
389	14	121	14	603 1102 1338 1369 1452 1466 1689 1753 1820 1837 1886 2043 2611 2781 2926 2958 3096 3180 3213 3562 3583 3767 3864 4476 4573 4816
428	16	285	14	16 66 109 240 1048 1136 1178 1217 1335 1400 1471 1525 2035 2130 2215 2395 2524 2747 3078 3244 3644 3872 3927 4148 4340 4499 4914
444	15	346	14	211 371 396 439 699 864 1152 1341 1545 2056 2131 2456 2466 2635 2742 2857 3251 3401 3556 3594 3993 4043 4074 4347 4511
463	7	34	14	79 295 634 715 1252 1279 1384 1630 1719 1791 1899 2022 2072 2335 2593 2893 2908 3262 3322 3784 3851 4037 4203
498	24	317	14	152 316 418 666 890 905 1258 1411 1682 1998 2058 3114 3534 3596 3667 3763 3922 4095 4135 4206 4294 4716 4758 4900
503	21	109	16	19 425 445 668 778 856 987 1072 1125 1283 1287 1526 1546 1813 2495 2599 2689 2787 3335 3390 3556 3701 3818 4015
511	23	220	16	97 116 261 345 408 447 750 780 833 891 1123 1373 1760 1949 2375 2430 2617 2849 2877 3069 3130 4450
516	5	384	16	168 427 1295 1362 1645 1979 2047 2122 2186 2421 2498 2560 2583 2621 2839 3194 3266 3559 3568 3592 3804 3875 4578 4841
525	25	215	16	237 876 888 1213 1395 1466 1522 2238 2282 2316 3173 3227 3437 3514 3608 3844 4100 4144 4159 4861 4899 4904 4909 4914 4934 4967
573	34	315	16	986 1025 1036 1079 1256 1375 1471 1603 1633 1668 2183 2208 2314 2414 2418 2578 2685 2905 3068 3475 3749 4000 4187 4280
609	19	335	16	254 664 1122 1126 1296 1861 2304 2484 2492 2507 2582 2674 3032 3038 3158 3261 3616 3629 3836 3950 4219 4262 4656 4741 4867 4997
626	39	195	16	4 51 1243 1304 1329 1705 2353 2457 2482 2700 3127 3134 3372 3396 3426 3497 3593 3646 3887 4115 4455 4720 4769 4901
657	30	55	16	207 391 710 817 1358 1422 1757 2244 2349 2380 2646 2656 2714 2823 2991 3065 3102 3627 3906 3957 3979 4019 4044 4122 4609 4829
690	32	400	16	214 731 1306 1520 1963 2174 2176 2187 2301 2432 2530 2664 2845 3020 3117 3362 3815 3933 4140 4149 4477 4489 4960
696	17	135	16	62 655 828 1354 1367 1510 1566 1876 2046 2193 2396 2527 2774 2791 2858 2922 3085 3175 3538 3849 4339 4342 4484
715	22	194	16	611 717 1066 1344 1729 1857 2003 2272 2319 2330 2360 2479 2883 3128 3296 3463 3716 4200 4287 4693 4702 4723 4738 4762
758	8	170	16	209 317 622 765 803 895 1285 1568 1900 1950 2491 2561 2727 3408 3410 3784 4045 4084 4121 4225 4316 4487 4894 4898 4942
767	37	262	16	342 389 662 775 886 913 917 950 1030 1222 1308 1890 1977 2028 2033 2058 2059 2060 2153 2625 3368 3453 3625 4299 4593 4686 4696
781	13	205	16	24 31 85 251 981 1051 1255 1456 1638 2080 2229 2312 2357 2386 2596 2682 2820 2884 3474 3769 3886 4190 4445 4568 4601 4779
6	31	304	16	135 359 367 767 782 865 1092 1175 1537 1787 1971 2094 2442 2636 3035 3202 3746 3776 3885 4051 4228 4449 4647 4998
7	29	318	16	395 497 651 1041 1221 1600 1617 1697 1819 1906 2088 2280 2295 2802 2931 3288 3483 3644 3898 3915 4176 4266 4804 4913
14	12	216	16	12 114 544 661 919 937 992 1088 1818 1879 1924 2287 2597 2759 3225 3449 3560 3577 3731 4058 4154 4278 4334 4454 4561 4715
18	4	279	16	224 344 1543 1577 1670 1675 1751 1786 2619 2704 2719 3281 3357 3777 3799 3962 4192 4195 4275 4369 4431 4927 4970
49	20	283	16	136 355 416 776 1114 1203 1414 1652 2016 2042 2110 2638 3204 3270 3328 3455 3860 3993 4153 4344 4425 4625
51	35	62	16	263 338 576 586 620 1360 1461 1931 2105 2517 2526 2706 2752 2773 3278 3351 3744 3854 3941 4288 4469 4556 4681 4864
66	1	2	16	169 426 772 1155 1261 1704 2031 2096 2838 2937 2946 3118 3247 3274 3339 3533 3695 3758 4167 4265 4531 4668 4733 4806
118	11	359	16	233 351 701 1653 1654 2032 2129 2182 2245 2376 2535 2660 2763 3126 3377 3476 3945 4258 4272 4323 4416 4678 4691 4825 4832
137	18	336	16	508 558 756 875 1200 1361 1840 2020 2038 2126 2325 2648 2809 2924 2930 3286 3523 3684 3774 4132 4672
164	38	79	16	84 392 694 1128 1186 1736 1821 2021 2102 2663 3018 3053 3231 3535 3545 3585 3610 3705 3846 4125 4461 4883 4987
177	36	309	16	64 337 507 560 608 936 1263 1315 1357 1554 1637 1982 2160 2163 2216 2315 2812 2819 3058 3133 3212 3821 4582 4670
192	3	72	16	197 358 387 580 582 672 1065 1143 1331 1479 1627 1911 1993 2865 3503 3632 3714 3865 3926 4480 4502 4727
202	6	302	16	95 372 440 453 515 1199 1379 1580 1880 2283 2549 3192 3490 3530 3557 3613 3775 3917 4081 4127 4361 4451 4784 4897 4962
218	27	93	16	47 112 779 872 1021 1131 1310 1382 1553 1556 1743 1784 1904 2150 2734 2859 2872 3346 3649 3733 3954 4196 4598 4775 4966
222	26	315	18	8 581 619 854 1099 1191 1203 1266 1301 1332 1542 1657 1691 1800 2741 2750 3140 3452 3775 4356 4367 4472 4520 4536 4592
231	9	350	16	129 308 473 526 549 605 1063 1271 1650 1712 1768 2212 2264 2291 2688 2920 3416 3619 3630 3807 4136 4787
265	10	308	16	216 488 537 541 965 1467 1532 1573 1758 1909 1986 2269 2307 2975 3013 3019 3097 3170 3312 3642 4175 4548 4551 4812
280	40	320	16	741 863 1026 1264 1272 1555 1731 1841 1925 2139 2324 2567 2609 2874 2982 3200 3394 3742 4061 4088 4152 4247 4353 4385 4545
283	28	358	16	113 312 839 996 1441 1648 2095 2164 2399 2450 2503 2505 2532 2772 2882 3143 3193 3311 4022 4182 4422 4519 4743
352	2	13	16	81 431 521 525 1388 1571 1711 1728 1874 2027 2388 2417 2546 2744 2887 3082 3272 3441 3505 3757 4194 4581 4585 4590 4773
368	33	348	16	379 418 522 682 748 869 995 1075 1628 1820 2575 2701 2767 2808 2907 2916 2976 3046 3322 3324 3511 3537 4040 4123 4882
387	14	341	16	185 376 386 527 697 1324 1415 1503 1604 1651 1944 1958 2178 2400 2439 3840 3871 4244 4654 4665 4756 4847 4985
392	16	4	16	203 428 466 873 1151 1305 1421 1596 1895 2296 2411 2673 2789 2880 3030 3095 3214 3409 3662 4699 4719
412	15	207	16	71 255 438 543 577 589 698 1000 1038 1177 1297 1438 1682 2516 2841 3124 3343 3893 3905 3909 4069 4204 4558 4755
416	7	38	16	40 150 289 551 594 649 931 1811 1815 2120 2254 2829 2854 2890 3006 3057 3136 3622 3647 3669 3832 4216 4263 4346 4428 4634
442	24	91	16	163 220 528 624 632 933 957 1180 1347 1486 1914 2394 2731 3012 3089 3187 3356 3638 4209 4289 4506 4626
446	21	173	18	76 232 478 760 939 981 1212 1223 1437 1647 1836 2015 2045 2157 2203 2310 2515 2607 2725 3081 3467 3571 3824 3946 4866
540	23	41	18	13 29 58 97 785 1222 1547 1620 1783 2079 2107 2275 2919 3250 3325 3358 3365 3402 3438 3747 3827 3942 3981 3995 4171 4912
556	5	282	18	88 340 383 676 684 708 916 1258 1488 1646 1673 2192 2199 2675 2877 3090 3281 3678 4034 4222 4664 4781 4959
558	25	64	18	771 797 1070 1501 1772 1774 1872 2518 2681 2791 2800 3047 3221 3373 3381 3769 3925 3977 4159 4317 4408 4788 4825 4863
569	34	108	18	94 259 843 1029 1052 1121 1622 1669 1681 1702 1957 2729 3115 3276 3311 3857 3992 4076 4226 4240 4318 4524 4649
572	19	115	18	366 416 433 607 1201 1619 1812 1862 1984 2011 2066 2180 2225 2583 2991 3041 3124 3144 3199 3215 3541 3972 3982 4411
577	39	391	18	309 631 645 694 720 962 1073 1230 1769 1811 1985 2091 2162 2198 2477 2776 3151 3176 3327 3953 4315 4380 4473
590	30	155	18	142 226 312 405 576 1391 1392 1645 1966 2614 2679 2740 2746 2827 2852 2900 2985 3487 3761 3921 3963 4218 4340 4570 4685
598	32	239	18	240 429 555 726 891 934 1624 2195 2276 2354 2440 2506 2659 2813 3558 3589 3773 3837 3902 4142 4681 4951 4975 4977
605	17	237	18	18 53 328 403 852 1302 1385 1590 1750 2349 2400 2594 2600 2617 2889 3018 3326 3632 3717 4177 4277 4403 4433 4641 4909
612	22	205	18	132 213 909 1480 1502 1512 1558 1580 1839 2143 2289 2361 2509 2779 3203 3508 3551 3731 3762 3811 3969 4064 4501 4627
638	8	48	18	827 905 937 975 1079 1101 1727 2265 2319 2394 2441 2861 3097 3133 3370 3406 3516 3911 3961 4011 4266 4383 4398 4482
651	37	275	18	251 272 352 449 533 632 811 1382 1405 2050 2531 2929 2953 3207 3376 3463 3524 3690 3759 3893 3971 4002 4366 4859 4991
669	13	246	18	130 139 420 482 755 766 783 1197 1639 2033 2146 2215 2595 2828 2911 3130 3434 4031 4253 4722 4930 4943
682	31	268	18	19 253 437 442 713 752 812 1071 1109 1945 2087 2142 2434 2520 2883 2955 3116 3127 3530 3549 3763 4402 4474 4747 4768 4953
695	29	176	18	55 434 593 901 1100 1208 1443 1606 1925 2216 2547 2629 2684 3098 3185 3257 3751 3952 4149 4191 4250 4575 4810 4995
728	12	83	18	207 462 629 1475 1779 2277 2582 2794 2915 2976 3177 3382 3415 3639 3753 3776 3887 4089 4153 4372 4743 4752 4831
733	4	210	18	4 284 422 539 545 1311 1557 1596 1759 1886 1999 2084 2221 2436 2670 2713 2756 2757 3083 3472 3494 3691 4179 4281 4316 4614
737	20	281	18	310 503 716 731 1083 1970 2124 2298 2703 3060 3159 3219 3332 3590 3593 3839 3954 3986 4144 4374 4672 4725 4817 4862 4888 5000
740	35	10	18	196 219 279 391 531 636 695 722 877 1259 1314 1356 1470 1854 2415 3316 3552 3750 3854 4302 4586 4639 4771 4780 4836 4879
755	1	47	18	99 270 398 452 594 687 790 920 982 1689 1799 2228 2395 2661 2667 2816 3013 3029 3259 3392 3418 3823 4137 4691 4986
768	11	382	18	74 393 520 625 686 1217 1408 1654 1898 2338 2392 2422 2804 2878 2969 3071 3104 4165 4180 4196 4349 4453 4540 4918 4946 4949
793	18	327	18	332 719 1556 2053 2259 2309 2645 3171 3183 3353 3529 3810 3826 3865 3867 4109 4174 4241 4325 4379 4727 4816 4834 4855
799	38	35	18	7 178 524 542 737 739 1355 1370 1414 1416 1863 1965 2735 2923 3034 3309 3533 3544 3855 4069 4387 4920 4932 4958
800	36	107	18	204 443 506 799 829 846 1282 1413 1589 1990 2140 2147 2159 2235 2626 2654 2895 3422 4417 4628 4813 4840 4849
10	3	184	18	52 611 627 673 780 1246 1303 1330 1418 1563 1996 2002 2170 2173 2204 2455 2604 2625 2648 2836 3131 3500 4232 4294 4835
44	6	300	18	84 530 751 887 1129 1173 1427 1635 1678 1936 2487 2494 2784 2807 3146 3656 4065 4102 4390 4504 4809
46	27	11	18	296 375 472 965 1015 1104 1292 1434 2007 2167 2257 2558 2577 2608 3132 3275 3277 3583 3729 3745 3966 4338 4679 4784
61	9	202	18	347 354 757 1061 1207 1918 2194 2329 2402 2849 2963 3212 3417 3433 3648 3681 3999 4032 4289 4336 4434 4518 4705 4919
62	10	211	18	246 273 378 427 460 483 893 1424 1477 1813 1876 2118 2165 2686 3340 3413 3635 3670 3901 3970 4618
65	40	73	18	235 360 490 696 972 1039 1322 1364 1847 2161 2458 2497 2545 2565 2644 2743 2961 2990 3162 3213 3261 3701 3724 4871
72	28	133	18	11 95 192 327 493 515 895 1069 1107 1709 2174 2362 2946 2956 3319 3760 4273 4321 4353 4370 4378 4441 4806 4853
74	2	245	18	144 198 343 659 1251 1786 2343 2988 3052 3214 3252 3391 3525 3600 4020 4097 4127 4213 4446 4663 4856
78	33	20	18	305 473 598 838 986 1518 1544 1548 1570 2152 2918 3000 3239 3292 3323 3453 3542 3625 3866 3944 4249 4343 4604 4944
89	14	102	18	10 66 137 608 756 968 1017 1054 1216 1294 1425 1489 1529 2141 2561 2846 2887 3409 3669 4007 4341 4651 4776 4796
107	16	18	18	101 128 244 1030 1433 1457 1755 1927 2025 2183 2233 2299 2351 2618 2666 3182 3794 3804 3899 4297 4365 4483 4514
120	15	116	18	124 773 1157 1264 1333 1568 1599 1773 1947 2328 2876 3403 3650 3945 3994 4029 4085 4182 4313 4354 4413 4711 4777 4844
132	7	12	18	42 87 424 724 1182 1286 1390 1406 1410 1436 1452 1618 1741 1746 1768 2448 2906 2986 3078 3565 3813 4337 4516 4937
152	24	346	18	2 569 573 712 1081 1543 2023 2116 2186 2787 2974 3084 3400 3503 3536 3548 3588 4003 4058 4156 4389 4459 4921
158	26	277	20	27 64 593 672 919 1289 1538 1913 2011 2125 2490 2966 3077 3500 3531 3598 3717 3756 4013 4085 4418 4428 4715
160	21	245	20	176 727 1328 1602 1761 1881 1883 1905 2000 2008 2059 2066 2210 2274 2436 3281 3365 3735 3772 4499 4592 4967 4974
165	23	305	20	94 416 464 920 1147 1399 1628 1657 1796 1807 1920 1978 2444 2837 3096 3152 3482 3862 4053 4212 4281 4294 4413 4957 4994
178	5	120	20	72 222 787 821 1106 1459 1518 1891 2206 2222 2606 2750 3374 3497 3499 3894 4057 4094 4096 4188 4489 4565 4703 4945
183	25	388	20	459 596 625 691 1785 1829 2560 2599 2729 2817 3418 3730 3916 4106 4126 4255 4310 4440 4463 4640
188	34	393	20	61 153 177 312 461 527 1135 1284 1634 1998 2007 2104 2194 2478 2663 2711 2893 3384 3767 3925 3962 4373 4471
189	19	215	20	137 280 350 1690 1814 1880 2204 2226 2310 2737 3338 3379 3574 3631 3737 3843 3911 3976 4696 4739 4754 4954
208	39	184	20	81 188 584 749 965 970 1104 1450 1536 1612 1783 1952 1965 2157 2566 2575 2618 3135 3262 3571 3762 4045 4235 4615
241	30	396	20	77 654 859 1112 1402 1870 2041 2697 2801 2914 2959 3375 3428 3649 3695 3866 3921 3950 4198 4576 4581 4902
243	32	234	20	236 438 1320 1511 1827 1896 2178 2396 2592 3159 3300 3331 3443 3457 3711 3740 3869 4157 4223 4232 4528 4907 4961
248	17	384	20	301 517 548 675 839 1140 1282 1989 1996 2070 2563 2813 3031 3502 3937 3951 4065 4197 4488 4577 4662 4748 4799
253	22	49	20	514 601 849 978 1007 1018 1105 1217 1493 1573 2017 2486 2635 3036 3098 3277 3341 3710 3917 4124 4653 4942
264	8	43	20	751 777 954 1219 1352 1608 1806 2264 2278 2284 2341 2556 2714 2764 3048 3067 3333 3832 4025 4602 4671 4790 4903
277	37	244	20	223 243 296 367 424 726 789 915 1165 1365 1394 1550 2151 2379 2414 2655 3038 3040 3218 4349 4492 4520 4532 4658 4723
288	13	81	20	148 494 609 731 768 1193 1233 1437 1633 2159 2205 2738 2928 2995 3138 3514 3559 3863 4121 4336 4625 4642 4659
300	26	244	22	177 406 444 1179 1227 1562 1885 2001 2077 2128 2183 2848 2868 2977 3276 3829 4375 4636 4817 4945
306	31	324	20	30 34 679 721 1069 1094 1146 1227 1238 1666 1752 1954 2004 2133 2148 2167 2369 2443 2508 3009 3663 3681 4807 4918 4937
349	29	25	20	210 270 495 685 695 723 822 1509 1656 1854 1932 2828 2852 3242 3516 3597 3709 3947 3977 4104 4284 4487 4663
354	12	259	20	122 295 421 511 1109 1781 2468 2524 2903 3193 3634 3886 3954 4072 4145 4279 4317 4645 4726 4743 4818 4860 4917 4935
366	4	129	20	385 448 833 869 937 1286 1754 2217 2268 2290 2333 2475 2671 2891 3258 3383 3542 3850 3861 3914 4205 4270 4517
372	20	383	20	144 255 336 409 423 659 1285 1438 1696 1717 2100 2723 3224 3488 3618 3883 4311 4343 4572 4742 4744 4781 4927
410	35	128	20	29 282 418 560 1228 1338 1448 1583 1620 1803 1957 2110 2111 2747 2777 2821 3578 3905 3985 4082 4498 4514 4686 4711
413	1	219	20	323 933 957 1027 1178 1226 1303 1371 1836 2152 2343 2362 2530 3246 3320 3487 3550 3766 3918 3938 4118 4650 4735 4975 4996
417	11	151	20	166 566 677 773 924 1119 1170 2040 2081 2097 2116 2337 2571 2754 2965 3148 3204 3640 3829 4291 4813 4820 4878
429	18	90	20	334 631 837 1008 1095 1257 1397 1460 2023 2106 2201 2403 2518 2796 2901 3168 3444 3782 4161 4352 4593 4598 4616 4988
432	38	15	20	165 168 291 808 1118 1124 1584 1664 1727 1795 1878 2321 2335 2590 3211 3264 3297 3617 3636 3796 3872 4361 4550 4842 4989
450	36	143	20	164 189 529 591 748 860 1096 1912 1955 2209 2236 2767 2887 3139 3404 3656 3755 3815 3919 4169 4239 4732 4823 4841
482	3	69	20	160 203 265 311 354 370 426 882 1049 1530 1553 1774 1927 2610 2888 2906 3044 3160 3271 3544 3629 3999 4976
483	6	27	20	87 114 250 435 538 832 906 951 1649 2089 2137 2218 2261 2311 2540 2555 2687 2790 3017 3510 3874 3956 4155 4406
502	27	103	20	21 199 588 758 926 1931 1933 1966 2048 2139 2411 2806 2938 2998 3012 3196 3399 3414 3797 3810 4238 4438 4478 4836 5000
510	9	95	20	35 39 225 313 1089 1766 1988 2113 2462 3025 3140 3851 3994 4009 4271 4529 4648 4661 4879 4908 4981
514	10	297	20	53 131 158 686 750 1167 1183 1281 1341 1568 1647 1742 2211 2509 3049 3210 3334 3421 3505 3595 3929 4414 4913
543	40	214	20	150 330 606 652 844 848 1009 1014 1050 1396 1547 1838 2086 2535 2621 2641 2892 3076 3345 3821 3984 4233 4407 4537 4895
548	28	267	20	115 788 1370 1746 1922 2022 2676 2709 2951 3302 3785 3967 4044 4051 4130 4277 4300 4376 4442 4597 4847
551	2	381	20	37 260 541 649 735 964 1033 1077 1342 1375 1435 1579 2126 2136 2913 3496 3626 4080 4092 4202 4524 4584
562	33	158	20	711 776 823 856 913 1240 1245 1386 1463 1485 1599 1865 2884 3699 3842 4020 4241 4249 4285 4448 4500
564	14	58	20	185 329 374 1225 1265 1384 1697 1808 2027 2242 2350 2771 2904 2929 2991 2999 3332 3340 3560 3608 4059 4112 4507 4784
567	16	84	20	218 968 1108 1180 1442 1778 1787 1794 2028 2128 2773 2785 2963 3028 3035 3120 3154 3187 3449 3844 4441 4485
579	15	354	20	42 460 499 510 740 929 1295 1424 1671 1721 1841 1944 1990 2074 2521 2909 3339 3726 3877 4166 4421 4608
592	7	311	20	145 202 705 927 1032 1496 1873 1886 1956 2098 2438 2835 2883 3088 3119 3524 3540 3745 3941 4144 4392 4580 4619 4713
594	24	390	20	184 340 492 630 1020 1322 1415 1445 1462 1692 1801 2228 2442 3243 3329 3664 3959 4021 4222 4326 4366 4522 4526 4810
617	21	316	22	30 294 695 892 910 939 1054 1141 1342 1635 1768 1892 2314 2529 2658 2840 3150 3167 3428 3641 3685 4365 4799 4984
623	23	307	22	350 484 609 859 918 1365 1401 1674 1796 1883 1895 2181 2280 2352 2447 3071 3121 3172 3230 3982 4151 4242
640	5	378	22	102 300 337 1139 1140 1417 1569 1879 2123 2247 2403 3380 3503 3537 3547 3702 3842 4015 4371 4550 4574 4704 4718
643	25	187	22	279 330 710 857 1025 1092 1442 1464 1487 1491 1655 1680 1704 2182 2557 3137 3469 3750 3955 4077 4695 4741
646	34	353	22	298 463 646 761 1206 1381 1415 1592 1610 1911 2649 2806 2820 2996 3222 3446 3653 3775 3870 4150 4160 4190 4530 4992
680	19	101	22	56 219 755 1515 1643 1668 1834 1988 2203 2211 2398 2438 2797 2811 2870 2875 3200 3566 3796 3807 4850 4873 4934 4985 4996
744	39	322	22	57 360 542 599 728 1269 1272 1499 1614 2000 2277 2449 2513 2703 2860 2989 3001 3828 3899 3966 4177 4330 4691
746	30	382	22	631 688 963 1232 1422 1454 1483 2050 2381 2383 2551 2659 2839 3005 3145 3293 3506 3611 3614 3639 4105 4178 4345 4802
751	32	251	22	247 259 397 592 626 638 904 1250 1395 1463 1816 1824 2161 2370 2510 2780 3050 3109 3530 3885 4320 4351 4625 4717 4994
753	17	199	22	28 388 777 779 1073 1447 1575 1949 1982 2432 2700 2753 2829 2994 3004 3180 3197 3576 3986 4061 4614 4660 4787
760	22	156	22	240 683 1168 1350 1469 1488 1611 1629 1758 2109 2456 2488 2494 2835 2968 3111 3227 3343 3462 3464 3891 4261
792	8	232	22	969 1103 1171 1185 1310 1353 1363 1418 1831 1856 1981 2215 2315 2348 2437 2457 3252 3432 3486 3582 3866 4083 4896 4954
12	37	330	22	36 63 408 614 853 1055 1508 1695 1705 1707 2025 2228 2332 2704 2722 3165 3543 3838 4404 4431 4786 4804
19	13	323	22	154 222 385 624 750 785 883 884 1653 2076 2090 2242 2651 2864 2979 3558 3681 3726 4059 4225 4519 4709 4916
27	31	46	22	11 67 109 212 469 516 698 870 1209 1224 1810 2320 2508 3237 3258 3604 3706 3799 3833 4241 4827
37	29	49	22	428 447 536 702 738 787 803 900 1842 2113 2511 3025 3094 3274 3831 4281 4366 4454 4518 4769 4778
55	12	161	22	304 650 1115 1127 1231 1321 2134 2322 2347 2855 3099 3366 3551 3552 3818 4297 4563 4736 4749 4961 4973
56	4	266	22	143 193 342 627 858 1120 1136 1241 1427 1560 1585 2279 2471 2750 2893 2925 3046 3305 3347 3444 3942 4296 4759
68	20	61	22	32 171 513 622 865 1197 1354 1389 1436 1540 1903 2016 2230 2256 2455 2503 2792 3188 3284 3992 4122 4417 4449 4938
90	35	392	22	121 197 248 687 802 1517 1523 1612 1770 1841 1963 2241 2397 2417 2882 2967 2984 3352 3743 3918 4204 4309 4480 4617
94	1	167	22	437 515 1049 1097 1226 1650 1867 1889 1904 1930 2114 2250 2344 2476 2978 3803 3805 4041 4157 4304 4828 4899
103	11	379	22	196 394 772 1086 1133 1737 2028 2227 2312 2318 2682 2775 2888 2930 2950 3040 3645 3783 4181 4383 4594
104	18	120	22	807 1383 1490 1659 1751 1863 2451 2653 2745 2837 2873 3091 3528 3705 3748 3752 4267 4312 4432 4553 4668 4750 4818
114	38	224	22	19 53 155 275 441 655 817 880 1282 1430 1979 2200 2458 2478 3335 3348 3601 3779 3871 4352 4500 4549 4666
134	36	117	22	93 632 729 1406 1752 1861 2207 2333 2548 2662 2709 2744 2816 3073 3085 3159 3211 3447 3678 3937 4144 4167 4719
155	3	110	22	133 453 628 923 1062 1461 1586 1642 1828 2424 2491 2571 2762 2851 2948 2997 2999 3134 3655 3792 3860 4765
194	6	396	22	27 141 320 467 615 669 905 1034 1256 1289 1421 1498 1688 2251 2291 2355 2434 2857 3310 3445 3619 4039 4979
196	27	269	22	231 333 507 693 819 903 1466 2108 2425 2590 2827 3033 3354 3416 3700 3718 3889 4130 4415 4678 4734
198	9	229	22	436 723 863 1138 1295 1440 1561 1564 1576 1590 1938 2074 2308 2603 3059 3598 3618 4484 4545 4622 4728 4937
200	10	97	22	136 708 759 828 1369 1501 1622 1634 1941 2014 2018 2483 2867 2881 3074 3107 3853 3897 3928 4479 4813
229	40	43	22	12 238 371 607 1071 1715 1891 1986 2407 2467 2624 3023 3160 3195 3498 3689 3754 4235 4429 4525 4551 4599 4643 4770
236	28	134	22	33 297 395 473 663 824 1324 2004 2311 2473 2917 3245 3500 3674 3699 3701 3795 4046 4398 4561 4576 4667
250	2	331	22	45 96 189 872 881 1018 1210 1403 1414 2196 2199 2900 3088 3169 3291 3336 3880 4621 4707 4917 4958
256	33	329	22	81 681 752 908 1434 1701 1782 2120 2177 2886 2992 3181 3205 3303 3420 3512 3612 3826 3961 4268 4325 4473 4877 4990
260	14	54	22	550 576 666 709 756 888 1093 1551 1786 1929 2065 2187 2301 2536 3223 3286 3287 3399 3952 4107 4676 4708 4824 4892
271	16	178	22	233 354 820 867 914 998 1043 1116 1578 1603 1623 1714 2535 2579 2616 3164 3623 3694 4139 4513 4554 4776 4929
285	15	34	22	24 471 739 829 1284 1393 1721 2234 2528 2580 2642 3027 3166 4012 4088 4103 4143 4199 4259 4442 4894 4942
297	7	136	22	258 556 563 1123 1316 1433 1660 1943 2248 2861 2885 2935 3128 3396 3414 3712 3729 3960 4209 4216 4393 4591 4714
301	24	338	22	331 866 982 1730 1840 1905 2079 2095 2307 2998 3115 3220 3488 3502 3579 3744 4045 4050 4128 4148 4175 4357 4377
310	26	191	24	277 480 616 677 1481 1605 1629 1866 1909 1947 2643 2654 2660 2812 3156 3402 3539 3814 4171 4270 4436 4708
313	21	33	24	529 626 1190 1490 1956 1971 1973 2159 2485 2983 3044 3343 3363 3424 3734 3926 3944 4004 4015 4373 4519 4654
337	23	59	24	16 978 1108 1314 1843 2095 2188 2218 2686 2699 2916 2927 2936 3180 3255 3887 4210 4343 4368 4562 4754 4995
347	5	319	24	125 605 930 1104 1156 1267 1531 1535 1539 1552 2082 2227 2920 3280 3532 3690 3996 4224 4361 4759 4777 4890
386	25	299	24	681 863 868 1111 1292 1313 1642 1751 1802 2275 2290 2559 2794 2931 3129 3323 3423 3855 4206 4242 4370 4495 4765
391	34	16	24	621 761 917 1357 1401 1404 1780 1990 2068 2103 2992 3039 3093 3177 3340 3764 3892 4030 4260 4348 4435 4451
393	19	395	24	133 795 800 1034 1379 1536 1558 1607 1628 1837 2003 2101 2164 2364 2431 2500 3021 3103 3178 3676 4189 4512 4855
399	39	248	24	280 327 552 607 794 907 1005 1879 2106 2213 2604 2751 2943 3040 3131 3135 3164 3366 3939 4163 4327 4523 4851
409	30	371	24	502 589 600 944 1455 1504 1934 2229 2240 2258 2422 2487 2499 2603 2952 2974 2998 3244 4302 4457 4497 4572
415	32	253	24	325 457 813 847 1175 1677 1680 1788 1869 1980 1993 2470 2725 2870 2912 3005 3278 3297 3828 4165 4639 4870 4884
418	17	213	24	23 139 201 264 338 850 998 1323 1443 1473 2166 3524 3710 3794 4160 4346 4487 4577 4682 4915 4985 4991
425	22	89	24	39 383 1162 1252 1266 1663 1898 2310 2332 2799 2861 2950 3235 3491 3751 3838 3879 4486 4581 4713 4761 4838
437	8	387	24	123 222 462 520 1036 1136 1407 1483 1500 1725 1826 1943 1976 2173 2337 2747 2840 2995 3120 3797 3816 4169 4694 4932
449	37	228	24	74 261 289 361 441 448 627 1167 1244 1263 1606 1831 2302 2519 2987 3161 3298 4199 4475 4539 4689 4895 4990
451	13	236	24	156 221 410 556 1052 1214 1277 1418 1734 1939 2391 2397 2496 2560 2646 2879 3122 3846 4087 4334 4569 4617 4680
453	31	24	24	49 436 921 1163 1368 1647 2226 2619 3163 3355 3660 3868 3985 4106 4196 4212 4407 4417 4596 4903 4971
458	29	305	24	14 521 858 1022 1353 1847 2051 2274 2469 2511 2650 3433 3439 3580 3929 3935 3971 4215 4329 4466 4681 4839 4945
462	12	79	24	191 250 286 633 710 1057 1204 1291 1334 1434 1549 1667 1709 1769 1850 1852 1984 2356 4065 4565 4623
467	4	216	24	1003 1127 1130 1229 1257 1326 1378 1845 2270 2293 2374 2888 2961 3073 3493 3576 3762 3765 3831 3958 4071 4419 4878 4939
468	20	9	24	122 848 889 1131 1336 1421 1575 1684 2416 2439 2594 2944 2960 3056 3667 3753 4036 4113 4156 4236 4553 4776 4807
472	35	117	24	137 477 566 1015 1018 1398 1456 1834 2622 2658 2865 2982 3091 3123 3208 3228 3662 3728 3902 4349 4423 4669 4886 4917
481	1	3	24	53 99 570 718 1087 1098 1572 1578 1592 1610 2083 2182 2925 3376 3847 3896 3919 3984 4221 4319 4477 4934 4947 4948
535	11	362	24	3 578 1006 1140 1447 1527 1768 1958 1961 2141 2277 2308 2389 2572 2630 2786 2804 3016 3375 3446 3883 4652
541	18	348	24	567 966 1152 1356 1668 1712 1798 1935 2030 2085 2185 2408 2432 2568 2948 3014 3431 3912 4246 4603 4609 4670 4766 4822
560	38	367	24	247 393 401 446 819 1118 1142 1350 1395 1419 1426 2054 2614 2713 2969 3036 3094 3377 3748 3911 4187 4540 4780 4904
581	36	376	24	79 449 540 611 696 1138 1191 1383 1846 1885 2135 2145 2498 2805 2934 3055 3099 3398 3857 3936 4134 4272 4872
611	3	142	24	237 526 619 762 805 1232 1239 1360 1503 1649 1678 1758 1817 1825 2070 2667 2921 3146 3461 3526 3758 4240 4342
628	6	141	24	41 169 308 402 475 865 1599 2057 2326 2412 2482 2576 2584 2598 2787 2866 3227 3413 3422 3646 3654 3890 4719 4819
647	27	186	24	278 334 534 707 716 898 943 1063 1369 1992 2267 2327 2547 2647 3060 3549 3653 4230 4369 4613 4901
667	9	377	24	5 140 281 733 747 1511 1977 2055 2087 2996 3168 3175 3211 3430 3645 3881 3895 3940 4070 4173 4197 4687 4817 4961
670	10	176	24	96 366 675 873 1532 2254 2666 2708 2793 2843 2945 3387 3534 3590 4141 4203 4478 4576 4664 4743 4966 4999
683	26	299	26	62 66 130 169 226 346 772 962 1210 1342 1766 1875 1950 2147 2623 3219 3254 3698 3884 3926 4436 4516
705	40	1	24	65 104 314 738 784 808 835 838 895 1270 1735 2367 2390 2480 2570 2734 3165 3420 3997 4298 4376 4492 4887
736	28	351	24	47 287 935 1220 1276 1391 1565 1873 1964 2323 2648 2698 3369 3449 3773 3968 4028 4068 4315 4318 4630 4643 4986
741	2	322	24	193 476 669 1002 1059 1209 1309 2318 2379 2421 2544 2638 2824 2898 3248 4040 4047 4079 4080 4367 4528 4701 4718 4736
780	33	262	24	67 181 318 900 984 1181 1205 1394 1720 2102 2339 2551 2732 3153 3378 3746 3786 3925 4444 4566 4795
782	14	103	24	4 157 295 1093 1148 1278 1593 1882 2020 2174 2195 3042 3344 3507 3693 3736 4543 4618 4649 4802 4805 4955
790	16	210	24	89 509 523 674 841 1062 1090 1133 1168 1412 1499 2089 2223 3075 3382 3484 3555 4307 4620 4975
798	15	150	24	118 482 640 1058 1158 1213 1300 1631 1658 1690 1692 1779 1804 1927 2029 2736 2939 3589 3698 3880 4547 4746
4	7	328	24	71 90 362 991 1331 1875 2248 2407 2716 2749 2863 3030 3076 3100 3268 3600 3904 4874 4920 4977
20	24	147	24	148 357 358 403 417 452 1122 1144 1702 2056 2189 2940 3034 3072 3383 3664 3981 4131 4201 4452 4578 4653
22	21	310	26	23 279 434 552 793 1028 1589 1644 1687 2263 2714 2758 3058 3799 3920 4335 4364 4474 4602 4830 4889
34	23	131	26	205 266 280 393 673 796 802 1527 1686 1811 2154 2466 2625 2728 2729 3524 3634 3780 4186 4357 4502 4531
42	5	37	26	154 368 732 1582 1624 1777 1901 1969 2168 2472 2548 2573 2737 2790 2845 2979 3215 3918 3998 4158 4184 4917
58	25	125	26	3 57 701 1501 1572 1765 2222 2532 2554 2970 3291 3302 3435 3605 3715 3824 3840 4231 4234 4443 4883
77	34	265	26	7 21 382 475 561 676 877 949 1033 1329 1388 2364 2587 2616 3440 3603 3635 3755 4631 4752
80	19	380	26	305 413 592 786 892 1002 1082 1119 1574 1648 1983 2604 2693 3207 3312 3510 3877 3931 4003 4118 4140 4888
92	39	250	26	77 476 531 836 917 1098 1172 1185 1187 1196 1737 2543 2565 2859 2929 3056 3147 3176 3290 3680 4700
95	30	1	26	19 71 440 579 753 773 988 1027 1154 1544 1608 1619 1957 2079 2668 3191 3620 3684 4341 4995
98	32	359	26	11 285 406 891 1012 1273 1545 1573 2303 2798 2959 3120 3247 3266 3624 3905 4137 4421 4946 4992
100	17	212	26	99 139 464 505 788 1019 1330 1714 2015 2034 2749 2791 2825 2838 2867 3448 3853 4375 4748 4811
131	22	225	26	328 629 668 933 1037 1077 1476 1516 1569 1598 1676 1869 1888 1938 2179 2201 2381 2429 2577 2805 3733 4821 4943
136	8	142	26	112 729 1231 1293 1331 1580 1613 2062 2292 2441 2562 2701 2803 2868 3668 4068 4222 4223 4395 4533 4910
156	37	256	26	283 825 911 1026 1265 1298 1348 2114 2255 2294 2589 3020 3094 3169 3199 3417 3618 3646 3723 4220 4751 4956
195	13	293	26	369 519 925 961 1724 1778 1973 1974 1993 2424 2443 2572 3184 3409 3922 4113 4204 4219 4249 4564 4834
204	31	323	26	36 229 602 667 801 1081 1182 1219 1300 1419 1602 1797 2542 2595 2994 3501 3637 3907 4051 4160 4359 4972
206	29	341	26	111 134 572 596 819 1287 1411 1533 1823 1942 2795 2980 3059 3577 3739 3808 4004 4279 4475 4598 4624
246	12	59	26	161 162 468 698 792 1409 1581 1745 2352 2478 2754 2842 3026 3467 3491 3622 3648 4393 4455 4534 4540 4698 4993
247	4	181	26	140 242 543 902 1546 1570 1685 1729 1747 2005 2087 2248 2392 2564 3027 3641 3830 4169 4803 4879
294	20	195	26	48 149 446 537 774 953 1004 1090 1112 1161 2051 2176 2488 2869 3016 3206 3394 3526 4304 4331
305	35	343	26	15 325 444 797 876 1207 1311 1611 1623 2186 2190 2496 2692 2769 3106 3298 3481 3861 4377 4397 4557 4835 4933
316	1	51	26	291 674 993 1216 1510 1843 1880 2022 2031 2041 2171 2647 3054 3069 4032 4066 4188 4193 4390 4432 4467 4987
318	11	13	26	208 396 418 666 1383 1854 2009 2299 2873 3149 3223 3284 3529 4006 4147 4172 4679 4726 4791 4812 4983 4988
327	18	48	26	153 983 1102 1748 1840 1861 2169 2172 2252 2267 2365 2642 2694 2752 2765 2920 2954 3137 4211 4230 4238 4274 4903
343	38	306	26	527 647 778 779 947 1124 1197 1474 2058 2197 2257 2359 2369 2435 2458 2613 2657 2874 2945 3003 3392 3869 4429
345	36	128	26	67 1000 1250 1616 1894 1944 2220 2375 3093 3231 3420 3638 3737 3738 3917 4227 4268 4424 4459 4764 4928
348	3	152	26	268 649 660 700 850 1117 1376 1735 1767 2140 2486 3017 3260 3296 3354 3770 3776 4135 4243 4264 4814
359	6	182	26	70 514 839 1157 1294 1781 2165 2509 2515 2786 3303 3789 3962 4301 4422 4642 4666 4754 4777 4849
364	27	78	26	44 69 252 286 353 1050 1178 1308 1337 1565 2378 2597 2646 2757 2844 3030 3119 3956 4203 4305 4572 4627
401	9	228	26	45 189 430 1253 2285 2370 2724 2996 3078 3179 3459 3502 3570 3610 3764 4145 4312 4500
419	10	206	26	499 509 1239 1372 1951 1987 2279 2376 2699 2817 3022 3048 3105 3180 3307 3376 3404 3781 4156 4387 4737 4831
424	26	182	28	131 243 606 685 1150 1193 1203 1254 1706 1923 2040 2108 2135 2493 3111 3592 3675 3916 4531 4881 4935
430	40	148	26	192 601 632 804 901 1118 1173 1826 2036 2357 2672 3495 3545 3628 4199 4322 4326 4351 4400 4584 4793
457	28	246	26	78 125 298 326 485 518 595 745 1209 1280 1704 1874 2721 2826 3273 3364 3504 4031 4073 4544 4996
459	2	284	26	343 522 574 625 736 770 1821 1930 1967 2716 2856 3028 3102 3125 3657 4314 4320 4340 4378 4685 4970
500	33	302	26	75 145 477 588 787 845 1323 1493 1601 1663 1721 2189 2400 2708 3053 3836 3984 3987 4447 4450 4610
521	14	87	26	113 362 835 2368 2384 2462 2698 2730 2831 3031 3136 3580 3947 4005 4119 4183 4258 4259 4491 4632
523	16	238	26	290 1067 1319 1552 1658 1701 1715 1896 1988 2024 2288 2783 2908 2962 3103 3403 3988 4527 4529 4699 4822 4894
533	15	275	26	267 575 777 841 1016 1070 1075 1600 1639 1852 1996 2127 2401 2404 2653 3522 3583 3594 4229 4382
580	7	52	26	13 404 690 1189 1243 1373 1449 1458 1520 1631 1730 2090 2221 2734 2922 3039 3629 4206 4269 4501 4510 4741 4924
582	24	197	26	105 174 202 438 769 995 1550 1586 1632 2006 2760 2894 3088 3348 3712 4240 4303 4640 4747 4892 4896 4989
589	21	208	28	16 322 478 652 1058 1529 1641 1810 1918 2059 2204 2288 2461 2972 3051 3290 3489 3840 4466 4478 4913
595	23	203	28	270 535 694 1139 1358 2279 2447 2594 2770 2936 3412 3566 3651 3689 3739 3783 3920 4014 4301 4331 4504 4999
604	5	110	28	52 374 532 990 1280 1299 1378 1433 2001 2781 2848 2862 2899 2907 3077 3113 3117 3602 4037 4084 4912
610	25	268	28	253 298 490 703 1326 1735 1961 2215 2243 2431 3098 3112 3904 3945 3985 4181 4322 4338 4875
615	34	351	28	451 727 815 921 972 975 1012 1656 1759 2452 2492 2524 3025 3110 3129 3203 3538 3681 3841 4030 4082 4354 4749
637	19	16	28	35 76 488 1003 1189 1345 1869 2137 2504 2562 2988 3395 3520 4174 4258 4481 4716 4761 4808 4921 4994
642	39	249	28	98 516 557 587 1317 1393 1538 1640 1895 2500 2924 3080 3200 3216 3272 3327 3730 3890 4539 4966
655	30	27	28	565 602 1067 1186 1636 1705 2078 2706 2790 2923 3123 3464 3532 3614 3815 3829 3950 4002 4010 4290 4300 4766
676	32	10	28	14 46 151 388 1007 1398 1805 1952 2131 2145 2402 2593 2840 3480 3523 3672 3682 3907 4161 4859 4871 4929
693	17	306	28	30 371 544 809 876 1426 1450 1472 1626 1825 1839 1901 2115 2153 2359 3396 3450 3499 3557 4123 4802 4837 4978
706	22	389	28	150 170 199 466 486 816 830 832 954 1023 1451 1628 1699 2793 3179 3286 3628 3709 3854 4298
725	8	337	28	5 733 744 798 1274 1740 1994 2008 2155 2381 2384 3030 3236 3550 4019 4394 4426 4472 4658 4705 4725 4865
730	37	378	28	230 719 799 894 1132 1532 1707 1708 1789 1851 1965 2514 2633 2652 2959 3029 3047 3288 3360 3455 4198 4782 4951
734	13	41	28	252 321 408 866 984 1756 2320 2427 2651 2825 2980 3050 3099 3114 3174 3442 3535 3665 3766 3778 4269 4876
739	31	95	28	209 282 283 639 655 1070 1870 1902 2141 2199 2618 2724 2810 2953 2968 3108 3299 3662 3757 3863 4206 4864
784	29	122	28	10 417 498 651 700 749 766 957 1432 1522 1679 2004 2071 2194 2518 2879 3024 3465 3640 4652
785	12	57	28	366 636 786 831 928 929 961 997 1500 1635 2217 2262 2286 2586 3238 4556 4690 4721 4860 4997
787	4	340	28	1117 1196 1320 1491 1646 1694 1843 1900 1978 2022 2106 2157 2161 2365 2537 3140 3693 3825 3831 4132 4283 4920
796	20	21	28	74 83 415 1035 1318 1396 1690 1803 1872 2076 2082 2202 2237 2993 3239 3565 3591 3891 3900 4358 4924
38	35	53	28	29 442 806 851 1445 1470 1496 1790 2347 2585 2900 3181 3226 3233 4039 4094 4680 4713 4746 4823
45	1	221	28	307 390 457 519 834 1055 1276 1458 1468 1551 1567 1571 1750 2007 2559 2634 3304 3492 3850 4142 4868
54	11	78	28	116 332 381 394 1517 1548 1797 2052 2372 3287 3552 3594 3705 3768 3974 4263 4264 4506 4643
57	18	18	28	102 278 660 793 987 1087 1100 1268 1296 1473 1591 1711 1835 1898 2357 2377 2435 2836 3205 3445 3490 3810
93	38	177	28	407 676 705 1053 1372 1373 1576 2472 2547 2736 2751 2796 3389 3401 3975 4192 4336 4364 4541 4712
115	36	174	28	402 1091 1543 1558 1755 2123 2180 2223 2720 2925 2939 3245 3470 3634 3708 4036 4449 4548 4893
150	3	332	28	187 741 848 899 931 943 1130 1156 1253 1401 1480 1713 1830 1985 2070 2250 2282 2325 2611 2897 3248
166	6	387	28	138 347 573 590 861 1223 1439 2056 2761 2921 2934 3071 3275 3407 3424 4047 4226 4612 4637 4688 4799 4801
184	27	164	28	117 846 1181 1507 1948 2100 2142 2306 2476 2746 2801 2949 2952 3518 3879 3888 3960 4355 4645 4840
193	9	30	28	60 100 331 397 414 656 1059 1206 1879 1967 2432 3072 3090 3135 3227 3586 3658 4171 4200 4305 4570 4601
199	10	127	28	617 755 813 934 1088 1097 1131 1421 1536 2019 2139 2305 2777 3314 3495 4306 4464 4508 4890 4967
238	40	5	28	637 912 1084 1143 1187 1369 1854 2410 2764 2807 2823 2831 3334 3447 3561 3735 3938 4291 4395 4446
254	28	77	28	567 740 1355 1520 1823 1880 1975 2592 2605 3197 3379 3411 3475 3509 3652 3996 4224 4257 4628 4629
267	2	183	28	246 452 953 1077 1247 1323 1442 1557 1769 1876 1962 2768 2842 2919 3637 4028 4228 4483 4557 4907 4957
270	33	288	28	147 223 482 731 857 1017 1031 1057 1308 1662 1716 2314 2742 2811 2821 3542 3580 3603 3731 4221 4310
281	14	82	28	103 261 1075 1120 1148 1313 2572 3307 3405 3605 3624 3636 3896 3923 4129 4246 4309 4344 4370 4838 4975
286	16	392	28	113 118 645 860 1744 2080 2183 2336 2367 2421 2426 2549 2712 2824 2942 2983 3267 3439 4093 4455
340	15	280	28	356 494 826 970 1512 1792 1801 1888 1899 2200 2246 2544 2685 3408 3457 3769 4050 4101 4320 4795
357	7	8	28	190 315 539 752 1289 1829 1853 2302 2396 2405 2497 2898 2948 3136 3154 3263 3328 3823 4255 4316 4748
402	26	183	29	551 561 855 1100 1291 1626 1940 2253 2484 2668 2832 2848 2948 3081 3326 4282 4413 4485 4678 4756 4972
423	24	132	28	1159 1596 1637 1726 1763 1832 2290 2413 2467 2674 2748 2856 2932 3359 3458 3711 3836 4163 4213 4534 4757
427	21	154	29	141 201 300 309 810 994 1299 1479 1519 2148 2480 2804 3342 3387 3774 3845 4089 4445 4927 4993
431	23	365	29	191 356 985 1260 1831 2438 2464 2768 2866 2907 2975 2996 3032 3348 3564 3765 4071 4152 4155
438	5	271	29	21 214 414 421 503 629 950 1234 1354 1457 1544 1567 1934 2212 2574 3026 3051 3054 3596 4188 4798 4991
475	25	50	29	13 392 479 566 1679 1926 1932 1975 2112 2573 3017 3059 3148 3403 3713 3881 4289 4401 4509
476	34	76	29	64 416 504 553 604 716 1511 1696 1882 2815 2880 2966 2979 3050 3108 3285 3411 3619 4039 4438 4694
496	19	385	29	57 355 773 798 929 1105 1265 1561 1677 2014 2048 2169 2494 2501 3256 3614 3710 4608 4613 4674 4910
497	39	243	29	179 1008 1130 1270 1411 1670 1957 2149 2175 2481 2505 2664 2687 3301 3325 3757 3801 3809 4538 4575 4759 4929
506	30	233	29	212 335 395 449 476 532 578 1176 1717 1739 1757 2210 2245 2329 2356 2364 2401 2763 3276 3598 3611 3790
512	32	247	29	171 302 664 1428 1469 1732 1837 2078 2136 2399 3289 3315 3728 3732 4108 4567 4625 4666 4849 4916
515	17	318	29	328 407 413 473 902 1946 1967 1974 2176 2270 2631 2738 2875 3154 3525 3892 4139 4236 4312 4450 4518 4629
530	22	190	29	156 908 975 1132 1383 1472 1683 1802 2053 2072 2079 2463 2510 2682 2685 3107 3357 3935 4216 4541 4580 4706
539	8	235	29	117 129 167 196 257 494 570 581 733 916 1053 1315 1343 2164 2744 2887 3166 3561 3719 3931 4109 4338
544	37	337	29	183 306 492 714 794 814 840 1407 1901 1922 1928 2383 2397 2780 3338 3718 3992 4721 4758
565	13	276	29	187 310 747 1037 1240 1507 1582 1681 1725 1729 2104 2834 2963 3587 3737 3924 4239 4329 4389 4630
575	31	289	29	806 1247 1448 1776 2324 2402 2859 2869 3178 3458 3491 3766 4022 4121 4125 4566 4647 4697 4773 4874
599	29	132	29	116 182 288 362 625 696 792 795 1478 1816 1906 2005 2064 2473 2542 2795 3073 3189 4394 4988
625	12	307	29	9 206 663 672 1419 1477 1719 2319 2526 2580 2947 3019 3201 3265 3887 4165 4263 4724 4818 4825 4963
631	4	391	29	52 225 541 618 917 1033 1067 1277 1855 1905 1913 1968 2068 2379 2936 3397 3893 4035 4242 4515 4827 4888
639	20	349	29	299 565 707 1010 1386 1587 2017 2158 2217 2348 2976 3347 3363 3436 3563 3595 3868 4381 4423 4779 4837
664	35	327	29	224 247 301 575 1165 1316 1991 2525 2553 2707 2724 2818 2937 3042 3159 3452 3531 3593 3672 4055 4393 4864
665	1	231	29	263 851 941 1171 1423 1684 1685 2516 2554 3000 3082 3247 3356 3393 3481 3903 4010 4255 4480 4668 4884
672	11	166	29	256 352 928 1278 1687 2278 2328 2858 3044 3198 3386 3520 3594 3676 3761 3800 3934 4234 4238 4490 4672 4891
678	18	144	29	184 635 881 1198 1556 1573 1734 1753 1782 2089 2628 3184 3446 3482 3633 4248 4611 4854 4897 4955 4957
684	38	135	29	160 502 850 1365 1388 2113 2375 2386 2499 2534 2792 2857 3358 3467 3508 3555 3648 3849 3875 4064 4623 4664
727	36	258	29	254 711 859 945 987 1099 1138 1266 1313 1492 1554 1616 2592 3169 3592 3955 4137 4360 4418 4521 4556
735	3	104	29	106 186 294 378 518 648 886 1272 1378 1636 2133 2302 2441 2973 3021 3545 4003 4184 4366 4638 4650 4936
789	6	321	29	273 668 992 1159 1844 1921 2191 2655 2844 3087 3186 3220 3455 3608 3654 4076 4159 4198 4841 4956
17	27	99	29	498 1101 1317 1746 2641 2732 2837 2852 3231 3456 3616 3759 4038 4067 4077 4212 4214 4327 4605 4905 4949
26	9	165	29	496 1139 1199 1251 1716 1789 1949 2083 2235 2239 2581 2654 2686 2715 3472 3703 4099 4382 4621 4707 4830
50	10	53	29	446 912 1330 1460 1534 1666 1689 1697 1890 2129 2344 2426 3271 3492 3631 3772 4391 4444 4806 4858
59	40	130	29	111 282 597 600 609 738 1269 1335 1686 2096 2223 2289 2457 2483 2512 2883 3469 3830 4008 4614
71	26	271	30	505 602 815 952 995 1003 1356 1384 1750 2119 2802 3007 3553 3878 3885 3965 4063 4394 4451 4689 4710
85	28	328	29	241 278 983 1249 1483 1754 1952 1987 2318 3655 3677 3859 3898 4100 4626 4737 4768
121	2	188	29	210 489 674 754 869 1415 1435 1598 1874 2157 2352 2394 2521 2652 2833 2855 3022 3071 3658 4334
124	33	393	29	145 365 624 834 1062 1194 1367 1827 2523 3167 3825 3926 4092 4192 4256 4448 4514 4534 4565
125	14	274	29	94 451 456 1215 1286 1306 1743 2117 2502 2612 2691 3043 3269 3306 3344 3371 3473 3890 4052 4801 4887
140	16	324	29	43 568 584 784 1102 1164 1714 1947 1958 2037 2450 2540 2940 3295 3688 3844 3906 4078 4116
148	15	279	29	308 377 457 853 1064 1074 1303 1524 1720 1765 1914 2384 2862 2959 3656 3870 4384 4601 4878 4914
175	7	119	29	61 315 420 466 544 693 1020 1267 1361 1671 1970 2103 2304 2683 2703 3383 3973 4162 4318 4424 4561
191	24	397	29	274 363 370 495 571 885 1280 1327 1800 2081 2530 3110 3174 3303 4029 4295 4425 4453 4476 4797
223	21	381	30	235 530 1031 1038 1202 1505 2092 2328 2592 3577 3833 3973 4138 4640 4688 4762 4899 4963
237	23	239	30	213 288 387 882 927 1481 1515 1717 1734 1942 2325 2444 2692 2818 3003 3045 3310 3659 3819 4858
266	5	3	30	37 180 184 218 238 362 671 680 763 1162 1396 1807 1968 1994 2021 2534 3451 3709 3824 4337 4745
275	25	148	30	28 1156 1636 1765 1917 1965 2061 2310 2409 2572 2597 2683 2732 3388 3433 3552 4149 4379 4499 4993
329	34	203	30	332 562 1113 1141 1160 1747 1995 2424 2477 2672 2990 3023 3104 3111 3344 3519 3591 3762 3779 4702 4839
342	19	368	30	257 582 808 856 1749 1798 1890 2345 2468 2525 2856 2927 3107 3345 3699 4220 4235 4275 4311
361	39	168	30	373 568 627 936 2013 2031 2558 2779 2851 2971 3002 3253 3334 3493 3720 4013 4147 4190 4649 4918
369	30	338	30	333 1078 1754 1915 2062 2587 2669 3061 3095 3243 3315 3318 3474 3529 4123 4231 4371 4471 4586 4735 4751
374	32	250	30	36 126 194 1056 2168 2372 2488 2690 2736 2771 2775 2954 2992 3507 3606 3647 4250 4796 4881 4884
380	17	75	30	6 535 910 1531 1742 1921 2590 2602 3093 3615 3788 3837 3914 4018 4111 4522 4530 4596 4773
383	22	42	30	233 526 604 989 1174 1249 1273 1321 1762 2630 2697 3190 3462 3964 3983 4017 4065 4222 4600 4805 4981
385	8	99	30	198 390 1484 1569 1598 1602 1936 1946 2017 2229 2461 2506 2681 3019 3630 3888 4409 4639 4692 4940 4950
404	37	14	30	313 357 754 1171 1343 1714 1800 1929 2475 2881 3015 3301 3346 3514 3823 3834 4165 4774 4890
443	13	209	30	39 249 662 766 950 1124 1236 1364 1437 1446 1604 1678 2917 3052 3119 3384 4083 4242 4440 4527
455	31	334	30	87 193 869 1189 1197 1349 1587 2010 2227 2385 2741 2778 2780 3051 3199 3510 4151 4221 4388 4803
460	29	301	30	8 215 272 345 517 638 700 775 993 1121 1184 1394 1595 2421 2524 2567 3408 4436
466	12	243	30	43 389 550 896 1444 1847 2130 2155 2337 2764 2821 3141 3560 3899 3986 3990 4027 4299 4568 4793
469	4	163	30	40 258 485 491 734 818 1157 1324 1623 1688 1954 2105 2187 2393 3838 4009 4167 4298 4690
488	20	339	30	10 148 336 791 829 870 899 1614 1793 1959 2784 2941 3470 3569 3883 4373 4483
499	35	254	30	140 177 200 559 976 1282 1413 1776 2297 2322 2752 2754 3075 3381 3617 4341 4412 4444 4591 4592
507	1	106	30	2 320 564 697 1235 1254 1479 1940 2056 2093 2622 3631 3686 3704 3743 3857 3939 3978 4303 4580 4823
546	11	60	30	538 717 722 828 1297 1307 1372 2585 2906 2913 3092 3122 3280 3368 3575 3587 3691 4405
576	18	181	30	410 884 904 969 1469 1519 1937 2037 2118 2189 2203 2219 3693 4197 4308 4319 4472 4533 4978
586	38	290	30	143 314 316 561 886 931 1102 1508 2086 2261 2656 3037 3527 3749 3803 3953 4128 4139 4342
591	36	5	30	276 363 411 434 591 1046 1087 1312 1562 2263 2355 2469 2710 2875 3117 3828 3931 4662 4709 4923
601	3	169	30	147 623 1152 1328 1560 1928 1960 2030 2112 2208 2492 2512 2776 2944 2945 3736 3798 3820 4542 4840
619	6	35	30	370 642 926 1302 1679 2305 2706 2707 2709 2960 2982 3009 3163 3221 3313 3671 3975 4369 4661 4801 4811
627	27	397	30	208 211 335 847 920 984 1206 1337 1682 1950 1989 2162 2579 2631 2860 3035 3049 3129 3187 3732 4788
632	9	38	30	151 379 586 732 945 1083 1382 1574 1732 1961 2620 2633 2658 2674 2807 3370 3726 4041 4792 4849
636	10	201	30	52 120 135 255 477 490 864 1008 1674 2522 2763 3244 3263 3518 3586 3683 3858 4084 4665
653	40	162	30	285 470 888 1183 1351 1681 1863 1997 2542 2619 3024 3320 3601 3644 3771 4039 4237 4634 4716 4833
656	28	100	30	130 504 518 924 2002 2433 2570 2691 2701 2726 2986 3217 3559 4025 4026 4296 4878 4938 4992
658	2	112	30	23 176 809 1538 1579 1864 2537 2588 2637 2684 2717 3669 3684 3755 3974 3980 4185 4497 4976 4989
700	33	309	30	51 231 422 497 1497 1653 1723 1850 1892 1941 2471 2632 3170 3612 4101 4310 4622 4627 4646 4734 5000
720	14	371	30	192 230 392 1042 1185 1855 2076 2284 2470 2774 2805 3047 3760 3816 3961 4045 4095 4117 4132 4708 4757
761	16	87	30	146 797 1222 1359 1429 1791 2039 2041 2299 2557 2824 3032 3038 3604 3717 3900 4669 4781 4829 4960
773	15	199	30	262 528 547 569 610 639 650 690 996 1015 2190 2531 2822 3497 3554 3722 3808 4413 4643 4699 4712
788	7	137	30	833 1053 1204 1313 1494 1625 1669 2003 2115 2773 2970 3661 3687 4380 4602 4789 4876 4909 4949 4980
29	24	344	30	70 186 794 883 1000 1644 1665 1803 1825 2266 2516 2640 2664 3336 3703 3970 4285 4560
41	26	389	27	320 480 505 801 844 854 1188 1494 2055 2393 2489 2981 3266 3385 3458 3589 4152 4297 4450 4722
60	26	96	25	302 517 1170 1203 1260 1643 1652 2132 2453 2636 2690 3197 3294 3425 3539 3568 3793 3947 4858 4987
67	26	370	23	347 782 879 1057 1550 1570 1703 2165 2177 2368 2377 2755 2767 3123 3125 3367 3477 4176 4273 4761
81	26	65	21	514 1509 1921 2237 2246 2506 2569 2626 2665 2723 3316 3404 3523 3592 3620 4105 4125 4353 4429
122	26	251	19	156 340 406 465 477 732 760 1177 2206 2250 2591 3089 3362 3880 4333 4542 4926 4936 4947
162	26	62	17	191 601 718 1256 1409 1577 1817 1937 1963 2064 2832 2937 2995 3351 3433 3539 3750 3804 3922 4930
168	26	68	15	32 152 263 981 1778 1814 2063 2111 2346 3201 3349 3380 3564 4042 4046 4190 4283 4640 4700
174	26	383	13	133 594 1321 1338 1609 1658 2108 2192 2623 2781 3138 3269 3398 3641 3723 4207 4411 4607 4671 4922
234	26	31	11	22 41 243 512 531 537 1055 1301 1572 1688 2615 2631 3308 3602 3683 3735 4634 4770 4798
261	26	218	9	119 163 287 301 400 840 942 1097 1312 1465 1725 1748 1859 2098 2486 2651 2827 3105 4099 4628
272	26	127	7	248 688 691 1413 1460 1796 2066 2466 2481 2676 3751 4009 4086 4093 4124 4304 4635 4687 4889
295	26	277	5	98 153 269 341 1468 1571 1885 1976 2066 2269 2531 2532 2564 3413 3423 3595 3627 4220 4535 4971
321	26	140	3	20 68 514 813 933 1145 1497 1612 2102 2199 2286 2346 2624 2756 3280 3727 4292 4383 4673
344	26	221	1	422 706 861 1110 1137 1346 1706 1884 2693 3024 3296 3845 4248 4550 4684 4767 4872 4893 4956
350	21	330	27	469 622 641 790 945 1333 1951 2300 2580 2620 2627 2866 3186 3419 3584 4009 4018 4356 4844 4852
365	21	44	25	206 228 548 661 925 1321 1426 1682 1909 2091 2245 2614 2652 3166 3394 3541 3740 4294 4427
403	21	219	23	206 214 244 246 581 628 742 784 895 1476 1521 1674 2899 3149 3969 4080 4180 4942 4948
426	21	230	21	297 619 1270 1410 1420 1599 1775 1920 1945 2191 2244 2417 2628 2761 3835 4060 4133 4624 4660 4854
536	21	45	19	157 195 401 442 682 714 1902 1972 2303 2304 2733 3115 3532 3609 3679 3847 4060 4657 4933
545	21	286	17	27 290 504 595 757 1132 1700 1715 2192 2684 2719 3456 3505 3599 3960 4272 4410 4416 4655 4729
549	21	377	15	292 450 1056 1309 1381 1390 1609 1657 2541 2768 2853 3015 3017 3091 3294 3342 4181 4386 4424 4438
571	21	192	13	613 942 1121 1445 1560 1677 1699 2156 2342 2445 2451 2884 2910 3527 3561 3882 4179 4232 4534 4809
583	21	242	11	585 812 977 1454 1951 2043 2172 2550 2653 2811 2903 3362 3628 3744 4015 4024 4078 4401 4687 4718
603	21	218	7	127 324 553 595 699 797 1020 1698 2339 2656 2843 3225 3599 3622 3792 4364 4496 4769 4794 4892
607	21	46	9	73 525 587 593 689 827 984 1023 1176 1501 1694 2864 3058 3605 3978 4002 4054 4621 4974
618	21	257	5	455 698 1225 1428 1446 1755 1808 2175 2306 2431 2472 2946 3056 3126 3224 3496 3581 4198 4544
621	21	154	3	115 324 837 867 957 1475 1549 1661 2301 2358 2968 3167 3475 3554 3566 3707 4128 4214 4301 4602
622	21	94	1	69 184 470 570 736 1153 1154 1611 1661 1669 2091 2412 2986 3329 3475 3479 3713 3812 4363 4740
635	23	137	27	68 132 223 268 623 680 725 1151 1364 1605 2127 2395 3478 3977 4046 4159 4175 4321 4508
677	23	111	25	182 287 520 544 712 1092 1190 2300 2691 3035 3289 3379 3687 3909 4086 4107 4409 4412 4656 4870
686	23	394	23	562 922 971 995 1262 1907 2032 2043 2442 2498 2605 3450 3479 3481 3509 3674 4066 4347 4488 4619
701	23	156	21	276 897 1043 1169 1304 1943 2230 2260 2320 2389 2418 2696 3572 3606 4202 4385 4766 4889 4910
702	23	339	19	124 453 524 657 660 1188 1527 1578 1654 1691 1702 2025 2354 2806 2881 3127 4195 4321 4416 4867
710	23	317	17	235 366 373 904 1128 1420 1497 1621 1722 1989 2055 2501 2584 3264 3384 3604 3636 4193 4230 4875
711	23	194	15	118 234 424 688 748 909 1009 1094 1107 1675 2300 2668 2956 3263 3288 3781 3787 3812 4635 4789
724	23	189	13	5 179 660 723 1244 1439 1491 1508 1589 1644 1809 2327 2507 3202 3468 3480 3539 3629 4093
731	23	312	11	131 653 936 994 1085 1403 1410 2291 2298 2336 2591 2739 3036 3102 3161 3696 3778 4016 4118 4378
743	23	150	9	76 80 848 1687 1733 1841 1845 1884 2326 2360 2620 2794 2886 3300 3496 3988 4228 4252 4552 4943
749	23	106	7	54 273 467 569 796 1040 1146 1307 1756 2148 2179 2373 2386 3570 3719 3759 3949 4048 4081 4966
774	23	32	5	289 433 454 500 815 978 1315 1364 1413 1514 1877 1932 2341 2986 3042 3209 3517 3647 4845
775	23	367	3	807 923 1343 1407 1521 1960 2138 2459 3426 3600 3860 3861 3937 3958 4262 4536 4618 4768 4819 4850
777	23	152	1	26 382 421 464 1075 1210 1220 1293 1699 1762 1949 3316 3415 3607 3919 4528 4642 4827 4941 4957
779	5	340	27	248 374 420 533 639 824 970 1770 1788 2045 2590 2813 2823 2913 3219 3285 3780 4391 4711
15	5	332	25	125 256 604 899 1228 1790 2049 2231 2340 2407 2757 3046 4041 4308 4390 4741 4896 4898 4936
33	5	229	23	80 304 387 909 1249 1366 1968 1970 2456 2538 2695 2758 3443 3476 3563 3813 4593 4876 4998
111	5	375	21	1 328 347 725 1613 1858 1919 2193 2226 2324 2525 2541 2675 3010 3352 3771 3929 4714 4951
128	5	260	19	149 1192 1495 1643 1953 1978 2311 2601 2640 2955 3291 3601 4423 4633 4713 4730 4870 4873
141	5	60	17	493 610 616 640 678 1352 1435 1451 2116 2569 2733 3513 3741 3845 4488 4505 4792 4931
147	5	147	15	69 195 256 621 1126 1217 1895 2266 2371 2603 2892 3112 3421 3623 3627 4024 4342 4559 4911
182	5	200	13	210 759 762 852 928 1339 1833 2012 2366 2552 2992 3303 3308 3615 3893 4753 4820 4964 4980
210	5	96	11	1 280 487 523 1163 1467 1605 1935 2324 2688 2748 3082 3144 3327 4092 4223 4261 4396 4592
213	5	66	9	578 754 1173 1462 1852 2109 2202 2256 2268 2341 2657 2870 3149 3199 3756 3789 4087 4872 4990
219	5	126	7	60 89 157 410 474 1224 1268 1625 1873 2435 2533 2538 2873 3128 3518 3875 4274 4574 4733
227	5	64	5	292 648 1073 1094 1319 1392 2743 3015 3188 3387 3454 3842 3870 4097 4191 4264 4382 4747 4797
304	5	26	3	86 489 574 582 763 906 1010 1041 1245 1327 1872 2030 2125 2170 2385 2905 4349 4605
307	5	169	1	169 216 325 683 882 1334 1819 2096 2233 2311 2383 2406 2673 2800 3892 4090 4207 4504 4570
320	25	193	27	38 333 487 546 792 953 1042 1220 1940 2064 2581 2585 3144 3214 3471 4058 4143 4544 4731
324	25	26	25	25 349 775 903 1412 1584 1976 2121 2134 2152 2280 2335 2349 2630 2704 2793 2926 3078 3351
334	25	172	23	238 264 918 1250 2135 2575 2689 2718 2939 2962 3064 3161 3322 3753 4223 4263 4535 4617
358	25	7	21	107 218 907 1165 1166 1218 1277 1524 2957 3128 3190 3568 3697 4016 4203 4300 4467 4612 4644
360	25	163	19	417 634 826 905 1391 1572 1866 1926 2289 2363 2545 2632 3141 3357 3452 4186 4293 4493 4574
378	25	133	17	294 306 404 729 874 966 1477 1564 1622 1908 2241 2369 2657 3059 3121 3206 3597 4012 4977
390	25	118	15	83 344 647 823 877 1230 1299 1698 1877 2564 2654 2678 3519 4288 4476 4569 4772 4812 4874
395	25	193	13	123 339 492 665 921 987 1153 1205 1234 1632 2851 2863 3314 3646 4011 4079 4178 4319 4825
407	25	4	11	63 141 1029 1345 1389 1770 1797 2770 2779 2861 2885 3154 3257 3493 3801 4173 4306 4614 4689
414	25	252	9	65 78 95 558 572 790 813 1218 1498 2069 2797 2828 3190 3442 3721 3989 4651 4767
422	25	129	7	365 472 898 965 1147 1657 1996 2023 2878 2931 2973 3085 3135 3275 3798 3876 4079 4543 4900
448	25	188	5	10 405 483 523 911 990 1086 1453 1563 1860 2035 2777 3436 3743 4247 4612 4621 4836 4950
456	25	113	3	307 356 791 928 1074 1239 1325 2500 2536 2677 3073 3147 3157 3507 3549 4491 4500 4542 4545
471	25	352	1	982 1124 1627 2018 2316 2382 2540 2553 2557 2564 2848 2962 3162 3224 3327 3535 3673 4114 4978
478	34	376	27	43 1292 1564 1708 1732 1936 2298 2434 2845 2945 2952 3062 3112 3272 3333 3988 4575 4581 4873
489	34	89	25	380 838 1060 1125 1310 1314 1347 1430 2061 3001 3151 3429 3542 3771 3803 4252 4689 4999
495	34	171	23	189 384 440 1060 1497 1549 1660 1999 2063 2302 2522 2762 3808 4116 4288 4494 4506
578	34	217	21	487 1132 1476 1614 2398 2485 3657 3856 3982 4128 4170 4254 4275 4434 4558 4659 4676 4737 4962
588	34	40	19	686 816 871 1298 1312 1319 2265 2387 2596 2968 3137 3277 3312 3766 4288 4345 4402 4497 4786
624	34	175	17	423 841 845 1146 1152 1211 1496 1995 2093 2137 2286 3111 3232 3469 3752 4376 4469 4486 4584
679	34	121	15	44 644 751 821 1447 1641 2138 2205 2533 2891 2950 3168 3490 3583 3958 4028 4677 4873 4994
703	34	292	13	50 178 298 583 1202 1206 1536 1817 2050 2292 2293 2468 3152 3232 3800 3933 4405 4406 4951
714	34	321	11	918 1923 1999 2156 2184 2279 2511 2718 2788 3054 3488 4017 4019 4049 4148 4161 4588 4661 4706
716	34	196	9	43 211 342 542 800 1114 1284 1506 1719 1925 2490 3855 3959 4043 4173 4251 4365 4531 4642
717	34	272	7	190 329 713 716 1004 1845 1943 2420 2938 3436 3437 3652 3811 3868 3907 4013 4137 4589 4750
719	34	272	5	161 249 961 1200 1492 1616 1867 1989 2349 2375 2393 2405 2814 2933 2971 3068 3902 4086 4395
738	34	179	3	535 597 816 1046 1165 1351 1642 2364 3210 3268 3298 3304 3765 3773 3938 4118 4338 4671 4861
766	34	360	1	415 547 608 979 1076 1742 2390 2672 2847 2850 3079 3557 3665 3825 4036 4215 4340 4715 4773
786	19	170	27	125 235 292 383 519 548 873 1049 1064 1212 1270 1594 1915 2726 3511 3642 3946 3949 3965
5	19	225	25	38 707 979 994 1526 1671 1778 1894 2667 3041 3108 3580 3660 3894 4445 4829 4938
69	19	313	23	599 802 1529 1641 1722 1867 2712 2864 3139 3175 3185 3361 3407 3903 3964 4146 4744 4912
87	19	224	21	101 322 339 390 484 574 1227 1276 1330 1580 2166 3618 3702 4332 4419 4587 4881
88	19	288	19	142 859 1122 1470 1534 2243 2585 2710 3213 3494 3655 3901 4685 4719 4813 4821
97	19	313	17	556 1212 1356 2111 2291 2366 2374 2843 3441 3477 3747 4029 4195 4326 4512 4670 4831 4921
133	19	166	15	127 213 277 290 703 730 749 959 980 1515 1916 2060 2195 2799 3252 3472 3987 4119
146	19	138	13	465 685 968 973 1325 1992 2008 2687 2705 2817 2970 3271 3964 4386 4696 4727 4911 4955
171	19	36	11	405 432 783 1322 1405 1752 2250 2552 2616 2774 3372 3465 3827 3839 3998 4350 4446
181	19	204	9	105 509 521 897 954 1248 1350 1626 1632 1919 2822 2872 3337 3422 3917 3934 4110 4266
228	19	63	7	121 1456 1907 2272 2446 2471 2483 2484 2749 2822 2895 3359 3426 3430 3528 3851 4407 4527
240	19	261	5	75 207 753 1202 1424 2217 2239 2281 2538 3074 3268 3279 3282 3728 3733 4090 4656 4710
242	19	357	3	178 620 999 1107 1174 2661 3070 3101 3115 3164 3900 3929 4075 4244 4409 4733 4758 4965
296	19	236	1	443 643 825 934 1858 1923 2430 2433 2566 3028 3125 3229 3233 3718 3735 3980 4049 4262
325	39	92	27	164 885 1301 1401 1693 1752 1837 2077 2089 3279 3418 3438 3477 3802 4016 4358 4865 4992
398	39	29	25	356 739 956 1619 2032 2227 2278 2482 3007 3338 3863 3906 4127 4134 4245 4386 4775 4866
452	39	88	23	637 910 1300 1537 1680 1733 2074 2551 2588 2698 2749 2865 3596 3963 4234 4909
491	39	25	21	9 852 1403 2290 2977 2985 3589 3888 4225 4246 4324 4404 4431 4490 4503 4665 4869 4876
492	39	342	19	265 361 973 1524 1760 1805 1882 1917 1952 2277 2602 2778 3076 3239 3272 4335 4982
524	39	189	17	28 202 944 1143 1498 1613 2077 2808 2871 3172 3299 3354 3457 4004 4040 4076 4439 4468
566	39	75	15	24 35 102 641 864 1047 1130 1235 1388 1769 1887 2026 2208 2561 4108 4432 4533 4631
634	39	368	13	107 359 539 857 893 1081 1224 1747 1964 2760 2933 3122 3581 3874 3910 4283 4503 4760
641	39	217	11	258 294 946 1058 1221 1376 1719 1829 2034 2305 3070 3189 3276 3874 3989 4062 4067 4683
644	39	165	9	271 345 447 536 603 1363 1522 1579 2118 2964 2965 3191 3670 3879 4130 4362 4675 4801
645	39	160	7	255 346 405 686 1728 1973 1991 2039 2489 2496 2550 3090 3513 3546 3980 4034 4278 4323
648	39	278	5	451 808 822 1542 1824 2260 2711 3153 3156 3674 3696 3787 3928 4213 4463 4736 4931
668	39	17	3	506 666 1187 1318 1568 1683 2001 2818 2904 3425 3439 3695 3834 3871 3953 3968 4051 4440
698	39	333	1	209 419 483 999 1770 1911 2010 2029 2105 2733 3370 3464 3507 3915 3995 4091 4202 4411
726	30	66	27	860 1534 1606 1771 1785 1969 2088 2454 2648 2826 2843 3341 3706 3727 3846 3935 4868
750	30	232	25	105 275 335 1068 1309 2246 3214 3287 3360 3451 3517 3761 3875 3939 4072 4815 4828 4842
752	30	105	23	656 1637 1914 2094 2147 2274 2366 2401 2493 2739 2779 2981 3373 3702 3820 4140 4374 4586
754	30	227	21	31 112 429 664 997 1182 1453 1684 1816 1855 2698 2832 3113 3226 3484 3585 3897 4468
765	30	144	19	100 185 791 840 919 1042 1437 1722 1724 1844 1912 2185 2225 3223 3476 4217 4398 4965
21	30	234	17	212 233 349 381 440 499 519 536 1043 1194 3381 3949 4310 4460 4652 4811 4979
31	30	126	15	597 1553 1706 2330 2758 2814 2881 2938 3666 3688 3700 3813 3814 4323 4666 4678 4748
73	30	356	13	543 1080 1235 1476 2490 3292 3313 3414 3747 4401 4414 4495 4497 4606 4869 4953
108	30	20	11	119 227 958 1021 1239 1487 2708 2895 3183 3322 3543 3809 3948 4058 4407 4635 4655
138	30	102	9	134 1238 1357 1410 2052 2284 2669 2700 2884 2910 2926 3573 3717 4150 4179 4425 4682
144	30	138	7	63 374 721 963 1955 2308 2367 2476 2759 3091 3235 3279 3728 3934 4062 4328 4571
176	30	375	5	792 1142 1328 2252 2639 2890 3138 3179 3208 3294 3633 3638 4033 4116 4383 4695 4919
249	30	295	3	70 116 1164 1180 1773 2104 2150 2369 2634 2990 2999 3277 3663 3700 4119 4761 4908
333	30	130	1	204 268 314 935 1063 1461 1815 2258 2641 2759 3455 3630 4131 4352 4507 4739 4857
435	32	6	27	567 678 930 1733 1897 2321 2508 2539 2577 3086 3146 3244 3567 3886 4073 4260 4699
465	32	350	25	370 804 1586 1919 1951 2285 2680 2800 3020 3217 3460 3625 4180 4296 4332 4525 4731
547	32	316	23	82 708 862 870 920 1181 1184 1631 2053 2288 2391 2902 3219 4064 4186 4282 4573
568	32	386	21	1072 1427 1486 1608 2188 2256 2558 2770 2993 3046 3055 3282 3501 3635 3680 4388 4906
722	32	300	19	376 431 680 1783 2033 2191 2353 2445 2971 3659 3812 4266 4775 4789 4852 4880
783	32	238	17	32 516 843 1168 1495 1794 2435 2517 2727 2925 3034 3888 4637 4739 4893
257	32	124	15	364 551 837 875 911 1588 1994 2200 2399 2706 2810 3042 3460 3734 3790 4837
303	32	44	13	355 693 939 943 2021 2762 2914 3014 3203 3366 3571 3720 3839 4271 4321 4329
308	32	15	11	568 743 774 1245 1377 1503 1809 1934 2151 2659 2825 3305 3413 3610 4082 4738
371	32	198	9	461 720 814 890 962 989 2006 2359 2459 2571 3708 3779 4443 4632 4720 4829
375	32	240	7	163 305 320 642 1726 1789 1792 1924 2078 2263 2269 2480 3008 3506 3829 4345
377	32	143	5	858 1326 1365 1452 1862 1897 1972 2352 2556 2771 3195 3449 4287 4600 4721 4891
379	32	198	3	8 34 1234 1334 1811 2038 2427 2855 3183 3771 4535 4568 4745 4943 4944
484	32	37	1	474 1673 2076 2188 2296 2455 2459 2474 2494 2623 3202 3323 3621 3677 4333 4481
555	17	113	27	429 486 1370 1371 1799 1859 1870 2109 2247 2491 2663 3145 3473 3496 3820 4558
666	17	287	25	267 742 873 1151 1385 1935 2136 3095 3306 3435 3579 4392 4468 4494 4928 4963
708	17	357	23	286 484 994 1018 1103 1423 2262 2681 2878 3344 3687 4189 4515 4753 4830
282	17	81	21	188 386 479 548 885 1069 1284 1656 1868 2742 2800 3891 3990 4755 4969
384	17	361	19	29 93 141 517 692 941 1113 1148 1548 2849 2947 3742 3972 4546
421	17	284	17	138 327 1293 1346 1428 1773 2709 2766 2911 3238 3347 3576 4253 4667 4900
509	17	101	15	98 352 671 836 978 1028 1889 2333 2957 3224 3947 4048 4447 4669 4822
778	17	115	13	46 250 343 501 529 1954 2519 2523 2641 2665 3336 4053 4084 4571 4856
794	17	249	11	439 915 1498 1594 1900 1990 2249 3104 3188 3620 3749 4152 4530
362	17	369	9	104 862 1592 1712 2521 2909 3242 3255 3541 4499 4770 4811 4826 4964
373	17	6	7	1185 1438 2087 2138 2638 2640 2832 3283 3578 4397 4405 4616 4753 4928
557	17	125	5	507 1127 1528 1531 1941 1980 2155 2487 2516 2553 2576 2764 3240 4775
742	17	267	3	549 870 887 1387 1461 1840 1942 2546 3359 3498 3777 3843 4066 4155
764	17	335	1	697 969 1398 1551 1890 2034 2160 2484 3113 3483 3690 4048 4846
505	22	252	27	484 576 855 937 1477 1611 1629 2482 2967 3052 3435 4698 4794
630	22	290	25	144 1201 1242 1655 1681 2931 3198 3407 4014 4191 4470 4734
79	22	366	23	603 768 856 1933 2224 2447 2765 3245 3355 3858 4646 4802
273	22	145	21	13 79 93 826 1757 3100 3699 3878 3979 4458 4738 4983
400	22	349	19	22 50 372 944 1443 1795 2144 2612 3822 4427 4690
757	22	400	17	225 368 817 1066 1566 1655 2579 2608 2942 4915
