Course	Room	Teacher	Time	Students
253	10	197	2	3 128 209 448 493 579 615 626 663 687 872 927 1075 1169 1254 1269 1273 1305 1536 1599 1606 1669 1863 1999 2167 2172 2410 2522 2682 2687 2972 3126 3483 3526 3606 3956 4172 4451 4664 4680 4705 4896 4936
319	18	318	2	94 172 352 724 919 1079 1116 1556 1822 1878 1908 1948 1967 2109 2235 2566 2689 2753 2989 3083 3253 3286 3337 3358 3558 3584 3605 3868 3973 4351 4405 4485 4550 4778 4833 4845 4938
684	32	346	2	302 525 544 787 917 1011 1030 1072 1565 1653 1698 1762 1816 2220 2224 2236 2301 2318 2616 2661 2664 2736 2977 3193 3232 3424 3449 3507 3841 3979 4221 4389 4403 4440 4494 4703 4911 4972
784	34	86	2	318 727 816 846 897 1054 1179 1395 1659 1721 1989 2082 2283 2333 2339 2340 2594 2607 2812 3056 3063 3430 3444 3816 3859 3951 3968 3988 4062 4105 4392 4398 4415 4439 4491 4596 4713 4899 4953
343	19	53	2	378 409 440 550 1055 1077 1420 1476 1505 1522 1587 1858 1859 1877 1927 2052 2460 2473 2657 2716 2886 3264 3268 3331 3407 3615 3683 3684 4168 4269 4326 4349 4414 4478 4505 4717 4793
419	36	301	2	37 116 233 298 520 776 893 909 952 1197 1308 1387 1528 1540 1636 1690 1831 2310 2891 2918 2958 3094 3278 3291 3323 3345 3970 4163 4197 4493 4503 4687 4695 4737
88	35	14	2	55 361 366 434 494 604 652 732 889 934 1040 1046 1714 1795 2119 2138 2184 2300 2353 2685 2826 2831 2938 3003 3060 3259 3412 3514 3600 3837 3932 3991 4158 4497 4892
569	14	358	2	17 156 247 289 445 543 1012 1042 1065 1082 1095 1206 1257 1384 1555 1640 1704 1765 1772 1780 2234 2294 2999 3005 3433 3603 3626 3717 3911 4000 4463 4555 4830 4921 4969
75	2	251	2	9 142 234 567 709 743 987 1056 1132 1136 1145 1345 1368 1574 1960 2160 2325 2431 2543 2578 2721 3012 3373 3385 3471 3535 4193 4233 4239 4513 4625
81	6	125	2	114 182 211 225 558 568 676 1052 1088 1314 1339 1388 1445 1754 1817 2085 2644 2693 2728 2767 2790 3031 3721 4162 4344 4372 4437 4477 4654 4946 4975
364	39	379	2	348 385 408 457 606 670 843 994 1076 1319 1331 1383 1552 1559 1571 1910 2111 2426 2617 2676 3451 3520 3787 3840 4182 4373 4401 4411 4417 4452
387	15	386	2	184 241 333 433 515 613 614 686 751 876 937 1334 1478 1520 1608 1619 1743 2022 2342 2392 2438 2480 2530 2838 3033 3753 3799 4020 4080 4180 4245 4421 4964
20	16	110	2	85 267 299 461 609 884 949 1126 1270 1338 1411 1538 1832 1921 1941 2064 2227 2329 3272 3353 3364 3547 3559 3749 3755 3839 4064 4183 4342 4385 4729 4768 4796 4872 4995
30	40	78	2	171 411 551 1010 1203 1293 1515 1530 1542 1572 1584 1740 1869 1932 2033 2538 2556 2571 2705 2787 2911 3007 3039 3249 3532 3795 3995 4302 4409 4524 4561 4790 4884 4981
58	1	182	2	315 398 581 624 788 847 1107 1108 1138 1527 1667 1867 2086 2156 2253 2622 2892 2900 2970 3099 3319 3453 3805 4026 4034 4144 4190 4199 4487 4490 4587
179	9	377	2	373 699 1064 1113 1282 1560 1621 2009 2030 2470 2503 2551 2780 2881 2991 3194 3279 3380 3418 3437 3500 3676 4236 4459 4770 4805 4912 4976
233	12	39	2	74 447 476 541 603 716 814 1227 1230 1260 1613 1783 1935 2002 2084 2399 2490 2525 2611 2635 2691 2715 2769 2799 2931 2955 3512 3592 3764 3856 4151 4201 4345 4443 4479 4776
482	37	79	2	16 86 140 532 596 974 1115 1172 1359 1543 1656 1662 1834 1844 2083 2248 2511 2567 2677 2730 2739 2796 3016 3022 3188 3360 3463 3467 3540 3595 3917 4066 4324 4903 4986
572	7	303	2	295 376 858 892 1460 1512 1730 1767 1886 2076 2286 2492 2655 2846 2992 3118 3579 3610 3653 3884 3921 4075 4121 4175 4262 4416 4458 4611 4612 4743 5000
794	8	363	2	62 104 773 925 1059 1083 1201 1302 1307 1824 2065 2070 2193 2397 2624 2645 2814 2995 3079 3105 3121 3280 3404 3431 3842 3918 3962 4003 4378 4870
177	27	61	2	43 203 832 1306 1746 2035 2077 2252 2792 2853 3038 3061 3189 3214 3391 3394 3636 3883 4290 4397 4450 4558 4630 4665 4678 4787 4873 4962 4989
205	3	277	2	501 560 705 950 1096 1249 1881 1918 2135 2264 2361 2548 2620 2966 2987 3212 3216 3270 3289 3352 3382 3486 3604 3745 3849 3888 3889 4185 4573 4686 4889 4923 4994
417	30	322	2	178 309 619 696 770 956 1329 1491 1550 1632 1761 1850 2110 2322 2537 2553 2734 2751 2785 2813 2842 3120 3190 3254 3277 3299 3359 3505 3775 3790 4341 4387 4551 4855
441	22	130	2	57 552 771 794 1140 1143 1346 1650 1691 1716 1741 1801 1830 1861 1906 2016 2116 2257 2320 2978 3163 3171 3609 3638 3982 4091 4117 4214 4444 4445 4742 4844 4985
495	21	123	2	254 470 508 797 834 945 1028 1071 1218 1598 1649 2010 2369 2497 2583 2703 2717 2820 2976 3173 3260 3432 3644 3771 3993 4123 4174 4760
559	26	114	2	15 217 226 441 479 534 1084 1586 1629 1644 2389 2746 2775 2936 2937 3011 3034 3087 3333 3349 3400 3425 3642 3659 3723 3765 3824 4267 4271 4278 4540 4709 4849 4931
561	38	161	2	391 481 499 547 580 586 592 671 710 796 851 1067 1259 1265 1303 1350 1428 1634 1968 2349 2768 2841 2874 2996 3608 3746 4036 4040 4046 4249 4285 4655 4943
665	25	335	2	292 311 611 1044 1234 1285 1412 1509 1529 1618 1624 1865 2038 2103 2347 2542 2985 3205 3315 3341 3445 3457 3523 3801 3925 4263 4264 4722 4910
764	20	149	2	146 465 625 672 690 1242 1326 1434 1489 1905 2188 2240 2279 2303 2312 2368 2638 2776 3052 3089 3243 3300 3372 3439 3743 3756 4113 4129 4210 4390 4422 4457 4930
29	5	215	2	79 658 775 854 944 1014 1137 1261 1341 1700 1871 2029 2117 2206 2241 2334 2448 2529 2742 3224 3448 3503 3905 4031 4224 4304 4399 4525 4594 4825
241	33	42	2	31 88 99 377 421 514 649 1069 1360 1378 1453 1726 1787 2054 2134 2179 2577 3006 3025 3256 3568 3670 3726 3797 3818 4038 4216 4346 4380 4424
339	31	315	2	53 56 235 336 496 577 1114 1358 1651 1696 1820 1917 2153 2832 2906 3130 3185 3414 3705 3928 4110 4155 4299 4357 4359 4512 4517 4521 4577 4663 4682 4999
366	11	191	2	71 129 173 257 322 379 425 875 887 1217 1229 1312 1694 1777 2345 2378 2629 2686 3080 3167 3311 3417 3747 3814 3844 4052 4436 4570 4875
514	29	90	2	5 110 310 538 725 877 1106 1255 1516 1602 1852 1874 2469 2580 2646 2723 2884 3059 3077 3386 3570 3758 3777 3854 3955 4057 4125 4433 4575 4647 4728 4780 4997
538	23	11	2	240 723 810 815 879 913 1210 1274 1437 1479 1605 1666 1781 2194 2210 2293 2296 2298 2428 2600 2735 3032 3354 3571 3929 4028 4140 4453 4661 4766 4804
558	13	75	2	569 668 802 823 1165 1313 1433 1510 1992 2377 2545 2829 2894 2984 3181 3191 3263 3409 3542 3548 3672 3716 3738 3922 4050 4093 4303 4506 4589
607	28	219	2	786 895 971 976 1170 1171 1371 1688 1931 2046 2143 2417 2549 3074 3275 3405 3466 3474 3779 3830 3887 3933 4316 4413 4484 4672 4835 4869 4970
735	4	31	2	10 161 175 346 390 412 437 783 1213 1443 1971 2177 2214 2270 2455 2456 2498 2610 2660 3208 3366 3763 4152 4605 4822 4839 4957 4960 4992
62	17	360	2	106 283 600 993 1073 1123 1264 1356 1466 1573 1643 1737 1764 1920 2012 2222 2308 2370 2452 2461 2479 2502 2650 2712 3557 3931 4116 4337 4637 4643 4685 4698 4782
100	24	201	2	61 123 353 928 1049 1180 1457 1773 2332 2344 2430 2625 2925 3055 3281 3316 3384 3434 3459 4011 4012
279	10	50	4	55 191 197 250 267 374 387 598 761 838 1148 1197 1240 1855 1974 2045 2068 2229 2404 2459 3193 3339 3436 3652 3795 3986 4054 4412 4663 4978
307	18	173	4	126 278 398 463 936 1162 1173 1852 2136 2254 2482 2544 2549 2618 2626 2639 2759 2800 2831 3097 3223 3278 3321 3597 4241 4381 4665 4713 4791 4853
340	32	234	4	350 422 554 789 1163 1246 1350 1799 1929 1965 2263 2536 2641 2658 2789 2807 3062 3131 3175 3195 3284 3972 4067 4076 4135 4186 4544 4606 4789 4871 4940
400	34	141	4	311 728 965 1038 1085 1106 1314 1479 1631 1858 2056 2096 2180 2238 2471 2818 3140 3171 3186 3444 3484 4123 4131 4428 4503 4603 4613 4787 4883 4947
403	19	347	4	415 434 537 803 852 939 1226 1288 1498 1975 2360 2585 2611 2653 2982 3054 3107 3150 3527 3811 3924 4204 4244 4259 4334 4410 4456 4626 4672 4784
506	36	210	4	307 385 446 574 794 1023 1100 1549 1720 1755 1769 2019 2487 2561 2635 2709 2926 3152 3387 3389 3532 3593 3667 3722 3882 4059 4184 4395 4584
587	35	113	4	48 105 144 1124 1228 1340 1658 1726 1879 1958 2018 2041 2392 2746 3394 3531 3622 3825 3876 3957 4074 4247 4274 4494 4499 4535 4562 4994
643	14	15	4	40 73 558 614 975 1256 1365 1898 2008 2217 2372 2592 2600 2809 3078 3435 3545 3756 3947 3960 4109 4212 4229 4389 4523 4549 4625 4800 4824 4881
659	2	7	4	231 301 379 442 469 543 569 1154 1344 1389 1605 1959 1966 2141 2449 2674 2748 3222 3473 3481 3488 3638 3643 3693 4211 4288 4406 4817 4948 4982
760	6	52	4	60 67 72 236 270 464 550 665 960 1037 1150 1181 1572 1998 2057 2149 2349 3038 3096 3247 3733 3801 3914 4162 4163 4188 4336 4710 4849
795	39	86	4	18 166 739 791 998 1161 1176 1222 2069 2195 2359 2446 2491 2506 2518 2565 2760 3909 3956 4177 4179 4263 4364 4383 4573 4595 4618 4622 4623 4854 4920
4	15	244	4	445 519 611 964 1079 1206 1338 1478 1995 2135 2216 2397 2428 2450 2516 2806 2817 2892 3073 3283 3431 3501 3583 3975 4198 4650 4681 4732 4818 4925 4935
22	16	310	4	45 165 277 330 681 1026 1473 1714 1797 2084 2250 2396 2617 2888 3134 3177 3487 3506 3514 3517 3702 3721 3862 3966 4005 4360 4589 4607 4691 4814
35	40	314	4	258 411 518 869 1008 1113 1126 1157 1556 1767 1837 1953 2026 2103 2106 2119 2321 2737 2790 3601 3827 3965 4025 4062 4269 4335 4396 4627 4723
45	10	347	6	2 401 452 559 817 1084 1459 1545 1554 1768 1821 1951 2024 2931 2998 3156 3494 3620 3765 3780 3897 4189 4247 4507 4614 4814 4914 4927
50	1	195	4	244 341 475 520 544 716 1015 1611 1624 1763 1790 1968 2313 2371 2702 3033 3379 3399 3439 3589 3596 3991 4032 4107 4172 4213 4433 4451 4563 4687 4725
51	9	12	4	27 38 272 721 834 1203 1541 1993 2467 2675 3013 3072 3086 3258 3263 3275 3370 3417 3467 3576 3660 3922 3941 4190 4400 4683 4708 4825
101	12	66	4	24 77 382 602 636 824 1055 1407 1433 1471 1628 2071 2166 2256 2259 2381 2632 2644 3209 3324 3427 3788 3891 4928 4958
106	37	266	4	256 612 792 797 810 1322 1357 1651 2011 2093 2249 2608 2758 3371 3507 3618 3731 3815 4068 4085 4125 4320 4427 4693 4716 4738 4768
114	7	252	4	54 63 141 397 405 638 655 767 1216 1930 2013 2102 2137 2203 2578 3189 3253 3383 3419 3740 3803 3899 4133 4402 4457 4476 4783 4793 4812 4897
120	8	189	4	172 242 508 699 945 1158 1657 1746 1777 1857 1875 1943 2095 2101 2125 2253 2282 2290 2350 2402 2527 2552 3476 3600 3901 4084 4161 4318 4482 4542 4556
133	27	119	4	312 360 502 530 779 850 995 1435 1458 1504 1666 1707 1770 1785 1932 2513 2923 3008 3230 3344 3568 3848 3865 4072 4168 4489 4497 4519 4540
156	3	271	4	21 80 294 400 894 1101 1678 2124 2351 2559 2601 2710 2720 2756 2853 2905 2936 3141 3293 3451 3497 3637 3736 3776 4027 4048 4137 4245 4987
189	30	22	4	327 471 1111 1245 1323 1336 1446 1581 1626 2091 2507 2551 2794 2822 2837 2993 3070 3094 3132 3351 3395 4023 4207 4492 4921 4971 4989
264	22	268	4	6 92 96 102 112 188 215 227 424 628 639 750 981 996 1207 1432 1495 1551 1949 2227 2510 2744 2793 2842 3164 3294 3996 4090 4127 4508 4604
282	21	336	4	28 332 428 437 786 793 899 938 1018 1826 1881 1882 2035 2169 2232 2280 2478 2949 2958 3337 3413 3478 3761 3867 4061 4157 4312 4373 4746
287	26	188	4	212 218 354 637 863 900 980 1243 1744 1781 1862 1999 2046 2248 2308 2455 2501 2878 2915 3108 3197 3310 3331 3359 3442 3751 4055 4715 4765 4842 4891
298	38	276	4	47 155 324 401 607 608 1117 1122 1354 1411 1768 1818 2122 2191 2328 2373 2464 2634 2652 2880 2924 3176 3312 3856 4423 4912 4924 4936
333	25	101	4	211 337 669 748 785 813 828 1004 1168 1236 1445 1884 1956 2073 2430 2588 2664 3101 3227 3441 3463 3483 3620 3835 3921 3928 3952 4147 4872 4896
335	20	183	4	276 389 514 811 1048 1691 1693 1806 1810 1844 2133 2167 2236 2294 2385 2461 2529 2716 2725 2872 2946 3366 3661 3717 3932 3959 4006 4292 4640 4766
354	5	16	4	70 173 251 676 718 836 1011 1575 1610 1870 1990 2109 2784 2860 3149 3459 3550 3556 3635 3948 3958 3969 4000 4082 4083 4413 4557 4864
412	33	105	4	34 140 495 570 726 909 1046 1448 1503 1535 1885 1939 2003 2230 2262 2398 2445 2524 2906 2918 3000 3126 3450 3608 3772 4080 4230 4346 4555
451	31	144	4	268 325 396 580 700 776 822 857 967 1040 1049 1904 1967 2295 2530 2708 2740 2907 2910 3188 3411 3470 3640 3673 3699 3709 3728 3934 4096 4321 4754
464	11	87	4	190 269 378 420 624 864 927 1033 1217 1375 1487 1490 1835 1839 2031 2163 2185 2322 2902 3649 3690 3831 3857 4167 4232 4258 4722 4731
493	29	376	4	114 616 672 902 1134 1646 1849 2110 2231 2299 2454 2569 2997 3002 3377 3421 3552 3694 3758 4079 4176 4264 4351 4378 4509 4510 4569 4633 4676 4803 4996
522	23	225	4	120 368 416 540 603 1152 1241 1352 1353 1481 1915 1934 1969 2049 2138 2240 2246 2265 2448 2810 2893 3001 3059 3553 3739 3790 3902 3933 4382 4658 4780
595	13	134	4	187 249 297 715 992 1029 1042 1296 1436 1736 1765 2472 2474 2540 2570 2770 2799 2847 3206 3356 3563 3883 4028 4374 4518 4550 4631 4679 4773 4954 4972
608	28	43	4	130 203 351 370 556 801 873 918 1469 1583 2040 2176 2343 2413 2655 2749 2942 2979 3609 3749 3804 4024 4063 4252 4571 4634 4637
626	4	317	4	26 196 367 932 1035 1244 1649 1918 2061 2173 2438 2519 2719 2727 2786 2886 2899 2904 3338 3381 3423 3513 4215 4527 4581 4726 4762 4919
656	17	8	4	316 560 562 831 1066 1251 1263 1758 1987 2000 2030 2312 2696 2834 2843 2960 3026 3074 3290 3428 3718 3943 4042 4170 4193 4202 4605 4664 4779 4786 4950
660	24	198	4	42 91 289 355 392 770 916 1214 1931 1954 2024 2038 2113 2115 2190 2332 2495 2661 3089 3100 3112
676	18	261	6	54 475 610 701 978 985 1147 1151 1271 1496 1896 2060 2331 2494 2548 2746 3031 3098 3547 3612 3723 3784 3947 4112 4114 4203 4318 4797 4852 4879
697	32	396	6	638 832 1100 1378 1399 1777 1848 2178 2201 2274 2667 2668 2857 2932 3084 3105 3185 3316 3489 3649 3720 3950 4213 4223 4295 4315 4521 4721 4725
722	34	88	6	139 191 456 504 552 1039 1181 1267 1291 1412 1775 1791 1874 2157 2222 2308 2406 2783 2872 3282 3292 3685 3732 3904 3919 4060 4149 4474 4728 4841
734	19	248	6	381 399 1266 1298 1468 1919 1927 2008 2039 2180 2381 2398 2587 2623 2806 3037 3576 3624 3758 3902 3990 4018 4177 4294 4429 4537 4547 4592 4926
751	36	120	6	69 223 347 420 539 930 954 1167 1264 1346 1353 1384 1553 1693 1705 1719 2402 2871 3234 3770 3870 4031 4033 4130 4365 4432 4652 4757 4944
777	35	309	6	75 315 395 518 528 585 1096 1104 1281 1700 1752 1795 1969 2139 2207 2693 2950 3003 3056 3186 3203 3228 3299 3508 3898 4057 4467 4609 4819 4985
39	14	357	6	50 108 180 189 239 362 423 880 1234 1377 1511 1782 1856 2244 2357 2496 2523 2563 2659 2818 3116 3586 3771 4050 4058 4300 4411 4550 4821 4890
52	2	273	6	519 581 583 665 680 1107 1305 1942 2055 2096 2109 2117 2344 2451 2683 2731 2842 3140 3166 3210 3434 3441 3511 3686 3715 3734 4172 4586
116	6	190	6	306 714 785 980 1063 1082 1216 1258 1578 1596 1670 1813 1897 2128 2264 2278 2309 2370 2392 2543 2678 3373 3817 4222 4407 4426 4977
127	39	236	6	182 545 591 685 1023 1441 1661 1662 1697 1706 1854 2209 2335 2351 2606 2930 3007 3049 3365 3533 3541 3716 3785 3941 3975 4404 4658 4671
138	15	72	6	45 259 293 493 612 704 844 895 1117 1143 1263 1316 1330 1663 2018 2257 2868 2926 2978 3174 3540 3570 3645 3803 4138 4164 4644 4763
175	10	396	8	149 336 485 726 1231 1576 1584 1866 1924 1949 2132 2138 2170 2176 2187 2199 2228 2431 2599 2974 3133 3269 3544 3581 3623 4466 4610 4951
188	16	349	6	24 245 839 942 1221 1260 1325 1838 2079 2227 2527 2641 2688 2913 3024 3064 3312 3446 3467 3617 3735 3957 4175 4276 4376 4452 4565 4590 4643
192	40	231	6	145 237 340 402 590 846 878 1200 1269 1708 1913 1985 2003 2142 2198 2972 2979 3750 3864 4025 4029 4100 4339 4431 4538 4579 4741 4787 4860 4905
195	1	133	6	225 351 360 367 437 544 671 1110 1172 2019 2262 2354 2432 2472 2481 2483 2804 2908 3436 3687 4212 4306 4488 4516 4522 4525 4559 4769 4991
207	9	202	6	46 338 556 806 1186 1504 1641 1725 1998 2166 2431 2452 2680 2917 3038 3550 3816 3829 3905 3993 4267 4271 4281 4597 4869 4989
217	12	184	6	384 582 719 739 764 823 1380 1589 1622 1735 1933 2174 2514 2616 2753 2923 2942 3268 3510 3573 3618 3789 3887 4049 4103 4504 4647 4794
223	37	82	6	173 319 573 705 711 1052 1270 1405 1664 1888 1980 2911 2977 3410 3564 3677 3754 3802 3880 4145 4209 4419 4712 4745 4956 4964
292	18	349	8	99 232 345 917 985 1148 1181 1523 1567 1689 1695 1722 1970 2036 2150 2211 2465 2678 2697 2871 2980 3390 3414 3444 3471 4662 4670 4810
304	7	257	6	186 234 468 595 691 912 975 994 1212 1649 1675 1819 1914 1960 1983 2013 2713 2749 3043 3346 3439 4227 4531 4716 4750 4799
434	8	251	6	92 342 450 549 885 1159 1306 1465 1469 1730 2054 2399 2414 2501 2786 2985 3076 3087 3141 3420 3435 3764 3844 3850 3937 4409 4602 4660 4906 4982
438	27	64	6	491 555 687 856 1464 1902 1958 1972 2200 2285 2359 2391 2671 2714 2860 2927 2954 3011 3069 3130 3231 3455 3593 3778 3835 4387 4591 4762
439	3	276	6	76 132 284 335 386 403 507 631 963 1398 1428 1485 1532 2345 2648 2808 3042 3270 3356 3363 3763 4005 4265 4520 4536 4585 4827 4953
449	30	194	6	137 394 564 664 1076 1332 1611 2037 2297 2348 2365 2466 2689 2756 2823 2904 2933 2934 3081 3223 3502 3845 4305 4359 4539 4541 4734 4918 4965
512	22	77	6	32 52 103 375 416 611 767 882 1415 1522 1645 1744 1877 2164 2633 2865 3409 3425 3815 3818 3834 3879 3906 4248 4332 4336 4514 4606 4669 4928
573	21	40	6	40 79 442 513 641 797 1044 1354 1356 1429 1930 2120 2258 2498 2506 2785 2929 3136 3265 3308 3355 3608 3871 3912 4654 4742 4878
600	26	362	6	87 140 262 312 383 968 1002 1245 1597 1629 1925 2728 2765 2859 2905 3020 3083 3201 3341 3634 4234 4330 4363 4666 4724 4795 4862
672	38	262	6	20 317 350 369 543 802 1242 1333 1555 1749 1868 2032 2487 3227 3257 3306 3384 3482 3591 4075 4087 4218 4256 4313 4499 4949
685	25	326	6	42 695 780 821 998 1095 1317 1507 1647 2016 2062 2078 2283 2375 2609 3102 3114 3202 3239 3352 3367 3454 3807 4110 4371 4818 4998
702	20	343	6	68 240 337 584 706 896 1355 1394 1698 2228 2249 2255 2423 2439 2604 2697 2709 2725 3045 3164 3310 3349 3577 3630 3792 3814 3831 4280 4638 4668
736	5	232	6	10 184 644 724 1022 1397 1594 1673 1864 1989 2340 2407 2491 2723 2839 3113 3165 3170 3246 3411 3798 3936 3966 4362 4468 4707 4788 4849 4856 4945
753	33	253	6	527 692 863 868 1300 1335 1444 1601 1794 2087 2705 2754 3137 3142 3149 3204 3374 3404 3661 3682 3892 4013 4015 4022 4074 4333 4624 4767 4833 4943
787	31	390	6	626 758 799 932 997 1133 1136 1144 1170 1211 1247 1261 1302 1320 2099 2314 2845 2966 3226 3229 3340 3470 3520 3662 4023 4098 4206 4282
43	32	257	8	165 430 465 524 656 663 687 753 874 1109 1145 1176 1224 1636 2313 2354 2700 2772 3268 3477 3866 4055 4193 4332 4698
74	11	168	6	100 326 422 451 1066 1091 1257 1284 1286 1527 1674 1887 1981 2197 2372 2440 2615 2625 2921 3044 3269 3366 3383 3643 3710 4399 4408 4505 4923
85	29	66	6	198 211 222 341 460 575 635 835 904 1041 1228 1807 1845 1915 2020 2289 2465 2541 2573 2677 2827 2890 3523 3631 3866 4061 4456 4621
99	23	249	6	488 489 523 587 747 909 1138 1416 1451 1520 1566 1592 2212 2374 2512 2522 2662 2938 3294 3513 3636 4261 4700 4880 4892 4893 4976
140	13	364	6	71 97 622 734 893 915 1277 1471 1574 1745 1762 1814 1926 2014 2111 2869 2882 2914 2986 3034 3392 3566 3917 4099 4201 4639 4690
152	28	140	6	548 1009 1195 1365 1420 1435 1680 1767 2210 2259 2562 2766 2813 2816 2821 2965 2990 3068 3073 3213 3254 3255 3342 3571 3926 4178 4230 4242 4573
178	4	226	6	483 674 744 759 1108 1134 1497 1565 1687 1952 2068 2187 2217 2272 2631 2759 2774 2815 3323 3398 3413 3453 3650 3808 3998 4205 4259 4350 4386
183	17	297	6	136 219 248 466 525 632 1000 1321 1683 1707 1893 2412 2630 2750 2940 3008 3077 3730 3767 4006 4039 4346 4477 4572 4705 4706 4877
193	24	59	6	201 565 712 763 812 1021 1502 1917 2103 2169 2323 2698 2919 3468 3742 3896 4010 4017 4287 4369 4388
211	34	9	8	193 202 333 448 462 621 692 1373 1562 1699 1886 2109 2442 2540 2614 2833 2931 2955 3706 3784 3842 4236 4272 4316 4671 4717 4739 4905 4975
230	19	231	8	48 565 789 837 906 983 1255 1304 1361 1541 1652 2085 2194 2273 2422 2603 2632 2715 2953 3781 3931 4049 4159 4279 4649 4840 4946
236	36	350	8	248 300 517 549 829 954 987 1039 1150 1446 1506 1545 2098 2742 2754 2815 2979 3001 3107 3262 3326 4128 4191 4290 4639 4738 4973 4974
271	35	374	8	471 1077 1207 1431 1846 1974 1980 1991 2682 2771 3030 3122 3379 3408 3556 3759 3801 3998 4007 4067 4101 4177 4477 4574 4577 4599 4638 4654 4873 4933
283	14	135	8	311 497 531 702 851 1202 1408 1592 1776 1952 2183 2247 2601 2679 2799 2982 3052 3265 3735 4248 4277 4674 4854 4904 4942
294	2	82	8	102 234 588 721 865 1085 1335 1466 1754 1856 2084 2481 3075 3103 3286 3287 3496 3550 3776 3964 3997 3999 4060 4139 4541 4561 4684 4691
297	6	81	8	25 383 639 661 1152 1226 1282 1287 1371 1503 1561 1706 1804 2030 2277 2658 2659 2670 2989 3341 3703 3708 3737 3740 4115 4116 4208 4407 4686 4688
312	39	259	8	399 511 660 869 1027 1167 1410 1623 1793 1870 1880 2079 2113 2163 2730 2868 2875 3284 3375 3504 3549 3609 3983 4527 4855 4996
365	15	137	8	19 53 130 376 455 757 862 1094 1184 1899 2074 2129 2661 2861 2903 3100 3118 3245 3374 3621 3819 3861 4072 4476 4482 4494 4592 4659
367	16	69	8	306 546 771 779 780 1001 1284 1622 1692 1723 2140 2666 2830 2838 3201 3253 3365 3539 3670 3716 3789 4202 4322 4544 4545
406	40	343	8	792 1037 1348 1521 1580 1624 2139 2160 2292 2318 2412 2727 2926 3024 3091 3111 3422 3541 3802 3859 3995 4054 4414 4677 4803 4930
453	1	160	8	313 683 794 939 1416 1440 1549 1703 1728 1871 1966 1995 2099 2198 2846 2959 3003 3066 3213 3291 3370 3976 4256 4257 4264 4546 4676 4784 4829
457	9	96	8	275 278 299 304 490 646 747 953 1060 1139 1979 2147 2167 2619 2920 3306 3378 3523 3854 3945 4388 4416 4711 4971 4980 4987
469	12	285	8	14 144 242 407 487 523 807 916 966 1047 1080 1083 1267 1346 1464 1548 1721 1784 2035 2451 2720 2802 3051 3648 4444 4601 4836 4968
528	37	334	8	151 790 894 931 1198 1380 1462 1595 1908 1962 2143 2748 2930 3130 3227 3316 3489 3512 3654 3698 3864 3915 3942 3978 4071 4157 4587 4732
537	7	320	8	152 159 181 1061 1119 1137 1160 1847 2225 2250 2284 2559 2803 2908 3211 3433 3458 3590 3818 3969 4149 4167 4646
539	8	324	8	303 374 879 1256 1785 1920 1993 2067 2158 2226 2557 2572 2580 2937 3174 3184 3405 3752 3829 3981 4105 4106 4181 4417 4459 4560 4780 4932
551	27	228	8	29 65 136 285 449 626 968 1050 1475 1719 1747 1944 2062 2165 2302 2304 2390 2395 2694 3071 3165 3328 3651 3674 4033 4619
567	3	246	8	101 650 737 768 772 967 1154 1343 1386 1651 1938 2565 2674 3029 3345 3488 3522 3657 3891 3971 4000 4011 4195 4400 4419 4523
568	30	93	8	194 312 431 439 534 571 573 717 731 754 873 933 1278 1362 1413 1601 2071 2107 2795 2915 3185 3235 3490 4070 4291 4441 4553 4629 4721
576	22	57	8	500 613 645 667 1066 1301 1467 1570 1587 1771 1923 2045 2061 2320 2654 2662 2949 3054 3063 3116 3191 3242 3480 4455 4895
583	21	124	8	113 318 440 733 749 876 986 1172 1529 1589 1590 1937 1940 2498 2792 2862 2961 3305 3468 3502 3685 3874 4137 4335 4679 4690 4887
588	26	108	8	89 185 308 382 432 445 793 1057 1058 1128 1174 1610 1639 1803 2127 2192 2604 2743 2811 2857 3039 3134 3244 3518 4285 4319 4645 4656 4797
590	38	379	8	192 443 1081 1453 1994 2168 2331 2424 2507 2615 2858 2921 3220 3349 3454 3646 3723 3741 3877 4240 4352 4375 4443 4538 4583 4637 4742 4813
627	25	45	8	46 329 392 589 1008 1020 1051 1401 1862 1892 2029 2040 2262 2367 2418 2429 2669 2853 2914 3045 3300 3435 4062 4143 4602 4689 4820 4990
743	20	393	8	343 361 640 648 947 1034 1092 1125 1481 1508 1533 1657 1911 1987 2221 2288 2763 2978 3058 3112 3583 3869 4174 4420 4468 4735
786	5	151	8	114 553 864 871 1091 1180 1192 1439 1816 1836 2256 2282 2385 2386 2463 2476 2486 2490 2642 2651 2964 2972 3025 3437 3676 3775 3837 3920 4702
57	33	395	8	44 707 882 970 1472 1690 1741 1978 2042 2069 2372 2907 2924 3127 3188 3195 3392 3800 3883 4156 4265 4327 4575 4692 4693 4785 4907 4998
59	31	332	8	1635 1786 1790 1958 2039 2348 2374 2478 2888 3055 3169 3257 3288 3409 3447 3728 3794 3812 4255 4305 4359 4369 4437 4480 4947
76	11	51	8	1 34 171 550 952 1175 1277 1559 1697 1895 2587 2639 2739 2791 3028 3241 3467 3564 3773 3847 3948 4018 4246 4391 4488 4669 4906
79	29	48	8	8 42 90 297 417 429 594 701 718 935 1422 1490 1502 1679 1865 1961 2094 2336 3010 3779 4295 4303 4572 4929 4943 4944
110	23	302	8	261 351 366 563 584 846 1129 1342 1835 1904 2162 2287 2590 2595 2909 3233 3334 3355 3382 3407 3768 3884 4365 4450 4473 4489 4518 4775
118	13	5	8	187 294 684 840 1026 1149 1239 1426 1477 1540 1630 1664 1812 1827 1977 2295 2856 3145 3309 3320 3411 3619 3625 3678 3724 4028 4380 4448
126	28	278	8	364 373 467 1068 1133 1247 1351 1402 1499 1712 1817 1927 2411 3159 3249 3415 3720 3738 4003 4129 4502 4532 4604 4754
167	4	23	8	199 413 598 601 642 930 1084 1114 1195 1315 1400 1718 1726 1805 1859 2130 2186 2281 2430 3264 3672 3817 4001 4337 4760 4772 4778 4839
176	17	171	8	11 30 106 238 305 914 936 942 1078 1285 1316 1449 1519 1614 2159 2613 2671 2895 3098 3123 3360 3652 4209 4237 4254 4438 4876
182	24	239	8	137 214 356 636 1196 1542 1704 2092 2151 2171 2242 2358 2401 2408 2527 2636 2902 3232 3396 3525 3985
248	10	84	10	653 1075 1238 1337 1341 1399 1829 1936 1941 2213 2509 2514 2560 2604 3256 3598 3796 3815 3952 4011 4086 4158 4253 4338 4348 4425 4432 4914
261	18	381	10	72 83 285 669 741 880 1008 1121 1151 1288 1291 1813 1837 1983 2031 2181 2281 2611 2781 3139 3155 3188 4094 4367 4641 4746 4965
288	32	218	10	148 204 450 678 1002 1164 1391 1465 1740 1789 2200 2215 3135 3320 3398 3425 3580 3781 3878 3955 4038 4097 4576 4580 4585 4702 4960
315	34	47	10	125 186 253 340 388 438 646 846 1055 1095 1168 1495 1961 2609 2695 2763 2951 3091 3346 3686 3714 3759 4100 4293 4331 4586 4598 4807 4945
338	19	263	10	12 138 515 673 913 972 1047 1231 1258 1791 1920 2115 2425 2435 2608 2667 2968 3271 3319 3348 3443 3516 3962 4279 4429 4870
344	36	304	10	147 441 443 948 1089 1109 1350 1353 1594 1620 1907 1949 2037 2169 2465 2796 3082 3164 3222 3280 3335 4295 4472 4507 4732 4765 4809
370	35	274	10	82 210 246 316 513 662 988 1427 1811 2224 2374 2616 2635 2638 2704 2718 2722 2734 2831 3365 3567 3688 3713 3961 4048 4511 4970
375	14	205	10	354 630 788 1225 1253 1656 1830 1905 2107 2324 2769 3311 3465 3560 3802 3819 3941 4008 4021 4127 4228 4391 4831 4939
426	2	327	10	124 567 831 1080 1219 1727 1836 1848 2444 2463 2617 2829 3399 3511 3711 3934 3964 4111 4165 4302 4320 4368 4383 4727 4776 4813 4820
429	6	37	10	321 740 905 1003 1176 1272 1619 1634 1796 2063 2345 2360 2453 2621 2794 3116 3264 3458 3464 3525 3873 3954 4270 4322 4584 4931 4938 4978
452	39	110	10	169 270 504 845 894 1082 1297 1328 1877 2072 2290 2337 2578 2656 2902 2949 3198 3296 3381 3521 3587 4074 4239 4346 4374 4496
455	15	241	10	133 677 903 1063 1094 1550 2021 2064 2376 2411 2432 2762 2824 3223 3292 3432 3492 3563 3901 4022 4044 4148 4257 4445 4531 4595
458	16	369	10	179 576 713 746 918 1098 1445 1566 1616 1637 2075 2122 2173 2316 2357 2521 2610 3081 3151 3543 3624 3651 4192 4458 4504 4524
483	40	206	10	116 333 715 926 940 1268 1293 1370 1438 1674 1858 2144 2148 2570 2585 3427 3726 3770 3880 4039 4110 4622 4687 4890 4987
485	1	35	10	559 621 784 1327 1477 1496 1506 1660 1742 1827 1945 2078 2286 2386 2394 2833 3001 3146 3192 3290 3372 3594 3895 4318 4481 4733 4857
517	9	188	10	115 123 278 385 468 529 610 1179 1569 1577 1908 2056 2184 2581 2790 2842 2963 3085 3108 3111 3484 3549 3630 3811 3971 4256
529	12	223	10	172 1472 1519 1646 1771 1911 2002 2295 2426 2518 2584 2899 2946 3226 3411 3507 3517 3628 3709 3888 4027 4225 4362 4420 4457 4464 4517 4652
565	37	158	10	45 84 199 342 353 627 665 793 876 1734 1947 2055 2894 3251 3267 3489 3579 3810 3935 4043 4296 4393 4454 4835 4858 4908 4972
586	7	294	10	259 279 283 1086 1135 1455 1844 1849 1995 2091 2097 2132 2190 2243 2750 2877 3366 3827 3946 4010 4215 4243 4556 4634 4781
615	8	185	10	33 348 407 639 921 1392 1529 1962 2048 2158 2366 2634 2732 2849 2977 3213 3604 3642 3673 3967 4031 4123 4124 4402 4448 4678 4709
617	27	115	10	177 425 477 1146 1454 1544 1758 1774 1834 1842 1985 2155 2535 2612 2694 2702 2830 3171 3279 3393 3430 3658 3741 3834 3915 4397 4563 4630
628	3	146	10	64 381 726 1220 1516 1589 1801 1872 2040 2196 2379 2437 2468 2962 3048 3461 3462 3544 3712 3768 3832 4181 4375 4430 4540 4689
630	30	27	10	176 364 692 801 853 862 1110 1279 1473 1539 2223 2407 2914 3014 3193 3333 3412 3545 3605 3720 3913 4255 4271 4376 4529 4564 4697 4918 4979
683	22	6	10	158 226 275 427 517 657 768 867 1257 1518 1673 2633 2647 2791 3890 3912 3972 4016 4059 4363 4421 4568 4680 4703 4745 4980
690	21	333	10	17 350 372 478 725 878 1037 1417 1503 1621 1662 2012 2054 2239 2847 2921 2996 3013 3305 3665 4025 4251 4446 4492 4924
699	26	159	10	25 59 310 371 698 1031 1307 1441 1828 1871 2270 2287 2353 2998 3174 3369 3652 3746 3792 3857 3894 4156 4321 4582 4629 4751 4874 4975
700	38	388	10	19 35 409 1214 1308 1456 1538 1541 2011 2058 2672 2708 2828 3274 3506 3577 3731 4134 4176 4218 4261 4380 4635 4718 4763
708	25	25	10	93 190 442 645 729 1051 1090 1105 1310 1608 1715 1902 2201 2823 2932 3121 3122 3540 3780 4249 4272 4342 4392 4785 4885 4963
714	20	17	10	53 401 516 1205 1331 1436 1583 1751 1783 2100 2247 2434 2603 2689 2691 2927 3021 3046 3325 3478 3526 4205 4636 4693 4761 4822
727	5	308	10	88 95 122 787 824 914 1035 1162 1209 1567 1596 1609 2062 2161 2279 2479 2613 2700 2882 2945 3196 3246 4155 4258 4759 4850 4949
728	33	163	10	227 648 778 973 1236 1269 1426 1509 1757 2684 2765 3123 3245 3318 3807 3980 3989 4130 4226 4395 4418 4489 4566 4898
739	10	185	12	42 294 476 666 1027 1053 1072 1429 1456 1487 1492 1599 1696 1848 2263 2301 2707 2890 3104 3203 3309 3456 3474 3546 3924 4238 4660 4986
750	31	60	10	344 476 671 781 820 858 1019 1073 1259 1315 1340 1545 1739 1914 2112 2261 2705 3423 3566 3949 3984 4081 4233 4265
762	11	94	10	297 412 453 694 760 844 1093 1175 1182 1284 1615 1841 1929 2131 2328 2393 2508 2569 2779 3047 3328 3334 3371 3405 4019 4729 4739 4823
776	29	145	10	262 435 643 856 943 984 1239 1548 1736 2032 2124 2310 2523 2699 2919 3391 3418 3528 3694 3920 3923 4171 4300 4312 4713 4802 4815
23	23	273	10	23 26 98 304 565 702 738 1193 1721 2205 2285 2330 2420 2858 2907 3403 3433 3509 3808 3858 3898 4557 4591 4619
31	13	171	10	69 144 317 331 421 1167 1188 1369 1398 1514 2079 2299 2350 2651 2805 3120 3374 3457 3523 3695 4169 4227 4231 4305 4469 4747
78	18	381	12	279 498 636 713 893 1017 1211 1459 2055 2369 2373 2757 3025 3133 3298 3332 3368 3532 3627 3903 4125 4132 4278 4640 4744
111	32	37	12	86 143 415 769 775 822 1139 1178 1421 2146 2258 2300 2327 2379 2433 2758 2880 2939 3083 3618 3674 3979 4037 4204 4335 4743 4977
168	28	254	10	168 195 266 527 564 578 981 1531 1579 1604 1659 1681 1720 1722 1845 1930 2082 2346 2548 2572 2835 2874 3149 3451 3786 4080 4475 4826
225	4	209	10	208 215 264 286 457 545 826 860 1074 1106 1221 1316 1416 1571 1760 2229 2401 3172 3182 3401 3647 3689 4313 4325
242	17	267	10	36 326 554 710 763 1384 1781 1910 2160 2237 2418 2442 2525 2758 2870 3035 3783 3855 3870 3977 4041 4276 4298 4735 4969
245	24	5	10	22 367 830 897 971 1076 1333 1530 1917 2003 2041 2312 2403 2544 3261 3272 3291 3387 3600 3749 4355
255	34	260	12	383 482 570 594 609 1049 1074 1478 1504 1608 1731 1986 2020 2252 2882 3015 3734 3823 4038 4039 4108 4254 4455 4613 4904
263	19	172	12	34 64 162 256 607 742 1070 1174 1493 1691 1766 1816 2113 2507 3057 3186 3333 3408 3587 3662 3680 3820 3831 3978 4472 4906 4975 4999
303	36	235	12	169 446 910 1147 1966 2233 2269 2275 2367 2684 3240 3334 3454 3478 3655 3721 3910 4022 4042 4066 4342 4397 4440 4751
306	35	91	12	27 101 309 340 460 727 828 923 1155 1212 1357 1554 1987 2162 2384 2540 2782 2819 3081 3163 3276 3725 4064 4092 4094 4784
336	14	270	12	715 839 1091 1268 1331 1451 1958 2496 3106 3235 3410 3488 3529 3543 3664 3787 3842 3897 4118 4294 4558 4638 4861 4875 4933 4938 4967
372	2	3	12	190 276 366 444 668 914 921 1033 1134 1252 1679 1899 1906 2053 2131 2192 2501 2506 2670 2868 2901 3022 3564 3769 3847 4220 4361
381	6	312	12	358 361 382 608 628 977 1068 1177 1209 1311 1499 1913 3036 3101 3426 3469 3668 3804 3806 3873 4104 4275 4533 4551 4730 4752
404	39	121	12	253 346 516 524 531 1292 1325 1489 1525 1557 2223 2422 2480 2542 2606 2626 2686 3324 3413 3424 3497 3671 3865 3999 4017 4567 4909
407	15	216	12	209 220 238 664 1198 1232 1274 1304 1314 1474 1615 1693 1700 1800 1810 2305 2650 2818 2879 3228 3663 3817 4276 4299 4547 4556
424	16	35	12	75 161 467 786 874 1321 1348 1491 1683 1698 1819 1825 2010 2245 2414 2552 3561 3913 3965 4120 4140 4306 4349 4386 4404 4414
428	40	238	12	384 465 651 731 757 819 866 1059 1415 1513 1617 1782 2311 2329 2416 2896 3197 3273 3645 3681 3771 3843 4379 4559 4995
446	1	6	12	198 231 270 377 818 870 1115 1164 1419 1866 1992 2033 2118 2266 2556 2561 2580 2917 3590 4073 4235 4240 4282 4485 4530 4722
470	9	325	12	29 486 535 680 756 826 864 957 959 1358 1547 1616 2246 2488 2627 2718 2772 2937 2942 3313 3441 3728 3870 4081 4121 4340 4343 4800
471	12	389	12	150 390 431 761 852 992 1093 1435 1438 1458 1563 1768 2607 2702 2798 2805 2955 3132 3141 3287 3853 4203 4356 4468 4562 4655 4860 4899
473	37	324	12	33 243 352 394 455 497 522 960 1291 1584 1597 1638 1650 1753 1817 2018 2024 2265 2680 3570 3713 3828 3851 3994 4200 4897
496	7	374	12	208 224 478 732 758 908 1019 1238 1240 1335 1431 1574 1925 2119 2244 2499 2520 2897 3288 3400 3494 3878 3952 4288 4608 4839
511	8	109	12	212 900 1057 1161 1408 1449 1475 1710 2012 2160 2215 2646 2713 3018 3255 3301 3515 3620 3846 4065 4228 4434 4718 4806
518	27	63	12	12 60 125 164 395 633 801 1192 1313 1318 1367 1520 1590 1591 2063 2477 2598 2908 3043 3911 4082 4391 4588 4783 4846
521	3	323	12	379 772 965 1032 1583 1719 1869 1912 1998 2170 2365 2387 2484 2630 3142 3343 3385 3427 3936 4053 4367 4436 4920
527	30	116	12	544 686 707 740 883 1396 1600 1943 2027 2150 2314 2357 2436 2504 2510 2633 2666 2790 3114 3576 3616 3920 4179 4191 4449 4609
541	22	145	12	20 301 472 574 702 755 1185 1187 1972 2051 2166 2182 2610 2926 3027 3143 3397 3731 3883 4149 4250 4542 4712 4749 4755 4876 4893
552	21	132	12	133 315 697 763 798 924 961 1531 1551 1856 2054 2286 2522 2974 3009 3113 3175 3295 3534 3584 3640 3709 3829 3926 4063 4639 4700 4948
564	26	252	12	261 369 413 452 746 891 1324 1521 1546 1759 1865 1997 2299 2383 2532 2665 2845 2855 3639 3754 3766 4481 4669 4707 4741 4932
623	38	373	12	257 572 617 831 849 1277 1316 1402 1403 1444 1888 2255 2328 2533 2865 2953 3122 3406 3530 3538 3583 3761 4153 4578 4595 4750 4804 4936
644	25	200	12	61 206 580 582 674 762 898 958 1105 1341 1392 1687 2009 2047 2282 2462 2834 3026 3402 3610 3987 4030 4370 4465 4808 4889
673	20	55	12	203 311 417 505 1010 1015 1630 1672 1980 2196 2310 2919 3296 3361 3431 3438 3560 4439 4688 4940 4947 4974
687	5	176	12	51 298 751 820 861 1231 1370 1466 1916 1922 1975 2527 2591 2668 2743 2763 3019 3172 3242 3254 3433 4160 4369 4486 4589 4734 4914
719	10	91	14	182 349 446 579 1019 1087 1209 1461 1491 1764 1793 1802 2167 2575 2612 2929 3068 3417 3552 3735 3957 4131 4238 4880 4979
721	33	30	12	313 326 520 521 545 604 677 1117 1413 1758 1868 1873 1988 2000 2290 2409 2473 3052 3209 4056 4168 4215 4283 4483 4580 4635
726	31	193	12	5 469 504 512 667 1152 1253 1265 1369 1418 1445 1505 2313 2492 2779 2820 2983 2985 3178 3350 3678 4069 4427 4462 4701 4959
738	11	212	12	475 987 1175 1281 1808 2096 2104 2145 2297 2475 2526 2893 3125 3160 3637 3844 4137 4148 4169 4382 4384 4385 4484
11	29	2	12	332 848 875 1930 2123 2251 2292 2302 2528 2555 2636 2649 2866 3272 3464 3512 3643 3682 4012 4244 4411 4461 4478 4740 4813
15	23	264	12	232 317 623 933 1065 1080 1129 1619 1712 2226 2231 2380 2582 2712 2741 2967 3250 3267 3420 3592 3712 4045 4251 4315 4525 4968 4983
25	13	371	12	424 480 557 606 791 889 1058 1166 1328 1390 1553 1618 1675 1867 1923 2073 2125 2139 2489 2597 2808 3090 3229 3492 3919 4466 4661
32	28	18	12	400 682 1319 1332 1625 2128 2271 2844 2913 3157 3381 3444 3457 3537 3633 3822 3946 3980 4010 4106 4261 4357 4412 4469 4885 4984
53	4	38	12	466 699 1227 1372 1462 1501 1523 1594 1787 2092 2186 2195 2449 2574 2788 3144 3158 3466 4167 4516 4601 4816 4925
55	18	216	14	2 354 450 867 952 987 1119 1216 1508 1740 1957 2171 2552 2755 3095 3377 3517 3761 3841 3878 4756 4814 4902
71	17	245	12	254 688 823 1233 1289 1424 1823 1852 1875 1964 2164 2485 2509 2716 2971 3187 3214 3236 3404 3629 3793 4134 4277 4650 4798 4830
91	24	137	12	13 233 835 879 967 1005 1124 1361 1550 1646 1950 1984 2126 2459 2619 2756 2904 3042 3206 3569 3574
123	32	195	14	128 204 246 322 375 396 444 592 1053 1377 1559 1840 1939 2004 2250 2541 2741 3154 3362 3447 3693 3765 4114 4628 4746 4759 4763
125	34	158	14	244 269 314 647 713 902 1062 1406 1687 1730 1923 2217 2361 2860 3196 3363 3487 3700 3995 4146 4278 4600 4635 4703
145	19	235	14	96 160 458 505 603 698 825 1073 1232 1765 1860 2100 2389 2438 2742 2973 3127 3194 3561 4140 4196 4338 4588
147	36	174	14	356 489 609 875 920 1444 1502 1734 1871 2058 2091 2122 2454 2476 2954 3443 3625 3706 3899 3914 4136 4150 4379 4452 4907
153	35	53	14	376 474 666 690 799 1022 1112 1309 1404 1849 2317 2445 2461 2536 3183 3282 3786 3850 3869 4142 4175 4185 4194 4708 4838
161	14	111	14	599 607 887 1220 1421 1437 1557 1667 1723 1747 1779 1841 1873 1943 2212 2920 2951 3225 3456 3516 3524 3860 3953 3958 4261 4790
210	2	384	14	81 205 242 1282 1495 1928 1985 2146 2237 2584 3132 3540 3707 3756 3865 3904 4329 4527 4618 4684 4745 4831 4844
215	6	332	14	223 594 618 620 782 834 1120 1242 1326 1539 2134 2324 2369 2783 2959 3198 3259 3335 3532 3688 3992 4148 4288 4447 4940 4945
226	39	337	14	164 197 293 395 454 800 1789 1818 1824 1950 2077 2170 2218 2642 2721 2736 2771 2851 3117 3392 3522 3787 4165 4292 4321 4659 4686
227	15	122	14	80 227 228 379 411 429 551 719 926 1442 1628 1979 2168 2213 2457 2639 2869 3152 3261 3400 3710 4122 4399 4429 4903
235	16	213	14	30 1078 1459 1538 1670 1677 1733 2005 2211 2416 2472 2501 2815 3389 3504 3575 3612 3619 3970 4248 4991
247	40	282	14	20 120 265 526 824 1726 1756 1837 2412 2628 2640 2971 3149 3704 3873 4033 4072 4498 4545 4726 4792 4811
254	1	169	14	36 328 601 645 681 880 918 1084 1088 1526 1908 1965 1978 2068 2239 2276 2341 3064 3112 3628 4017 4053 4203 4465 4785 4829
320	9	267	14	168 464 482 492 587 1379 1403 1588 1744 1848 1953 2225 2603 2649 2703 2773 3695 3726 3908 4129 4164 4426 4817 4993
321	12	367	14	173 203 827 979 1465 1493 1786 1853 1890 1962 2110 2175 2738 2752 2803 2934 3346 3474 3599 3771 3933 4132 4176 4415 4535
329	37	244	14	116 174 488 835 1111 1215 1248 1551 1663 2072 2197 2332 2625 2841 2889 2892 3040 3065 3221 3263 3276 3559 3836 4206 4221
337	7	389	14	9 105 259 441 729 1006 1269 1288 1814 2081 2130 2307 2664 2769 2870 3018 3139 3171 3212 3755 4081 4157 4166 4437 4729 4859
377	8	316	14	260 472 650 854 1005 1158 2273 2515 2564 2764 2819 2903 2905 2956 3122 3301 3361 3776 4012 4105 4143 4171 4374 4427 4442 4865
386	27	3	14	107 368 627 755 964 1034 1056 1189 1274 1417 1438 1594 2184 2323 2377 2534 2906 3345 3527 3677 3813 4128
388	3	354	14	22 298 870 1000 2132 2309 2368 2436 2439 2528 2775 3033 3241 3252 3415 3481 3604 3632 3753 3882 4301 4349
425	30	190	14	310 604 866 1012 1104 1247 1352 1432 2306 2338 2729 3088 3202 3284 3380 3432 3509 3729 4336 4512 4673 4740 4894 4937
437	22	220	14	200 301 469 773 805 890 896 1213 1249 1418 1643 1805 1901 2144 2745 2840 2935 2963 3200 3207 3711 3854 3961 4275 4277 4620 4851
447	21	61	14	18 67 148 372 651 969 1266 1453 1919 2045 2124 2294 2488 3145 3489 3610 3616 3657 3856 4009 4198 4281 4564 4793 5000
456	26	359	14	158 513 546 994 1219 1494 1604 1831 1893 1900 1956 2156 2298 2535 2556 2670 2863 2885 3007 3054 3398 3923 4112 4314 4772 4951
502	38	24	14	60 561 764 804 1362 1382 1451 1696 1766 2087 2391 2706 2811 2862 3277 3422 3495 3749 3752 3973 4070 4394 4516 4845
555	10	220	16	155 550 630 1483 1617 1734 1951 1989 2112 2249 2674 2732 2836 3104 3385 3440 3482 3646 3669 3852 3930 3965 4106 4126 4657 4789 4908
570	25	340	14	435 538 539 685 695 1366 1387 1875 2263 2677 2991 3105 3137 3340 3367 3416 3461 3853 4050 4088 4365 4656 4662 4807
581	20	306	14	334 344 414 754 821 849 1141 1329 2477 2486 2624 2983 3317 3437 3687 3734 3938 4134 4279 4304 4384 4896 4919
594	5	51	14	28 58 170 381 426 523 528 1028 1140 1195 1268 1347 1448 1497 1537 1885 2351 2382 2707 2843 2891 3357 3519 3959 4096 4801
620	33	139	14	25 212 282 1259 1393 1395 1427 1770 2300 2544 2560 2595 2796 3713 3823 3838 4170 4207 4216 4280 4523 4639 4744 4827 4887 4998
636	31	154	14	247 440 512 728 1137 1227 1514 1808 1868 1870 2238 2414 2428 2567 2794 3862 3890 3927 4473 4878 4888 4920 4950 4984
645	11	127	14	146 166 237 271 281 307 662 726 752 911 1038 1091 1164 1481 2223 2466 2520 2581 2605 2855 3002 3820 3821 4197 4655 4769
649	29	208	14	12 70 321 537 919 1156 1178 1273 1625 2039 2230 2786 3204 3685 3724 3725 3925 4037 4476 4496 4575 4717 4781
661	23	372	14	37 309 585 692 784 1296 1312 1464 1720 1799 1879 2102 2468 2555 2687 2701 2711 3102 3624 3868 4210 4441 4491 4675
664	13	46	14	43 135 456 575 1029 1093 1389 1424 1671 2405 2547 2852 2880 3111 3485 3597 3875 3943 3962 3990 4184 4472 4515 4879 4953
709	28	162	14	15 65 262 600 615 653 943 1320 1349 1580 1813 2014 2378 2950 3167 3210 3233 3330 3351 3420 3460 4010 4059 4598 4900
711	4	253	14	102 288 466 570 841 947 950 999 1036 1204 1365 1835 2208 2392 2698 2732 2881 2897 3060 3078 3099 3611 3876 4180 4943
723	17	239	14	198 589 722 802 1043 1246 1260 1862 2128 2154 2244 2285 2316 2493 2562 2570 2731 2987 3297 3498 3503 3672 3705 4038 4361 4753 4962
742	24	76	14	23 31 226 934 1194 1396 1535 1787 2051 2105 2288 2408 2658 3001 3181 3324 3555 3689 3696 3760 3844
756	18	291	16	151 229 542 752 1013 1218 1228 1283 1289 1381 1916 1922 2247 2511 2623 2849 3172 3276 3301 3410 3594 4047 4083 4286 4641 4733
785	32	68	16	32 108 259 673 924 1308 1514 1995 2101 2220 2238 2260 2335 2595 2760 2879 3160 3304 3978 4115 4160 4273 4510 4763 4959
793	34	385	16	595 1061 1389 1706 1738 1821 2042 2095 2382 2632 2852 3123 3272 3329 3548 3583 3846 3993 4095 4195 4249 4543 4825 4851 4961
798	19	203	16	82 699 714 819 1559 1866 2221 2621 2838 2910 2968 3150 3195 3260 3315 3403 3588 3809 3849 4071 4092 4263 4568 4776 4915 4955
1	36	13	16	216 667 912 973 998 1017 1290 1297 1638 2733 2788 3055 3095 3406 3423 3459 3602 3739 3745 3751 3911 4147 4342 4599 4747
12	35	260	16	3 30 255 302 404 1169 1802 2147 2189 2336 2767 3139 3182 3281 3575 3585 4084 4188 4802
16	14	52	16	224 228 397 467 1069 2120 2350 2429 3058 3110 3310 3346 3471 3730 3826 3885 3977 4597 4645 4671 4771 4886
49	2	224	16	66 283 573 855 1229 1434 1518 1532 1785 1924 2001 2516 2672 2940 3092 3165 3370 3622 3750 3770 4079 4154 4184 4422 4613 4716
63	10	224	18	299 473 700 859 1173 1326 1878 1984 2059 2307 2362 2983 3069 3119 3223 3267 3374 3466 3521 3680 3706 3856 4103 4246 4253 4843
70	6	277	16	62 456 1324 1340 1450 1666 2028 2117 2301 2679 2761 2783 2943 3607 3814 3843 4168 4185 4585 4694 4729 4756 4954
95	39	14	16	39 95 565 658 830 1051 1437 1826 1892 2021 2105 2149 2319 2341 2410 2579 2692 2845 3328 3473 3642 4371 4453 4696 4806
103	15	186	16	290 410 418 421 438 597 887 1135 1294 1364 1486 1678 1782 1789 1990 2513 2723 2748 3236 3383 3742 3939 4091 4257 4976
104	16	377	16	16 183 896 970 1357 1509 1700 1872 2006 2116 2248 2317 2481 2585 2605 2930 3151 3743 3813 4117 4275 4284 4532 4754 4811
113	40	167	16	23 152 483 654 815 993 1407 1880 2155 2205 2218 2503 2837 3018 3324 3340 3589 4055 4093 4098 4305 4327 4387 4615 4894
119	1	59	16	126 253 430 774 962 1282 1413 1461 1591 1601 1640 1784 2143 2161 2327 2573 2647 3421 3446 3510 3928 4002 4096 4372 4464 4942
135	9	331	16	123 329 427 678 868 1223 1264 1717 1775 1831 1833 1935 2690 2984 3040 3428 3543 3834 3980 3996 4032 4112 4245 4253 4868 4877
141	12	1	16	282 304 323 353 367 568 1147 1302 1315 1319 1480 2178 2224 2349 3027 3116 3161 3240 3611 3799 3833 4469 4570 4653
143	37	28	16	659 675 741 1181 1458 1528 1592 1711 1786 1997 2264 2277 2366 2718 2969 3524 3558 3595 3955 3956 4642 4742
171	7	29	16	109 315 365 428 458 605 834 1014 1588 1631 1665 1680 1876 2338 2459 2462 2709 3262 3578 3976 4064 4198 4308 4462 4838
200	8	170	16	350 482 548 660 809 1292 1436 1497 1547 1755 2209 2296 2326 2492 2694 3020 3039 3237 3238 3764 3966 4058 4142 4186 4362 4505
206	27	21	16	263 287 537 562 951 1045 1078 1130 1205 1564 1644 1695 2075 2114 2391 2488 3067 3395 3408 4187 4200 4259 4280 4495 4661 4794
218	3	281	16	69 106 266 833 860 946 1046 1433 1612 1658 1771 1806 1841 2082 2449 2900 3183 3187 3525 3651 4190 4307 4323 4623 4758 4821
229	30	123	16	94 241 265 552 676 1168 1805 1813 1981 2495 2588 2662 3368 3591 3832 3847 4054 4099 4269 4486 4502 4522 4677 4823 4853
237	22	391	16	72 335 650 984 1016 1070 1265 1524 1553 1593 1637 1852 2017 2289 2406 2476 2664 2918 3349 3626 3627 4145 4256 4508 4932
246	21	196	16	117 213 313 388 406 980 1602 1615 1830 2094 2689 3221 3241 3472 3761 3807 3836 3992 4367 4548 4760 4890
269	26	397	16	487 953 1100 1122 1383 1761 1804 1809 1847 2061 2261 2333 2768 2794 2935 2944 3010 3050 3462 3478 3617 3740 3752 4173 4685 4882
270	38	293	16	97 99 115 166 271 296 439 522 738 803 985 1027 1110 1138 1244 1485 2779 3537 3991 4005 4123 4162 4296 4478
316	25	57	16	495 538 662 979 1235 1484 1490 1676 2068 2159 2204 2402 2568 2614 2945 3124 3138 3235 4396 4607 4692 4713 4736 4830 4911
351	20	191	16	218 307 390 445 708 1199 1355 1475 1890 1928 2064 2352 2714 2827 3026 3355 3422 3429 3547 4074 4103 4119 4267 4816
376	5	70	16	78 251 519 524 555 783 1159 1395 1745 1747 1760 1764 2567 2715 2857 2997 3016 3024 3683 3906 4159 4489 4795 4809 4858
397	33	282	16	5 479 1207 1473 1647 1759 1856 2250 2378 2383 2682 2713 2960 2967 2975 3069 3143 3219 3251 3354 3397 3571 3921 4264 4405 4501
399	31	180	16	31 122 277 454 644 683 876 920 1363 1435 1752 1902 1976 2164 2269 2270 2297 2652 2890 2934 3191 4067 4916
405	11	294	16	98 363 444 710 786 1000 1001 1488 1923 2594 2634 2693 2952 3239 3247 3458 3656 3676 3714 4219 4260 4553 4656 4665 4731 4874
411	29	315	16	14 87 103 280 374 988 1023 1276 1812 1952 2019 2424 2437 2675 3244 3424 3638 3917 3997 4136 4338 4351 4474
416	23	69	16	944 983 1423 1474 1590 1854 1863 1962 2252 2486 3087 3680 3837 3905 4114 4178 4302 4358 4442 4515 4766 4917
462	13	87	16	134 359 602 784 957 1030 1262 1449 1468 1525 1988 2183 2245 2531 2613 2653 2721 2784 2982 3321 3426 3573 3665 3850
465	28	134	16	258 453 1028 1039 1501 1551 1919 2262 2542 2596 2661 2665 3169 3206 3259 3820 3920 4181 4194 4448 4560 4606 4930 4980
476	4	339	16	41 575 619 729 750 1125 1452 1715 1751 2059 2215 2258 2292 2673 2789 2878 3580 3681 3823 3907 4024 4085 4670 4964
478	17	342	16	129 210 566 651 696 872 1113 1171 1349 1384 1569 1674 1748 1970 2003 2210 2343 2415 2591 2998 3306 3536 3766 3800 4191 4594
492	24	337	16	230 587 592 603 791 807 2005 2539 2564 2598 2663 2813 2817 2928 3335 3351 3477 3782 3835 3899 4088
494	18	198	18	79 97 292 708 915 1461 1517 1803 1839 2816 2875 2973 3129 3471 3530 3603 3613 3709 3907 4009 4102 4254 4740
513	32	177	18	93 559 660 1017 1175 1558 1585 1832 2089 2255 2521 3085 3110 3174 3271 3576 3674 4015 4122 4283 4684 4758 4869
544	34	307	18	174 185 284 528 673 1154 1180 1422 1442 1511 1598 1716 1784 2088 2126 2275 2504 3086 3207 3429 3773 3922 4226 4377 4598
548	19	296	18	21 108 318 988 1493 1787 1972 2007 2044 2060 2246 2268 2272 2354 2469 2755 3037 3245 3553 3826 4020 4048 4237
566	10	307	20	52 90 91 245 455 473 613 636 836 864 1107 1108 1295 1965 2517 2881 2891 2912 3061 3197 3475 4085 4152 4462
582	36	335	18	39 161 209 439 815 881 1061 1149 1233 1499 1739 1843 1946 1950 2368 2381 2538 2711 2745 3098 3692 4068 4667 4699 4855
593	35	308	18	112 523 574 1076 1684 1747 1850 2169 2638 2684 2895 2932 2964 3106 3619 3891 3937 4004 4161 4597 4772 4892 4995
612	14	318	18	345 521 664 1411 1708 1728 1761 1892 2036 2053 2596 2730 2744 2774 3019 3156 3369 3967 4052 4077 4222 4326 4511 4565 4775
624	2	112	18	563 744 797 850 922 965 999 1087 1104 1834 2137 2297 2420 2435 2622 2777 2867 2904 3480 3737 3914 4397 4491
631	6	26	18	8 186 450 590 1143 1157 1455 1680 1712 1836 1840 1917 2572 2697 3180 3516 3541 3859 4225 4266 4347 4777 4803 4934
632	39	54	18	193 269 452 529 541 1381 1430 1477 1484 1636 1648 1992 1993 2266 2680 2824 2990 3893 4089 4240 4292 4471 4629 4955 4974
633	15	387	18	29 208 358 508 614 703 971 1446 1599 2175 2216 2429 2475 2478 2483 2512 2564 2651 2765 3140 3321 3644 3665 4718 4910 4957
634	16	179	18	148 205 230 244 558 672 1010 1421 2067 2124 2393 2463 2678 2687 2764 3191 3777 3791 3843 3889 4046 4705 4863 4970
646	40	292	18	123 153 341 364 634 966 1768 1797 1879 1903 2945 3088 3304 3486 3559 3675 3846 3851 4098 4698 4766 4808 4903
668	1	102	18	92 104 201 600 837 958 1077 1136 1653 1833 1968 2356 2553 2968 3256 3729 3745 4446 4453 4513 4634 4683
694	18	54	20	168 436 778 938 1644 1694 1716 1771 1772 2450 2510 2546 2566 2993 3416 3880 3893 4253 4610 4627 4753 4794
695	9	103	18	215 569 813 946 1080 1189 1191 1244 1358 1452 1535 1776 2114 2698 3351 3353 3363 3372 3395 3663 3892 4268 4396 4502 4726 4948
715	12	331	18	576 580 775 792 853 1188 1199 1656 1810 2043 2259 2397 2432 2519 2690 2802 3042 3286 3628 3906 4220 4273 4611 4901
729	37	200	18	56 86 100 596 622 1159 1248 1407 1479 1754 1778 1982 2177 2239 2256 2291 2806 2840 3065 3639 3687 3810 3965 4431 4952
745	32	102	20	134 210 274 289 601 798 963 1017 1027 1478 1658 2031 2536 2787 2854 2877 3092 3148 3997 4055 4126 4364 4375 4616 4860
752	34	292	20	511 546 733 804 1022 1033 1380 1393 2261 2437 2795 2911 3000 3484 3727 3804 3824 4179 4182 4394
766	7	226	18	324 489 613 761 812 823 833 867 1048 1208 1362 1802 1911 1931 2396 2599 2669 2830 3496 3538 3611 3768 3966 4037 4823 4826
781	8	71	18	6 389 447 777 928 1128 1135 1537 1942 2123 2142 2269 2648 3084 3194 3396 3828 3960 4034 4045 4056 4257 4430 4500 4650 4840
783	27	238	18	229 428 556 822 1007 1193 1315 1614 1822 2113 2146 2336 2676 2750 2874 3248 3418 3606 3607 4032 4069 4439 4675 4929 4963
800	3	115	18	606 892 925 1004 1050 1255 1261 1333 1481 2304 2339 2399 2631 2976 3095 3217 3561 3598 3736 3988 4362 4463 4834 4861 4984
5	30	234	18	78 287 498 836 974 1183 1305 1355 1883 2413 2485 2520 3142 3327 3763 3811 4202 4272 4405 4554 4583 4640 4685 4866
19	22	58	18	26 566 616 829 1088 1668 1756 1853 1885 2145 2584 2624 2702 2704 2921 3342 3357 3387 3924 4577 4606 4938
21	21	320	18	10 149 268 476 1354 1564 1921 1966 2085 2577 2969 3566 3747 3862 4047 4087 4146 4296 4646 4851 4942
26	26	148	18	481 931 1187 1235 1553 1855 2551 2593 2600 2792 2798 3077 3080 3494 3588 3717 3900 4115 4141 4298 4385 4510 4648 4868
38	38	205	18	50 57 373 418 578 1344 1370 1439 2128 2330 2367 2552 2557 2695 2735 3023 3059 3063 3825 3838 4252 4329 4681 4778 4824
40	25	281	18	90 709 743 964 1562 1845 1912 2279 2493 2587 2618 2850 3314 3470 4095 4243 4434 4567 4578 4657 4682 4710
41	20	162	18	424 753 842 1399 1578 1671 1820 1826 1965 1978 2168 2563 3177 3336 3820 3853 3938 4341 4447 4589 4968 4983
46	5	39	18	658 809 1369 1522 1543 1926 1954 2046 2182 2187 2425 2714 2974 3145 3148 3580 4109 4183 4229 4568 4676 4981
48	33	12	18	4 762 1190 1674 1724 1727 1976 2047 2217 2583 2641 3133 3362 3666 3697 3877 3881 3885 3935 4132 4340 4435 4911
54	31	38	18	59 152 219 625 838 1377 1443 1732 1861 1896 2101 2125 2851 2938 3172 3260 3407 3419 3705 3871 4041 4381 4679
60	11	150	18	933 986 1030 1035 1072 1400 1627 2186 2525 2560 2629 2643 2738 2797 2947 3004 3231 3266 3358 3985 4139 4198 4614
64	29	358	18	121 362 427 460 518 624 718 818 943 1165 1580 1600 1621 1882 2153 2282 2471 2545 3557 3760 3939 4002 4239
90	23	298	18	105 162 552 720 758 1391 1438 1849 1865 1897 2436 2555 2820 3131 3199 3461 3509 3520 3643 3981 4211 4651 4670 4926 4978
92	13	368	18	132 142 573 647 701 1081 1397 1425 1863 2568 2597 2707 2747 2810 3002 3153 3840 4019 4533 4628 4706 4791 4958 4966
102	28	264	18	115 180 337 391 485 509 739 1202 1521 1702 1891 2016 2034 2286 2400 2499 3388 3450 3648 3903 3974 4376 4737 4885
105	4	338	18	128 178 335 873 1322 1483 1488 1872 2057 2547 2630 2836 2989 3415 3514 3788 4059 4083 4441 4524 4563 4739 4859
130	17	117	18	110 217 304 387 548 610 825 827 1266 1342 1584 1593 1755 2303 2320 2579 2650 2859 3243 3493 3954 4334 4391 4770
132	24	256	18	526 652 659 913 1226 1288 1372 1780 1821 2080 2154 2759 2804 3339 3624 3816 3971 4120 4232 4600 4867
139	19	227	20	50 191 973 1695 1814 2050 2145 2205 2303 2441 2453 2561 2595 2801 2927 3093 3107 3138 3364 3390 3548 3780 4343 4799
142	36	254	20	243 261 597 839 1265 1538 1609 1663 1741 1861 2129 2267 2722 2819 3005 3051 3747 3754 3882 4363 4442 4570 4939
172	35	279	20	479 651 740 799 1025 1174 1382 1806 1835 1896 2226 2351 2713 2955 2983 3046 3376 3481 3718 4436 4683 4834 4850 4874
173	14	186	20	139 363 374 1043 1068 1558 2093 2500 2504 2953 3355 3443 3515 4145 4197 4263 4265 4366 4630 4883 4917
190	2	353	20	84 119 306 348 619 683 750 756 1144 1193 1285 1490 1907 2044 2097 2456 2582 2699 2958 2972 3120 3169 3238 3958
199	6	32	20	291 320 458 949 1013 1079 1248 1981 2247 2537 2707 2839 3012 3035 3493 3894 4187 4832 4900
212	39	40	20	160 900 930 941 1109 1129 1286 1405 1563 1652 1738 1792 1948 2179 2265 2314 2719 2780 2901 3662 3765 4682 4905
234	15	152	20	170 273 542 608 749 932 1373 1513 1825 1827 2306 2541 2597 2747 2762 3147 3767 3924 3954 4287 4437 4463 4910
274	16	58	20	10 73 962 1074 1179 1562 1581 1617 1778 1988 1997 2221 2268 2412 2496 2729 3019 3232 3356 3477 3674 4106 4446 4529
275	40	142	20	51 127 577 682 926 1007 1307 1417 1447 1829 2206 2362 2672 3914 3941 4030 4272 4324 4410 4552 4920
277	1	312	20	110 347 365 717 833 937 945 948 1287 1336 1809 2514 2992 3350 3399 3680 3811 3902 4138 4317 4466 4534 4984 4990
289	9	157	20	138 271 330 419 599 672 714 1590 2098 2296 2553 2766 2848 2864 3196 3313 3701 3786 3900 4006 4013 4146
295	12	10	20	19 192 218 364 480 847 1499 1921 1977 2015 2095 2241 2382 2458 2516 2950 3546 3572 4207 4405 4724 4816
305	37	355	20	225 309 530 583 901 1306 1528 1709 1840 1893 1905 2026 2115 2181 2984 3168 3384 3605 3830 3863 4173 4289 4468 4516
308	7	344	20	9 140 147 232 269 329 417 602 1085 1090 1291 1325 1605 1670 1751 2088 2401 3154 3464 3494 3690 3864 3944 4676
314	8	341	20	224 830 914 1256 1434 1455 1471 1692 1819 1851 2457 2565 2850 2856 3424 3455 4128 4340 4345 4367 4474 4550 4617 4648
346	27	70	20	72 221 494 644 678 774 1446 1454 1556 1894 2009 2090 2717 2724 2743 2789 2825 3236 3499 3860 4409 4733
348	3	298	20	28 101 185 198 300 878 1161 1267 1507 1533 1545 1595 1672 2354 2913 2952 2976 3202 3208 3581 3783 3793 3998 4056 4459
363	30	48	20	230 414 464 561 820 883 929 934 1222 1606 1621 2020 2204 2620 2852 2960 3080 3782 3940 4424 4467 4689
373	22	197	20	371 572 978 1147 1250 1945 1967 2076 2429 2619 2916 2923 3361 3415 3438 3768 3826 3963 4294 4377 4714 4769 4831
380	21	295	20	551 621 727 796 1112 1131 1414 1593 1671 1952 2080 2409 2578 2602 2919 3016 3084 3407 3452 4694
394	26	7	20	151 227 490 915 1024 1142 1266 1612 1724 1742 2739 2802 2898 3682 4090 4094 4131 4373 4414 4428 4608 4908 4936 4946
396	38	206	20	82 116 142 254 631 824 1045 1153 1386 1391 1401 1668 1677 1687 2242 2257 2375 2650 2861 2896 3661 4189 4551 4558 4845
413	10	157	22	308 363 435 792 795 853 1070 1092 1510 1549 1759 1857 1990 2194 2327 2784 2959 2979 3030 3058 3211 3631 3926 4937
415	25	230	20	8 240 349 366 408 1360 1443 1625 1928 2104 2154 2171 2276 2740 2860 3173 3408 3897 4392 4422 4431 4465 4499 4762 4768
475	20	375	20	59 78 314 547 635 855 1168 1366 1633 1979 2592 2627 2973 3192 3554 3825 3832 4210 4306 4547 4597 4758 4774
477	5	129	20	153 737 947 1004 1020 2027 2455 2470 2478 2589 2809 3201 3491 3492 3623 3779 3890 4001 4130 4203 4404 4591 4720 4750 4783
515	33	360	20	15 486 795 1370 1420 1540 1582 1657 1703 1717 1888 1963 2417 3091 3297 3497 3586 3666 3702 3951 4087 4471 4826
523	31	359	20	64 343 384 576 730 906 984 1063 1210 1318 1492 1578 1585 1883 2330 2355 2528 2704 3220 3289 3367 3552 4331 4719
524	11	4	20	54 764 800 946 991 1120 1246 1511 2018 2049 2140 2270 2432 2737 3008 3189 3309 3461 3717 4228 4334 4580 4956
553	29	73	20	410 426 643 1032 1148 1329 1338 1704 1795 2122 2233 2298 2326 2701 2882 3029 3326 3753 4014 4019 4384
575	23	222	20	145 422 1133 1145 1296 1363 1568 1628 1831 1833 2053 2082 2235 2618 3053 3243 3318 3641 3967 4045 4348 4368 4706 4983
589	13	126	20	77 637 891 1901 2202 2353 2399 3017 3069 3085 3301 3381 3517 3518 3688 3719 3748 3953 4110 4286 4371 4380 4512 4848
596	28	212	20	237 357 632 647 719 907 1060 1146 1689 1713 1756 1832 1843 2681 3117 3370 3498 3529 3683 3943 4235 4310 4395 4704
599	4	299	20	375 620 950 1018 1053 1406 1412 1441 1635 2107 2384 2443 2660 3014 3479 3915 4048 4082 4352 4426 4500 4817
603	17	187	20	2 159 282 536 691 767 1127 1273 1506 1763 1903 2114 2258 2342 3119 3164 3440 3692 3889 3930 4016 4044 4889 4927
604	24	149	20	68 202 489 770 1215 1260 1293 1591 1610 1665 2185 2677 3076 3124 3322 3530 3639 4160 4194 4214 4309
622	18	15	22	49 352 421 515 948 1423 1701 2253 2450 2669 2683 2750 2844 2886 3183 3694 3720 3863 3945 3948 4051 4457 4604 4865
638	32	223	22	1294 1523 2028 2081 2240 2273 2289 2433 2440 2655 2777 3654 3916 4139 4154 4293 4357 4365 4385 4419 4455 4459 4482 4518 4989
653	34	199	22	118 492 575 917 929 1426 1464 1699 2127 2211 2649 2893 3302 3379 3486 3588 3733 3755 4153 4379 4526 4757 4866 4967
655	19	103	22	76 113 187 262 535 720 1204 1361 1599 1645 1791 2261 2312 2344 2441 2598 3028 3245 3968 4251 4284 4312 4620 4731
663	36	356	22	236 319 502 558 736 1197 1351 1439 1561 1579 1788 2117 3210 3287 3328 3703 3970 4045 4073 4205 4219 4631 4837 4952
667	35	155	22	189 460 472 525 832 936 1132 1332 2059 2152 2222 2663 2695 2997 3315 3353 3396 3658 3687 3840 4129 4479 4513 4617
682	14	202	22	119 180 347 368 567 579 745 966 1058 1504 1543 1733 1766 2183 2333 2377 2668 2848 3044 3330 3936 4109 4174 4801 4978
688	2	328	22	184 249 334 357 656 881 985 1026 1275 1347 2724 3087 3109 3148 3497 3526 3579 3698 3861 4090 4309 4412 4778
692	6	131	22	591 627 634 821 1014 1119 1525 1646 1887 2024 2141 2229 2752 2770 3534 3790 3994 4016 4285 4649 4723 4876
704	39	250	22	74 296 314 437 693 937 939 1120 1753 1815 1824 1945 2554 2809 2936 3435 3715 3902 4018 4229 4236 4464 4861 4863 4896
730	15	382	22	13 243 348 457 1064 1201 1675 2017 2276 2319 2526 2540 2878 3488 3782 4031 4220 4248 4325 4366 4501 4519 4905
733	16	104	22	478 493 840 935 1069 1324 1408 1442 1899 2102 2165 2508 3528 3615 3942 4217 4393 4603 4632 4685 4738 4856 4914 4922 4949
737	40	60	22	129 287 539 858 911 1303 1328 1385 1582 1706 1933 1959 2334 2539 2887 3053 3401 3546 3792 4574 4605 4759
740	1	303	22	71 263 888 1067 1421 1544 1956 1969 2136 2291 2928 3023 3262 3614 3660 3672 3766 3845 4130 4186 4277 4328 4674 4765
746	9	68	22	160 427 830 1154 1764 1916 2120 2159 2173 2294 2442 2464 2812 2867 3308 3466 3886 4241 4358 4572 4820 4870 4898
749	12	394	22	156 438 679 782 1188 1205 1569 1792 2067 2366 2563 2771 2924 3029 3578 3697 3799 3816 4316 4421 4486 4549 4658
754	37	363	22	37 222 321 875 993 1023 1358 1411 1507 1527 1628 1707 2147 2168 2496 2761 3097 3233 3276 3323 3439 3569 3974 4072
758	7	274	22	306 538 555 618 903 1042 1279 1310 1374 1729 1736 1826 1975 2006 2175 2376 2575 2754 2773 3045 3089 3376 3747 3798 4300
767	8	319	22	288 391 654 657 711 725 868 1302 1460 1841 1992 2279 2454 2612 2829 3290 3533 3564 4180 4370 4612 4636 4692 4867
771	27	71	22	90 103 241 909 1293 1473 1633 1836 2027 2153 2443 2484 2499 2776 3062 3663 3702 3777 4255 4314 4361
772	3	88	22	416 506 766 785 1030 1114 1170 1934 2326 2373 2671 2965 3556 3718 3819 3876 3900 3939 4182 4267 4503 4596 4644 4899 4960
773	30	366	22	281 284 405 748 814 1330 1469 1830 2044 2190 2482 2652 2898 3184 3388 3465 3586 3602 3701 3859 3927 4021 4360 4616 4694
9	22	65	22	265 557 790 928 949 969 1503 1775 2186 2313 2323 2416 3067 3307 3594 3987 4239 4339 4434 4651 4895 4962
13	21	297	22	117 239 407 533 644 762 1157 1262 1591 1711 2174 2245 2780 2807 3555 4089 4131 4319 4458 4673 4851 4864
34	26	109	22	604 688 763 884 886 1065 1378 1660 1661 1883 2423 2589 2602 2877 2916 3472 3647 3713 3742 3822 4223 4350 4376
47	38	132	22	297 500 527 658 1098 1342 1513 1904 2379 2546 3000 3061 3078 3134 3400 4046 4654 4852 4907 4942
89	25	18	22	300 346 640 722 746 989 1045 1401 1727 2418 2533 2622 2850 2866 2981 3082 3446 3476 3904 4104 4524
117	20	187	22	34 385 1290 1348 1486 1488 1678 2023 2316 2337 3110 3204 3218 3531 3769 3858 3873 4475 4529 4533 4536 4792
144	5	289	22	458 497 822 943 1296 1517 2237 2977 3313 3693 3785 3917 4092 4120 4211 4235 4246 4514 4602 4747 4819 4874 4934
187	33	351	22	12 38 648 691 899 920 959 961 1088 1247 1313 1371 1418 1937 1957 2615 3182 3190 3457 3667 3808 4097 4354 4595
202	31	107	22	142 302 371 468 1459 1918 1929 1994 2098 2427 2434 2635 3113 3118 3138 3209 3257 3289 3291 4232 4583 4642
213	11	73	22	75 83 652 703 743 850 999 1202 1309 1403 1776 2198 2290 2550 2712 2805 2876 3673 3772 3949 4047 4430 4711
222	29	330	22	127 531 1254 1297 1474 1686 1740 2130 2233 2389 2495 2568 2593 2832 3852 3895 4061 4077 4495 4579 4624
224	23	329	22	205 225 760 1334 1612 1828 1853 2162 2643 2747 2907 3101 3121 3158 3162 3225 3475 3759 4145 4378 4401 4564
238	13	221	22	3 153 344 410 571 1301 1397 1925 2206 2439 2547 2980 3106 3155 3303 3841 3984 4212 4291 4326 4630 4710 4771
244	28	376	22	111 131 420 471 1133 1150 1295 1725 1823 2042 2321 2565 2699 2889 3391 3539 3562 3716 3978 4548 4557 4827
257	4	30	22	47 359 432 653 1074 1101 1223 1679 1761 2142 2409 2419 2466 3442 3868 3879 3959 4196 4266 4383 4578 4776 4948
262	17	304	22	39 735 912 1227 1257 1516 1647 2005 2048 2083 2134 2404 2457 2513 2873 2948 3102 3239 3385 4238 4262 4539
266	24	174	22	192 250 510 635 753 1654 1737 1846 1894 2426 2656 2798 2883 3009 3327 3394 3565 3671 4581 4873 4882
273	10	288	24	46 258 723 806 817 869 1177 1204 1246 1385 1796 1939 2199 2323 2362 2826 2867 3319 3569 3647 3649 4603 4751
293	18	75	24	333 359 412 432 1109 1686 1920 1935 2218 2439 2681 2910 3046 3059 3136 3449 3809 4095 4407 4537 4540 4952 4993
301	32	334	24	428 468 677 783 803 1102 1368 1484 1510 1641 1753 1819 2309 2507 2864 3109 3258 3460 3797 4347 4408 4456
310	34	9	24	235 598 608 669 776 815 910 1115 1373 1653 1778 1791 1859 2135 2375 2941 3018 3038 3067 3388 3481 4308 4746 4925
318	19	13	24	3 67 107 272 761 789 828 859 1071 1892 1994 2173 2325 2367 2502 2577 2645 2805 3036 4418 4548 4581
324	36	361	24	774 978 1096 1321 1430 1522 1685 1973 2126 2380 2382 2562 2592 2611 2648 2967 3357 3421 3468 3752 3753 4065 4377
326	35	246	24	327 336 1097 1433 1827 1894 1910 2269 2341 2513 2599 2708 2963 3222 3356 3426 3536 3791 4226 4371 4467 4569 4657
328	14	271	24	1 177 287 486 533 1677 2150 2327 2494 2511 2729 2990 3012 3314 3462 3530 3803 3900 4513 4694 4708 4736 4864
331	2	348	24	404 411 1009 1016 1127 1456 1638 1800 1915 2228 2251 2581 2734 2800 2827 2989 3053 3166 3285 3512 3882 3922 4266 4728
334	6	345	24	263 300 687 991 1280 1298 1996 2164 2180 2280 2311 2847 3199 3465 3472 3499 3698 3773 4172 4297 4528 4648
341	39	118	24	15 176 927 941 1155 1500 1658 1675 2030 2048 2079 2272 2305 3144 3538 3557 3885 4304 4508 4588 4611
347	15	16	24	71 105 303 419 722 1431 1855 1878 2174 2275 2797 3473 3484 3551 3555 3796 3905 3937 4360 4429 4956 4996
359	16	79	24	294 314 765 767 851 917 1208 1274 1828 1898 1927 2209 2571 2660 3734 3748 3781 3961 4032 4188 4262 4406 4573
379	40	393	24	121 307 463 501 622 794 938 1263 1363 1713 2477 2749 2948 3146 3757 3991 4094 4118 4378 4394 4478 4832 4883
408	1	111	24	130 206 507 541 1205 1251 1429 1627 1794 2485 2870 3135 3259 3311 3501 3918 4029 4133 4152 4483 4535 4843 4863 4994
422	9	333	24	11 420 498 816 955 1104 1290 1498 1607 1630 2099 2212 2568 2606 2724 2822 2912 3490 3758 3973 4461 4649 4762 4822
427	12	380	24	407 680 873 1237 1271 1323 1394 1409 1549 1759 2070 2288 2694 2986 3079 3157 3207 3684 4149 4212 4731 4904
450	37	204	24	545 591 1253 1339 1971 1982 1998 2139 2415 2559 2657 2789 2841 2858 2868 2987 3372 3635 3729 3953 4002 4071 4493 4624
461	7	184	24	666 1100 1286 1573 1574 1732 1735 2234 2358 2421 2725 2745 3023 3142 3508 3826 3857 4107 4108 4659 4695 4893 4903
463	8	178	24	55 473 979 1331 1374 1577 1812 1974 2283 2322 2793 3033 3081 3128 3257 3320 3529 3592 3700 3903 3912 3994 4594 4950
466	27	219	24	308 425 433 841 1134 1487 1629 2110 2206 2403 2665 2817 2897 2962 3090 3423 3621 4521 4571 4612 4637 4741 4838
474	3	258	24	111 156 617 632 811 883 907 1404 1410 1518 1585 1696 2041 2384 2520 2640 3251 3427 3846 4139 4460 4715 4857 4961
481	10	204	26	293 341 423 619 1352 1379 1733 1873 2534 2753 3417 3446 3479 3658 3793 3852 4150 4494 4506 4764 4887 4968
488	30	126	24	28 146 292 593 738 956 2423 2887 2903 3039 3103 3307 3338 3708 4017 4230 4364 4546 4650 4652 4739 4758
505	22	305	24	81 134 182 843 886 892 1162 1654 1692 1884 1944 2060 2340 2416 2482 2620 2651 2992 3440 4040 4502 4927 4933
520	21	295	24	102 386 623 690 1018 1389 1602 1609 1802 1955 2281 3047 3336 3373 3531 3622 4104 4237 4435 4514 4554 4753
533	26	154	24	52 109 324 372 1054 1069 1360 1550 1575 2049 2225 2431 2457 3013 3203 3302 3625 3985 4223 4350 4425 4707 4801 4892
540	38	328	24	167 478 526 642 863 887 986 1256 1270 1440 1469 1731 1815 2315 2363 2508 2815 3156 3610 3657 4564 4627 4789 4844
562	25	97	24	192 231 339 429 588 700 721 778 1032 1241 1292 1442 2436 2653 2807 2863 3948 4410 4841
574	20	301	24	183 207 319 378 399 461 496 871 1024 1447 1461 1880 1900 2207 2345 2512 2674 3021 3126 3493 4531 5000
585	5	106	24	62 100 216 522 530 931 951 1340 1419 1626 2766 2808 2956 3286 3292 3295 3399 3412 3762 4008 4783
597	33	131	24	6 124 195 481 757 1179 1224 1287 1632 2025 2480 2586 2631 3040 3305 3431 3604 3659 3777 3780 4258 4644 4878 4932
610	31	390	24	398 615 805 847 1185 1330 1755 1864 2278 2342 2493 2646 2704 2715 2935 3028 3073 3957 4024 4026 4160 4748 4945
611	11	56	24	8 119 257 393 543 633 649 710 903 990 1141 1171 1283 1570 1876 1890 2894 3037 3266 3296 3641 4063 4158 4610
625	29	43	24	196 204 252 485 739 1448 1482 1486 1534 2050 2330 2475 2717 3030 3316 3525 3562 4125 4696 4826 4881 4997
639	23	241	24	394 415 584 724 852 2071 2118 2210 2369 2393 2555 2698 3065 3701 4734 4767 4779 4909 4913 4923
642	13	321	24	98 581 1062 1309 1403 2066 2093 2296 2337 2744 2915 3219 3269 4001 4328 4333 4353 4424 4737 4800
674	28	107	24	49 158 689 734 1163 1303 1642 2098 2471 2546 2642 2943 3051 3099 3321 3598 3819 3837 3855 3871 3975 4099 4664
677	4	20	24	150 274 286 743 819 829 954 1142 1519 1563 1661 1809 1897 2000 2238 2314 3176 3227 3418 3502 3927 4007 4329 4475
686	17	10	24	245 251 631 857 1612 1788 2015 2021 2091 2594 2605 2691 2898 2969 3567 3770 3790 4240 4312 4642 4673 4699
689	24	49	24	273 277 491 818 1470 1539 1546 1769 2081 2444 2467 2532 2899 3004 3082 3178 3181 3182 3347 3445 3935
691	18	392	26	171 384 540 661 807 1174 1983 2134 2199 2375 2426 2582 2821 2923 2930 3317 3391 3456 3519 3633 3656 3842 4044
716	32	166	26	103 145 216 331 471 597 670 729 787 925 1250 1777 2306 2448 2837 3867 3975 3983 4348 4393 4537 4541 4614 4632
741	34	300	26	83 286 689 816 953 962 1025 1034 1116 1376 1909 2035 2363 2500 2640 3034 3152 4070 4281 4481 4497 4844
755	19	372	26	456 886 1206 1213 1542 1580 1739 1773 1814 2038 2242 2484 2623 2781 3384 4485 4536 4663 4698 4751 4774 4929
757	36	25	26	41 338 569 719 799 1083 1131 1311 1422 1527 1568 1729 2090 3052 3162 3641 3821 3945 3960 4035 4222 4330 4493 4820
768	10	300	28	111 693 779 1026 1184 1345 1425 1817 2037 2063 2125 2189 2739 2764 2796 3128 3179 3340 3689 3704 3707 4301 4389
774	35	76	26	195 244 402 623 944 1211 1407 1898 2137 2293 2535 2732 2940 2982 3234 3619 3791 3806 3976 4195 4366 4390 4647
790	14	147	26	345 406 583 997 1162 1244 1642 1978 2411 2873 3003 3131 3445 3918 4005 4007 4270 4621 4770 4811 4868 4959
792	2	309	26	21 214 395 1344 1905 1986 2050 2337 2365 2474 2515 2521 2731 2816 2836 3140 3310 3455 4065 4532 4954
796	6	250	26	95 274 303 532 605 655 754 826 1200 2111 2130 2232 2467 2726 3098 3194 3224 3371 3393 3774 4383 4515
6	39	388	26	29 323 401 502 656 686 809 1390 1432 1497 1576 1922 2022 2494 2872 3049 3094 3422 3668 3722 4114 4119 4780
10	15	98	26	27 177 879 1090 1515 1686 1857 1944 1959 2073 2557 2719 2720 2826 2934 3192 3347 3448 4322 4507 4877
14	16	106	26	588 1005 1045 1132 1233 1392 1463 1528 1705 1776 2219 2933 3267 3363 3616 3725 4323 4777 4792
56	40	345	26	70 256 422 889 955 1409 1943 2176 2284 2336 2558 2727 2729 2808 3125 3250 3872 4356 4487 4872
65	1	152	26	193 356 494 730 751 753 1567 1611 1861 1979 2213 2214 2706 2887 2939 3135 3769 3944 4503 4555 4562
66	9	148	26	137 159 283 522 589 611 1275 1342 1807 2303 2361 3177 3342 3389 3500 3648 3929 4144 4451 4545 4702 4825
67	12	272	26	169 302 465 503 542 782 808 922 1186 1597 1822 2172 2266 2680 3126 3430 3546 3673 3696 4320 4646 4897
72	37	135	26	64 120 652 960 1171 1556 1589 1603 1928 2344 2682 3144 3438 3542 3838 3877 3927 4116 4674 4752 4838 4961
83	7	258	26	217 226 593 618 885 901 1363 1754 2166 2177 2220 2502 3403 3475 3613 3897 4098 4224 4283 4317 4902 4927
108	8	78	26	343 557 572 733 777 800 865 956 1085 1139 1339 2034 2094 2709 2785 2981 3161 3235 4341 4725 4854 4917
122	27	56	26	13 92 392 765 1178 1372 1579 1946 2178 2300 2319 2334 2446 2711 2876 3154 4096 4141 4438 4628 4704 4828
129	3	27	26	7 449 859 874 1460 1530 1531 1616 1845 2317 2529 2673 2797 2980 3303 3501 3703 3784 4122 4206 4556 4581 4612
136	30	236	26	221 426 519 632 706 814 1173 1180 1639 1867 2703 2744 2810 3541 3614 3789 4053 4138 4313 4657 4923
146	22	265	26	1349 1683 1811 1938 2390 2401 2453 2625 2717 2777 2813 3035 3239 3663 3809 3930 3942 4013 4226 4548 4781 4937
163	18	272	28	170 551 890 995 1112 1169 1278 1643 1682 1703 2162 2315 2957 3068 3535 3901 3969 4199 4741 4830
169	21	400	26	268 517 562 576 645 1402 1604 2663 2768 2801 3099 3158 3453 3528 3664 3775 3908 4132 4480 4615
170	26	95	26	328 349 1153 1324 1752 1988 2324 2586 2936 3016 3071 3302 3360 3545 3582 3602 3692 3711 4148 4268 4355 4761
209	38	67	26	147 438 778 1036 1041 1062 1142 1189 1220 2226 2852 2875 3025 3057 3330 4209 4347 4423 4528
221	25	350	26	44 916 1243 1252 1573 1645 1882 1940 2014 2195 2544 2591 2618 2828 2843 2906 3199 3225 3536 4315 4782 4786 4882
250	20	101	26	234 289 393 848 869 972 1130 1679 1860 2233 2631 2679 3044 3107 3274 3896 3949 4099 4218 4219 4619 4935
265	5	373	26	176 197 434 772 1254 1688 1743 1815 1863 1896 3097 3159 3185 3247 3565 3632 4435 4454 4504 4518 4717 4749 4915
268	33	179	26	157 721 872 1192 1485 2198 2321 2567 2757 2889 2957 2994 3041 3066 3238 3572 3921 4247 4381 4496 4665 4856
278	31	232	26	51 69 662 844 946 958 982 1230 1272 1650 2053 2208 3242 3255 3495 3534 3562 3950 3951 4274 4530 4610 4829
284	11	136	26	284 337 560 578 1013 1207 1284 1457 1508 1751 1955 2106 2338 2405 2681 2761 2899 3531 3995 4018 4127 4668
285	29	122	26	135 212 228 462 635 647 888 903 1143 1217 1351 1518 1673 2121 2191 3248 3653 4690 4696 4737 4795 4983
286	23	192	26	280 477 630 895 1053 1321 1368 1690 1757 1916 2152 2592 2902 3010 3115 3133 3762 3899 4335 4458 4517 4669 4818
302	13	280	26	55 571 1033 1156 1450 1547 1682 1750 1883 1987 2007 2011 2349 3382 3425 3503 3988 4064 4133 4432 4543 4651 4688
309	28	114	26	4 163 386 484 500 637 640 871 969 973 989 1007 1032 1097 2102 2180 2389 2751 3230 3244 3325 3343 4078
313	4	270	26	200 506 1222 1223 1234 1295 1380 1502 1587 1649 1931 1954 2419 2589 2637 3505 3577 4260 4321 4477 4653 4707 4747
325	17	355	26	223 326 369 641 811 1196 1396 1414 1441 1552 1655 1932 3075 3298 3659 4088 4255 4289 4969
330	24	255	26	295 473 866 1447 1868 2017 2112 2373 2384 2465 2941 3265 3535 3737 3963 4135 4262
360	32	81	28	425 433 642 844 908 983 1694 1795 1981 2046 2240 2356 2562 2801 2835 3114 3858 4443 4479 4847 4944
368	34	113	28	178 561 1024 1290 1611 1627 2034 2452 2492 2517 2550 3445 3671 3744 3757 3821 3854 4274 4764 4858
382	19	4	28	73 386 840 1158 1283 1400 1507 1644 1882 1888 2490 2594 2976 3347 3751 4303 4372 4471 4538 4594 4902
401	36	305	28	38 347 509 593 668 910 994 1060 1212 1240 1794 2032 2433 2673 2877 3161 3273 3358 3746 3784 4237 4843
402	35	242	28	655 728 832 863 1323 1336 1414 1476 1554 1743 2111 2121 2683 2881 3147 3486 3833 4182 4289 4617 4677 4771
440	14	275	28	264 305 703 870 891 976 1029 1102 1199 1258 1455 1729 2010 2468 2710 2793 2862 3170 3233 3401 3574 4464
443	2	233	28	131 492 806 1128 1239 1376 1451 1653 1783 2141 2156 2202 2446 2947 3871 3938 4214 4324 4403 4544 4552 4788 4965
460	6	170	28	202 357 982 1236 1289 1804 1851 1855 1961 1977 2571 2849 2961 3032 3167 3699 3750 3881 4530 4753 4807 4824
467	39	181	28	630 882 975 1009 1173 1285 1548 2013 2163 2183 2274 2434 2770 3146 3368 3818 4041 4450 4723 4850 4882
487	15	378	28	17 138 268 577 1008 1468 1744 1862 1993 2398 2495 2515 2975 3206 3214 3217 3241 3305 3601 3626 3675 3736 4918
489	16	319	28	100 133 181 332 666 788 967 970 1300 1406 1498 1769 1900 1914 2358 2833 3124 3534 3605 4466
500	40	221	28	235 291 376 702 768 790 1208 1586 1587 1659 2028 2726 2776 2821 3379 3849 3950 4086 4338 4408 4469 4865
503	1	33	28	163 685 741 827 862 1673 2090 2531 2543 3352 3390 3654 3719 3968 4081 4087 4151 4316 4325 4616 4618 4911
510	9	288	28	81 293 508 942 1251 1262 1560 1970 2148 2255 2467 2887 3454 3498 3745 4040 4136 4183 4243
534	12	387	28	48 126 404 414 531 826 836 849 1338 1386 2509 2606 3327 3376 3632 3723 3827 4044 4084 4311 4511 4579
543	37	121	28	553 634 825 1021 1790 1989 2104 2276 2537 2696 3049 3522 3802 3903 4221 4287 4350 4508 4876
547	7	214	28	16 40 167 370 911 1001 1224 1267 1805 2232 2460 2922 2964 2970 3015 3198 3249 3348 3506 4115 4298 4779
579	8	321	28	62 77 101 148 229 494 496 1124 1419 1432 1603 1850 2708 3303 3333 3344 3653 3845 3934 4231 4828 4907
606	27	177	28	87 150 169 205 615 939 1011 1094 1194 1997 2066 2196 2197 2561 2688 3006 3155 3591 3669 4009 4216 4258 4939
614	3	176	28	339 628 831 872 1317 1364 1373 1573 1633 1825 1847 2459 2556 2669 2685 2928 3175 3474 3483 3925 4307
618	30	146	28	185 387 535 591 905 1043 1216 1642 1730 1895 2229 2470 2573 2782 2999 3088 3131 3585 3774 4724 4802 4924
640	22	164	28	75 621 629 777 936 1075 1190 1570 1602 2076 2087 2133 2654 2676 2812 2824 3004 3109 3143 3793 3972 4035 4875
641	21	100	28	115 125 296 1541 1714 2188 2655 2873 3089 3240 3493 3668 3755 3822 3953 3960 4016 4224 4512 4651 4891
670	26	159	28	499 774 785 1365 1793 1996 2126 2203 2419 2425 2731 2943 3086 3097 3848 3926 3980 4118 4282 4812 4888
681	38	74	28	70 162 488 596 602 812 1221 1254 1505 1873 2219 2464 3002 3242 3551 3694 3839 4398 4454 4842
696	25	228	28	213 620 657 752 766 772 835 1567 1889 2085 2204 2379 2511 2532 3048 3555 3563 3799 3951 4190 4748 4870
713	20	400	28	5 358 393 501 510 881 1248 1344 1354 1429 1614 1779 2140 2271 2447 2497 3590 3685 3999 4432 4441 4626 4633
725	5	138	28	252 279 372 579 704 1098 1608 2207 2659 2720 2851 3036 3138 3230 3338 3495 3584 4015 4060 4299 4615
761	33	180	28	118 325 390 568 745 1583 1598 1913 2391 2952 3636 3763 3828 3841 4137 4300 4571 4699 4921 4979
763	31	327	28	288 951 974 1005 1387 1722 1767 1799 1932 2215 2231 2304 2863 3436 3572 4023 4077 4280 4401 4520 4528
770	11	175	28	36 323 495 513 633 641 837 962 1494 1713 1728 1984 2201 2221 2244 2355 3325 3402 4020 4309 4345 4689 4750
775	10	214	29	288 556 1059 1125 1388 1458 1913 2051 2679 2778 2785 3100 3250 3312 3929 4619 4740 4939
780	29	156	28	174 590 646 996 1089 1249 1268 1571 1991 2193 2541 2885 2924 3173 3270 3607 4093 4484 4559 4596 4671 4801
797	23	62	28	452 686 796 980 1237 1467 1534 1648 1798 2131 2380 2388 3614 3661 3679 3916 4180 4217 4359 4795 4816
3	13	342	28	88 204 324 342 1245 1346 1390 1405 1600 1732 2011 2505 3279 3463 3516 3967 4058 4323 4609 4666 4898
24	28	1	28	18 362 1121 1176 1306 1562 1770 1774 1842 1915 2108 2418 2581 2778 2846 2865 3684 3875 3942 3990 4269 4781
28	4	237	28	143 159 330 884 892 961 1092 1156 1426 1453 1736 1803 1875 2149 2424 2890 2911 3137 4201 4291 4702
61	17	139	28	207 380 482 614 893 1960 2038 2116 2192 2413 2949 3017 3178 3283 3386 3429 3447 3456 3460 3507 4433 4736
96	24	306	28	63 156 563 847 1031 1869 1879 1944 2055 2190 2825 3066 3103 3108 3420 3490 3664 3997 4051 4164 4957
98	18	278	29	151 510 1356 1660 1702 2099 2348 2455 2798 2965 3076 3086 3243 3263 3698 3730 4586 4623 4767
107	32	173	29	73 389 424 628 731 1135 1202 1410 1851 1901 2087 2371 2550 3009 3079 3184 3195 3662 3691 3886 3910 4915
109	34	41	29	24 246 325 496 963 1009 1107 1359 1379 1672 1834 1838 2072 2193 2355 2786 3874 4593 4732 4786 4856 4982
134	19	210	29	654 992 1078 1122 1375 1950 2083 2093 2278 2585 2591 2711 2734 2948 3477 3519 3585 3877 4401 4492 4652 4745
151	36	344	29	549 806 1165 1353 1511 1569 1588 1701 1796 2172 2175 2362 2604 3088 3559 3677 4307 4419 4523 4631
164	35	283	29	134 154 167 995 1620 1731 1977 2311 3021 3416 3775 3804 3852 3930 4036 4487 4659 4777 4782 4986
165	14	209	29	765 950 1006 1232 1336 1470 1902 1996 2107 2161 2293 3090 3209 3251 3285 3554 3573 3762 4021 4075 4931
186	2	256	29	11 175 290 408 502 957 970 2627 2670 2723 3123 3153 3173 3224 3397 3740 3810 4213 4234
194	6	31	29	487 498 564 670 762 1898 2066 2440 2483 2737 2883 3005 3104 3410 3737 4002 4221 4495 4928
220	39	386	29	475 530 886 1064 1097 1491 1506 2364 2473 2725 2867 3106 3120 3168 3679 4009 4062 4440 4522 4549 4554 4656
240	15	127	29	380 842 1219 1606 1637 1990 2074 2108 2277 2387 2864 3008 3220 3221 3744 3915 4082 4324 4727
243	16	89	29	80 453 586 1127 1386 1409 1615 1770 1773 1999 2946 3108 3237 3377 3473 3825 3979 4493 4809
267	40	98	29	560 977 978 1593 2395 2579 2583 2614 2623 2787 3015 3115 3231 3515 3681 3904 4111 4158 4641 4963
272	1	338	29	9 153 664 707 1111 1177 1666 1717 2272 2298 2359 2657 2827 3062 3275 3306 4043 4382 4453 4719
291	9	65	29	232 378 416 479 512 677 919 1081 1193 1542 1799 2245 2400 2922 2994 3308 3613 3671 3788 4144 4375 4444
300	12	348	29	41 63 81 213 405 582 599 1163 1377 1416 1519 1639 1699 2225 2318 2341 2652 3066 3331 3893 4749 4837
317	37	83	29	43 160 177 199 260 1020 1046 1301 2339 2529 2573 2596 3228 3595 3664 3683 3889 4354 4666 4789 4891
349	7	105	29	483 618 804 865 1011 1098 1124 1153 1361 1450 1711 2029 2219 2335 2947 3163 3629 3714 3812 4435 4867 4922
355	8	365	29	665 728 1041 1071 1152 1641 1737 2636 2897 3183 3200 3606 3623 3896 4250 4301 4607 4662 4757 4992 5000
362	27	218	29	99 299 583 1241 1313 1462 1807 1840 1909 1940 2531 2582 2781 2900 3378 3548 3772 3857 3940 4798
371	3	383	29	36 40 206 972 1118 1217 1262 1383 1428 2174 2770 3348 3738 3791 4086 4339 4424 4431 4712 4886 4966
384	30	395	29	91 403 784 839 1632 1712 1750 1929 2274 2814 3485 3553 3945 4186 4309 4400 4403 4480 4636 4991
395	22	399	29	85 96 528 716 1276 1382 1512 2189 2315 2494 3085 3226 3266 3371 3375 3521 3627 3797 3863 3872 4164 4189
418	21	286	29	331 454 694 798 1054 1103 1337 1364 1568 1581 1842 1895 1910 2260 2782 3093 3136 3955 4296 4608 4871
430	26	74	29	272 505 625 704 756 1366 1634 1654 1668 1676 1783 2447 2575 2628 2854 3839 3876 4194 4660 4703 4716 4913
436	10	41	30	253 724 905 1126 1529 1820 2048 2094 2284 2503 2524 2811 2861 3130 3388 3565 3581 3809 4724 4859 4925
486	38	11	29	431 529 684 712 766 769 781 1072 1102 1578 1631 1710 2057 2408 2444 2551 3156 4773 4840 4887 4901 4941
504	25	299	29	149 193 196 931 945 1697 1765 2268 2292 2347 3012 3045 3387 3547 3964 4151 4271 4574 4678 4693 4894
509	20	325	29	16 127 484 490 532 730 890 1229 1595 2393 2766 3465 3504 4147 4187 4381 4714 4877 4969
545	5	141	29	737 860 1068 1749 1797 2007 2049 2230 2951 3074 3615 4224 4449 4461 4514 4645 4673 4790 4997
556	33	153	29	56 155 237 679 900 1299 1544 1975 2037 2696 2812 2988 3764 3894 4049 4061 4085 4089 4355 4455 4734
557	31	92	29	176 282 1300 1345 1586 1963 2148 2445 2560 2632 2884 2941 3000 3468 3544 3557 3781 4008 4420 4542 4889
560	11	147	29	256 402 566 854 858 1141 2002 2267 2460 2576 2863 3334 3362 3635 3963 4438 4470 4567 4599 4620 4775 4818
563	29	263	29	13 54 495 659 690 904 1060 2078 2621 2762 2954 3050 3064 3274 3695 3725 3850 4733 4958 4973
592	18	399	30	338 532 1304 2421 2489 2609 2802 2804 2844 2909 3119 3397 3536 3707 3855 4050 4317 4546 4632 4793 4842 4898
647	23	26	29	138 418 783 989 1024 1073 1625 1708 1742 1921 2006 3217 3326 3479 3817 3861 4310 4408 4800 4848
698	13	165	29	222 328 516 570 848 1333 1369 1500 1563 1635 1824 2612 3011 3322 3469 3508 3651 4302 4446 4845 4995
705	28	340	29	74 144 436 748 1526 1579 1934 2211 2590 2856 2869 3006 3070 3392 3614 4076 4155 4214 4919
706	4	178	29	61 194 266 298 447 472 509 718 861 1099 1434 1766 2644 3307 3452 3524 3715 3739 3993 4764
717	17	150	29	30 228 752 795 828 929 1040 1613 2052 2058 2383 2388 2688 2964 3082 3210 3350 3401 3712 3989 4667
778	24	385	29	736 1142 1238 1252 1327 1463 1724 2031 2203 2735 2836 2962 3155 3213 3875 3908 4210 4242 4509 4697 4819
782	32	104	30	135 320 756 1006 1075 1524 1534 1568 1963 2260 2757 2855 2925 3588 3708 3724 3848 3909 3996 4075 4339 4643
789	34	17	30	45 51 382 539 928 1040 1241 1501 1624 1769 1895 2332 2486 2839 2980 3222 3269 3634 3866 4011 4788
799	19	203	30	27 47 174 183 549 1086 1160 1250 1536 1909 1936 2278 2471 3246 3447 3760 4043 4109 4133 4170 4208 4462
2	36	290	30	163 681 857 1546 1889 2135 2304 2319 2474 2654 3280 3386 3464 4051 4057 4103 4461 4558 4720 4791
18	35	167	30	470 631 733 856 874 1038 1275 1287 1604 2644 2718 2871 2915 3304 3608 3646 4340 4386 4483 4520 4577
44	14	77	30	431 805 1007 1077 1146 1463 2254 2773 2784 2846 2999 3228 3409 3596 4058 4307 4798 4809 4836
73	2	19	30	845 981 1097 1121 1704 1893 1951 1955 2385 2994 3533 3542 3554 3827 3838 3884 4222 4501 4668 4681 4691
82	6	371	30	63 85 242 412 747 1544 1661 1982 2074 2364 2774 2866 3974 4122 4183 4249 4490 4563 4616 4752 4866
124	39	207	30	89 399 413 474 483 1669 1723 2100 2176 2271 2329 2685 3200 3655 3815 4323 4358 4977
137	15	354	30	443 447 449 461 554 1182 1566 1738 1860 1903 2331 2407 2961 3103 3124 3153 3288 3925 3976 4748 4881
148	16	175	30	95 239 254 720 1452 1721 1807 1939 2659 3017 3167 3295 3307 3405 3625 3729 3875 4218 4297 4588 4827
154	40	326	30	606 679 1526 1710 1737 1959 2152 2249 2736 2741 2791 2917 3402 3450 3748 4090 4155 4304 4608 4962
162	1	67	30	128 526 675 1051 1341 1462 2222 2234 2598 2622 2649 2772 2918 2945 3695 3746 3878 3989 4163 4295 4806
185	9	90	30	359 436 529 959 1272 1360 1746 1881 1991 2131 2433 3271 3637 3682 3822 4107 4498 4499 4814
197	12	32	30	107 211 236 339 344 714 983 1149 1367 1401 1555 2427 2539 2601 2629 3294 4014 4078 4252 4537
216	37	85	30	7 49 310 840 1178 1705 2023 2025 2193 2580 3060 3229 3258 3520 3632 4105 4213 4480 4709 4850 4953
232	7	352	30	14 175 689 817 1356 1476 1642 1821 2214 2242 2386 2643 2658 3146 3331 3593 3934 3963 4416 4570 4884
299	8	192	30	33 150 270 776 930 1319 1337 1350 1477 1623 2346 2417 2854 3618 3644 4178 4274 4862 4988
322	27	49	30	334 585 1309 1392 1557 1668 2179 2607 2692 2775 2929 2965 3205 3442 3448 3491 3518 3812 4463 4585
350	3	310	30	305 459 546 1035 1430 1663 2013 2283 2361 2620 2974 3072 3207 3577 3645 3670 4021 4111 4124 4683 4692
352	30	329	30	223 397 486 547 605 670 1166 1190 1937 2060 2681 2696 3046 3113 3527 3690 3757
374	22	217	30	922 1000 1231 1279 2050 2158 2536 2754 2788 2920 3034 3357 3958 3979 4308 4528 4547 4571 4590 4823 4893
389	21	397	30	255 821 1025 1390 1961 2376 2428 2809 3180 3252 3840 3944 4176 4509 4710
392	26	364	30	112 179 813 1105 1161 1424 1492 1782 2291 3102 3260 3589 3641 3888 4394 4433 4663 4675 4810 4970
409	38	213	30	141 178 904 1048 1163 1183 2106 2153 2445 2634 2636 3281 3348 3508 3867 3946 4067 4439 4627 4805 4940
421	25	225	30	224 329 601 897 1049 1286 1347 1935 2388 2554 2759 2834 3168 3285 3847 4330 4460 4837 4966 4992
433	20	130	30	387 609 940 1012 1877 2062 2256 2944 2966 3015 3298 3551 3631 3735 3831 3901 4047 4492 4677 4954
445	5	279	30	866 898 944 1203 1376 1409 1449 1676 1707 1926 2009 2821 2975 3874 4076 4118 4167 4357 4500
459	33	322	30	279 419 735 1016 1622 1718 2097 2710 3051 3093 3162 3344 3434 3660 3986 4175 4567 4642 4658 4680 4735
484	31	138	30	52 143 360 462 741 802 820 1140 1303 1851 1973 2043 2316 2576 2910 2981 3377 3432 3675 4902
497	11	262	30	524 979 1200 1311 1489 2092 2172 2505 2751 2912 2922 3658 3803 3861 4311 4390 4415 4420 4785 4875 4976
499	29	248	30	87 588 966 1189 1374 1394 1517 2144 2205 2414 2456 2639 2829 3311 4353 4620 4649 4761 4771 4812
507	10	19	27	675 720 1182 1192 1425 1440 1619 1667 2243 2472 2574 2675 2699 2742 3395 3449 3887 4748 4891 4913
508	23	116	30	132 167 206 536 925 927 1116 1280 1352 1454 1561 2026 2148 2404 2733 3048 3342 3594 3620 4069 4611
536	13	24	30	533 586 663 1318 1388 2497 2547 3037 3053 3055 3160 3215 3373 3419 3599 3794 4097 4113 4281 4847
550	28	96	30	68 157 181 484 698 814 929 1021 1467 1772 1801 1809 2273 2458 2633 2724 3231
571	4	314	30	553 700 705 838 1600 1715 1732 1974 2127 2132 2368 2570 3129 3261 3821 4196 4270 4325 4604 4872
577	17	108	30	335 503 751 808 1191 1283 1417 1484 1505 2008 2104 2690 2762 2884 3067 3175 3563 4093 4760 4853
598	24	392	30	189 555 1343 1617 1857 2142 2251 2299 2352 2518 2848 3218 3317 3398 3727 3744 4333 4404 4705 4944
619	10	93	25	145 280 711 759 855 1212 1236 1460 1738 1801 2023 2248 2523 2637 2645 3463 3479 4390 4614 4804 4947
654	10	330	23	129 320 322 695 938 1031 1570 1891 2589 2722 2758 2760 2991 3419 3792 4402 4411 4752 4786 4904
712	10	46	21	89 388 537 744 833 843 882 1289 1470 1639 1681 1864 1947 1991 2081 2101 2202 2385 2995 3141 4584
732	10	163	19	838 843 960 974 1022 1220 1222 1292 1837 1964 2253 2423 2621 3147 3244 3336 3574 4379 4916
744	10	63	17	266 540 553 673 771 885 1047 1225 1367 1486 1592 2157 2320 2587 3050 3161 3943 4170 4208 4227 4303
765	10	34	15	252 295 1036 1334 1870 2243 2485 2792 3079 3255 3271 3317 3429 3476 3524 3631 3990 4151 4171 4327 4796
68	10	265	13	210 1387 1393 1735 1924 2146 2334 2484 2671 2883 3314 3739 3776 3961 4506 4664 4797 4846
80	10	313	11	106 274 742 827 1423 1699 1709 2045 2605 2804 3010 3145 3215 3224 3565 3692 4510 4522 4990 4993
87	10	169	9	49 377 1166 1885 1891 1938 2064 2158 2161 2228 2697 2777 2946 3121 3203 3795 3932 4033 4171 4438
93	10	133	7	93 241 327 1281 1762 1798 2241 2933 3011 3014 3179 3218 3325 3870 4034 4153 4201 4244 4834
94	10	168	5	7 316 712 968 984 1381 1414 1645 1682 1810 2052 2260 2350 2861 3100 3115 3299 4042 4102
115	10	199	3	246 318 547 1252 1327 1456 1537 1629 1748 2072 2163 2236 2271 2780 3345 3733 3954 4004 4152 4195
131	10	36	1	21 503 650 1200 1275 1954 2070 2448 2733 2834 3072 3187 3190 3330 3677 3858 4144 4200 4268 4769
149	18	290	27	451 561 971 1164 1226 1692 1825 1866 2015 2441 2668 2733 2839 2876 3722 3898 4605 4701 4828 4862
150	18	356	25	418 463 842 898 904 1729 2216 2339 2396 2517 2763 2971 3646 3650 3751 3891 4445 4592 4730 4885
155	18	351	23	180 323 388 443 484 701 841 976 1648 1656 2133 2870 3177 3344 3656 3730 3919 4040 4141 4675
166	18	346	21	22 61 365 1028 1029 1118 1515 1719 2192 2490 2543 2909 3096 3910 4091 4319 4645 4849 4941
180	18	8	19	22 201 221 707 736 759 760 773 949 1093 1400 2034 2246 2352 2607 2848 3669 4351 4810
191	18	268	17	25 93 165 222 1056 1184 1210 1349 1512 1585 1665 2799 2807 3007 3204 3295 4100 4787 4796 4909
196	18	201	15	131 906 957 1184 1235 1697 1964 2181 2212 2237 2487 2526 2728 2953 2984 3568 4141 4543 4552
228	18	384	13	48 748 1111 1443 1576 1677 1832 2147 2487 2539 2663 3057 3225 3368 3533 3574 4291 4545 4977
239	18	291	11	355 371 514 1067 1169 1337 1508 1671 1684 1772 1947 2409 2523 2574 3071 3460 3654 3704 4533 4879
259	18	375	9	231 312 370 509 622 712 991 1970 2056 2380 2613 2795 2962 3253 3428 3733 3999 4343 4720 4815
260	18	230	7	247 397 463 709 906 1263 1374 1659 1850 2538 2558 2778 2966 3352 3510 3668 3710 3848 4111 4440
345	18	311	5	536 671 787 1087 1221 1243 1552 1618 2546 2627 3252 3480 3562 3855 4030 4126 4188 4241 4682 4720
357	18	287	3	208 235 292 404 462 501 507 694 745 813 1847 2263 3288 3647 3868 4068 4173 4561 4773 4788
369	18	286	1	133 276 568 1003 1120 1191 1224 1500 1575 2114 2137 2481 3029 3092 3135 3335 3364 3894 4418 4888
385	32	182	27	610 643 1057 1127 1129 1280 1708 1725 2196 2274 2468 2638 3216 3628 3860 3983 4647 4667 4797 4886
410	32	21	25	80 214 414 1071 1087 1092 1372 1680 1955 2015 2036 2542 3482 3949 4102 4225 4306 4727 4822 4973
442	32	99	23	183 238 459 607 1151 1982 2331 2602 2643 3144 3441 3704 3879 3916 4169 4204 4519 4674
480	32	394	21	118 184 1159 1597 1794 1942 1948 2112 2140 2165 2239 2524 2673 2908 4014 4266 4615 4644 4922
501	32	117	19	197 261 634 708 742 895 1725 1727 1912 2488 2489 2525 2586 3075 3558 3600 3778 3939 4079 4368
535	32	243	17	84 125 154 255 308 317 669 1803 2419 2508 2569 2572 2740 2761 2768 2992 3519 3582 4347 4829
546	32	100	15	32 168 459 629 891 1021 1052 1494 2421 2767 2956 3027 3127 3143 3293 3834 4119 4297 4349 4684
549	32	28	13	17 35 477 757 1698 1903 2340 2400 3075 3280 3440 3732 4008 4066 4284 4407 4553 4602 4772
580	32	62	11	1 581 648 777 1255 1566 2182 2203 2408 2521 3165 3318 3686 3700 3907 3944 4617 4813 4955 4981
601	32	172	9	188 202 322 709 730 734 1039 1626 1717 2043 2417 2534 2693 2997 3865 4456 4623 4653 4679
621	32	128	7	26 409 464 469 683 795 1183 1422 1467 1884 2041 2504 3176 3287 3514 4060 4068 4121 4727 4956
637	32	247	5	66 220 267 693 803 897 990 1016 1664 2214 2991 3234 3568 3691 3782 3988 4209 4387 4590 4695
678	32	266	3	157 181 419 661 825 981 1206 1854 1900 2356 2662 2914 2935 2944 3375 3470 4259 4353 4730 4884
720	32	118	1	497 668 679 773 861 989 1190 1335 1778 2586 2832 2995 3390 3657 3750 3952 4173 4886 4928
748	34	166	27	585 1195 1328 1482 1572 2676 2814 2832 2913 2970 3147 3292 3323 3543 3648 4156 4174 4286
788	34	151	25	250 708 1054 1415 1472 1540 2181 2200 2335 2783 2967 3332 3485 3491 3511 4041 4128 4200 4796
17	34	85	23	107 265 703 811 850 1014 1196 1654 2157 2474 2917 3022 3518 3640 3649 3937 4035 4242 4847
27	34	55	21	595 1457 1501 1631 1781 2076 2395 2531 2549 2626 3020 3032 3118 3537 3693 3696 4156 4191 4811
42	34	72	19	1185 2070 2108 2400 2574 2791 2800 2905 3027 3369 3585 3623 3836 4412 4473 4519 4926
86	34	211	17	271 837 969 1322 2491 2653 2838 3153 3313 3888 4116 4119 4140 4146 4192 4247 4368 4488 4661
97	34	353	15	154 506 586 654 1229 1357 1375 1683 1701 1709 1823 1985 2288 2524 2550 3047 3851 4569 4697
121	34	83	13	255 660 898 902 1276 1681 1748 1792 2837 3056 3129 3599 3983 3996 4046 4185 4273 4370 4507
128	34	189	11	273 1307 1427 1485 1713 1724 2004 2150 2235 2737 3448 3590 3805 4154 4276 4416 4482 4701 4967
198	34	357	9	680 1233 1399 1525 1684 1853 2069 2267 2499 2667 3022 3282 3727 4035 4208 4566 4755 4842 4931
203	34	237	7	340 646 1277 1405 1640 1760 1808 1947 1949 2136 2603 3215 3629 3874 4084 4250 4536 4821
219	34	255	5	43 59 74 566 578 856 1436 1637 1711 1748 1798 1846 2149 2208 2371 2692 3437 3515 4308
251	34	361	3	377 459 514 942 1117 1610 1640 2204 2357 2610 2922 3178 3197 3293 3436 3794 4583 4899 4901
280	34	64	1	113 239 596 779 841 1702 1763 2760 2823 3117 3247 3434 3571 3684 3690 3722 4526 4582 4804
296	19	316	27	18 436 542 554 639 749 1155 2136 2686 2752 3261 3389 4029 4215 4290 4423 4534 4559 4730
358	19	362	25	285 394 593 1367 1420 2025 2315 2394 2826 2885 3186 3469 3762 3774 3800 3962 4282 4744
361	19	143	23	50 574 590 617 1089 1343 1812 2202 2277 2413 2576 3005 4252 4718 4774 4784 4841 4952 4966
391	19	95	21	158 935 1002 1050 1191 1209 1552 1558 1648 1829 1889 2020 2155 2469 2875 3774 3786 4579 4580
398	19	296	19	888 916 1492 1537 1854 2224 2311 2588 2853 2988 3584 3732 3984 4136 4283 4599 4624 4691
414	19	153	17	58 243 423 1385 1555 1596 1681 2088 2597 2710 2788 2828 3319 3553 3669 3814 4039 4334 4774
420	19	140	15	491 675 691 1326 1533 1581 1620 1753 1757 2691 3150 3339 3527 4326 4336 4356 4465 4799 4900
431	19	144	13	113 252 325 430 848 924 1187 1378 1463 1976 2040 2321 3285 3359 3767 4236 4808 4894 4958
454	19	227	11	918 1385 1688 1774 2397 2447 2684 2947 2999 3042 3096 3169 3314 3337 4166 4301 4354 4526 4681
491	19	336	9	58 781 1534 1598 1839 1936 2505 2714 2879 3212 3438 3472 3634 3895 3977 4223 4290 4578 4866
525	19	323	7	448 896 1667 1694 2119 2197 2440 2463 2726 3170 3343 3732 3797 4448 4490 4719 4779 4802
605	19	94	5	200 321 433 518 747 758 1237 1797 1914 2657 2937 3179 3248 3354 3483 3566 3573 3689 3860
609	19	233	3	595 800 1577 1603 1607 1702 2127 2883 3148 3347 3455 3556 3807 3863 3869 4500 4667 4697 4765
629	19	193	1	238 440 474 491 512 771 1149 1177 1437 1483 1634 1792 2027 2512 2900 3281 4019 4700 4871
635	36	217	27	157 171 249 600 1156 1294 1468 1670 1773 1822 2133 2394 2566 2775 2952 3264 3416 3596 4231
648	36	293	25	141 240 301 380 1785 1986 2352 2564 2593 2856 3062 3158 3402 3406 3535 4396 4857 4863
651	36	165	23	58 200 935 1123 1447 1475 1526 1547 1790 2047 2086 2864 2895 2971 3403 3923 3984 4066 4552
652	36	129	21	117 356 396 548 688 734 1786 1976 2043 2069 2886 3505 3724 3896 3994 4006 4192 4393 4526
671	36	160	19	172 492 515 745 941 1157 1488 2326 2347 2378 2828 3495 3521 3570 4063 4242 4470 4501 4711
679	36	97	17	188 888 1003 1272 1517 1626 2145 2364 2458 2599 2721 2960 3084 3428 3788 4049 4270 4470 4807
701	36	161	15	84 375 862 1070 1424 1512 1996 2376 2491 2519 2978 3192 3458 3496 3678 4473 4628 4791 4883
703	36	370	13	109 114 179 264 355 413 688 871 1083 1214 1423 2446 2609 3125 3560 3630 3912 4454 4700
707	36	23	11	383 793 1199 1232 1278 2071 2533 2769 2873 2970 3166 3798 3986 4108 4211 4275 4344 4878
731	36	84	9	165 535 908 1044 1067 1515 1951 3214 3290 3327 3539 3833 3982 4026 4052 4471 4835 4879
779	36	164	7	136 859 883 901 976 1359 1523 1564 1964 2688 2745 2893 3237 3278 3757 3935 4159 4181 4922
8	36	289	5	120 353 809 1048 1108 1114 1609 1716 1756 2569 2678 2755 3396 3550 3812 3832 4880
33	36	119	3	260 320 684 851 1595 1657 2687 2749 3196 3617 3627 3981 4202 4284 4591 4641 4890 4926
36	36	249	1	516 990 1015 1139 1520 1530 1718 2001 2220 2403 3071 3603 3635 4043 4293 4428 4551 4601
37	35	283	27	37 104 656 1430 1733 1843 2407 2778 2781 3009 3077 3115 3199 3412 3542 3621 4083 4736
69	35	367	25	216 423 697 884 1279 1294 2004 2059 2381 2480 2660 3080 3633 3634 3705 4328 4460 4761
157	35	313	23	655 740 1299 1359 1375 1655 1703 1818 2232 2390 2575 2994 3216 3783 3936 4056 4330 4794
181	35	211	21	96 109 400 563 711 961 1062 1273 1709 2213 2257 2716 3449 3659 4436 4735 4859 4901
201	35	22	19	35 94 657 907 1131 1351 2194 2216 2728 2825 2872 2909 3159 3170 3691 4193 4204 4402
204	35	229	17	76 663 993 1404 1887 2116 3006 3358 3609 3611 3714 3778 3907 4184 4354 4517 4743 4833
276	35	229	15	731 769 1971 2012 2029 2121 2387 2626 2730 3612 3621 3743 4004 4086 4199 4311 4542 4722
311	35	125	13	65 207 330 624 1116 1242 1524 1752 3043 3136 3159 3551 3879 3977 4089 4723 4777 4986
327	35	398	11	295 362 955 965 1187 1228 1956 2359 2420 2462 2772 2776 2850 3058 3824 4399 4443 4576
378	35	368	9	85 313 405 453 922 1138 1281 1858 1941 2010 2025 2105 3592 3711 4001 4483 4701 4843
444	35	92	7	633 1103 1304 1347 1641 1859 2767 2866 2956 3299 3369 3491 3496 4150 4169 4406 4565 4848
479	35	275	5	248 889 1394 1521 1613 1933 2280 2305 2823 3014 3017 3049 3469 3731 3947 4425 4625 4708
498	35	207	3	521 620 1050 1322 1472 1565 1576 1731 2014 2063 2422 2538 3032 3091 3322 3586 4417 4527
526	35	240	1	214 735 1151 1413 1613 2077 2089 2105 2157 2640 2942 3413 3633 3845 4246 4313 4592 4847
578	14	112	27	78 1494 1586 1788 1811 1838 2346 3162 3193 3452 3697 3813 4234 4344 4541 4543 4587 4935
584	14	42	25	480 990 1103 1311 1396 1483 1493 1833 1936 2230 2464 2840 2973 3180 3453 3931 4205 4805
657	14	196	23	209 230 480 996 998 1198 1669 1946 2388 2410 2535 2700 2996 3036 3773 4625 4980
658	14	45	21	124 147 449 451 466 1474 1514 1636 2096 2129 2403 2545 3180 3302 3376 3964 3982 4799
662	14	391	19	104 111 139 291 352 393 572 1314 1924 2083 2596 2851 3312 3575 3602 3795 4286 4841
675	14	382	17	674 912 1002 1327 1465 2004 2118 2654 2845 2920 3129 3329 3806 4343 4544 4554 4561 4696
680	14	366	15	343 1058 1606 1638 2151 2456 2672 2801 2903 3044 3179 3208 3332 3580 4196 4410 4714 4790
759	14	34	13	33 53 122 124 263 1607 1829 2185 2447 3166 3232 3282 3587 3805 3938 4028 4768 4836
791	14	194	11	277 392 474 845 1218 1779 2001 2120 2177 2343 2497 2656 3237 3283 3336 3666 3719 4095
7	14	136	9	510 722 2001 2089 2241 2461 2506 2509 3139 3238 3480 3487 3756 4235 4574 4621
84	14	29	7	190 697 812 1427 1489 1652 1869 1887 2322 2420 2782 3020 3569 3895 4073 4293 4992
159	14	285	5	122 188 233 592 736 754 1038 1496 1750 2318 2614 2951 3283 3599 4159 4598 4964
214	14	2	3	118 273 361 1382 1860 2179 2254 2308 2325 2675 2958 2990 3475 3946 4233 4450 4744
231	2	36	27	7 126 1444 1627 1678 1889 2000 2092 2406 2415 2925 3024 3581 3617 3916 4022 4331
252	14	280	1	1457 1513 1750 1867 1983 2360 2450 2452 2787 2931 3211 3220 3284 3596 3950 4015
281	2	142	25	499 1064 1383 1779 1788 1846 1907 1973 2489 2522 2746 4004 4356 4498 4566 4909
342	2	240	23	349 520 923 934 1141 1317 1532 1872 2358 2517 2534 3502 3538 4157 4413 4672 4833
383	2	99	21	233 503 625 857 1148 1348 1886 3047 3114 3151 3296 3549 3833 3931 4027 4861
393	2	311	19	499 1188 1398 1934 2056 2223 2236 2554 2818 3168 3549 3743 3835 4100 4314 4337 4593
435	2	339	17	339 444 865 1204 1575 2155 2302 2986 3561 3974 4217 4427 4449 4476 4534 4626 4821
448	2	143	15	303 1013 1144 1194 1295 1312 1804 2185 2187 2371 2435 2933 3567 4245 4294 4467 4553
468	2	269	13	682 749 1588 2143 2235 2854 2941 3021 3112 3501 3572 3679 4187 4345 4369 4988
472	2	120	11	19 488 1470 1572 1864 2195 2302 2576 3056 3216 3703 4121 4332 4655 4715 4755
490	2	352	9	66 921 999 1404 1876 1945 2061 2118 2209 2510 2617 3065 3393 3675 4353 4373 4971
516	2	243	7	187 723 735 907 1230 1334 1398 2047 2275 2477 2876 3382 3560 3909 4079 4530 4941
554	2	44	5	135 1037 1055 1393 1480 1774 2033 2443 2451 2476 2648 2686 3300 3329 3710 3839 4363
602	2	181	3	108 638 732 807 853 1102 1305 1685 1880 2590 2891 3105 3151 3386 3552 3881 4020
650	2	383	1	4 179 403 923 1253 1299 1665 1723 1741 2306 2424 2516 3246 3601 3637 4497 4721
666	6	183	27	487 506 755 1136 1203 1969 2080 2301 2630 2858 2865 3691 3886 4124 4292 4864 4999
669	6	284	25	251 296 410 766 1734 1918 2559 2844 2939 2975 3160 3918 4034 4260 4549 4726 4819
693	6	369	23	408 534 1086 1128 1278 1381 1557 1800 1906 2736 2751 2857 3092 3094 3375 3696 3706
718	6	124	21	199 316 521 1047 1099 1735 2078 2462 2722 3528 3759 3789 3843 4134 4230 4311 4451
724	6	247	19	170 194 674 725 780 808 1196 1630 2121 2281 2819 3176 3219 3266 4566 4695 4749
160	6	208	17	35 131 819 1004 1010 1150 1271 2022 2346 2800 2859 2901 3612 4101 4971 4990
174	6	215	15	276 286 389 829 1020 1402 2398 2422 2929 3613 4319 4388 4479 4525 4539 4712
184	6	341	13	1086 1186 1225 1425 2243 2291 2366 2901 2938 3932 4153 4470 4576 4640 4653 4993
208	6	302	11	154 161 207 365 409 849 1219 1632 2036 2057 2825 3054 3073 3582 4341 4643
249	6	50	9	534 594 605 877 972 2026 2421 2442 3093 3655 3726 4003 4069 4162 4220 4355
258	6	33	7	358 894 902 995 1259 1577 2129 2338 2355 3537 3796 4101 4234 4426 4447
323	6	287	5	186 1003 2254 2619 2712 2752 2948 3132 3297 3443 3636 3884 3923 4054 4233 4719
356	6	261	3	221 258 477 765 1025 1112 1208 1780 2086 2602 3787 3801 4042 4051 4177 4546
423	6	20	1	373 612 958 1194 1218 1605 1616 1739 1811 2317 2820 2998 3487 3971 4714
519	39	80	27	196 381 921 977 1201 1620 1986 2123 2753 3378 3719 3956 4392 4668 4756 4917
530	39	317	25	132 562 1536 1891 1899 1957 2201 3254 3506 3656 3824 3906 3969 4030 4251
531	39	380	23	406 804 913 982 1210 2364 2869 3030 3041 3249 3892 4003 4101 4143 4495 4806
542	39	370	21	31 759 1140 1182 2006 2324 2353 2383 2425 2637 2667 2816 2894 3667 3754 4853
591	39	155	19	1480 1603 1789 1876 2348 2406 2959 3070 3111 3813 3947 4007 4014 4024 4485 4704
769	39	284	17	260 640 860 1299 1366 2558 2726 2968 2981 3078 3578 3872 3908 4243 4596 4670
77	39	365	15	398 649 755 1554 2374 2771 3128 3343 3442 3642 4012 4268 4370 4688 4808
158	39	259	13	66 130 143 533 1971 2089 2435 2656 2898 2987 3217 3219 3913 4415 4919
290	39	378	11	97 162 215 1454 1720 1973 2088 3048 3208 3426 3545 3836 4077 4142 4985
613	39	398	9	127 455 571 1145 1249 1440 1745 2363 2701 3041 3785 4327 4423 4759 4792
710	39	242	7	249 272 629 706 1431 1466 1749 1800 2741 2950 3273 3748 4361 4511 4603
332	39	44	3	693 1746 2443 2642 2645 2764 2814 2993 3031 4029 4572 4815 4867
390	39	222	5	696 808 1214 1695 1749 1884 1940 2199 2502 2628 2889 4613 4622 4855
432	39	89	1	39 146 236 653 1065 1886 2165 2888 2988 3655 3708 4317 4803
532	15	269	27	415 511 676 678 689 713 1099 1223 1343 1376 1669 2259 3320 3823
112	15	80	25	257 1089 1355 1682 2588 2700 3360 3805 4107 4166 4227 4568 4757
256	15	47	23	248 1225 1310 1582 2191 2803 2833 2871 3110 3117 3215 3972 4755
353	15	245	21	121 285 380 597 801 899 1482 2141 3189 3558 3582 4161
616	15	156	19	451 716 940 953 1096 1509 1623 2065 2519 3277 3697
747	15	128	17	121 152 504 1329 1796 1984 2756 3157 3987 4699 4950
