Students	50
1	13 4 8 14
2	8 11 13 12
3	14 5 1 10
4	2 3 13 12
5	2 7 6 1
6	1 12 10 8
7	4 3 6 12
8	14 3 2 12
9	11 12 13 8
10	5 10 9 14
11	9 11 3 8
12	7 3 6 1
13	9 11 1 2
14	12 9 11 3
15	11 8 5 9
16	13 9 12 2
17	7 11 9 3
18	14 13 12 9
19	10 14 1 3
20	12 1 5 6
21	7 11 8 9
22	5 3 4 2
23	3 9 7 8
24	2 14 11 9
25	6 11 2 5
26	12 9 1 5
27	2 1 11 7
28	5 1 2 8
29	10 11 9 13
30	13 4 12 6
31	9 7 13 5
32	3 1 2 14
33	5 12 3 1
34	13 14 7 4
35	10 9 4 11
36	9 8 3 4
37	8 4 14 6
38	5 12 3 6
39	14 1 2 9
40	5 7 10 13
41	6 10 13 1
42	8 3 13 5
43	8 3 7 13
44	9 11 3 1
45	11 5 10 7
46	10 7 5 3
47	14 2 8 12
48	5 9 3 12
49	8 12 4 3
50	13 11 9 7
