Students	50
1	12 2 8 3
2	10 4 5 8
3	14 8 11 4
4	1 2 4 12
5	4 10 12 11
6	8 10 3 11
7	13 5 6 14
8	13 10 3 6
9	9 1 11 2
10	13 12 11 1
11	6 4 14 1
12	5 13 10 1
13	4 13 11 1
14	2 10 13 11
15	3 2 10 14
16	5 13 14 4
17	12 9 13 1
18	7 2 11 13
19	7 1 5 3
20	9 11 5 1
21	11 5 4 2
22	13 8 11 14
23	1 12 5 3
24	9 6 5 12
25	3 9 13 1
26	13 10 5 9
27	4 10 7 1
28	1 14 2 12
29	10 2 13 6
30	13 7 4 1
31	11 2 10 1
32	7 1 14 2
33	8 4 9 12
34	4 11 9 14
35	5 1 13 3
36	2 9 12 4
37	14 10 1 3
38	12 14 6 7
39	14 13 5 1
40	3 1 2 13
41	9 4 2 10
42	11 3 9 13
43	9 1 7 4
44	11 7 12 2
45	13 9 6 2
46	12 8 2 10
47	6 12 4 7
48	5 9 4 10
49	9 11 12 8
50	5 6 4 7
