Class Times	30
Rooms	40
1	263
2	522
3	596
4	695
5	547
6	374
7	711
8	613
9	244
10	915
11	211
12	759
13	36
14	408
15	423
16	904
17	167
18	473
19	974
20	251
21	590
22	503
23	474
24	756
25	348
26	110
27	133
28	279
29	745
30	228
31	959
32	977
33	126
34	241
35	561
36	255
37	29
38	670
39	775
40	553
Classes	600
Teachers	300
1	261
2	158
3	50
4	286
5	205
6	134
7	225
8	198
9	46
10	223
11	260
12	240
13	187
14	130
15	279
16	141
17	12
18	205
19	32
20	60
21	197
22	16
23	128
24	212
25	262
26	93
27	210
28	160
29	27
30	43
31	232
32	273
33	237
34	293
35	238
36	1
37	3
38	224
39	199
40	180
41	162
42	45
43	12
44	58
45	200
46	103
47	177
48	111
49	211
50	182
51	169
52	114
53	237
54	215
55	225
56	282
57	206
58	102
59	188
60	265
61	23
62	127
63	110
64	300
65	80
66	270
67	171
68	173
69	254
70	199
71	250
72	48
73	93
74	220
75	42
76	273
77	45
78	220
79	168
80	193
81	115
82	265
83	262
84	285
85	192
86	87
87	183
88	293
89	102
90	15
91	190
92	156
93	240
94	222
95	208
96	105
97	270
98	31
99	256
100	129
101	232
102	154
103	117
104	130
105	174
106	180
107	253
108	168
109	133
110	134
111	77
112	152
113	67
114	236
115	153
116	95
117	79
118	236
119	140
120	67
121	24
122	183
123	121
124	298
125	132
126	276
127	80
128	250
129	275
130	77
131	222
132	108
133	255
134	261
135	221
136	24
137	167
138	97
139	21
140	263
141	79
142	114
143	274
144	203
145	51
146	85
147	96
148	42
149	46
150	138
151	172
152	70
153	47
154	186
155	282
156	276
157	235
158	162
159	195
160	52
161	56
162	113
163	101
164	213
165	201
166	94
167	145
168	160
169	209
170	215
171	255
172	290
173	294
174	226
175	129
176	127
177	56
178	229
179	20
180	156
181	49
182	274
183	13
184	300
185	266
186	258
187	210
188	57
189	15
190	17
191	267
192	169
193	65
194	216
195	244
196	128
197	241
198	263
199	14
200	92
201	170
202	1
203	272
204	287
205	28
206	229
207	120
208	175
209	260
210	148
211	299
212	266
213	76
214	272
215	40
216	151
217	159
218	75
219	9
220	204
221	239
222	41
223	6
224	70
225	131
226	251
227	280
228	27
229	141
230	167
231	271
232	202
233	54
234	92
235	113
236	252
237	286
238	150
239	281
240	163
241	152
242	252
243	111
244	11
245	31
246	90
247	254
248	119
249	197
250	190
251	157
252	146
253	20
254	295
255	165
256	50
257	170
258	98
259	126
260	68
261	243
262	194
263	248
264	22
265	9
266	228
267	103
268	151
269	239
270	171
271	36
272	216
273	181
274	86
275	172
276	251
277	87
278	144
279	78
280	137
281	60
282	21
283	28
284	249
285	112
286	223
287	72
288	73
289	203
290	298
291	166
292	281
293	211
294	200
295	158
296	208
297	244
298	149
299	62
300	292
301	126
302	271
303	228
304	207
305	47
306	90
307	258
308	25
309	112
310	201
311	234
312	178
313	280
314	98
315	296
316	137
317	34
318	18
319	227
320	154
321	230
322	19
323	94
324	118
325	245
326	119
327	249
328	145
329	238
330	233
331	81
332	242
333	78
334	149
335	284
336	155
337	174
338	291
339	189
340	64
341	117
342	34
343	124
344	155
345	241
346	257
347	55
348	72
349	299
350	178
351	86
352	66
353	10
354	32
355	153
356	166
357	198
358	105
359	5
360	115
361	40
362	218
363	91
364	35
365	39
366	96
367	257
368	85
369	264
370	39
371	123
372	83
373	219
374	189
375	146
376	176
377	6
378	99
379	234
380	89
381	95
382	143
383	57
384	91
385	88
386	214
387	43
388	278
389	84
390	226
391	246
392	212
393	101
394	259
395	54
396	73
397	243
398	133
399	290
400	165
401	159
402	19
403	202
404	292
405	294
406	81
407	132
408	206
409	74
410	83
411	221
412	89
413	278
414	139
415	148
416	4
417	51
418	253
419	233
420	217
421	110
422	296
423	191
424	161
425	109
426	120
427	121
428	139
429	29
430	136
431	107
432	109
433	245
434	242
435	69
436	108
437	196
438	188
439	185
440	23
441	184
442	62
443	138
444	25
445	140
446	123
447	161
448	38
449	69
450	186
451	248
452	131
453	99
454	231
455	246
456	217
457	58
458	104
459	268
460	36
461	63
462	8
463	4
464	284
465	259
466	41
467	61
468	267
469	187
470	35
471	268
472	5
473	195
474	185
475	191
476	82
477	33
478	283
479	107
480	10
481	37
482	147
483	204
484	82
485	291
486	179
487	3
488	157
489	289
490	230
491	13
492	11
493	192
494	288
495	100
496	269
497	181
498	61
499	285
500	175
501	116
502	44
503	288
504	287
505	75
506	63
507	176
508	97
509	194
510	38
511	29
512	49
513	124
514	196
515	52
516	53
517	144
518	118
519	213
520	37
521	219
522	209
523	207
524	8
525	53
526	30
527	125
528	125
529	74
530	76
531	179
532	104
533	289
534	122
535	142
536	295
537	177
538	269
539	33
540	231
541	173
542	218
543	277
544	68
545	55
546	116
547	283
548	256
549	142
550	235
551	164
552	88
553	2
554	65
555	275
556	48
557	247
558	163
559	44
560	164
561	100
562	64
563	59
564	147
565	7
566	66
567	14
568	224
569	264
570	143
571	136
572	184
573	84
574	182
575	17
576	193
577	277
578	71
579	297
580	150
581	18
582	106
583	297
584	135
585	279
586	30
587	247
588	59
589	214
590	7
591	26
592	106
593	227
594	22
595	2
596	16
597	135
598	71
599	26
600	122
