Class Times	30
Rooms	40
1	329
2	771
3	585
4	304
5	473
6	919
7	548
8	610
9	150
10	747
11	614
12	626
13	893
14	457
15	283
16	325
17	835
18	448
19	42
20	370
21	383
22	414
23	901
24	899
25	133
26	178
27	908
28	461
29	127
30	913
31	698
32	881
33	782
34	307
35	938
36	307
37	138
38	207
39	556
40	962
Classes	600
Teachers	300
1	253
2	49
3	35
4	189
5	131
6	295
7	212
8	22
9	140
10	162
11	174
12	5
13	273
14	31
15	23
16	196
17	133
18	221
19	135
20	7
21	6
22	62
23	211
24	71
25	159
26	280
27	31
28	175
29	238
30	128
31	166
32	56
33	24
34	155
35	180
36	177
37	104
38	38
39	17
40	123
41	121
42	130
43	295
44	88
45	62
46	140
47	264
48	215
49	117
50	43
51	237
52	160
53	157
54	91
55	219
56	147
57	215
58	193
59	109
60	183
61	283
62	49
63	158
64	83
65	264
66	39
67	161
68	292
69	167
70	85
71	260
72	280
73	254
74	109
75	231
76	245
77	262
78	188
79	157
80	299
81	291
82	128
83	28
84	74
85	131
86	204
87	2
88	299
89	177
90	253
91	136
92	161
93	203
94	203
95	243
96	82
97	268
98	144
99	211
100	96
101	241
102	159
103	189
104	41
105	202
106	183
107	182
108	88
109	47
110	30
111	22
112	276
113	35
114	193
115	179
116	134
117	79
118	199
119	209
120	175
121	286
122	14
123	153
124	166
125	195
126	233
127	107
128	52
129	30
130	188
131	297
132	160
133	167
134	20
135	226
136	151
137	45
138	237
139	92
140	54
141	38
142	124
143	102
144	85
145	154
146	110
147	257
148	220
149	145
150	70
151	267
152	174
153	44
154	233
155	201
156	256
157	270
158	45
159	180
160	57
161	251
162	26
163	259
164	56
165	218
166	142
167	80
168	272
169	114
170	279
171	66
172	221
173	247
174	285
175	152
176	154
177	28
178	89
179	168
180	158
181	121
182	130
183	115
184	58
185	292
186	281
187	115
188	209
189	126
190	260
191	277
192	289
193	268
194	89
195	231
196	129
197	151
198	139
199	67
200	70
201	150
202	185
203	14
204	270
205	98
206	230
207	146
208	267
209	138
210	57
211	107
212	232
213	232
214	99
215	137
216	285
217	208
218	225
219	223
220	119
221	259
222	213
223	44
224	265
225	127
226	300
227	273
228	170
229	225
230	202
231	50
232	39
233	146
234	63
235	252
236	286
237	212
238	99
239	227
240	134
241	235
242	93
243	169
244	149
245	247
246	149
247	91
248	27
249	176
250	271
251	255
252	5
253	190
254	213
255	254
256	297
257	170
258	10
259	245
260	48
261	208
262	106
263	96
264	147
265	249
266	15
267	164
268	240
269	138
270	290
271	20
272	255
273	29
274	288
275	46
276	265
277	61
278	79
279	13
280	266
281	178
282	75
283	294
284	94
285	241
286	97
287	279
288	239
289	7
290	226
291	222
292	105
293	165
294	224
295	2
296	81
297	163
298	290
299	43
300	83
301	186
302	223
303	116
304	6
305	145
306	293
307	256
308	168
309	105
310	73
311	92
312	207
313	110
314	257
315	139
316	214
317	82
318	287
319	81
320	69
321	204
322	17
323	220
324	19
325	32
326	222
327	95
328	143
329	58
330	205
331	284
332	1
333	228
334	214
335	242
336	172
337	54
338	192
339	10
340	112
341	200
342	69
343	217
344	164
345	86
346	218
347	195
348	248
349	291
350	116
351	36
352	249
353	80
354	176
355	11
356	141
357	27
358	227
359	123
360	66
361	67
362	165
363	84
364	16
365	196
366	224
367	118
368	142
369	129
370	3
371	93
372	276
373	95
374	184
375	74
376	16
377	75
378	94
379	108
380	246
381	15
382	112
383	294
384	143
385	122
386	300
387	87
388	272
389	3
390	163
391	40
392	29
393	72
394	84
395	137
396	90
397	171
398	197
399	238
400	124
401	119
402	37
403	185
404	240
405	148
406	76
407	271
408	244
409	184
410	101
411	172
412	63
413	282
414	296
415	171
416	205
417	201
418	64
419	120
420	283
421	102
422	55
423	34
424	258
425	12
426	155
427	243
428	32
429	156
430	269
431	37
432	12
433	153
434	18
435	77
436	33
437	169
438	236
439	262
440	152
441	186
442	296
443	275
444	229
445	59
446	136
447	59
448	217
449	97
450	219
451	122
452	135
453	108
454	266
455	261
456	206
457	8
458	73
459	173
460	198
461	244
462	41
463	251
464	51
465	236
466	162
467	76
468	4
469	25
470	26
471	132
472	263
473	106
474	178
475	87
476	198
477	19
478	52
479	60
480	113
481	133
482	98
483	278
484	207
485	100
486	281
487	4
488	8
489	78
490	55
491	293
492	277
493	65
494	34
495	263
496	284
497	21
498	117
499	187
500	141
501	239
502	235
503	242
504	187
505	61
506	190
507	125
508	40
509	287
510	248
511	13
512	25
513	127
514	18
515	132
516	179
517	120
518	114
519	246
520	68
521	269
522	53
523	148
524	21
525	104
526	216
527	258
528	199
529	191
530	173
531	33
532	50
533	68
534	77
535	216
536	298
537	101
538	118
539	206
540	47
541	181
542	11
543	42
544	103
545	126
546	192
547	156
548	229
549	250
550	228
551	230
552	275
553	51
554	194
555	71
556	48
557	298
558	261
559	191
560	23
561	288
562	200
563	234
564	113
565	9
566	210
567	78
568	144
569	42
570	9
571	274
572	60
573	103
574	72
575	36
576	150
577	210
578	194
579	64
580	197
581	289
582	252
583	234
584	46
585	181
586	125
587	274
588	250
589	111
590	90
591	65
592	24
593	282
594	100
595	278
596	86
597	53
598	111
599	1
600	182
