Class Times	30
Rooms	40
1	311
2	756
3	687
4	609
5	999
6	160
7	213
8	823
9	17
10	448
11	614
12	709
13	666
14	376
15	691
16	315
17	332
18	897
19	789
20	715
21	107
22	243
23	333
24	56
25	68
26	106
27	353
28	858
29	687
30	299
31	771
32	204
33	321
34	693
35	580
36	984
37	738
38	757
39	378
40	943
Classes	600
Teachers	300
1	283
2	91
3	73
4	102
5	264
6	95
7	188
8	149
9	162
10	146
11	42
12	8
13	24
14	68
15	55
16	92
17	56
18	64
19	183
20	25
21	173
22	126
23	291
24	178
25	283
26	202
27	155
28	246
29	12
30	190
31	208
32	2
33	203
34	15
35	101
36	95
37	79
38	169
39	20
40	87
41	182
42	89
43	51
44	237
45	212
46	274
47	77
48	170
49	36
50	161
51	279
52	221
53	265
54	205
55	115
56	290
57	48
58	156
59	100
60	227
61	121
62	186
63	115
64	37
65	132
66	217
67	85
68	52
69	41
70	203
71	45
72	86
73	92
74	50
75	210
76	171
77	106
78	135
79	222
80	183
81	245
82	173
83	74
84	221
85	106
86	66
87	81
88	131
89	282
90	218
91	58
92	158
93	66
94	190
95	110
96	109
97	149
98	243
99	90
100	239
101	163
102	51
103	44
104	133
105	142
106	217
107	263
108	292
109	118
110	120
111	141
112	234
113	286
114	228
115	165
116	139
117	159
118	14
119	56
120	188
121	285
122	260
123	292
124	251
125	153
126	206
127	132
128	211
129	265
130	89
131	90
132	7
133	5
134	103
135	206
136	20
137	233
138	135
139	275
140	29
141	76
142	204
143	172
144	134
145	198
146	158
147	193
148	133
149	122
150	187
151	71
152	276
153	182
154	117
155	93
156	195
157	26
158	276
159	74
160	285
161	119
162	298
163	38
164	7
165	78
166	78
167	58
168	294
169	62
170	87
171	42
172	77
173	254
174	293
175	287
176	255
177	155
178	263
179	24
180	275
181	261
182	98
183	284
184	233
185	201
186	259
187	121
188	243
189	239
190	26
191	37
192	64
193	298
194	245
195	61
196	170
197	70
198	94
199	162
200	214
201	124
202	267
203	288
204	214
205	9
206	65
207	33
208	129
209	1
210	194
211	207
212	79
213	267
214	192
215	22
216	18
217	13
218	50
219	125
220	47
221	141
222	295
223	43
224	84
225	45
226	218
227	127
228	150
229	12
230	254
231	48
232	119
233	284
234	39
235	194
236	128
237	235
238	47
239	8
240	201
241	250
242	286
243	199
244	297
245	65
246	197
247	232
248	116
249	261
250	171
251	177
252	186
253	197
254	256
255	43
256	157
257	172
258	5
259	147
260	248
261	104
262	134
263	280
264	147
265	15
266	227
267	176
268	181
269	167
270	174
271	14
272	10
273	191
274	104
275	255
276	38
277	142
278	216
279	232
280	112
281	69
282	9
283	151
284	31
285	204
286	176
287	131
288	168
289	231
290	228
291	102
292	189
293	212
294	100
295	53
296	160
297	4
298	73
299	210
300	19
301	75
302	258
303	117
304	11
305	85
306	129
307	13
308	16
309	256
310	109
311	269
312	187
313	118
314	234
315	98
316	160
317	18
318	122
319	10
320	67
321	236
322	140
323	27
324	296
325	207
326	280
327	130
328	240
329	238
330	290
331	76
332	174
333	52
334	225
335	289
336	75
337	240
338	295
339	273
340	3
341	27
342	83
343	61
344	273
345	164
346	17
347	179
348	184
349	69
350	200
351	49
352	168
353	16
354	253
355	297
356	41
357	246
358	143
359	159
360	198
361	99
362	124
363	288
364	222
365	205
366	107
367	296
368	2
369	209
370	231
371	269
372	189
373	53
374	84
375	236
376	128
377	251
378	44
379	130
380	259
381	274
382	154
383	81
384	99
385	35
386	278
387	49
388	199
389	146
390	110
391	83
392	179
393	34
394	200
395	96
396	252
397	181
398	191
399	139
400	68
401	268
402	247
403	213
404	278
405	300
406	268
407	253
408	156
409	137
410	116
411	241
412	23
413	144
414	35
415	264
416	19
417	80
418	3
419	230
420	248
421	25
422	175
423	235
424	247
425	161
426	211
427	150
428	54
429	127
430	40
431	1
432	17
433	108
434	125
435	289
436	80
437	96
438	185
439	97
440	39
441	175
442	165
443	271
444	144
445	244
446	237
447	151
448	250
449	22
450	40
451	63
452	293
453	6
454	294
455	260
456	107
457	209
458	242
459	103
460	287
461	143
462	216
463	242
464	70
465	54
466	220
467	32
468	223
469	93
470	163
471	208
472	55
473	202
474	291
475	257
476	193
477	82
478	67
479	166
480	123
481	272
482	30
483	46
484	213
485	46
486	33
487	178
488	279
489	215
490	252
491	71
492	271
493	111
494	277
495	136
496	185
497	72
498	112
499	138
500	167
501	266
502	86
503	262
504	257
505	270
506	140
507	63
508	91
509	180
510	59
511	196
512	82
513	34
514	32
515	11
516	148
517	166
518	270
519	220
520	108
521	300
522	229
523	196
524	244
525	94
526	282
527	299
528	21
529	113
530	28
531	152
532	281
533	184
534	238
535	219
536	23
537	97
538	177
539	241
540	105
541	36
542	266
543	31
544	72
545	60
546	113
547	226
548	30
549	154
550	226
551	215
552	120
553	219
554	299
555	57
556	62
557	258
558	148
559	59
560	152
561	164
562	29
563	123
564	224
565	224
566	114
567	21
568	126
569	111
570	4
571	195
572	229
573	105
574	169
575	223
576	57
577	281
578	157
579	137
580	153
581	192
582	249
583	272
584	136
585	225
586	6
587	180
588	145
589	114
590	101
591	138
592	88
593	249
594	230
595	88
596	277
597	60
598	28
599	262
600	145
