Course	Room	Teacher	Time	Students
258	13	93	2	152 437 488 519 611 1003 1026 1553 1565 1750 1830 1837 1919 2058 2143 2637 2644 2655 2659 2671 2763 2825 3044 3103 3389 3411 3627 3823 3864 3973 4025 4042 4092 4205 4274 4370 4503 4653 4714 4736 4775 4860
242	3	241	2	20 260 296 339 420 454 790 880 885 1030 1085 1087 1164 1173 1188 1430 1516 1539 1556 1766 1797 1812 2064 2076 2091 2257 2273 2572 2666 2747 2861 3009 3268 3359 3374 3660 3764 3861 3879 4029 4122 4180 4328 4521 4778 4990
281	30	116	2	74 147 282 403 486 614 625 691 717 742 1054 1065 1161 1186 1222 1233 1338 1426 1502 1508 1577 1691 2161 2430 2604 2881 2903 3211 3218 3288 3451 3553 3595 3677 3801 3811 4026 4146 4240 4325 4445 4489 4575 4781 4807 4818 4959
65	22	52	2	37 81 172 202 217 378 389 436 440 502 545 580 930 972 1230 1437 1499 1614 1671 1692 1790 2617 2874 3061 3133 3235 3306 3391 3436 3520 3719 3768 3776 3886 3920 3955 3965 4111 4132 4364 4808 4940
210	20	58	2	90 287 400 783 1223 1568 1618 1762 1776 1817 2370 2385 2436 2571 2691 2746 2837 2860 3071 3163 3176 3262 3265 3283 3290 3511 3522 3634 3816 3881 3910 3948 4021 4052 4104 4124 4159 4170 4176 4215 4499 4669
185	8	190	2	39 298 530 550 683 692 776 777 944 1001 1145 1329 1402 1410 1495 1613 1662 1963 2105 2149 2243 2667 2678 2803 2812 2850 2893 3108 3209 3572 3700 3716 3775 4009 4312 4407 4414 4459 4491 4674 4675 4768 4976
592	2	162	2	41 68 110 233 243 460 537 800 819 843 891 1019 1298 1520 1629 1764 1820 1906 1965 2072 2228 2387 2574 2829 2840 2951 3168 3212 3221 3537 3809 3935 4003 4149 4239 4288 4435 4531 4587 4742 4935
27	9	256	2	195 288 348 396 666 796 914 948 966 1138 1198 1219 1340 1408 1674 1683 2101 2114 2192 2341 2356 2429 2517 2530 2566 2584 2923 2993 3022 3432 3484 3873 4016 4130 4253 4323 4475 4510 4649 4914 4923
42	34	63	2	89 555 781 952 980 1051 1117 1203 1253 1256 1334 1401 1634 1739 1957 2110 2122 2326 2441 2586 2621 2833 3035 3343 3388 3488 3560 3604 3624 3819 3895 4033 4197 4280 4524 4720 4737 4919
123	5	246	2	30 135 280 330 425 452 520 552 779 886 1002 1062 1146 1194 1252 1291 1761 1796 2018 2128 2214 2319 2328 2340 2408 2416 2469 2675 2693 2815 3317 3423 3503 4385 4389 4544 4573 4617 4635 4659 4719 4871
135	33	167	2	1 4 218 359 549 681 746 1050 1601 1949 2007 2029 2313 2350 2535 2638 2710 2816 2927 2988 3006 3161 3376 3603 3632 3686 3745 3806 3830 3971 4030 4053 4158 4295 4340 4646 4789 4817 4861
235	16	123	2	9 398 417 446 644 872 873 881 919 1651 1659 1686 1698 1861 1910 2027 2075 2229 2238 2554 2626 2632 2842 2882 2912 3018 3135 3498 3653 3734 3754 3833 3949 4497 4682 4739 4834 4936
423	21	248	2	12 371 572 579 693 1155 1473 1486 1608 1612 1730 1873 1921 1982 2126 2232 2251 2358 2488 2519 3342 3415 3435 3445 3552 3561 3675 3785 3929 4035 4386 4416 4456 4529 4763 4826 4872 4978
491	26	195	2	11 56 376 600 618 864 1005 1038 1136 1232 1620 1630 1775 1917 2032 2130 2154 2197 2239 2265 2272 2373 2377 2643 2674 2701 2732 2779 2797 2907 3482 4296 4318 4358 4373 4394 4692 4695 4821
541	36	55	2	17 67 120 279 338 431 760 768 833 863 1011 1147 1165 1243 1254 1272 1638 1650 1926 2372 2413 2478 2705 2822 2899 2906 3065 3322 3360 3471 3579 3684 3718 4005 4083 4332 4515 4621 4735 4770
577	15	143	2	29 370 467 474 705 937 951 1107 1244 1336 1357 1400 1578 1660 1690 1733 1735 1802 1858 2208 2333 2336 2412 3076 3146 3337 3450 3724 3762 3891 3976 4062 4079 4267 4404 4453 4505 4585 4801 4899 4927
75	7	139	2	73 539 604 899 916 1080 1099 1332 1485 1497 1538 1561 1607 1637 2180 2201 2405 2569 2834 2871 2884 2930 3025 3052 3054 3159 3175 3347 3364 3611 3671 3743 3834 3963 4012 4022 4160 4216 4658 4896
211	1	66	2	28 170 561 639 853 928 1023 1309 1550 1624 1870 1977 2070 2077 2191 2545 2620 2658 2683 2692 3219 3244 3329 3380 3394 3483 3500 3578 3656 3668 3709 3824 4118 4300 4412 4444 4558 4578 4703
254	40	30	2	114 377 511 558 596 630 670 787 825 840 997 1006 1207 1326 1512 1582 1635 1675 1702 1703 1867 2041 2088 2210 2546 2742 2994 3614 3625 3649 3690 4168 4371 4398 4430 4501 4647 4792 4812 4870
295	24	10	2	212 215 383 466 473 582 711 820 1102 1566 1966 2050 2282 2287 2424 2759 2784 2954 3008 3167 3523 3707 3771 3774 3854 3893 3918 3991 4081 4144 4252 4281 4289 4619 4765 4904
576	28	62	2	216 358 394 621 712 939 1098 1211 1237 1281 1360 1376 1378 1540 1879 1950 1978 2037 2113 2181 2277 2349 2524 2680 2813 2885 3038 3231 3383 3463 3506 3559 3580 3715 3783 3813 3851 4106 4344 4461 4713
30	32	70	2	524 763 867 1113 1123 1189 1314 1392 1438 1478 1569 1716 1720 1795 2135 2568 2630 2636 2819 2863 3059 3169 3340 3434 3532 3779 3787 4027 4070 4217 4417 4467 4580 4596 4633 4667 4773 4883 4943 4995
32	18	98	2	177 329 347 364 415 459 544 727 739 911 983 999 1462 1477 1666 1694 1727 1805 1956 1967 2046 2123 2528 2533 2657 2660 2663 2889 3073 3075 3178 3404 3447 3487 3534 4059 4824 4888
152	17	144	2	87 145 201 275 412 556 761 786 1097 1359 1523 1535 1843 1969 2038 2168 2695 2717 2729 2764 2971 3003 3143 3323 3338 3555 3670 3717 3858 3908 3953 4275 4613 4700 4793 4862 4864 4898
161	10	67	2	31 149 277 538 668 856 903 954 1175 1250 1459 1513 1537 1752 1777 1778 1825 1831 1954 1960 2233 2312 2421 2447 2470 2830 2848 2855 2866 2941 3370 3480 3524 3568 3591 3966 4316 4508 4572
178	38	25	2	328 480 601 688 804 1415 1433 1481 1554 1570 1821 1824 1874 1970 2026 2156 2479 2513 2576 2721 2740 2967 2983 3015 3525 3652 3796 3805 3822 3900 3941 4113 4165 4266 4284 4314 4420 4504
198	31	247	2	112 159 315 357 422 455 623 694 737 805 1262 1416 1627 1734 1897 1907 2019 2202 2211 2773 2925 2942 3153 3181 3205 3393 3422 3466 3569 3802 3968 4254 4303 4310 4387 4388 4644 4805
385	4	101	2	132 223 226 353 813 1010 1105 1133 1150 1273 1286 1436 1500 1920 2354 2365 2509 2669 2673 2754 2809 2897 2978 3030 3130 3281 3419 3772 4084 4150 4214 4263 4324 4595 4657 4715 4902 4933
406	23	207	2	178 306 381 409 498 747 849 1063 1112 1128 1156 1354 1454 1559 1715 1934 2012 2209 2212 2383 2502 2613 2827 3010 3118 3189 3203 3412 3502 3708 3933 3978 3983 4424 4513 4722 4938 4956
513	25	176	2	13 238 248 334 341 500 605 662 1172 1218 1249 1507 1587 1594 1639 1732 1865 1979 2020 2159 2355 2547 2713 2980 3277 3664 3693 3705 4089 4167 4383 4482 4615 4673 4748 4762 4806 4913 4944
582	11	64	2	2 59 271 426 475 513 551 553 626 716 832 970 1226 1381 1695 1842 2009 2357 2393 2456 2744 2997 3336 3431 3507 3527 3543 3567 3657 3952 3996 4078 4085 4119 4421 4458 4553 4685 4750 4782 4958
19	19	54	2	140 189 191 196 272 318 375 445 733 772 792 1282 1470 1774 1779 1909 1916 1996 2331 2460 2466 2661 2795 2989 3125 3199 3600 3605 3729 3927 4136 4396 4437 4469 4665 4973
66	6	275	2	918 935 968 1022 1108 1139 1200 1228 1287 1323 1526 1853 2014 2045 2087 2195 2381 2398 2422 2484 2539 2689 2886 3137 3442 3746 3820 3923 3942 4047 4077 4115 4336 4354 4391 4530 4638 4757
187	29	134	2	661 1288 1299 1548 1593 1646 1655 1658 1743 1767 1914 2160 2244 2290 2344 2609 2685 2847 2976 3177 3760 3970 4063 4090 4102 4218 4272 4305 4409 4473 4622 4655 4751 4759
332	27	23	2	84 94 121 365 448 594 709 723 882 926 1093 1293 1704 1728 2249 2392 2433 2520 2709 2896 2965 3057 3162 3236 3584 3889 4080 4117 4219 4230 4351 4438 4443 4520 4946 4947 4950 4965
392	12	216	2	131 136 209 256 443 456 499 534 632 725 855 921 964 1069 1089 1140 1574 1665 1685 1868 1872 2252 2400 2404 2444 2694 3254 3273 3467 3562 3890 4607 4640 4811
428	14	109	2	43 137 241 291 309 319 321 1160 1181 1217 1234 1619 1985 2155 2339 2360 2461 2622 2656 2905 2949 3031 3042 3067 3096 3245 3310 3363 3367 3493
448	35	287	2	34 418 631 724 762 857 1414 1641 1714 1780 1896 1929 2051 2151 2250 2309 2575 2614 2775 2818 2990 3070
519	37	211	2	3 100 462 651 703 713 740 818 1088 1142 1390 1636 1689 1758 1822 2103 2142 2590 2788 2862
522	39	206	2	25 193 221 399 453 483 533 647 654 1148 1176 1247 1453 1493 1711 1860 1908 2125
545	13	289	4	115 117 185 245 278 320 407 459 474 672 685 761 876 886 1096 1163 1252 1423 1609 1782 1875 2005 2199 2262 2379 2917 2936 3451 3470 3708 3756 4010 4150 4185 4191 4407 4522 4712 4861
554	3	33	4	100 148 167 176 211 424 563 566 650 744 753 974 1115 1242 1244 1357 1418 1519 1565 1653 1658 2216 2351 2440 2505 2536 2580 2611 2728 2916 2945 3129 3210 3819 4103 4121 4335 4428 4763 4931
597	30	97	4	24 255 549 608 695 882 1018 1108 1149 1213 1265 1349 1581 1668 1684 1702 1907 2017 2049 2403 2768 3071 3104 3198 3515 3557 3689 3703 3711 3771 4224 4450 4493 4813 4815 4874 4916
11	22	129	4	372 394 550 578 595 658 737 1028 1106 1168 1293 1367 1510 1859 1952 1987 1999 2171 2183 2342 2428 2552 2558 2603 2629 2665 2672 2698 2809 3358 3517 4202 4581 4603 4609 4796 4936
74	20	71	4	352 365 477 651 677 785 868 941 1117 1285 1296 1437 1517 1524 1652 1678 2578 2744 2758 3063 3134 3285 3569 3667 3676 3696 3783 3900 4015 4173 4597 4636 4656 4871 4915 4970 4999
100	8	22	4	47 218 699 1103 1140 1378 1388 1403 1475 1521 1676 1756 1779 2034 2121 2255 2655 2756 2773 2778 2862 2961 3078 3415 3443 3539 3629 3710 3757 3965 3977 4086 4220 4233 4282 4717 4799 4860 4911
104	2	17	4	40 169 249 548 667 724 782 935 1083 1447 1455 1716 1922 2215 2311 2348 2466 2469 2605 2954 3468 3558 3802 3820 3832 3845 3904 3940 4004 4030 4051 4073 4096 4142 4863
136	9	210	4	28 126 146 375 499 529 601 636 687 873 895 933 1061 1104 1657 1885 2083 2099 2204 2394 2405 2426 2567 2585 2883 2891 2929 2984 3100 3303 3309 3341 3420 3458 3596 3886 3970 4036 4374
137	34	51	4	2 32 229 234 436 456 669 900 1154 1231 1278 1306 1588 1627 1666 1822 1892 1986 2211 2301 2336 2485 2503 2688 2737 2831 2835 3085 3094 3267 3286 3357 3381 3466 3467 3548 3698 4486 4618 4835
202	5	117	4	179 370 376 406 455 540 708 829 1055 1079 1086 1228 1308 1348 1920 2281 2416 2643 2647 2694 2696 2943 3237 3263 3398 3406 3612 4107 4226 4573 4574 4629 4718 4738 4881 4885 4996
226	33	284	4	50 109 210 236 268 287 379 534 727 862 919 953 1379 1561 1587 1690 1940 2182 3326 3563 3593 3740 3991 4136 4187 4201 4232 4254 4328 4392 4614 4667 4827 4857 4930 4994
293	16	185	4	198 288 457 752 818 1084 1114 1127 1183 1324 1446 1473 1499 2004 2287 2320 2363 2507 2651 2667 2679 2869 3013 3323 3416 3706 3777 3899 3905 3927 3954 4074 4525 4584 4995
320	21	139	4	197 289 331 367 480 568 731 741 833 1221 1492 1856 2286 2318 2390 2518 2560 2600 2634 2675 2708 2800 2865 3009 3242 3315 3461 3677 4056 4162 4301 4526 4533 4540 4579 4600 4878 4948 4965
329	26	76	4	201 246 302 327 545 733 773 891 1384 1415 1749 1971 2265 2284 2683 2691 2940 3194 3295 3318 3349 3635 3809 3871 4371 4471 4547 4560 4594 4648 4650 4691 4951
339	36	47	4	180 597 722 812 959 985 1056 1169 1172 1211 1260 1344 1350 1448 1725 1808 2036 2048 2519 2759 2791 2942 3691 3724 4008 4085 4186 4238 4507 4539 4626 4631 4659 4692 4854 4902
343	15	2	4	507 606 795 970 1033 1217 1542 1550 1670 1764 2029 2050 2148 2152 2429 2534 2676 2793 2963 2989 3038 3113 3128 3260 3713 3768 3913 4490 4586 4620 4673 4751 4903 4904 4910 4944 4993
351	7	238	4	17 66 214 219 247 437 454 573 642 755 1026 1037 1051 1065 1080 1105 1234 1389 1485 1560 1760 1831 2208 2419 2995 3450 3816 4146 4294 4364 4512 4689 4767 4786
427	1	290	4	153 311 469 471 503 570 625 643 735 736 801 1182 1469 1472 1862 2015 2016 2116 2294 2315 2663 2799 3116 3127 3230 3252 3332 3379 3550 4078 4155 4161 4258 4273 4316 4561 4743
547	40	269	4	188 258 635 660 902 1082 1238 1345 1462 1543 1555 1681 1835 1964 2090 2396 2805 2906 3132 3169 3186 3311 3340 3408 3437 3622 3650 3851 4044 4178 4215 4376 4496 4541 4601 4611 4665 4716 4794
565	24	288	4	193 641 684 961 1295 1362 1399 1714 1867 2018 2060 2529 2666 2781 2834 2902 2921 2981 3029 3096 3117 3333 3536 3754 4097 4153 4387 4551 4563 4681 4698 4887 4947
571	28	130	4	264 536 648 655 793 836 1020 1072 1177 1210 1261 1353 1375 1570 1616 2119 2125 2176 2268 2455 2624 2685 2978 2983 3016 3330 3386 3617 3631 3670 3699 4093 4418 4438 4923
13	32	112	4	165 177 294 296 340 346 467 1004 1179 1420 1638 1642 1644 1806 1863 1993 2159 2366 2399 2467 2870 3018 3139 3503 3545 3560 3674 3727 3867 4192 4481 4772 4918
80	18	81	4	10 86 119 130 163 280 393 632 657 866 1256 1300 1369 1810 1976 2070 2093 2321 2362 2385 2593 2599 2888 3095 3114 3200 3389 3566 3936 4400 4666 4775 4853
121	17	218	4	58 114 240 329 530 711 1101 1180 1276 1326 1512 1571 2167 2251 2259 2266 2565 2610 2755 2901 2922 2982 3367 3459 3532 3778 3859 3909 3938 4221 4285 4334 4675 4728 4776
141	10	181	4	49 63 299 487 700 913 1005 1070 1134 1198 1274 1328 1480 1553 1611 1698 1908 2226 2449 2592 2668 2849 3069 3247 3348 3603 3632 3714 4066 4211 4302 4323 4369 4425 4454 4456 4756 4847
153	38	118	4	11 225 441 647 680 1043 1085 1118 1258 1746 2064 2200 2422 2441 2545 2690 2723 2752 3006 3481 3521 3601 3749 3803 3914 4091 4197 4270 4304 4555 4661 4823 4964
188	31	192	4	134 230 273 307 462 780 789 965 1132 1377 1765 1813 1973 1979 2143 2147 2378 2596 2871 2895 2953 3034 3040 3243 3448 3647 3898 3995 4020 4287 4409 4431 4571 4838
209	4	220	4	194 338 422 498 702 743 986 1476 1574 1606 1669 1783 2295 2570 2625 2823 3250 3254 3345 3419 3457 3490 3514 3543 3609 3999 4081 4213 4344 4350 4602 4761 4787
404	23	172	4	57 141 525 656 666 852 860 1458 1597 1709 1918 2031 2221 2224 2360 2525 2583 2947 2970 3043 3159 3499 3807 4061 4196 4227 4260 4537 4582 4624 4830 4866
436	25	264	4	433 808 904 991 1024 1050 1069 1347 1441 1789 1913 1924 2276 2409 2468 2553 2680 2726 2912 3289 3626 3831 3918 4098 4166 4726 4755 4791 4950 4966
446	11	86	4	107 184 231 553 664 870 922 1060 1124 1126 1241 1264 1272 1605 1694 1794 1830 1833 1857 1871 2118 2423 2492 2632 2640 2656 2783 2864 3257 3861 3878 3934 3953 4248 4336 4439 4654
459	19	298	4	151 200 304 332 558 586 662 717 910 1268 1568 1680 1823 1845 1905 2000 2153 2161 2222 2337 2499 2521 2602 2731 2746 2810 2933 3380 3541 3769 4005 4013 4546 4625 4754 4924 4949
474	13	238	6	106 170 566 633 758 805 877 920 927 1010 1036 1432 1583 1627 1693 1752 1773 1784 2001 2204 2412 2454 2600 2614 2647 2661 2900 2987 3166 3211 3495 3848 4139 4264 4294 4398 4569 4671 4791
498	6	274	4	103 324 325 359 392 417 425 1035 1407 1417 1888 1950 2157 2172 2408 2483 2517 2700 2733 2911 3199 3736 3782 4129 4460 4464 4788 4875 4876 4921
500	29	145	4	36 158 341 419 538 679 847 969 1147 1551 1631 1744 1775 1828 1849 1925 2001 2052 2095 2179 2213 2526 2597 2873 3057 3161 3370 3623 3723 3798 3818 3835 3889 4198 4240 4484 4553 4723
506	27	18	4	74 81 321 371 426 617 730 1316 1429 1433 1436 1468 1539 1541 1729 1858 1992 2206 2660 2686 2721 2999 3344 3399 3613 3853 4127 4604 4750 4940 4983
510	12	291	4	318 485 577 645 649 952 1076 1119 1337 1425 1501 1547 1774 1802 1903 1968 2410 2878 2882 3290 3397 3564 3598 3605 3679 3739 3837 3865 3952 4001 4359 4462 4492 4932
586	14	94	4	187 298 769 783 924 1387 1619 1679 1916 1955 1996 2026 2134 2280 2298 2327 2332 2528 2543 2720 2780 2886 3012 3099 3313 3382 3444 3688 3760 3979
598	35	147	4	361 482 1062 1128 1197 1204 1371 1673 1713 1742 1786 1816 2009 2154 2335 2406 2913 2952 3008 3294 3369 3607
37	37	16	4	35 108 110 470 514 627 682 800 811 842 1185 1641 1719 1933 1982 2322 2368 2387 2979 2991
64	39	276	4	60 349 461 479 484 504 593 692 909 1095 1421 1650 1761 1804 2156 2260 2389 2481
76	3	88	6	138 516 529 695 767 779 821 868 957 1299 1537 1760 1790 1807 1954 2034 2107 2284 2403 2468 2502 2651 2993 3007 3145 3395 4061 4206 4286 4534 4596 4608 4627 4664 4872
89	30	36	6	675 681 745 788 825 1300 1405 1766 1993 2093 2106 2145 2167 2174 2271 2374 2634 2675 2799 2859 2875 2955 3089 3130 3350 3605 3704 4272 4291 4315 4506 4535 4538 4564
103	22	202	6	5 69 85 122 410 430 964 1032 1121 1199 1262 1556 1707 1716 2490 2498 2583 2601 2761 2961 2977 2985 3001 3271 3327 3422 3688 4069 4097 4185 4704 4716 4750 4897 4959
159	20	213	6	95 124 167 255 366 932 1097 1391 1796 2196 2241 2275 2552 2596 2641 2690 2747 2833 2932 2958 2963 2995 3228 3313 3484 3492 3598 3784 3856 4184 4223 4370 4443 4532 4682
171	8	124	6	60 192 197 411 564 652 728 1059 1063 1332 1365 1367 1563 1568 1721 1989 2005 2074 2085 2090 2511 2652 2654 2926 3079 3183 3401 3402 3469 3528 3587 3623 3990 4242 4707 4807
179	2	54	6	102 158 356 362 377 453 456 504 608 634 725 822 870 944 1037 1053 1102 1223 1395 1421 1963 2164 2334 2452 2719 3004 3238 3351 3392 3398 3478 3657 3661 4595 4837 4841 4943 4998
190	9	48	6	16 264 360 409 439 448 492 503 1135 1277 1461 1673 1682 1984 2008 2083 2138 2199 2467 2492 2567 2707 2857 2953 3104 3442 3531 3577 3805 3883 3904 3980 4064 4158 4500 4903 4965
216	34	290	6	326 486 573 1109 1182 1429 1494 1524 1771 1881 1980 2105 2169 2383 2440 2443 2538 2541 2670 2927 2943 3257 3265 3573 4209 4221 4255 4433 4444 4593 4794 4796 4848
277	5	105	6	332 592 766 937 967 1046 1136 1230 1283 1284 1442 2021 2057 2097 2126 2297 2481 2497 2688 3026 3163 3300 3365 3687 3863 3865 3873 4127 4312 4355 4382 4388 4754 4816 4875
371	33	300	6	18 36 44 83 226 493 526 575 771 856 859 969 1317 1491 1658 2030 2038 2323 2483 2527 2879 2897 3036 3140 3267 3319 3339 3593 3702 3903 3908 4168 4402 4699 4804 4935
382	16	59	6	219 386 607 741 962 1068 1401 1477 1527 1695 1708 1798 1823 1861 1885 1922 1948 1974 2144 2146 2292 2329 2430 2578 2837 2954 3390 3423 3621 3709 3743 4075 4147 4811 4929
419	21	99	6	452 477 487 496 601 1071 1123 1163 1171 1181 1487 1495 1567 1573 1859 1930 2251 2463 2494 2737 2902 3164 3493 3609 3788 3983 4047 4129 4148 4172 4254 4302 4512 4528 4745 4838 4970
447	26	195	6	22 273 292 364 427 441 553 789 810 954 1049 1125 1233 1445 1602 1607 1877 1893 2024 2460 2715 3031 3155 3252 3536 3541 3641 3674 3787 4188 4270 4427 4773 4856
480	36	141	6	84 253 263 344 363 615 787 983 990 1272 1340 1370 1379 1577 1709 1728 1845 2111 2482 2642 2971 3113 3156 3285 3667 3675 3905 3955 3974 4167 4344 4432 4613 4626 4979
488	15	55	6	179 384 451 500 691 878 1008 1094 1096 1457 1520 1604 1748 1851 1854 1866 2043 2437 2438 2631 2970 3457 3520 3603 4001 4149 4224 4568 4619 4835 4964
562	7	249	6	21 93 97 160 249 312 488 602 611 620 1042 1126 1301 1381 1448 1569 1576 1703 1895 1960 2214 2216 2584 2771 2840 3037 3266 3368 3452 3552 3783 4186 4735 4937
578	1	214	6	212 244 245 595 738 801 899 934 1019 1066 1083 1343 1377 1704 1931 2124 2286 2543 3028 3040 3054 3106 3197 3565 3662 3767 4025 4173 4178 4358 4392 4537 4577 4611 4742
584	40	14	6	24 171 216 394 537 587 627 780 841 860 1503 1618 1981 2113 2256 2273 2308 2324 2449 2474 2591 2854 2931 2969 3192 3242 3330 3388 3464 3511 3877 4246 4752
585	24	32	6	27 234 293 388 589 622 665 677 809 1183 1263 1388 1560 1825 1849 1900 1990 2423 2710 2884 3061 3413 3430 3610 3693 3907 4163 4280 4446 4486 4570 4781 4978
590	28	230	6	205 290 303 581 688 768 931 1595 1674 1699 1705 2036 2047 2261 2756 3063 3391 3519 3735 3849 3900 3910 4060 4062 4401 4536 4603 4663 4708 4710 4901 4944 4989
10	32	137	6	25 391 740 1021 1167 1260 1580 1659 1663 1688 1887 1924 1932 2427 2512 2580 2650 2767 2801 2836 2850 3058 3084 3196 3288 3446 3748 4017 4029 4347 4368 4399 4783 4932
29	18	96	6	17 202 211 247 248 365 387 676 807 829 945 972 1419 1469 1803 1975 2045 2369 2388 2415 2605 2944 2975 3050 3177 3206 3308 3459 3513 3549 3712 4369 4893
52	17	250	6	148 163 267 271 468 839 981 1077 1095 1166 1427 1535 1616 1880 2006 2303 2398 2402 2491 2622 2630 2689 3016 3170 3198 3356 3461 3602 3906 3987 4219 4277 4923 4934 4988
70	10	240	6	14 51 320 642 729 1195 1201 1400 1408 1685 1733 1769 1817 2117 2128 2158 2186 2247 2293 2367 2389 2433 2466 3185 3525 3578 3715 4094 4241 4263 4290 4453 4957
154	38	140	6	111 125 231 333 428 481 733 747 862 1137 1433 1471 1624 1654 1670 2439 2741 2964 3019 3021 3150 3246 3261 3361 3697 3731 3775 3855 3935 4003 4335 4718
162	13	300	8	104 355 562 576 599 997 1006 1098 1357 1571 1853 2031 2052 2087 2111 2330 2445 3003 3279 3320 3324 3379 3421 3589 3844 3852 3872 3906 3944 4145 4534 4882
180	31	83	6	238 309 393 502 887 1273 1280 1434 1562 1753 1756 2060 2078 2179 2244 2315 2421 2556 2657 2687 2700 2782 3209 3243 3471 3548 3563 3765 3853 3857 4107 4155 4176 4340 4349 4519 4839
195	4	237	6	29 703 812 838 853 871 1040 1202 1374 1463 1786 1814 1902 2039 2079 2156 2230 2236 2322 2416 2559 2861 3214 3441 3682 3948 4038 4050 4104 4588 4994
232	23	253	6	10 38 118 242 353 442 588 1259 1363 1439 1529 1855 1947 2368 2810 2952 3080 3272 3314 3321 3440 3550 3649 3824 3917 3972 3994 4101 4418 4689 4729 4866
249	25	146	6	39 182 243 606 612 656 706 918 952 1099 1156 2055 2379 2551 2603 2731 2814 2885 2996 3009 3110 3245 3498 3823 3939 3940 4091 4095 4200 4217 4304 4594 4739 4951
263	11	161	6	13 119 150 335 434 550 605 692 772 836 947 1398 1629 1667 1712 1842 2108 2157 2209 2818 2862 2921 3165 3304 3447 3811 3971 4090 4181 4259 4501 4502 4772 4828 4845 4955
296	19	117	6	542 687 734 782 850 965 1087 1297 1312 1349 1634 1687 1890 2289 2365 2521 2681 2831 3068 3091 3225 3369 3375 4166 4558 4842 4860 4919 4924
297	6	155	6	408 466 475 543 672 697 709 743 823 1030 1047 1640 1857 1876 2082 2110 2409 2506 2821 3078 3259 3463 3618 3833 3839 3999 4051 4054 4144 4180 4653 4693 4805 4820 4895
303	29	65	6	134 156 161 432 535 693 875 1076 1191 1229 1257 1455 1808 1923 1986 2084 2094 2306 2411 2915 2930 2960 3062 3141 3157 3757 4042 4140 4179 4345 4364 4510 4697 4877
327	27	159	6	201 287 307 398 413 478 505 559 989 1158 1289 1460 1554 1625 1759 1936 2381 2394 2473 2800 2957 3162 3462 3526 3681 3826 3975 4088 4211 4495 4647 4677 4690
376	12	212	6	239 256 380 759 861 1013 1249 1382 1506 1519 1921 1942 2068 2235 2274 2311 2510 2568 2788 2846 2904 3222 3450 3585 3692 3696 3918 4308 4625 4662 4795 4948 4977
415	14	153	6	26 140 265 707 847 961 1173 1466 1599 1615 1649 1681 1742 1918 1933 1941 2022 2115 2387 2499 2636 2692 3516 3545 3559 3870 3898 4314 4316 4441
416	35	5	6	831 858 905 1170 1334 1394 1541 1620 1783 1934 1988 2072 2202 2269 2563 2826 2910 3202 3269 3341 3376 3482
487	37	8	6	3 262 374 404 773 840 869 950 1081 1152 1197 1278 1653 1730 1871 2056 2104 2358 2571 2686
517	3	212	8	65 250 494 809 998 1052 1390 1532 1605 1697 1709 1721 1813 1899 2254 2288 2797 2936 3225 3251 3291 3330 3337 3472 3616 3669 3789 3796 3987 4122 4376
528	39	12	6	323 547 726 763 1335 1518 1590 2100 2109 2446 2725 2813 2834 2867 2877 2939 3005 3381
546	30	228	8	527 991 999 1004 1142 1144 1180 1496 1519 1986 2073 2370 2495 2520 2595 2734 3147 3213 3373 3746 3909 4034 4303 4448 4514 4607 4711 4779 4887 4937
557	22	179	8	327 344 491 529 646 734 784 811 910 1015 1093 1151 1183 1450 1483 1800 1832 2048 2170 2457 2479 2678 2868 2923 3027 3370 3497 3800 3824 4213 4305 4325 4926
574	20	105	8	53 245 490 579 694 708 764 959 971 1076 1330 1601 1738 1880 1970 2124 2352 2674 2684 2774 2947 2953 2998 3102 3126 3223 3382 3639 3684 3877 4017 4224 4439 4470 4709
1	8	49	8	172 384 447 655 658 816 1208 1497 1539 1820 1852 1953 2032 2178 2307 2474 3408 3510 3592 3635 3644 3710 3712 3808 4013 4416 4446 4476 4622 4724 4852
4	2	168	8	59 96 121 560 801 895 940 963 1110 1159 1187 1545 1629 1642 1672 1733 1913 1985 2192 2248 2341 2384 2577 2931 3023 3087 3216 3871 3878 4306 4404 4442 4564 4689
9	9	267	8	252 450 689 904 915 1055 1114 1283 1569 1607 1771 2059 2313 2317 2510 2544 2634 2753 2781 2899 3197 3433 3758 3945 3964 4226 4279 4290 4520 4686 4793 4823 4873 4914 4961
16	34	72	8	179 183 313 324 715 785 826 899 1101 1288 1301 1364 1599 1655 2346 2706 2712 2723 2750 2838 2946 3267 3277 3313 3786 3838 3916 3978 4117 4195 4487 4827 4945
21	5	118	8	46 62 101 147 181 295 300 556 575 933 1070 1299 1596 1726 1810 1828 1890 1983 2257 2297 2451 2966 3237 3266 3483 3600 3869 3998 4118 4321 4467 4474 4517 4751 4856
22	33	35	8	129 141 175 369 477 483 744 1073 1224 1725 1732 1849 1889 2081 2345 2373 2436 2452 2519 2563 2665 3079 3178 3412 3828 4021 4212 4236 4502 4650 4783 4845
26	16	244	8	178 390 446 637 667 762 994 1193 1367 1425 1449 1575 1635 1744 1748 1878 1918 2353 2377 2392 2408 2540 2747 2784 2820 2928 3633 3680 3855 4186 4538
28	21	17	8	301 345 517 674 685 699 700 731 934 1018 1269 1486 1858 1937 2012 2294 2489 3052 3127 3355 3366 3793 3803 4069 4353 4411 4451 4662 4782 4802 4833
46	26	75	8	68 71 99 294 610 892 953 1039 1442 1517 1630 1856 2027 2210 2492 2537 2765 2842 3078 3100 3113 3328 3481 3654 3889 4018 4039 4074 4257 4452 4497 4562 4766 4920
62	36	241	8	299 343 442 582 594 1213 1242 1399 1527 1781 1841 1843 1952 1960 2037 2227 2356 2465 3092 3151 3275 3383 3890 4097 4154 4258 4278 4331 4440 4518 4555 4734 4757 4803
67	15	175	8	515 597 1120 1298 1345 1346 1515 1698 2193 2633 2817 3058 3265 3387 3428 3489 3763 3935 3950 4086 4100 4347 4391 4444 4569 4639 4829 4909
93	7	57	8	166 204 227 367 433 455 519 774 829 955 962 1166 1178 1713 1850 2300 2576 2971 3112 3227 3668 3735 3762 3791 3798 4143 4153 4312 4431 4605 4624 4777 4892
124	1	70	8	48 152 156 258 259 568 607 961 1007 1017 1088 1145 1361 1363 1570 1617 1710 1839 2020 2118 2761 2929 3144 3214 3667 3723 3834 3981 4077 4287 4313 4403 4466 4828
156	40	136	8	418 436 585 897 906 942 1139 1311 1632 2084 2088 2135 2156 2188 2205 2270 2365 2538 2565 2662 2670 2792 2798 3188 3200 3244 3303 3942 4244 4368 4609 4729
196	24	29	8	25 170 495 558 1116 1161 1215 1229 1313 1430 1608 1940 2103 2459 2512 2523 2738 2892 3060 3224 3284 3308 3673 4159 4205 4211 4395 4436 4567 4680 4758 4764 4846
228	28	263	8	128 286 293 1077 1167 1424 1542 1904 2065 2259 2343 2572 2745 3047 3050 3192 3416 3504 3587 3707 3752 3883 3914 3928 3979 4099 4333 4579 4762
231	32	188	8	1 142 207 397 439 703 827 846 939 983 987 1248 1304 1385 1533 1720 1793 1994 2233 2255 2265 2438 2558 3263 3371 3672 3904 4015 4072 4087 4112 4245 4610
240	18	292	8	283 378 445 677 831 945 1222 1265 1573 1581 1722 2039 2049 2186 2263 2477 2722 3041 3120 3287 3475 3477 3494 3552 3612 3699 3976 4103 4262 4354 4390 4496 4790 4978 4982
260	17	78	8	22 193 358 360 630 696 1106 1202 1237 1250 1264 1356 1360 2155 2304 2305 2760 2867 2982 3235 3339 3350 3799 3829 3937 3966 3970 4202 4239 4299 4405 4456 4464 4499
261	10	164	8	136 270 735 849 1230 1432 1614 1631 1667 1753 1773 1931 1967 2141 2271 2295 2329 2350 2372 2441 2772 2819 2918 2979 3570 3583 3599 4101 4429 4830 4870 5000
278	38	232	8	105 208 229 591 643 695 1241 1422 1485 1645 1869 2051 2060 2089 2505 2527 2617 2629 2919 3033 3105 3107 3351 3627 3630 3727 3769 3860 4093 4378 4419 4493 4636 4918
279	31	109	8	194 256 314 380 485 506 528 541 972 1091 1685 1751 2054 2061 2291 2325 2588 2666 2900 2913 2950 3074 3238 3598 3625 3856 4025 4423 4603 4654 4723 4760 4890 4913
285	4	194	8	29 61 248 263 320 336 510 1069 1148 1910 2109 2198 2351 2419 2446 2567 2944 2973 3392 3460 3528 3608 3744 3884 3949 4084 4297 4422 4537 4565 4735 4894 4931 4976 4980
317	23	106	8	242 254 277 306 350 792 857 916 990 1648 1787 2230 2282 2608 2783 2889 2926 3095 3321 3331 3389 3479 3485 4022 4050 4228 4530 4535 4585 4707 4741 4814
354	25	30	8	33 162 214 221 532 548 569 640 641 751 797 869 946 1001 1034 1050 1163 1376 1724 2104 2618 2707 2715 3002 3103 3139 3209 3241 3397 3443 3513 3898 4067 4181 4396 4713
358	11	293	8	620 737 1053 1086 1150 1328 1706 1772 1854 2072 2157 2176 2380 2476 2644 2656 2879 3116 3406 3450 3524 3561 3896 3983 4001 4008 4308 4402 4454 4478 4691 4952 4973
389	19	166	8	6 24 107 222 261 262 305 337 389 627 777 872 912 1128 1160 1238 1318 1610 1678 1728 1834 2058 2386 2462 2542 2672 2730 2904 3014 3173 3780 4090 4191 4298 4550 4672 4969
395	6	208	8	118 223 341 413 567 645 702 922 1353 1362 1494 1783 1927 2172 2267 2363 2413 2536 2841 3056 3066 3076 3182 3298 3348 3522 3588 3719 3739 4104 4120 4235 4296 4326 4379 4511
458	29	12	8	39 230 736 769 794 923 965 1256 1261 1266 1306 1327 1434 1467 1746 2013 2420 2601 2677 2679 2916 3190 3261 3418 3792 3974 4233 4268 4674 4941
468	27	149	8	93 113 839 852 932 936 1377 1531 1621 1739 1826 2001 2011 2093 2154 2249 2278 2289 2488 2511 2548 2713 2782 2857 2875 2969 3184 3520 3957 3992 3999 4194 4544 4893
493	12	226	8	52 106 159 264 814 1016 1090 1231 1543 1551 1583 1752 1770 1847 2337 2514 2529 2561 2727 3136 3260 3302 3364 3695 3875 3953 4059 4068 4177 4427 4447 4612 4718 4770 4865 4942
511	14	154	8	211 368 469 621 657 770 889 1225 1331 1471 1504 2197 2562 2660 2697 2814 3191 3356 3396 3476 3655 3702 3779 3873 4139 4150 4309 4356 4463 4465
552	35	89	8	78 131 267 472 883 949 982 1694 1929 1934 2213 2318 2382 2396 2551 2639 2658 2924 2935 3090 3247 3643
12	37	215	8	69 880 1008 1192 1326 1704 1705 1708 2217 2242 2277 2403 2407 2645 2694 2911 2956 3028 3037 3115
17	39	158	8	84 480 920 1012 1427 1641 1851 2134 2152 2246 2587 2604 2693 2940 3025 3138 3269 3271
18	13	56	10	275 720 751 888 1020 1207 1659 1679 1696 1824 2165 2168 2179 2180 2316 2382 2402 2635 2993 3241 3309 3665 3710 3740 3759 4034 4145 4154 4164 4234 4250 4715 4809
23	3	57	10	267 502 557 597 796 1287 1298 1482 1736 1745 1861 1893 1911 2024 2175 2227 2273 2373 2494 2550 2599 2686 2881 3305 3312 3367 3455 3804 4070 4160 4206 4222 4728 4816
95	30	151	10	21 34 612 715 850 952 1023 1047 1165 1240 1354 1355 1407 1665 1804 1871 1896 2284 2317 2680 2848 2989 3325 3452 3748 4065 4110 4138 4143 4174 4220 4556 4989
99	22	175	10	50 105 122 415 636 1510 1783 1865 1873 1885 1981 2092 2096 2188 2234 2513 2577 2727 2766 2837 2949 3234 3239 3442 3504 3553 4178 4324 4397 4500 4552 4597 4601 4837
163	20	202	10	221 505 743 1307 1352 1488 1671 1795 1987 2173 2371 2491 2649 2841 2985 3039 3175 3357 3383 3396 3597 3645 3791 3857 3882 4050 4116 4268 4288 4446 4503 4690 4792
170	8	19	10	180 288 343 589 678 754 765 1292 1320 1596 1680 1764 1790 2071 2511 2547 2559 3174 3247 3377 3436 3692 3709 3809 3846 4345 4357 4487 4660 4861 4902 4949
172	2	210	10	335 622 1130 1235 1311 1478 1480 1792 1880 2308 2327 2858 2900 3085 3171 3257 3300 3355 3392 3499 3563 3711 3747 3755 3915 4057 4273 4316 4536 4558 4752
182	9	170	10	330 466 551 1708 1744 1747 1755 1759 2009 2129 2347 2415 2708 2742 2750 2798 2921 2940 2951 2996 3183 3495 3735 3847 4015 4201 4231 4258 4346 4378 4699 4730
197	34	217	10	494 577 848 1053 1056 1214 1437 2115 2249 2261 2283 2528 2842 2910 3240 3509 3571 3658 3954 4123 4525 4557 4702 4776 4786 4800 4805
200	5	223	10	428 620 830 1222 1302 1439 1581 1636 1720 1721 2162 2429 2475 2808 2821 2847 3024 3157 3750 3785 3815 3827 3835 3939 4162 4282 4384 4408 4508 4532 4836 4990
244	33	281	10	75 83 171 188 319 464 486 654 973 1187 1496 1579 2028 2153 2212 2219 2469 2591 2974 2999 3049 3580 4066 4082 4157 4478 4632 4635 4665 4884 4938
257	16	257	10	38 133 306 387 398 816 827 923 966 1409 1456 1537 1597 1842 2030 2375 2792 2825 2867 3029 3077 3135 3189 3250 3733 3757 3787 4142 4253 4402 4854
265	21	168	10	99 411 616 823 845 1554 1623 2055 2442 2459 2597 2977 3222 3582 3615 3619 3641 3758 3837 4040 4108 4109 4208 4244 4307 4367 4371 4387 4570 4620 4820 4976 4997
272	26	258	10	336 388 813 1444 1546 1700 1722 1796 1961 1966 1967 2191 2585 2794 2917 2928 3051 3072 3112 3124 3133 3421 3541 4098 4156 4495 4539 4604 4638 4794
282	36	225	10	278 325 423 460 671 808 875 1034 1153 1270 1657 1931 2193 2201 2315 2352 2932 2948 3138 3179 3251 3636 3640 3907 3921 4037 4041 4056 4190 4236 4420 4459 4492 4749 4935
294	15	87	10	42 295 517 599 676 807 916 1140 1225 1259 1366 1373 1479 1557 1649 1782 2032 2082 2190 2432 3198 3297 3473 3540 3672 3673 3719 3765 3828 4032 4200 4230 4381 4643
308	7	37	10	79 81 169 237 321 341 586 815 1092 1134 1182 1760 1840 1875 2169 2266 2272 2555 2560 2617 2737 2779 3345 3570 4229 4701 4765 4855 4974 4985 4992
316	1	26	10	88 123 574 869 995 1067 1073 1619 1719 1879 1897 2248 2386 2398 2610 2719 2856 3074 3099 3107 3154 3181 3226 3326 3608 3693 3744 3997 4237 4248 4332 4341 4485 4627 4901
319	40	9	10	408 656 740 753 766 938 1078 1241 1387 1398 1976 1990 2001 2127 2176 2183 2194 2778 2820 2880 3259 3419 3532 3638 3770 3916 3932 3958 4240 4276 4399 4669 4753 4860
335	24	180	10	18 235 277 527 610 989 1189 1226 1536 1723 1781 1883 1934 2205 2623 2700 2713 2767 2874 3027 3197 3232 3280 3416 3491 3558 3806 3931 3984 4165 4429 4850 4909
344	28	245	10	432 572 886 1008 1076 1077 1290 1341 1411 1505 1598 2130 2310 2345 2348 2535 2763 2803 3221 3433 3439 3483 3761 3788 3812 3838 4119 4452 4489 4806
372	32	197	10	58 80 186 348 354 602 735 822 879 996 1412 1564 1731 2291 2539 2730 2827 2877 2970 3058 3151 3246 3572 3655 3870 3967 4013 4491 4698 4709 4907
377	13	151	12	20 28 189 259 268 352 391 638 837 847 1164 1333 1385 1409 1466 1765 2115 2146 2194 2414 2707 2769 3048 3246 3324 3403 3541 3754 3777 3819 3937 4350 4694 4729 4849
380	18	236	10	82 109 856 911 922 1043 1089 1091 1129 1145 1375 1511 1558 1677 1892 2074 2464 2684 2899 3394 3409 3688 3844 3845 3919 4054 4219 4242 4507 4688 4719 4865 4934
387	17	272	10	355 399 626 653 864 1001 1015 1122 1555 1630 1985 2068 2264 2428 2504 2640 2729 2981 3293 3477 3649 3720 3727 3753 3825 3930 3983 4286 4352 4448 4580 4832 4903 4964 4973
393	10	107	10	31 173 305 440 469 473 1253 1459 1506 1847 1888 2005 2163 2304 2419 2629 2682 2819 2833 3032 3075 3131 3207 3219 3314 3691 3923 4009 4480 4481 4741 4754 4878
410	38	31	10	19 154 225 342 389 524 613 634 664 705 946 1082 1194 1418 1547 1552 1603 1610 1951 2025 2252 2437 2561 2581 2637 2757 2864 2959 3527 3650 4027 4182 4625
422	31	39	10	57 172 184 695 851 903 1022 1221 1504 1527 1622 1661 2281 2288 2354 2377 2525 3035 3062 3097 3275 3362 3444 3533 3539 3593 4012 4283 4328 4343 4436 4813
424	4	183	10	37 40 1172 1333 1344 1638 1932 2011 2073 2364 2657 2774 2878 2924 2925 3033 3106 3316 3551 3653 3690 3728 3779 3784 3891 4099 4714 4879 4913
445	23	77	10	493 604 764 802 1038 1377 1832 1972 2131 2200 2452 2456 2548 2698 2715 2912 3071 3235 3797 3830 3862 4130 4326 4336 4414 4421 4422 4447 4449 4463 4483 4529 4892 4998
455	25	196	10	507 897 1075 1107 1141 1359 1397 1518 1567 1766 1805 1917 1918 2255 2399 2448 2467 2580 2644 2674 2728 2950 3279 3298 3781 3894 4129 4243 4263 4407 4864
485	11	34	10	11 32 52 247 322 338 372 429 791 799 1085 1956 2085 2333 2527 2733 2796 3005 3040 3178 3465 3530 3554 3813 4303 4888 4898 4958
505	19	173	10	15 149 356 991 1170 1196 1246 1484 1600 1815 1844 1881 2040 2220 2299 2466 2566 2590 2613 2879 3031 3223 3497 3501 3610 3676 3686 3794 3943 3956 4438 4482 4516 4841
514	6	269	10	115 189 210 366 470 475 625 748 1029 1039 1210 1431 1442 1500 1935 2177 2269 2431 3103 3270 3438 4068 4096 4207 4256 4527 4543 4767 4801 4825 4869 4975
556	29	255	10	86 254 270 316 490 1322 1586 1819 2057 2111 2185 2210 2271 2330 2393 2493 2501 2615 3111 3136 3400 3659 3944 3962 4048 4309 4608 4628 4652 4775 4920
596	27	42	10	153 516 531 606 682 883 1143 1188 1281 1300 1434 1863 1965 2239 2512 2646 2687 2934 3059 3152 3621 3679 3742 3763 3911 3936 4028 4353 4379 4380 4576 4784
14	12	104	10	251 255 385 421 575 598 1126 1160 1267 1343 1551 1582 1838 1928 2134 2569 2661 2725 3089 3134 3217 3274 3470 3480 3963 4053 4106 4760 4845 4965 4977
51	14	296	10	193 199 513 757 2052 2098 2108 2576 2621 2836 2955 3076 3262 3498 3671 3741 4285 4308 4494 4559 4651 4663 4740 4759 4950
54	35	78	10	112 212 220 583 890 914 1166 1205 1230 1257 1401 1461 1513 1625 1799 1900 2099 2300 2455 2531 2666 2749
61	37	260	10	638 646 760 806 1014 1186 1291 1368 1385 1399 1420 1502 1737 1761 1789 1877 2319 2575 2754 2787
68	39	184	10	213 450 628 718 749 767 956 1177 1301 1428 1475 1640 1774 1944 2631 2738 2793 2805
77	3	104	12	128 160 175 208 357 566 690 720 793 925 1584 1639 1834 1861 2244 2305 2324 2649 3147 3180 3302 3307 3451 3510 3982 4221 4334 4476 4637 4713 4993
116	30	6	12	157 418 501 741 803 860 935 1126 1404 1855 1893 1942 2136 2475 2766 2939 3141 3369 3656 3725 3792 3910 4053 4088 4116 4257 4265 4426 4509 4599 4678
120	22	128	12	333 401 407 574 928 978 1192 1558 1565 1717 1864 1866 2042 2043 2076 2310 2584 2754 2806 3068 3170 3205 3228 3296 3467 3570 3578 3620 3628 4019 4450 4491 4645 4928
140	20	133	12	186 297 866 1173 1191 1197 1245 1471 1521 1562 2044 2142 2149 2174 2258 2838 2846 3309 3420 3437 3470 3903 3928 4070 4302 4309 4376 4642 4683 4684 4930 4959
143	8	110	12	8 232 287 321 354 395 438 511 692 726 1029 1677 1821 1919 1963 1989 2039 2353 2448 2659 2874 2979 3354 3399 3651 4348 4442 4467 4821 4937 4979
155	2	296	12	148 409 665 786 906 1428 1542 1690 1737 2023 2401 2480 2608 2620 2867 2921 2931 3165 3195 3204 3453 3778 3869 3946 4110 4213 4301 4602 4666 4829 4868 4882
184	9	71	12	127 253 254 291 385 417 527 560 583 749 872 930 1073 1491 1657 1929 2670 2687 2835 2894 3384 3504 3529 3680 3724 3793 4227 4249 4262 4286 4626 4710 4792 4906
193	34	21	12	16 754 815 865 890 913 1355 1781 1847 2059 2331 2565 2730 2762 2770 2849 2947 2986 3089 3317 3379 3482 3677 3807 3836 3840 4218 4327 4397 4405 4585 4672 4718 4896
215	5	263	12	554 594 1070 1176 1378 1799 1803 1889 1983 1984 2046 2177 2214 2247 2268 2407 2752 2789 2937 3172 3292 3986 4255 4287 4393 4470 4537 4615 4822 4986
220	33	113	12	51 337 592 608 811 899 984 1444 1544 2178 2188 2339 2425 2450 2743 2810 2829 2941 3000 3150 3248 3259 3304 3386 3411 3423 3755 3782 4109 4146 4513 4565 4677 4769
233	16	257	12	213 292 351 467 521 799 955 1060 1071 1165 1186 1246 1712 1802 1817 2147 2677 2783 3004 3406 3425 3474 3535 3577 4141 4292 4317 4329 4337 4661 4674
245	21	165	12	372 399 484 516 821 917 937 969 1356 1435 1580 1838 1899 2053 2077 2321 2442 2543 2574 2779 2908 2956 2959 3278 3522 4000 4260 4266 4280 4449 4478 4667 4890 4933
246	26	132	12	246 344 474 619 734 753 772 943 1224 1324 1482 1585 1848 1913 2049 2158 2277 2393 2609 2667 2793 2975 3097 3098 3182 3311 3610 3695 3700 3714 3859 4567
248	36	60	12	276 541 564 834 840 1024 2066 2071 2239 2279 2345 2907 3139 3153 3280 3368 3661 3841 3854 3860 3924 4277 4312 4429 4488 4682 4730 4881 4900
273	15	148	12	360 400 512 762 839 1185 1194 1303 1489 1536 1691 1978 2165 2201 2264 2371 2520 2805 2896 2949 3094 3373 3518 3579 3609 3653 3799 4023 4388 4424 4711 4911 4929
310	7	25	12	41 535 668 881 976 998 1180 1322 1513 1761 1928 1939 1960 2094 2116 2296 2384 2408 2564 2570 3060 3064 3210 3343 3430 3639 3663 3826 4089 4113 4365
311	1	246	12	187 219 228 719 874 946 1037 1270 1337 1862 1916 2171 2312 2463 2590 2623 2640 2854 2964 3301 3553 4216 4251 4390 4418 4550 4562 4785 4824 4846 4938
315	40	13	12	4 12 86 89 378 505 525 613 685 1021 1122 1144 1305 1332 1347 1437 1460 1622 2024 2319 3249 3279 3385 3604 4178 4586 4739 4756
324	24	39	12	31 136 495 520 826 911 988 1099 1208 1275 1395 2225 2248 2342 2361 2727 3116 3129 3233 3299 3721 3733 3786 3901 3998 4016 4031 4210 4474 4495 4617
328	13	133	14	39 103 124 374 421 551 561 791 900 1142 1330 1545 1572 1627 1633 1668 2276 2277 2376 2689 2701 2758 2908 3000 3612 4031 4126 4229 4521 4598
333	28	123	12	32 220 239 240 596 781 956 957 1158 1397 1405 1461 1602 1632 1634 1669 1883 1909 2075 2106 2153 2856 3056 3069 3232 3739 4189 4440 4473 4554 4733 4738
345	32	185	12	33 72 118 349 383 854 1118 1448 1857 1867 1901 1917 2195 2252 2616 2622 2997 3080 3625 3703 3879 3958 4183 4233 4574 4596 4600 4788 4797 4803 4981
350	18	294	12	129 252 258 737 791 828 1505 1617 1757 1777 1970 2079 2125 2500 2706 2850 2898 2901 2934 2992 3160 3203 3264 3414 3971 4044 4181 4341 4534 4790 4895
353	17	183	12	112 113 377 434 568 967 1115 1133 1200 1392 1406 1557 1589 1860 1868 2040 2045 2285 2390 2790 2840 3115 3471 3832 4366 4394 4522 4649 4727 4728 4774 4847
368	10	169	12	171 314 330 425 733 774 915 1088 1171 1271 1954 1988 1993 2026 2122 2162 2253 2334 2387 2664 2691 2905 3156 3394 3502 3667 3868 3912 4305 4457 4512 4549 4835
369	38	297	12	37 55 69 549 1087 1151 1250 1463 1549 1603 1607 1610 1801 1845 2004 2061 2464 2522 2595 2669 2696 2844 3019 3512 3716 3751 3947 4012 4163 4199 4339
374	3	169	14	349 370 1218 1255 1271 1279 1340 1433 1458 1604 1812 1832 2104 2134 2188 2198 2215 2506 2566 2717 2960 3195 3550 3945 4123 4212 4225 4753 4909 4926
378	31	277	12	65 162 348 454 542 721 849 868 1127 1154 1201 1628 1807 1808 2097 2299 2418 2515 2568 2761 2869 3054 3306 3560 3906 4082 4087 4363 4469 4490 4690 4798 4874
379	4	144	12	206 473 544 773 845 1011 1047 1563 1578 1606 1641 1746 1787 1897 2073 2127 2559 2594 2646 3138 3347 3515 3640 3823 3839 4231 4250 4362 4389 4566 4622 4660
381	23	68	12	274 577 647 662 1295 1341 1386 1533 1662 1795 1881 2065 2187 2196 2509 2575 2714 2775 2839 2885 2946 3086 3328 3362 3630 3843 4134 4321 4422 4809 4861 4995
388	25	164	12	47 63 94 270 289 857 878 1058 1129 1238 1268 1306 1376 1441 1809 1982 2410 2453 3635 3666 3686 3698 3740 3850 4010 4040 4105 4378 4651 4749 4867
396	11	142	12	75 322 350 382 430 683 710 750 752 959 974 1447 1506 1541 1894 2219 2278 2581 2764 2811 3316 3674 3718 3862 4144 4689 4839 4916 4989
411	19	226	12	71 117 145 629 1220 1366 1419 1518 1537 1763 1888 1938 2085 2160 2246 2558 2732 2877 2968 3037 3266 3376 3392 3463 3481 3544 3681 3798 3866 4263 4364 4800 4894
412	6	114	12	70 316 578 650 1056 1187 1440 1575 1581 1830 1840 1951 1980 2389 2397 2415 2933 2945 3088 3159 3193 3289 3335 3434 3478 3546 3657 3756 3810 4152 4425 4494 4614
425	29	101	12	64 81 402 678 873 929 1045 1380 1393 1472 1492 1540 1915 2367 2459 2587 2603 2989 3083 3352 3520 3738 3812 3885 3893 3938 4381 4430 4503 4548 4640 4740 4817 4945
430	27	187	12	2 45 100 410 463 567 776 814 883 1109 1112 1227 1792 2451 2472 3001 3055 3163 3378 3514 3539 3547 3571 3573 3723 3808 4066 4589 4737
433	12	28	12	35 92 141 196 308 431 1168 1209 1451 1493 1522 1635 1646 1664 1739 1811 2354 2443 2563 2577 2604 2621 2987 3363 3393 3447 3683 3909 3989 4412 4462 4505 4712
449	14	160	12	78 90 277 281 311 489 802 970 1007 1104 1121 1142 1311 1900 1992 2081 2102 2126 2200 2259 2395 2679 2925 2966 3022 3371 3454 3720 4165 4294
464	35	239	12	95 102 155 648 1015 1313 1530 1545 1582 1604 1676 2015 2329 2648 2957 3078 3082 3106 3124 3294 3341 3349
475	37	196	12	167 180 293 374 497 587 666 790 901 1013 1063 1253 1384 1592 1829 2193 2486 2606 2792 2943
494	39	253	12	203 329 426 528 697 758 812 1205 1277 1321 1503 1775 1961 2064 2080 2098 2166 2503
499	30	121	14	207 385 510 540 659 686 992 1048 1297 1605 1891 2182 2288 2394 2912 3019 3153 3232 3705 3726 3899 3960 3980 4142 4241 4317 4492 4549 4671 4708 4832 4993
501	22	250	14	144 200 233 290 637 757 1017 1049 1221 1286 1578 1652 2034 2080 2299 2458 2488 2535 2757 3091 3279 3283 3302 3334 3702 3839 4132 4140 4568 4876 4982
530	20	177	14	7 30 119 246 289 372 499 790 953 1002 1320 1457 1466 1775 2129 2257 2416 2509 2632 2702 2752 2865 2953 3191 3382 3490 3701 4041 4180 4272 4351 4810 4930
536	8	271	14	177 593 1215 1293 1443 1678 1860 1969 2000 2355 2385 2417 2734 2891 3039 3101 3464 3975 4064 4079 4094 4224 4273 4313 4398 4434 4484 4561 4592 4627 4652 4670
553	2	150	14	41 512 724 763 816 1000 1009 1033 1036 1081 1477 1495 1611 1679 1772 1942 2327 3125 3258 3500 3508 3579 3666 3685 4050 4099 4353 4475 4542 4578
561	9	224	14	12 261 339 484 680 704 1254 1282 1594 1805 1866 1881 1980 1993 2177 2286 2287 2454 2718 2745 2880 3065 3217 3255 3412 3509 3942 3958 4204 4215 4262 4308 4318 4393 4891
568	34	74	14	266 393 438 462 514 628 878 893 1075 1396 1492 1841 1928 2010 2033 2295 2309 2341 2451 2624 2871 2906 2982 3169 3425 3603 3831 4071 4179 4300 4439 4840
583	5	64	14	19 362 416 465 517 786 901 902 934 1199 1303 1363 1674 2007 2205 2828 2958 3047 3216 3384 3426 3580 3658 3713 3725 3730 4331 4459 4554 4807 4889 4953
591	33	199	14	55 83 269 387 430 1122 1136 1193 1452 1769 1820 1972 2421 2514 2589 2854 3007 3025 3120 3239 3486 3762 3851 3990 4047 4136 4429 4522 4538 4575 4969
593	16	261	14	301 373 519 882 884 988 1108 1155 1203 1249 1827 1877 2017 2168 2326 2359 2778 2856 2938 2973 2992 3230 3282 3687 3693 3824 3846 4582 4620 4780 4907
2	21	7	14	66 138 191 242 394 564 581 587 657 661 828 1025 1242 1313 2025 2493 3122 3422 3456 3513 3694 3902 4127 4171 4311 4319 4404 4498 4576 4848 4870
7	26	178	14	317 498 595 614 671 1099 1391 1451 1464 1554 1882 2027 2063 2240 2270 2294 2405 2645 2657 2719 3006 3211 3231 3792 3842 4437 4490 4655 4676 4957
36	36	221	14	59 141 227 232 640 655 660 789 810 965 1123 1389 1456 1481 1552 2285 2393 2437 2560 2774 2795 2918 2976 3087 3552 3986 4267 4455 4519 4766 4798
58	15	84	14	202 306 600 663 866 928 1170 1178 1306 1589 1612 2588 2593 2596 2607 2664 2890 2894 2900 2996 3233 3303 3427 3533 3678 3782 3883 3923 4314 4419 4520
59	7	148	14	286 669 1137 1234 1280 1590 1684 1856 2103 2140 2521 2638 2648 2904 3479 3502 3518 3656 3663 3968 4068 4466 4640 4774 4825 4843 4968 4991
83	1	184	14	26 61 92 130 311 346 381 668 837 844 1595 1676 1677 1782 1950 2173 2289 2343 2406 2723 2842 3174 3210 3318 3398 3447 3810 4428 4597 4694 4939 4987
107	40	209	14	48 57 205 363 412 443 583 632 807 1516 1768 1878 1961 2006 2471 2569 2628 2804 3218 3291 3298 3648 3854 3886 4003 4067 4090 4174 4264 4457 4531
115	24	182	14	210 255 403 428 778 998 1592 1598 1851 1945 1967 2048 2196 2557 2608 2682 2720 2851 3036 3343 3363 3463 3485 3925 4076 4288 4355 4412 4506 4804 4841
119	28	112	14	340 580 596 775 880 890 894 1018 1024 1392 1415 1489 1582 1741 1791 2075 2681 2759 3487 3530 3683 3793 4109 4184 4271 4343 4590 4684 4692 4948 4977 4988
126	32	8	14	131 800 846 1102 1317 1388 1794 1853 1872 1922 2008 2234 2350 2433 2586 3300 3421 3457 3501 3818 4052 4077 4214 4468 4646 4717 4831 4833
147	18	279	14	114 825 836 1058 1162 1216 1511 1816 2046 2083 2207 2325 2348 2892 3053 3242 3393 3474 3614 3737 3969 4002 4045 4062 4075 4115 4242 4360 4643 4659
150	17	242	14	94 104 265 616 739 1031 1061 1072 1263 1659 1728 1833 1912 1949 2158 2298 2363 2726 2766 2822 2916 3199 3445 3647 3874 3984 4232 4524 4583 4599 4675
165	10	217	14	225 268 310 481 513 633 1045 1088 1246 1509 1854 1948 2113 2147 2334 2382 2480 2564 2832 3067 3466 3729 3781 3921 4058 4128 4134 4293 4339 4657
177	38	27	14	142 522 618 639 834 845 950 1348 1530 1617 1634 1663 1689 1935 2228 2507 2853 3020 3158 3277 3507 3512 3561 3571 3581 4170 4190 4420 4704 4852 4885 4896
203	31	266	14	2 14 49 435 468 507 835 1185 1383 1465 1747 1759 1842 1844 1886 1977 2062 2071 2444 2445 2903 2988 3127 3531 3798 3924 4144 4589 4633 4680
212	4	260	14	56 404 515 562 783 968 1103 1239 1722 1838 1903 2095 2148 2487 2678 2728 2820 2830 3048 3251 3429 3643 3722 3753 3760 4098 4244 4425 4452 4551 4658 4903 4924
218	23	6	14	154 190 380 384 489 557 558 891 927 1146 1623 1787 2069 2243 2484 2659 2863 2888 3001 3004 3030 3094 3097 3129 3175 3461 3559 3747 3749 3876 4176 4974
224	25	188	14	15 58 99 182 508 824 847 871 1094 1124 1196 1252 1556 1584 1720 1811 2122 2250 2349 2465 2501 2671 2716 3112 3362 3440 3592 3642 3997 4195 4963
238	11	100	14	70 408 665 830 887 1023 1046 1637 1723 1807 1836 2112 2602 2836 2901 3042 3184 3505 3594 3662 3931 3989 4222 4246 4332 4540 4645 4720 4851 4886
251	19	286	14	206 543 572 576 609 1005 1121 1130 1426 1515 1540 1575 1620 1902 2184 2187 2223 2347 2533 2767 3081 3139 3240 3565 3622 3654 3680 3808 4048 4269 4500
301	6	15	14	143 161 170 300 308 467 571 1424 1470 1707 1710 1718 2056 2378 2852 2893 2895 2905 3296 3306 3473 3794 3852 3868 3957 4066 4280 4387 4483 4715 4729 4732 4742
356	29	163	14	356 426 536 677 854 877 954 959 1111 1152 1174 1256 1315 1372 1406 1560 1593 1780 1810 1876 1894 2054 2189 2731 2755 3551 3611 3727 3788 3917 4849 4962
373	27	155	14	173 322 727 746 907 1240 1404 1508 1651 1998 2155 2259 2576 2956 3395 3481 3627 3748 4013 4167 4187 4423 4563 4591 4730 4783 4869 4894 4905 4980
390	12	103	14	110 271 521 784 788 859 865 1156 1176 1304 1358 1368 1386 1597 1776 2396 2456 2540 2693 2698 2898 3182 3189 3327 3352 3758 3978 3985 4015 4523 4814 4867
407	14	287	14	457 506 799 814 963 1065 1310 1359 1771 2088 2162 2412 3082 3488 3651 3733 3745 3815 3841 3951 3988 4011 4135 4188 4260 4365 4413 4414 4432 4451
438	35	52	14	76 88 175 264 402 414 422 961 1106 1191 1333 1521 1532 2397 2739 2873 3072 3126 3130 3273 3428 3593
442	37	204	14	283 492 553 664 672 690 797 905 1098 1259 1574 1717 1834 1849 1953 2118 2306 2498 2748 2913
463	39	120	14	223 279 298 996 1078 1335 1488 1621 1691 1725 1801 2688 2692 2786 3061 3088 3276 3555
481	13	211	16	79 278 538 573 671 744 1003 1100 1436 1501 1647 1737 2161 2307 2557 2772 2861 3213 3234 3242 3243 3274 3317 3353 3596 3697 3843 3882 3962 4292 4485 4536
486	3	29	16	192 210 364 447 459 690 729 820 1001 1064 1450 1787 2041 2213 2423 2508 2812 3028 3264 3295 3607 3819 4045 4151 4207 4433 4514 4672 4702 4726 4891 4992
509	30	227	16	87 91 147 363 842 1042 1349 1427 1788 1911 2279 2525 2653 2809 2894 2995 3000 3206 3332 3544 3614 3996 3998 4051 4061 4543 4831 4835
524	22	53	16	276 735 934 1164 1219 1261 1318 1518 1738 1751 1756 2099 2173 2179 2645 2714 2794 2942 3011 3193 3404 3664 3681 3737 3865 4027 4205 4700 4786 5000
532	20	173	16	8 213 614 732 758 798 920 988 1146 1147 1909 2010 2184 2186 2378 3010 3046 3070 3216 3330 3357 3618 3688 4007 4114 4319 4531 4563 4604
538	8	114	16	678 803 837 1193 1243 1339 1361 1469 1643 1646 1952 1997 2131 2502 2672 2974 3132 3161 3232 3298 3538 3591 3980 4149 4189 4311 4580 4681 4757 4813 4911
540	2	243	16	509 563 910 921 1418 1443 1614 1691 1765 2180 2334 2362 2488 2563 2634 2758 2824 3002 3037 3062 3110 3168 3244 4196 4383 4452 4477 4526 4958
550	9	138	16	100 251 570 627 645 702 748 775 992 1015 1179 1227 1369 1384 1897 1945 1964 2061 2118 2224 2584 2611 2633 2945 3003 3025 3041 3069 3750 4274 4291 4332
555	34	69	16	38 95 224 257 432 545 686 1225 1275 1513 1686 1693 1705 2032 2197 2682 2701 2948 3063 3446 3485 3590 3773 3781 3944 4049 4175 4797 4862 4885
559	5	166	16	152 310 379 390 654 780 1286 1297 1329 1385 1692 1837 1894 1955 2391 2600 2648 2658 2860 3260 3261 3871 4125 4133 4233 4391 4461 4525 4817 4933
573	33	3	16	373 420 484 725 755 1017 1057 1067 1071 1724 1785 1904 2056 2218 2574 2751 2765 2866 2909 3024 3248 3348 3795 3850 4165 4246 4692 4755
575	16	131	16	101 125 254 871 1342 1347 1376 1559 1688 1735 1804 1933 2124 2219 2460 2518 2531 2628 2851 3095 3307 3428 3505 3506 3724 3731 3751 4004 4128 4161 4497 4636
581	21	92	16	166 249 400 604 782 821 1162 1262 1406 1868 1962 2004 2139 2267 2515 2688 2789 2977 3027 3067 3170 3489 3494 3801 3925 3947 4074 4401 4687 4946
588	13	3	18	569 779 1228 1271 1372 1415 1459 1648 1827 1841 1843 1956 2146 2168 2211 2261 2464 2622 2864 2934 2949 2978 3002 3087 3374 3531 3606 3700 3814 4110 4613 4905
3	26	270	16	663 770 1029 1172 1341 1727 1883 1886 2314 2663 3093 3118 3128 3254 3268 3356 3399 3468 3516 3567 3728 3884 4036 4338 4395 4415 4460 4530 4762 4806 4978
15	36	276	16	179 324 567 706 1311 1358 1388 1403 1666 1697 2003 2047 2138 2301 2392 2463 2937 2993 3039 3311 3564 3897 3952 4037 4235 4394 4721 4738
33	15	65	16	312 319 444 559 572 750 892 923 982 1025 1579 1714 2116 2250 2311 2969 3439 3460 3658 3665 3783 3961 3964 3997 4105 4171 4267 4339 4457 4772 4773
49	7	267	16	5 308 476 515 546 617 957 1026 1117 1217 1228 1276 1447 1522 1610 1949 1987 2074 2242 2339 2430 2444 2573 3090 3600 4122 4434 4724 4784 4990
55	1	32	16	128 230 428 605 624 924 973 1210 1553 1557 1798 1852 1979 2098 2256 2412 2615 3071 3469 3534 3594 4231 4247 4566 4577 4601 4679 4761 4780 4871 4910 4922
149	40	80	16	127 300 368 506 817 891 1144 1352 1435 1496 1498 1801 1857 2008 2066 2145 2612 2741 2872 2972 3032 3361 3529 4055 4132 4357 4363 4612 4802
174	24	282	16	112 186 191 333 395 581 760 943 1081 1267 1668 1754 2542 3105 3205 3290 3299 3314 3327 3355 3641 3659 3978 3988 4250 4342 4481 4740 4795 4800 4886
181	28	120	16	36 345 416 707 1097 1475 1882 2254 2473 2489 2826 3196 3325 3456 3631 3915 4005 4164 4320 4329 4377 4510 4647 4670 4779 4899 4924 4932
213	32	95	16	268 421 609 674 1202 1371 1480 1729 1848 1879 2064 2112 2178 2237 2262 2292 2711 2785 2796 2846 2971 3134 3224 3323 3362 3565 3668 3764 3845 4278
234	18	43	16	83 295 445 472 588 1128 1189 1289 1298 1317 1374 1664 2432 2516 2523 2556 2646 2769 2818 3115 3236 4030 4034 4166 4236 4241 4248 4447 4539 4630 4870
247	17	36	16	221 274 393 468 606 800 1084 1131 1156 1251 1364 1874 1927 2190 2346 2674 2680 3400 3462 3493 3705 3759 4119 4424 4449 4528 4641 4778 4819 4887
250	10	1	16	956 1050 1178 1208 1216 1268 1483 1544 2012 2148 2323 2326 2461 3030 3084 3111 3227 3407 3418 3540 3734 3951 4057 4257 4335 4382 4458 4592 4610 4850 4916
253	38	62	16	124 132 190 256 302 360 696 863 1041 1300 1333 1464 1846 2092 2137 2272 2333 2361 2550 2832 2951 2990 3219 3780 4010 4124 4295 4392 4509 4694 4708 4764 4984
269	31	135	16	129 352 490 531 740 960 1386 1393 1609 2133 2306 2426 2730 3038 3255 3292 3427 3435 3531 3784 3921 4121 4571 4644 4656 4840 4854 4926
271	4	205	16	535 683 894 909 1074 1214 1515 1648 2020 2151 2343 2439 2522 2748 2822 2979 3145 3203 3372 3443 3492 3885 4111 4200 4594 4744 4929 4941 4962
280	23	167	16	145 180 275 331 488 505 667 682 1102 1383 1414 2236 2483 2546 2689 2929 3277 3375 3426 3503 3833 3902 4475 4489 4803
299	3	43	18	106 626 641 642 710 826 1016 1095 1116 1338 2130 2140 2238 2300 2399 2463 2767 3173 3349 3359 3402 3790 3890 3964 4361 4384 4518 4734 4876
300	25	13	16	44 653 713 994 1014 1203 1307 1373 1487 1616 1645 2172 2192 2532 2834 2963 3391 3575 3770 3859 4016 4024 4039 4154 4296 4436 4515 4705 4789
306	11	60	16	222 423 494 612 712 804 887 919 955 1319 1526 1652 1817 1905 1999 2073 2263 2580 2777 2932 2962 2999 3328 3354 3423 3584 3602 4120 4386 4961 4979
322	19	204	16	215 382 461 465 542 561 802 951 1112 1132 1135 1429 1669 1776 1951 1959 2110 2166 2216 2704 2828 3425 3474 3559 3583 3654 3749 4060 4499 4540 4949
334	6	275	16	4 229 615 631 942 1391 1702 1800 1994 2059 2340 2805 3114 3122 3172 3452 3547 3611 3638 3721 3825 3892 3938 4138 4212 4276 4300 4465 4468 4490 4541 4777
363	29	214	16	508 590 651 792 925 976 1245 1818 1935 2021 2232 2287 2359 2490 2585 2709 2743 2896 2938 2992 3154 3388 3430 3849 3869 3870 3955 4023 4251 4493 4701
383	27	156	16	159 185 243 366 862 905 1009 1151 1308 2096 2119 2724 3029 3166 3397 3592 3620 3642 4044 4678 4736 4828 4908 4919 4959 4960
400	12	126	16	42 162 396 409 458 940 1222 1295 1398 1428 1548 1623 2011 2258 2396 2579 2870 3135 3880 3905 3956 4169 4366 4600 4748 4781 4818 4863 4872 4981
413	14	193	16	6 80 246 260 334 776 981 1249 1344 1471 1561 1696 2189 2245 3053 3146 3312 3326 3472 3542 3722 3733 3823 3973 3985 4006 4374 4581 4606 4643
421	35	127	16	637 1092 1235 1425 1484 1571 1615 1636 1665 1862 1898 2240 2336 2478 2526 2553 2621 2782 2876 2895 3006 3233
435	37	292	16	13 68 103 117 120 357 625 719 785 1177 1290 1299 1555 1626 1770 2084 2618 3080 3250 3438
437	39	262	16	235 681 714 964 1110 1133 1492 1514 1938 1985 2017 2087 2462 2513 2517 2683 2706 2773
439	30	102	18	10 397 778 948 1000 1066 1248 1444 1477 1479 1661 1869 1947 2055 2302 2570 2631 2765 3017 3178 3213 3320 3538 3732 3734 3766 3934 4455 4486 4494
441	22	252	18	361 420 922 1174 1400 1450 1490 1493 1540 1786 2062 2110 2235 2447 2614 2697 2715 2726 2756 2794 2812 2999 3107 3200 3436 3875 4223 4249 4471 4582 4683
444	20	1	18	11 245 661 718 795 1090 1147 1188 1355 1368 1528 2072 2216 2325 2379 2431 2578 3064 3142 3150 3183 3441 3527 3592 3822 4157 4169 4480 4939
478	8	174	18	241 265 293 297 414 715 927 1370 1683 1749 1824 2003 2536 2543 2619 2759 3368 3870 4100 4113 4428 4470 4504 4547 4608 4742 4824 4849 4858
489	2	285	18	44 284 285 1474 1803 1900 1992 2075 2076 2262 2307 2480 2489 2786 2829 2892 2944 3253 3479 3750 3772 3940 4008 4164 4176 4222 4286 4578 4887 4935 4977
503	9	38	18	60 532 616 712 976 994 1276 1353 1465 1468 1651 1828 1920 1965 2033 2090 2163 2172 2346 2434 2806 2997 3079 3099 3469 3496 3929 4561 4917
504	34	156	18	19 155 207 283 295 413 435 680 1625 1726 1772 2023 2067 2374 2413 2439 2476 2735 2776 3212 3241 3294 3442 3778 3832 3892 3938 3969 4389 4633 4883
34	5	170	18	64 192 614 674 1192 1549 1583 2019 2022 2077 2151 2425 2626 2846 2980 3020 3208 3267 3332 3427 3476 3526 3899 4014 4259 4584 4791
39	33	235	18	9 71 116 135 227 379 726 986 1829 1831 2367 2486 3140 3144 3246 3328 3928 4279 4295 4395 4464 4542 4588 4614 4629 4652 4704 4925
50	16	91	18	168 292 482 502 556 823 876 888 1054 1394 1487 1488 1695 1735 2052 2100 2141 2160 2178 2200 2202 2283 2642 2718 2914 2958 3515 4514 4702
60	21	259	18	250 523 637 763 783 1096 1133 1397 1443 1673 1820 1856 2220 2338 2406 2537 2714 2790 2909 3260 3511 3633 3652 3894 4020 4046 4303 4543 4752 4773
88	26	83	18	273 424 457 510 676 694 716 755 812 1045 1149 1254 1258 1889 2237 2582 2612 2931 3062 3499 3664 3754 4083 4273 4404 4519 4747 4857
92	36	201	18	76 104 643 1112 1148 1308 1430 1505 1770 1832 1872 1912 2099 2508 2554 2641 2888 2962 3117 3185 3323 4403 4723 4779 4792 4842 4844 4944
96	15	249	18	143 588 689 810 898 1114 1523 2344 2349 2403 2500 2692 2782 2795 2825 3155 3284 3411 3462 3647 3666 3909 4009 4067 4211 4634 4645 4776 4981
97	7	177	18	576 698 806 861 889 1007 1633 1645 1793 1945 2048 2258 2495 2502 2623 2705 2808 2876 3197 3226 3779 3873 4021 4121 4724 4762 4811
101	1	50	18	72 88 194 206 358 675 980 1207 1983 1998 2330 2673 2698 3225 3807 3919 3968 3981 4239 4285 4330 4353 4372 4467 4552 4838 4934
109	40	271	18	79 342 971 1335 1336 1361 1411 1689 2159 2541 2601 2804 2881 3010 3081 3384 3486 3615 3646 3841 4205 4434 4472 4517 4834
114	24	95	18	132 585 701 881 962 1532 1876 2107 2181 2229 2236 2650 2670 2797 2922 3051 3167 3409 3537 3706 3849 3949 3954 4076 4146 4166 4554 4640 4804 4826 4839
128	28	45	18	7 33 496 731 895 930 1284 1366 1413 1429 1482 1553 1731 1927 2021 2518 2608 2791 2828 3642 3960 4064 4139 4181 4533 4569 4741 4761 4864 4995
129	32	136	18	94 173 203 248 365 437 464 1027 1031 1048 1059 1086 1312 2133 2274 2323 2906 3546 3621 3926 3994 4049 4193 4210 4488 4523 4567 4836
139	18	283	18	481 524 537 658 673 780 794 1331 1427 1461 1671 1738 2106 2231 2375 2824 3315 3440 3544 3740 4078 4082 4125 4137 4281 4573 4586 4732
144	17	299	18	14 186 226 436 768 1079 1526 1789 2004 2125 2357 2424 2506 2595 2607 2615 2616 2703 3011 3083 3085 3985 4399 4705
145	10	24	18	253 929 947 1345 1512 1694 1763 1903 1941 1972 2320 2381 2509 2542 2606 2928 2964 3508 3536 3922 4037 4275 4321 4333 4365 4873 4953
164	38	242	18	745 960 1019 1036 1089 1384 1446 1510 1653 2206 2298 2352 2436 2514 2640 2748 2932 2973 3572 3581 3626 3815 3920 4156 4422 4509 4612 4814
166	31	111	18	979 1289 1599 1619 1826 2053 2135 2291 2478 2491 2548 2847 2915 3233 3235 3318 3449 3601 3674 3761 3811 3959 3974 4058 4203 4426 4675 4832
225	4	298	18	123 209 479 603 941 1266 1414 1525 1613 1781 1823 1917 2301 2347 2417 2549 2717 2778 2933 3060 3119 3510 3665 3840 4135 4214 4663 4677 4915
229	23	63	18	32 77 167 224 555 609 624 813 854 1117 1316 1321 1753 1825 2123 2279 2314 2753 2762 2771 2788 2880 3077 3148 3448 3610 4576 4598 4954
236	25	207	18	35 165 536 619 709 884 902 1055 1083 1094 1304 1410 1483 1606 2080 2117 2245 2404 2722 2807 2845 2951 3352 3365 3563 4177 4654 4767
239	11	88	18	91 176 230 281 546 662 700 762 951 1104 1273 1351 1440 1739 2040 2132 2428 2929 3052 3054 3108 3118 3179 3459 3568 3637 3943 3966 4301 4759
252	13	50	20	116 351 543 579 788 795 819 908 1141 1236 1274 1334 1595 1725 1833 2011 2021 2023 2540 2612 2843 3236 3400 4160 4187 4559 4575 4779 4829
292	19	213	18	352 582 598 711 856 865 918 1044 1268 1453 1623 1936 2086 2337 2528 2676 2911 3396 3454 3478 3902 4320 4410 4890 4921 4957
304	6	59	18	62 97 204 305 501 843 933 1024 1323 1364 1431 1784 1821 2039 2175 2297 2386 2525 2684 2749 2777 2822 2952 3202 3221 3324 4000 4743 4867 4972 4996
323	29	46	18	208 348 460 574 670 867 1028 1131 1290 1314 1519 1559 1677 1707 1788 1867 2851 3128 3149 3237 3304 3424 3513 3542 3619 3651 3767 3878 3884 4198 4341 4631
337	27	222	18	307 314 461 493 691 696 1169 1891 1961 2063 2144 2162 2217 2520 2654 3272 3551 3681 3694 3903 3917 4079 4102 4163 4291 4297 4466 4497 4570 4625
341	12	85	18	56 480 562 893 917 977 1115 1165 1291 1407 1501 1520 1576 2029 2524 2719 2785 2917 3171 3523 3586 3818 3837 3957 4038 4245 4318 4377 4439 4720
342	14	23	18	85 236 260 912 1209 1303 1358 1470 1977 2597 2696 2712 2923 3026 3131 3192 3405 3438 3445 3575 3609 3745 3897 4195 4252 4351 4581
348	35	26	18	26 50 80 791 835 1049 1426 1447 1458 1506 1809 2180 2249 2552 2736 2841 2844 2936 3089 3214 3556 3836
367	37	231	18	23 183 411 730 1003 1110 1123 1212 1215 1579 1612 1868 2184 2532 2586 2998 3024 3059 3358 3401
391	39	165	18	48 318 402 438 608 749 846 928 1239 1310 1342 1507 2321 2342 2348 2708 2853 2919
432	3	186	20	433 518 557 818 906 1025 1159 1284 1315 1339 1494 1680 1778 1850 1994 2031 2229 2824 2865 3039 3155 3626 3662 3702 3774 4083 4251 4442 4546 4557 4632 4900
457	30	230	20	257 326 331 371 492 909 987 1012 1093 1163 1226 1521 2076 2215 2303 2383 2609 2660 3066 3506 3512 3519 3574 3737 4118 4290 4376 4646 4780 4972
469	22	268	20	98 440 444 534 552 983 1007 1542 1790 2222 2246 2418 2459 2480 2668 2741 2775 2976 2983 3044 3072 3180 3191 3789 3806 3829 4375 4456 4891
479	20	34	20	153 155 232 300 316 676 1185 1535 1547 1636 1754 1893 1982 2080 2231 2487 2535 2641 2729 2827 2987 3748 3786 4595 4785 4820 4926
496	8	247	20	6 195 224 329 432 882 1078 1089 1153 1234 1372 1452 1814 2119 2262 2454 2724 2948 3337 3489 3848 3858 3892 3895 4441 4450 4481 4519 4765 4827
508	2	205	20	198 328 706 939 1100 1280 1292 1328 1424 1687 1736 1965 2016 2046 2092 2364 2370 2573 2756 2903 2945 3003 3060 3090 3412 4046 4052 4523 4688 4826
525	9	147	20	41 119 471 569 764 895 1352 1583 1734 2037 2051 2531 2828 2853 3022 3119 3360 3377 3527 3834 3936 3961 4114 4225 4275 4427 4719 4733
526	34	160	20	421 442 501 508 564 666 1324 1325 1708 1865 1888 1921 2137 2438 2567 2727 3108 3143 3194 3545 3606 3846 4133 4511 4699 4963
551	5	171	20	140 276 386 447 741 842 1125 1239 1463 1711 1773 1819 2082 2217 2238 2433 2516 2749 3127 3346 3601 4010 4068 4151 4264 4410 4830 4951
569	33	31	20	407 455 669 782 832 865 901 997 1064 1338 1543 1981 2169 2305 2500 2695 3461 3573 3726 3776 4180 4541 4588 4803 4843 4897
24	16	299	20	82 229 529 698 967 1608 1609 1707 1741 1912 2104 2117 2233 2398 2485 2615 2821 3225 3248 3456 3914 3915 4193 4295 4338 4408 4501 4526 4967
45	21	113	20	99 122 236 266 358 511 843 958 1273 1500 1631 1675 1991 1995 2315 2959 3045 3156 3477 3549 3738 3854 3947 4014 4073 4276 4284 4544 4833 4997
71	26	98	20	65 76 152 334 500 503 546 670 932 1190 1227 1603 1649 1730 1898 2147 2258 2265 2885 2920 2966 3202 3706 4016 4148 4175 4564 4731 4772 4812 4867
73	36	96	20	382 479 568 757 851 1013 1155 1285 1584 1689 2132 2149 2435 2721 2838 3122 3269 3299 3556 3576 3736 3913 3954 4455 4521 4631 4698 4789 4791 4850
78	15	232	20	55 214 290 917 921 941 1200 1379 1404 1517 1682 2010 2068 2171 2286 2376 2477 2526 2975 3453 3577 3775 3860 4049 4153 4333 4370 4482 4797 4865 4937
125	7	99	20	134 349 581 721 861 867 1438 1643 1719 1740 1806 1946 2221 2260 2705 2769 2801 2890 2988 3109 3280 3448 4059 4498 4507 4610 4836
148	1	163	20	151 336 694 720 736 993 1058 1139 1525 1564 1647 1873 1902 2071 2583 2771 2776 2958 3431 3640 3916 4217 4347 4634 4727 4801 4863 4927
158	40	233	20	412 653 701 798 845 1000 1036 1048 1107 1423 1562 1906 1939 2228 2345 2395 2400 2401 2458 2572 2986 3329 4003 4040 4188 4373 4433 4607 4781
186	24	68	20	71 427 463 551 586 1162 1316 1488 1745 1882 2173 2538 2635 3024 3096 3281 3615 3658 3672 3683 4474 4606 4612 4661 4782 4788 4885 4985
192	28	216	20	111 127 142 312 414 589 747 1014 1253 1410 1412 1911 2247 2659 2841 2870 3088 3153 3352 3408 3486 3535 3582 4065 4080 4149 4485 4824 4987
201	32	259	20	48 350 369 398 472 854 985 1046 1169 1187 1252 1973 2007 2407 2496 2814 2882 2898 3319 3321 3458 3471 3558 3656 3844 4197 4660 4994
207	18	280	20	45 67 281 396 1109 1386 1580 1956 1976 2088 2296 2369 2836 2839 2855 2893 2974 3105 3224 3372 3467 3621 3670 3764 4115 4128 4696 4922
208	17	218	20	164 262 452 621 1027 1040 1115 1283 1489 1718 1930 1963 2141 2335 2373 2473 2594 2631 2684 2699 2863 3220 3590 3866 4029 4102 4207 4562 4641 4930
214	10	126	20	485 646 673 874 1009 1041 1209 1771 1901 1910 2002 2106 2109 2269 2397 2646 2651 2750 3157 3315 3325 3342 3366 3586 3638 3766 4361 4822
219	38	35	20	158 457 808 835 896 957 1294 1670 1683 1937 2266 2280 2422 2426 2559 2591 2830 3457 3568 3618 3999 4156 4401 4453 4657 4768
275	31	79	20	174 185 509 547 1030 1120 1480 1534 1674 1717 1913 1940 2358 2360 2605 2798 2813 3063 3482 3491 3588 3661 3946 4281 4300 4330 4598 4893
284	4	129	20	5 18 199 332 548 827 1154 1264 1288 1732 1812 1959 2090 2587 2781 3000 3150 3207 3821 3950 4194 4336 4345 4506 4574 4593 4925
290	23	20	20	263 285 347 544 750 765 1032 1171 1419 1729 1886 1914 1957 1968 1984 2128 2241 2245 2489 2590 2596 2656 3160 3560 3630 3729 4060 4095 4645
298	13	280	22	196 461 565 649 790 1014 1072 1110 1793 1919 1952 1966 2030 2223 2295 2443 2742 2920 3405 3462 3690 3771 3871 4247 4548 4567 4595 4966
309	25	107	20	139 362 629 759 774 821 852 1057 1212 1219 1481 1667 2013 2194 2275 2278 2380 2755 2854 3043 3068 3152 3645 3756 3931 3976 4252 4502 4624
318	11	121	20	250 339 453 539 754 969 1004 1279 1367 1536 1702 1829 1892 2062 2097 2191 2589 2663 2858 3222 3292 3380 3403 3911 4348 4360 4518 4622 4744 4947
331	19	102	20	31 222 294 430 497 907 915 979 1008 1091 1152 1364 1747 1846 1899 1905 1923 2170 2553 2762 2980 3019 3259 3855 3993 4283 4352 4425 4615 4753 4952
349	6	199	20	145 570 712 787 834 864 879 1312 1393 1727 1844 2024 2089 2208 2406 2442 2585 3140 3707 4096 4147 4171 4319 4446 4906 4983
352	3	268	22	217 225 386 435 596 817 850 977 1533 1541 1836 2189 2195 2677 2793 2858 2904 2985 3119 3256 3257 3545 3784 3807 4035 4352 4553 4873 4991
361	29	284	20	43 296 714 727 858 1305 1326 1441 1515 1764 1767 2293 2517 2652 2678 2829 2952 3026 3111 3473 3517 3919 4208 4380 4769 4790 4842 4980 4999
364	27	255	20	115 620 693 785 926 944 966 977 1157 1255 1317 1475 1588 1628 2388 2763 2780 3145 3275 3288 3293 3420 3591 3778 4101 4679 4721
366	12	181	20	133 233 269 438 532 598 739 841 848 1113 1181 1686 2036 2079 2120 2270 2320 2357 2505 2542 2791 2883 2887 2981 3252 3521 4198 4630 4691
384	14	73	20	61 192 716 930 1111 1394 1455 1803 1815 1928 1990 2101 2207 2417 2872 2950 3082 3086 3227 3544 3646 3843 3856 3973 4037 4282 4340 4524 4529
398	35	135	20	226 423 482 591 643 766 1243 1248 2054 2067 2310 2415 3258 3410 3653 3772 3853 3901 4042 4192 4272 4487
401	37	272	20	85 346 630 640 836 869 954 1121 1211 1371 1681 1859 2411 2434 2549 2579 2811 2982 3291 3548
409	39	38	20	137 138 309 729 904 964 1031 1082 1313 1414 1613 1650 1706 1953 2328 2366 2420 2497
417	30	145	22	377 522 593 1098 1342 1598 1679 1721 1747 1950 2338 2501 2751 2815 2994 3049 3250 3707 3845 4155 4299 4310 4329 4340 4375 4379 4593 4693 4798 4799
431	22	84	22	280 326 501 540 776 893 993 1033 1279 1297 1370 1762 2138 2314 2343 2472 2734 2967 3252 3292 3322 3896 3951 3992 4007 4063
434	20	108	22	57 132 318 518 908 1039 1074 1132 1189 1227 1232 1350 1365 1847 2132 2174 2438 2573 2866 3165 3331 3429 3483 3526 3547 3814 3943 4008 4367 4769
440	8	189	22	135 231 376 380 717 1220 1468 1563 1874 2010 2370 2683 3102 3181 3566 3850 3958 4038 4239 4556 4686 4696 4744 4776 4838 4960 4984
465	2	115	22	446 548 890 1055 1454 1504 1682 1743 1824 2065 2477 2546 2816 2996 3045 3132 3147 3223 3228 3535 3613 3622 3645 3704 3867 4021 4074 4383 4963
470	9	285	22	251 330 355 474 559 815 816 898 984 1319 1410 1593 1652 1791 1929 2151 2337 2427 2547 3406 3947 4140 4322 4409 4462 4884
471	34	293	22	684 1019 1131 1199 1265 1274 1573 1621 1989 2009 2115 2212 2399 2566 2593 2872 2933 3022 3404 3650 3722 3755 3973 4069 4094 4114 4283 4735
484	5	67	22	91 249 343 1375 1383 1904 2000 2206 2598 2725 2873 3021 3034 3088 3192 3275 3375 3750 3794 4199 4315 4369 4393 4441 4483 4488 4511 4555 4665 4673
529	33	282	22	252 648 900 1081 1294 1353 1363 1403 1667 2097 2185 2397 2471 2491 2507 2779 2919 3229 3379 3387 3419 3486 3502 3786 3828 4064 4220 4560
533	16	228	22	93 701 803 911 967 995 1023 1080 1264 1390 1474 1500 1729 2027 2120 2360 2361 2515 2623 2711 2739 2935 3005 3125 3164 3525 3682 3827 4043 4245
534	21	89	22	52 168 260 265 314 336 420 422 974 1002 1205 1231 1330 1369 1580 1586 1700 1810 1883 2035 2238 2545 3107 3220 3829 3930 4019 4274 4470 4895
537	26	40	22	49 74 382 405 520 563 613 700 711 1103 1432 1736 1864 2231 2639 2714 3186 3206 3344 3365 3388 3496 3894 3991 4126 4510 4747 4900
544	36	143	22	77 383 451 526 530 532 1091 1143 1564 1577 1597 1742 1745 1927 1936 2016 2025 2575 2669 2928 3716 4157 4430 4578 4604 4706 4724 4871
549	15	227	22	54 316 342 374 571 617 1405 1611 1734 1819 2140 2493 2494 2777 2809 2817 2848 2895 3629 3914 4113 4209 4407 4408 4554 4637 4643 4694 4818 4993
564	7	222	22	7 92 304 663 732 1190 2297 2367 2482 2839 2890 2959 3016 3154 3180 3204 3353 3475 3490 3608 3616 3643 3679 3893 4618 4898 4950
570	1	206	22	208 241 351 404 843 1343 1399 1497 1571 1578 1716 1978 2166 2318 2762 2820 2927 2961 3190 3195 3231 3397 3516 3619 3708 3737 3924 3944 4046 4454 4712
587	40	254	22	3 313 527 942 1009 1013 1135 1157 1396 1822 1903 1926 1943 2094 2116 2272 2418 2741 2886 3163 3238 3265 3368 3634 3795 3860 4041 4853
595	24	97	22	23 108 347 594 598 628 826 972 1113 1127 1186 1750 2002 2044 2184 2432 2444 2536 3014 3020 3084 3314 3402 3432 3826 3965 4337 4771
5	28	152	22	228 369 523 525 584 903 1077 1332 1601 1603 1692 1906 2290 2591 2616 2702 3142 3193 3286 3295 3346 3366 3501 3515 4095 4230 4250 4917
8	32	27	22	67 233 591 912 1005 1140 1263 1276 1503 1795 1879 1970 2425 2764 2914 3734 3848 3928 4033 4130 4202 4411 4859
25	18	223	22	204 297 345 494 1062 1374 1417 2029 2203 2264 2316 2374 2448 2483 2610 2671 3148 3382 3400 3554 3668 3863 3926 4028 4384 4457 4722 4725 4961
79	13	152	24	224 979 1010 1012 1359 1490 1596 1622 1668 1678 1757 1816 1953 2016 2047 2103 2108 2321 2451 2814 3381 3568 3584 3700 4127 4231 4374 4741 4986
86	17	176	22	14 161 244 787 868 1289 1331 1395 1425 1456 1524 1587 1642 2117 2470 3076 3699 3721 3879 4024 4034 4055 4324 4339 4396 4455 4482 4908
98	10	79	22	13 53 181 458 837 913 945 949 1025 1481 1576 1699 1730 1766 1800 1840 2760 3123 3168 3354 3549 3730 3945 4564 4577 4868 4970
112	38	2	22	166 199 317 531 659 769 842 870 1473 1487 1552 1776 1958 2642 2661 2784 3143 3215 3446 3647 3986 4086 4179 4269 4279 4545 4634 4685 4954
113	31	87	22	90 237 371 541 623 853 925 996 1079 1170 1944 2771 2798 2984 2990 3536 3542 3799 3939 4261 4266 4354 4405 4458 4590 4836 4880
122	4	130	22	72 406 475 538 611 673 688 772 889 1044 1211 1413 1530 1651 1706 2053 2369 2716 2718 2749 2875 3433 3670 3671 3703 3907 4325 4616
127	23	124	22	102 195 282 775 824 1020 1223 1271 1325 1412 1484 1858 1878 2119 2268 2579 2844 3395 3550 3597 3736 3769 3913 4116 4606 4721 4733
151	25	229	22	22 29 70 202 238 323 725 752 933 1292 1740 2208 2562 2641 2843 3092 3120 3162 3564 3766 3782 3897 4435 4505 4659 4955 4968
157	11	140	22	56 126 284 610 929 948 1855 1891 2054 2175 2215 2335 2868 3156 3349 3370 3371 3411 3489 3764 3792 4085 4249 4410 4450 4644 4975
167	19	279	22	302 599 1216 1277 1407 1440 1656 1715 1769 1852 2226 2303 2351 2497 2697 2802 3334 3449 3470 4081 4229 4502 4623 4682 4688 4717 4883 4893
176	6	132	22	6 43 234 239 750 917 989 1233 1604 1686 1688 1850 2005 2235 2414 2468 2662 3465 3556 3624 3694 3804 3905 3995 4326 4406 4547 4676 4958
204	29	44	22	21 278 664 680 874 880 1004 1184 1296 1763 1797 1863 2139 2190 2404 2413 2878 3151 3345 3420 3695 3937 4237 4298 4542 4957
222	27	111	22	157 473 588 616 689 991 1038 1068 1269 1566 1935 1947 2069 2102 2246 2267 2327 2442 2690 2717 2736 2791 2857 3575 3955 4533 4649 4912
223	12	235	22	20 315 335 781 849 851 877 1028 1041 1059 1214 1538 1892 2129 2167 2285 2574 2668 2855 3007 3008 3064 3179 3234 3627 3791 3834 4543 4905
256	14	41	22	429 486 773 822 873 1124 1260 1523 1986 2293 2355 2386 2447 2534 2556 2628 2903 3487 3768 3830 3963 3979 4049 4118 4225 4334 4350 4642
270	35	239	22	73 140 160 448 462 798 1066 1479 1588 1809 2038 2086 2366 2664 2732 3217 3249 3890 3959 4073 4191 4234
283	37	233	22	367 491 496 852 1200 1835 2014 2058 2163 2207 2332 2356 2595 2747 2960 3415 3484 3602 3685 3800
288	39	77	22	120 190 463 1380 1464 1592 1687 1748 1758 1980 2003 2281 2845 2909 2913 3048 3057 3110
289	3	251	24	24 219 518 600 892 947 1027 1033 1247 1509 1630 1777 1786 2057 2197 2243 2316 2441 2911 3124 3712 3882 3932 4012 4147 4585 4631 4674
291	30	158	24	215 319 1043 1048 1216 1334 1442 1544 1608 1740 1943 1990 2440 2532 2546 2547 2671 2795 2831 3390 3405 3484 3494 3894 3895 4629
312	22	51	24	108 182 378 403 926 1282 1504 1664 1768 1947 2391 2582 2924 2981 3147 3258 3276 3339 3523 3569 3597 3616 3821 4058 4076 4641 4823 4972 4992
325	20	270	24	84 123 317 397 742 1310 1347 1811 1822 1899 1930 2058 2069 2091 2452 2556 2665 2721 2722 2817 3132 3142 3774 3934 4238 4317 4866 4877
330	8	288	24	1 124 195 351 401 500 898 973 1991 2149 2274 2462 2514 2548 2770 2815 2916 2946 3223 3281 4106 4430 4506 4583 4782
365	2	295	24	114 203 259 270 855 1044 1267 1894 2253 2311 2626 2986 3031 3055 3206 3217 3229 3301 3657 3844 4054 4245 4413 4611 4627 4763 4856 4888
375	9	108	24	411 513 831 939 971 1314 1719 1769 1807 1840 1966 2353 2474 2496 2618 2645 3256 3318 3533 3643 3879 4000 4110 4287 4342 4359 4679 4738
386	34	33	24	37 75 286 509 587 630 1134 1303 1624 1746 1851 1992 2050 2089 2207 2338 2635 2777 2887 3056 3182 3342 3880 3881 4347 4390 4767 4914
403	5	157	24	46 150 184 731 958 1129 1467 2020 2086 2378 2421 2482 2549 2649 2738 2884 3202 3308 3415 3472 3562 3648 3763 3770 4400 4471 4952
408	33	142	24	45 82 96 395 544 590 710 834 982 1082 1205 1238 1296 1354 1400 1633 1915 1925 2033 2625 2630 2735 2872 2930 3077 3500 3649 3822 4714 4758
414	16	146	24	350 354 400 1348 1438 1508 1727 2390 2478 2553 2627 2772 2804 2861 3098 3126 3320 3332 3521 3630 3794 3896 3992 4048 4278 4579 4858 4955
418	21	171	24	67 723 738 770 931 1285 1432 1588 1628 1755 1778 2067 2458 2523 2718 2944 3215 3304 3316 3329 3357 3706 3830 4032 4251 4285 4637 4731
429	26	180	24	373 651 827 839 878 1507 1514 1557 1799 1869 2181 2541 2679 2690 2973 3346 3347 3535 4195 4228 4330 4403 4479 4494 4526 4528 4898
450	36	197	24	51 125 366 471 571 660 663 844 1079 1130 1174 1567 1718 2017 2102 2352 2510 3372 3437 3507 3701 4002 4011 4014 4234 4451
495	15	76	24	149 872 1173 1213 1232 1714 1962 2205 2221 2307 2318 2379 2736 2763 2773 2893 2915 3239 3434 3554 3731 3746 4289 4375 4868 4942
497	7	150	24	133 164 207 498 682 726 820 2199 2346 3230 3573 3669 3717 3812 3998 4104 4361 4437 4544 4550 4575 4593 4697 4747 4756 4811 4815 4981
512	1	137	24	272 659 708 748 888 1520 1785 1911 1974 2198 2405 2639 2713 2716 2790 2799 3131 3355 3432 3529 3840 3853 3915 4208 4225 4297 4305 4609 4931
531	40	192	24	77 122 240 578 687 722 767 769 1237 1255 1874 2288 2313 2414 2919 3064 3187 3306 3747 3866 4108 4114 4126 4249 4264 4357 4873
558	24	42	24	629 1188 1204 1368 1440 1529 1637 1713 1724 1877 2120 2369 2401 2754 3053 3240 3335 3360 3514 3800 4426 4553 4563 4680 4722 4910 4933
563	28	125	24	391 638 789 986 1431 1486 1669 1701 2121 2176 2332 2418 2537 2785 3180 3373 3645 4006 4100 4191 4621 4632 4706 4746 4774 4825
567	32	262	24	584 592 1111 1168 1323 1416 1586 1829 2145 2471 2624 3266 3417 3537 3539 3599 3650 4075 4512 4588 4617 4846 4854 4892 4920 5000
580	18	162	24	101 111 313 414 485 603 1325 1656 1749 2225 2371 2409 2427 2455 2616 2840 3083 3204 3317 3359 3389 3602 3898 4091 4138 4183 4539 4943
6	17	15	24	113 299 375 383 631 639 671 784 793 1219 1382 1621 1657 2388 2504 2530 2562 2606 2737 3408 3660 4088 4277 4623 4669
47	10	237	24	109 282 554 754 976 1035 1118 1175 1206 1280 1340 1502 1709 1941 2302 2384 2465 2468 3128 3141 3249 3576 3613 3960 4284 4548 4853 4970
53	38	92	24	22 146 183 469 521 801 940 1269 1491 1631 1649 1838 1895 1933 2165 2448 2827 2935 2965 3109 3115 3274 3741 3887 4396 4431 4705 4797
72	31	16	24	27 228 565 724 761 832 903 1198 1409 1620 1825 1828 1834 1866 2202 2647 3086 3212 3409 3956 3993 4020 4039 4516 4771
81	4	141	24	43 85 130 311 429 533 541 561 815 817 866 950 1052 1120 1452 1550 1660 2672 2720 2926 3363 3555 3607 3620 4164 4201 4313 4591
117	23	256	24	216 524 760 1517 1898 1910 2101 2487 2602 2868 3296 3300 3444 3510 3517 3638 3640 3716 3817 3982 4484 4571 4676 4852 4962
118	25	106	24	370 439 945 1006 1064 1309 1474 1672 1717 1808 1904 1907 2583 2589 2620 2864 3490 3506 3547 3889 3935 4177 4416 4513 4648
130	11	119	24	36 138 289 642 942 1034 1101 1240 1446 1676 1684 1793 2431 2435 2662 2994 3148 3319 3877 3945 4083 4156 4185 4218 4320 4938 4945
131	19	273	24	404 487 665 753 830 1278 2376 2780 2788 3186 3244 3253 3263 3540 3543 3588 3711 4128 4152 4220 4385 4678 4805 4837 4975
138	6	229	24	162 523 580 1195 1528 1744 1908 2015 2141 2241 2325 2569 2850 2955 2956 3193 3283 3468 3628 4523 4751 4755 4832 4833
160	29	86	24	407 489 519 704 924 1139 1321 1600 1938 2320 2733 2806 2859 3001 3104 3145 3704 3767 3773 4172 4243 4261 4709 4804 4925
175	27	24	24	64 188 315 517 652 764 1356 1403 1498 1758 1821 1836 2082 2150 2555 2603 2832 3007 3214 3340 3920 3961 3986 4222 4377 4656 4736
205	12	190	24	69 602 1294 1445 1693 2081 2349 2392 2429 2506 2600 2697 2807 2826 3043 3066 3117 3201 3313 3689 3785 3804 3826 3906 4017 4107 4657 4967
217	14	20	24	235 361 613 732 949 1203 1531 1566 1859 2256 2503 2652 2808 3013 3041 3152 3194 3261 3516 3676 3805 3916 3939 4203 4368
230	35	91	24	337 511 539 615 649 777 779 914 1051 1169 1201 1476 1534 1827 1984 2306 2803 2823 3134 3511 3789 4206
264	37	116	24	126 472 766 833 936 1182 1196 1223 1257 1818 2254 2275 2292 2296 2305 2852 3002 3036 3045 3227
266	39	28	24	176 327 543 721 756 1561 1788 1837 1955 1973 1983 2476 2550 2571 2758 3023 3050 3073
302	13	243	26	91 96 143 144 405 1039 1061 1362 1592 1846 2069 2152 2266 2461 2467 2739 2766 2819 2880 3113 3238 3336 3524 3614 3816 4785 4907
362	3	224	26	18 458 634 771 968 1231 1396 1590 2335 2424 2492 2729 2837 2905 3053 3196 3496 3500 3574 3585 3800 3832 4261 4582 4591 4655 4911
370	30	49	26	87 174 297 307 309 439 442 448 1080 1445 1601 1850 1864 1987 2135 2150 2353 2382 2787 2889 2918 3160 3340 3499 3525 3691 3827 4915
426	22	201	26	194 450 464 962 1122 1220 1356 1510 1628 1682 1805 1901 2065 2203 2347 2802 3135 3418 3512 3930 3942 4018 4150 4194 4380 4453 4610 4880
451	20	4	26	707 709 803 1361 1559 1560 1562 1924 2050 2164 2281 2316 2499 2562 2564 2750 3043 3092 3465 3562 3773 3850 3888 4137 4479 4480 4606 4698
453	8	46	26	514 938 1243 1266 1397 1919 2000 2291 2704 2833 3013 3015 3090 3566 3607 3797 3918 4131 4346 4386 4461 4476 4799
476	2	295	26	89 137 368 609 858 1067 1183 1320 1932 2453 2628 3065 3119 3272 3519 3581 3739 3802 3821 3876 3891 4027 4486 4552 4713 4850
535	9	219	26	161 271 419 447 515 580 602 615 888 1131 1149 2244 2400 2410 3046 3337 3731 3863 4096 4292 4464 4557 4630 4667 4795 4847
543	34	103	26	234 584 732 770 963 1476 1914 2003 2308 2362 2557 2627 2639 2677 2859 2970 3164 3239 3240 3453 3468 3974 4121
594	5	115	26	205 557 1119 1191 1236 1395 1605 1880 1944 1948 2040 2230 2655 2801 3032 3360 3538 3968 4019 4039 4157 4190 4382 4488 4559 4789 4816
63	33	100	26	232 355 483 658 1516 1675 1693 2013 2221 2498 2579 2849 2978 3038 3056 3066 3136 3367 3492 3497 4130 4253 4413 4426 4572
106	16	159	26	324 656 797 860 905 973 977 1120 1748 1798 1799 1804 1940 2025 2060 2991 3351 3437 3912 3923 3956 4209 4271 4727 4971
132	21	47	26	465 492 921 1046 1190 1322 1339 1404 1615 1672 1733 1751 1884 1958 1977 2359 3171 3307 3478 3533 3584 3901 4175 4306 4343 4371 4442
199	26	82	26	165 220 259 304 399 423 451 496 560 623 1643 1968 2137 2182 2319 2340 3181 3278 3284 3732 3780 4260 4372 4421 4448 4809 4865
206	36	251	26	416 635 697 861 1101 1158 1324 1341 1684 1755 2101 2204 2368 2472 3034 3040 3176 3652 3663 3788 4058 4302 4473 4562
221	15	81	26	54 98 136 227 266 396 828 833 1422 1468 1655 1749 2260 2594 2647 2665 2988 3017 3316 3517 3940 4072 4116 4568 4602 4641 4712
237	7	182	26	218 261 491 830 1618 1640 1665 1703 1723 2096 2136 2250 2420 2740 2845 2972 3020 3057 3358 3508 3685 3817 4140 4605 4827
243	1	90	26	72 110 813 859 1042 1443 1700 1768 2296 2304 2522 2722 2808 2810 2816 3229 3297 3394 3491 3528 3982 4004 4583 4946
255	40	278	26	78 121 281 908 1159 1456 1564 1945 2107 2245 2252 2497 2685 2725 2883 2984 3372 3373 3402 3709 3796 3966 3975 4117 4491 4695 4862
267	24	10	26	269 388 688 729 1064 1664 1680 1712 1742 2105 2328 2389 2490 2545 2860 3152 3325 3335 3684 3813 4078 4115 4217 4369 4711 4747
346	28	138	26	10 185 262 381 392 788 794 998 1138 1246 1497 1531 2224 2391 2471 2475 2644 3173 3504 3744 3932 3937 4498 4749
402	32	265	26	34 90 328 478 721 841 1057 1417 1831 1870 2078 2886 2965 3074 3121 3188 3514 3920 3952 4099 4560 4587 4685 4696 4968
460	18	294	26	212 435 523 576 723 1053 1054 1287 1408 1523 1602 2411 2516 2555 2626 2706 3436 3537 3637 3809 3864 4153 4246 4529 4619 4635 4639
462	17	200	26	241 288 301 320 1286 1503 1526 1625 1765 1785 1837 2095 2276 2280 3100 3395 3407 3572 3696 3936 4026 4047 4060 4338 4615 4717 4758
473	10	61	26	68 150 197 217 622 877 1056 1069 1644 1887 1912 2220 2290 2724 2901 3338 3343 3988 4007 4468 4477 4524 4545 4647
482	38	18	26	8 139 286 540 686 1129 1558 1697 1699 2331 3264 3391 3434 3606 3765 4085 4196 4204 4646 4668 4670 4808
515	31	53	26	257 471 591 607 985 1277 1318 1460 1574 2063 2218 2456 2620 2711 2937 3097 3480 3801 3892 4030 4152 4362 4769 4770 4831
516	4	283	26	563 649 817 987 1570 1737 2131 2534 2934 2995 3230 3294 3580 3715 3790 3872 3874 3948 3976 4327 4373 4743 4768 4953
518	23	40	26	369 570 632 718 871 893 988 989 1184 1201 1217 1360 1572 1704 1876 2059 2133 2869 2876 3413 3543 3931 4182 4489 4532 4722 4975
521	25	261	26	337 719 1349 1373 2089 2100 2298 2637 2673 2765 2796 2910 3021 3644 3673 3825 4293 4324 4360 4377 4592 4616 4628 4810 4901
527	11	125	26	163 303 449 509 808 848 910 916 958 1800 1852 1890 1995 2114 2270 2457 3387 3680 3868 4028 4342 4433 4516 4708 4716
539	19	193	26	20 106 359 434 777 1021 1087 1092 1325 1814 2209 2234 2780 2925 3081 3083 3095 3258 3276 3598 3900 3987 3989 4514 4845 4855
560	6	198	26	134 638 691 864 885 1085 1134 1171 1550 1750 2006 2019 2049 2676 2977 3027 3158 3220 4087 4465 4720 4787 4843 4851 4919 4947 4996
20	29	19	26	40 187 290 356 738 919 980 981 1380 1548 1753 2042 2240 2314 2638 2650 2662 3023 3410 3546 3613 3729 3967 4783 4839 4984
31	27	48	26	105 215 279 391 476 482 653 661 728 879 970 1225 1321 1584 1997 2092 2529 2607 2907 3564 3776 3875 3994 4650
69	12	203	26	158 489 906 948 1176 1245 2365 2381 2404 2708 2964 3030 3033 3101 3183 3364 3417 3526 3567 3814 4317 4389 4614
84	14	69	26	45 730 745 1175 1270 1315 1346 1999 2302 2310 2486 2703 2930 3221 3356 3424 3428 3885 4022 4141 4505 4753 4849
85	35	7	26	223 504 633 705 1265 1434 1533 1569 1971 2160 2699 2728 2770 2839 2852 2914 3154 3215 3282 3353 3771 3995
87	37	209	26	30 63 339 756 809 1104 1237 1338 1435 2174 2213 2344 2504 2549 2619 2669 2884 3165 3268 3271
94	39	14	26	373 994 1032 1116 1830 1878 1896 2143 2611 2624 3207 3283 3287 3310 3331 3374 3435 3534
142	13	45	28	139 555 640 806 867 1060 1365 1467 1473 1711 1815 1860 2078 2457 2552 2638 2664 2738 2997 3151 3177 3248 3929 4859
173	3	9	28	15 93 456 547 1105 1199 1382 1547 1650 1710 1833 1855 1946 2435 2821 3272 3477 3904 3965 4089 4344 4363 4479 4899 4992
189	30	73	28	274 607 696 796 892 912 978 1119 1137 1374 1546 1778 2239 2427 2430 2593 2980 3124 3194 3273 3296 3579 3723 3847 4122 4794
194	22	194	28	17 454 822 1130 1346 1734 2013 2218 2290 2390 2401 2755 2770 2924 3125 3234 3286 3322 3383 3438 3922 4026 4063 4154 4565 4584
241	20	244	28	53 142 178 235 279 327 684 757 1464 1696 1921 2061 2129 2372 2377 3035 3245 3386 4331 4471 4629 4652 4706 4780 4884
274	8	11	28	261 554 646 722 1161 1305 1555 1587 1595 2294 2510 2524 2733 2892 3011 3247 3345 3605 3651 3933 4221 4381 4394 4683 4817 4966 4994
276	2	122	28	304 771 1103 1235 1261 1316 1322 1462 1465 1573 1715 1844 2007 2043 2703 3051 3305 3341 4170 4648 4661 4672 4793 4795 4964
307	9	236	28	12 201 507 574 1022 1026 1043 1093 1401 1460 2042 2375 2434 2503 2515 2667 2960 3042 3738 3831 4043 4155 4358 4435 4664 4980
326	34	22	28	64 510 883 915 956 1218 1532 1839 1869 2056 2067 2695 2720 2753 3047 3102 3114 3136 3171 4057 4167 4372 4546
360	5	220	28	146 322 723 1141 1242 1762 1890 1896 2139 2654 2898 2972 3008 3061 3081 3122 3185 3633 3743 3825 3910 4556 4572 4923 4984
397	33	134	28	328 549 799 1057 1143 1310 1479 1618 1962 1988 2114 2138 2309 2446 2485 2799 2803 3446 3820 4107 4255 4350 4703 4739 4897 4928
452	16	274	28	123 405 440 655 1063 1150 1530 1726 1939 2014 2015 3052 3338 3528 3549 3895 4351 4477 4671 4784 4822 4829 4852 4888
461	21	264	28	203 397 443 514 804 1167 1220 1391 1552 1579 1864 1870 2113 2745 2825 2890 3016 3055 4045 4059 4169 4532 4766 4875 4908
467	26	225	28	92 291 516 533 828 909 1040 1054 1281 1632 1660 1871 1902 2544 2592 2709 3262 3271 3289 3583 4268 4395 4500 4618 4697 4819
472	36	289	28	40 545 636 1152 1250 1586 1613 1757 1884 1959 1972 2128 2247 2815 2926 3092 3160 3315 3329 3369 3846 4120 4511 4731 4748
502	15	278	28	82 222 253 583 752 870 904 1031 1164 1366 1420 2086 2127 2253 2512 2653 3168 3210 3439 3475 3714 3908 4173 4679 5000
523	7	75	28	157 444 990 1155 1184 1589 1596 1643 1701 1755 1975 2417 2691 2732 3201 3284 3659 3761 3781 3848 3941 4131 4254 4293 4352 4527
548	1	219	28	116 252 427 1000 1335 1402 1483 1692 1754 1791 1794 2619 2702 2957 3012 3032 3049 3268 3835 3878 4000 4033 4318 4605 4701 4991
566	40	58	28	5 305 590 797 824 825 1383 1647 2102 2339 2539 2757 2824 2879 2991 3155 3344 3426 3585 3644 3880 3927 4270 4411 4678
579	24	131	28	78 244 522 1351 1788 2355 2358 2587 2792 3123 3172 3380 3589 3836 3972 4112 4359 4406 4445 4639 4733 4737 4983
599	28	94	28	402 419 946 1339 1585 1813 2481 2673 3110 3282 3364 3623 3636 3671 3766 3799 4024 4046 4172 4382 4777 4967 4986
40	32	85	28	196 650 862 931 1073 1390 1455 2326 2450 2561 2704 3256 3399 3562 3641 3646 3795 4006 4123 4420 4670 4806 4961
105	18	248	28	567 713 980 1132 1258 1393 1662 1741 1915 2063 2328 2555 2599 2625 2643 2875 2961 3469 3697 3829 3872 3883 3951 4281 4801
146	13	11	29	199 526 1319 1463 1499 1566 1599 1633 1816 1863 2217 2681 2851 3079 3159 3371 3414 3861 4159 4410 4419 4551 4681
169	17	119	28	19 345 720 863 898 1038 1284 1411 1875 2033 2181 2225 2447 2588 2748 2783 2908 3417 3618 3726 3755 3891 4313 4384 4568 4969
191	10	61	28	384 478 699 706 818 841 984 1068 1192 1337 1591 2083 2289 2361 2484 2530 3121 3430 3692 3882 4213 4256 4513 4574 4710 4997
259	38	37	28	536 604 745 879 1179 1247 1572 1656 1672 1713 1937 2439 2540 2564 2797 3117 3142 3166 3205 3752 3959 4002 4428 4840
286	31	281	28	504 672 859 1206 1224 1342 1941 2030 2085 2336 2354 2627 2734 2751 2887 3218 3705 3797 3812 4475 4877 4889 4920 4936
355	4	44	28	459 521 528 644 756 1302 1423 1508 1645 1909 2183 2233 2242 2424 2493 2635 3347 3488 3582 3930 4415 4449 4530 4676 4746
357	23	277	28	103 707 1052 1392 1738 1923 2022 2301 2329 2400 2526 2606 2835 3358 3530 3703 3996 4297 4374 4399 4417 4535 4684
399	25	74	28	272 526 1044 1074 1078 1094 1181 1381 1454 1658 1663 1997 2142 2191 2461 2975 3014 3073 3140 3690 3745 3827 4228 4321 4542 4848
405	11	110	28	25 97 155 220 433 687 742 755 1343 1355 1706 2133 2293 2504 2519 2533 2852 3005 3749 4018 4070 4346 4440 4458 4808
456	19	265	28	487 1312 1525 1644 1705 2130 2145 2170 2192 2350 2550 2941 2992 3087 3149 3777 3893 4056 4342 4398 4591 4621 4816 4830
507	6	245	28	130 559 924 1029 1035 1229 1266 1931 2366 2538 2710 2789 3336 3421 3911 4289 4322 4361 4476 4787 4834 4921 4987
44	3	122	29	291 376 416 556 793 1352 1445 1551 1556 1593 1792 1862 2169 2170 2414 2495 2936 3065 3075 3422 3695 3715 4193 4227 4583
90	29	178	28	154 168 200 539 582 1153 1439 1529 1538 1654 2034 2279 2292 2445 2487 2508 2699 3285 3390 3721 3811 4483 4658
134	27	215	28	571 1045 1296 1327 1528 1661 1712 2002 2194 2787 2968 3070 3085 3130 3354 3669 3810 3881 4158 4159 4161 4323 4473 4632 4831
183	12	234	28	16 618 844 853 1051 1262 1413 1498 1499 1534 1854 1906 2081 2340 2554 3270 3346 3451 4151 4199 4409 4493 4576
268	14	90	28	296 310 975 1548 1626 1887 2035 2068 2196 2458 2495 2802 3324 3720 4108 4171 4182 4403 4630 4771
321	35	231	28	258 449 626 1083 1125 1474 1493 2137 2383 2899 3101 3126 3249 3839 4077 4117 4368 4533 4559 4590 4642 4760
336	37	82	28	211 338 395 535 838 971 1796 1973 2028 2094 2150 2210 2384 2806 3009 3093 3274 3617 3699 3858
359	39	93	28	62 198 302 918 963 1006 1113 1239 1396 1944 1978 2053 2537 2611 3075 3335 3365 3435
454	30	157	29	490 835 838 1016 1827 2139 2426 2457 2601 2675 2888 2909 3449 3456 3704 3813 4304 4406 4474 4549 4882
466	22	186	29	28 42 209 343 464 578 938 1065 1490 1745 1797 1898 1936 1954 1974 2331 2786 2826 2984 3098 3509 3522 4126 4826
483	20	286	29	52 121 263 710 746 993 1167 1283 1501 1710 2121 2136 2496 2902 3174 3677 3714 3913 4007 4036 4504 4561 4748 4945
492	8	258	29	15 153 340 347 460 1328 1544 1558 1635 1907 2014 2066 2375 2477 3401 3617 4131 4237 4534 4598 4601 4687 4843
520	2	240	29	357 708 1476 1498 1522 1802 2006 2107 2234 2271 2308 2551 2768 2775 3091 3454 3780 3991 4020 4093 4111 4862
589	9	191	29	115 218 228 621 703 1236 1272 1438 1681 1688 1731 1770 2078 2087 2702 2848 2860 2986 3208 3480 3847 4690 4711 4715 4877
35	34	127	29	54 164 299 303 887 1357 1408 1624 1642 1839 2253 2282 2533 3405 3459 3557 3629 3742 4072 4086 4234 4693 4732
48	5	149	29	272 654 1028 1422 1439 1452 1572 1647 1938 2212 3496 3624 3874 4098 4359 4469 4571 4579 4705 4787 4853 4886
57	33	72	29	49 55 675 997 1135 1145 1318 1600 1957 2018 2165 2419 2636 2891 2946 2968 3046 3094 3518 3730 4365 4725 4734
82	16	179	29	87 443 819 932 978 1292 1695 1696 1722 2479 2607 2784 2830 3077 3172 3201 3441 3689 3743 3758 3888 4177 4182
108	21	252	29	95 765 943 1003 1202 1270 1329 1823 1975 2261 2425 2920 3123 3200 3458 4198 4232 4243 4611 4758 4815
133	26	161	29	176 603 1267 1323 1411 1457 1683 1885 1998 2037 2231 2476 2701 2746 2764 3410 3529 3887 3960 3977 4092 4289 4768
227	36	221	29	73 325 600 728 855 885 996 1018 1309 1752 1920 1943 2434 2437 2534 2807 3220 3620 4252 4271 4282 4771 4974 4985
262	15	56	29	182 240 470 756 960 1294 1295 1760 2263 2285 2462 2785 2794 2940 2965 3708 3875 4018 4035 4055 4315 4415 4466 4912
287	7	234	29	44 323 392 476 590 678 1127 1197 1394 1914 2251 2465 2705 3278 3385 3957 3985 4137 4148 4600 4766 4819
340	1	291	29	169 274 413 593 811 913 1119 1491 1626 1656 1685 2359 2955 2957 3334 3431 3599 3752 3767 3856 4084 4809 4879
347	40	153	29	332 810 1615 1639 1648 2031 2362 2508 2614 2983 3014 3190 3443 3654 3842 4097 4240 4397 4644 4890 4941
38	24	4	29	308 410 1114 1190 1489 1549 1723 1981 2376 2927 3049 3051 3226 3333 3338 3403 3588 4192 4265 4411 4515
41	28	297	29	381 668 778 1058 1060 1157 1198 1287 1758 1996 2323 2744 3301 3606 3622 3634 3735 3857 3908 4087 4764 4906 4968
43	32	266	29	120 187 364 758 820 950 966 1100 1350 1451 1589 1698 1743 1955 3498 3793 4235 4299 4635 4719 4998
56	18	208	29	33 157 284 415 744 1030 1780 1887 1905 1926 1958 2114 2154 2164 2235 2490 2994 3187 3487 3876 4136 4417 4759
91	17	154	29	16 273 512 650 901 1067 1125 1241 1251 1424 1444 1565 1999 2333 2498 2578 2774 2849 3297 3353 3761 4613 4942
338	10	128	29	96 126 317 555 565 1097 1509 1826 1997 2062 2124 2132 2254 2513 3018 3028 3118 3342 3632 3897 4621
111	38	273	29	9 143 1204 1638 1891 1925 2280 2455 2592 2618 2726 2818 3595 3725 3763 3849 4120 4436 4628 4901
314	31	254	29	151 154 589 759 850 896 1459 1773 1818 2074 2450 2686 3327 3384 3666 3751 4142 4555 4668 4788 4982
394	13	191	30	97 148 647 1138 1449 1757 1813 1962 2226 2479 2511 3048 3255 3466 3561 3639 3787 4054 4503 4691 4703 4953
477	4	200	29	280 622 623 795 920 1040 1420 1715 1784 1884 1939 2380 2652 2760 2943 3211 3231 4290 4451 4478 4837
110	23	203	29	102 190 425 497 781 1449 1591 2044 2604 2907 3158 3308 3835 3837 3970 4026 4105 4152 4401 4616 4841
305	25	198	29	137 214 554 771 1327 1663 1701 1762 1853 1875 2240 2863 3101 3697 3925 4006 4194 4460 4587 4623
443	11	66	29	749 1351 1378 1423 1594 1924 2521 2811 3017 3628 3682 4210 4492 4565 4653 4703 4967
490	19	5	29	133 419 434 634 985 1075 1118 1212 1215 1370 1590 2752 3015 3245 3289 3445 3662 4071 4292 4605 4828
542	6	187	29	206 250 644 786 949 975 981 1072 1308 1418 1469 1546 1666 1845 2223 2482 3416 3473 4043 4589 4956
600	29	189	29	368 667 1365 1577 2226 2236 2985 3029 3068 3176 3310 3444 3570 3623 3838 3950 4335 4946
168	27	80	29	27 453 897 1244 1612 1660 2112 2364 2845 2942 3173 3587 3601 3636 3684 4109 4173 4183 4650
572	12	172	29	34 107 269 670 739 792 907 1226 1528 1699 1768 1901 2186 2751 2812 2974 3378 3488 3660 4435
102	14	41	29	23 679 684 805 995 2324 2368 2394 3396 3633 4229 4320 4527 4750 4910 4925 4929 4973
420	35	21	29	74 156 165 774 1221 1281 1756 1889 1946 1969 2091 2237 2470 2668 2857 3059 3311 4808 4872
313	37	174	29	403 618 1307 1362 1525 3425 3501 3828 3972 4011 4108 4367 4445 4498 4966
