Course	Room	Teacher	Time	Students
29	32	27	2	1 72 146 147 164 173 232 442 622 954 966 1191 1259 1309 1346 1457 1857 2001 2194 2248 2342 2350 2531 2711 2809 2897 2939 3071 3101 3105 3230 3396 3547 3626 3691 3710 3739 4070 4225 4228 4250 4332 4419 4427 4475 4719 4757 4796 4920
413	19	278	2	20 174 326 614 768 837 974 1048 1082 1118 1269 1288 1334 1469 1634 1727 1729 1826 2000 2063 2110 2219 2321 2456 2712 3004 3018 3129 3294 3301 3312 3346 3366 3423 3468 3563 3702 3705 3940 3946 3968 4183 4269 4428 4451 4504 4578 4731 4873
278	31	144	2	42 56 218 396 555 650 787 1064 1125 1132 1330 1505 1510 1934 1998 2081 2264 2397 2517 2572 2710 2793 2818 2946 2987 3051 3132 3322 3338 3419 3425 3445 3701 3741 3915 4168 4319 4350 4412 4652 4698 4722 4935
10	10	223	2	62 299 526 619 717 816 965 1216 1287 1315 1454 1518 1762 1820 1867 2098 2229 2287 2366 2376 2490 2494 2519 2641 2779 2994 3075 3100 3418 3431 3499 3977 4066 4278 4304 4330 4371 4459 4526 4657 4692 4743 4840 4975
254	16	295	2	293 296 310 375 400 417 510 543 556 610 620 694 1047 1092 1320 1392 1433 1592 1901 2278 2330 2626 2725 2819 2829 2978 3033 3038 3097 3145 3168 3250 3325 3465 3543 3544 3816 3886 3963 4118 4284 4345 4357 4543 4773 4886
410	39	83	2	75 127 235 542 563 785 795 842 1254 1556 1635 1736 1739 1870 1898 1991 2073 2179 2351 2798 2840 2859 2891 3055 3079 3242 3291 3724 3751 3838 4294 4383 4461 4635 4936 4963 4985 4994 5000
509	12	194	2	23 44 183 482 488 661 752 1022 1166 1239 1247 1262 1332 1747 1973 1984 2075 2223 2468 2633 2648 2698 2717 2932 3034 3120 3252 3308 3481 3512 3715 3837 3906 3950 3997 4131 4239 4320 4353 4364 4471 4599 4600 4701 4804 4955
9	24	46	2	159 195 225 262 429 452 668 916 948 1002 1172 1311 1354 1378 1631 2185 2198 2399 2406 2457 2498 2524 2558 2748 2799 2902 2944 3067 3191 3259 3283 3389 3712 3730 3757 4054 4406 4432 4442 4511 4631 4752 4968
154	29	186	2	24 35 165 234 338 562 687 817 861 927 1039 1152 1281 1286 1649 1666 1782 1855 1937 2074 2121 2266 2277 2280 2528 2862 2899 2958 2985 3276 3280 3472 3530 3727 3826 3960 4042 4077 4287 4307 4407 4470 4738 4739
87	7	183	2	137 259 412 499 512 673 1012 1103 1115 1607 1715 1723 1864 2232 2340 2393 2439 2499 2655 2682 2959 3160 3298 3355 3387 3509 3523 3616 3627 3749 3962 3988 4013 4028 4051 4435 4733 4745 4837 4913 4972
259	4	126	2	155 208 244 330 331 548 704 1233 1237 1322 1724 1738 1907 1919 1946 1948 1968 2454 2497 2607 2707 2760 2776 2851 2956 3020 3111 3309 3457 3490 3507 3565 3590 3852 3880 4053 4229 4246 4261 4317 4497 4723
350	38	178	2	88 240 352 592 656 698 699 812 921 1182 1278 1323 1548 1821 1896 1953 2268 2623 2784 2922 3339 3404 3412 3462 3505 3526 3557 3697 3771 3859 3992 4009 4047 4092 4103 4263 4403 4472 4632 4667 4750 4943 4990
402	8	19	2	43 95 160 408 447 549 601 618 683 771 833 949 1017 1058 1195 1825 1897 1931 2423 2448 2548 2952 3010 3118 3119 3244 3255 3270 3272 3278 3420 3596 3681 3744 3870 4241 4389 4489 4747 4821
481	3	37	2	184 306 734 781 917 1043 1319 1326 1546 1572 1595 1687 1754 1823 1843 1856 1888 1977 2117 2201 2231 2285 2421 2526 2580 2653 3117 3215 3269 3349 3653 3765 4007 4144 4253 4380 4414 4436 4640 4841 4843 4976
466	21	41	2	14 361 370 524 544 764 804 836 943 1196 1215 1280 1390 1436 1458 1536 1678 1699 1751 1846 1926 1980 2033 2209 2271 2606 3136 3279 3367 3391 3693 3792 3793 3897 4249 4450 4605 4639 4645 4732 4979
513	35	124	2	83 87 367 712 874 1056 1156 1163 1437 1483 1681 1761 1765 1989 2005 2060 2174 2389 2610 2749 2870 2901 3082 3088 3126 3378 3451 3568 3781 3853 3961 4041 4192 4238 4240 4393 4576 4607 4736 4818 4824 4914
2	40	158	2	140 157 291 345 349 392 476 483 552 572 702 956 1073 1128 1360 1384 1461 1801 1830 2078 2102 2235 2482 2538 2800 2981 3435 3951 3956 4185 4309 4382 4464 4654 4655 4876
33	5	237	2	304 318 404 758 759 792 877 910 1244 1362 1396 1553 1794 2141 2167 2173 2331 2347 2470 2618 2639 2736 2825 3171 3178 3315 3351 3494 3905 3941 4014 4214 4334 4398 4453 4522 4648 4762 4858 4906
277	2	87	2	131 261 272 284 451 716 829 1444 1626 2055 2199 2218 2290 2368 2401 2431 2461 2630 2801 2833 2918 3096 3364 3611 3743 3745 3772 3953 3973 4003 4018 4088 4313 4444 4447 4570 4684
346	22	257	2	144 391 599 636 646 958 1023 1112 1211 1331 1389 1484 1746 1758 1798 2027 2068 2353 2452 2536 2722 2972 3000 3123 3199 3518 3595 3762 3942 4193 4272 4327 4572 4604 4627
375	23	146	2	34 102 107 148 344 906 1029 1072 1085 1133 1154 1404 1609 1682 2207 2284 2305 2364 2479 2520 2521 2644 2696 2765 2768 2795 2865 3192 3320 3392 3648 3760 3789 4065 4279 4292 4458 4716 4741 4866 4947
447	18	161	2	190 568 681 686 705 722 783 858 936 1102 1150 1297 1398 1421 1734 2035 2118 2257 2414 2515 2693 2823 2869 2871 3001 3035 3181 3323 3785 3847 3935 3995 4134 4343 4509 4575 4760 4771 4811
501	15	116	2	139 799 1015 1034 1035 1123 1299 1355 1379 1490 1540 1628 1840 2013 2175 2197 2240 2434 2455 2608 2690 2713 2746 2787 2904 2969 3089 3163 3311 3592 3668 3690 4035 4095 4365 4370 4573 4628 4987 4998
510	14	38	2	337 348 390 651 675 823 980 1381 1416 1660 1679 1680 1753 1783 1862 1914 2023 2112 2387 2489 2574 3036 3149 3393 3497 3612 3748 3833 3860 3910 3945 4125 4153 4174 4519 4546 4934
517	32	144	4	94 480 696 732 740 845 983 1137 1236 1378 1721 1763 1980 2157 2192 2198 2265 2336 2448 2687 2693 2830 2865 2966 3124 3212 3299 3905 4056 4157 4164 4201 4387 4388 4583 4632 4805 4903 4958
156	6	276	2	67 178 186 314 504 731 815 997 1086 1109 1149 1806 1929 2037 2544 2889 2957 3011 3042 3056 3240 3488 3606 3774 3869 3903 3939 4213 4242 4375 4449 4624 4780
171	25	255	2	374 684 707 745 790 860 866 995 1304 1310 1460 1509 1707 1768 1881 1942 2120 2188 2227 2643 2730 2754 2993 3099 3200 3235 3286 3397 3433 3521 3753 3805 4271 4360 4501 4702 4726 4781 4995
286	19	223	4	104 398 496 634 725 823 904 1229 1280 1340 1368 1481 1515 1526 1582 1623 1633 1691 2150 2180 2283 2348 2426 2672 2745 2872 2981 3065 3068 3203 3399 3758 4420 4476 4673 4740 4753
299	28	62	2	15 85 132 141 238 371 718 841 1053 1107 1110 1200 1302 1325 1408 1557 1776 2067 2131 2243 2274 2289 2317 2369 2724 2753 2841 2845 2890 2945 3002 3032 3271 3466 3818 3969 4004 4101 4155 4216 4748
300	1	292	2	126 360 715 888 893 899 1336 1344 1455 1488 1544 1750 1763 1780 1979 2221 2458 2628 2980 2984 3184 3424 3440 3524 3529 3556 3931 4303 4333 4567 4592 4619 4650 4709 4755 4774 4815 4933 4983
302	36	271	2	16 281 287 316 475 561 588 929 1197 1333 1438 1731 2015 2367 2462 2501 2600 2649 2664 2894 3085 3130 3166 3310 3659 3862 3983 4023 4064 4204 4293 4563 4571 4717 4799
67	20	171	2	82 534 671 729 855 930 938 1024 1099 1275 1425 1450 1489 1785 1872 1921 1947 2061 2146 2259 2313 2322 2377 2384 2388 2659 2827 3133 3442 3790 3830 3902 4217 4321 4381 4549 4555 4814 4967
100	9	129	2	117 384 393 545 835 852 1028 1038 1147 1266 1327 1358 1470 1735 1772 1883 1956 2047 2215 2668 2729 2734 2810 2831 2903 2930 2953 3061 3542 3560 3742 3783 4492 4724 4801 4852 4856
196	34	128	2	506 598 726 838 879 904 1016 1088 1162 1189 1274 1341 1485 1495 1657 1755 1759 1778 1913 2022 2076 2140 2408 2507 2575 3236 3470 3555 3632 3824 3866 4422 4488 4765 4834 4878 4959 4991
272	30	216	2	495 594 679 733 850 1596 1608 1683 1694 1703 1737 1790 1816 1939 1976 2234 2506 2530 2533 2578 2689 2911 2931 2970 2977 3053 3316 3353 3510 3517 3621 3809 3868 3888 4315 4439 4830
274	11	86	2	158 252 487 761 834 942 1218 1277 1349 1431 1503 2191 2282 2400 2509 2523 2747 3045 3076 3098 3115 3260 3471 3516 3728 3803 3827 3904 4160 4234 4523 4577 4687 4835 4839 4869 4903
407	17	132	2	224 328 522 523 628 806 913 962 1032 1193 1447 1493 1633 1709 1987 2348 2396 2565 2715 3139 3157 3307 3432 3511 3620 3970 3987 4049 4223 4252 4258 4260 4329 4513 4529 4696 4870
561	27	100	2	99 101 464 521 955 957 1116 1145 1243 1313 1417 1435 1665 1719 2126 2210 2220 2224 2255 2547 3264 3321 3491 3533 3591 3633 3756 3908 4113 4306 4465 4469 4569 4671 4881 4941
82	33	265	2	48 202 207 280 383 437 633 641 674 984 1140 1222 1252 1482 1629 2066 2392 2488 2676 2769 2770 3216 3238 3358 3536 3636 3656 3877 4024 4137 4177 4189 4270 4273 4556 4565
105	26	174	2	49 454 463 533 615 882 996 1290 1453 1464 1561 1576 1997 2088 2103 2204 2213 2486 2539 2590 2857 3180 3549 3795 3846 3851 4001 4027 4067 4281 4328 4346 4396 4479 4794 4817
167	13	145	2	110 269 343 500 551 730 763 872 873 889 934 992 1010 1100 1370 1475 1992 2134 2540 2954 2991 3026 3228 3281 3377 3386 3438 3463 3622 3673 3894 4170 4209 4265 4415 4678
174	37	226	2	438 649 1087 1094 1096 1208 1296 1428 1496 1530 1554 1670 1711 1985 2085 2307 2420 2466 2821 2835 2973 3196 3233 3302 3304 3520 3819 3966 4109
187	31	210	4	33 76 211 213 581 602 854 915 1071 1227 1228 1284 1414 1484 1524 1549 1684 1707 1882 1898 1990 2281 2415 2427 2754 2861 3040 3351 3439 3658 3852 4114 4141 4923 4935 4947 4999
203	10	272	4	166 441 793 882 954 1125 1265 1635 1713 1839 1864 1904 1954 1956 2038 2086 2110 2175 2398 2500 2553 2794 3083 3130 3192 3317 3320 3361 3638 3907 4061 4133 4451 4595 4621 4709 4739 4766 4819 4977
224	16	70	4	15 434 708 765 922 998 1199 1351 1566 1806 1886 1960 2187 2190 2272 2326 2555 2614 2629 2655 2663 2725 3001 3255 3430 3893 4390 4416 4630 4676 4681 4683 4756 4823 4868
228	39	27	4	60 222 241 382 524 536 689 820 968 1049 1057 1203 1230 1326 1426 1449 1548 1551 1710 1986 2431 2591 2682 2714 2735 3087 3104 3485 3523 3538 3575 4190 4197 4591 4737 4842
347	12	55	4	87 397 582 672 762 1067 1249 1291 1339 1348 1424 1473 1564 1940 2569 2826 2938 3017 3064 3075 3478 3706 3784 4013 4027 4036 4045 4259 4340 4362 4617 4692 4714 4761 4836 4851 4919 4981 4996
398	24	133	4	79 154 175 292 466 507 627 824 893 1062 1474 1554 1617 1878 1932 2381 2517 2551 2852 2890 3141 3151 3267 3288 3413 3418 3464 3651 4020 4192 4218 4221 4296 4303 4459 4669 4795 4810 4860
416	29	4	4	101 290 307 512 608 821 1107 1498 1789 1889 2083 2256 2302 2337 2401 2908 3008 3027 3050 3154 3462 3559 3585 3837 3901 4147 4223 4242 4352 4597 4633 4647 4691 4744 4895
423	7	191	4	291 554 605 645 964 1006 1056 1114 1117 1163 1365 1570 1604 1634 1934 1994 2219 2323 2332 2389 2543 2549 2609 2705 2883 3016 3030 3094 3165 3177 3394 3873 3991 4193 4493 4552 4758
426	4	120	4	294 477 518 542 644 663 678 734 1226 1358 1372 1584 1611 1880 1938 2084 2160 2369 2472 2652 2764 2985 3070 3137 3171 3229 3277 3453 3480 3666 3755 3778 3992 4088 4185 4274 4288 4379 4638 4801 4869
459	38	268	4	221 383 611 655 738 752 753 1080 1222 1560 1605 1754 1784 1901 1905 2017 2142 2252 2330 2432 2435 2486 2671 2709 3013 3078 3303 3584 3684 3886 3912 4042 4196 4366 4405 4609 4660 4993
540	8	231	4	53 130 309 489 860 925 1037 1052 1729 1861 1917 1942 1961 2245 2307 2503 2529 2665 2847 2919 3110 3218 3334 3348 3540 3583 3756 3800 3802 3904 4235 4363 4426 4486 4526 4637 4662 4720 4898 4964
594	3	22	4	6 11 22 27 135 523 1051 1245 1462 1542 1552 1609 1678 1836 1890 1953 2197 2223 2259 2350 2489 2866 3084 3186 3247 3463 3844 3980 4106 4230 4421 4466 4521 4616 4663 4847 4874 4894 4978
53	21	237	4	183 341 415 444 639 647 757 985 996 999 1590 1615 1821 2093 2286 2319 2379 2469 2646 2771 3093 3467 3598 3984 4030 4073 4170 4247 4336 4380 4480 4567 4783 4802 4900 4994
64	35	300	4	9 40 191 284 413 592 709 721 751 771 778 876 1472 1487 1618 1855 1916 2047 2418 2462 2691 2710 2837 2911 3000 3421 3624 3645 3695 3988 4090 4143 4318 4465 4468 4643
172	40	290	4	78 172 379 589 646 668 930 961 1451 1491 1517 1652 1704 1856 1984 2022 2473 2632 2802 2889 2918 3069 3073 3146 3198 3199 3449 3522 3641 4128 4229 4330 4492 4539 4828 4858
229	5	141	4	103 276 279 363 470 562 759 816 931 1311 1573 1597 1659 2125 2371 2382 2478 2928 3029 3047 3286 3310 3451 3460 3484 3656 3830 3970 3973 4104 4545 4754 4904 4909 4915
232	2	202	4	25 91 459 559 813 894 1050 1168 1219 2032 2076 2392 2474 2475 2599 2635 2766 2888 2934 2984 3200 3278 3397 3436 3519 3671 3982 4129 4226 4404 4436 4547 4723 4748 4787 4931
236	22	252	4	129 194 212 391 551 585 595 661 690 741 1213 1357 1423 1608 1612 2031 2112 2236 2305 2498 2673 2903 3202 3221 3283 3290 3337 3681 3746 3849 3974 4285 4487 4759 4781 4979
249	23	197	4	14 39 122 177 361 423 1022 1023 1053 1151 1511 1663 1667 1681 1815 1899 2239 2267 2447 2510 2573 2616 2689 2867 2910 3169 3395 3459 3537 3662 3794 4115 4199 4704 4940 4945
271	18	36	4	255 353 372 478 535 615 674 763 971 973 987 1042 1486 1639 1971 2068 2118 2135 2726 2781 3031 3372 3379 3475 3642 3654 3884 4117 4145 4166 4212 4339 4342 4682 4711 4741 4832 4891 4969
308	15	25	4	120 550 572 600 628 676 1384 1453 1459 1769 1833 1982 2294 2316 2370 2542 2556 2739 2784 2945 3012 3074 3113 3226 3250 3350 3753 3923 3930 3969 4075 4491 4585 4605 4875 4885 4962
434	14	242	4	59 72 226 365 457 508 541 619 850 1028 1063 1261 1294 1640 1834 1883 1922 1925 2411 2471 2487 2497 2596 2701 2708 2959 3416 3588 3752 3881 3924 3958 3971 4071 4568 4850 4908
468	6	267	4	107 145 224 409 445 488 552 896 952 956 1060 1131 1366 1559 1827 1893 2102 2114 2238 2298 2394 2396 2417 3621 3767 3777 3809 3895 3954 4167 4172 4253 4411 4579 4661
470	25	35	4	50 319 370 451 1152 1722 1808 1892 1929 1955 2025 2064 2179 2385 2413 2424 2519 2534 3089 3336 3454 3553 3554 3727 3763 3768 3851 3866 4224 4373 4460 4512 4645 4830 4881
471	32	268	6	30 121 194 361 365 540 768 944 1069 1091 1377 1650 1788 1820 1834 2020 2036 2318 2350 2385 2405 2416 2526 2810 3086 3202 3479 3714 3812 3921 4299 4339 4696 4818
495	28	100	4	258 317 1292 1332 1489 1825 1907 2027 2034 2375 2428 2578 2582 2747 2915 2954 3183 3217 3258 3262 3295 3401 3424 3533 3640 3741 3822 4125 4215 4463 4548 4582 4607 4816 4918
558	1	163	4	63 106 219 300 327 399 546 667 773 789 1045 1400 1470 1510 1581 2039 2204 2312 2363 2516 2875 2972 3285 3298 3615 3686 3749 3843 3945 4101 4245 4396 4498 4677 4727 4760 4788 4792 4886
568	36	224	4	367 555 610 735 801 808 861 1132 1224 1569 1571 1703 1744 1968 2006 2108 2206 2222 2274 2460 2480 2662 2674 2853 3194 3497 3694 3812 3894 4156 4177 4266 4358 4590 4809 4889
593	20	227	4	125 344 483 503 591 594 796 1174 1220 1433 1624 1689 1838 1910 1957 1988 2171 2257 2391 2412 2572 2607 2613 2767 2787 2996 3033 3112 3324 3657 3737 3788 4515 4584 4613 4786 4806
59	9	188	4	48 322 516 579 929 940 957 1164 1649 1655 1718 1909 1959 2094 2143 2315 2334 2502 2606 2748 2790 2884 2885 2916 3025 3249 3596 3668 3735 3876 4047 4206 4433 4527 4631 4939 4944
89	34	102	4	169 228 320 376 414 632 862 928 966 1039 1170 1181 1202 1835 1983 2003 2129 2388 2405 2619 2786 3331 3493 3601 3955 3964 4062 4109 4239 4448 4516 4519 4533 4735 4770 4818 4973
96	30	105	4	3 90 197 248 377 388 430 807 826 911 946 1097 1175 1204 1329 1500 1593 1644 1709 1914 2266 2408 2523 2844 2913 3032 3138 3167 3230 3319 3541 3720 4009 4072 4399 4481 4698 4905
97	11	270	4	2 95 115 215 347 394 416 587 777 1040 1059 1461 1585 1589 1636 1772 1873 2146 2293 2296 2482 2914 3006 3172 3215 3382 3500 3629 3699 3781 4002 4280 4286 4509 4615 4658
133	17	255	4	47 77 231 254 354 492 656 902 1015 1269 1295 1325 1503 1575 2012 2062 2360 2537 2778 2799 2896 2926 3054 3305 3307 3563 3831 3950 3977 3979 4181 4204 4942 4954
134	27	261	4	68 223 371 385 400 651 774 1124 1264 1310 1390 1625 1920 1995 2055 2132 2275 2638 2640 2647 2695 2773 3144 3256 3282 3555 3581 4163 4191 4194 4246 4461 4508 4614 4636 4719
141	33	79	4	45 257 547 654 746 875 890 984 1194 1238 1720 2061 2163 2264 2354 2387 2476 2530 2654 2728 2791 3020 3257 3321 3364 3477 3486 3529 3576 3647 3959 4175 4728
225	26	131	4	54 576 756 799 879 942 997 1027 1127 1225 1239 1411 1641 1843 1896 2024 2043 2080 2113 2249 2383 2484 2627 2874 3205 3236 3245 3713 3765 3826 4142 4263 4391 4437 4634 4697 4838 4934
399	19	290	6	239 276 286 390 440 627 908 926 1134 1206 1324 1388 1397 1534 2127 2196 2260 2409 2459 2505 2520 2522 2534 2627 2699 2781 2942 3147 3374 3444 3476 3573 3678 3935 3987 4476 4660 4939
429	13	29	4	58 147 410 426 505 574 1025 1090 1361 1599 1602 1626 1921 2095 2119 2178 2216 2449 2583 2993 3014 3058 3123 3663 3915 3985 3994 4044 4138 4214 4348 4374 4554 4644 4655
435	37	69	4	42 233 338 573 798 923 934 965 1260 1306 1448 1777 1842 1885 2036 2211 2288 2338 2359 2567 2717 2864 2909 2976 3024 3366 4231 4335 4490
553	31	2	6	231 356 379 525 581 591 592 715 1029 1081 1719 1800 1981 1982 2165 2190 2231 2257 2418 2604 2643 2738 2853 2912 3092 3224 3338 3466 4197 4247 4379 4796 4879 4949
596	10	16	6	300 306 327 417 425 575 696 769 784 872 1043 1233 1320 1635 1915 2058 2353 2721 2802 2937 2978 3127 3193 3259 3315 3325 3447 3452 3562 3597 3715 3728 4369 4483 4564 4565
28	16	160	6	75 453 688 743 793 994 1101 1248 1473 1529 1549 1919 2057 2087 2116 2133 2141 2487 2587 2727 2766 2910 3164 3214 3470 3561 3587 3757 4195 4413 4709 4844 4890 4959
50	39	182	6	21 110 207 230 557 589 867 1275 1468 1563 1609 1637 1795 1840 1904 1972 2125 2300 2344 2625 3206 3382 3670 3848 3925 3997 4083 4093 4537 4545 4599 4662 4715 4846 4852
148	12	42	6	153 268 713 721 726 968 982 1270 1312 1467 1749 2046 2098 2147 2228 2263 2402 2412 2435 2724 2934 3330 3416 3482 3516 3998 4142 4178 4283 4469 4552 4621 4737 4864
153	24	47	6	160 200 282 1040 1146 1213 1293 1579 1618 1641 1718 1841 1923 2009 2320 2422 2432 2465 2591 2975 3004 3043 3102 3265 3407 3504 4028 4066 4149 4275 4277 4458 4681 4833 4855
212	29	266	6	143 217 360 511 673 707 1268 1277 1395 1539 1667 1701 1731 1952 2001 2182 2273 2277 2324 2367 2458 2494 2790 3369 3580 3631 3752 3791 4246 4313 4396 4499 4816
244	7	11	6	50 256 291 420 515 729 831 892 942 1025 1184 1295 1513 1764 2403 2480 2497 2835 2836 2877 2989 3163 3372 3450 3652 3980 4233 4639 4671 4710 4721 4724 4958
315	4	296	6	247 305 343 388 395 530 653 796 1036 1052 1382 1752 1859 1905 2161 2171 2293 2803 2863 2878 2884 2925 2979 3358 3722 3758 3776 4154 4180 4350 4553 4586 4769 4946
335	38	284	6	7 65 457 636 669 703 753 832 1018 1124 1183 1392 1744 1874 1993 2053 2140 2156 2780 2895 3096 3156 3641 3832 3930 4287 4296 4434 4446 4453 4528 4561 4603
336	8	155	6	84 163 302 477 644 697 842 881 1104 1427 1562 1565 1608 1723 1775 2070 2241 2581 2621 2817 2893 3285 3438 3602 3608 3716 4118 4433 4655 4684 4869 4907 4941 4956 4989
359	3	5	6	226 234 704 723 899 1361 1538 1645 1700 1861 1921 1996 2158 2441 2467 2492 2535 2598 2998 3012 3031 3255 3431 3574 3591 3606 3782 3858 3871 3918 4006 4048 4517 4535 4806
382	21	143	6	19 414 439 760 1117 1498 1692 1694 1705 1853 2143 2509 2647 2683 2715 2785 2922 2932 2954 3019 3025 3066 3297 3318 3456 3686 3741 3865 3937 3951 4029 4041 4166 4426 4500 4842
387	35	43	6	101 159 250 373 611 705 935 1073 1111 1139 1317 1417 1477 1487 1614 1668 1693 1702 1802 2124 2200 2211 2387 2498 2553 3061 3100 3187 3305 3617 3811 4324 4403 4682 4785 4984
445	40	140	6	9 271 456 903 1058 1066 1202 1221 1230 1322 1465 1499 1756 1803 1848 2169 2253 2377 2395 2500 2783 2941 2968 3183 3190 3398 3406 3488 3698 3845 4044 4064 4152 4228 4366 4927
450	5	186	6	62 81 105 311 357 635 679 808 838 906 920 1335 1451 1738 1933 2137 2272 2366 2719 2928 3134 3149 3348 3528 3790 4035 4108 4150 4288 4354 4422 4460 4648 4706 4992
483	2	204	6	283 307 401 517 519 552 624 625 939 1141 1151 1369 1683 1697 1970 2002 2088 2334 2404 2573 2796 3016 3135 3433 3642 3650 4042 4168 4281 4779 4786 4955
493	22	192	6	76 85 151 491 531 617 675 714 732 820 1093 1110 1198 1344 1506 1617 1917 2154 2479 2571 2580 2675 2684 2996 3335 3366 3478 3651 3682 3995 4129 4252 4635 4666 4914
494	23	288	6	185 215 229 333 378 523 687 828 915 1516 1521 1649 1748 1810 1918 2043 2064 2222 2436 2612 2882 3062 3533 3630 3633 3646 3680 4115 4257 4370 4410 4468 4530 4960
516	18	53	6	113 188 278 403 912 997 1218 1281 1459 1469 1502 1639 1983 2031 2067 2188 2411 2413 2515 2844 2950 3152 3343 3434 3589 3626 3840 3981 4059 4334 4359 4462 4491 4496 4512 4623
521	15	219	6	400 584 661 804 874 1121 1130 1196 1630 1673 1762 2138 2248 2311 2313 2322 2325 2440 2541 3103 3119 3274 3306 3365 3448 3501 3859 4033 4051 4320 4461 4580 4614 4723
547	14	283	6	8 15 39 131 139 168 863 1008 1243 1300 1429 1985 2455 2488 2967 3257 3381 3401 3467 3729 3860 3964 3975 4094 4139 4165 4171 4330 4411 4465 4551 4571 4620 4688 4868
577	6	277	6	722 901 1003 1195 1207 1239 1455 1501 1661 1829 2101 2168 2213 2230 2343 2739 2755 2899 3283 3304 3345 3487 3524 3779 3968 4050 4053 4272 4425 4471 4507 4629 4714 4929 4936
18	25	205	6	381 411 471 992 1046 1061 1128 1190 1274 1356 1418 1420 1547 1578 1592 1773 1969 2016 2050 2195 2396 2812 2995 3178 3357 3427 3459 3546 3696 3967 3986 4105 4306 4504
30	32	43	8	61 149 310 493 611 734 954 1241 1484 1520 1573 1598 1655 1663 2430 2440 2743 2813 2834 2883 2884 3026 3087 3376 3417 3675 3682 3775 3859 4333 4666 4905
73	28	93	6	330 376 527 605 1129 1472 1514 1599 1652 2105 2218 2291 2607 2735 2927 3055 3212 3313 3340 3494 3507 3874 3891 4148 4153 4220 4221 4255 4493 4675 4729 4761 5000
81	1	115	6	57 187 840 898 917 1084 1334 1383 1428 1431 1524 1606 2205 2224 2262 2270 2626 2665 2765 2814 3161 3449 3515 3567 3622 3627 3667 3725 3906 3996 4122 4169 4270 4310 4445
90	36	15	6	26 372 465 567 631 724 1001 1387 1497 1566 1590 1785 2315 2362 2542 2597 2784 3051 3140 3198 3290 3468 3525 3535 3594 3700 3923 4065 4402 4490 4598 4720 4742 4798 4825
98	20	31	6	478 570 641 1035 1038 1085 1215 1263 1527 1629 1927 2296 2339 2463 2490 2559 2758 2821 2851 3093 3122 3227 3445 3637 3675 3688 3866 3931 3989 4207 4600 4784 4791
110	9	134	6	117 223 243 266 323 325 350 550 562 565 571 855 895 953 959 1016 1098 1143 1236 1769 1902 2019 2368 2868 2956 3023 3221 3251 3322 3458 3530 3543 3595 3785 3798
152	34	70	6	92 402 404 486 509 887 1071 1109 1158 1179 1181 1297 1471 1512 1811 1858 1938 2056 2611 2749 2767 3292 3347 3588 3619 3640 3761 3784 3912 3994 4230 4284 4327 4801 4951
160	30	52	6	49 82 98 109 240 273 496 586 830 1131 1157 1259 1391 1478 1615 1686 1967 2862 3148 3170 3232 3411 3628 3711 3960 4046 4204 4297 4423 4452 4488 4497 4693 4716 4753 4839
216	11	151	6	54 182 208 569 577 634 788 856 957 1159 1240 1282 1330 1336 1766 1849 1882 2037 2094 2335 2382 2406 2947 2992 3590 3601 3754 3896 4367 4540 4680 4776 4976
258	17	98	6	504 549 638 708 1021 1191 1253 1256 1404 1449 1765 1868 2223 2544 2586 2679 2879 2913 3138 3179 3388 3443 3453 3609 3804 3834 3873 3915 4014 4031 4125 4374 4596 4692 4938
304	27	207	6	123 460 972 1062 1088 1209 1245 1443 1476 1571 1732 1963 2080 2592 2639 2708 2734 2756 2773 2820 2894 2936 3081 3117 3901 3916 4113 4186 4218 4278 4438 4803
313	33	280	6	100 128 498 510 532 656 719 814 916 937 1162 1432 1704 1725 1852 2495 2561 2660 2948 3287 3389 3429 3489 3585 3712 3766 3883 4026 4202 4245 4361 4521 4613 4845
317	26	34	6	214 308 320 392 469 607 623 720 1120 1286 1305 1865 2014 2026 2186 2207 2220 2346 2407 2971 3039 3296 3352 3402 3852 3976 4015 4210 4444 4516 4590 4659 4695 4765 4808
329	13	238	6	248 337 449 497 610 612 1090 1135 1352 1729 1750 1789 1943 2086 2247 2457 2579 2636 3015 3021 3032 3041 3128 3173 3213 3268 3284 3391 3465 3755 3863 3944 4291 4658 4717
389	37	84	6	122 136 209 351 428 429 472 513 665 725 1214 1249 1584 1826 1926 1997 2117 2123 2225 2888 3056 3143 3201 3745 3799 3818 4136 4335 4439
403	19	202	8	88 203 251 356 402 476 846 860 923 935 1043 1051 1170 1545 1567 1720 1768 1975 2038 2422 2429 2595 2788 3071 3089 3143 3176 3233 3301 3491 3733 4210 4376 4377 4400 4733 4814
437	31	196	8	70 132 470 592 653 773 776 910 1106 1129 1369 1413 1478 2115 2712 3163 3249 3305 3402 3471 3934 3936 3938 3941 3948 3974 4104 4279 4338 4467 4531 4574 4861
469	10	187	8	90 144 231 297 683 700 758 1035 1157 1217 1448 1642 1761 2035 2199 2341 2426 2598 2720 2731 3092 3102 3110 3201 3360 3397 3795 3976 4019 4046 4215 4492 4718 4853 4863 4922
538	16	269	8	173 216 531 885 1168 1698 2044 2120 2216 2241 2263 2428 2589 2761 2873 3027 3061 3098 3118 3188 3277 3407 3440 3723 3747 3904 4113 4207 4212 4222 4248 4503 4513 4782 4785 4843
557	39	247	8	115 178 298 477 503 624 637 743 746 817 1661 1789 1858 1879 1944 2084 2242 2447 2648 2900 3056 3294 3315 3639 3654 3770 3921 3949 4159 4442 4763 4829 4887 4973
572	12	184	8	24 163 772 818 1064 1094 1464 1553 1637 2010 2100 2140 2310 2410 2457 2711 2777 2992 3244 3569 3614 3709 3891 3958 4071 4309 4327 4558 4564 4849 4850 4933
581	24	18	8	190 240 325 355 809 919 981 1209 1225 1361 1364 1446 1676 1803 1892 2135 2206 2365 2383 2864 3001 3414 3634 3636 3862 3893 3930 3999 4109 4242 4286 4291 4601 4618 4702
21	29	197	8	52 171 321 749 964 1009 1079 1412 1489 1577 1578 1925 2041 2456 2719 2727 2789 2854 2914 3024 3155 3425 3510 3628 3662 3690 4182 4490 4523 4713
34	7	293	8	572 618 689 709 1041 1105 1441 1516 1576 1730 1874 2009 2052 2401 2479 2529 2618 2682 2807 2812 2887 3426 3603 3691 4042 4202 4256 4276 4314 4351 4352 4443 4457 4807
79	4	168	8	336 343 492 500 777 827 926 1220 1480 1611 1660 1709 1902 1903 1969 2298 2420 2542 2549 2559 2984 3035 3351 3523 3577 3638 3680 4312 4425 4872
112	38	152	8	280 535 580 774 1024 1078 1126 1219 1232 1243 1321 1332 1435 1443 1911 2145 2165 2303 2917 3037 3270 3404 3550 3616 3721 3826 3957 4169 4591 4623 4665 4708 4729 4900 4952
128	8	250	8	279 802 887 967 1179 1347 1428 1460 1476 1708 1867 1931 1958 1976 1989 2053 2251 2423 2521 2680 2847 2938 2943 3222 3791 3912 3995 4072 4102 4140 4383 4396 4768 4927
138	3	97	8	42 69 109 347 379 409 544 614 1031 1135 1173 1308 1662 1702 1739 1771 1795 2070 2119 2154 2808 2921 3473 3480 3701 3864 3888 4030 4142 4828 4844 4953 4987
140	21	263	8	196 229 289 439 514 670 707 869 989 1058 1159 1362 1560 1643 1978 2200 2570 2778 2811 2839 3052 3197 3377 3382 3463 3635 3641 4129 4348 4511 4517 4689 4910
158	35	162	8	193 457 463 482 841 999 1501 1531 1557 1581 1869 2337 2379 2560 2701 2806 2831 2833 2998 3183 3289 3384 3432 3633 3922 3927 4032 4050 4069 4316 4344 4427 4745 4780 4994
166	40	94	8	133 145 184 365 368 467 665 679 717 819 856 1228 1547 1881 1912 1998 2062 2176 2177 2279 2797 2829 3028 3036 3174 3266 3630 3917 4670 4773 4777 4947
188	5	57	8	181 345 486 532 652 731 830 873 1117 1132 1388 1434 1504 1537 1617 1632 2016 2110 2333 2624 2893 2906 2963 3142 3195 3240 3779 4244 4249 4322 4466 4617 4893
204	2	287	8	5 221 259 319 536 627 938 1002 1030 1038 1089 1189 1212 1403 1616 1723 1950 2037 2425 2672 2709 2857 3043 3306 3389 3643 3665 3742 3746 4126 4177 4626 4669 4726 4832 4962
210	22	148	8	16 111 456 775 805 927 994 1054 1062 1070 1138 1196 1707 1733 1852 2148 2261 2270 2621 2732 3047 3108 3136 3234 3586 3663 3679 3752 3773 3783 4034 4105 4392 4728 4769 4965
217	23	159	8	46 97 434 527 687 698 892 1074 1116 1291 1354 1422 1601 1618 1678 1700 1891 1985 2411 2579 2616 2945 3158 3173 3399 3528 3687 3776 3854 4176 4206 4217 4342 4402 5000
238	18	150	8	235 372 1080 1110 1372 1552 1780 1957 1990 2071 2113 2469 2502 2525 2528 2545 2596 2757 3005 3065 3074 3083 3154 3308 3567 3609 3722 3739 3878 4584 4808 4873
261	15	243	8	182 261 265 284 549 601 729 1107 1161 1256 1410 1923 2004 2208 3051 3105 3109 3490 3660 3698 3735 3865 4150 4246 4295 4452 4464 4482 4619 4647 4712 4822 4915
264	14	22	8	35 135 230 608 640 785 897 1270 1271 1429 1528 1595 1628 1688 1898 2136 2603 2640 2845 3033 3120 3150 3329 3375 3393 3645 3647 3848 4112 4132 4350 4674 4677 4706 4837 4854
268	6	151	8	29 233 239 274 539 623 660 783 951 1022 1211 1381 1391 1494 1566 1745 1896 1987 2467 2492 2663 2907 3215 3223 3251 3423 3515 3521 3554 3653 4067 4292 4313 4535 4690
291	25	166	8	76 376 498 543 793 801 1053 1086 1091 1396 1450 1570 1605 1741 1890 1988 2103 2201 2399 2424 2510 2517 2614 2666 2830 3227 3475 3592 3768 4020 4170 4308 4328 4525 4668
292	28	281	8	224 312 449 626 677 690 711 876 1125 1297 1664 1966 2152 2167 2311 2738 2742 2866 3046 3054 3265 3717 3845 3887 4076 4085 4087 4502 4580 4628 4642 4648 4750 4916
296	1	208	8	672 888 979 1174 1268 1306 1331 1400 1490 1529 1532 1613 1626 1936 1962 2074 2448 3008 3022 3241 3323 3412 3435 3683 3821 3907 4057 4324 4446 4498 4573 4930
318	32	18	10	360 885 1014 1081 1361 1445 1642 1838 1940 2002 2225 2317 2573 2716 2871 3080 3547 3570 3639 3674 3694 3777 3839 3842 3949 3993 4040 4200 4429 4438 4517 4611 4815 4956
341	36	117	8	232 314 509 513 643 730 807 863 870 1076 1148 1198 1214 1454 1629 1908 1916 1939 2029 2193 2195 2516 3078 3272 3367 3796 4074 4240 4567 4651 4671 4857 4937
343	20	124	8	342 461 556 630 728 1061 1327 1479 1602 1716 1775 1798 2055 2174 2285 2493 2617 2674 2751 2935 3044 3170 3191 3506 3613 3798 3943 4014 4205 4335 4678 4817 4824
344	9	155	8	92 106 220 352 403 407 588 649 745 804 849 949 1154 1417 1699 2289 2296 2438 2564 2609 2760 2785 2824 3041 3126 3823 3908 3962 4023 4371 4494 4816 4884 4925
367	34	257	8	143 267 358 410 432 576 578 645 722 763 766 1100 1155 1350 1374 1810 1831 1956 1959 2032 2117 2335 2369 2550 2740 3208 3268 3324 3513 3669 4218 4259 4997
377	30	6	8	191 249 340 419 505 909 1278 1337 1345 1511 1518 1992 2150 2202 2253 2658 2739 2763 2822 2898 3168 3763 3963 4039 4111 4131 4193 4358 4468 4632 4643 4836 4864 4966
396	11	73	8	162 179 675 754 794 806 941 986 1042 1255 1360 1487 1569 1579 1671 1722 1787 2361 2373 2509 2879 3018 3097 3162 3368 3500 3514 3611 3797 3866 3968 4241 4679 4772 4805
417	17	51	8	119 583 612 835 918 920 1603 1646 1697 1791 1814 1829 2096 2236 2515 2773 2911 3100 3415 3422 3656 3697 3871 4162 4198 4232 4353 4395 4406 4543 4977
419	27	233	8	17 55 270 302 313 553 1000 1141 1696 1935 1994 2130 2131 2217 2323 2376 2491 2552 2937 2999 3038 3224 3291 3293 3343 3380 3829 3899 3913 4139 4364 4435 4559 4764 4875 4919 4942
430	33	136	8	380 541 810 825 853 907 1102 1156 1265 1587 1815 1901 1910 1997 2049 2302 2331 2364 2380 2554 2556 2566 2799 2896 2930 3290 3326 3332 3676 4049 4115 4166 4359 4551 4589
448	26	38	8	93 161 201 364 542 625 644 701 800 939 957 1342 1357 1383 1418 1592 1638 1653 1893 1918 1949 2101 2149 2468 2805 3625 3850 4080 4133 4440 4566 4841 4926 4950
496	19	269	10	377 457 940 1004 1020 1026 1036 1153 1187 1414 1570 1896 1908 1989 2630 2763 2941 3063 3155 3350 3458 3503 3538 3556 3653 3729 3990 4020 4064 4192 4380 4549 4598 4791 4823 4865
542	13	218	8	117 136 300 329 448 474 484 567 613 928 973 1190 1565 1850 2212 2388 2458 2606 2632 2919 3202 3216 3237 3347 3551 3605 3624 4282 4541 4667 4799 4815 4830
573	37	84	8	157 581 715 1048 1143 1176 1575 2040 2042 2198 2318 2390 2584 2791 3067 3182 3213 3298 3303 3448 3707 3724 3756 3971 4026 4082 4095 4356 4499
589	31	214	10	99 229 238 302 491 610 761 852 960 969 1018 1209 1335 1525 1559 2704 2838 2897 2931 3166 3383 3476 3707 3903 3937 4091 4117 4176 4402 4417 4756 4838 4959
7	10	225	10	100 246 254 485 569 664 719 997 1170 1371 1540 1596 1664 1724 1779 2168 2581 3520 3577 3644 3854 3898 3959 3979 4068 4235 4533 4650 4693 4939
11	16	260	10	42 55 382 594 608 722 974 1430 1555 1641 1656 1854 2187 2434 2681 2703 3101 3131 3336 3552 3667 3734 3880 4093 4134 4196 4373 4649 4676 4905 4966 4967
14	39	130	10	116 386 456 710 811 1044 1591 1748 1836 1928 2132 2155 2203 2242 2297 2474 2475 2769 2787 2841 3122 3330 3518 3598 3769 3850 4230 4295 4360 4730 4789 4813 4969
16	12	141	10	24 62 86 159 192 358 431 604 660 1260 1276 1406 1429 1441 1625 1647 1657 1721 1812 1816 1819 2097 2219 2363 2464 2690 3028 3198 3483 3568 3731 3938 3950 4394 4862
20	24	60	10	84 447 464 494 626 728 841 1041 1147 1218 1743 1781 1841 1903 2139 2362 2397 2407 2486 2541 2662 2755 2798 2983 2988 3105 3253 3534 3548 3705 3890 4421
27	29	210	10	77 184 273 481 566 677 1051 1263 1419 1544 1634 2116 2181 2405 2467 2495 2862 2869 3077 3081 3112 3255 3327 3455 3533 3714 3773 4071 4085 4430 4584 4624 4688 4847 4866
66	7	270	10	59 151 264 380 404 1089 1139 1242 1254 1281 1382 1396 1538 1758 2022 2085 2331 2424 2834 3045 3205 3508 3525 3593 3829 3868 4001 4175 4300 4392 4636 4964
68	4	173	10	41 122 308 438 514 533 860 1122 1173 1303 1380 1472 1477 1508 1545 1580 1622 1668 1745 2162 2444 2671 3670 3732 3774 4097 4105 4627 4669
99	38	256	10	130 143 207 228 236 344 516 591 871 945 1030 1095 1161 1324 1363 1415 1693 2387 2832 3386 3521 3567 3786 3828 4083 4162 4198 4216 4237 4311 4546 4616 4790 4922
101	8	232	10	134 303 441 663 795 907 922 1059 1097 1528 1673 1873 1952 2031 2058 2226 2298 2344 2398 2654 2668 2815 2922 3181 3229 3791 3800 4063 4186 4231 4289 4854
124	3	298	10	204 434 593 615 646 744 772 1157 1237 1706 1857 2285 2550 2653 2830 2859 2965 3027 3241 3427 3464 3563 3683 3788 4052 4304 4326 4770 4784
190	21	17	10	58 275 357 577 583 667 691 1251 1304 1420 1704 1793 1845 1887 1943 2114 2379 2772 2913 3066 3289 3444 3718 4025 4153 4251 4339 4441 4553 4571 4701 4795 4920
200	35	92	10	253 425 587 802 905 924 1068 1143 1201 1457 1466 1537 1833 2003 2051 2069 2072 2205 2291 2477 3614 3929 3964 4278 4369 4512 4544 4659 4811 4897 4921
215	40	40	10	50 203 333 445 515 794 827 1000 1192 1296 1347 1756 1977 2166 2173 2313 2503 2521 2535 2622 3021 3106 3240 3437 3650 4100 4182 4267 4557 4563 4587 4704 4749
246	5	90	10	33 108 227 335 418 513 528 848 917 1134 1370 2104 2120 2284 2292 2378 2410 2489 2642 2706 2948 3061 3182 3288 3461 3509 3661 3737 4030 4043 4161 4609 4873
252	2	146	10	152 206 473 678 702 790 1612 1817 1828 1862 2100 2128 2147 2169 2366 2511 2656 3332 3378 3400 3561 3841 4021 4187 4206 4214 4234 4320 4495 4725 4843
255	22	165	10	71 118 149 167 265 288 389 422 497 645 718 1106 1562 1564 1799 2033 2324 2587 2646 2733 2850 2855 2890 2995 3220 3247 3261 3263 3399 3985 4318 4526 4842 4879 4962
287	23	72	10	89 114 461 725 1101 1269 1321 1722 1907 1972 2049 2050 2086 2481 2626 3100 3107 3167 3202 3213 3254 3419 3428 3450 3659 3808 3961 3977 4273 4306 4470 4932
301	18	126	10	56 225 373 379 502 659 854 1048 1232 1316 1388 1504 1527 1604 1685 1714 2252 2345 2514 3597 3889 3920 4151 4735 4782
322	15	19	10	169 348 527 1572 1631 1730 1759 1884 2065 2179 2261 2376 2482 2508 2547 2777 2878 3029 3145 3895 4165 4375 4414 4456 4463 4578 4687 4787 4880 4896 4902
325	14	245	10	16 182 415 546 674 714 752 1104 1620 1636 2108 2356 2373 2427 2860 3073 3172 3186 3342 3472 3605 3664 4058 4121 4126 4172 4195 4229 4469 4713 4732 4899 4940
361	32	40	12	6 43 232 263 362 499 517 1208 1533 1746 1786 2025 2580 2595 2610 2742 2750 2843 2975 2982 3070 3207 3276 3492 3742 3806 3917 4267 4270 4417 4704
374	6	189	10	112 314 511 657 971 1223 1258 1482 1837 2020 2035 2445 2698 2865 2940 3024 3054 3090 3099 3232 3411 3448 3602 3634 3655 3708 3988 4255 4269 4938 4989
383	25	57	10	150 222 223 458 560 600 999 1019 1098 1289 1291 1358 1427 1692 1827 1880 1962 2195 2210 2290 2293 2456 2565 2621 2744 3121 3323 3373 3536 4062 4252 4316 4400 4849
424	28	161	10	390 416 475 552 623 737 748 750 935 950 1443 1474 1571 1818 2500 2530 2625 2780 2796 3468 3488 3747 3790 3804 3970 4017 4418 4515 4638 4977 4985
431	1	107	10	131 211 252 272 393 675 835 1001 1071 1355 1375 1519 1551 1662 1761 1899 2526 2575 2785 3019 3335 3339 3380 3390 3662 3883 3986 4007 4013 4275 4876
457	36	58	10	140 371 640 765 791 891 1159 1267 1449 1450 1563 1645 1681 1738 1791 1900 2068 2404 2602 2606 3006 3319 3613 3758 3776 3931 4181 4366 4513 4532 4592 4798
477	20	33	10	12 270 843 1058 1224 1695 1878 2160 2161 2182 2184 2193 2558 2578 2741 2960 3204 3244 3369 3371 3415 3549 3746 3849 3943 3947 4382 4431 4467 4516 4558 4559 4841
512	9	49	10	703 889 903 989 1752 1810 1891 2335 2414 2476 2568 3356 3438 3489 3512 3601 3638 3762 3847 3882 3940 3952 4081 4089 4110 4149 4296 4319 4332 4443 4494 4608
534	34	122	10	45 198 244 476 501 508 537 603 864 994 1123 1240 1442 1541 2322 2460 2589 2853 2936 2997 3168 3359 4016 4090 4565 4625 4641 4771 4812 4971
575	19	17	12	236 334 396 659 840 905 1080 1148 1745 1757 1987 2152 2295 2447 2472 2513 2546 3109 3171 3289 3304 3476 3688 3796 3798 3827 3925 3946 3993 4099 4666 4712 4756
578	30	71	10	217 301 326 353 388 590 762 798 908 1008 1244 1646 1813 1870 2152 2228 2341 2437 2907 3030 3115 3225 3374 3479 3623 3692 3792 4004 4133 4141 4158 4282 4999
583	11	297	10	10 47 205 1028 1066 1394 1568 1594 1663 1698 1754 1804 1868 2005 2129 2172 2259 2368 2423 2717 2721 2784 2804 3007 3062 3610 3811 3830 3875 3981 4184 4233 4344 4986
586	17	30	10	123 214 612 634 706 716 747 874 1127 1338 1481 1593 2527 2564 2610 2725 2961 2962 2977 2984 3060 3065 3379 3412 3462 3502 3649 3802 4037 4327 4385 4528 4599 4685 4715
15	27	279	10	31 260 293 413 736 803 932 1342 1454 1659 2017 2146 2321 2649 2714 2807 2819 3530 3627 3822 4005 4183 4201 4305 4527 4534 4674 4965
19	33	32	10	324 408 597 682 756 784 975 1171 1302 1687 2014 2233 2436 2491 2679 2746 2756 2843 2951 3076 3114 3132 3143 3190 3812 4301 4404 4524 4961
25	26	262	10	435 723 726 1100 1183 1368 1404 1898 2000 2019 2112 2260 2352 2864 2973 3057 3095 3265 3372 3439 3481 3879 4000 4179 4265 4510 4595 4804 4837
31	31	232	12	199 222 256 503 706 828 877 1204 1227 1229 1656 1794 1960 2024 2579 2647 3114 3135 3155 3314 3614 3762 3805 3907 3998 4176 4385 4509 4525 4775
36	13	1	10	287 315 444 642 759 955 1046 1112 1976 2028 2177 2567 2792 2863 3159 3292 3324 3345 3367 3524 3603 3874 4008 4377 4405 4646 4821 4875 4934 4957
54	37	215	10	13 234 411 988 1142 1177 1184 1385 1958 2040 2384 2451 2501 2519 2590 2620 2852 3088 3210 3211 3248 3579 3768 3972 4262 4473 4758 4848 4850
120	10	67	12	110 832 862 895 990 1031 1120 1129 1440 1541 2174 2249 2704 2739 2862 2987 3058 3139 3594 3741 3892 4001 4131 4349 4847 4866 4885 4970
149	16	46	12	133 727 768 844 884 1074 1095 1134 1299 1343 1346 1416 1543 1583 1680 1689 1743 1965 1983 2095 2204 2271 2585 2884 3029 3237 3718 3732 4100 4707 4916
157	39	235	12	30 157 571 582 606 1314 1643 1735 2018 2032 2040 2185 2443 2639 2786 2874 3150 3214 3581 3672 3842 3934 4011 4017 4024 4045 4321 4337 4458 4501 4728
159	12	195	12	7 8 52 197 250 658 782 829 1182 1727 1831 2089 2141 2143 2151 2304 2320 2390 2396 2427 2628 3005 3077 3178 3204 3461 3464 4063 4287 4338 4480 4508
162	24	113	12	135 195 335 431 947 1318 1338 1802 1891 2030 2060 2084 2248 2445 2503 2600 2691 2933 2949 3018 3067 3160 3167 3168 3194 3320 3795 4086 4127 4156 4485 4762 4901
175	29	129	12	1 295 890 1028 1108 1370 1409 1501 1513 1589 2054 2365 2395 2670 2685 3031 3062 3179 3223 3337 3446 3500 3800 4130 4249 4266 4269 4450 4810 4831
177	7	56	12	46 113 635 847 1009 1119 1187 1402 1486 1808 1880 1939 2104 2203 2300 2767 3253 3378 3433 3504 3882 3983 4315 4482 4549 4617 4628 4948
201	4	170	12	74 325 507 557 762 797 839 889 988 1251 1280 1683 1804 1951 2215 2218 2575 2586 2651 2939 3405 3537 3558 3669 3909 3914 3915 3962 4135 4454 4840 4872 4995
234	38	92	12	134 293 579 688 823 996 1017 1281 1494 1732 2384 2411 2444 2571 2674 2815 2831 2903 2919 3057 3102 3313 3474 3692 3760 3850 4398 4473 4642 4744
241	8	152	12	482 728 766 930 1002 1288 1373 1585 1915 2167 2229 2434 2631 2699 2790 2918 2989 3220 3297 3455 3478 3531 3627 3694 3832 4067 4125 4257 4409 4448 4495 4520 4553 4940
260	3	68	12	286 525 563 621 694 750 972 1171 1191 1197 1350 1690 1788 1847 1883 2301 2584 2648 2680 2762 2804 2849 3090 3238 3386 3723 3792 4157 4164 4323 4415
263	21	248	12	145 283 331 378 544 1212 1294 1701 2099 2127 2187 2318 2875 3087 3126 3410 3444 3573 3972 4043 4119 4228 4233 4303 4397 4440 4568 4607 4632 4653 4742 4941
273	35	181	12	189 382 438 463 504 570 580 812 983 1073 1285 1300 1357 1519 1603 1669 1773 1872 2118 2351 2592 2735 2799 2840 2905 2981 3038 3068 3254 3509 4219 4401 4411 4793
293	40	211	12	185 387 435 502 1304 1506 1540 1797 1822 2402 2403 2470 2641 2997 3016 3430 3552 3746 3751 3831 4171 4199 4201 4271 4785 4829 4882 4921 4925 4944
312	5	178	12	200 558 901 1069 1407 1495 1738 1892 1970 2432 2439 2637 2752 2873 2881 2957 3133 3185 3360 3414 3582 3673 3841 3945 3978 4047 4075 4362 4774 4904
330	2	233	12	351 589 697 743 918 1403 1445 1516 1863 1871 1929 2186 2327 2348 2420 2452 2483 2490 2552 2718 2722 2730 2895 3441 3597 3767 4002 4106 4108 4250 4751 4844 4859
365	22	39	12	10 94 196 453 1114 1276 1412 1422 1523 1562 1594 1658 1733 1886 1943 2673 2955 2972 2983 3011 3055 3497 3604 3649 3855 4012 4080 4140 4424 4946 4963
370	32	39	14	18 403 993 1166 1325 1349 1362 1408 1630 2010 2201 2659 2731 2810 3127 3245 3274 3329 3497 3726 3966 4079 4167 4226 4391 4400 4481 4555 4686 4731 4799 4911 4990
395	23	54	12	1065 1123 1151 1179 1225 1597 1809 2069 2122 2244 2289 2582 2706 2814 2891 2920 2941 2986 3069 3295 3348 3700 3764 4290 4428 4489 4661 4665 4767 4879 4993
428	18	139	12	270 846 899 1135 1340 1771 1805 2009 2043 2114 2139 2321 2364 2463 2839 2924 3033 3063 3196 3550 3624 3896 3981 4010 4071 4154 4523 4612 4651 4942
432	15	109	12	114 126 529 564 859 960 1037 1453 1531 1914 1999 2005 2010 2160 2518 2525 2817 3153 3176 3209 3374 3535 3546 3566 3579 3607 3722 3829 4160 4372 4457 4538 4682
440	14	23	12	62 171 409 424 485 680 985 1024 1100 1651 1924 2173 2209 2511 2566 2976 3022 3189 3261 3267 3336 3901 3976 4052 4070 4179 4208 4236 4564 4893
443	6	138	12	69 174 252 276 341 1372 1520 1616 1697 1800 1824 2065 2197 2350 2555 2618 3040 3074 3173 3250 3270 3395 3715 3874 3926 3996 4297 4391 4680 4923
453	25	99	12	96 173 326 342 538 978 1023 1234 1632 1672 1967 2017 2076 2283 2898 3009 3264 3310 3352 3417 3483 3528 3704 3953 4275 4314 4441 4582 4583
454	28	231	12	237 491 587 732 898 923 953 961 1214 1277 1471 1481 1567 1766 1884 2052 2136 2236 2268 2547 2603 2615 2805 2813 3017 3053 3075 3591 3648 3653 3888 4305 4363 4698
455	1	246	12	254 501 685 720 1178 1180 1253 1500 1507 1586 1610 1705 1839 1954 2026 2165 2440 2694 2732 3439 3636 3814 3982 4046 4077 4096 4727 4733 4797 4830 4982
472	36	5	12	85 151 184 247 713 739 854 1057 1085 1087 1118 1271 1279 1368 1644 1966 2246 2299 2408 2431 2707 2800 2870 2940 3274 3469 4013 4044 4049 4346 4539 4560
482	20	147	12	3 527 818 1364 1466 1550 1657 1674 2097 2345 2493 2539 2548 2698 2768 2953 3094 3353 3404 3601 3666 3911 3952 4091 4322 4576 4580 4644 4697
490	9	230	12	386 427 670 761 900 951 1030 1093 1113 1231 1339 1442 1607 1759 1777 2008 2051 2111 2121 2479 2597 2633 2863 2893 3050 3271 3394 3586 3679 3765 3811 4821 4889 4983
502	34	44	12	32 105 156 401 551 593 753 808 811 849 966 1579 1638 1647 1724 1742 1751 1952 1996 2126 2192 2557 2734 2842 2856 3079 3111 3225 3228 3532 3575 4367 4903
506	30	63	12	297 616 669 886 973 993 1192 1347 1363 1399 1552 1716 2053 2123 2310 2312 2381 2593 2728 3357 3606 3836 3960 4107 4225 4268 4295 4491 4493 4676 4721 4896
508	11	97	12	175 421 757 820 866 928 1076 1267 1514 1660 2011 2202 2259 2695 2721 2755 2860 2985 3117 3217 3256 3381 3754 3778 3803 4074 4204 4462 4913 4976
526	17	30	12	532 605 932 1097 1144 1154 1215 1717 1895 2590 2857 3012 3131 3420 3421 3426 3480 3608 3612 3884 4036 4081 4097 4147 4455 4486 4818 4857 4877 4924
564	19	147	14	381 767 910 980 1016 1029 1484 1705 1807 1927 1979 2088 2155 2346 2510 2529 2615 2743 2817 2971 3099 3212 3226 3370 3721 3738 3974 4126 4169 4376 4653
569	27	264	12	120 368 432 548 568 780 786 791 834 894 1032 1167 1307 1393 1432 1539 1679 1790 1799 2059 2216 2237 2309 2808 3121 3287 3403 3428 3432 3665 3881 4578 4748 4891 4954
587	33	247	12	172 366 439 684 749 792 865 1477 1614 1935 2124 2336 2462 2632 2714 2912 3362 3477 3638 3658 3674 3954 4019 4025 4173 4259 4347 4692 4784 4915
588	26	59	12	340 406 915 927 1228 1317 1601 1710 1812 1829 2064 2093 2184 2189 2255 2425 2506 2658 2676 2796 3766 3786 3835 4161 4194 4234 4341 4404 4445 4554 4740 4846
591	13	26	12	210 251 336 603 626 666 776 822 825 987 1015 1075 1143 1366 1447 1456 1497 1596 2238 2399 2692 2816 3084 3385 3499 3584 3693 3759 3924 4532 4732 4799 4883
22	37	16	12	188 212 213 952 979 1088 1221 1837 1878 2153 2156 2243 2250 2329 2413 2510 2661 2801 2921 3201 3234 3327 3345 3560 3623 3813 4145 4274 4449
47	31	177	14	86 371 428 693 768 1141 1208 1550 1590 1600 1887 2273 3160 3542 3620 3659 3750 3801 3830 3936 4200 4495 4500 4540 4589 4621
104	10	130	14	353 357 543 617 1137 1217 1238 1373 1867 1999 2024 2156 2202 2269 2295 2316 2446 2469 2707 2777 2819 3169 3300 3355 3409 4178 4367 4583 4730 4886 4931
111	16	77	14	77 195 343 764 794 886 1084 1175 1301 1424 1475 2139 2367 2406 2695 2697 2926 3322 3767 3800 4035 4068 4544 4634 4695 4847
116	39	95	14	9 257 260 326 378 561 601 1038 1172 1222 1234 1343 1398 1830 1834 2171 2282 2292 2307 2711 2838 2912 2958 3572 3670 4076 4145 4351 4409 4487 4520 4660
122	12	183	14	131 166 288 419 420 578 583 662 898 1088 1138 1420 1779 1863 2278 2317 2416 2747 2980 2997 3026 3138 3538 3683 3811 3855 3872 3876 4271 4361 4412 4998
125	24	132	14	142 186 246 398 402 450 492 600 1327 1423 1652 1691 1692 1828 1934 1945 2347 2385 2496 2570 2592 2907 3387 3395 3582 3640 3764 4388 4745 4983
136	29	24	14	57 167 306 648 724 839 979 1065 1203 1290 1293 1313 1329 1603 1953 2195 2286 2627 2700 2708 2823 3215 3301 3684 4009 4023 4173 4228 4286 4594 4783
145	7	51	14	19 96 341 355 890 1268 1393 1571 1723 1781 2026 2262 2363 2464 2557 2718 2730 2843 3162 3334 3406 3420 3537 3566 3772 3969 4055 4180 4238 4276 4331 4694 4725
184	4	300	14	369 605 1044 1094 1112 1304 1330 1491 1627 1638 1973 2079 2688 2790 2798 2815 2841 2906 3001 3403 4159 4431 4524 4602 4627 4668 4715 4755 4761 4909
189	38	15	14	37 590 700 739 756 791 811 925 977 1149 1414 1454 1588 1640 1758 2319 2329 2352 2848 3091 3560 3564 3624 4198 4352 4461 4673 4691 4796 4842 4883 4916
193	8	65	14	272 418 692 785 800 903 960 1367 1375 1434 1522 1675 1694 1860 2470 2545 2666 2757 2758 2825 3052 3107 3314 3551 4039 4161 4196 4292 4418 4468 4558 4839 4955
213	3	76	14	48 83 145 155 170 409 470 1060 1201 1365 1437 1525 1589 1610 1611 1664 1729 1734 2245 2361 2466 2643 2740 3034 3306 3496 3705 4098 4637 4751
218	21	75	14	233 339 393 651 749 883 988 1087 1549 1932 1947 2048 2495 3121 3340 3377 3818 3823 3845 3862 3875 4008 4096 4149 4348 4354 4378 4379 4826 4984
219	35	9	14	320 349 474 484 550 553 643 689 727 821 864 865 1322 1726 2172 2297 2692 2839 2876 2951 3039 3227 3313 3375 3430 3579 4550 4672 4721
237	40	286	14	209 411 538 658 680 704 776 852 854 904 1005 1185 1193 1236 1463 2256 2340 2516 2531 3069 3516 3710 3724 3893 3914 3949 4060 4099 4214 4387 4639 4834
242	5	252	14	114 205 279 294 506 833 847 856 1027 1081 1115 1430 1560 1622 2250 2362 2428 2793 2886 3219 3441 3518 3660 3685 3775 4049 4596 4628 4670 4968
243	2	111	14	80 95 214 222 521 571 717 823 1061 1186 1298 1306 1892 1977 1982 2054 2238 2434 2619 2634 2924 3114 3152 3180 3408 3607 3788 4278 4870 4910
253	22	20	14	17 63 88 255 332 712 761 783 1121 1256 1554 2268 2415 2584 2617 2655 2847 3115 3380 3407 3543 3622 3637 3749 3884 4307 4360 4511 4604 4764
283	23	28	14	372 481 1214 1309 1851 1924 1928 2001 2087 2096 2189 2705 2746 2771 2874 2885 3019 3083 3175 3308 3331 3545 3861 4045 4119 4141 4425 4457 4514 4767 4817
288	18	73	14	13 202 857 1055 1119 1255 1285 1381 1818 1884 2003 2176 2291 2449 2473 2574 2594 2605 2716 2927 2982 3365 3410 3469 3615 3732 3894 4152 4371 4565 4753 4833 4849
295	15	158	14	10 121 148 219 404 685 694 1031 1174 1258 1308 1406 1757 1902 1917 2193 2357 3059 3108 3208 3421 3549 3650 3928 3959 4017 4031 4129 4385 4742 4881
345	14	241	14	123 140 149 262 604 690 801 1076 1284 1366 1625 1849 1938 1955 2046 2207 2443 2620 2901 3010 3674 3716 3796 4249 4357 4404 4477 4780 4793
357	6	198	14	153 423 563 655 709 887 1210 1252 1389 1458 1468 1535 1561 1653 1667 1870 1964 2006 2106 2192 2377 2491 2656 2872 3043 3072 3153 3282 3810 3840 4513 4855
360	25	115	14	157 203 681 842 880 1419 1459 1469 1636 2077 2164 2394 2960 3025 3103 3249 3354 3677 3967 3986 4175 4316 4321 4394 4557 4856 4877
369	28	264	14	39 177 358 593 666 788 798 1106 1518 1559 1795 2212 2375 2593 2764 2803 2952 3049 3084 3689 3709 3747 3910 3937 4002 4061 4333 4419
372	1	83	14	165 621 922 1156 1249 1264 1624 1842 2075 2173 2198 2220 2221 2284 2436 2782 3106 3119 3130 3151 3254 3508 3787 3869 3902 3909 3976 4696 4932 4957 4981 4995
379	36	234	14	35 176 488 536 581 607 851 999 1153 1467 1540 1580 1670 1676 1949 2388 2399 2563 2657 2785 2861 2999 3422 3580 3824 4101 4227 4480 4661 4720 4825
388	20	278	14	297 888 926 970 1020 1066 1130 1401 1483 1661 1759 2344 2601 2914 3046 3077 3097 3149 3181 3237 3392 3423 3443 3507 3531 3765 3778 4138 4729 4991
393	9	101	14	30 108 514 609 1078 1333 1512 1538 1701 1821 1832 2030 2036 2345 2369 2515 2562 2604 2654 2875 2910 3125 3134 3172 3236 3527 3608 3740 3922 3941 4728
408	34	206	14	201 226 240 385 415 421 725 1063 1070 1388 1390 1725 1824 2128 2159 2504 2791 2878 2938 3222 3275 3386 3768 3999 4251 4298 4456 4645 4703 4718 4794 4906
412	30	89	14	36 271 304 314 366 435 620 740 966 1205 1426 1557 1673 1740 1786 1874 1966 2181 2600 3082 3411 3644 3645 3766 3837 3853 3961 4004 4355 4484 4789
452	11	131	14	106 267 278 359 582 827 1363 1645 1679 1774 1877 1942 2293 2299 2484 2528 2561 2827 2939 2994 3116 3129 3493 3873 3926 4328 4466 4657 4738 4758 4798 4882
478	17	283	14	150 168 335 346 511 738 781 1139 1229 1265 1292 1410 1496 2050 2095 2333 2338 2520 2536 2623 2929 3020 3120 3150 3156 3232 4265 4449 4606 4712 4775 4802 4854
480	27	10	14	118 189 263 292 334 468 1180 1415 1770 1778 1799 2254 2279 2304 2339 3011 3194 3210 3625 3883 4089 4401 4435 4445 4478 4705 4893 4894 4902 4966
485	33	291	14	55 138 206 308 719 809 871 931 936 956 981 1806 1882 2102 2778 2832 2955 3142 3369 3498 3514 3544 3661 3703 3777 4570 4612 4746 4754 4975
498	26	61	14	119 169 225 352 363 665 778 779 961 1105 1282 1741 1864 2107 2147 2332 2478 2532 2560 2824 2986 3048 3137 3242 3291 3398 3731 3781 4102 4186 4485 4563
499	13	285	14	130 146 412 445 1241 1312 1511 1846 1876 1998 2045 2386 2418 2622 2709 2977 3018 3174 3447 3468 3526 4028 4240 4304 4341 4347 4406 4505 4734 4997
500	37	175	14	40 258 280 494 670 959 1506 1997 2138 2226 2393 2461 2559 2961 3173 3294 3352 3770 3793 3856 3878 3891 4073 4283 4502 4633 4635 4704 4812
519	32	213	16	121 273 347 612 742 848 853 972 1011 1068 1441 1651 1712 1770 1846 2066 2208 2301 2328 2702 2946 2962 3219 3347 3899 3926 3927 4308 4402 4430 4928
520	19	37	16	208 256 538 565 582 608 765 822 828 870 900 918 1287 1365 1479 1803 2023 2092 2448 3175 3365 3458 3697 3763 3943 4171 4333 4384 4631 4848 4852 4890
539	31	33	16	103 472 499 549 771 1280 1285 1740 1842 1937 2138 2330 2400 2453 2599 2642 2744 2795 2849 2934 2964 3511 3720 3822 3946 4172 4253 4506 4595 4657 4866 4913
574	10	182	16	297 437 443 489 782 801 978 1042 1305 1726 1753 2031 2615 2923 2960 2967 3118 3140 3505 3879 3971 4152 4248 4264 4568 4646 4672 4760 4774 4902 4945 4951
580	16	150	16	126 333 434 1196 1234 1371 1903 1957 1963 2078 2123 2177 2188 2227 2288 2303 2631 2735 2763 3030 3333 3380 3719 3755 3799 3813 3857 4331 4531
595	39	2	16	74 408 465 711 1163 1251 1267 1429 1561 1601 1624 1900 1991 2068 2089 2554 3153 3263 3538 4012 4069 4205 4273 4337 4387 4436 4503 4648 4667 4700
12	12	240	16	220 429 432 483 506 1310 1650 1912 2025 2236 2344 2546 2819 2845 2878 3314 3384 3444 3486 3674 3739 3759 3938 4082 4167 4398 4566 4626 4636 4663
40	24	180	16	420 462 695 770 989 1122 1152 1508 1536 1862 1976 2041 2083 2477 2973 3112 3274 3757 3917 4047 4059 4189 4334 4543 4576 4722 4756 4787 4912
45	29	200	16	22 441 515 767 912 933 1092 1451 1452 1678 1755 1893 1918 2097 2433 2846 3214 3258 3728 3913 3989 4258 4260 4356 4444 4454 4524 4588 4739 4874
60	7	265	16	67 100 144 507 594 745 834 929 1003 1093 1356 1370 1630 1665 1666 2038 2117 2151 2558 2840 2877 3095 3171 3609 3810 4624 4786 4968
83	4	262	16	298 843 863 967 1009 1067 1165 1195 1213 1621 1684 1940 2381 2707 2774 2917 3471 3477 3654 4213 4452 4826 4832 4873 4894 4911 4927 4932 4967
95	38	208	16	554 748 955 1301 1433 1658 1856 2110 2171 2291 2444 2781 2961 3071 3299 3360 3942 3980 4039 4094 4102 4123 4323 4326 4431 4484 4529 4742 4746 4797
123	8	121	16	18 45 141 253 348 459 699 934 971 1020 1172 1181 1246 1259 1406 2751 3158 3250 3517 3524 3526 3650 3703 3907 4078 4084 4262 4617 4822 4841
126	3	276	16	272 278 446 827 1096 1176 1237 1379 1492 1509 1580 1743 1904 1974 2015 2060 2087 2693 2953 3188 3328 3777 3920 3930 4080 4297 4535 4608 4846
129	21	275	16	683 1027 1106 1123 1296 1413 1527 1636 1793 1871 2222 3297 3484 3736 4021 4140 4155 4164 4220 4283 4482 4585 4641 4674 4719 4749
131	35	222	16	55 104 162 183 295 370 454 460 678 1255 1581 1648 2231 2343 2552 2564 2569 2578 2645 2771 2951 3099 3125 3207 3316 3397 3518 4178 4237 4408 4784 4845 4881
142	40	114	16	66 399 597 647 1425 1690 1698 1830 2030 2058 2172 2233 2262 2290 2605 2649 2714 2891 3002 3014 3101 3327 3596 3738 3973 3978 4389 4534 4689 4819 4944
173	5	294	16	502 815 876 1155 1263 1316 1592 1783 1851 1971 2093 2099 2116 2140 2144 2439 2532 2576 2682 2847 2942 2998 3023 3072 3362 3773 4035 4185 4208 4481
185	2	266	16	267 426 660 700 752 797 1144 1352 1368 1411 1426 1439 1457 1473 1617 1915 1951 2018 2196 2892 3060 3241 3428 3558 3789 3982 4103 4343 4577 4710 4942
227	22	280	16	26 93 165 198 445 450 464 501 893 962 1107 1373 1663 1852 1853 2314 2463 2769 3165 3189 3266 3520 3547 3721 3911 4200 4215 4420 4465 4548 4562 4701 4956
235	23	113	16	53 129 244 324 407 433 535 1082 1189 1271 1471 2149 2306 2415 2518 3210 3453 3827 3856 3929 4040 4041 4076 4187 4349 4470 4509 4611 4752 4778
266	18	228	16	296 475 578 596 641 832 1145 1436 1462 1494 1548 1758 1955 2240 2480 2969 2996 3307 3326 3396 3496 3704 4086 4310 4458 4510 4551 4865 4960 4979
267	15	103	16	406 645 800 866 1162 1190 1402 1490 1760 1844 1923 2029 2128 2678 2684 2924 3041 3248 3295 3400 3491 3643 3923 3990 4077 4174 4202 4386 4429 4479 4716 4717
270	14	171	16	107 193 281 336 561 684 861 902 1047 1157 1300 1345 1470 2192 2851 3203 3487 3503 3576 3600 3611 3633 3680 3713 3815 3819 3834 4239 4859
280	6	137	16	99 236 327 410 623 703 881 1133 1221 1230 1264 1333 1502 1652 1827 1994 2216 2351 2357 2476 2496 2993 3216 3296 3544 4000 4002 4765
285	25	112	16	87 210 350 414 567 614 813 821 1013 1039 1613 1714 1817 1987 2134 2157 2372 2668 2675 2709 2728 2803 3293 3782 4057 4074 4325 4471 4879
289	28	203	16	41 275 277 294 311 394 421 488 1041 1109 1309 1550 1642 1782 1813 2000 2184 2690 2694 2758 2893 3351 3377 3408 3516 3580 3604 4033 4522 4687 4703
310	1	201	16	12 52 150 779 939 1057 1137 1235 1394 1485 1521 1719 2032 2142 2304 2446 2449 3161 3282 3288 3655 3816 4424 4446 4478 4561 4675 4835 4863 4939
334	36	149	16	46 105 473 474 1050 1077 1084 1102 1595 1645 1960 2148 2269 2308 2360 2450 2687 2710 3003 3073 3109 3321 3404 3442 3454 4288 4340 4414 4763
340	20	64	16	96 424 784 836 1381 1537 1790 1865 2419 2639 2975 3028 3529 3581 3685 3699 3701 3716 3804 4096 4114 4157 4418 4767 4776 4836 4870 4883 4914
352	9	66	16	11 91 163 301 431 449 528 754 1393 1506 1597 1627 1860 1999 2086 2146 2251 2261 2277 2370 2607 2717 2737 2858 3037 3409 3610 3718 3955 4130 4434 4500 4727
353	34	10	16	3 958 1188 1288 1464 1730 1784 1818 1954 2011 2105 2229 2394 2431 2451 2723 2818 2904 2976 3187 3243 3564 3836 3894 4357 4573 4594 4867 4937 4964
397	30	243	16	238 270 307 315 368 387 529 780 894 941 970 1124 1244 1507 1532 1811 2045 2069 2217 2553 2901 3098 3170 3473 3583 3658 3774 4649 4699 4953
409	11	74	16	70 76 124 174 194 260 595 613 809 897 901 974 1215 1444 1640 2234 2650 2683 2704 2855 3603 3619 3740 3954 4354 4355 4373 4397 4556
420	17	217	16	28 101 402 557 1114 1240 1341 1646 1655 1686 1837 2160 2214 2392 2412 2657 2681 2879 2978 3169 3540 3875 3957 3963 4163 4369 4474 4643 4654 4923
449	27	69	16	303 692 817 921 937 943 1049 1072 1210 1378 1603 1708 1973 2048 2155 2182 2292 2403 2595 2948 3064 3256 3389 3555 3590 3702 3870 4022 4241 4610 4904
458	33	104	16	237 304 444 547 575 583 1000 1586 1691 1728 1814 1864 2073 2084 2404 2407 2802 2820 2933 2979 3052 3141 3162 3494 3845 3882 3885 3918 3939 4642 4666 4908
461	26	63	16	209 259 339 727 755 772 931 1224 1353 1456 1623 1677 1948 1975 2481 2809 2873 2880 3009 3246 3329 3565 4003 4025 4144 4290 4771 4888 4907
464	13	284	16	88 158 317 330 637 701 787 867 914 1142 1881 2175 2327 2393 2543 2670 3013 3142 3238 3240 3252 3357 3595 3617 3676 4488 4567 4714 4880
484	37	82	16	924 1101 1208 1311 1421 1535 1600 1619 2014 2122 2268 2281 2661 2713 2915 2938 2966 2994 3388 3835 3846 3893 3902 3932 3935 3965 4091 4224 4371
524	32	8	18	119 173 261 274 325 480 495 1189 1574 1688 1944 2004 2351 2465 2539 2583 2690 3310 3569 3657 3703 3753 3887 4340 4368 4675 4840 4948 4985
535	19	142	18	17 110 138 322 459 668 713 906 1284 1328 1360 1556 1725 1895 1906 2340 2374 2560 2573 3134 3260 3520 3560 3682 3706 3834 4027 4108 4355 4483 4525 4593
550	31	235	18	4 133 422 494 526 603 710 723 944 1077 1168 1419 1468 1665 1671 1981 2016 2133 2642 3363 3383 3553 4084 4219 4529 4541 4587 4810 4826 4865 4962
565	10	7	18	591 627 658 688 819 1036 1343 1380 1488 1714 1774 2036 2042 2123 2442 2451 2689 3157 3349 3536 3750 3905 3965 4176 4185 4260 4285 4361 4438 4788 4923
582	16	106	18	177 1003 1067 1076 1492 1545 1845 2020 2026 2071 2371 2421 2704 2900 2972 3113 3252 3424 3472 3542 3602 3712 4040 4137 4254 4307 4510 4582 4683 4703 4804 4913
3	39	50	18	6 180 473 553 588 867 1318 1542 1622 1695 1809 1889 1972 2012 2274 2852 3759 3908 4158 4450 4580 4687 4800 4876 4980
17	12	12	18	2 5 164 321 616 875 1054 1078 1165 1409 1830 1959 2162 2382 2661 2857 2870 2942 3036 3160 3234 3261 3275 3504 3692 3764 3816 4252 4407 4636 4672
57	24	206	18	43 285 330 455 785 891 947 979 986 1033 1044 1086 1385 2407 2565 2769 2876 2982 3059 3230 3392 3502 3629 3690 3833 3910 3994 4485
93	29	240	18	87 206 248 257 377 547 593 778 1835 1956 2014 2722 2868 2879 3087 3206 3541 3556 3684 3710 4023 4309 4351 4359 4550 4664 4827 4899
94	7	222	18	294 339 1247 1367 1425 1465 1599 1601 1794 1888 1890 1909 2066 2220 2496 2544 2594 2598 2609 2754 3182 3387 3598 3630 3744 3903 4220 4424 4605 4823
102	4	154	18	147 364 897 973 1241 1463 1467 2357 2686 2872 3068 3484 3736 3766 3787 3899 4085 4207 4286 4370 4410 4545 4604 4606 4629 4694 4920
137	38	167	18	28 122 290 389 496 817 1150 1186 1824 2230 2245 2459 2887 3152 3199 3499 3713 3769 3889 4107 4117 4255 4259 4540 4573 4621 4835 4848 4993
151	8	172	18	78 399 470 500 546 560 677 914 1144 1164 1342 1403 1621 1718 1833 1930 2300 2306 2324 2678 2774 3148 3293 3332 3334 3997 4070 4191 4274 4572 4833
155	3	282	18	40 75 606 963 982 1133 1137 1283 1598 1600 1618 1666 1680 1945 2282 2384 2772 3050 3644 3792 3999 4050 4124 4301 4310 4646 4853
161	21	56	18	36 71 329 396 621 797 907 1526 1533 1573 1730 1869 2131 2200 2310 2312 2328 2506 2623 2929 3133 3154 3321 3652 3955 4599 4615 4768 4878
170	35	215	18	564 1005 1012 1025 1135 1273 1460 1509 1924 2281 2433 2541 2601 2662 2668 2820 3085 3105 3164 3200 3277 3519 3828 4110 4317 4534 4684 4974
178	40	229	18	362 497 747 990 1091 1105 1275 1576 1633 1995 2098 2483 2492 2507 2512 2530 2596 2726 2759 2827 3022 3203 3284 3770 3796 4014 4092 4248 4394 4805
179	5	20	18	159 162 187 242 384 574 598 690 835 918 1007 1108 1149 1277 1550 1819 2082 2280 2400 2611 2746 2834 3346 3848 3929 3936 4280 4291 4376 4514
182	2	274	18	73 508 512 525 570 939 1337 1658 1715 1720 1844 1855 1884 2358 2636 2693 2740 2837 2860 2939 3096 3931 3933 4136 4289 4345 4384 4437 4479 4656 4698
192	22	169	18	186 541 557 665 830 1254 1500 1557 2180 2186 2275 2670 2836 2844 3013 3070 3224 3500 3742 3939 4032 4078 4705 4707 4732 4759 4789
194	23	216	18	136 296 540 654 762 763 1338 1629 1777 1796 2251 2644 2737 2964 2974 3039 3046 3166 3185 3211 3221 3262 3521 3656 4016 4503 4612 4735 4821
202	18	1	18	49 137 218 438 573 789 861 936 1002 1202 1347 1513 1535 1604 1705 1773 1832 2326 2423 2651 2783 2867 3760 4011 4152 4264 4389 4786
209	15	260	18	350 741 902 995 1317 1440 1541 2013 2185 2235 2321 2520 2908 2923 2957 3026 3384 3398 3707 3772 3853 3871 3957 4038 4131 4329 4409 4677 4949 4981
220	14	204	18	64 585 754 924 967 1178 1267 1437 1517 1536 1877 2099 2320 2733 2967 3181 3223 3246 3864 3890 3982 4048 4106 4222 4276 4453 4690 4884
222	6	41	18	25 341 352 558 708 1185 1387 1525 1579 2025 2034 2093 2154 2233 2264 2299 2378 2531 2554 2649 2752 2921 2949 3531 3646 3805 4053 4148 4971 4982
223	25	6	18	59 118 142 246 311 531 662 913 1142 1439 1524 1553 1696 1708 1768 1784 1800 1941 3124 3231 3271 3337 3940 4067 4156 4313 4343 4588 4697
226	28	251	18	151 192 303 317 337 380 721 1047 1154 1491 1522 1588 1840 1874 1912 2208 2462 2485 2672 2899 2906 3195 3686 3825 4474 4831 4859
230	32	167	20	253 626 636 741 760 774 919 1298 1320 1376 1411 1430 1786 1839 1945 2170 2537 2688 2757 3021 3037 3069 3126 3175 3565 3639 3744 3837 4454 4682 4783
239	1	281	18	34 111 120 487 504 590 949 1146 1302 1354 1398 1528 2535 2710 3122 3235 3249 3338 3343 3376 3403 3740 4098 4128 4419 4581 4757
250	36	190	18	99 287 431 539 630 634 862 872 878 976 1192 1458 1635 1931 2107 2422 2523 2991 3416 3647 3683 3761 3780 3858 3921 3948 3993 4068 4196 4257 4349
269	20	239	18	146 241 282 425 530 631 655 742 818 1014 1073 1311 1424 2352 2652 2888 3222 3276 3513 3582 3587 3632 3972 4412 4467 4686 4907 4931
275	19	172	20	60 113 384 782 862 909 1144 1235 1260 1272 1587 2103 2391 2586 2660 2851 3354 3379 3436 3868 4005 4063 4202 4324 4686 4715 4726 4901
316	9	137	18	38 226 458 974 1051 1059 1377 1471 1732 1782 1798 2018 2269 2294 2420 2641 2747 3058 3511 3588 3803 3919 3964 4045 4277 4284 4569 4764 4944
328	34	145	18	98 123 584 711 877 1130 1237 1326 1530 1567 1978 1986 2242 2405 2822 2854 3402 3452 3737 3809 3898 3914 3922 4151 4181 4267 4372 4640
331	30	81	18	107 313 426 602 805 858 1096 1199 1238 1546 1661 1711 1712 1727 1785 1964 2137 2303 2603 2629 3011 3251 3283 3428 3819 3917 4375 4405 4471
378	11	99	18	1 265 295 328 405 444 469 490 730 985 1082 1804 1872 1887 2092 2287 2514 3370 3510 3867 3947 4173 4299 4793 4937
385	17	88	18	97 108 158 335 613 739 814 845 1029 1075 1397 1932 1946 2323 2551 2691 2821 2912 3268 3446 3473 3789 3991 4064 4378 4416 4429 4517 4894
391	27	246	18	201 424 663 767 850 1037 1056 1233 1296 1445 1559 1788 1854 1993 2035 2109 2244 2349 2706 2724 2729 2980 3081 3344 3481 3616 4103 4192 4562 4630
418	33	253	18	51 744 780 1062 1069 1412 1482 1767 1841 1954 2159 2353 2437 2438 2532 2569 2925 3149 3557 3614 3626 3628 3668 3847 4322 4388 4414 4423 4500 4970
433	26	245	18	357 359 452 684 685 837 952 1026 1065 1183 1384 1572 1757 1805 1891 1926 2103 2108 2633 2725 2750 3015 3151 3266 3719 4216 4508 4670 4928 4992
467	13	61	18	44 84 461 632 849 868 972 1119 1683 1764 1875 1966 1974 2044 2111 2372 2499 2567 2613 2711 2775 2922 3247 3437 3495 3501 3676 3938 4594
491	37	13	18	27 250 366 421 519 691 733 1392 1728 2008 2062 2122 2130 2241 2250 2297 2582 2631 2648 2650 3302 3465 3469 3727 4160 4190 4223 4271 4701
503	31	288	20	215 332 451 476 550 769 1011 1422 2019 2136 2737 2888 2991 3370 3823 3847 4000 4077 4082 4086 4139 4268 4397 4506 4536 4772 4797
504	10	287	20	103 183 258 590 625 745 859 946 981 1132 1293 1350 1978 2007 2024 2132 2267 2416 2419 2602 2701 3434 3671 3912 3985 4085 4256 4520 4746 4820 4860
546	16	116	20	36 394 395 447 491 685 1172 1247 1386 1531 2288 2504 2741 2956 3281 3469 3482 3485 3586 3631 3947 4015 4079 4205 4254 4476 4700
554	39	65	20	91 127 192 252 281 584 845 1198 1332 1556 1616 2006 2141 2571 2700 3324 3414 3558 3641 3824 3898 4056 4098 4114 4116 4303 4418 4441 4586 4727
556	12	48	20	181 227 288 366 569 595 892 1508 1691 1699 1760 1807 1833 1909 2164 2445 2522 2811 2883 3204 3234 3317 3571 3711 3813 4393 4652
4	24	286	20	166 362 1140 1970 1974 2148 2201 2299 2314 2346 2371 2584 2645 2674 2881 2999 3159 3382 3448 3793 3974 4206 4210 4211 4318 4685 4697 4908 4966
5	29	205	20	124 740 1046 1146 1305 1480 1586 2211 2263 2338 2429 2898 2935 3007 3041 3080 3086 3208 3348 3481 3564 4485 4491 4522 4667 4800 4917
8	7	198	20	20 338 479 568 616 702 1056 1178 1574 1772 1836 1847 2021 2081 2163 2276 2355 2367 3042 3270 3522 3691 3743 4075 4162 4372 4598
23	4	128	20	254 353 356 412 615 710 815 900 1455 1533 1588 1747 1848 2144 2336 2422 2485 2577 3224 3257 3269 3368 3381 3447 4027 4033 4078 4290 4577 4790
49	38	211	20	48 154 391 537 712 881 935 951 1004 1251 1375 1637 1843 1995 2057 2061 2275 2386 2782 2844 2965 2990 3085 3353 3519 3695 3809 4224 4547 4603
61	8	23	20	212 245 897 907 1207 1418 1516 1578 1631 1776 1895 2080 2269 2393 2473 2514 2642 2775 2824 3034 3078 3435 3457 3595 3700 4178 4593 4718 4958 4961
71	3	250	20	98 386 926 1104 1286 1650 1672 1800 1982 2194 2265 2551 2596 2826 3101 3246 3505 3599 3794 4190 4244 4475 4678 4729 4798 4931 4989
76	21	273	20	2 37 82 309 680 803 884 941 1055 1389 1619 1822 2045 2059 2484 2628 2678 2806 3263 3285 3319 3649 3696 3708 3889 3920 4425 4737
78	35	220	20	53 200 217 374 453 736 751 1021 1087 1197 1205 1569 1613 2010 2092 2124 2684 2801 2924 3053 3127 3340 4437 4590 4946 4948
80	40	193	20	368 786 990 991 1136 1301 1475 1612 1939 2011 2244 2507 2523 2621 2968 2993 3235 3604 3692 3783 3849 3892 3942 4084 4090 4236 4369 4555 4943 4981
91	5	190	20	393 505 790 929 931 947 1444 1448 1632 1781 1944 1969 2079 2109 2492 3055 3117 3223 3459 3486 3636 3667 4302 4365 4986
92	2	156	20	828 956 1363 1857 1866 2015 2107 2159 2443 2899 2947 3040 3218 3453 3495 3687 4051 4120 4128 4200 4273 4279 4472 4602 4738 4752 4885 4889
130	22	77	20	72 152 179 385 405 480 629 657 683 1177 1242 1308 1324 1461 1832 1967 2359 2511 2647 2751 2842 3273 3339 3357 3673 3749 3761 3897 4539 4736
163	23	101	20	156 167 188 953 1227 1252 1282 1354 1731 1947 2129 2186 2333 2587 2750 2886 3095 3135 3463 3815 3819 4039 4069 4232 4562 4777 4880 4974
181	18	49	20	139 466 744 747 789 800 961 1382 1792 2027 2213 2535 2612 2646 2929 2955 3124 3284 3390 3474 3808 3901 4036 4188 4432 4595 4656 4690 4971
211	15	299	20	63 363 383 523 652 766 883 1295 1331 1359 1450 1749 1908 1949 2008 2311 2372 2500 2780 2846 3145 3514 3629 3748 3989 4180 4416 4433 4439 4451 4501
231	14	271	20	27 64 463 484 533 905 1467 2029 2455 2591 2745 2807 2810 2845 3104 3358 3359 3756 3769 3807 3882 4008 4315 4552 4660 4676 4681 4963
248	6	119	20	81 187 266 436 601 716 983 996 1047 1407 1751 1826 2254 2508 2563 2860 3043 3123 3133 3192 3364 4061 4231 4255 4387 4822 4927
276	25	251	20	12 47 316 676 700 1166 1402 1521 1670 1675 1718 2247 2512 2837 2971 3015 3166 3211 3968 4107 4215 4248 4382 4572 4592 4675 4910
309	28	112	20	216 300 933 1753 1787 1796 1821 1854 2042 2383 2517 2533 2589 2614 2696 2828 2981 3063 3574 3689 3843 3916 4110 4374 4406 4450 4689 4891 4935
314	1	98	20	236 247 262 671 693 742 816 977 1219 1654 1756 1919 1925 2183 2337 2438 2562 2644 2808 3170 3387 4221 4258 4344 4386 4538 4597 4644 4743
326	32	119	22	27 154 481 633 650 814 982 1248 1565 1706 1752 1869 1947 2729 2768 2929 2934 2940 3010 3443 3706 4054 4061 4225 4310 4623 4776 4878
332	36	242	20	554 640 849 889 1374 1417 1452 1602 1686 1765 1881 1887 2158 2776 2818 2909 3239 3287 3532 3594 3725 3934 4462 4507 4579 4650 4824 4888 4994
338	20	291	20	220 416 442 472 541 917 1008 1119 1147 1643 2034 2200 2214 2229 2248 2301 2410 2721 2812 2946 3405 3546 3730 4194 4312 4815
339	9	189	20	161 454 486 837 895 1018 1133 1477 1785 2023 2033 2072 2389 2545 2699 2705 3017 3279 3376 3454 3719 3963 4147 4291 4298 4505 4674 4779 4933 4970
354	34	32	20	137 264 312 518 631 667 711 1423 1438 1600 1763 2153 2279 2374 2465 2608 2718 2732 3044 3174 3199 3225 3242 3298 3855 4338 4347 4817 4874
358	30	105	20	375 440 672 770 1003 1052 1243 1258 1261 1379 1463 1552 1873 2149 2370 2390 2538 2619 2804 2835 3009 3867 4172 4184 4191 4240 4668 4751 4803 4925
371	11	123	20	756 832 989 1116 1185 1322 1384 1473 1717 1740 1871 2005 2041 2054 2349 2447 2609 2789 3047 3184 3186 3576 3839 3877 4554 4953
376	17	176	20	298 443 718 779 825 1122 1250 1271 1546 1615 2067 2150 2206 2433 2499 2623 2666 2788 2954 3032 3309 3331 3342 3430 3456 3473 3825 3939 4659 4691 4987
401	27	159	20	158 230 425 1111 1188 1309 1400 1406 1436 1515 1783 1852 1933 2089 2540 2588 2669 2702 3498 3663 3720 3951 4006 4115 4282 4587
405	33	294	20	68 141 204 323 381 468 596 647 1519 1523 1894 2352 2581 2667 2720 2970 3264 3286 3805 3844 3960 3978 4083 4482 4534 4542 4634 4858 4988
411	26	221	20	249 446 609 664 726 746 840 848 936 1517 1689 1913 1922 2202 2230 2258 2261 2320 2988 3000 3259 3383 3665 3996 4294 4438 4550 4620 4749
414	13	139	20	198 303 313 346 461 521 574 802 911 1653 1700 1829 1886 1980 1998 2091 2498 2525 2601 2736 3177 3402 3578 3817 3863 3933 4001 4584 4867
421	37	110	20	299 808 902 1006 1066 1217 1231 1644 1646 1741 1768 1780 1798 1958 2037 2166 2217 2501 2820 2974 3107 3144 3593 3709 4055 4143 4373 4384 4390
422	19	296	22	47 57 440 466 643 686 1042 1306 1343 1410 1521 1561 1607 1824 1883 2856 2915 3072 3182 3189 3218 3228 3244 3526 3682 4006 4237 4693 4807
438	31	188	22	727 1079 2045 2098 2243 2265 2336 2489 2527 2718 2758 2900 2952 3139 3751 3808 3858 4108 4147 4203 4212 4321 4437 4582 4606 4640 4740 4759
446	10	123	22	245 269 443 560 599 609 788 867 1541 1577 1936 2176 2199 3077 3080 3130 3262 3330 3355 3730 3784 3802 3900 4187 4400 4754 4872 4876 4952
456	16	217	22	251 306 467 539 631 775 915 1012 1151 1180 1904 2212 2402 2513 2815 2882 2921 2926 3028 3131 3407 3651 3745 3831 4336 4415 4629 4733 4889
460	39	36	22	878 1190 1289 1499 1530 1587 1610 1671 1815 1988 2075 2100 2191 2587 2651 3016 3085 3167 3197 3344 3419 3461 3593 3691 3833 4256 4649 4673 4768 4822 4993
489	12	289	22	73 844 1019 1175 1188 1207 1239 1273 1655 1731 1964 2092 2106 2318 2426 2546 2568 2657 3110 3278 3346 3460 3483 3602 3629 3814 3932 4092 4585 4951
527	24	125	22	426 462 635 853 901 914 1353 1510 1728 1787 2090 2562 2566 2697 2831 3417 3548 3618 3678 3686 3689 3854 4029 4120 4496 4558 4791
531	29	179	22	39 223 345 346 458 524 1010 1074 1109 1148 1211 1496 1621 1622 1648 1656 1760 1902 1905 2049 2145 2708 2853 4024 4097 4882
533	32	289	24	199 207 397 1111 1173 1231 1641 1658 1674 1713 1822 1911 2052 2286 2298 2673 2748 2789 3317 3341 3363 3422 3517 3535 3701 4213 4217 4614 4800 4986
551	7	164	22	259 331 374 460 988 1083 1113 1278 1474 1593 1780 2027 2135 2309 2471 2521 2687 2881 2992 3000 3342 3370 3935 4360 4548 4953 4992
560	19	164	24	31 82 398 514 812 975 1033 1093 1152 1241 1315 1340 1558 1575 1889 1914 1979 2347 2354 2651 2792 2846 3716 4021 4149 4581 4656 4808 4958 4960
566	4	66	22	176 388 500 649 769 1276 1327 1383 1386 2020 2362 2443 2617 2656 2903 3086 3335 3578 3642 4022 4314 4352 4413 4472 4473 4507 4578 4668 4735 4783
579	38	297	22	351 354 559 567 980 1009 1092 1158 1194 1318 1376 1424 1763 1792 2168 2427 2594 2699 2703 3209 3572 3696 3842 3911 4441 4716 4888 4929
584	8	135	22	369 386 395 588 1156 1330 1449 1685 1774 2051 2121 2260 2504 2696 2800 3031 3258 3279 3328 3620 3775 3871 3881 3913 3998 4005 4427 4630 4669
590	3	7	22	373 510 607 829 960 1120 1169 1223 1355 1397 1469 1672 2159 2258 2677 2792 2963 3092 3132 3176 3493 3661 3979 4337 4420 4433 4557 4914 4965
592	21	106	22	117 239 282 522 755 891 1013 1103 1560 1734 1875 2339 2759 2917 3088 3231 3439 3666 3736 3928 4137 4205 4229 4262 4345 4429 4521 4803 4898
600	35	122	22	691 842 899 912 928 985 1041 1102 1369 1568 1620 1693 1782 1813 2001 2227 2813 2871 2889 3163 3406 3563 3743 4065 4158 4283 4782
1	40	261	22	213 447 624 689 709 810 1246 1440 1446 1913 1991 1996 2616 2732 2767 2774 2887 2989 3137 3315 3408 3575 3635 3707 4011 4678
35	5	238	22	135 160 260 305 545 898 1142 1352 1389 1447 1491 1553 2548 2650 2671 2692 2779 2809 2869 3373 3488 3553 3676 4058 4168 4276 4405 4685 4915
37	2	3	22	65 339 493 540 946 955 1266 1287 1512 1523 1924 1929 1962 2150 2246 2456 2919 3246 3810 3834 3992 4119 4141 4325 4398 4853 5000
41	22	162	22	4 14 25 736 874 1071 1184 1430 1588 1711 1736 1920 2490 2550 2556 2886 2964 2977 3309 3549 3570 3630 3922 4323 4377 4401 4536 4734
113	23	67	22	19 525 575 704 750 831 942 963 1558 1626 1812 1907 1911 2170 2353 3179 3187 3442 3537 3600 3717 3733 4484 4662 4930 4936 4950
132	18	108	22	51 66 450 478 494 1178 1443 1551 1654 1714 1755 2706 2891 3051 3260 3429 3451 3574 3673 3867 3933 4079 4081 4378 4435 4529 4637 4849 4971
135	15	221	22	38 171 483 839 873 1036 1187 1298 1395 1746 1751 2083 2119 2178 2334 2753 2772 3103 3165 3256 3340 3677 3752 3950 4016 4036 4087
146	14	85	22	23 536 638 639 734 737 851 858 1182 1315 1489 1879 2308 2740 2953 3239 3632 4003 4093 4328 4330 4376 4556 4755 4857 4895 4979
168	6	160	22	18 104 416 565 604 916 968 1455 1628 1704 1900 2023 2161 2228 2716 2741 2960 3095 3269 3634 4130 4148 4410 4423
191	25	267	22	34 410 515 678 795 1004 1115 1166 1442 1485 2233 2234 2624 2731 2842 2850 2916 3158 3312 3350 3685 3877 4288 4656 4745 4787
195	28	244	22	448 679 1072 1167 1201 1367 1432 1697 1814 1979 2018 2040 2278 2468 2634 3162 3267 3388 3431 3490 3669 4112 4393 4514 4625 4705 4709 4725
198	1	263	22	81 166 181 264 824 913 1138 1145 1427 1458 1478 1762 1809 2635 2638 2902 2904 3035 3441 3643 3699 4062 4247 4264 4395 4504 4574 4827 4943
207	36	120	22	36 83 96 132 323 958 964 991 1210 1257 1582 1584 1688 1770 1801 1859 1863 1937 2055 2249 2686 2795 3178 3216 3892 4179 4505 4771 4877
247	20	254	22	80 102 162 221 271 296 938 1099 1139 1150 1797 2294 2397 2398 2446 2892 2944 3440 3512 4018 4094 4245 4560 4641 4874
251	9	157	22	180 378 411 413 428 1040 1127 1676 1811 2012 2063 2232 2473 2652 2664 2762 3108 3238 3539 3543 3559 3851 4135 4146 4412 4922 4978 4995
368	31	85	24	23 111 156 218 285 628 629 778 1097 1136 1408 1779 2073 2585 2723 2778 2905 3209 3648 3803 3909 4110 4119 4315 4319 4480 4523 4622
381	34	95	22	310 313 512 537 600 620 950 1199 1669 2113 2190 2360 2417 2966 3287 3672 3681 3757 4277 4475 4596 4622 4884 4909 4924
386	30	214	22	286 485 554 826 864 894 984 1404 1651 1653 1906 2262 2332 2359 2522 2817 2932 2947 3147 3206 3626 3835 4048 4055 4123 4144 4184 4368 4483 4809
439	11	185	22	533 976 1297 1543 1712 1744 1973 2041 2177 2252 2306 2374 2586 2727 2974 3014 3015 3091 3112 3300 3341 3604 3826 3961 4428 4731 4938 4990
451	17	248	22	92 275 349 394 479 586 825 970 1186 1314 2310 2314 2421 2430 2524 2557 2789 3177 3449 3801 3899 3967 4021 4032 4538 4589 4769 4968
479	27	107	22	13 29 193 265 420 866 871 1070 1227 1331 1733 1788 1816 1923 1925 2335 2404 2441 2502 2540 2620 2637 3089 3225 4294 4306 4699 4897 4999
487	10	3	24	505 597 616 733 925 943 1179 1203 1808 2057 2164 2197 2595 2832 2930 3393 3413 3561 3680 3750 3812 3886 4295 4344 4506 4685 4792 4882
492	33	11	22	79 185 367 596 859 965 1045 1206 1437 1981 2059 2152 2239 2330 2361 3227 3551 4419 4591 4736 4833 4940 4964 4996
522	26	209	22	32 196 499 933 1105 1183 1778 2414 2943 3361 3410 3613 3739 3817 3846 3923 3927 4162 4302 4456 4488 4501 4654 4718 4901
528	16	125	24	66 73 216 1353 1486 1574 1662 1962 2088 2144 2165 2849 2913 3140 3280 3305 3336 3502 3557 3849 3900 4112 4136 4221 4515 4773 4814 4945 4972
548	13	256	22	54 464 884 923 930 1006 1174 1200 1749 2028 2244 2247 2253 2452 2505 2574 2715 2719 2749 2752 2920 3116 3420 3744 4792 4794
562	37	64	22	7 276 886 908 1312 1411 1611 1690 1989 2203 2577 2589 2761 2765 2806 2935 3049 3253 3475 3655 3890 3906 3962 4099 4127 4163 4243 4664
571	39	136	24	114 251 895 940 1113 1259 1399 1536 1959 2043 2077 2488 2759 2794 3007 3066 3265 3512 3663 3687 3706 3804 4219 4408 4551 4851
597	12	135	24	78 215 663 669 776 792 896 1216 1235 1854 2028 2580 2624 2701 2724 2895 2959 3592 3734 4012 4290 4381 4383 4430 4899
46	24	103	24	92 161 204 288 435 448 622 673 781 831 1260 1777 2239 3054 3359 3431 3474 3532 3782 3824 3932 3965 4008 4370 4618 4929
75	29	42	24	33 54 273 1122 1266 1350 1436 1509 1841 1861 1865 1960 2512 2634 2675 2679 2743 2850 2920 2983 3616 3631 3835 4478 4560 4564
77	7	45	24	41 86 206 596 950 969 1048 1475 1701 1711 1900 2082 2106 2332 2357 2525 2776 3381 3460 3806 4338 4386 4810 4930
86	4	87	24	15 68 167 316 433 777 893 1103 1265 1775 2196 2290 2962 2978 3148 3299 3300 3600 3710 3852 4208 4236 4421 4663 4924
107	38	253	24	395 547 1339 1392 1764 1894 2162 2466 2494 2612 2873 2881 2963 3046 3313 3318 3368 3445 3578 3828 3959 4301 4339 4340 4456 4601 4936
115	8	153	24	11 359 845 1027 1068 1423 1669 1879 2002 2255 2471 2602 2861 3153 3203 3429 3477 3562 3883 4122 4197 4361 4711 4741
144	3	203	24	191 209 302 1313 1481 1620 1909 2011 2237 2437 3064 3180 3639 3754 3927 4010 4069 4146 4577 4766 4867 4877 4967
180	21	156	24	277 458 548 658 810 811 865 1114 1253 1534 1649 1792 1804 2246 2457 2527 2712 3146 3197 3541 3956 4156 4337 4598 4954
199	35	14	24	283 422 451 544 857 1246 1492 1589 1633 2132 2147 2187 2257 2395 2398 2439 2528 2703 2908 3302 3515 3778 4052 4270 4332 4719 4819
321	40	230	24	172 189 205 377 428 676 680 716 1182 1547 1850 1948 2300 2374 2760 3276 3409 3426 3487 3619 3660 3679 3772 4011 4235 4348
348	5	72	24	468 963 1081 1131 1165 1191 1194 1272 1634 1639 1735 2546 2713 2808 3038 3333 3361 3452 3478 3779 3783 4117 4140 4812 4897 4992
356	2	166	24	118 471 489 585 682 880 1164 1374 1435 1526 1591 1614 1648 1742 1760 1774 1805 1941 2107 2326 2475 2783 2855 3200 3669 3892 4087 4165 4250
363	22	91	24	361 374 772 1064 1095 1252 1657 2253 2557 2563 2599 2814 2987 3156 3206 3281 3292 3506 3542 3564 3599 3615 3643 3771 3844 3908 4025 4041 4299
394	23	259	24	2 153 178 282 318 383 465 511 653 738 851 853 1274 1511 1811 2126 2409 2565 2566 2737 2752 3129 3290 3838 4305 4356 4665 4943
425	18	109	24	355 442 695 1505 1619 1793 2454 2524 2559 2579 2948 3102 3122 3335 3412 3569 3863 4251 4390 4446 4603 4762 4777 4778 4813 4984
427	15	121	24	94 155 213 540 667 1020 1083 1660 1668 2232 2296 2464 2720 2722 2742 2770 2826 2950 2957 3207 3390 3565 3990 4123 4341 4440 4825
463	14	4	24	97 555 617 648 686 920 1121 1206 1421 2156 2157 2346 2376 2442 2477 2653 2672 2990 3096 3142 3245 3443 3574 3664 3948 4055 4492 4694
486	6	179	24	4 263 619 773 1090 1236 1351 1466 1813 1848 1870 1967 2205 2481 2514 2866 3447 3612 3657 3665 3717 3808 3997 4030 4223 4420 4563 4868 4919
488	25	157	24	534 564 671 959 1007 1008 1055 1080 1169 1386 1425 1451 1456 2044 2148 2189 2345 2797 2838 3236 3479 3486 3937 4074 4150 4365 4647
514	28	196	24	43 71 150 293 459 510 829 1286 1595 1605 1988 2076 2251 2280 2284 3093 3104 3573 3576 3587 3798 3857 4173 4536 4635 4748 4912
523	1	207	24	237 243 269 692 701 737 836 1298 1495 1693 1725 1737 1753 1980 3177 3208 3438 3610 3695 3832 3840 4188 4258 4679 4795 4803 4871
532	36	104	24	60 332 508 563 791 1188 1342 1490 1608 1637 2108 2209 2288 2389 2582 2907 3890 3977 4073 4127 4161 4209 4514 4561 4646 4750 4926 4991
541	20	173	24	81 331 840 879 1026 1035 1149 1155 1250 1319 1602 1770 1885 1952 2047 2154 3235 3307 3314 3385 3761 4018 4253 4417 4477 4779 4956
543	9	277	24	245 334 346 754 869 903 1358 1494 1513 1905 2303 2507 2598 2774 3106 3501 3586 3621 3869 3988 4132 4182 4232 4569 4703 4706 4730 4775 4776
552	34	88	24	89 661 1176 1181 1220 1687 1867 1890 2105 2441 2531 2549 2608 2700 2772 3025 3108 3217 3659 4004 4063 4139 4403 4442 4654 4746 4807
570	30	143	24	211 242 380 430 522 566 883 1385 1461 1598 2226 2294 2339 2570 2695 2949 2969 3029 3081 3273 3345 3940 4056 4203 4243 4996
13	11	187	24	289 324 432 1356 1413 1463 1500 1544 1627 1703 1965 2568 2664 2681 2825 3044 3262 4090 4102 4124 4216 4257 4518 4541 4662 4796 4952
48	17	111	24	28 290 443 509 743 998 1335 1419 1556 1863 1994 2017 2390 2764 3012 3229 3371 3507 3705 3841 3864 4032 4508 4658 4883
52	27	114	24	246 753 852 1321 1502 1594 1732 1934 1986 2900 2936 3272 3376 3534 3568 3887 3891 3919 3984 4407 4410 4527 4770 4845 4857 4957
58	33	102	24	516 751 820 1226 1365 1677 1700 1817 1927 2042 2072 2281 2614 2669 3164 3364 3702 3726 4019 4033 4211 4284 4314 4426 4916 4977
84	26	285	24	144 197 315 419 855 1199 1371 1416 1819 2075 2149 2419 2611 2729 2858 2894 3187 3725 3895 3973 4353 4470 4649 4710 4722 4918
85	13	192	24	387 446 652 816 837 885 921 991 1001 1229 1643 1654 1860 2240 2372 2432 2450 2593 3308 3354 3366 3457 3644 4261 4311 4447 4556
106	37	180	24	22 53 67 79 115 219 452 654 953 1014 1032 1034 1099 1148 1364 1789 2038 2543 2687 2791 2880 3188 3451 3607 3801 4148 4355
114	32	236	26	32 216 219 308 556 841 1257 1639 2287 2347 2364 2365 2527 2575 2694 3023 3072 3135 3242 3264 3418 3562 3969 4190 4301 4302 4395 4444
117	19	79	26	168 175 267 489 896 1013 1168 1499 1546 2109 2163 2419 2435 2745 3042 3111 3141 3190 3585 3642 3773 4082 4391 4722 4928 4978
147	31	96	26	285 1012 1212 1273 1585 1615 1695 1842 2203 2213 2449 2465 2914 3007 3068 3217 3231 3252 3446 3619 3730 4065 4121 4393 4638 4880 4895
183	10	13	26	477 642 925 986 1033 1278 1573 1677 1720 1793 1910 1944 2134 2139 2277 2779 2859 3120 3288 3482 3634 4157 4343 4354 4903
186	16	258	26	266 717 948 1226 1348 1862 1876 2341 2382 2409 2551 2731 2738 2753 2885 3338 3361 3522 3681 3840 4311 4358 4384 4711 4743 4809 4989
197	39	241	26	80 794 1015 1283 1594 1851 1879 1888 2474 2793 2963 3057 3514 3554 3649 3666 3726 3764 4095 4342 4502 4538 4982
265	12	9	26	398 568 1407 1572 1737 1747 1797 1803 1878 1941 1946 1971 1984 2324 2403 2795 2836 3059 3230 3233 3391 3599 3725 3862 4154
306	24	90	26	319 347 573 656 991 1177 1198 1319 1632 1795 1882 2214 2224 2505 2702 2794 2816 2877 3326 3813 4094 4296 4590 4827
307	32	258	28	57 376 495 950 1282 1474 2069 2240 2377 2569 2754 2805 3003 3048 3093 3365 3406 3635 3795 4431 4443 4506 4532 4651 4898
311	29	234	26	180 237 382 462 638 735 747 805 819 858 1369 1831 1847 2100 2327 2533 2576 2604 2652 3147 3306 3608 4159 4417 4530 4555 4766
319	7	227	26	41 138 225 392 484 773 993 1412 1441 1642 1908 1931 2089 2176 2258 2660 2688 3146 3261 3504 3613 4448 4459 4892
323	4	94	26	105 212 241 433 666 729 770 1031 1171 1291 1328 1438 1591 1776 3003 3318 3713 3781 3825 3854 3889 3970 4791 4839 4843
337	38	174	26	128 142 1011 1060 1083 1095 1098 1284 1334 1360 1498 1775 1897 2312 2358 3229 3658 3861 3903 4020 4532 4540 4610 4759 4825 4945
342	8	34	26	89 121 274 318 375 492 836 1187 1682 1696 1835 1848 1853 2286 2733 3094 3273 3349 3358 3470 3780 3897 4054 4326 4388 4773 4902
392	3	212	26	125 134 381 440 629 630 639 703 1045 1512 1539 1580 2096 2181 2305 3045 3116 3121 3341 3363 3734 3807 3945 4184 4478 4609 4664 4969
441	21	184	26	340 714 822 954 998 1077 2115 2143 2204 2805 2950 3049 3151 3228 3623 3661 4022 4050 4073 4099 4118 4298 4539 4625 4781 4921
505	35	75	26	13 24 507 534 548 650 698 715 760 868 887 1024 1279 1318 1395 1555 1748 2056 2272 2400 3220 3696 3750 3995 4038
529	40	74	26	58 269 1703 1820 1859 1995 2178 2237 2249 2561 2832 2863 2925 2927 3158 3403 3455 3472 3979 4060 4399 4504 4641 4838 4853
537	5	177	26	263 879 963 1222 1408 1548 1564 1687 2212 2235 2532 2686 2828 3013 3239 3464 3495 3582 3851 4005 4126 4347 4588 4696 4848
549	2	142	26	152 238 298 686 706 1272 1558 1647 1818 1899 2082 2680 2723 2765 3395 3568 3698 3763 3909 3999 4189 4266 4346 4906
563	22	59	26	403 519 576 1184 1216 1253 1303 1385 1405 1527 1640 1894 1975 2127 2370 2809 2866 2958 3091 3434 3654 3879 4031 4452 4785 4918
6	23	134	26	178 305 354 560 870 1091 1099 1169 1397 1790 1977 2070 2104 2342 2742 3312 3423 3677 3704 3711 3723 3896 4912
26	18	93	26	922 1578 1906 1936 2246 2356 2676 2696 2916 3030 3058 3076 3356 3498 3559 3867 3967 4087 4112 4116 4579
32	15	273	26	8 65 164 177 228 275 693 875 1401 1470 1598 1845 2138 2221 2373 2485 2588 3556 3605 3709 3846 4365 4661 4762
43	14	12	26	170 586 799 924 1225 1248 1367 1524 1529 1673 2170 2239 2437 2438 2572 2650 3179 3295 3319 3368 3416 3833 3985 4267 4272 4699
72	6	48	26	493 695 1064 1261 1391 1400 2354 2545 3027 3118 3128 3400 3456 3689 3708 3735 3821 3987 4034 4277 4464 4518 4547 4566 4763
139	25	21	26	163 456 635 783 863 1014 1305 1465 1518 1812 2158 2319 2338 2391 2444 2453 2780 2800 3632 3679 3827 4424 4647
169	28	209	26	323 468 585 622 877 885 1085 1158 1359 1422 1488 1689 1823 2328 2605 2856 2943 2970 3415 3594 3905 4364 4443 4724 4987
176	1	127	26	320 408 490 720 731 775 1160 1383 1394 1796 2007 2225 2513 2719 2730 3071 3198 3379 3535 3558 3571 4472 4690 4770 4888
205	36	28	26	83 531 757 909 1262 1292 1606 1930 2078 2151 3079 3193 3303 3672 3881 3921 4132 4187 4460 4462 4527 4537 4622 4708 4738 4862 4947
208	20	175	26	51 172 201 349 708 850 1167 1767 1875 2307 2322 2385 2781 3008 3144 3510 3678 3916 4254 4382 4422 4575 4587 4950 4998
214	9	272	26	38 78 90 126 289 479 831 1532 1534 2162 2309 2361 2875 2896 3405 3458 3539 3720 3775 3793 4561 4811
245	34	31	26	31 278 328 834 1140 1153 1159 1857 1866 2308 2526 2560 2990 3024 3074 3311 3508 3573 3731 4012 4113 4155 4320 4574 4980
256	30	50	26	14 93 284 407 707 844 847 1021 1390 1791 1843 1869 2013 2033 2450 2472 2988 3359 3429 4010 4046 4062 4096 4702 4826
257	11	170	26	618 628 699 1307 1326 1778 1978 2008 2029 2094 2280 2504 2804 2923 3410 3606 3872 3914 3944 3966 4097 4261 4289 4332 4489 4792
262	17	194	26	4 124 452 520 1023 1503 1961 2355 2755 2883 2992 3330 3367 3717 3785 3786 3885 4066 4083 4305 4475 4769
281	27	60	26	61 130 370 389 487 771 1210 1709 1943 1950 1990 2079 2295 2329 2451 2478 2564 2761 3125 3492 3992 4160 4334 4904
297	33	244	26	196 681 1034 1410 1554 1675 1801 1828 1928 2538 2677 2901 2968 3148 3159 3325 3541 3695 4146 4413 4428 4608 4750 4856 4917 4937 4974
305	26	47	26	7 102 469 620 786 838 1110 1377 1805 2153 2210 2271 2508 2625 2762 2870 3194 3413 3856 3880 3955 4109 4293 4836 4851 4871
355	13	153	26	143 485 1380 1448 1515 1712 2174 2217 2223 2325 2933 3098 3332 3414 3550 3664 3895 3975 4197 4199 4226 4281 4521
362	37	218	26	1 19 521 529 551 749 759 905 919 1213 1676 1743 1806 1951 2183 3941 4059 4092 4232 4244 4274 4329 4619 4813 4820 4996
384	19	91	28	227 572 710 755 856 857 1539 1569 1644 1706 1816 2049 2091 2134 2270 2895 2947 3004 3874 4019 4182 4227 4926 4938 4982
404	31	292	28	168 261 607 622 712 1289 1303 1313 1708 1727 1859 2004 2072 2193 2608 2997 3275 3293 3770 3993 4111 4224 4280 4549
444	10	25	28	255 467 981 1161 1336 1344 1504 2039 2360 2643 2848 2986 3066 3318 4052 4170 4174 4287 4319 4497 4575 4616 4831 4886
465	16	259	28	94 793 1223 1315 1452 1476 1525 1715 2102 2137 2417 2833 2852 3279 3591 4135 4142 4426 4559 4700 4766 4827 4887 4917 4969
473	39	195	28	69 462 657 782 1353 1403 1472 1707 1936 3036 3084 3134 3496 3532 3597 3610 3646 3801 3943 4211 4241 4494 4530 4633 4680 4689 4852
515	12	52	28	268 454 465 565 1007 1010 1244 1377 1551 1630 1792 1820 1856 2015 2077 2325 2414 2461 2681 2751 2971 4186 4239 4615 4779 4972
525	24	53	28	60 822 1293 1761 1849 1919 1950 2016 2131 2164 2316 2380 2511 2597 2626 2716 2882 3277 3820 3975 4037 4134 4183 4298 4765 4856
530	29	76	28	890 965 1543 1582 2273 2285 2455 2782 2865 2902 2910 2974 3452 3522 3587 3859 4028 4056 4137 4243 4399 4413 4751 4932 4957
24	7	212	28	329 399 449 666 959 1307 1605 1765 1946 2459 2558 3421 3529 3552 3628 3823 3825 4075 4234 4353 4581 4711 4973
38	4	224	28	127 204 455 659 662 1075 1323 1387 2056 2105 2355 2359 2538 2562 2827 2834 3184 3411 3879 4007 4811 4820 4844 4890
42	38	45	28	190 194 279 337 602 614 1228 1590 1779 1827 2067 2534 2553 2677 2680 3704 3817 4078 4104 4392 4537 4593 4629 4807 4829 4899
44	8	58	28	103 669 843 1200 1415 1523 1606 1716 2556 3143 3527 3789 3831 3842 4040 4171 4213 4233 4297 4447 4542 4758
62	3	127	28	109 312 764 765 796 882 1283 1316 1328 1866 1981 2188 2386 2391 2452 2828 2967 2990 3292 3925 3932 4138 4168 4325 4552 4961
63	21	110	28	316 356 559 912 986 1063 1164 1374 1515 1577 1654 1922 1972 2080 2225 2619 2837 3291 3721 3767 4463 4479 4592 4644 4705
108	35	168	28	243 571 718 810 870 1169 1502 1535 1542 1877 1957 2074 2446 2663 2736 2905 3311 3815 3972 4457 4653 4712 4823
206	40	229	28	34 301 373 501 553 642 651 1011 1112 1171 1371 1402 1585 2215 2260 2503 2904 2964 3020 3878 3954 4304 4516 4526 4950
221	5	239	28	186 584 855 995 1308 1953 2081 2238 2263 2483 2518 2653 2763 3111 3320 3506 3640 4188 4430 4481 4507 4637 4679 4924 4997
240	2	163	28	37 291 340 522 655 865 868 927 1338 1568 1682 1745 1916 2428 2726 3583 3598 3738 3918 4519 4670 4720 4858 4860
284	22	249	28	26 407 436 535 569 694 732 1004 1026 1158 1287 1547 1850 2126 2157 2234 2349 2544 2943 2995 3333 3396 4029 4043 4618 4918
294	23	200	28	106 176 618 978 1288 1483 2334 2472 2516 3010 3022 3140 3729 3799 4072 4116 4477 4612 4691 4764 4808 4814 4952
298	18	149	28	242 256 360 719 760 1124 1242 1420 1493 1544 1575 1735 1787 2071 2256 2646 2958 3405 3540 3913 3952 4103 4143 4453 4723 4747
303	15	228	28	68 187 888 976 987 1108 1596 1721 1742 1885 2090 2445 2577 2982 3019 3023 3785 4226 4302 4408 4531 4543 4801 4828 4864
333	14	78	28	234 384 566 992 1005 1082 1434 1501 1696 1750 1897 1971 2180 2464 2678 2770 2880 2915 3434 3503 4153 4238 4686 4885
351	6	86	28	104 128 310 806 1131 1160 1405 1623 1912 1955 1983 2421 2727 2753 2846 3079 3344 3489 3519 3534 3929 4048 4300 4386 4554 4806
366	25	96	28	112 321 994 1232 1299 1888 2125 2406 2603 2637 2818 3545 4034 4058 4093 4218 4455 4486 4525 4652 4708 4744 4778 4855
390	28	226	28	21 85 97 844 1739 1740 2106 2145 2343 2841 2892 3136 3196 3479 3577 3843 4070 4130 4195 4677 4688 4840 4983
507	1	176	28	20 147 200 229 526 556 720 937 1153 1395 1456 1583 1688 1838 2066 2183 2235 2254 2267 2433 2593 2748 3014 3039 3088 3329
518	36	118	28	46 211 787 1129 1205 1359 1702 2209 2252 2311 2327 2541 2628 3094 3123 3131 3193 3589 3818 4331 4498 4788 4900 4901 4976
545	20	55	28	460 637 735 812 886 1186 1203 1274 1453 1667 2003 2686 2956 3091 3137 3334 3371 3476 3605 3944 4336 4502 4706 4834
555	9	275	28	9 51 604 695 932 1118 1226 1255 2182 2341 2555 2813 3226 3267 3296 3539 3612 3671 3724 4122 4623 4777 4790 4862
585	34	279	28	1053 1749 1893 1918 1984 2082 2127 2166 2425 2667 2764 3239 3269 3280 3688 3693 3814 3839 3934 4394 4415 4638 4768
51	30	169	28	25 231 290 427 880 1352 1746 1886 1993 2168 2242 2250 2794 3110 3281 3394 3450 3887 4474 4572 4781 4805 4851
56	11	282	28	70 241 369 518 597 742 807 982 1321 1376 1593 2051 2741 2822 2843 2925 2926 3052 3197 3399 3425 4038 4356 4892
65	17	80	28	40 129 579 798 1349 1684 1845 2210 2430 2540 2636 2645 2796 2909 3210 3617 3699 3794 3877 3902 3928 4151 4316 4613
103	27	117	28	89 146 1077 1479 1562 1628 1875 1901 1911 2007 2021 2046 2136 2169 2342 2429 2629 2635 2661 2762 2777 3784 3797 3807 4484
109	33	133	28	149 232 423 1049 1517 1724 2006 2258 2329 2378 2533 2705 3141 3233 3260 3268 3328 3607 3667 3870 4467 4546 4642 4757
119	26	140	28	29 191 630 664 824 1444 1796 1958 2190 2368 2424 2868 3119 3672 3911 4006 4026 4317 4389 4610 4713 4760 4850 4919
233	13	54	28	3 31 38 1675 1736 1769 1832 1840 1844 1861 2206 2365 2858 2869 3191 3302 3645 3983 3994 4060 4105 4362 4611 4626 4721
279	32	78	29	324 691 906 978 1302 1337 1672 1834 1876 2071 2191 2270 2561 2931 3005 3008 3080 3204 3243 3352 3828 3898 4984
349	37	299	28	22 148 170 322 644 809 913 1185 1257 1910 2194 2463 2548 2624 2867 2877 3086 3346 3460 3572 3832 3838 4536 4639 4734
373	19	219	29	35 64 113 528 629 872 944 1021 1624 1685 1837 2170 2337 2349 2897 2909 3347 3545 4464 4569 4604 4607 4657 4832
380	31	89	29	182 327 350 385 603 750 803 1197 1677 1941 2090 2671 2726 2757 2917 3103 3161 3525 3762 3865 4000 4003 4188 4189 4737
462	10	8	29	11 21 401 542 682 730 805 875 934 1341 2645 2736 2973 3125 3132 3280 3323 3437 3733 3856 4158 4392 4483 4570
475	16	191	29	423 442 455 493 1391 1401 1435 1447 1534 1583 1772 1895 1992 2125 2328 2415 3127 3266 3958 4080 4363 4537 4948 4963
511	39	29	29	181 365 433 660 1090 1134 1261 1713 1734 2057 2602 2756 2776 2941 2942 3426 3540 4106 4243 4308 4362 4497 4767 4928
559	12	44	29	406 693 774 787 909 1039 2245 2306 2358 2816 2911 2937 2944 3254 3487 3567 3609 3655 3747 4346 4772 4869
576	24	193	29	235 1030 1329 1710 1717 1846 2363 2581 2744 2770 3374 3664 3814 3918 3952 3953 4128 4155 4399 4603 4813
598	29	71	29	75 170 469 561 578 647 664 1065 1115 1170 1568 1686 1828 1838 2019 2130 2241 2478 2563 3986 4016 4124 4165 4183 4999
88	7	293	29	58 911 1223 1480 1591 1606 1671 1996 2227 2313 2378 2567 2638 2829 3180 3327 3456 3581 3675 3836 4238 4247 4941 4978
165	4	201	29	91 363 471 580 659 896 1125 1126 1478 1549 1858 2266 2664 2987 3152 3738 3751 3841 3966 4114 4242 4326 4837 4925
282	38	21	29	79 312 869 1078 1138 1289 1357 1442 1519 2064 2189 2309 2317 2355 2394 2792 2902 3003 3082 4015 4408
290	8	298	29	220 283 945 1204 1340 1364 1457 1538 1610 2077 2085 2109 2183 2892 3047 3065 3562 3715 4325 4741 4887
406	3	81	29	359 389 662 692 789 1063 1145 1275 1482 1647 1674 1750 1766 2392 2459 2861 3360 3648 3821 3872 4100 4323 4550 4557
415	21	148	29	69 355 479 1146 1935 2380 2766 2788 2965 3251 3349 3495 3550 3571 3593 3631 3740 3797 3850 3860 4059 4454 4790
567	35	14	29	538 599 632 648 697 824 976 1083 1249 1413 1808 1932 1963 2007 2030 3284 3788 3802 3806 4680
74	40	220	29	519 804 1230 1279 1290 1520 1582 2155 2184 2282 2295 2700 2859 2886 3780 3910 4089 4279 4530 4535 4868 4929
118	5	236	29	61 304 390 738 847 1301 1638 1659 1866 2044 2153 2271 2314 2501 2547 2905 2988 3343 3857 3869 3984 4520 4583
143	2	274	29	26 249 280 305 728 1220 1669 1679 1961 2059 2467 2468 2576 2611 2637 2738 3002 3528 4051 4531 4655 4665
164	22	213	29	242 292 884 919 1037 1054 1096 1819 2133 2181 2214 2243 3157 3165 3588 3623 4244 4407 4436 4505 4597 4828
436	23	108	29	127 295 387 429 652 857 908 943 977 995 1844 1938 2401 2441 2485 2798 3304 3462 4154 4208 4427 4972 4980
474	18	185	29	188 671 1316 1328 1868 1926 2482 2496 2658 2683 2760 3309 3509 3685 3687 3876 3947 4275 4329 4542 4631
476	15	82	29	171 217 268 496 673 873 946 1161 1505 1739 1897 1970 1991 2782 2952 3737 3815 3991 4163 4193 4651 4740
536	14	295	29	23 247 657 698 1079 1212 1344 1522 1542 1964 2348 2685 2945 3109 3186 3625 4121 4265 4350 4434 4933 4975
150	6	138	29	65 138 148 154 289 518 948 1068 1507 1903 2323 2435 2493 2588 2894 3192 3333 3919
320	25	154	29	80 124 486 529 1325 1514 1574 1728 1802 1928 1937 2585 2597 2812 3241 3317 3375 3748 3858 3900 4586 4816
364	28	35	29	334 345 637 1057 1136 1294 1405 1431 1563 1807 2278 2371 2513 2691 2823 3390 3449 3572 3820 4411 4576 4988
400	1	165	29	319 506 958 969 980 1050 1217 1256 1762 2662 2720 2761 3114 3408 3527 3703 3712 3714 3942 4250 4489 4658
39	36	199	29	119 193 199 245 405 558 699 806 1060 1764 2196 2476 2698 2750 3017 3371 3677 4755 4878
55	20	225	29	116 277 941 1017 1209 1231 1375 2065 2178 2274 2283 2429 2906 3337 3388 3492 3501 4681 4730 4946
69	9	254	29	18 397 400 639 1319 1865 2537 3076 3570 4057 4098 4127 4245 4499 4602 4627 4634 4672 4910 4930 4970
121	34	24	29	255 413 559 781 1565 2120 2145 3073 3155 3299 3553 3904 4227 4463 4575 4797 4859 4875 4926
70	32	199	30	176 490 537 746 1359 1858 2063 2091 2115 2142 2358 2410 2669 3296 3297 3571 4066 4167 4342 4865
127	30	80	29	44 128 264 364 526 975 1128 1396 1623 1771 2021 2081 2430 2440 2491 3113 3205 4263 4364 4809
324	11	118	29	45 169 758 1086 1258 1270 1567 1917 2119 2854 3107 3214 3506 3534 3769 4031 4432 4498
442	17	62	29	516 1250 1398 1690 1747 1757 1949 2555 2591 2786 2923 2970 3195 3694 3853 4076 4143 4207 4905 4965
497	27	181	29	233 412 564 633 638 731 916 1193 1407 1836 2161 2571 2998 3401 3432 3956 4044 4086 4209 4892
544	33	68	29	338 422 430 826 1414 1755 2060 2063 2079 2185 2966 3060 3425 3489 3498 4072 4401 4486 4806 4861
327	26	249	29	108 436 971 1356 1839 2096 2175 2211 2276 2484 2771 3474 4043 4135 4203 4757 4911
599	13	26	29	210 880 1046 1140 1754 2151 2315 2620 3006 3391 3544 3652 3711 4579
