Course	Room	Teacher	Time	Students
142	6	284	2	160 384 555 729 771 801 893 942 962 1245 1356 1395 1424 1482 1508 1532 1765 1867 2000 2330 2473 2507 2606 2616 2621 2793 2884 2894 3016 3029 3314 3397 3401 3512 3722 3810 3883 3947 3977 4058 4129 4304 4306 4860 4878 4936
359	3	20	2	8 56 368 672 803 925 948 1000 1087 1262 1603 1621 1757 1825 1959 2241 2250 2275 2390 2559 2727 2753 2885 2909 2947 3032 3080 3262 3358 3368 3375 3582 3638 3765 4155 4236 4277 4319 4489 4566 4774 4784 4813
14	24	172	2	65 302 328 589 648 905 1133 1158 1193 1279 1662 1762 1838 1845 1900 1932 2069 2320 2321 2599 2810 2820 2848 3114 3177 3277 3283 3501 3555 3658 3667 3756 3845 3957 3978 3985 4036 4095 4183 4206 4322 4632 4851 4872 4889
568	36	148	2	86 159 188 355 378 558 641 644 869 1323 1491 1522 1618 1776 1981 1997 2018 2043 2179 2342 2492 2550 2728 2729 2792 3018 3056 3141 3172 3332 3724 3728 3735 3839 4316 4341 4366 4461 4735 4745
268	17	34	2	17 24 42 47 91 127 221 222 247 319 503 663 804 839 951 965 1066 1146 1316 1436 1770 2061 2064 2143 2295 2720 2826 2883 3158 3390 3414 3448 3452 3611 3681 3706 3900 4004 4073 4102 4309 4442 4512
533	28	121	2	142 156 287 452 547 616 734 735 1528 1840 1951 2157 2167 2469 2471 2576 2908 3010 3042 3070 3109 3255 3258 3307 3319 3652 3716 3738 3767 3835 3846 4086 4115 4137 4409 4600 4845 4886 4969
542	32	154	2	145 347 377 406 429 490 738 765 1055 1171 1264 1290 1456 1543 1596 1674 1807 2276 2571 2771 3276 3295 3342 3374 3507 3535 3685 3702 3804 3820 4017 4149 4204 4293 4308 4392 4629 4930 4988
72	33	46	2	95 107 167 248 582 844 857 894 913 1032 1437 1489 1520 1565 1601 1665 1671 1741 1751 1848 2187 2373 2401 2447 2454 2963 3287 3372 3384 3622 3733 4112 4170 4220 4227 4447 4463 4516 4578 4625 4644 4663 4704 4730 4814 4869 4987
408	12	286	2	524 556 911 912 1116 1123 1216 1569 1833 1875 2168 2288 2525 2596 2811 2870 3008 3049 3102 3123 3204 3237 3289 3363 3410 3419 3499 3602 3843 4145 4318 4492 4763 4796 4823 4943 4972
218	4	164	2	50 242 252 318 362 430 625 651 1020 1085 1228 1385 1429 1740 2088 2100 2120 2256 2327 2516 2762 2801 3022 3129 3235 3421 3547 3608 3618 3659 3662 3670 3990 4156 4208 4481 4532 4563 4688 4952
227	22	101	2	137 206 417 496 512 624 686 798 831 983 1037 1039 1121 1181 1408 1445 1471 1732 1800 1851 1946 2182 2206 2353 2718 2991 3062 3183 3256 3293 3298 3463 3586 3660 3912 3976 4084 4542 4586 4928 5000
478	2	270	2	106 338 364 562 703 832 1173 1242 1360 1384 1615 1691 1868 1928 1961 2234 2370 2385 2575 2588 2602 2717 2803 3053 3132 3142 3185 3275 3300 3481 3529 3879 3926 4011 4187 4349 4358 4459 4574
251	9	269	2	7 191 198 388 484 591 767 1581 1713 1857 2068 2148 2209 2389 2500 2741 2783 2851 2896 3315 3352 3551 3657 3755 3830 3870 4063 4100 4527 4553 4720 4780 4929
386	11	141	2	5 19 255 402 613 704 842 847 1106 1227 1324 1477 1566 1609 1659 1933 2031 2119 2282 2356 2362 2598 2609 2902 2943 3002 3047 3202 3642 3700 3853 3872 4020 4025 4320 4605 4650 4657 4999
532	1	38	2	183 214 290 415 656 732 758 796 876 934 1009 1320 1403 1426 1611 1699 1819 1865 2074 2142 2779 2856 2878 2952 2959 3388 3389 3518 3606 3746 3895 4021 4414 4435 4535 4769 4801 4828 4917
596	40	217	2	4 20 64 105 113 131 141 144 256 437 450 534 607 627 873 1036 1072 1096 1287 1386 1494 1828 1942 1986 1993 2225 2662 2895 2926 3104 3379 3404 3477 3558 3701 4067 4080 4385 4429 4614 4697
36	21	100	2	121 306 339 363 440 572 650 762 840 1374 1461 1579 1620 1763 2169 2273 2281 2292 2487 2518 2645 2776 2968 3131 3166 3208 3351 3449 3737 3842 3946 4070 4092 4272 4519 4608 4682 4765
56	8	285	2	30 428 528 533 659 722 892 1259 1357 1606 1753 2022 2029 2302 2360 2363 2544 2700 2750 3040 3116 3316 3318 3366 3654 3718 3720 3783 3832 4009 4060 4087 4096 4257 4397 4792 4827 4874 4951 4953
113	27	53	2	348 397 433 570 670 757 955 1273 1286 1336 1855 2027 2085 2587 2668 2789 2796 2849 2921 3013 3405 3451 3682 3826 3897 3924 4146 4275 4333 4404 4469 4488 4506 4511 4603 4739 4956 4992
116	20	68	2	85 223 240 282 299 605 634 744 772 1045 1136 1600 1623 1943 1975 2016 2078 2150 2195 2272 2343 2359 2495 2569 2593 2701 3216 3434 3790 3806 3833 3865 3934 4013 4248 4299 4575 4766 4847 4957 4964 4970
234	14	215	2	26 323 599 667 683 712 805 920 959 968 1223 1296 1749 1788 2046 2245 2296 2618 2635 2915 3000 3266 3349 3354 3377 3649 4199 4221 4234 4250 4340 4384 4395 4528 4551 4643 4756
258	38	203	2	28 57 117 171 271 304 1191 1249 1280 1322 1661 1702 1823 1934 2002 2051 2164 2201 2227 2369 2374 2384 2470 2541 2782 2905 3073 3075 3427 3597 3619 3687 3782 3819 4061 4217
263	10	262	2	53 58 78 225 436 483 620 638 1025 1122 1325 1463 1540 1608 1632 1937 2010 2077 2208 2519 2528 2630 2651 3001 3163 3234 3567 3646 3679 3692 3780 4153 4394 4606 4691 4721 4803 4944
425	37	144	2	128 263 291 335 559 674 949 988 1073 1251 1256 1457 1538 1697 1814 1846 2257 2415 2472 2627 3076 3260 3407 3511 3945 4018 4198 4224 4246 4251 4295 4587 4620 4690 4858 4871 4885 4974
458	5	102	2	195 285 295 478 682 717 868 931 1016 1196 1206 1703 1774 1801 1839 1887 1963 2130 2144 2291 2522 2874 2937 3006 3219 3286 3398 3466 3504 3592 3690 3961 4024 4099 4164 4244 4372 4418 4446 4513 4530 4995
464	29	232	2	250 320 716 904 960 975 1258 1299 1326 1334 1619 1666 1685 1773 1854 1884 1898 2239 2437 2502 2739 2759 3239 3553 3772 4033 4150 4312 4329 4354 4479 4522 4705 4758 4761 4795 4831 4973
62	16	44	2	55 104 201 790 941 1219 1250 1435 1772 1805 1827 1896 2192 2341 2378 2382 2493 2685 2744 2850 2869 2951 3229 3288 3644 3678 3921 3925 3964 4089 4105 4240 4328 4415 4430 4496 4734 4894 4966
110	30	112	2	186 189 297 410 435 565 679 1074 1125 1168 1575 1695 1818 1945 2041 2115 2135 2151 2202 2264 2394 2441 2638 2722 3189 3400 3469 3594 3600 3786 4106 4268 4540 4557 4588 4613 4820 4822
175	13	225	2	465 554 645 689 818 993 1156 1281 1402 1580 1817 1880 2113 2314 2319 2420 2429 2479 2577 2696 2761 2797 2970 3280 3572 3774 3930 4029 4079 4125 4158 4185 4202 4305 4564 4747 4790 4836 4864
239	34	146	2	22 176 877 916 930 946 1208 1353 1906 1947 2047 2152 2171 2678 2747 2995 3308 3403 3426 3485 3523 3581 3791 3899 3914 3965 4168 4182 4270 4337 4444 4514 4709 4837 4893
254	18	173	2	60 75 103 259 309 543 973 1071 1094 1141 1190 1254 1521 1551 1627 1779 1798 1850 1940 2005 2036 2231 2438 2509 2589 2743 3325 3578 3650 3699 3781 3796 4027 4148 4166 4473 4945
257	19	71	2	69 126 317 337 356 598 923 1063 1215 1289 1304 1506 1561 1563 1626 1629 1864 2097 2124 2243 2313 2371 2379 2691 2774 2839 3209 3263 3272 3472 3502 3637 3787 3800 4050 4111 4238 4359 4857
274	7	241	2	40 264 336 581 601 825 846 1040 1058 1127 1178 1497 1688 1938 1941 2197 2453 2486 2637 2790 2992 3261 3312 3479 3712 3770 3851 4006 4078 4114 4526 4569 4662 4668 4674 4728 4931
291	25	265	2	36 238 476 489 890 953 1078 1253 1274 1311 1346 1379 1421 1527 1655 1789 2087 2161 2186 2204 2286 2348 2466 2557 2708 2823 2863 2930 3044 3120 3393 3440 3497 3757 3922 4054 4711
300	15	293	2	168 239 292 366 509 602 827 895 1130 1327 1335 1377 1410 1486 1592 1653 1787 2175 2411 2532 2574 3055 3193 3206 3274 3640 3641 3651 3719 4047 4421 4458 4559 4656 4664 4782 4833 4908
382	31	160	2	538 623 963 1098 1294 1380 1398 1507 1842 1856 1944 2011 2199 2203 2396 2713 2766 2786 2822 2887 2928 2975 3195 3223 3643 3798 3816 3818 4037 4040 4269 4416 4434 4445 4567 4672 4736 4802 4859 4935
415	39	11	2	115 184 294 332 470 520 550 753 1089 1091 1369 1476 1478 1594 1595 1642 1734 1748 1775 1910 1953 1990 2042 2402 2504 2617 2649 2929 3019 3267 3385 3476 3537 3546 3762 3788 4281
417	23	289	2	59 205 399 514 574 1070 1207 1670 1835 1879 1936 1948 1957 2019 2326 2336 2339 2533 2610 2733 2767 2787 2835 3090 3143 3152 3370 3613 3809 3916 3973 4041 4280 4376 4599 4673 4918
498	26	4	2	41 89 276 313 447 820 886 933 1012 1021 1339 1367 1431 1464 2308 2317 2392 2556 2625 2705 2706 2876 2966 2977 3248 3487 3498 3539 3769 3927 4391 4521 4580 4596
510	35	117	2	11 544 585 896 1035 1204 1308 1354 1462 1625 1669 2044
23	6	87	4	7 155 307 338 345 870 888 1005 1256 1316 1482 1721 1795 1922 1954 1967 2032 2525 2555 2825 3083 3183 3210 3429 3460 3659 4022 4051 4070 4141 4167 4237 4507 4562 4603 4689 4708 4815 4918 4982
45	3	240	4	50 87 358 405 422 466 561 677 760 790 984 998 1278 1377 1919 2061 2163 2389 2439 2464 2494 2625 3072 3168 3196 3249 3264 3334 3428 3555 3867 3892 3980 4046 4126 4150 4409 4466 4641 4877 4901
70	24	41	4	28 383 529 746 860 864 969 1062 1597 1639 1684 1705 1914 2258 2301 2366 2586 2692 2923 2936 3198 3353 3637 3788 3904 4106 4201 4216 4229 4305 4452 4536 4608 4659 4670
167	36	91	4	16 97 103 150 316 528 587 780 850 973 1041 1049 1495 1760 1794 1902 1929 1946 1977 1980 2100 2168 2441 2703 2758 2971 2982 3087 3312 3452 3459 3543 3668 4044 4122 4635 4717 4721 4839 4913
247	17	150	4	184 347 479 487 488 599 762 799 854 995 997 1173 1300 1556 1598 1619 1667 1853 1951 2020 2066 2147 2958 3069 3203 3450 3561 3563 3605 3744 4157 4225 4360 4661 4745 4771
286	28	68	4	80 185 192 317 590 883 1155 1359 1532 1533 1774 2065 2132 2249 2268 2275 2293 2321 2331 2365 2368 2666 2684 2806 3162 3327 3336 3458 3480 3609 3654 3847 3935 3961 3976 4247 4503 4679 4915 4972
325	32	231	4	415 433 455 498 789 835 903 1108 1159 1494 1514 1683 1715 1767 1802 2048 2053 2140 2148 2361 2887 2967 3107 3194 3397 3497 3551 3559 3676 3687 3705 3726 3859 3932 4627 4703 4850
354	33	129	4	120 164 303 344 586 724 744 862 1225 1367 1449 1465 1745 2011 2220 2497 2593 2839 2856 2926 2945 3105 3316 3375 3390 3792 3871 4020 4371 4467 4519 4600 4752 4821 4937 4946
366	12	175	4	351 361 390 412 513 764 1190 1193 1236 1315 1466 1595 1603 1604 1622 1791 1810 1812 1965 1971 2035 2047 2514 2564 2600 2701 2822 3344 3596 3908 4076 4174 4504 4709 4902
387	4	27	4	90 332 418 902 923 1103 1371 1419 1444 1446 1469 1697 1704 1727 2335 2348 2352 2404 2411 2505 2627 2920 2955 2996 3118 3167 3568 4033 4095 4103 4248 4387 4552 4619 4626 4733 4736 4806 4954
433	22	134	4	6 525 613 720 818 1234 1259 1384 1520 1538 1614 1657 1759 1815 1842 1871 2197 2237 2431 2605 2682 2711 2733 3078 3091 3250 3385 3623 3751 3779 3898 4261 4338 4403 4494 4530 4891
434	2	163	4	1 216 309 331 456 541 914 1189 1209 1250 1360 1363 1477 1489 2154 2230 2498 2661 2722 2724 2816 2854 2925 3011 3029 3317 3502 3589 3869 4160 4302 4453 4788 4796 4892 4932
452	9	5	4	84 250 411 439 605 715 716 721 959 981 1058 1064 1255 1462 1529 1576 1631 1885 1952 2021 2198 2312 2314 2386 2395 2442 2578 3124 3423 3632 3816 4177 4179 4242 4295 4957
485	11	187	4	199 202 440 583 752 889 957 1089 1152 1283 1295 1312 1385 1460 1690 1777 1807 1920 2003 2006 2493 2632 2744 3238 3254 3295 3629 3662 3713 3809 3919 4230 4432 4493 4534
509	1	271	4	14 111 165 389 547 555 568 573 830 882 921 965 978 1099 1110 1126 1422 1549 2012 2049 2233 2474 2750 2805 2845 3239 3246 3253 3453 3591 3956 4181 4185 4357 4424 4818 4851 4893 4928
535	40	154	4	20 162 166 492 649 761 776 817 913 985 1003 1183 1276 1962 1970 2081 2088 2118 2574 2939 2991 3056 3328 3444 3588 3603 3624 4060 4133 4241 4286 4423 4567 4621 4623 4701 4887 4910
52	21	135	4	178 269 301 363 417 775 811 821 855 991 1212 1395 1399 1402 1546 1828 1872 1889 1897 2090 2141 2194 2391 2676 2678 2773 3016 3057 3184 3240 3241 3365 3503 3657 3754 4184 4639 4734 4743
157	8	23	4	30 552 609 631 700 713 886 1358 1386 1487 1530 1740 1844 1896 1987 2360 2427 2587 2597 2673 2757 2988 3112 3169 3186 3319 3335 3456 3827 4175 4215 4257 4309 4425 4846 4857 4947
171	27	226	4	157 171 215 259 260 356 384 514 832 865 944 1403 1406 1499 1536 1632 1741 1955 2026 2046 2109 2310 2357 2358 2421 2620 2756 2946 3159 3212 3294 3806 4231 4318 4431 4576 4672 4912
283	20	3	4	180 539 611 682 849 1023 1059 1076 1199 1338 1439 1440 1441 1573 1746 1778 1837 2101 2170 2325 2419 2425 2577 2584 2980 3021 3054 3174 3304 3515 3773 3812 3841 4440 4518 4569 4756 4865
319	14	56	4	46 119 175 248 276 414 474 496 766 774 829 1132 1166 1355 1899 2191 2261 2347 2601 2649 2712 2740 3121 3271 3521 4061 4069 4072 4388 4418 4642 4702 4814 4826 4855
348	38	34	4	40 79 193 197 310 574 912 950 1306 1325 1349 1674 1869 2217 2276 2318 2379 2725 2948 2954 3014 3099 3146 3161 3226 3326 3496 3511 3669 3677 4035 4161 4475 4595 4706 4879
355	10	47	4	26 77 102 139 204 327 468 1036 1043 1217 1448 1755 1861 1907 2161 2244 2259 2476 2532 2645 2824 2868 2928 3273 3280 3282 3610 3839 3900 3992 4012 4086 4125 4182 4282 4324 4458 4817
369	37	283	4	342 652 665 824 951 1020 1061 1348 1389 1818 1911 2070 2392 2534 2642 2668 2669 2690 2899 2904 2953 2961 3019 3106 3172 3205 3313 3819 3824 4006 4064 4330 4392 4830 4950
428	5	95	4	446 602 920 1122 1393 1457 1640 1780 2043 2068 2333 2387 2738 2787 2891 3024 3173 3299 3337 3362 3560 3626 3718 3960 3997 4043 4127 4203 4299 4377 4411 4422 4436 4474 4632 4809 4985
437	29	199	4	298 314 941 1044 1072 1340 1390 1585 1706 1854 2110 2134 2169 2232 2582 2702 2755 2907 3005 3008 3071 3082 3119 3126 3179 3265 3478 3482 3649 3721 3739 3763 4050 4473 4581 4585 4676 4773 4782 4961
460	16	28	4	106 226 262 291 320 395 791 891 1211 1222 1307 1341 1617 2200 2559 2623 2935 2956 3080 3164 3416 3435 3537 3704 3811 3911 4032 4098 4224 4240 4273 4337 4468
463	30	122	4	136 179 223 241 244 594 748 922 970 975 990 1232 1344 1574 1750 1843 2297 2545 2848 2883 3075 3132 3160 3211 3296 3308 3367 3612 3723 3725 4019 4219 4322 4382 4514 4725 4767 4934
483	13	35	4	60 169 253 469 735 815 1053 1177 1226 1646 1808 1894 1931 2127 2316 2340 2716 2721 2842 2857 2875 2964 3007 3046 3235 3288 3544 3547 3872 3940 4088 4187 4275 4654 4805
491	34	236	4	153 229 360 393 457 608 980 1145 1333 1370 1570 2270 2400 2618 2629 2718 2778 2807 2869 3234 3400 3539 3616 3692 3778 3909 3944 4042 4594 4711 4770
519	18	174	4	27 113 137 346 512 534 576 578 795 1117 1171 1343 1372 1754 1915 2038 2264 2455 2522 2594 3040 3333 3411 3470 3501 3532 4148 4165 4191 4207 4412 4527 4794 4802 4926
530	19	48	4	236 827 1009 1186 1424 1625 1714 1862 1938 2084 2152 2641 2659 2686 2731 2815 2871 3059 3108 3311 3315 3325 3347 3436 3441 3473 3498 3513 3729 3826 3918 4211 4239 4346 4457 4566 4572 4645 4732 4819 4962
572	7	2	4	63 78 237 277 444 467 647 696 750 955 1002 1057 1087 1266 1528 1681 1689 1950 2139 2184 2199 2388 2547 2611 2764 2775 3041 3049 3268 3722 3995 4159 4332 4365 4845 4856 4940 4965
76	25	216	4	272 283 419 445 580 581 687 1169 1498 1886 1978 1982 2052 2098 2149 2423 2454 2785 2861 2882 2998 3001 3100 3660 3673 3952 4038 4194 4421 4470 4682 4716 4723 4884 4911
99	15	66	4	4 31 52 322 401 1030 1264 1320 1504 1793 1855 2017 2195 2285 2570 2811 3068 3070 3136 3454 3700 3882 3888 3996 4169 4313 4413 4515 4524 4617 4683 4831 4903 4986
103	31	31	4	39 147 257 275 494 501 553 579 636 645 719 797 949 1090 1129 1365 1748 1765 2086 2351 2862 2994 3323 3330 3468 3599 3740 3825 3866 3975 4016 4271 4290 4575 4719 4827 4849
136	39	278	4	25 38 91 149 295 304 736 812 892 1275 1342 1346 1407 1450 1511 1539 1568 1833 1926 1937 2131 2307 2440 2556 2634 3116 3269 3714 3741 3897 4147 4172 4556 4649 4712 4722
147	23	261	4	105 163 564 708 725 1161 1223 1434 1584 1800 1826 1904 1939 2023 2137 2290 2306 2639 2978 3110 3227 3232 3620 3813 3910 3998 4000 4025 4045 4090 4152 4323 4501 4629 4907
153	26	262	4	143 392 584 866 1027 1065 1077 1086 1162 1179 1240 1261 1263 1269 1290 1418 1544 1613 1890 2024 2323 2644 2672 2677 2707 2798 3214 3236 3383 3590 3593 3747 3843 3979 4520 4602 4749
154	35	18	4	48 863 925 939 1192 1220 1327 1643 1666 1756 2241 2278
160	6	192	6	189 210 385 408 668 739 860 879 978 1002 1038 1421 1432 1644 1748 2131 2234 2338 2549 2586 2719 3208 3289 3441 3756 4019 4053 4401 4447 4489 4561 4575 4651 4825
197	3	153	6	36 423 657 822 1022 1068 1118 1297 1298 1346 1803 1864 1882 2398 2402 2496 2523 2597 2741 2880 3356 3492 3509 3730 3800 3872 3920 4227 4688 4726 4741 4882 4982
199	24	76	6	198 302 310 321 443 458 800 847 1092 1146 1194 1379 1510 1679 1680 1753 1963 2083 2241 2375 2624 2925 2986 3095 3394 3591 3614 3759 3964 4044 4242 4290 4466 4495 4550 4566 4800
215	36	118	6	44 501 630 723 725 958 1042 1151 1202 1345 1656 1833 1969 2058 2101 2140 2181 2214 2499 2623 2651 2752 2765 3172 3609 3647 3761 3785 3901 4168 4252 4526 4840 4953
317	17	112	6	3 122 179 185 256 500 566 758 943 1110 1210 1353 1591 1823 2033 2095 2113 2248 2337 2577 2642 2775 3012 3064 3137 3775 4000 4083 4113 4357 4384 4664 4704 4929
324	28	38	6	215 331 442 546 584 662 815 961 1161 1463 1596 1632 1895 2188 2326 2403 2406 2583 2767 3129 3403 3540 3615 3821 3969 4159 4254 4351 4487 4529 4753 4781 4791 4875 4913
343	32	205	6	83 92 132 193 218 258 369 646 669 760 853 880 1082 1831 1984 2243 2347 2666 3006 3146 3399 3410 3500 3528 3567 3611 3631 3645 3684 3764 3887 3982 4366 4903 4960
388	33	231	6	164 292 823 1144 1453 1473 1513 1600 1745 1911 1931 2393 2410 2471 2558 2644 2781 2847 2949 2968 3226 3234 3237 3382 3626 3916 3961 3974 4040 4327 4615 4783 4912 4919
406	12	220	6	43 485 506 665 688 689 965 1105 1120 1135 1155 1225 1457 2148 2223 2359 2391 2534 2626 2844 2873 3216 3424 3543 3583 3876 3946 4005 4119 4124 4150 4330 4365 4502 4515 4590 4601 4669 4991
413	4	65	6	498 619 754 817 889 939 1071 1097 1276 1300 1305 1339 1416 1438 1774 1808 1826 1881 1978 2119 2170 2219 2565 2736 2833 3292 3297 3346 3711 3731 3886 3942 4262 4370 4414 4448 4878
470	22	84	6	276 336 439 509 610 811 926 1321 1539 1900 1991 2022 2183 2203 2224 2643 2813 2828 2922 3028 3218 3273 3355 3559 3840 3986 4034 4410 4624 4833 4897 4987
508	2	201	6	322 352 378 425 488 536 690 692 969 989 1049 1084 1183 1341 1517 1805 1874 2500 2674 2749 2945 3136 3301 3317 3663 3716 3895 3924 3984 3993 4112 4301 4718 4910 4974
565	9	248	6	299 312 574 645 742 794 813 1012 1034 1133 1375 1505 1612 1693 1728 1965 1980 2204 2479 2783 2994 3011 3096 3151 3263 3309 3368 3743 3865 3874 3893 3909 4108 4154 4320 4514 4696 4949
567	11	152	6	400 532 1277 1372 1527 1764 1871 2210 2432 2495 2591 2709 2859 2981 3150 3190 3210 3351 3354 3600 3655 3681 3812 3906 4065 4196 4381 4729 4851
586	1	97	6	291 406 421 653 787 804 956 1695 1942 1982 1987 2060 2441 2552 2672 2716 3030 3031 3055 3261 3443 3617 3672 3692 3808 4176 4239 4288 4363 4428 4562 4568 4616 4721 4843 4932
40	40	52	6	46 124 170 608 727 808 852 1095 1260 1502 1709 1729 1754 1950 2048 2073 2186 2348 2459 2700 2724 2812 3135 3171 3182 3228 3260 3425 4002 4059 4165 4238 4280 4506 4582 4806
58	21	79	6	177 231 528 601 660 724 743 778 844 849 927 959 1067 1229 1268 1332 1751 1761 2162 2245 2457 2544 3007 3059 3105 3107 3426 3520 3533 3610 3694 3915 4374 4544 4621 4642 4719 4820
79	8	39	6	242 271 403 664 839 875 994 1001 1508 1565 2010 2036 2215 2232 2236 2420 2497 2531 2680 2695 2791 2836 2913 3084 3127 3363 3419 3430 3738 4073 4158 4192 4921 4973
84	27	258	6	14 33 281 416 567 1252 1278 1334 1430 1958 2115 2159 2324 2342 2516 2519 2537 2713 2919 2937 3270 3288 3290 3503 3790 3813 3877 4210 4218 4349 4395 4404 4500 4565 4782 4814
91	20	161	6	174 197 247 268 304 482 520 548 779 845 1102 1461 1647 1648 1737 1821 1917 1985 2546 2551 2658 2853 2982 3052 3227 3252 3710 4129 4412 4446 4570 4680 4959 4995
101	14	131	6	127 240 543 606 894 1179 1315 1361 1558 1735 1759 2404 2489 2494 2671 2735 2838 2973 3178 3323 3557 3592 3639 3921 3965 4026 4064 4133 4164 4313 4344 4455 4854
150	38	132	6	8 112 219 564 576 711 789 854 911 985 1705 2351 2440 2467 2745 3142 3154 3176 3229 3284 3286 3294 3418 3422 3534 3620 3679 3815 3938 4048 4394 4579 4951
198	10	55	6	111 130 308 359 465 518 591 715 785 1550 1807 1888 1955 2168 2433 2503 2550 2829 2976 2989 3054 3066 3442 3456 3468 3518 3854 4041 4141 4261 4263 4666 4707 4822 4900 4930
281	37	207	6	178 391 451 759 816 996 1026 1211 1243 1247 1352 1425 1535 1625 1827 1964 2034 2066 2271 2274 2487 2513 2953 3048 3082 3310 3420 3641 3744 4076 4177 4353 4501 4633 4693 4714 4812 4916
295	5	86	6	138 392 479 915 1004 1106 1221 1237 1323 1523 1720 2407 2426 2689 2751 2874 2888 2926 3157 3285 3359 3378 3444 3648 4221 4342 4380 4438 4608 4786 4802 4967
414	29	165	6	203 438 471 840 971 1351 1383 1426 1524 1785 1843 1922 2023 2158 2244 2315 2529 2640 2806 3197 3392 3696 3732 3747 3970 3987 4003 4107 4354 4477 4482 4504 4539
465	16	125	6	355 511 834 871 1046 1108 1149 1190 1238 1290 1634 1779 1816 1837 1838 2120 2253 2475 3038 3124 3167 3184 3214 3303 3349 3584 3603 3757 3856 4045 4533 4555 4569 4581 4589 4928 4980
488	30	177	6	18 350 365 557 625 675 1063 1235 1804 1839 1920 1954 1995 2112 2222 2301 2511 2554 2891 2966 3099 3302 3328 3565 3677 3682 3829 3864 4055 4084 4494 4577 4605 4990
507	13	26	6	289 341 370 750 776 991 1126 1241 1454 1552 1554 1666 1749 2029 2163 2422 2580 2958 3139 3211 3221 3389 3587 3690 4081 4144 4241 4264 4316 4424 4545 4591 4728 4735 4922 4933 4998
526	34	259	6	1 16 25 234 255 305 480 495 1160 1195 1197 1228 1293 1435 1620 1830 1850 1996 2024 2189 2276 2285 2322 2604 2959 2962 3079 3798 4039 4307 4345 4665 4978 4985
527	18	168	6	96 157 311 756 863 900 1015 1163 1629 1650 1696 1707 1809 1893 1947 2067 2105 2116 2196 2294 2517 2885 3004 3021 3531 3752 3822 3838 3846 3873 3954 3955 3981 4071 4324
594	19	10	6	143 328 983 1030 1078 1107 1154 1404 1802 1845 1940 2488 2522 2533 2868 2928 2965 3094 3187 3477 3571 3576 3640 3803 3862 3935 3950 3979 4069 4387 4510 4685 4906 4945 4962 4977
600	7	106	6	204 246 260 303 386 409 435 493 588 612 661 746 793 1035 1131 1490 1511 1586 2201 2290 2321 2933 3326 3343 3398 3407 3733 3849 3881 4027 4752 4858 4989
1	25	227	6	635 705 767 859 899 905 997 1081 1216 1329 1480 1538 1541 1747 1780 2072 2108 2329 2596 2611 2715 2727 2924 3110 3347 3431 3466 3593 3606 3780 4325 4471 4491 4548
12	15	8	6	35 135 182 484 497 540 580 617 694 777 1000 1170 1428 1526 1851 1981 2050 2091 2279 2308 2417 2561 2634 2785 3001 3396 3932 4295 4451 4464 4612 4723 4762 4966
24	31	146	6	186 249 320 332 376 558 741 783 809 919 980 1039 1056 1115 1469 1545 1684 1722 1825 1944 1966 2193 2628 2758 2823 2900 2997 3549 3669 3825 4140 4148 4180 4391 4541 4761 4947
55	6	153	8	190 401 443 652 857 996 1008 1010 1026 1248 1388 1411 1570 1677 1937 2016 2177 2266 2372 2520 2734 2859 2923 2931 2983 3011 3152 3210 3246 3517 3632 3701 3892 4038 4486
78	39	251	6	763 801 1055 1086 1410 1822 1921 2107 2233 2240 2263 2572 2601 2639 2697 2753 2979 3125 3401 3460 3467 3676 3699 3855 4057 4060 4197 4212 4405 4485 4970
82	23	202	6	116 419 466 470 686 751 1024 1150 1214 1348 1363 1412 1570 1675 1923 2246 2438 2439 2744 2899 3036 3092 3574 3595 3607 3630 3888 3959 4289 4396 4442 4460 4587 4986
89	26	197	6	101 125 209 367 720 797 848 987 1054 1076 1269 1359 1403 1582 1769 1847 2054 2085 2155 2364 2670 2910 3046 3341 3512 3652 3767 4093 4203 4236 4379 4402 4595 4684 4939
100	3	76	8	95 167 284 395 442 511 621 753 1221 1332 1394 1423 1432 1440 1783 1819 1830 2262 2268 2567 2651 2663 2976 3352 3455 3563 3647 3734 3836 3978 4122 4211 4299 4607 4801 4840 4914
102	35	87	6	106 368 792 942 972 1231 1286 1451 1579 1610 1678 1844
126	24	273	8	26 99 341 805 889 943 1184 1499 1587 1781 1806 1849 2063 2071 2083 2237 2374 2585 2597 2876 2920 3111 3358 3484 3500 3842 3936 4224 4318 4447 4702 4789 4880 4893
152	36	80	8	144 155 436 536 606 615 694 887 1082 1123 1249 1340 1458 1796 1863 1985 2009 2021 2026 2397 2555 2844 3373 3488 3593 3717 3801 3893 3913 3924 4162 4384 4567 4982
156	17	299	8	195 227 357 578 580 706 1058 1060 1128 1160 1203 1449 1505 1534 1626 1706 1799 1837 2152 2190 2224 2241 2373 2454 2637 2660 2855 2883 2892 2969 3074 3450 4036 4127 4284 4436 4915 4919
162	28	19	8	219 240 440 447 546 699 878 885 1098 1219 1368 1473 1690 1883 1942 1954 1980 2041 2065 2221 2304 2330 2357 2563 2785 2860 2871 2975 3199 3361 3698 3782 3878 3988 4425 4542 4962
173	32	11	8	154 362 507 541 708 1009 1111 1475 1734 1877 1903 2114 2245 2359 2398 2523 2545 2647 2894 2938 3050 3095 3174 3250 3644 3660 3683 3767 3791 3800 4109 4117 4373 4446 4681 4713
191	33	200	8	162 313 420 479 589 745 1029 1114 1137 1628 1638 1813 2093 2235 2336 2769 2819 2842 2968 3357 3528 3555 3700 3742 3773 3986 4030 4081 4235 4502 4624 4746 4948
203	12	300	8	27 248 342 565 640 670 741 864 915 1013 1064 1113 1602 1685 1867 1876 1959 2159 2579 2692 2726 3126 3209 3333 3360 3428 3604 3661 3675 3802 3818 3911 4008 4343 4992
229	4	39	8	64 68 212 399 873 921 989 1433 1552 1557 1680 1726 1892 1999 2308 2411 2807 2833 2867 3171 3178 3243 3662 3851 4135 4220 4254 4307 4406 4440 4821 4824 4975
246	22	139	8	13 285 287 405 620 1121 1321 1447 1517 1584 1617 1654 2059 2223 2282 2287 2478 2498 2949 3004 3089 3247 3329 3538 3629 3636 3719 3870 3898 4231 4316 4319 4634 4748 4875
255	2	206	8	116 226 397 458 594 843 881 926 1119 1589 1593 1620 1717 1747 1975 2033 2189 2303 2485 2667 3185 3225 3245 3520 3542 3670 3789 3809 3820 3855 3992 4515 4555 4827
312	9	81	8	261 408 503 518 582 1003 1017 1018 1091 1242 1259 1270 1337 1357 1594 1665 1676 1730 1821 1924 2078 2124 2332 2386 2541 2698 2723 3047 3104 3292 3766 4104 4141 4755 4911
327	11	166	8	58 252 276 277 295 315 468 711 1109 1687 1740 1792 1810 2175 2211 2338 2361 2804 2831 2958 3068 3112 3302 3530 3569 3575 4013 4022 4139 4535 4591 4619 4640 4655 4798 4864
395	1	90	8	15 140 283 499 681 793 963 1028 1063 1307 1567 1640 1662 1712 2095 2284 2620 2628 2680 2767 2837 2893 3021 3122 3161 3164 3175 3393 3956 4047 4244 4297 4348 4943
396	40	189	8	192 216 324 368 428 600 698 909 912 1240 1356 1546 1595 2168 2294 2319 2384 2602 2829 2869 3094 3160 3252 3324 3464 3474 3857 4156 4276 4386 4456 4941
457	21	285	8	150 186 305 354 459 604 787 1088 1157 1166 1201 1661 1864 1920 1951 2507 2642 2980 3115 3172 3299 3493 3523 3567 3799 3835 3856 4120 4166 4264 4538 4545 4707 4796
506	8	290	8	70 427 648 736 798 817 1042 1304 1576 1697 1778 1782 1964 2050 2295 2463 3166 3310 3443 3877 3923 3968 4058 4205 4341 4439 4608 4754 4788 4855 4868
514	27	107	8	107 233 389 480 636 897 1116 1317 1762 1777 1829 1926 1986 2007 2117 2194 2447 2506 2561 2852 3081 3148 3169 3556 3587 3659 3915 3951 4160 4309 4399 4499 4644 4806 4854
536	20	252	8	87 347 537 751 780 834 966 1085 1174 1229 1500 1916 1994 2090 2107 2148 2213 2264 2405 2685 2725 2752 2774 2933 3138 3967 4044 4103 4123 4147 4483 4487 4563 4676 4710 4887
570	14	162	8	322 374 700 884 982 1011 1020 1069 1372 1430 1465 1615 1751 1931 1935 1961 2283 2381 2528 2544 2560 2621 2940 3168 3387 3391 3507 3519 3653 3671 3928 3943 4130 4311 4767 4769
590	38	15	8	273 495 504 1297 1417 1509 2171 2198 2301 2371 2452 2477 2484 2535 2664 2777 2782 2853 2934 3205 3283 3331 3346 3378 3581 3624 3780 4256 4354 4360 4424 4438 4984
7	10	135	8	173 198 250 257 349 454 936 1043 1140 1204 1325 1768 1841 1910 2030 2032 2430 2433 2512 2515 2662 2737 2797 2988 3043 3140 3367 3746 3776 4475 4601 4865
18	37	140	8	121 199 215 255 358 455 482 486 792 1032 1034 1101 1209 1355 1387 1412 1468 1503 1519 1619 1635 1733 1907 2316 2450 2462 2552 3044 3057 3504 3935 4326 4453 4828 4951
37	5	201	8	100 513 628 1175 1378 1523 1562 1591 1639 1882 1971 2133 2139 2173 2280 2687 2742 2911 3170 3237 3241 3470 3548 3668 3919 4301 4355 4529 4695 4778 4780 4815 4898 4937 4954
39	29	221	8	96 151 394 846 957 1048 1112 1439 1511 1569 1608 1714 1721 1874 1988 2018 2100 2410 2435 2655 2677 3061 3105 3284 3365 4134 4193 4347 4505 4584 4623 4726 4905 4947
46	16	176	8	85 300 704 726 731 832 838 952 990 1080 1252 1565 1675 1770 2040 2216 2251 2342 2631 2756 2881 3067 3096 3118 3251 3412 3589 3707 3721 3722 4337 4462 4495 4877 4949 4955
95	30	279	8	5 63 136 296 434 727 761 877 972 1012 1310 1407 1435 1495 1554 1826 2469 2538 2581 2792 2950 3366 3433 3483 3708 3755 3839 3987 4151 4433 4833 4906 4916 4981
104	13	247	8	396 663 723 754 879 895 1131 1524 1539 1945 1952 1974 2092 2160 2656 2739 2921 2939 3015 3309 3369 3407 3413 3592 3627 3980 4009 4025 4069 4367 4744 4841
122	34	31	8	271 326 340 531 595 597 643 1176 1396 1429 1507 1563 1647 1672 1761 1887 1915 2232 2292 2313 2505 2615 2730 2879 3347 3381 3402 3486 3616 3621 3760 4034 4082 4523
135	18	157	8	165 701 748 908 971 1260 1637 1756 1824 2156 2261 2324 2392 2534 2691 2720 2803 3036 3143 3153 3198 3444 3650 4028 4032 4061 4100 4308 4455 4457 4478 4530 4598 4740 4896 4957
182	19	74	8	51 158 730 876 1153 1262 1281 1504 1653 1769 1801 1960 2136 2259 2277 2317 2331 2432 2582 2613 2746 3176 3224 3340 3497 3645 4004 4078 4394 4445 4511 4551 4729 4926
213	7	291	8	109 335 477 717 744 819 863 898 905 962 976 1125 1381 1804 1865 2014 2327 2428 2546 2598 2649 3056 3461 3690 4175 4200 4269 4321 4328 4629 4764 4846 4923
224	25	223	8	108 268 502 669 794 888 1686 1793 1901 1943 2076 2193 2414 2419 2750 2760 2886 3059 3394 3634 4019 4031 4267 4365 4389 4493 4550 4809 4882 4892 4979
245	15	235	8	400 566 690 831 872 1059 1097 1188 1312 1613 2181 2310 2426 2618 2779 2951 3010 3079 3317 3349 3409 3448 3584 3725 3795 3977 4053 4055 4110 4255 4606 4884
326	31	28	8	17 239 930 1024 1057 1127 1295 1382 1450 1481 1487 1555 1700 1765 1766 1835 1853 2142 2437 2592 2706 2978 3088 3132 3223 3396 3405 3553 3574 3610 3622 4680
339	39	17	8	22 187 406 493 854 883 1222 1261 1278 1502 1506 1636 2143 2333 2427 2946 2956 3098 3213 3744 3819 3833 3942 3957 4178 4223 4353 4574 4586 4839 4862 4976
340	6	200	10	188 298 315 393 526 721 1040 1060 1531 2110 2137 2324 2350 2494 2604 2655 2947 3377 3445 3464 3594 3724 3884 3931 4176 4237 4243 4360 4446 4536 4776 4852 4920
351	23	78	8	327 448 472 475 1015 1212 1320 1324 1397 1424 1474 1644 1701 1965 2169 2275 2413 2416 2455 2554 2722 3121 3128 3267 3415 3688 3754 3960 4026 4281 4351 4404 4410 4757 4770 4826
389	26	196	8	632 724 802 928 1146 1308 1466 2037 2056 2182 2376 2481 2509 2699 2830 2890 2917 3440 3531 3640 3643 3825 3864 3868 4136 4427 4503 4580 4674 4818 4845 4890
438	35	192	8	364 414 557 656 803 882 953 1065 1185 1330 1459 1530
451	3	102	10	4 82 237 373 596 684 735 1093 1337 1387 1415 1548 1651 1731 1809 1810 1850 1930 2014 2311 2710 2791 3025 3265 3704 3802 4045 4094 4097 4120 4279 4725 4839 4896 4954
476	24	160	10	232 278 613 614 640 664 671 810 939 1229 1352 1687 1853 2176 2181 2381 2816 2850 3222 3293 3331 3517 3706 3748 3892 3943 4310 4424 4620 4768 4957
477	36	228	10	14 332 529 648 691 728 1004 1006 1010 1052 1129 1287 1556 1739 2125 2138 2227 2539 2616 2765 2934 3133 3259 3423 3554 3721 3784 4116 4189 4234 4361 4871
486	17	148	10	149 210 508 557 622 718 765 811 906 1147 1166 1230 1594 1973 2278 2670 2740 2855 2857 2906 2935 3130 3137 3139 3180 3217 3239 3302 3304 4144 4221 4486 4713 4772
505	28	84	10	76 277 319 346 464 472 649 816 866 1150 1353 1400 1550 1654 1787 1915 2004 2061 2145 2151 2319 2447 2541 2678 3045 3185 3365 3727 3739 3747 3973 4090 4347 4465
525	32	40	10	104 211 242 697 1165 1181 1349 1683 1771 1802 1913 1935 2070 2329 2593 2595 2688 2872 2914 3179 3477 3541 3605 3652 3685 3866 3989 4122 4551 4709 4785 4838 4969
543	33	208	10	23 64 94 162 262 286 399 639 983 1091 1304 1348 1388 1600 1646 1681 1744 2094 2220 2549 2726 3384 3529 3672 3860 3868 3979 3994 4096 4510 4767 4783 4897
553	12	93	10	141 192 222 226 253 260 487 762 914 963 1267 1371 1417 1470 1532 2167 2439 2468 2560 2809 2822 3019 3339 3570 3581 3908 4018 4152 4168 4342 4746 4909
564	4	138	10	295 402 606 891 945 994 1100 1692 1831 1847 2038 2062 2083 2352 2508 2897 2913 3243 3271 3560 3656 3725 3742 3804 4103 4178 4193 4246 4388 4397 4472 4494 4514 4633 4738
582	22	51	10	174 420 497 1045 1182 1186 1238 1373 1422 1597 1685 2016 2196 2630 2771 2841 3108 3171 3196 3442 3556 3648 3654 3711 3861 3950 3952 4145 4305 4375 4542 4893
4	2	50	10	102 562 714 799 806 848 1089 1195 1301 1365 1511 1676 2067 2215 2506 2608 2748 2754 2905 3117 3340 3482 3559 3705 4049 4214 4390 4726 4773 4778 4791 4836 4841 4876
22	9	142	10	56 287 382 563 659 678 681 706 910 1023 1044 1446 1472 1497 1919 2058 2064 2383 2464 2781 3170 3336 3449 3697 3801 3930 3934 4070 4098 4315 4336 4338 4355 4678
26	11	18	10	284 362 433 476 493 572 631 738 742 758 922 1149 1259 1554 1645 1714 1761 2370 2998 3159 3534 3584 3985 4137 4196 4199 4490 4693 4990
43	1	21	10	66 138 819 1127 1244 1303 1604 1643 1674 1719 1757 2102 2198 2496 2840 2844 2867 3066 3201 3250 3266 3512 3549 3633 3869 3901 3975 4349 4696 4832 4986 4994
83	40	5	10	542 658 815 836 917 929 1008 1051 1310 1588 1867 2403 2743 2818 2873 3003 3090 3232 3284 3447 3472 3750 3887 4254 4296 4309 4645 4730 4739 4756 4856 4861
133	21	197	10	238 323 422 608 628 1033 1104 1559 1678 1717 1773 1865 2414 2469 2521 2638 3122 3552 3624 3628 3632 3761 3941 4118 4278 4301 4722
143	8	230	10	207 360 549 625 802 952 965 1124 1160 1174 1194 1562 1749 1860 1873 2079 2191 2238 2480 2564 2699 3014 3156 3157 3638 3646 3689 3850 3878 4026 4101 4734 4762
155	27	46	10	55 80 418 490 505 846 1087 1667 1888 2051 2757 3131 3191 3200 3287 3827 3902 3925 4034 4188 4259 4273 4311 4378 4543 4830
163	20	226	10	98 123 266 325 598 644 968 1064 1226 1241 1302 1355 1534 1721 1738 1863 2002 2087 2128 2284 2706 2916 2952 3005 3228 3453 3487 3516 3642 3713 4226 4325 4818
204	14	108	10	220 455 512 1382 1433 1890 2085 2189 2242 2285 2322 2421 2489 2577 2708 2784 2898 3155 3479 3567 3816 4014 4032 4050 4091 4146 4277 4292 4628 4649 4699 4906
209	38	269	10	12 134 191 475 643 962 1172 1272 1533 1615 1666 2154 2231 2263 2309 2310 2524 2550 2721 2842 2843 3184 3276 3353 3362 3444 3510 3823 3912 4194 4262 4426 4463 4653
219	10	205	10	125 157 161 171 523 629 775 860 1135 1202 1291 1495 1521 1560 1929 2034 2360 2405 2435 2457 2614 2966 3147 3597 4002 4088 4195 4219 4504 4507 4558 4813 4854
220	37	33	10	245 303 376 407 426 755 934 1013 1188 1200 1213 1222 1404 1482 1536 1724 1921 1958 1974 1984 2221 2258 2409 2707 2932 3311 3537 3550 3619 4105 4614 4750 4787 4848
233	5	252	10	96 194 246 586 637 731 793 938 1086 1102 1120 1139 1454 1488 1656 1766 1995 2266 2289 2431 2603 2679 2852 3268 3409 3577 3702 3906 4438 4529 4807
248	29	202	10	158 394 457 479 499 509 602 647 715 1824 2155 2160 2474 2501 3030 3158 3438 3454 3519 3527 3615 3770 3785 3829 4001 4086 4420 4640 4889
282	16	263	10	105 481 494 796 1103 1112 1265 1276 1378 1380 1760 1796 1902 1992 2394 2644 2687 2727 2756 2812 3320 3382 3443 3465 4089 4253 4287 4546 4623 4663 4729 4735 4860
284	30	213	10	183 517 595 851 932 1029 1183 1296 1434 1590 1623 1710 1752 2057 2219 2294 2465 2576 2590 2668 2755 3197 3341 3488 3612 3787 3796 4132 4229 4383 4407 4408 4444 4448 4959
301	13	170	10	109 385 417 441 615 670 833 951 1079 1332 1493 1507 1583 1798 2123 2183 2229 2673 2681 2685 2907 2919 3203 3290 3400 3471 3533 3758 4066 4167 4276 4509 4604 4720 4798
320	34	250	10	229 263 511 813 988 1184 1256 1411 1424 1455 1886 1967 1968 2033 2069 2223 2257 2446 2642 2691 2878 2912 3071 3421 3627 3698 4052 4102 4139 4298 4879
321	18	37	10	67 124 213 413 460 535 571 584 774 821 978 1624 1638 1686 2099 2180 2650 2877 2981 3153 3334 3357 3843 3897 4130 4326 4357 4431 4588 4662 4691 4705 4899
322	19	292	10	345 371 377 900 1118 1268 1483 1668 1736 2040 2384 2434 2657 2683 2888 2957 3065 3077 3279 3322 3358 3736 3944 4057 4068 4078 4239 4358 4488 4500 4582 4800 4883
330	7	62	10	7 9 71 184 553 693 707 778 996 1254 1318 1324 1326 1537 1878 1895 1903 2049 2512 2538 2704 2705 2851 3245 3393 3525 4114 4350
358	25	298	10	77 122 500 550 591 998 1022 1108 1173 1364 1461 1584 1613 1862 2082 2260 2382 2738 3101 3327 3466 3562 3834 3935 3937 3962 4072 4396 4485 4677 4679 4790 4816 4835
363	15	204	10	544 845 1164 1467 1543 2174 2386 2398 2415 2470 2695 2716 2747 2942 3083 3251 3439 3490 3542 3623 3634 3671 3688 3847 3953 3954 4127 4289 4393 4584 4684 4849
365	31	63	10	155 250 251 560 950 1016 1145 1449 1564 1832 1894 2028 2076 2096 2509 2612 2815 2979 3242 3301 3404 3545 3608 3637 3701 4186 4368 4469 4661 4741 4865 4892
367	39	107	10	69 234 273 391 543 561 1025 1596 1612 1658 1712 2008 2047 2149 2380 2672 2890 2918 3084 3092 3306 3338 3494 3496 3579 3703 4003 4056 4267 4637 4652 4737 4936
380	23	268	10	1 34 116 722 850 908 921 930 987 1115 1239 1698 1785 2088 2105 2131 2175 2696 3044 3141 3463 3604 3710 3749 3793 3863 3983 4020 4367 4476 4609 4698 4782 4828
383	6	230	12	76 111 222 231 252 441 621 632 711 1372 1436 1444 1797 2031 2290 2342 2423 2570 2777 2881 3432 3599 3602 3740 3776 3792 4215 4291 4382 4464 4643 4776 4854 4944
393	26	240	10	29 112 355 405 618 668 867 1136 1178 1438 1480 1743 1835 1883 2045 2122 2140 2340 2341 2478 2921 3206 3414 3457 3462 3723 3766 3849 4046 4218 4335 4600 4692 4744 4869 4878
416	35	178	10	3 235 255 274 740 820 975 1018 1406 1587 1628 1962
429	3	276	12	15 286 728 807 815 875 1012 1193 1264 1326 1381 1649 1659 1699 2153 2467 2736 2820 2919 3062 3093 3176 3236 3284 3366 3541 3845 4023 4996
446	24	99	12	14 65 265 424 778 781 796 974 1003 1044 1119 1205 1616 2106 2179 2291 2446 2809 2895 3000 3027 3033 3189 3312 3557 3646 3841 3883 3956 4011 4096 4207 4427 4958
455	36	136	12	138 294 362 449 508 744 999 1266 1565 1770 1811 1917 1925 2307 2562 2954 3125 3156 3191 3423 3459 3491 3492 3848 3863 4094 4473 4660 4717 4792
459	17	75	12	109 133 190 672 1082 1406 1672 1733 1875 1905 2099 2188 2211 2236 2737 2900 3160 3204 3245 3308 3380 3885 4197 4380 4457 4509 4554 4636 4716 4762 4787 4921 4999
495	28	30	12	30 203 288 428 437 453 585 967 1034 1039 1059 1100 1255 1420 1556 1567 1691 1759 1952 2128 2162 2344 2346 2588 2686 2904 3744 3880 4300 4438 4935 4991 4997
523	32	13	12	32 228 331 1014 1237 1253 1376 1397 1494 1552 1590 1725 1734 1924 1985 2016 2461 2811 2846 2961 3130 3310 3375 4043 4051 4282 4671 4692 4706 4844 4977 4989
524	33	236	12	217 412 522 878 904 1104 1669 1817 1916 1976 2314 2381 2405 2519 2560 2563 2673 2766 2819 3207 3241 3626 3833 3875 3882 4208 4268 4505 4588 4702
574	12	42	12	29 220 224 605 1056 1210 1337 1409 2002 2055 2149 2810 2871 2916 3007 3137 3197 3386 3493 3775 3996 4222 4304 4336 4731 4785 4847
17	4	1	12	385 463 630 736 831 943 949 1142 1280 1513 1715 1881 1936 1994 2186 2299 2464 2478 3103 3118 3213 3226 3246 3361 3717 3755 3805 3941 4190 4522 4760 4802
38	22	130	12	149 277 555 623 717 874 1144 1168 2068 2185 2218 2364 2430 2540 2554 2742 2761 2786 2840 3326 3418 3622 3662 3686 4479 4545 4593 4858 4860 4895 4948
47	2	234	12	272 592 910 1096 1098 1307 1309 1338 1361 1572 1575 1789 1935 2049 2053 2075 2630 2644 2727 2758 3048 3058 3290 3324 3450 3628 3829 3931 3953 3966 4249 4665 4693 4976
53	9	37	12	36 41 69 166 209 267 993 1197 1265 1314 1517 1591 2619 2789 2868 2936 3008 3113 3221 3446 3490 3604 3625 3741 3825 3942 4035 4204 4212 4540 4837
61	11	233	12	343 421 777 864 899 970 1079 1200 1607 1612 1677 1735 1877 1884 1927 2184 2252 2338 2420 2966 3279 3774 3794 3827 3838 3951 4383 4388 4498 4727 4774 4975
67	1	20	12	20 243 559 563 602 627 707 722 784 968 1067 1148 1414 1488 1637 1921 1997 2334 2365 2542 2918 3163 3175 3216 3352 3383 3480 3705 3957 4036 4180 4298 4864
87	40	297	12	49 74 121 367 372 600 1258 1291 1383 1471 1585 1898 2609 2814 2861 3050 3089 3348 3368 3406 3651 3738 3854 3858 4149 4331 4437
92	21	167	12	274 426 468 533 721 1025 1033 1140 1153 1183 1719 1751 2213 2295 2429 2654 2860 2984 3596 3617 3750 3902 3918 4068 4106 4283 4303 4320 4486 4587 4732 4783 4831 4917
98	8	96	12	296 404 488 771 821 856 1627 1679 1847 2062 2250 2595 2616 2635 2641 2800 2890 3069 3073 3152 3199 3233 3680 3689 3783 3874 4056 4077 4095 4518 4801 4829
148	27	209	12	117 519 569 635 832 1350 1391 1723 1747 1857 1932 2216 2272 2508 2723 2726 2874 3045 3376 3724 3821 3890 3944 3967 4133 4202 4261 4381 4417 4549 4722 4824
183	20	292	12	43 236 349 475 933 1233 1334 1442 1583 1692 1709 1821 1859 1891 2439 3101 3112 3162 3180 3496 3830 3907 3933 3962 4083 4123 4205 4209 4386 4667
211	14	210	12	42 147 383 903 1159 1161 1196 1215 1243 1333 1408 1561 1676 1771 1862 1941 1975 2037 2129 2167 2282 2395 2442 2473 2804 2847 3081 3356 3554 3769 3891 4004 4458 4857
252	38	293	12	110 275 350 435 502 837 1077 1401 1501 1523 1551 1601 1682 1703 1883 1939 2094 2297 2377 2532 2543 2629 3035 3065 3078 3414 3612 4362 4604 4622 4742 4820 4861 4943
256	10	113	12	379 410 436 616 971 1303 1312 1536 1727 1827 1961 2316 2436 2530 2925 3023 3522 3629 3743 3752 3788 3917 3974 4003 4040 4231 4421 4497 4524 4639 4640 4993
267	37	21	12	99 208 445 634 1038 1075 1313 1415 1427 1428 1515 1548 1559 1911 2071 2190 2280 2399 2485 2486 2514 2653 2759 3072 3341 3388 3590 3791 3968 4069 4128 4942
303	5	94	12	79 119 485 525 757 773 1000 1158 1330 1694 1887 2003 2136 2312 2451 2603 2776 3098 3143 3469 3473 3771 3789 3793 3964 4058 4108 4170 4297 4496 4527 4627 4750 4800 4920
306	29	40	12	37 59 82 131 246 381 398 687 1178 1603 1846 2001 2253 2368 2535 2559 2718 2938 2940 2976 2980 3107 3200 3275 3683 3718 3749 3934 4031 4109
311	16	25	12	498 590 1341 1371 1687 1716 1773 1951 2070 2231 2671 2712 2747 2764 2794 2796 2841 3064 3148 3430 3447 3665 3799 3811 4200 4279 4557 4572 4594 4685 4915
334	30	61	12	148 213 491 767 870 946 989 1214 1340 1429 1435 1542 1964 2237 2389 3032 3121 3167 3475 3535 3566 3621 3709 4001 4042 4075 4112 4235 4512 4556 4724 4872 4980
360	13	244	12	19 91 95 686 854 1124 1417 1419 1605 1673 1791 1885 1909 2165 2425 2458 2460 2704 3039 3218 3225 3514 3734 4173 4253 4337 4491 4596 4629 4868 4908
364	34	149	12	61 471 660 677 917 1568 1688 1895 2008 2285 2456 2480 2769 2779 2791 2866 3068 3123 3149 3451 3550 3569 3694 3905 3940 4240 4536 4591 4703 4939
372	18	168	12	35 439 818 1134 1136 1451 1663 2093 2121 2164 2194 2199 2350 2538 2583 2676 2996 3133 3230 3268 3273 3318 3413 3518 3656 3786 3860 3969 4008 4481 4670 4810 4904 4985
411	19	253	12	81 353 457 513 586 610 683 710 732 756 810 1189 1249 1470 1619 1776 1826 1972 2146 2203 2240 2281 2681 2828 3190 3238 3460 3645 3828 4074 4311 4475
461	7	171	12	25 195 254 278 374 597 626 753 955 1046 1199 1217 1325 1392 1685 1795 2475 2580 2715 3183 3201 3445 3574 3643 4072 4216 4237 4560 4628 4655 4779 4896
466	25	158	12	44 182 333 470 554 675 830 887 976 1541 1574 1686 1873 1960 1969 2219 2326 2585 2605 2843 2858 2943 4104 4131 4245 4322 4435 4443 4455 4482 4938
467	15	101	12	45 107 375 434 452 662 673 919 1192 1231 1379 1418 1467 1468 1577 2270 2513 2719 2920 2994 3053 3264 3286 3323 3474 3831 3834 3920 4259 4378 4469 4648 4756 4925
469	31	141	12	204 393 477 593 762 772 940 1244 1668 1704 1742 1914 2015 2026 2086 2133 2596 2613 2677 2763 3034 3097 3436 3500 3666 4111 4493 4559 4597 4723 4746 4775 4818
479	39	74	12	128 152 244 251 285 461 680 682 1167 1195 1477 1549 1656 1834 2150 2323 2437 2967 2973 3211 3402 3409 3580 3756 3898 4005 4107 4189 4233 4361 4881 4924
489	23	257	12	104 536 573 603 769 792 1162 1216 1223 1279 2132 2177 2694 2818 2931 3151 3192 3209 3254 3476 3735 3777 4088 4117 4355 4548 4563 4884
494	26	79	12	55 118 330 464 497 786 1047 1051 1052 1354 1525 1852 1871 2379 2610 2771 3094 3242 3281 3304 3506 3667 3779 3784 3910 4071 4116 4267 4345 4752
501	35	58	12	225 264 315 338 521 531 749 885 897 1780 1938 2052
546	6	277	14	57 342 462 517 739 816 901 1101 1758 1998 2030 2070 2138 2178 2423 2666 3023 3217 3221 3421 3490 3524 3563 4062 4126 4178 4295 4364 4397 4428 4917
554	3	169	14	108 160 465 548 633 655 719 802 1167 1210 1459 1498 1518 1651 1905 1921 2257 2745 2968 3073 3400 3436 3558 3919 4143 4153 4419 4646 4662 4696 4750 4848 4961
566	24	6	14	95 173 587 979 1232 1241 1299 1413 1443 1577 2012 2027 2675 2806 2874 3202 3410 3491 3500 3691 3709 3727 3821 3866 3908 4443 4459 4540 4691 4816 4920
597	36	186	14	54 66 92 264 549 560 698 784 800 843 1157 1165 1275 1360 1641 1695 2103 2375 2488 2499 2529 2638 2946 2962 2970 3034 3108 3412 3595 3836 4171 4688
598	6	186	16	34 78 243 424 545 916 1041 1178 1226 1271 1342 1387 1459 1958 2182 2748 3008 3038 3233 3287 3303 3722 3739 3774 3781 3969 4130 4390 4398 4560 4578 4725 4903 4920
9	17	67	14	156 201 245 636 892 964 1029 1105 1239 1262 1540 1558 1652 2153 2354 2543 2567 2807 2922 2939 3406 3438 3657 3867 4234 4318 4474 4597 4668 4823
15	28	238	14	37 324 396 473 718 918 1056 1113 1409 1537 1578 1580 1581 1630 1710 1827 1991 2238 2517 2951 3495 3670 3695 3857 3886 4139 4214 4226 4287 4323 4493
41	32	7	14	38 249 352 415 538 609 610 694 801 1130 1373 1606 2224 2309 2368 2461 2561 2590 2599 3110 3136 3536 3697 3840 3989 4223 4335 4701 4960 4972
44	33	211	14	532 624 726 736 861 993 1227 1319 1488 1896 1962 2090 2141 2181 2283 2553 2558 2886 2929 3155 3430 3518 3831 4021 4151 4296 4415 4571 4677 4686 4863
80	12	114	14	439 539 551 960 1018 1400 1675 1714 1729 1891 2233 2424 2434 2457 2799 3052 3082 3197 3838 3910 3941 4176 4531 4544 4628 4797 4951
96	4	111	14	285 887 1094 1269 1427 1718 1735 1811 1841 1979 2299 2833 2950 2998 3041 3123 3141 3478 3655 3734 3818 3991 4016 4132 4177 4408 4490 4573 4814
118	22	126	14	30 373 544 677 766 938 1261 1305 1347 1479 1496 1655 1761 1866 2235 2306 2382 2510 2859 3088 3192 3498 3609 3669 3791 4092 4355 4489 4582 4640 4737
120	2	258	14	309 381 394 767 893 1437 1642 1900 1916 2416 2660 2780 2895 2952 3173 3404 3494 3580 3631 3816 3887 4067 4227 4547 4644 4758 4760 4927 4942 4949
131	9	270	14	8 395 577 597 704 847 928 1298 1377 1516 1571 1621 1790 1873 2219 2784 2910 2985 3012 3199 3543 3615 4059 4101 4281 4449 4512 4612 4634 4811 4829
166	11	132	14	96 299 300 307 526 859 867 1010 1044 1667 1859 2130 2132 2441 2697 2710 3144 3182 3262 3346 3425 3483 3484 3508 3844 4074 4492 4532 4537 4859
176	1	190	14	177 314 374 432 497 595 683 1055 1081 1301 1314 1634 2249 2418 2495 2684 2822 2907 3142 3150 3900 4046 4075 4209 4224 4314 4334 4472 4844 4860
178	40	223	14	146 172 369 413 582 685 783 1073 1490 1926 2157 2318 2429 2430 2574 2591 2703 3177 3571 3893 4000 4009 4079 4359 4434 4460 4463 4467 4521 4741 4852 4889
185	21	110	14	24 207 410 476 666 1378 1438 1855 1858 1913 1953 2302 2443 2639 2764 2918 2927 3103 3176 3374 3396 3899 3953 4560 4565 4659 4749 4765 4841 4855
190	8	16	14	45 84 150 200 280 426 646 680 937 963 1114 1146 1737 1764 1869 1930 2196 2436 2597 2983 3260 3686 3696 3781 3827 4098 4375 4386 4595 4878
194	27	59	14	187 360 660 755 763 1122 1138 1149 1410 1822 1993 2346 2479 2721 2760 2987 2996 3118 3134 3158 3380 3499 3547 3890 4051 4222 4265 4285 4353 4470 4698 4724
205	20	139	14	463 498 553 991 1108 1180 1321 1510 1515 1627 1874 1893 2113 2135 2246 2451 2569 2825 3089 3611 3641 3681 3753 3863 4041 4220 4238 4354 4417 4498
214	14	218	14	161 579 656 828 842 1009 1015 1037 1092 1187 1256 1391 1887 2019 2465 2617 2742 2969 2974 3471 3515 3561 3964 3968 4085 4163 4184 4700 4774 4792 4803
242	38	64	14	44 604 615 782 1143 1282 1376 1480 1545 1617 1779 1814 2098 2250 2564 2893 3162 3371 3434 3461 3672 3901 4015 4073 4282 4414 4461 4568 4793 4864 4973 4988
266	10	117	14	221 561 571 1110 1277 1392 1890 1999 2035 2252 2291 2449 2691 2754 2797 2829 2915 3378 3684 3712 3949 4032 4138 4201 4393 4427 4501 4600 4776
273	37	100	14	89 469 814 837 872 885 1444 1455 1512 1612 1694 1768 2025 2032 2054 2093 2106 2288 2412 2487 2578 2584 2879 3037 3051 3135 3166 3435 3898 3926 4365 4867 4933
275	5	71	14	223 375 848 853 896 1274 1288 1531 1623 1816 2021 2075 2155 2173 2239 2397 2515 2542 2777 2809 2867 3086 3433 3597 4030 4195 4258 4304 4366 4499 4587
285	29	176	14	218 454 459 703 972 1335 1381 1525 1783 1819 1990 2010 2328 2541 2786 2794 2823 3145 3453 3505 3664 3837 3933 3973 3995 4124 4561 4566 4570 4588 4602 4944
309	16	134	14	213 230 337 651 835 1046 1224 1386 1491 1664 1728 1892 2015 2200 2205 2210 2330 2615 2717 2757 3017 3020 3069 3276 3577 3614 3666 3667 3854 4027 4077 4484 4901 4952
314	30	208	14	13 191 252 269 387 653 699 730 790 908 914 1100 1172 1264 1522 1910 2110 2207 2409 2646 2694 2772 2827 2941 2999 3081 3344 3395 3442 4204 4395 4697
323	13	233	14	10 11 219 909 1139 1198 1388 1420 1504 1784 1829 1966 1989 2076 2220 2362 2372 2527 2612 2631 2841 2864 3455 3841 4211 4367 4402 4454 4579 4609 4805
331	34	129	14	16 288 425 477 659 924 927 1137 1228 1271 1407 1460 1530 1660 1679 2005 2442 2502 2554 2805 3369 3824 3907 3984 4186 4206 4273 4369 4546 4666 4968
332	18	108	14	21 52 350 367 764 1007 1024 1028 1236 1257 1599 1776 1985 2464 2513 2872 2897 2898 3092 3143 3196 3487 3945 4131 4350 4445 4777 4798 4825 4895 4964
361	19	54	14	204 301 588 950 1022 1036 1117 1311 1551 1682 1763 1792 1876 2018 2739 2978 3124 3300 3387 3777 4339 4533 4552 4837 4885 4904 4932
370	7	123	14	266 297 422 461 684 687 780 826 869 1676 1845 2189 2305 2407 2481 3005 3093 3222 3283 3295 3486 3587 3694 3733 4113 4117 4420 4508 4671 4738 4754
379	25	45	14	222 281 796 966 1014 1123 1441 1616 1723 2013 2621 2640 2665 2753 2763 2837 3002 3062 3095 3140 3778 3877 4043 4615 4632 4739 4899 4967 4995
424	15	94	14	42 62 79 153 423 482 507 559 570 614 639 936 954 996 1302 1629 1698 1852 2040 2147 2313 2387 2426 2645 2838 3779 3805 3852 4010 4557 4652 4834
426	31	109	14	206 270 619 1053 1103 1148 1192 1242 1389 1399 1635 1943 2566 2619 2836 3215 3335 3342 3360 3364 3749 3860 3980 4191 4196 4479 4687 4764 4959 4971
431	39	105	14	68 124 333 518 765 1201 1475 1633 1702 1787 1817 1857 2254 2289 2369 3004 3149 3151 3291 3303 3366 3415 3514 3758 3761 3797 4252 4525 4541 4598 4650 4886 4939
468	23	143	14	145 382 688 917 1229 1476 1590 1605 1657 1805 1996 2118 2355 2438 2702 2793 2800 3113 3189 3321 3357 3533 3549 3648 3649 3674 3729 4165 4371 4387 4456 4866
500	26	193	14	572 774 823 851 932 1125 1358 1658 1884 1899 1963 2004 2017 2020 2417 2427 2455 2667 2734 2891 2959 3026 3343 3384 3509 3552 3814 4047 4625 4817 4856 4897
504	35	24	14	325 398 599 678 695 984 1047 1267 1343 1880 2089 2183
538	3	245	16	99 158 230 293 398 489 643 664 852 920 1111 1147 1411 1566 1576 1631 1806 1908 2007 2212 2235 2313 2657 2796 3462 3471 3714 3836 4048 4081 4347 4364 4720
560	24	281	16	177 494 500 727 789 899 924 929 1026 1209 1370 2094 2100 2125 2335 2526 2624 2773 2974 2992 3102 3292 3625 3626 3661 4116 4118 4617 4835 4988
579	36	169	16	2 93 300 585 642 678 693 723 883 959 960 1172 1252 1425 1503 2034 2239 2552 2669 3548 3799 3930 3933 4362 4548 4618 4760 4836 4847 4868
589	17	259	16	88 201 622 662 768 1126 1143 1306 1389 1416 1784 1935 2019 2046 2354 2358 2468 2720 2724 3371 3523 3596 3617 3704 3823 3925 3938 4428 4590 4793 4918
5	28	179	16	28 102 145 212 346 502 596 771 948 1022 1142 1330 1430 1433 1517 1663 1799 1940 2055 2205 2325 2681 2821 2955 3138 3568 3651 4314 4416 4451 4597 4670 4698
10	32	142	16	40 44 431 562 1084 1130 1233 1265 1404 2207 2478 2653 2675 2862 2901 3589 3647 3862 3895 4179 4264 4306 4627 4636 4786 4919 4948
13	33	152	16	61 126 336 510 559 681 835 836 928 1066 1463 1484 1724 2072 2134 2213 2236 2272 2802 2857 3520 3645 3814 3965 4063 4155 4163 4245 4329 4373 4413 4682
28	12	282	16	31 113 876 926 977 1215 1231 1615 1733 2048 2185 2483 2764 2847 2916 3027 3031 3177 3345 3401 3446 3447 3517 4052 4192 4417 4499 4537
42	4	16	16	296 471 607 663 849 1384 1529 1879 2288 2334 2359 2509 2520 2582 2784 2902 3072 3128 3242 3272 3348 3763 3893 3955 3973 4051 4093 4302 4408 4807
54	22	264	16	169 206 327 519 533 740 947 1065 1441 1532 1607 1695 1705 1835 1925 1936 2351 2981 3133 3150 3299 3336 3372 3508 3671 3873 3892 4226 4400 4495 4697 4744
108	2	14	16	221 315 364 1127 1509 1688 1726 2067 2247 2281 2282 2293 2721 3043 3248 3381 3449 4287 4293 4307 4322 4344 4380 4586 4651 4846 4863 4914
109	9	263	16	38 67 373 1004 1171 1266 1362 1412 1452 1470 1500 1584 1636 1760 1778 1781 1787 1809 1846 2057 2061 2095 2482 2580 2584 3689 3857 3990 4214 4661 4870
127	11	204	16	33 165 399 514 788 841 946 1481 1482 1746 1803 2011 2014 2015 2082 2084 2304 2340 2455 2617 2688 3195 3544 3603 3981 4656 4797 4978
144	1	120	16	209 264 737 752 884 907 925 1579 1653 2175 2524 2689 2697 2778 2813 2854 3374 3473 3637 3855 3948 3950 4030 4104 4153 4210 4484 4581 4861 4882
165	40	222	16	454 698 783 1198 1513 1906 2037 2079 2106 2296 2443 2469 2474 2620 3051 3071 3438 3470 3530 3545 3766 3928 4015 4200 4425 4478 4583 4758
170	21	59	16	39 45 143 164 239 442 930 1017 1267 1450 1475 1571 1912 2300 2531 2601 2743 2837 3227 3249 3326 3665 3731 3988 4045 4225 4296 4659 4677 4726 4858
179	8	22	16	423 769 824 1051 1057 1067 1132 1200 1246 1557 1713 1972 2013 2385 2814 2817 2908 2983 2987 3058 3170 3373 3773 3997 4202 4222 4414 4775 4934
181	27	260	16	274 397 650 702 844 1102 1380 1393 1580 1870 2086 2141 2229 2248 2368 2420 2664 2762 3187 3251 3271 3676 4012 4107 4381 4441 4477 4630 4669 4737
196	20	217	16	21 444 482 486 842 1284 1400 1447 1555 1613 1756 1794 2087 2183 2196 2242 2460 2614 2636 2680 2798 3232 3338 3882 3891 4326 4330 4492 4741 4998
217	14	287	16	98 384 408 673 869 904 957 1186 1329 1531 1642 1766 1833 1953 2155 2227 2456 2471 2533 2579 2845 3261 3539 3564 3902 4433 4517 4634 4637 4910
223	38	89	16	194 389 915 964 986 1048 1247 1254 1270 1601 1718 1897 2484 2655 2789 2863 2971 3206 3631 3648 3707 3963 3992 4028 4228 4595 4693 4956
240	10	280	16	50 58 305 343 410 667 734 944 1360 1390 1421 1768 2350 2419 2651 2754 3061 3267 3294 3554 3579 3607 3693 3720 3792 4121 4171 4483 4572 4804
261	37	50	16	179 235 282 381 658 745 874 1285 1476 1497 1506 1737 1946 2133 2589 2622 2667 2690 2831 2853 3221 3247 3557 3601 3832 3914 4360 4700 4763 4815 4825 4969
277	5	19	16	462 688 918 1027 1120 1218 1351 1358 1541 1750 1825 1909 2256 2306 2449 2476 3015 3201 3666 3958 4083 4102 4162 4199 4275 4610 4641 4654 4673 4837 4971
287	29	145	16	47 189 269 566 640 679 797 846 937 1007 1253 1291 2042 2414 2594 2872 2984 2988 3305 3415 3437 3455 3583 4010 4422 4527 4960
292	16	78	16	449 501 631 669 719 782 1292 1574 1712 1804 1852 1959 2111 2117 2206 2490 2583 2604 2723 2765 2833 3265 3432 3485 3655 4086 4109 4154 4186 4421 4790
338	30	165	16	4 70 706 726 1343 1379 1889 2021 2122 2201 2258 2413 2448 2606 2705 2850 2864 2999 3282 3489 3728 3772 4184 4190 4657 4699 4765 4771 4958
344	13	181	16	447 450 534 709 791 1455 1527 1530 1610 1742 1836 1841 2161 2226 2266 2273 2336 2749 2772 3005 3119 3408 3495 3536 3829 4166 4404 4541 4621 4704
349	34	128	16	231 388 705 813 858 866 967 995 1368 1471 1693 1860 1862 1942 1988 2287 2305 2356 2403 2510 2878 3014 3028 3885 4006 4450 4549 4650 4653 4671 4718 4816
368	18	158	16	5 19 94 116 270 334 603 775 795 1137 1169 1297 1403 1774 2004 2491 3033 3234 3269 3623 3903 3956 4065 4149 4294 4298 4407 4751 4772 4979
376	19	23	16	10 11 101 118 161 197 227 1203 1205 1559 1689 1792 1816 1824 2156 2210 2355 2406 2444 2587 2918 3253 3314 3420 3745 3822 3986 4211 4432 4626
390	7	291	16	75 172 237 297 340 588 814 851 982 1660 1661 1680 1859 1876 1899 2240 2352 2454 2593 2612 2646 2703 2889 2930 3703 3970 4021 4252 4386 4585 4911
394	25	65	16	32 80 86 224 289 344 481 773 1239 1956 1990 2142 2145 2150 2151 2343 2380 2608 2627 2693 2702 2993 3228 3653 3850 3917 4002 4352 4706
397	15	221	16	72 529 1099 1179 1313 1454 1479 1585 1609 1614 1678 2711 2876 2944 3306 3329 3351 3368 3425 3710 3880 4328 4333 4487 4602 4705 4891 4904
401	31	254	16	131 473 478 659 845 1201 1458 1708 1844 1873 2008 2211 2318 2347 2396 2544 2819 3340 3363 3434 3654 3947 4037 4142 4194 4246 4331 4472 4496 4823
403	39	88	16	216 298 323 375 1064 1076 1310 1315 1791 1856 1922 1997 2081 2500 2631 2656 2781 3085 3160 3212 3686 3758 4174 4334 4463 4468 4558 4694 4736 4795 4873
405	23	296	16	87 100 318 321 593 754 1483 1670 1872 1934 1970 2071 2162 2172 2232 2408 2519 2652 2658 2953 3063 3114 3464 3582 3585 3894 4128 4274 4308 4420 4638 4983
423	26	115	16	203 279 316 357 371 379 733 861 879 1158 1230 1736 1738 1764 2365 2400 2412 2504 2726 2904 3245 3296 3343 3642 3952 4024 4134 4137 4187 4480 4658 4869
482	35	190	16	51 319 972 1185 1593 1650 1675 1901 2090 2407 2683 2713
484	6	81	18	71 379 519 525 746 822 838 859 934 1346 1645 1699 2075 2098 2167 2477 2675 2884 3178 3264 3334 3337 3911 3955 3970 4173 4182 4274 4312 4483
492	3	253	18	488 626 764 814 857 903 1035 1162 1477 1563 1690 1823 2091 2166 2202 2648 3257 3465 3481 3629 3699 3769 3927 3940 4042 4188 4258 4660 4753 4863 4996
493	24	219	18	54 143 353 421 462 530 647 960 1302 1337 1489 1634 1707 1849 2154 2376 2879 2977 3106 3109 3135 3459 4005 4654 4656 4799 4963
496	36	260	18	9 11 17 35 133 196 334 621 642 743 803 812 877 1001 1163 2206 2267 2514 2531 2555 2611 2817 2908 3324 4260 4331 4333 4941 4946 4986 4995
502	17	115	18	556 728 797 952 1145 1196 1198 1366 1599 1711 1818 1959 2429 2845 2912 2924 3025 3182 3508 3557 3736 3803 3842 4476 4561 4684 4810
518	28	272	18	209 279 302 391 795 802 806 850 880 1021 1202 1211 1245 1410 1466 1490 1573 1775 2001 2502 2731 2734 3068 3432 3634 3974 4352 4752 4997
528	32	6	18	320 424 614 688 731 1034 1148 1406 1514 1602 1866 2139 2280 2467 2515 2520 2927 3235 3402 3462 3505 3751 3794 3922 4111 4602 4719 4842 4862 4900 4984
548	33	196	18	147 183 325 337 470 583 747 1068 1070 1285 1913 1946 1971 2240 2492 2526 2645 2687 2811 2954 3322 3533 3538 3651 3734 3748 4135 4238 4478 4523 4606 4624
557	12	43	18	70 366 378 413 467 537 873 953 989 998 1268 1342 1481 1606 2124 2567 2628 2824 3214 3274 3319 3359 3600 3845 3874 3978 4076 4143 4210 4531 4724
593	4	2	18	88 641 954 1061 1143 1164 1385 1605 1800 1950 2530 2799 2856 2930 3030 3204 3301 3372 3380 3409 3947 4385 4426 4524 4574 4666 4731 4807 4919
2	22	290	18	28 135 520 527 565 889 1768 1820 1956 2019 2067 2137 2362 2410 2432 2456 2501 2729 2905 2948 2963 3185 3572 3805 3958 4195 4291 4341 4888
3	2	7	18	108 321 341 472 571 628 1633 1668 1703 1706 2025 2351 2433 2458 2548 2716 2798 2960 3287 3712 3895 4094 4131 4255 4681 4930
11	9	183	18	409 739 800 845 870 882 958 1017 1025 1096 1154 1270 1504 1521 1637 1782 2097 2305 2503 2525 3063 3237 3309 3717 3750 4105 4170 4413 4643 4892 4980
25	11	266	18	368 438 449 1084 1217 1299 1361 1479 1522 1556 1722 1871 2011 2269 2324 2449 2684 2840 3207 3393 3448 3684 3793 3966 3983 4082 4138 4256 4935
34	6	183	20	80 293 296 307 379 530 553 574 589 755 1035 1128 1645 1831 2027 2123 2216 2281 2795 2818 3330 3447 3803 3875 4188 4376 4615 4620 4695 4715 4780 4785
50	1	85	18	93 396 464 555 701 1189 1395 1497 1710 1863 1878 1976 2329 2444 2564 2633 2744 2780 2821 2828 2858 3946 3981 4247 4361 4362 4522 4594 4815 4880
51	40	116	18	460 560 791 931 1071 1227 1667 1918 2136 2336 2484 2595 2746 2776 2962 3045 3222 3504 3737 3753 4441 4667 4830 4845 4994
77	21	45	18	350 448 532 782 909 1236 1240 1241 1288 1649 1834 1930 2169 2356 2556 2592 2656 2964 3249 3776 3832 3982 4152 4412 4481 4592 4881 4976
90	8	276	18	114 159 165 170 484 592 708 917 921 1114 1443 1537 1624 1671 1739 1922 2292 2451 2660 3607 3896 4203 4410 4555 4568 4707 4770 4898
106	27	220	18	167 308 342 695 710 807 862 867 944 1168 1781 1868 2107 2114 2180 2463 2485 2568 2896 3024 3048 3083 3342 3975 4063 4177 4263 4599 4687 4766 4784
115	20	9	18	13 101 220 386 387 393 444 531 611 692 943 1412 1491 1611 1700 2063 2215 2255 2303 2335 2452 2578 2903 3073 3525 4064 4066 4272 4894
134	14	188	18	200 306 643 858 947 1230 1292 1440 1948 2054 2487 2636 2714 2756 3367 3386 3392 3403 3491 3593 3636 3663 3730 3879 3972 4254 4503 4545 4777
141	38	123	18	21 49 123 270 784 979 1004 1134 1279 1438 1682 1819 1915 1939 2088 2221 2277 2472 2720 2866 3020 3315 3382 3493 3868 4251 4596 4931
146	10	111	18	23 154 171 180 312 513 554 1213 1368 1540 1776 1865 1874 2424 2614 2984 3017 3146 3300 3421 3433 3471 3586 3598 3952 4139 4539 4689 4804 4808 4812 4867
169	37	140	18	348 792 856 1157 1301 1378 1836 1889 2118 2278 2572 2626 2688 2743 2749 2894 3085 3111 3139 3674 3692 3783 3817 4216 4357 4471 4507 4547 4897 4938
180	5	167	18	120 238 245 365 480 669 828 907 956 1054 1117 1350 1553 1731 1735 1898 2188 2298 2328 2462 2655 3060 3420 3480 4007 4317 4912 4977
210	3	266	20	77 381 655 676 724 783 1217 1495 1519 1548 1616 1631 1836 1932 2226 2357 2530 2598 2674 2707 2766 2977 3676 3802 4040 4079 4292 4728
212	29	92	18	24 117 294 501 573 966 984 1289 1300 1473 1680 1736 2345 2346 2565 2767 3079 3341 3354 3516 3546 3731 3943 4289 4439 4611 4617 4820 4871 4884
226	16	222	18	15 67 94 793 831 970 1099 1106 1139 1694 1727 1927 2161 2163 2192 2663 2755 2860 2965 3153 3348 3853 3994 4017 4020 4262 4265 4528 4605 4791 4901
230	30	91	18	194 207 265 371 524 1006 1031 1170 1246 1474 1528 1603 2135 2934 3013 3054 3220 3275 3435 3536 3679 3797 4021 4128 4134 4477 4715 4809 4983
236	13	119	18	208 458 629 632 871 1078 1088 1171 1492 1583 1909 2039 2170 2751 2816 2827 2923 2941 2956 3428 3554 3762 3889 4098 4154 4529 4675 4851 4859
237	34	82	18	3 568 799 901 1050 1275 1493 1670 1967 1969 2354 2445 2553 2710 2730 2885 2909 3184 3236 3253 3282 3440 3560 3862 3904 4299 4401 4705 4742 4805
250	18	229	18	609 702 1112 1136 1598 1756 2353 2396 2498 2686 2693 2757 3015 3148 3188 3232 3439 3601 3752 4079 4434 4751 4953 4981
272	19	246	18	178 247 469 888 933 1092 1097 1115 1129 1376 1505 1546 1589 1815 2315 2395 2426 2438 2873 2938 3189 3329 4292 4302 4379 4513 4729 4732 4940 4964
278	7	128	18	73 176 429 552 988 1049 1083 1273 1278 1344 1427 1713 2254 2378 2413 2914 3057 3327 3564 3702 3713 3728 3876 4174 4175 4234 4266 4377 4552
294	25	267	18	134 515 616 781 894 912 924 935 1258 1431 1822 1936 2146 2234 2405 2569 2689 2910 3291 3305 3541 4092 4146 4371 4383 4519 4635 4844 4850 4923
307	15	63	18	127 166 401 450 1276 1284 1388 1539 1617 1647 1663 1974 1999 2160 2320 2343 2422 2547 3032 3039 3108 3774 3810 4093 4169 4308 4369 4516 4686 4905 4974
316	31	264	18	83 179 290 510 639 840 919 1116 1247 1544 1555 1708 1741 1941 1960 2147 2262 2470 3299 3398 3510 3653 3672 3910 4241 4870 4943 4945
356	39	130	18	89 1030 1153 1197 1208 1283 1475 1765 1832 1902 1983 1986 1994 2617 2772 2932 3021 3169 3259 3312 3399 3668 3823 3883 4233 4336 4460 4607 4639 4683
371	23	155	18	65 139 373 468 535 542 704 1510 1608 1638 1641 1698 1786 1854 2224 2563 2581 2778 2848 3151 3205 3239 3841 4125 4327 4431 4565 4636
373	24	246	20	626 678 705 706 953 954 1318 1321 1463 1737 1794 1866 1875 2112 2521 2692 2955 3514 3528 3750 3763 3919 4057 4088 4210 4398 4485 4547 4712
418	26	57	18	6 287 475 551 612 661 977 1175 1387 1422 1484 1797 1870 2132 2286 3186 3311 3314 3347 3370 3437 3457 3506 4013 4161 4243 4688
439	35	189	18	2 76 441 590 975 1128 1228 1257 1282 1420 1748 1917
447	36	241	20	73 254 449 473 647 1011 1222 1428 1436 1484 1707 1949 1982 2096 2174 2418 2486 2714 3052 3134 3150 3187 3318 3431 4049 4207 4581 4646 4655 4849
471	17	105	20	196 603 628 664 671 718 933 1077 1349 1405 1578 2026 2399 2436 2568 2588 2809 3230 3379 3388 3417 3959 4023 4212 4237 4433 4525 4633 4668 4929 4989
515	28	13	20	88 227 306 660 668 1121 1185 1257 1478 1630 1960 1976 2073 2126 2647 2725 3123 3135 3382 4085 4100 4232 4244 4461 4853 4869 4880
529	32	72	20	39 131 151 581 742 1043 1093 1457 1752 1842 2004 2038 2467 2762 2939 3022 3042 3047 3376 3406 3552 3585 3808 3822 4033 4163 4228 4321 4434 4748
531	33	171	20	110 202 244 620 741 1206 1331 1356 1503 1777 1913 1934 2059 2103 2333 2385 2409 2861 2944 2992 3037 3373 3940 4180 4270 4429 4467
576	12	103	20	230 427 507 547 680 740 745 826 828 940 1284 1390 1446 1467 1534 1632 1769 1845 1984 2044 2244 2415 3411 3475 3601 3812 4257 4268 4533 4841 4940
19	4	173	20	174 461 537 922 1358 1885 1918 2064 2097 2125 2501 2835 2854 2980 2997 3117 3128 3129 3254 3418 3457 3591 3609 3678 4194 4415 4453 4873 4987
149	22	184	20	34 75 231 541 944 1465 2009 2319 2641 2709 2827 2889 2933 2960 3122 3142 3578 3759 4103 4193 4319 4370 4422 4443 4465 4590 4847 4907 4953
228	2	283	20	185 363 404 738 743 1176 1235 1516 1699 1843 1906 2263 2480 2627 2693 2899 3188 3244 3573 3717 3741 4233 4343 4494 4549 4717 4765 4898 4994
241	9	206	20	157 452 516 810 936 962 1006 1165 1169 1401 1623 1764 1919 2173 2275 2361 2658 2892 3229 3231 3256 3452 3480 3519 3922 4136 4320 4483 4757
249	11	85	20	236 458 995 1096 1187 1492 1498 1547 1628 1686 1723 1890 1933 2111 2251 2268 2427 2998 3195 3397 3507 3516 3639 3675 4043 4335
253	1	299	20	119 281 506 692 774 999 1062 1485 2051 2077 2144 2157 2192 2214 2273 2340 2434 2849 2896 3502 3522 3607 3757 3834 3983 4082 4115 4616 4673 4908
270	40	255	20	181 268 308 697 1282 1451 1452 1678 1732 1973 2023 2128 2257 2335 2856 2917 3145 3405 3698 3756 3828 4110 4266 4323 4784 4855
298	21	298	20	58 146 472 558 851 875 998 1320 1472 1527 1552 1747 2080 2233 2246 2363 2760 2906 3067 3152 3241 3271 3297 4159 4256 4348 4484 4751
302	8	198	20	112 310 365 486 510 577 871 881 925 937 1260 1298 1571 1755 2008 2024 2235 2790 2913 2970 3164 3358 3559 3666 4029 4274 4381 4707
305	27	9	20	31 102 329 623 674 710 737 759 812 864 1050 1204 1408 1423 1489 1607 1673 2204 2262 2393 2483 3089 3180 3422 3439 3999 4113 4970
318	20	62	20	22 113 205 251 387 638 977 1140 1314 1453 1544 1884 1888 2005 2255 2745 3064 3065 3077 3215 3451 3503 3566 3638 3931 3949 3971 4297 4521
346	14	191	20	139 232 374 503 561 734 863 1684 1763 2065 2297 2373 2406 2528 2576 2616 2700 2820 3261 3529 3650 4053 4068 4225 4407 4482 4579 4708
352	38	193	20	481 636 761 1213 1370 1496 1572 1606 1924 2114 2547 2589 2626 2884 2888 2965 2995 3090 3435 3694 3784 4127 4162 4277 4316 4379 4497 4903
357	10	267	20	160 691 904 1251 1354 1362 1455 1474 1562 1605 1665 1861 1910 1968 1970 2047 2778 2865 2973 3011 3080 3553 3582 4008 4242 4300 4749 4822 4909 4946
362	37	138	20	6 535 1061 1100 1359 1561 1725 2260 2490 2534 3013 3192 3320 3359 3390 3487 3633 3695 3826 3885 3927 4075 4328 4374 4583 4599 4843 4852 4956
409	5	75	20	63 152 580 1000 1291 1419 2000 2081 2116 2118 2376 2397 2535 2694 2698 3339 3353 3489 3511 3610 3617 3921 3925 3963 4196 4223 4345 4534 4747
432	29	89	20	81 220 330 372 624 654 785 1054 1789 1912 2029 2177 2327 2394 2400 2682 2950 3028 3204 3534 3657 3746 3903 4035 4118 4171 4317 4369 4811
443	16	67	20	43 132 176 190 272 288 592 650 714 833 929 1048 1515 1677 1753 1803 2311 2770 2779 3102 3181 3494 4230 4522 4642 4689 4696 4874 4926
450	30	224	20	101 283 499 690 729 957 1500 1760 1811 1894 1979 2127 2295 2646 2903 3111 3257 3486 3847 3993 4303 4341 4353 4584 4810 4850 4925
453	13	248	20	54 57 90 217 462 505 1426 1640 1649 1652 2205 2459 2460 2500 2557 2590 2602 2737 3316 3608 3635 3881 4213 4231 4391 4462 4472 4481 4601 4932
475	34	214	20	61 115 125 416 1151 1323 1338 1345 1543 2006 2012 2032 2043 2618 2883 2894 2924 2991 3385 3404 3810 4090 4109 4197 4245 4498 4528 4714 4902
511	18	178	20	241 336 432 693 868 1094 1281 1294 1441 1724 1905 1988 2025 2092 2392 2447 3018 3099 3120 3148 3300 3372 3536 3764 3853 4372 4416 4807
520	19	35	20	137 459 538 556 684 707 862 884 893 985 1065 1533 2261 2274 2320 2356 2679 2785 2810 2932 3016 3355 4281 4380 4385 4743 4832 4982
534	7	212	20	86 163 188 210 258 563 645 805 1005 1335 1486 2130 2158 2276 2466 2600 2650 2832 3144 3510 3584 4164 4390 4432 4456 4593 4666 4740
540	25	209	20	187 345 377 880 1041 1191 1231 1414 1545 1904 1994 2159 2184 2388 2536 2579 2591 2622 2808 3167 3770 4022 4056 4169 4198 4263 4402 4755 4870 4967
547	15	195	20	27 263 380 670 1069 1085 1456 1494 1577 1657 1660 1672 1691 1743 2218 2383 2873 3070 3243 3246 3391 3620 4039 4476 4479 4607 4779 4927
563	6	195	22	75 108 515 740 997 1210 1384 1588 1730 1808 2028 2135 2186 2200 2213 2402 2462 2629 2910 3467 3524 3784 3856 4269 4327 4517 4648 4808 4813
8	31	30	20	261 334 351 564 795 807 1052 1083 1109 1671 1882 1923 2122 2511 2783 3051 3165 3224 3521 3598 3771 3943 4190 4195 4285 4441 4980
64	39	48	20	528 635 703 804 1047 1274 1366 1635 1892 1972 2171 2228 2265 3369 3461 3937 4006 4099 4107 4165 4191 4403 4405 4622 4675 4761 4899 4974
66	23	147	20	41 730 818 1024 1225 1415 1839 1950 1963 2030 2300 2345 2677 3054 3251 3338 3375 3509 3795 4001 4258 4334 4420 4625 4694 4709 4997
73	26	216	20	5 9 279 361 398 438 522 540 545 746 849 910 1060 1319 1587 1646 1868 1907 1981 2763 2971 3063 3202 4119 4249 4283 4733 4734 4881
81	35	180	20	33 126 504 886 1016 1040 1218 1381 1775 1790 1977 2331
114	3	159	22	123 554 676 853 1618 1733 1783 2009 2163 2209 2261 2539 2586 2902 3079 3209 3503 3562 3675 3820 4147 4150 4250 4298 4302 4310 4577 4744
117	24	150	22	37 232 389 453 578 732 833 905 1007 1099 1111 1158 1332 1491 1939 2369 2540 2788 3256 3837 3909 3990 4012 4073 4437 4613 4736
123	36	297	22	7 289 329 579 656 1005 1103 1428 2274 2465 2553 2580 2595 2600 2749 3377 3720 3727 3759 3772 3814 3817 3929 4005 4229 4233 4262 4370 4821
139	17	247	22	40 79 352 494 825 843 876 1031 1267 1328 1582 1629 1861 1886 1940 1944 2741 2793 3105 3127 3200 3606 3641 3976 4039 4065 4383 4409 4799
206	28	294	22	10 205 638 641 785 878 903 1306 1324 1336 1509 1535 1538 1579 2289 2298 2312 2425 2468 2517 2784 2851 2875 3060 3253 3999 4145 4702
222	32	17	22	140 228 766 1053 1289 1292 1553 1561 1706 1762 1923 1931 2222 2250 2492 2729 2917 3550 3697 3917 4391 4779 4883 4938 4950 4970 4998
231	33	86	22	48 52 551 685 981 1046 1062 1311 1658 1718 1728 1891 2104 2108 2333 2440 2445 2562 2882 2986 3175 3255 3364 3384 3948 3958 4155 4278 4340
279	12	69	22	273 635 657 751 1042 1309 1772 2626 2696 2820 2886 2935 3017 3114 3171 3268 3335 3591 3707 3989 4110 4422 4423
288	4	120	22	524 708 967 1116 1196 1203 1247 1657 1970 2102 2245 2339 2377 2388 2524 2573 2877 2950 3137 3144 3847 3926 4062 4411 4583 4777 4788 4876
297	22	42	22	265 402 992 1033 1209 1329 1753 1949 1993 2078 2079 2318 2761 2842 2936 2975 3337 3588 3967 4225 4248 4501 4603 4665 4667 4689 4701 4843 4999
328	6	69	24	136 161 193 717 731 906 1075 1288 1369 1484 1786 1869 1883 2056 2077 2152 2390 2491 2710 3025 3258 3572 3595 3820 3840 4416 4753 4993
342	2	213	22	175 566 672 908 1141 1449 1452 1598 1755 1757 1816 2039 2052 2506 2537 2566 2773 2864 3120 3183 3370 3612 3881 4046 4470 4669 4680 4768
353	9	110	22	84 865 1081 1230 1369 1720 2042 2077 2283 2302 2728 2832 3038 3062 3086 3168 3455 3461 3809 4351 4452 4511 4526 4686 4874 4983 4990
375	11	136	22	130 466 496 674 901 1069 1221 1268 1327 1382 1512 1601 2371 2412 2648 2685 2782 3046 3307 3448 3525 3586 3872 4132 4306 4314 4618 4653 4754
377	1	161	22	64 229 690 769 1150 1339 1362 1564 1567 1573 1945 2020 2202 2299 2393 2630 2995 3035 3238 3279 3336 3729 3993 4450 4525 4861
400	40	104	22	25 249 293 327 552 612 619 699 809 931 987 1023 1430 2063 2066 2117 2315 2768 2983 3161 3244 3322 3521 3855 4612 4838
454	21	239	22	60 154 444 803 968 1066 1068 1847 1990 2290 2293 2297 2398 2523 2745 2774 2834 2891 3040 3296 3313 3489 3526 4048 4442 4598
480	8	70	22	81 214 590 618 675 986 1019 1173 1305 2099 2188 2433 2588 2719 2733 2846 3162 3165 3345 3596 3613 3762 3844 3846 4076 4153 4716
512	27	256	22	93 556 729 1182 1493 2006 2084 2110 2413 2514 2635 2654 2880 2999 3039 3090 3293 3294 3321 4013 4014 4080 4143 4396 4497 4759 4905 4968
513	20	32	22	29 326 370 492 576 772 780 929 1255 1633 1834 1986 2260 2358 2424 2453 2571 2769 3026 3094 3469 3630 3685 4198 4215 4620 4685 4812
545	14	249	22	348 445 527 761 775 897 1169 1344 1352 1383 1692 1726 1788 2459 2665 2760 2787 2912 3552 3590 3861 4024 4097 4480 4761 4842 4993
550	38	61	22	149 152 331 599 858 980 1440 1445 1481 2185 2354 2599 2735 3201 3339 3395 3545 3760 3786 3870 4319 4321 4323 4363 4402 4934 4942 5000
559	10	254	22	212 225 1028 1097 1351 1614 1701 1731 1928 2055 2127 2414 2575 2638 2803 2862 3639 3658 3845 3936 3945 4162 4284 4338 4469 4551 4793 4923
571	37	97	22	53 71 151 375 1191 1238 1293 1549 1971 2037 2195 2609 2903 3070 3290 3745 3835 4084 4120 4140 4156 4173 4453 4492 4539
577	5	49	22	428 508 523 613 1366 1516 1568 1856 2056 2174 2337 3023 3029 3041 3088 3128 3210 3483 3695 3836 3839 4060 4315 4410 4561 4630 4658
580	29	172	22	174 210 244 463 596 634 747 1195 1476 1569 1698 1813 1897 2211 2265 2349 2458 2477 2697 2699 2765 2967 3076 3226 3812 4116 4520 4912
581	16	287	22	118 178 756 934 1090 1156 1163 1190 1777 1828 1982 2023 2045 2203 2320 2705 2706 2812 3291 3328 3652 3661 3888 4037 4294 4401 4412 4537 4544
588	30	93	22	158 208 324 457 760 910 1447 1502 1702 1831 1954 2082 2357 2375 2408 2596 3014 3024 3074 3115 3116 3217 3522 3664 3801 3804 3869 4647 4794 4981
595	13	106	22	236 451 573 928 1055 1143 1708 1839 1948 1968 1992 2516 2783 2970 3087 3100 3193 3417 4108 4161 4257 4270 4372 4635 4710 4925
599	34	60	22	280 416 691 806 1214 1296 1499 1711 1815 1881 2059 2089 2396 2674 2752 2982 3061 3075 3097 3266 3416 3443 4180 4247 4384 4708 4835
49	18	118	22	376 382 502 855 1133 1219 1705 1851 1870 1914 1989 2430 2585 2619 2895 3410 4115 4181 4276 4329 4464 4474 4482
68	19	122	22	38 70 200 270 318 388 547 1234 1365 1434 1611 1785 1840 1849 1924 2126 2217 2256 3381 3548 3688 3736 3876 4052 4158 4228 4348 4465 4622
75	7	98	22	380 486 589 811 924 1409 1508 1562 1696 1794 2252 2551 2849 3297 3319 3509 3789 3795 4096 4230 4272 4576 4638 4649
85	25	44	22	159 245 432 1011 1153 1394 1411 1712 1838 1879 1912 1947 2225 2247 2443 2490 2625 2667 2702 3050 3149 3159 3438 4033 4448 4733 4865 4924
107	15	225	22	575 637 654 788 857 1364 1464 1812 1977 2072 2119 2325 2363 2428 2589 2608 2611 2775 2815 3136 3502 3732 3753 3797 4074 4249 4451 4671
111	31	280	22	97 314 339 415 882 1478 1659 1941 2093 2323 2836 3009 3013 3169 3274 3486 3920 4121 4280 4285 4510 4571 4921 4961
121	39	147	22	9 72 217 243 383 779 1399 1593 1846 2165 2279 2518 2542 2582 2791 2949 2989 3104 3173 3305 3367 3408 3413 3577 3942 4580
124	23	116	22	251 408 483 560 650 824 977 1888 2277 2549 2563 2659 3190 3316 3380 3505 3765 3867 3901 3982 4611 4619 4732 4764
130	26	261	22	32 301 460 595 700 728 839 1405 1636 1650 1966 2239 2262 2476 2488 2643 3147 3315 3445 3598 3799 3800 4067 4457 4592 4678 4679 4730
137	35	131	22	46 207 354 702 801 911 1140 1248 1272 1397 1458 1496
151	3	64	24	59 139 203 218 304 357 359 630 753 1005 1273 1319 1907 1957 2311 2560 3206 3578 3679 4007 4070 4247 4486 4530 4883 4948
172	24	242	24	308 361 823 938 1060 1114 1235 1459 1543 1635 1900 1912 2166 2298 2383 2571 2648 3285 3624 3687 3725 3832 3889 4155 4334 4444 4455 4499 4508
187	36	126	24	129 135 474 564 1287 1375 1544 1848 2104 2158 2236 2277 2284 2448 2656 2733 2802 2814 2933 3166 3718 3906 4102 4213 4344 4489 4610
188	17	300	24	181 343 641 652 665 828 945 1120 1132 1516 1641 1978 2045 2190 2908 3218 3255 3329 3350 3491 3573 3715 3757 3807 4204 4641 4977
193	28	275	24	66 358 974 1016 1218 1277 1654 1700 1969 2039 2138 2408 2521 2619 2650 2763 2887 2911 2924 3506 3754 3848 3913 3951 3997 4024 4423 4827
221	32	113	24	267 443 848 897 1037 1110 1148 1472 1492 1793 1927 2157 2628 2917 2956 3097 3327 3330 3389 3507 3785 3814 3948 4080 4692 4716 4853 4882
225	33	125	24	92 321 522 1529 1557 1795 1866 2010 2247 2332 2653 2948 3130 3395 3560 3680 3850 4047 4219 4252 4340 4398 4451 4543 4558 4573
262	12	82	24	199 390 431 508 911 992 1460 1630 1788 2345 2474 2609 2865 2875 2929 2943 3275 3332 3344 3488 3583 3857 4028 4172 4209 4975
264	4	3	24	97 191 233 713 733 1045 1174 1213 1547 1766 1796 1878 2694 3345 3441 3510 3515 3516 3566 3575 4017 4285 4616 4660
289	22	288	24	187 292 333 416 750 834 1553 1588 1830 2036 2246 2399 2422 2512 2660 2712 2752 2781 2867 3096 3325 3868 3950 4333 4742
296	6	288	26	567 868 1074 1239 1250 1263 1285 1575 1697 1983 2123 2187 2637 3044 3109 3192 3231 3361 3746 3765 3852 4130 4199 4274 4449 4697
299	2	27	24	206 283 380 511 582 655 755 1001 1170 1245 1376 1382 1638 1877 2212 2747 2821 2831 2889 3157 3236 4336 4399 4644 4791 4797 4913
308	9	175	24	2 8 578 604 768 837 1061 1431 1758 1772 1812 2586 2738 2808 2982 3003 3179 3212 3512 4031 4156 4331 4375 4593 4676 4891 4956
341	11	257	24	35 201 310 548 567 825 916 1042 1233 2116 2776 3035 3101 3321 3391 3396 3454 3663 3683 3837 3870 4439 4592 4628 4731 4978
347	1	181	24	185 192 386 631 988 1580 1644 1732 1840 2071 2279 2300 2314 2370 2731 3219 3475 3484 3647 3688 3788 3802 3961 4038 4126 4634 4933 4942
350	40	194	24	47 180 369 370 594 940 1279 1402 1418 1642 1725 1813 1899 1929 2020 2229 2252 2526 2863 3412 3531 3985 4121 4350 4356 4430 4631 4838
378	21	124	24	37 766 805 901 1049 1069 1128 1364 1693 2156 2174 2201 2476 2664 3278 3418 3524 3614 3659 3764 3823 4012 4062 4291 4332 4554 4578 4922
398	8	187	24	382 491 521 575 585 738 919 937 1380 1604 1781 2111 2296 2339 3067 3132 3270 3289 3296 3696 3740 3741 3782 4256 4415 4435 4624 4803
430	27	24	24	219 661 696 770 819 1125 1224 1234 1313 1443 1445 1586 1610 1692 1773 2223 2496 2711 2790 2849 2987 3001 3031 3749 3854 4367 4711 4985
462	20	12	24	74 616 1015 1027 1327 1363 1367 1485 1490 1572 1752 1804 2226 2316 2532 2751 2838 3088 3363 3568 3569 3597 3767 3908 4400 4694 4914 4966
474	14	265	24	347 451 620 778 791 1105 1396 1659 1724 1937 2053 2228 2242 2303 2403 2423 2516 2567 2835 3170 3424 3587 4272 4378 4547 4639
517	38	60	24	168 173 852 1052 1089 1180 1498 1570 1790 1863 2051 2170 2216 2465 2603 2839 2901 2957 3831 3856 3994 4068 4392 4509 4792 4831
522	10	90	24	48 115 311 425 709 827 900 1246 1255 1646 2001 2548 2622 2663 2695 2881 3076 3131 3181 3508 3776 3863 3877 3977 4389 4396
556	37	88	24	72 240 305 330 349 430 466 2015 2200 2207 2543 2620 2715 2965 3465 3579 3631 3729 3768 3916 3934 4157 4176 4206 4235 4243 4862 4994
573	5	162	24	172 658 687 812 1019 1048 1216 1322 1519 1683 1701 1799 2005 2058 2128 2153 2165 2259 2323 2953 2954 3213 3501 3941 4286 4372 4436 4902 4981
591	29	43	24	142 166 261 401 409 692 1237 1550 1780 1962 1984 2209 2337 2349 2537 2540 2734 2741 3414 3564 3690 3849 3912 4099 4100 4119 4840 4929
592	16	15	24	248 617 629 858 947 1353 1533 1535 1582 1589 1710 1715 1771 1949 2129 2388 2416 2435 2633 2701 3907 3972 3991 4072 4095 4129 4656 4672
20	30	237	24	262 540 712 879 891 1204 1286 1743 2227 2531 2572 2594 2888 3242 3269 3411 3437 3452 3544 3576 4011 4078 4663 4824
21	13	98	24	122 234 268 1303 1370 1373 1611 1681 1981 1991 2009 2042 2401 2472 2473 2497 2507 2570 2868 3194 3752 3795 3958 4042 4054 4317 4364 4885
31	34	96	24	110 280 593 918 1423 1592 1903 1998 2198 2299 2328 2404 2489 2499 2649 2876 3174 3272 3504 3611 3661 3864 3978 4136 4278 4659 4844 4991
33	18	36	24	140 241 772 853 976 1249 1518 1801 2322 2434 2436 2483 2501 3000 3453 3649 3708 3790 3838 3968 4665 4759 4832
57	19	41	24	132 881 984 1002 1021 1266 1307 1525 1995 2029 2178 2265 2463 2584 2963 2972 3256 3535 3682 4315 4418 4502 4518 4526 4787 4931
59	7	180	24	104 456 927 1090 1164 1194 1578 1655 1734 1872 2064 2214 2305 2363 2693 2768 2826 2961 3621 3721 3723 3765 4059 4310 4431 4536 4723 4954
63	25	127	24	282 453 535 646 742 923 973 1524 1563 1596 2482 2494 2671 2801 2832 2840 3165 3244 3281 3429 3599 3643 4294 4475 4798 4965
65	15	156	24	88 176 364 600 814 950 1013 1031 1283 1806 2078 2142 2176 2283 2714 3036 3125 3399 3585 3592 3971 4477 4651 4866 4955
86	31	104	24	188 435 461 545 633 798 820 830 1250 1356 1501 1857 1919 2031 2395 2668 2795 2834 2861 3053 3117 3513 3954 4221 4466
88	39	273	24	67 685 714 865 913 1829 2269 2669 2740 2762 2827 2844 2914 3012 3305 3388 3642 3844 4081 4263 4283 4535 4538 4657 4777
97	23	203	24	43 208 506 587 695 794 1018 1111 1583 1690 1767 2243 2306 2459 2732 2825 3223 3548 3580 3616 4014 4091 4275 4531 4821
125	26	243	24	22 257 329 418 569 967 1032 1131 1151 1251 1622 2180 2432 2686 2730 2766 2909 3154 3371 3439 3474 3691 3884 3980 4678 4687 4768 4898
138	35	274	24	148 258 288 339 346 956 1082 1152 1520 1719 1750 1904
177	3	170	26	68 146 199 592 732 770 890 980 1587 1658 1843 1858 1892 2400 3106 3240 3304 3408 3413 3482 3691 4016 4019 4216
184	24	1	26	73 259 387 450 568 667 679 1141 1599 1648 1689 1838 1897 2410 2411 2550 2566 2804 3431 3720 4120 4145 4332 4339 4382 4817 4917
202	36	229	26	162 215 429 523 788 1860 2039 2255 2529 2571 2723 2795 2909 2929 2942 3092 3165 3457 3698 3789 3844 3953 4419 4468 4789
216	17	279	26	312 411 452 676 875 902 1027 1145 1163 1312 2033 2106 2217 2344 2347 2390 2450 2623 3032 3262 3422 3806 3894 3962 4517 4699 4703
235	28	66	26	504 623 701 982 1316 1339 1505 1637 1803 1906 2000 2218 2254 2505 2821 3071 3320 3332 3674 3696 3794 4108 4228 4790 4868
260	32	211	26	48 114 169 195 224 1175 1413 1427 1518 1681 1770 1893 2024 2350 2545 2877 2892 3100 3356 3563 4310 4317 4524 4690 4836 4958
276	33	239	26	407 493 527 847 1167 1425 1652 1911 2063 2120 2160 2199 2378 2449 2922 3323 3430 3506 3570 3970 4181 4214 4488 4506 4554 4758 4963
290	12	255	26	353 412 530 663 895 1050 1621 1715 1898 2053 2069 2493 3026 3052 3311 3419 3458 3633 3708 3939 4312 4371 4403 4645 4913
293	4	33	26	119 335 424 947 1177 1322 1367 1448 1553 2259 2725 2817 3188 3586 3728 3861 3914 4031 4248 4370 4539 4618 4687 4743 4849
315	22	214	26	94 451 487 992 1010 1101 1133 1272 1392 1769 1796 1854 2057 2460 2594 2614 2972 3619 3759 3811 4077 4164 4277 4780 4930
374	2	268	26	62 311 448 522 649 999 1039 1078 1092 1201 1207 1280 1643 2108 2367 2391 2445 2481 2672 2852 2880 3049 3285 3369 3884 4090 4888
385	9	54	26	164 351 870 1135 1144 1362 1567 1738 1920 2087 2482 2632 2698 2700 2865 3086 3333 3837 4034 4094 4430 4441 4572 4667 4739 4834 4874
391	11	249	26	413 575 627 810 986 1008 1293 1812 2165 2503 2913 3628 3740 3887 3995 4071 4140 4259 4356 4407 4495 4794 4999
392	1	137	26	17 41 230 1243 1275 1426 1442 1558 1578 1811 2294 2308 2483 2807 3194 3484 3577 3711 3755 3798 3871 4085 4286 4368 4490 4959
399	40	36	26	103 390 696 1095 1154 1252 1684 1739 1928 2109 2472 2633 2736 2828 2988 3306 3365 3394 3534 3733 3999 4435 4543 4775 4786 4822 4923
402	21	155	26	87 542 1073 1197 1224 1281 1398 1674 1718 2225 2260 2366 2404 2682 2831 2851 3093 3219 3532 3807 3996 4080 4122 4142 4647 4663 4857 4886
404	8	124	26	809 990 1523 1696 1965 2362 2421 2521 2605 2615 2870 2889 3002 3036 3102 3792 4118 4206 4408 4454 4607 4636 4701 4788 4808 4890 4950 4973
422	27	70	26	584 597 747 1124 1206 1220 1261 1485 1622 1670 1671 1968 2045 2146 2452 2863 3059 3214 3247 3513 3585 4409 4538 4924
456	20	14	26	625 824 961 1355 1542 2365 2372 2525 2813 2907 2957 2989 3301 3405 3618 3638 3639 3719 3739 3761 4212 4217 4236 4306
481	14	151	26	111 118 196 291 834 955 969 1040 1588 1849 1999 2091 2173 2528 2797 2830 3138 3200 3465 3716 3851 4364 4873 4909 4965 4984
503	38	25	26	380 526 1033 1115 1188 1357 1432 1793 1880 2013 2304 2419 2453 2548 2559 2703 2846 3129 3678 4292 4358 4497 4570 4668 4669
539	10	218	26	168 227 600 601 954 1254 1300 1894 2092 2334 2384 3163 3220 3297 3310 3390 3805 3817 3889 3905 4082 4182 4244 4338 4346 4359 4452 4513
541	37	72	26	115 202 272 317 710 718 800 874 1104 1641 2080 2114 2197 2547 2572 2581 2769 2948 3213 3330 3623 4000 4008 4721 4811 4867
549	5	10	26	175 289 579 598 787 833 838 1150 1157 1286 1296 1815 2035 2068 2425 2679 2885 2944 3248 3542 3627 3890 3949 4059 4393 4769
551	29	83	26	71 106 456 476 677 709 1257 1550 1744 1870 2172 2387 2546 2565 2600 2898 3216 3225 3391 3540 3589 4429 4563 4823 4922
552	16	177	26	85 129 182 557 720 733 807 821 844 964 1023 1277 1541 1789 1929 2073 2116 2875 3007 3182 3277 3818 3824 4218 4735 4936
561	30	26	26	730 1017 1109 1176 1297 1371 1818 1830 1841 1889 2002 2178 2508 2543 2735 3085 3087 3153 3541 3599 3727 3763 3936 4555 4771 4894
569	13	32	26	92 100 453 485 662 1084 1304 1515 1741 1885 1974 2031 2127 2270 2435 2510 2608 2806 3255 3374 3389 3686 3731 4123 4265 4583 4589 4597
575	34	210	26	84 284 533 873 935 979 1294 1626 1672 1834 2121 2151 2264 2606 2708 2732 2755 2897 3127 3426 3713 4057 4311 4745
583	18	245	26	23 181 253 258 302 666 974 1365 1645 1772 2046 2228 2607 2906 3154 3331 3920 3932 3969 3993 4050 4300 4350 4375 4379 4425 4751 4969
16	19	144	26	32 63 163 280 367 445 657 665 725 860 1080 1389 1487 1987 2141 2647 2900 3083 3243 3726 3865 4167 4168 4290 4519 4675
27	7	219	26	18 1119 1233 1407 1453 1644 1745 1955 1998 2269 2325 2451 2562 2882 3115 3228 3478 3494 3896 3984 4026 4099 4406 4848 4877 4907
29	25	53	26	74 455 481 830 855 862 896 1067 1396 1501 1594 1933 2075 2143 2237 2901 3238 3522 3613 3681 4692 4720
30	15	284	26	211 583 606 615 702 837 1093 1418 1525 1730 1859 2381 2415 2513 2583 2601 3037 3227 3303 3528 3702 3781 3830 3858
35	31	207	26	344 637 866 1107 1113 1194 1292 2102 2408 2489 2715 2770 2845 2947 3441 3693 3732 3831 3963 4243 4313 4366 4389 4394 4664 4842
69	39	145	26	50 234 516 570 723 734 932 1007 1031 1079 1349 1589 2253 2859 3113 3579 3748 3906 4067 4087 4144 4623 4799 4991
105	23	243	26	366 521 1028 1118 1137 1160 1328 1468 1723 1782 1785 1949 1952 1957 2358 2496 2527 2533 3016 3546 3796 4655 4700 4870 4895
161	26	29	26	120 180 900 914 1159 1416 1662 1683 1757 1828 2060 2249 2287 2661 2814 2864 3224 3270 3946 4048 4562 4586 4615 4617 4875
232	35	8	26	98 141 197 242 254 426 467 622 648 653 898 1248
238	6	58	28	46 223 390 430 448 517 629 808 945 1182 1193 1512 1743 1901 2361 2610 2870 2978 3107 3181 3355 3714 3932 4255 4649 4787
329	3	12	28	257 290 330 404 906 994 1088 1094 1236 1322 1333 1446 1808 2089 2119 2145 2311 2315 2344 2568 3119 4249 4313 4401 4474 4605 4979
333	24	185	28	49 267 527 542 1593 2312 2343 2387 2457 2794 2887 2912 3034 3116 3343 3434 3515 3928 3996 4283 4369 4577 4769 4829 4853 4885
345	36	47	28	361 902 1318 1624 1643 1775 1821 1858 1868 2279 2444 2573 2796 2803 2945 3378 3423 3715 3939 4044 4250 4344 4397 4542 4743 4881
381	17	271	28	442 617 689 871 1534 1673 2076 2081 2278 2536 2585 2671 2690 2858 3043 3114 3456 3527 3571 3644 3873 4208 4339 4575 4601 4887 4967
427	28	234	28	12 150 156 349 697 729 770 835 1215 1354 1392 1704 1711 1955 2092 2574 2657 2786 2834 3929 4190 4449 4609 4647 4715 4993
449	32	151	28	77 127 153 184 483 505 622 644 993 1273 1284 1419 1436 1653 1742 2205 2446 2664 2770 3233 4342 4531 4533 4573 4840 4900
490	33	166	28	323 618 829 936 1180 1301 1448 1478 1564 1616 1736 2606 2798 3066 3282 3379 3401 3594 3852 3905 4063 4152 4303 4378 4990 4998
516	12	137	28	286 397 406 581 938 978 1058 1134 1639 2625 2773 2893 3003 3019 3122 3578 3680 3730 3780 4071 4635 4681 4972
555	4	83	28	562 649 872 877 1450 1492 1902 2139 2437 2448 2497 2548 2793 2817 2890 3259 3278 3349 3445 4166 4433 4576 4710 4747 4772 4907
584	22	103	28	159 256 370 543 701 838 1051 1393 1546 1860 2121 2808 2866 3106 3215 3723 3804 3963 4159 4535 4653 4704 4825 4872 4916
6	2	73	28	433 515 587 964 1232 1336 1363 1779 2060 2220 2510 2607 2901 2947 3026 3140 3195 3999 4124 4390 4633 4834
48	9	274	28	69 85 105 148 254 534 673 1106 1220 1351 1432 1560 1797 2164 2238 2506 2679 3077 3490 3542 3558 3918 4616 4871 4963
71	11	237	28	82 190 225 326 478 520 567 698 1662 1727 1782 1956 2028 2179 2911 3826 3938 4029 4157 4622 4724 4890 4933 4971
74	1	22	28	170 352 716 768 923 1166 1383 1456 1729 2003 2143 2172 2254 2683 2792 2830 3050 3134 3338 3398 3425 4598 4675 4722 4755
94	40	159	28	120 125 136 916 1149 1260 1263 1283 1840 2401 2613 2906 2975 2991 2992 3020 3381 4352 4462 4611 4630 4717 4862 4961
112	21	188	28	395 495 1083 1135 1138 1152 1161 1226 1726 1800 1851 2288 2527 3084 3350 3373 3403 3446 3613 3962 4143 4209 4241 4544 4592
128	8	179	28	577 756 931 982 1385 1421 1439 1581 1973 2187 2327 2819 2905 2976 3067 3156 3230 3464 3650 3885 4016 4191 4894 4947
164	27	235	28	607 843 890 895 1154 1235 1408 1431 1786 2007 2104 2267 2418 2566 2761 2816 3467 3477 3588 4138 4294 4664 4774 4889
207	20	55	28	312 480 491 899 1091 1386 1575 1656 2251 2687 2881 2981 3277 3313 3321 3764 3771 3778 3842 3904 4325 4411 4565 4781 4937
265	14	174	28	53 133 337 353 354 737 1013 1139 1342 1414 1595 1688 1767 1829 1983 2471 2944 3145 3545 3864 3913 4148 4284 4676 4764
310	38	92	28	56 544 681 1223 1244 1462 1566 1569 1618 1758 1978 2144 2788 2850 3002 3334 3458 3526 3625 4007 4253 4385 4505 4757
313	6	185	29	275 326 808 893 1271 1315 1368 1404 1509 1964 2193 2212 2228 2665 2962 3230 3891 3948 3984 4054 4091 4541 4630 4700
410	10	295	28	51 365 569 715 759 779 1075 1156 1203 1282 1317 1347 1795 1806 2493 2986 3009 3126 3159 3532 3742 4075 4175 4278 4439 4537
442	3	295	29	103 117 247 469 680 961 1008 1130 1295 1571 1750 1763 1802 2073 2374 2481 2647 2670 3274 3583 3929 4374 4454 4468 4921
445	37	121	28	144 392 423 471 799 974 1856 2122 2171 2491 2771 2843 3735 3894 4097 4290 4389 4400 4490 4503 4507 4569 4645 4674 4737 4789
448	5	199	28	655 1014 1045 1053 1417 1558 1917 2062 2159 2717 2824 2852 3726 3815 4185 4245 4291 4305 4626 4727 4786 4968 4976
521	29	57	28	98 142 1129 1272 1402 1452 1626 1689 1837 1925 1953 2222 2292 2452 2946 2993 3029 3489 3595 3616 3878 3915 3951 4266 4301
562	16	275	28	90 194 226 366 1123 1162 1331 1542 1817 1855 2055 2074 2364 2393 2603 2921 2985 3362 3498 3656 4373 4532
129	24	73	29	56 281 313 829 1079 1118 1224 1227 1338 1448 1514 1709 1729 2206 2936 2974 3186 3415 3881 3915 4093 4346 4464 4767
140	30	164	28	33 83 114 356 826 856 1219 1679 1848 2129 2826 2960 3229 3493 3608 3753 3790 3945 4202 4229 4260 4562 4748 4766
159	13	184	28	411 608 654 841 891 956 976 1085 1746 1876 1918 2038 2256 2286 2458 2508 2839 3231 3719 3751 3926 4163 4269 4330 4654
174	34	296	28	47 100 121 549 1461 1526 2140 2576 2579 2591 2622 2676 2709 2841 3561 3748 3849 4055 4113 4218 4235 4480 4618 4965
208	18	278	28	89 263 266 437 446 624 1070 1708 1832 2041 2083 2545 2661 2872 3086 3191 3550 3573 3859 3899 4167 4520 4614 4824
335	19	109	28	232 303 340 490 842 973 1302 1640 1649 1722 1810 2197 2973 3280 3762 4058 4348 4427 4589 4695 4852 4918
337	7	182	28	679 749 786 855 861 997 1502 1716 1993 1997 2018 2050 2369 3590 3633 3640 4101 4112 4200 4811 4828
412	25	281	28	21 233 300 714 840 1187 1269 1621 1702 2558 2795 2857 3010 3258 3853 3909 3960 4135 4362 4406 4554 4559 4582 4901
419	15	119	28	328 473 637 709 757 820 1168 1620 1850 2552 2604 2624 2636 2735 2860 3074 3076 3252 3394 3760 3979 4279 4830 4975
472	31	4	28	927 1021 1077 1529 1545 1665 2086 2115 2484 2546 2553 2732 2919 2990 2999 3033 3093 3205 3653 3886 3991 4552 4619 4660 4796
585	39	77	28	438 474 748 789 1095 1218 1700 1958 2084 2123 2317 2565 2639 2972 2987 3196 3519 3658 3664 3747 4089 4251 4713
93	23	127	28	29 427 492 674 751 1074 1345 1398 1451 1703 1979 2724 2799 3100 3331 3636 3766 3796 4321 4368 4978
132	26	282	28	20 278 384 385 429 712 1771 2054 2107 2126 2158 2230 2329 2379 3030 3198 3203 3225 3700 3724 3770 4387
145	35	29	28	228 333 550 642 985 1510 1586 1836 2006 2428 2456 2507
158	36	224	29	249 269 1080 1176 1901 1923 2269 2445 2592 2732 2855 2979 3017 3091 3342 3566 4065 4377 4591 4652 4819
186	17	149	29	73 198 403 432 588 726 890 1244 1650 2017 2280 2813 3134 3190 3318 3339 3387 3674 3888 4126 4189 4521 4674 4809
192	28	242	29	18 74 253 307 619 634 979 981 1132 1200 1326 1377 2134 2177 2331 2549 2575 2646 2748 3377 4062 4326 4706
195	32	114	29	12 152 400 414 668 1179 1181 1245 1415 1499 1540 1668 1927 1977 2208 2431 3450 4010 4136 4223 4358 4637
201	33	198	29	546 684 1542 1682 1725 1744 2450 2551 2662 2826 3115 3665 3760 3874 4004 4009 4049 4289 4339 4658 4731 4875 4888
244	12	49	29	42 170 420 1036 1119 1151 1453 1512 1522 1848 1972 2654 2942 2996 3154 3156 3249 3306 3385 4508 4773 4808 4916
259	4	156	29	241 517 630 1019 1159 1198 1749 1832 1908 2248 2621 2678 3037 3046 3078 3133 3483 3501 4140 4304 4593
304	22	191	29	776 1086 1191 1437 1717 1957 1988 2221 2284 2307 2587 2632 3141 3411 3558 3664 3671 3687 4179 4307 4373 4580 4983
407	2	52	29	229 593 1003 1175 1225 1318 1373 2166 2215 2317 2349 2581 3473 3544 3573 3594 3743 4205 4219 4621 4715 4794 4876 4922
435	9	250	29	181 948 1063 1177 1472 1938 2027 2074 2126 2145 2286 2309 2341 2527 2682 3003 3020 3520 3714 4173 4342 4437 4577
436	11	272	29	341 354 777 856 1152 1306 1439 1518 1597 1976 2028 2303 2346 2366 2504 2871 3281 3787 3928 4448 4516 4694 4937
441	1	133	29	483 1187 1554 1807 2096 2473 2788 2802 2832 2914 3280 3603 3670 3982 4064 4361 4525 4578 4940 4946 5000
444	40	182	29	15 317 817 935 1375 1701 1947 2416 2470 2704 2709 2792 2949 3364 3562 3869 4160 4327 4411 4458 4459
487	21	212	29	129 359 694 771 1083 1288 1560 1573 1905 1995 2185 2370 2480 2812 3188 3813 4066 4074 4192 4303 4418 4614 4638
499	8	251	29	218 642 1144 1568 1720 1891 1989 2003 2367 2475 2503 2805 3027 3103 3426 3655 3972 4161 4222 4456 4579 4833
537	27	77	29	182 485 633 941 1020 1142 1350 1547 1783 1814 1875 2629 2698 2899 3117 3468 3469 3576 3777 4564 4613
578	20	238	29	55 62 141 509 713 942 1072 1265 1329 1625 1909 3039 3538 3546 3860 4538 4719 4804 4813 4859 4935
32	14	157	29	39 156 550 651 794 898 1059 1093 1113 1147 1165 1311 2444 2772 2943 3111 3513 4038 4171 4363 4785
243	6	133	30	54 137 212 356 369 407 434 568 632 836 940 1414 1473 2097 2248 3144 3538 3699 3711 4251 4550 4610 4996
271	38	95	29	19 216 521 640 757 1317 1391 1549 1655 1799 2066 2121 2291 2878 3155 3164 3240 3527 3565 3808 3875 4172 4496
421	10	256	29	290 407 523 727 819 915 946 1398 1622 1825 2714 3680 3751 3817 3923 4240 4340 4511 4513 4585 4611 4775 4781
440	37	232	29	217 316 603 621 806 958 1258 1526 1634 1647 1880 2030 2049 2422 2526 2900 2972 4039 4273 4504
497	5	228	29	421 609 823 825 991 1309 1660 1928 2234 2607 2810 3270 3427 3673 3697 3742 3828 3865 4460 4776 4778
168	29	227	29	2 134 144 372 489 536 594 725 1220 2058 2146 2202 2353 2824 2990 3053 3903 3987 4502 4590 4910 4964
384	16	163	29	81 355 394 612 700 1369 1592 1664 1983 2271 2344 2707 2751 3212 3278 3279 3572 4007 4329 4556
587	30	80	29	418 440 686 786 1299 1740 1882 2014 2154 2176 2590 2728 2825 3015 3939 4260 4631 4759 4936
60	13	51	29	256 503 515 532 538 572 1207 1221 1289 1624 2536 2680 3010 3063 3112 3601 3630 3703 4106 4343
189	34	289	29	377 434 539 654 1101 1117 1345 1364 1648 2338 2511 3098 3556 3606 3931 3937 4147 4610 4690 4695
200	18	244	29	516 569 583 918 986 1469 1486 2035 2109 2386 2928 3146 3332 3397 3916 4201 4376 4546 4727
280	19	194	29	124 459 465 763 827 880 1853 2360 2518 2708 2898 3055 3080 3523 3715 3778 3904 4117 4677
420	7	215	29	884 1062 1167 1401 1904 1998 2332 2557 2902 2915 3082 3433 3636 3890 3947 3986 4345 4426 4902
544	25	99	29	235 454 666 672 1199 1298 2057 2115 2380 2711 2937 3244 3267 3807 3866 3897 4138 4264 4768 4928
558	15	277	29	282 294 491 673 992 1639 1742 1820 1878 2266 2529 2768 3038 3272 3604 3859 3959 4604 4718 4843
269	31	286	29	598 773 1070 1076 1138 1347 2034 2613 2624 3024 3431 3530 3540 3991 4142 4271 4393 4428 4853
473	39	143	29	292 297 405 1057 1066 1394 1433 1501 1755 1813 1893 2643 2985 3041 3211 3768 4485 4510 4648 4984
119	23	56	29	183 1344 1507 1716 2098 2253 2355 2634 2746 3081 3113 3198 3309 3474 3570 3678 3737 4178
336	26	294	29	16 499 591 1333 1801 2676 3058 3219 3298 3386 3682 3701 3769 3871 3954 4188 4461 4553 4714
