Course	Room	Teacher	Time	Students
575	5	223	2	106 127 214 267 489 581 790 837 889 895 910 982 1177 1312 1393 1441 1659 1752 1776 1947 2126 2157 2268 2330 2391 2564 2644 2778 3171 3181 3201 3245 3323 3439 3482 3491 3670 3746 3912 4141 4239 4354 4602 4624 4705 4717
76	36	171	2	272 278 295 298 341 463 552 557 585 659 680 812 1032 1085 1310 1335 1345 1492 1603 1634 1735 1927 1997 2338 2355 2443 2535 2831 3048 3124 3237 3265 3289 3419 3536 3667 3729 3861 3921 4395 4437 4666 4761 4982
274	40	104	2	135 193 211 311 447 448 518 539 639 667 754 774 852 868 1068 1481 1519 1571 1611 1642 1732 1951 2256 2549 2571 2655 2669 3019 3051 3285 3631 3638 3705 3714 4026 4459 4577 4595 4621 4668 4948 4985 5000
220	18	47	2	84 200 387 492 587 703 914 1136 1369 1458 1534 1569 1637 1657 1696 2018 2143 2149 2281 2346 2440 2583 2707 3154 3166 3202 3213 3290 3318 3657 3811 3877 4005 4133 4191 4223 4368 4432 4455 4566 4614 4709 4762 4773 4838 4940 4965
345	28	164	2	181 291 477 545 698 741 963 1166 1342 1387 1550 1791 1984 2234 2235 2539 2826 2862 2903 3010 3071 3216 3355 3372 3440 3471 3477 3494 3555 3633 3719 3858 3891 4034 4045 4140 4337 4390 4419 4797 4804 4805 4886 4908 4921
472	8	55	2	80 253 297 362 381 384 640 915 1122 1184 1214 1277 1301 1303 1528 1815 1919 2024 2114 2168 2392 2436 2481 2811 2816 2855 2890 3017 3022 3164 3199 3308 3329 3663 3950 4250 4327 4333 4784 4816 4825 4837 4861 4866
532	19	281	2	65 153 208 228 689 716 805 1039 1043 1079 1129 1178 1216 1231 1240 1604 1707 1757 2043 2079 2179 2244 2373 2377 2572 2639 2696 2727 2841 2906 3100 3347 3352 3409 3618 3682 3922 4061 4372 4647 4699 4869 4871 4879
599	31	262	2	14 100 114 233 276 329 433 459 607 674 1276 1363 1468 1515 1623 1889 2076 2140 2319 2635 2738 2872 3052 3103 3121 3129 3535 3653 3760 3996 4220 4324 4339 4564 4695 4781 4934
412	38	23	2	42 89 93 324 481 550 568 570 646 720 798 966 1021 1049 1121 1151 1280 1349 1671 1825 1949 1982 2030 2273 2344 2506 2626 2664 2754 2870 2896 3002 3532 3809 3896 3934 4171 4181 4257 4404 4689 4774 4926
315	2	98	2	31 162 411 620 655 673 684 714 807 908 1031 1052 1229 1372 1431 1658 1705 1726 2452 2467 2547 2640 2671 2853 2866 3262 3341 3399 3436 3547 3783 3913 3933 4068 4080 4109 4176 4410 4464 4487 4909
396	37	252	2	97 104 284 300 361 467 543 730 731 832 1028 1029 1131 1162 1314 1341 1606 1619 1631 1756 1830 1834 1953 2232 2285 2323 2554 2605 2661 2752 2957 3001 3013 3036 3175 3881 3938 4144 4345 4531 4726 4867 4957
423	20	235	2	243 444 462 622 899 974 1067 1174 1336 1584 1709 1740 1760 1795 2123 2199 2220 2233 2333 2381 3117 3169 3176 3358 3364 3411 3453 3598 3630 3637 3741 3972 3980 4054 4213 4217 4231 4321 4378 4466 4532 4941
1	12	283	2	18 55 76 260 396 719 760 898 973 1146 1257 1338 1457 1471 1920 1948 2010 2252 2276 2327 2328 2351 2606 2680 2833 2851 2923 3283 3506 3527 3798 3839 3998 4162 4413 4637 4946 4999
87	34	81	2	47 73 592 629 712 1103 1713 1769 2072 2104 2150 2289 2309 2393 2464 2570 2706 2739 2842 2946 2978 3025 3029 3174 3307 3324 3376 3549 3572 3756 3795 3983 4297 4373 4374 4628 4787 4891
230	15	254	2	38 82 156 158 505 631 702 779 977 1064 1179 1568 1576 1700 1996 2204 2376 2397 2463 2544 2665 2894 3086 3097 3187 3284 3545 3579 3764 4303 4444 4473 4496 4499 4622 4720 4738 4937 4990
251	3	177	2	172 259 309 349 450 764 1054 1197 1295 1317 1394 1405 1662 1676 1711 1720 1763 2191 2251 2469 2593 3092 3099 3241 3313 3520 3693 3805 3837 3862 3900 3928 3976 4039 4098 4489 4667 4998
435	29	289	2	286 315 350 420 425 590 660 713 848 1019 1130 1268 1390 1620 1725 1742 1766 2006 2239 2412 2471 2476 2927 2989 3053 3190 3407 3463 3681 3792 3974 3995 4008 4011 4094 4156 4806 4859 4945 4953
537	13	97	2	12 648 794 913 924 962 965 980 1036 1096 1245 1381 1422 1552 1892 2040 2122 2177 2400 2456 2482 2600 2608 2654 2914 3212 3214 3435 3443 3591 3733 3738 4316 4451 4587 4686 4721 4737 4927 4956
568	11	126	2	71 152 496 502 677 732 855 1191 1222 1299 1870 1896 1914 2127 2253 2444 2548 2740 2773 2852 2912 2932 3205 3338 3370 3706 3722 3801 3828 4166 4187 4262 4305 4370 4438 4442 4545 4724 4783 4916 4947 4991
587	4	180	2	35 319 487 510 930 997 1097 1199 1252 1411 1526 1535 1574 1703 1778 1940 2036 2212 2282 2321 2378 2491 2590 2672 2718 2732 2791 3063 3144 3385 3492 3613 4355 4479 4611
20	35	25	2	235 363 414 649 883 937 972 976 1291 1399 1448 1580 1621 1691 1843 1893 1966 2085 2138 2189 2216 2260 3111 3165 3339 3487 3616 3832 3878 3882 3973 3989 4020 4238 4282 4414 4584 4741 4790
44	10	237	2	54 64 132 546 715 1293 1316 1355 1406 1459 1465 1503 1553 1647 1668 1712 1960 1987 2339 2437 2473 2602 2699 2704 2759 2762 2924 2965 3259 3397 3464 3621 3824 3870 3975 4064 4293 4598 4652 4672 4683 4703 4904
105	39	142	2	24 174 331 856 858 1078 1218 1259 1265 1333 1366 1493 1577 1780 1865 1887 1924 2118 2269 2653 2821 3309 3367 3615 3641 3699 3825 3906 4044 4087 4105 4148 4278 4421 4612 4654 4714 4885
208	14	129	2	129 316 325 471 472 617 814 1045 1106 1109 1237 1313 1455 1473 1578 1704 1829 1844 1954 2164 2387 2501 2555 2861 2902 3088 3101 3102 3671 3701 3829 3936 3992 4012 4268 4276 4304 4342 4599 4606 4812 4918
293	27	212	2	191 246 429 628 755 803 984 1175 1445 1744 1798 2050 2142 2382 2692 2721 2825 2907 2982 3229 3236 3243 3368 3446 3480 3539 3748 3830 3979 4017 4023 4298 4360 4557 4673 4674 4707 4840
322	23	140	2	16 113 168 180 209 376 378 641 709 740 751 1046 1159 1188 1270 1415 1472 1486 1818 2019 2041 2365 2395 2401 2538 2930 3050 3110 3125 3211 3377 3415 3587 3642 4049 4066 4300 4447 4481 4657
379	17	130	2	102 128 182 226 335 778 1081 1172 1351 1480 1496 1504 1669 1697 1808 1895 1973 2003 2014 2117 2264 2283 2420 2673 2728 2875 3322 3349 3365 3640 3796 3849 3855 3879 4107 4170 4613 4922 4983
449	33	22	2	147 159 239 282 634 896 956 1470 1607 1764 1918 1938 2004 2197 2316 2317 2428 2461 2492 2652 2770 2793 2983 3159 3340 3513 3623 3887 3969 4114 4128 4325 4551 4633 4688 4716 4818 4876 4883 4884 4933
463	16	242	2	27 137 166 367 407 529 540 695 921 1400 1610 1664 1765 1772 1981 2007 2240 2298 2340 2357 2449 2479 2517 2676 2863 2960 3112 3219 3288 3356 3470 3514 3517 3626 3732 4092 4258 4538 4558 4770 4779
479	1	166	2	107 270 548 578 642 1091 1092 1127 1339 1674 1677 1923 1988 2065 2144 2203 2352 2438 3281 3295 3466 3523 3765 3823 3927 3943 3954 4132 4199 4234 4407 4458 4623 4625 4661 4824
517	5	166	4	17 236 364 541 797 818 844 895 955 1658 1938 1958 2124 2150 2273 2373 2619 2642 2730 2745 2807 2974 3011 3024 3043 3129 3316 3715 3738 3905 3925 3942 3992 4042 4100 4180 4193 4216 4330 4826 4855
589	30	114	2	29 125 320 390 1024 1069 1158 1169 1194 1207 1215 1235 1361 1424 1444 1723 1845 2056 2178 2198 2360 2589 2601 2737 2760 2836 3156 3197 3203 3375 3762 3827 3836 4490 4540 4550 4844 4853
35	22	101	2	46 53 148 627 638 678 679 721 822 1003 1086 1426 1443 1934 1958 2113 2162 2313 2630 2783 2786 2926 3771 3984 4070 4130 4193 4377 4469 4691 4801 4984
123	7	292	2	17 30 177 516 555 903 928 1030 1082 1324 1348 1433 1513 1768 1774 1846 1851 1968 2180 2215 2262 2362 2419 2575 2612 2949 2959 3206 3261 3398 3720 3819 3883 4330 4384 4391 4426 4448 4568
219	32	125	2	241 374 486 793 967 978 996 1038 1135 1152 1274 1467 1573 1714 2152 2166 2334 2385 2625 3007 3037 3163 3267 3390 3518 3711 3978 4246 4252 4452 4527 4573 4713 4786 4827 4882
286	6	176	2	88 134 189 201 317 345 697 704 887 951 1213 1262 1323 1327 1439 1799 2073 2075 2159 2279 2525 2645 2775 2869 3168 3234 3246 3388 3505 3677 3679 3709 3730 3806 4028 4284 4323 4522 4536
291	21	102	2	26 49 210 342 372 521 535 560 676 961 1017 1375 1453 1596 1753 1852 1909 1992 2000 2029 2193 2296 2446 2731 2976 3223 3700 4072 4084 4204 4423 4917
299	26	210	2	105 149 413 464 506 666 699 849 946 1047 1230 1254 1261 1362 1403 1632 1837 2153 2472 2497 2504 2592 2683 2885 3032 3298 3305 3451 3493 3510 3763 3917 4031 4364 4409 4420 4792
381	25	274	2	51 355 421 650 838 1074 1347 1690 1739 1890 1957 2187 2475 2524 2818 2882 3015 3042 3087 3408 3430 3543 3643 3769 3786 3818 3986 4019 4040 4071 4082 4500 4821 4851
425	24	161	2	86 187 220 230 393 531 567 823 836 1016 1084 1115 1219 1462 1494 1497 1803 1886 1905 1962 2229 2410 2546 2886 3033 3045 3208 3302 3624 3647 3872 4361 4405 4559 4650 4765
446	36	237	4	50 174 184 439 519 578 648 669 687 706 861 912 1096 1135 1243 1367 1498 1570 2191 2212 2415 2418 2421 2515 2689 2919 3177 3252 3442 3627 3651 4112 4135 4266 4355 4566 4577 4605 4719 4983 4989
90	9	218	2	2 43 61 94 258 264 632 850 894 911 999 1055 1147 1208 1464 1831 2134
96	40	109	4	43 46 78 548 638 671 735 969 1013 1177 1261 1452 1480 1494 1603 2180 2365 2419 2582 2659 2660 2667 2903 2966 3378 3391 3402 3450 3641 3704 3730 3865 4001 4067 4351 4508 4803 4843
117	18	159	4	208 256 284 356 366 456 681 711 915 986 1076 1231 1486 1519 1526 1758 1879 2158 2268 2531 2839 3137 3138 3405 3424 3472 3501 3568 3712 3742 3884 3970 4527 4666 4838
124	28	251	4	427 452 719 746 981 1029 1036 1087 1199 1412 1559 1591 1639 1738 2156 2188 2267 2343 2412 2471 2591 2714 2948 3107 3278 3460 3490 3557 3655 3680 3752 3808 4292 4471 4542 4684 4716
187	8	121	4	338 395 509 568 713 839 896 932 1118 1154 1264 1731 1755 1791 2007 2105 2366 2845 3048 3148 3152 3486 3531 3584 3758 3937 4012 4146 4148 4363 4473 4529 4567 4600 4649 4688 4924
194	19	245	4	75 80 252 341 834 1271 1469 1473 1701 2049 2160 2213 2219 2323 2388 2507 2822 3070 3265 3279 3331 3414 3421 3464 3481 3493 3628 3948 4066 4235 4313 4438 4475 4696 4794 4808 4820
270	31	174	4	51 83 109 359 470 624 874 900 1000 1094 1186 1341 1374 1651 1787 1861 1898 1994 2196 2199 2453 2962 3038 3220 3305 3329 3350 3363 3672 4090 4544 4545 4735 4748 4857 4859
384	38	99	4	201 513 557 563 777 789 956 980 988 1339 1368 1460 1518 1545 1728 1830 2081 2123 2650 2763 3209 3226 3732 3809 4028 4203 4304 4405 4659 4836 4842 4873
393	2	34	4	58 108 213 216 415 973 1228 1581 1732 1786 1838 1889 1944 1968 1976 2068 2133 2292 2370 2401 2629 2956 3082 3229 3379 3860 4218 4236 4476 4556 4759 4774 4973
450	37	40	4	142 776 880 1061 1378 1446 1631 1821 2136 2341 2345 2464 2511 2543 2656 2773 3124 3223 3250 3263 3386 3488 3561 3718 3787 3814 3843 3878 4065 4206 4249 4285 4409 4700 4769 4957
459	20	103	4	242 248 512 586 773 820 853 983 1153 1308 1383 1544 1561 1635 1677 1710 1927 2409 2657 2722 3149 3183 3204 3398 3399 3654 3954 4191 4326 4422 4459 4548 4680 4856 4996
507	12	63	4	40 101 265 283 887 1290 1353 1359 1417 1918 2013 2308 2573 2707 2719 2747 2757 2818 2877 3128 3143 3360 3423 3428 3440 3646 3869 3972 4366 4425 4457 4621 4654 4731 4917 4995
513	5	34	6	64 142 329 516 592 852 1025 1181 1189 1193 1240 1482 1634 1824 1942 2201 2310 2530 2654 2706 2833 2988 3012 3138 3192 3263 3477 3994 4011 4032 4122 4175 4191 4269 4328 4555 4860 4875 4968
541	34	36	4	24 26 135 565 1148 1285 1357 1431 1784 1965 2094 2119 2352 2372 2433 2447 2474 2551 2852 2872 2875 2898 3071 3072 3355 3362 3494 3578 3633 3708 3841 3894 3938 3979 4041 4570 4874
556	15	62	4	249 357 1138 1215 1241 1315 1345 1350 1456 1560 1580 1628 1693 2028 2082 2170 2351 2504 2516 2541 2983 3100 3115 3182 3320 3446 3533 3805 3853 4014 4092 4314 4551 4668 4833 4987
597	3	60	4	143 146 307 308 375 694 700 708 952 1044 1098 1232 1253 1434 1495 1598 1637 1638 1652 1789 1922 2208 2417 2440 2526 2869 2954 2978 3153 3392 3489 3749 3923 4068 4087 4232 4538 4610 4618 4840
45	29	212	4	262 360 489 531 991 1113 1182 1198 1212 1224 1306 1506 1610 1937 1967 1995 2006 2045 2063 2093 2185 2900 3031 3347 3387 3458 3473 3519 3572 3812 3891 4055 4110 4637
52	13	221	4	144 179 347 394 480 560 870 930 1064 1126 1248 1475 1533 1548 1853 1884 1928 2304 2958 3196 3438 3522 3542 3697 3926 4035 4037 4278 4362 4410 4565 4586 4708
226	11	218	4	7 289 530 596 774 779 869 926 939 1070 1309 1504 1617 1708 1775 1851 1992 2042 2569 2851 2950 2968 2973 3343 3439 3459 3585 3763 4010 4016 4158 4198 4212 4380 4519 4543 4848
240	4	201	4	10 187 431 1093 1287 1301 1435 1443 1444 1488 1614 1620 1733 1736 2171 2181 2290 2383 2688 2702 2798 3106 3588 3606 3619 3666 3701 3750 3945 4043 4482 4560 4651 4723 4914
336	35	75	4	99 121 198 287 384 425 495 699 1424 1515 1706 1793 1925 1936 1972 2198 2320 2416 2597 2649 2672 2795 2916 2952 3126 3296 3476 3551 3636 3772 4056 4076 4172 4286 4342 4712 4814 4870
372	10	189	4	32 87 118 134 273 303 528 581 726 892 947 953 1014 1584 1998 2424 2460 2552 2641 3036 3193 3461 3840 3958 4036 4088 4177 4399 4417 4546 4608 4632 4851 4899 4932
373	39	53	4	19 231 553 761 944 974 1151 1328 1556 1745 1824 1929 2088 2360 2505 2513 2525 2564 2803 2892 2972 3176 3287 3612 3789 3844 3984 3985 4020 4021 4073 4440 4615 4697 4711 4885 4988
420	14	248	4	290 483 543 554 607 665 825 949 1442 1502 1553 1554 1904 2211 2311 2443 2566 2987 3073 3206 3236 3321 3448 3479 3506 3706 4085 4215 4332 4344 4388 4575 4656 4753 4754 4792
440	27	39	4	220 440 701 1396 1543 1567 1881 1885 1910 2116 2402 2491 2563 2607 2724 2764 2863 3049 3161 3433 3449 3511 3604 3695 3702 3799 3910 4131 4166 4423 4448 4511 4705 4717 4756 4811 4979
474	23	291	4	15 695 830 872 1073 1211 1251 1314 1402 1528 1546 1749 1878 1921 2029 2069 2137 2155 2439 2519 2520 2739 2891 3109 3198 3366 3382 3544 3574 3605 3608 3635 4062 4145 4439 4639 4686
600	17	145	4	133 209 210 342 503 589 884 998 1059 1468 1485 1820 1939 2095 2102 2152 2331 2493 2556 2663 2701 2785 2989 3047 3093 3337 3756 3762 3816 3873 3944 4050 4051 4210 4343 4677 4892
26	33	202	4	130 469 522 647 866 1054 1167 1194 1348 1516 1674 1773 2118 2248 2258 2326 2350 2498 2565 2585 2744 2927 3120 3234 3301 3389 3407 3426 3889 3995 4089 4130 4401 4403 4581 4630 4771
42	16	89	4	107 228 333 466 675 806 837 1106 1149 1453 1694 1849 2298 2390 2458 2527 2558 2723 2908 3147 3340 3377 3668 3778 3790 3833 3888 3897 4006 4275 4386 4504 4626 4692 4763 4893
48	1	170	4	162 298 547 643 1032 1354 1690 1871 1899 2091 2380 2423 2693 2855 2899 3095 3235 3335 3509 3726 3960 4159 4239 4679 4713 4919 4927 4930 4934 4947 4956
56	30	290	4	89 211 468 756 1062 1157 1213 1278 1426 1609 1975 2143 2210 2431 2450 2532 2826 2879 2906 2955 2961 3150 3157 3455 3616 3837 4040 4183 4594 4918
60	22	227	4	22 98 266 274 738 757 817 867 891 1057 1698 1843 1847 1997 2192 2291 2301 2363 2771 2881 3227 3319 3372 3595 3875 3933 4104 4260 4701 4831 4865 4946
112	7	234	4	53 195 459 502 571 745 802 995 1048 1322 1529 1670 1766 2016 2129 2151 2217 2244 2397 2408 2536 2710 2713 2861 3029 3087 3134 3452 3504 3662 3664 4007 4178 4372 4832
132	32	7	4	30 176 205 641 878 1050 1236 1577 1893 1993 2215 2437 2521 2632 3025 3085 3346 3397 3418 3495 3703 3770 3791 3820 3829 3952 3977 4220 4222 4370 4373 4458 4738 4747 4823 4949
193	6	298	4	232 293 386 449 529 693 728 831 1119 1272 1673 1792 1876 2008 2071 2167 2221 2233 2695 2936 2976 2991 3001 3218 3274 3427 3626 4061 4144 4211 4336 4348 4643 4730 4761 4788 4791
197	21	70	4	23 178 457 475 520 685 717 910 1063 1238 1564 1649 1726 1743 1953 2410 2784 2821 2931 3142 3231 3341 3727 3751 3804 4163 4339 4360 4414 4506 4607 4660 4670 4681
202	26	267	4	150 152 598 803 822 904 1020 1397 1492 1509 1596 1807 1859 1880 1913 2307 2518 2561 2690 3212 3468 3743 3794 3902 3930 4069 4160 4237 4321 4461 4721 4724 4863
205	25	9	4	161 255 472 494 533 730 805 1130 1145 1289 1318 1450 1478 1531 1592 1806 1964 1973 2229 2339 2547 2887 3040 3081 3582 3648 3731 3957 4083 4127 4164 4341 4530 4584 4593 4644 4693
231	24	48	4	55 351 538 885 906 929 1125 1183 1221 1283 1420 1750 1782 1864 1873 2026 2148 2230 2369 2438 2482 2510 2933 2980 2982 3101 3576 3593 3795 3919 4226 4228 4387 4487 4524 4990
241	9	250	4	402 769 905 994 1163 1175 1185 1411 1594 1722 1812 1817 2035 2074 2400 2553 2788
276	36	38	6	420 629 860 871 900 922 1187 1345 1388 1725 1779 1873 2006 2073 2691 2754 2992 3068 3122 3199 3232 3526 3551 3570 3661 3791 3820 3838 3871 3944 4332 4442 4463 4611 4677 4799 4924
292	40	189	6	93 116 221 262 403 743 864 897 1381 1593 1696 2053 2085 2127 2230 2288 2298 2460 2607 2635 2832 2838 2859 3303 3374 3607 3744 3775 3803 4112 4443 4533 4583 4728 4895
390	18	110	6	48 85 123 191 227 556 604 686 729 826 927 967 969 1051 1144 1235 1382 1726 1794 1833 2024 2608 2914 3006 3176 3230 3435 3583 3955 3971 4174 4478 4692 4731 4792 4905
394	28	200	6	230 298 754 758 760 833 1007 1506 1567 1773 2068 2076 2191 2261 2354 2535 2671 2839 2874 2963 3062 3072 3358 3384 3469 3611 3828 3984 4124 4351 4450 4592 4675 4689 4819
453	8	6	6	362 434 572 1012 1089 1141 1257 1527 1822 1997 2054 2252 2260 2302 2389 2453 2484 2514 2823 2913 2920 3037 3239 3537 3574 3815 4013 4063 4127 4508
511	19	196	6	91 381 504 615 677 1047 1085 1252 1284 1287 1302 1303 1373 1485 1781 1813 1819 1872 1965 2406 2449 2466 3011 3056 3175 3268 3327 3625 4121 4131 4170 4208 4311 4349 4844 4935
549	31	154	6	165 326 379 392 554 635 691 912 1247 1410 1592 1714 1811 1974 1989 2179 2350 2461 2525 2772 2831 2844 2853 2955 3220 3258 3468 3592 3708 3779 3967 4025 4138 4308 4429 4445 4456 4702
558	38	148	6	131 464 478 544 612 679 899 978 1071 1110 1222 1266 1310 1393 1454 1540 2047 2303 2314 2342 2462 2510 2745 2790 2915 3170 3356 3979 4075 4118 4123 4468 4646 4651 4862 4970
565	2	224	6	41 79 303 346 595 610 879 911 1326 1455 1512 1516 1867 1976 2503 2588 2596 2643 2836 2849 3045 3123 3195 3204 3478 3488 3545 3600 3690 3720 3945 3973 4016 4274 4499 4801 4986
584	37	136	6	618 680 748 1092 1316 1334 1401 1430 1750 1920 1979 2052 2090 2420 2543 2557 2583 3050 3097 3210 3270 3523 3525 3538 3648 3652 4002 4042 4052 4155 4199 4495 4709 4808 4977
13	20	24	6	31 98 257 320 448 577 583 694 933 961 966 979 1839 1912 2032 2295 2301 2457 2791 2930 2950 3001 3276 3305 3422 3676 3694 3702 3766 3780 3847 3874 4177 4787 4892 4992
74	12	50	6	106 122 283 376 500 617 633 866 1035 1174 1469 1502 1670 1759 1941 2122 2152 2508 2742 2907 2945 3281 3315 3343 3534 3714 3728 3896 4018 4283 4361 4379 4532 4553 4917
101	34	163	6	32 148 234 647 659 710 777 780 791 835 994 1104 1188 1333 1367 1479 1536 1966 2025 2118 2506 2592 2630 2926 3004 3227 3238 3601 3858 4023 4204 4271 4370 4427 4477
122	15	260	6	140 215 220 228 383 440 446 630 761 1274 1557 1702 1767 1797 1858 1990 2060 2297 2355 2674 2967 3499 3610 3786 3928 3990 4003 4114 4232 4256 4786
125	3	153	6	209 344 449 569 613 661 870 1265 1422 1953 2033 2225 2262 2335 2337 2422 2640 2762 2934 3109 3539 3575 3641 3656 4029 4082 4111 4482 4629 4674 4760 4847
127	29	132	6	365 534 623 703 992 1076 1145 1152 1327 1328 1442 1463 1508 1553 1782 1788 2153 2464 2627 2664 2676 3075 3159 3427 3554 3588 3627 3794 3934 3964 4015 4168 4218 4360 4455 4467 4633 4818
131	13	90	6	90 428 614 827 846 1056 1206 1230 1560 1587 1682 1711 1870 1901 1909 1949 1982 2004 2009 2305 2467 2725 2768 2777 2780 2905 3081 3334 3563 3867 4169 4262 4428 4751 4791
161	11	119	6	203 264 419 588 714 877 943 946 1153 1176 1312 1448 1483 1535 1615 1747 1932 1961 2019 2174 2216 2493 2498 2942 2951 3165 3291 3292 3408 3453 3852 4074 4247 4490 4635
192	4	64	6	364 425 476 656 736 1109 1249 2026 2079 2121 2175 2282 2343 2575 2798 2817 2949 3246 3430 3431 3459 3630 3636 3654 3668 4043 4084 4366 4658 4854 4955
210	35	194	6	68 129 678 741 762 786 928 950 1679 1931 1957 2125 2177 2572 2763 2989 3069 3089 3316 3438 3461 3466 3956 3983 4010 4037 4047 4051 4129 4194 4203 4706 4744 4813 4920 4963
256	10	157	6	292 316 455 645 717 723 873 953 1165 1666 1823 1906 2044 2206 2222 2257 2294 2373 2440 2711 2766 2802 2952 2999 3233 3282 3354 3634 3686 3731 3931 4324 4436 4951 4982
310	39	109	6	66 124 161 219 438 573 887 1102 1120 1191 1578 1585 1723 1792 1862 1880 2001 2497 2776 2870 2898 3005 3077 3156 3257 3559 3920 4158 4278 4497 4741 4782 4820 4852
325	14	207	6	38 119 253 525 698 906 945 1043 1148 1269 1323 1384 1459 1795 1835 1947 2042 2128 2205 2224 2666 2785 2865 3178 3439 3479 3622 3804 3939 3989 4529
351	27	49	6	114 259 313 566 609 1146 1184 1275 1288 1398 1433 1789 1896 1897 2078 2228 2296 2347 2356 2732 2911 3179 3191 3304 3514 3582 3594 3848 3970 4301 4350 4415 4489 4563 4619 4839 4922
375	23	236	6	246 485 790 1009 1123 1155 1292 1385 1517 1656 1771 1851 2104 2218 2272 2414 2470 2537 2727 2748 2871 3083 3107 3207 3345 3689 3788 4031 4098 4145 4184 4513 4526 4834 4946
378	17	44	6	306 772 806 839 936 985 1173 1376 1737 1868 1878 1984 2072 2092 2163 2254 2256 2582 2944 3000 3324 3340 3581 3650 3693 3725 3987 4068 4325 4354 4422 4690 4768 4881
398	33	191	6	260 808 1429 1498 1595 1642 1663 1926 2109 2145 2158 2160 2306 2709 2751 2781 2782 2895 2991 3139 3150 3321 3445 3687 3746 3890 3972 4143 4181 4202 4261 4483 4520
406	16	268	6	7 276 466 564 881 916 972 1116 1147 1762 1814 1928 1962 2421 2490 2574 2829 3008 3228 3368 3382 3394 3500 3769 3813 3860 3904 4065 4135 4319 4480 4641 4758 4770 4835 4853 4864 4944
411	1	241	6	52 94 136 145 147 468 705 771 868 971 991 993 1126 1139 1158 1251 1417 1440 2380 2443 2495 2637 2716 2750 2917 3244 3783 3819 3857 3879 3900 4064 4296 4307 4369 4764 4942
448	30	250	6	21 172 190 305 352 414 785 834 1000 1256 1290 1295 1318 1709 2061 2066 2182 2321 2539 2601 3465 3576 3589 3762 3812 3841 3856 3968 4099 4272 4389 4414 4525 4595 4753 4964
451	22	63	6	196 575 740 850 1029 1241 1441 1554 1653 1680 1722 1778 2013 2046 2199 2558 2645 2740 2881 2977 3223 3265 3487 3642 4020 4090 4137 4187 4444 4491 4580 4638 4803
454	7	294	6	28 47 125 433 484 508 533 580 917 1261 1351 1549 1798 1986 2028 2132 2135 2144 2237 2459 2587 2672 2803 3135 3273 3335 3530 3705 3862 3892 3996 4120 4383 4676 4755
455	5	260	8	84 85 92 154 163 205 262 349 384 408 557 675 806 833 847 976 1269 1311 1322 1707 2119 2312 2812 3124 3295 3444 3982 4168 4171 4264 4329 4604 4702 4728 4808 4880 4938
468	32	223	6	180 330 333 389 462 731 1093 1163 1470 1719 1827 2083 2220 2479 2761 2796 2808 2948 3015 3017 3349 3553 3596 3612 3709 3843 4100 4343 4364 4752 4848 4980 4993
500	6	167	6	30 391 551 674 722 1105 1128 1329 1380 1403 1420 1510 1572 1574 1681 1844 1853 1854 1886 1971 2512 2801 3018 3130 3713 3839 3889 4470 4486 4562 4586 4705 4796 4976
503	21	262	6	29 81 429 559 640 687 733 750 1211 1246 1603 1644 1671 1694 1712 2231 2255 2559 2639 2693 2847 2968 2971 3155 3269 3363 3508 3540 3721 3827 3909 3993 4160 4413 4460 4630
540	26	105	6	217 444 495 557 746 810 847 935 977 1236 1245 1622 1772 1889 2017 2051 2074 2124 2283 2425 2648 2659 2677 2690 2736 3302 3454 3482 3735 3898 3937 3988 4089 4240 4453 4640 4849
554	25	299	6	4 23 40 53 107 183 368 388 432 447 631 815 1088 1201 1228 1280 1662 1758 1915 2165 2430 2577 2655 2722 2747 2753 2899 2997 3173 3267 3310 3312 4048 4113 4217 4399 4936
576	24	57	6	60 146 597 821 888 1513 1532 1785 1810 1869 1955 2031 2102 2235 2621 2632 2647 2866 2996 3100 3247 3449 3824 3883 4005 4072 4151 4288 4631 4715 4780 4873 4890
2	9	91	6	92 194 284 304 323 370 755 1041 1100 1300 1315 1551 1635 1665 1924 1950 1956
4	36	102	8	599 859 1111 1283 1586 1617 1683 1789 1832 2064 2106 2343 2463 2834 2987 3024 3168 3172 3308 3512 3599 3717 3734 3740 3773 3803 3841 4180 4322 4381 4571 4746
119	40	56	8	139 440 515 555 691 1110 1213 1364 1495 1626 1939 1962 2055 2486 2598 2679 2706 2777 2873 2909 2994 3040 3563 3752 3893 3929 4026 4072 4196 4323 4460 4591 4775
150	18	187	8	95 858 957 1152 1435 1493 1517 1775 1780 2067 2374 2444 2604 2629 2831 2867 2892 2931 3018 3048 3247 3305 3341 3600 3611 3891 4208 4380 4422 4426 4850 4986
160	28	285	8	21 313 400 476 595 601 879 912 1156 1165 1507 1523 1543 1998 2180 2277 2522 2526 2655 2688 2845 2927 2993 3167 3211 3254 3402 3462 3739 3882 3903 4104 4138 4237 4502 4667 4865
215	8	22	8	148 171 359 430 507 775 940 1195 1227 1307 1546 1762 1883 2012 2217 2944 2960 3143 3249 3294 3401 3547 3692 3756 3828 4137 4163 4174 4420 4629 4740 4754 4844 4889
222	19	295	8	397 634 1095 1172 1315 1333 1814 2129 2189 2209 2355 2382 2386 2403 2470 2533 2536 2800 3240 3368 3420 3500 3863 3886 4211 4282 4402 4436 4598 4617 4687 4703 4868 4963
248	31	116	8	112 411 423 588 741 873 1529 1530 1594 1604 1671 1797 1909 2016 2201 2248 2396 2472 2563 2615 2651 2658 2723 2770 2941 3006 3031 3629 3639 3683 3959 4141 4279 4355 4952
282	38	9	8	460 597 613 875 959 1103 1204 1321 1525 1621 2070 2224 2433 2784 3008 3041 3070 3181 3205 3293 3455 3529 3649 3704 3724 3804 3879 3914 4009 4022 4233 4259 4411 4910
288	2	168	8	11 77 170 300 341 442 522 552 788 1167 1169 1305 1754 2058 2063 2291 2345 2383 2418 2985 3083 3192 3216 3224 3492 3560 3926 3932 3960 4506 4639
297	37	4	8	5 189 193 964 1312 1694 1802 1864 1872 1976 2028 2172 2202 2238 2446 2538 2753 2757 2828 3110 3171 3324 3349 3892 4040 4105 4222 4465 4590 4596 4749 4894
305	20	85	8	78 235 252 312 407 482 777 1062 1202 1329 1482 1524 1538 1709 1723 1997 2010 2079 2228 2259 2427 2457 2552 2938 2946 2974 3046 3157 3395 3509 3822 3987 4000 4046 4136 4240
363	12	288	8	275 299 328 579 829 1592 1695 1717 1790 1908 2176 2195 2203 2376 2413 2451 2461 2715 2763 2877 2905 3127 3283 3564 3900 4027 4086 4412 4929 4960
365	34	205	8	166 730 820 946 1087 1153 1238 1440 1478 1563 1614 1856 1900 2042 2318 2358 2540 2602 2614 2733 2786 3213 3356 3416 3544 3598 3923 4063 4071 4477 4582 4627 4637 4706 4922
392	15	179	8	194 286 318 645 681 796 1178 1411 1550 1761 1796 1931 2240 2290 2551 2588 2619 2699 2708 2768 2864 2958 3133 3155 3163 3531 3662 3705 3994 4415 4458 4495 4515 4648 4717 4742
475	3	257	8	58 101 246 683 725 1138 1249 1386 1390 1488 1751 1848 1969 2246 2361 2476 3243 3290 3429 3592 3986 4068 4101 4159 4167 4225 4313 4324 4417 4464 4484 4631 4681 4733 4918 4978
480	29	123	8	25 117 418 569 727 856 944 1068 1089 1381 1547 1596 1654 1720 2406 2485 2548 2584 2618 2687 2965 3187 3448 3634 3665 3678 3796 3821 3834 4398 4441 4725 4851 4923
481	13	272	8	115 169 218 231 769 807 907 1234 1421 1503 1514 1562 1565 1571 1956 2001 2098 2329 2339 2348 2425 2515 2668 3309 3565 3721 4115 4186 4334 4684 4726 4752 4876 4900
484	11	213	8	236 334 344 355 405 526 751 772 930 956 1039 1081 1116 1281 1599 1615 1849 1924 2080 2482 2685 2954 2973 3550 4139 4166 4185 4513 4550 4621 4655
502	4	86	8	56 86 227 293 388 773 854 1041 1569 1591 1627 1691 1773 1822 1868 1876 1932 2442 2560 2634 2810 2811 3098 3132 3137 3538 3872 4018 4235 4301 4397 4580 4739 4806
505	35	270	8	338 348 380 862 921 1112 1325 1365 1450 1500 1505 1648 1681 2000 2384 2432 2462 2539 2561 2876 2893 2922 3063 3237 3317 3327 3342 4057 4062 4317 4976 4989
3	10	73	8	1 28 310 377 471 491 564 1228 1593 1595 1678 1760 1782 1978 2014 2207 2223 2271 2616 2741 2815 2979 3426 3573 3787 4054 4113 4142 4352 4446 4568 4651 4654 4825
6	39	95	8	3 20 37 108 260 437 451 479 485 509 539 574 688 718 827 977 1226 1474 2047 2130 2391 2484 2579 2700 2888 3156 3337 3460 3483 3846 4078 4364 4449 4525 4561 4984
10	14	146	8	165 643 851 913 968 1005 1166 1298 1561 1689 1741 1791 2389 2725 2883 2935 3077 3116 3165 3406 3505 3603 3642 3646 3761 3779 3896 4052 4312 4319 4404 4860 4904
25	27	283	8	40 301 472 531 537 577 707 720 742 813 999 1144 1233 1255 1477 1664 1752 1870 1899 1919 2033 2159 2232 2721 3051 3152 3238 3373 3527 3868 3966 4017 4245 4535 4555 4772
36	5	95	10	92 336 487 584 852 954 1049 1055 1432 1490 1530 1995 2187 2330 2335 2427 2707 2713 2749 2788 3193 3205 3550 3728 3893 3962 4209 4255 4690 4730
38	23	169	8	490 1066 1090 1098 1124 1533 1577 1624 1801 2030 2034 2083 2141 2213 2241 2249 2817 3045 3311 3474 3713 3715 3749 3869 4077 4118 4135 4299 4448 4626 4665 4732
50	17	161	8	469 744 1109 1137 1141 1289 1369 1590 1602 1778 1930 1935 1937 2364 2366 2369 2453 3252 3257 3326 3458 3490 3670 3729 3742 3794 4116 4320 4514 4531 4711 4796 4841
88	33	131	8	59 267 386 626 698 886 888 1499 1537 1582 1743 1804 1816 1837 1942 1987 2023 2222 2499 2507 2521 2544 2670 2820 2843 3139 3175 3528 4492 4826 4848 4954
91	16	58	8	41 358 693 1210 1420 1700 1895 1952 2099 2103 2435 2677 3180 3310 3332 3481 3736 3771 3826 3976 4111 4428 4507 4619 4743 4819 4887 4991
118	1	14	8	445 782 840 909 911 987 1121 1150 1180 1250 1282 1342 1629 1812 1844 1884 2074 2283 2591 2599 3106 3197 3287 3871 3873 3940 3991 4058 4291 4327 4734 4748 4873 4886
140	30	29	8	493 674 732 804 954 989 1306 1368 1566 1620 1665 1702 1728 1734 1854 1941 2072 2081 2131 2278 2550 2737 2802 2846 2865 2936 2945 3428 3572 3782 4474 4758 4800 4930
156	22	195	8	61 192 385 470 768 846 903 1170 1347 1416 1536 1539 1867 1994 2813 3261 3393 3440 3554 3632 3668 3842 3895 3906 3949 4091 4157 4290 4642 4884
157	7	26	8	4 106 177 215 346 484 550 682 703 975 1711 1756 1914 1971 2003 2204 2294 2298 2320 2381 2439 2669 2772 2968 3023 3090 3221 3222 3390 3586 3614 4494 4498 4638 4795
216	32	18	8	36 271 419 623 639 735 739 831 947 1037 1242 1504 1510 1685 1704 1968 2077 2084 2276 2347 2458 2720 2999 3009 3126 3144 3422 3832 3901 4540 4588 4861 4902
225	6	45	8	243 396 497 536 652 721 926 1209 1484 1661 1836 1887 1911 2100 2285 2288 2337 2363 2825 2887 3086 3088 3391 3524 3747 4076 4081 4241 4307 4611 4662 4810 4983
234	21	39	8	9 219 345 353 551 605 616 663 835 1026 1113 1448 1502 1600 1677 1810 1858 1925 2053 2324 2392 2543 2970 3369 3831 3894 3930 4016 4067 4125 4541 4609 4623 4780
254	26	256	8	18 23 26 120 168 240 287 589 647 662 757 809 932 1199 2027 2354 2490 2764 2854 2913 2998 3353 3403 3619 3696 4207 4399 4612 4696 4802 4871 4999
298	36	73	10	568 595 622 859 918 1087 1189 1338 1416 1488 1635 1782 1813 1915 2313 2517 2848 2997 3095 3293 3603 3630 3706 3711 3767 3918 4174 4469 4517 4578 4616 4735 4985
302	25	258	8	62 91 394 534 891 920 1101 1205 1294 1346 1588 1866 1871 2351 2534 2899 2964 3025 3074 3198 3333 3540 3635 3854 4065 4281 4287 4306 4424 4823 4888 4911 4947
303	24	117	8	51 72 105 212 422 424 429 505 546 614 657 1043 1183 1260 2316 2397 2827 2848 2951 2995 3049 3217 3389 3413 3464 4083 4263 4328 4434 4483 4584 4686 4731
338	40	295	10	12 25 66 69 134 248 456 567 665 718 763 865 907 949 1062 1184 1392 1539 1807 2223 2290 2452 2604 2689 2946 3245 3300 3496 3617 3965 4164 4259 4893 4962
342	9	83	8	2 8 143 1022 1099 1190 1198 1296 1297 1330 1402 1460 1800 1825 1959 2214 2245
347	18	179	10	81 245 347 351 460 795 993 1084 1337 1424 1495 1814 1852 2118 2455 2630 2662 2761 2800 3199 3253 3274 3656 3673 3746 3931 4062 4066 4264 4400 4509 4528 4912 4943 4993
374	28	84	10	169 236 272 302 562 671 861 1147 1170 1187 1361 1418 1477 1643 1885 1901 2059 2115 2193 2247 2686 3000 3121 3263 3270 3379 3695 4041 4289 4300 4311 4492 4547 4694 4805
391	8	83	10	43 348 417 817 990 1107 1192 1311 1446 1489 1590 1661 1930 2134 2284 2459 3021 3066 3187 3320 3323 3419 3425 3538 3575 3845 4106 4197 4297 4318 4838
437	19	96	10	13 532 991 1119 1223 1270 1552 1570 1629 1754 1827 1921 1946 1965 2616 2666 2699 2812 2828 2865 3381 3574 3848 3911 4123 4439 4615 4618 4645
445	31	244	10	154 247 407 450 458 516 586 738 849 998 1237 1271 1428 1476 1727 2147 2234 2373 2733 2853 3069 3103 3125 3154 3321 3422 3825 4176 4242 4292 4340 4433 4871
492	38	271	10	103 111 296 335 500 588 705 1102 1140 1289 1413 1435 1551 1687 2079 2240 2309 2402 2403 2618 2652 2794 3188 3303 3404 3434 3456 4182 4217 4522 4527 4907 4908 4971
495	2	136	10	218 371 402 430 581 792 964 1022 1043 1069 1279 1356 1363 1531 1585 1666 1934 2285 2785 2876 2937 2960 2977 3039 3310 3535 3567 3839 4354 4432 4507 4863 5000
547	37	226	10	171 238 303 315 329 546 645 871 1123 1624 1793 1889 1911 2252 2387 2569 2710 2940 3073 3292 3490 3682 3723 3751 3760 3785 3870 3884 4122 4301 4310 4386 4425 4942
566	20	114	10	10 95 264 318 358 528 1151 1205 1354 1481 1508 1575 1810 2120 2227 2736 2737 2945 3055 3221 3296 3384 3484 3613 3766 3971 4136 4291 4336 4480 4520 4640 4875 4916
570	12	4	10	30 62 370 397 814 823 847 925 936 1070 1475 1586 1636 1866 1932 2338 2383 2649 2717 3087 3255 3261 3315 3338 3350 3545 3668 3731 3795 4248 4342 4418 4466 4745 4981
591	34	138	10	367 409 603 668 938 1348 1628 1630 1769 1840 1881 2219 2266 2362 2671 2863 3002 3153 3232 3447 3564 3644 3665 3872 3928 3952 4035 4081 4416 4427 4587 4779
594	15	230	10	173 475 553 565 685 727 816 843 1460 1736 2019 2063 2086 2100 2103 2257 2423 2490 2624 3079 3131 3325 3355 3503 3968 4000 4091 4196 4389 4628 4867 4904 4995
19	3	183	10	41 73 270 324 373 426 438 510 525 573 606 1002 1133 1444 1647 1755 2129 2190 2379 2538 2780 2883 2932 3104 3140 3209 3367 3558 3612 3745 3914 4009 4494 4670
33	29	203	10	222 369 457 545 681 873 903 968 1020 1156 1244 1273 1501 1557 1565 1579 2041 2043 2097 2502 3099 3189 3497 3636 3919 3988 4039 4103 4171 4366 4553 4588 4625 4789
89	13	282	10	660 1168 1177 1334 1464 1657 1672 1780 1826 1952 2023 2254 2346 2450 2580 2674 2732 2880 2948 3117 3127 3158 3171 3175 3251 3331 3586 3717 4084 4151 4269 4381 4431 4613
144	11	134	10	185 273 291 382 611 939 1068 1116 1191 1217 1310 1344 1365 1549 1614 1638 1764 2342 2390 2560 2570 2701 2742 2972 3041 3164 3576 3680 3989 4279 4471 4486 4563 4593
154	4	117	10	77 255 363 618 644 749 825 1025 1157 1204 1232 1263 1371 1417 1437 2095 2104 2265 2381 2487 2531 2615 2908 2994 3332 3511 3566 3694 3842 3933 3980 4127 4286 4357 4639
173	35	254	10	322 804 835 1377 1382 1404 1409 1541 1738 1834 1850 1899 1900 2464 2540 2692 2917 2975 3151 3185 3366 3583 3678 3996 4119 4156 4201 4375 4518 4714 4845 4901
174	10	293	10	202 723 872 932 1005 1196 1234 1395 1487 1735 1746 1867 1929 2056 2057 2105 2156 2169 2451 2548 2758 2765 2947 3031 3444 3645 3783 4099 4359 4580
228	39	150	10	1 276 636 807 876 999 1034 1097 1131 1258 1320 1415 2070 2076 2080 2478 2576 2704 2774 2776 3057 3166 3202 3214 3256 3264 3577 3915 3960 4088 4215 4477 4489 4562 4813 4960
252	14	186	10	44 504 570 633 1018 1059 1143 1401 1774 1928 1980 2027 2038 2046 2320 2587 2811 3080 3737 3938 4079 4126 4155 4669 4709 4763 4802 4920
264	27	147	10	192 404 470 579 767 821 983 1179 1358 1521 1645 1680 2432 2596 2611 2715 3081 3297 3346 3395 3635 3698 3849 3935 3947 4240 4437 4441 4456 4573 4843 4855 4868 4958
268	23	181	10	290 297 374 652 716 780 1015 1024 1357 1602 1927 1951 2026 2196 2377 3019 3269 3553 3581 3703 3888 4249 4316 4420 4463 4465 4474 4532 4582 4635 4865 4881
278	17	216	10	96 180 513 740 824 831 904 1046 1246 1285 1380 1397 1593 1776 2030 2061 2653 2782 2866 2935 2939 3354 3441 3537 3959 4206 4218 4525 4584 4590 4629 4767 4815
312	33	187	10	64 401 437 514 530 836 841 994 1120 1231 1303 1349 1394 1510 1542 1631 1805 1972 2136 2287 2295 2409 2418 2444 2806 3194 3258 3578 3596 3941 4133 4205 4229 4457
334	16	225	10	117 331 585 737 808 877 1124 1355 1398 1438 1449 1719 1778 1994 2529 2561 2918 3215 3224 3344 3467 3609 3669 4056 4057 4149 4369 4496 4559 4634 4675 4719 4954 4961 4972
371	1	269	10	33 267 281 288 461 474 651 724 838 941 1016 1697 1708 1916 2068 2545 2572 2703 2824 2838 2844 2862 3060 3076 3134 3169 3409 3471 3477 3768 3998 4857
376	30	128	10	39 88 124 312 539 543 558 641 684 805 1004 1031 1186 1206 1562 1612 1651 1786 1836 2127 2279 2434 2485 2623 3035 3179 3710 3743 3847 4140 4681 4846
410	22	116	10	76 148 199 418 444 1000 1100 1173 1190 1304 1427 1493 1605 1613 1660 1699 1757 1790 1891 2069 2123 2639 2750 2925 3148 3198 3416 3498 3715 3992 4044 4488 4821 4897 4948
430	7	40	10	45 138 244 274 398 752 765 858 927 1026 1209 1809 2314 2445 2497 2895 2905 3112 3446 3661 3784 3853 3951 4030 4085 4101 4153 4180 4352 4407 4430 4737 4870
434	32	125	10	54 268 490 511 638 704 892 1053 1089 1113 1387 1949 2214 2258 2280 2489 2716 3097 3333 3445 3529 3549 3748 3800 3816 3885 3948 4322 4521 4542 4834
444	6	144	10	123 232 321 392 661 691 801 883 1253 1473 1675 1706 1797 2099 2128 2438 2499 2516 2760 3012 3173 3174 3268 3400 3443 3580 3993 4006 4075 4093 4304 4315 4485 4526 4936
485	21	46	10	121 205 217 441 625 714 756 844 856 1066 1471 1532 1564 1693 1799 2045 2201 2245 2756 3457 3560 3614 3799 3829 4032 4152 4298 4309 4663 4739 4830
520	26	108	10	130 405 646 978 1181 1278 1414 1496 1646 1669 2025 2117 2146 2200 2542 2636 2678 2738 2746 2807 2839 2847 2887 2920 3003 3033 3064 3180 3330 3597 4230 4260 4380
529	25	113	10	15 116 422 1013 1033 1456 1558 1583 1597 1785 1833 1960 2583 2682 2754 2786 2878 3217 3252 3347 3548 3912 3974 4049 4095 4162 4251 4464 4685 4807 4811 4890 4927
536	24	23	10	153 421 499 561 667 970 1108 1212 1215 1243 1882 1982 2133 2135 2544 2837 2930 3091 3118 3369 3397 3780 3819 4033 4129 4179 4353 4564 4704 4734 4803
538	9	177	10	6 165 524 726 942 1283 1329 1408 1419 1701 1734 2151 2224 2281 2331 2600 2687
574	5	169	12	157 199 204 213 465 593 739 1318 1950 2223 2474 2934 2996 3047 3141 3219 3225 3289 3322 3458 3597 3718 3727 3758 3838 4109 4276 4336 4416 4472 4749 4807 4937
578	36	157	12	356 525 690 924 988 1156 1509 1609 1656 2014 2148 2447 2504 2583 2758 2788 2941 3223 3280 3507 3560 3965 4094 4154 4319 4382 4424 4554 4872 4901
16	40	92	12	129 314 334 375 785 884 1032 1311 1522 1588 1647 1828 1835 1905 1970 1992 2443 2596 2646 2796 3233 3258 3514 3641 3932 4356 4630 4747 4830 4896 4919
64	18	37	12	158 183 238 261 290 410 619 624 725 897 906 979 1090 1740 1846 2017 2324 2507 2799 3098 3250 3288 3508 3537 3830 3859 3901 3951 4015
84	28	221	12	5 78 266 317 336 516 571 594 829 929 1095 1319 2202 2226 2612 2711 2759 2884 2896 3078 3172 3262 3502 3716 4118 4162 4677 4974
92	8	158	12	143 243 385 441 744 920 1127 1726 1732 1825 1891 2038 2165 2167 2377 2542 2613 2835 2892 2928 3230 3381 3383 3608 3625 3882 4004 4087 4121 4172 4329 4824
93	19	66	12	31 234 416 417 683 773 783 817 866 992 1005 1335 1445 1538 1745 1777 2020 2305 2600 2670 3401 3704 3851 3925 3930 3952 4052 4627 4768
95	31	110	12	20 179 294 408 519 656 813 875 881 970 1350 1498 1583 1641 1752 1802 1851 2227 2269 2386 2655 2720 2970 3329 3740 4056 4328 4515 4626 4658 4708
97	38	149	12	326 340 501 548 745 809 854 1339 1531 1662 1720 1769 2108 2142 2235 2245 2312 2528 2992 3111 3501 3505 3532 3610 3640 3755 3908 4048 4076 4147 4284 4622 4646 4911
115	2	165	12	47 102 191 316 355 878 918 1160 1221 1388 1520 1560 1767 2088 2184 2205 2266 2374 2436 2550 3068 3360 3518 3848 3873 4016 4248 4839 4854 4990 4998
116	37	139	12	18 214 226 281 467 696 707 867 948 972 1045 1161 1268 1690 1969 2080 2276 2277 2341 2853 3086 3102 3240 3362 3364 3622 3652 3757 3936 4672 4876 4952
152	20	276	12	2 14 67 299 414 668 721 838 863 961 1260 1395 1710 2005 2210 2264 2476 2486 2741 2776 2924 3112 3200 3374 3696 4295 4373 4431 4500 4695 4785
164	12	7	12	207 423 463 541 576 667 729 757 803 1226 1405 1537 2328 2426 2614 2891 3144 3276 3320 3346 3375 3429 3605 3667 3877 3948 4194 4335 4362 4697 4795 4821 4826
172	34	77	12	34 240 282 293 474 538 581 625 862 942 1430 1871 2279 2285 2349 2378 2441 2609 2662 2783 2987 3101 3357 3368 3441 4055 4058 4598 4650 4689 4725 4727 4732 4817 4935
185	15	201	12	57 532 648 748 794 800 1072 1258 1566 1661 1687 1807 1963 2421 2509 2930 2966 3058 3070 3082 3179 3256 3354 3405 3543 3651 3761 3887 4133 4809 4906 4920
200	3	214	12	150 686 702 821 837 882 891 935 989 1233 1346 1494 1554 1803 1812 2297 2580 2773 2846 2994 3089 3130 3352 3565 3868 3994 4265 4318 4401 4418 4783 4802 4986
206	29	65	12	22 285 494 523 697 787 926 938 945 1275 1986 2315 2577 2729 2801 2971 3067 3071 3079 3084 3202 3207 3325 3353 3534 3695 4211 4240 4282 4337 4349 4581 4897 4987
213	13	267	12	80 254 295 366 372 456 549 677 732 753 1053 1533 1565 1622 1763 1833 1926 1932 2143 2815 3309 3334 3369 3753 3811 3825 3933 3977 4168 4374 4391 4452 4620 4888
238	11	47	12	60 93 101 302 770 925 1232 1343 1436 1672 1817 1910 1961 2036 2250 2554 2856 2897 2918 3122 3160 3246 3361 3385 3885 4075 4079 4126 4138 4397 4810
249	4	261	12	27 292 606 613 671 1164 1200 1246 1261 1655 2050 2233 2295 2563 2834 3113 3406 3462 3677 3689 3826 4198 4267 4375 4393 4454 4571 4592 4748 4879 4971 4975
296	35	160	12	38 59 72 202 217 255 279 304 453 672 1007 1801 2129 2147 2314 2419 2750 2932 3025 3096 3408 3548 3683 3777 4150 4186 4321 4324 4756 4953
304	10	11	12	46 218 309 369 437 448 464 509 927 1042 1126 1404 1425 1776 2459 2827 3140 3260 3414 3602 3650 3712 3724 3950 3953 3971 3982 4053 4165 4260 4398 4564
320	39	67	12	188 268 315 434 436 489 611 750 769 802 1141 1238 1241 1379 1688 1916 1918 2109 2164 2272 2353 2369 2417 3299 3874 4129 4326 4378 4505 4623 4638 4657 4930
328	14	240	12	84 225 353 639 934 1058 1104 1262 1320 1412 1613 1683 2002 2106 2112 2114 2460 2531 2775 2814 3162 3178 3307 3619 3679 3881 3924 4114 4257 4341 4517 4547 4963 4969
400	27	68	12	112 324 370 473 492 559 609 857 931 1046 1118 1180 1302 1332 1842 1987 2069 2091 2316 2519 2820 2981 3080 3119 3319 3521 3773 4032 4091 4171 4400 4641 4760
415	23	264	12	168 239 354 528 614 797 966 997 1186 1190 1277 1285 1500 1981 2430 2530 2694 2695 2756 2886 3149 3392 3530 3541 3664 3855 3958 3959 4110 4124 4243 4555 4923
457	17	209	12	249 269 371 507 602 873 1195 1210 1237 1421 1548 1674 1796 2139 2564 2868 2988 3055 3192 3210 3257 3387 3419 3850 4059 4245 4353 4387 4402 4473 4582 4812 4829 4870
461	33	143	12	421 851 893 907 995 1202 1235 1256 1384 1699 1700 1906 2011 2096 2627 2890 2936 2997 3166 3623 3694 3743 3906 3997 4152 4169 4255 4411 4549 4647 4828 4890 4898
462	16	216	12	149 178 263 394 539 574 1155 1441 1768 1820 1920 2013 2062 2496 2586 2745 2778 2791 3377 3434 3443 3779 3781 3939 4357 4530 4531 4534 4710 4776 4784
482	1	30	12	108 156 343 376 480 518 718 758 1172 1203 1640 1644 1673 1689 1747 1931 2537 2624 2933 2942 2954 3418 3489 3571 3589 4026 4050 4144 4179 4379 4664 4681
486	30	33	12	165 331 892 963 1064 1276 1544 1590 1650 1788 1794 1849 1945 1959 2035 2304 2310 2335 2394 2506 2532 3012 3577 3662 3690 3853 4474 4518 4567 4686
491	22	71	12	184 271 289 902 1286 1392 1461 1529 1575 1618 1766 1808 1829 2068 2206 2329 2556 2686 2851 3573 3636 3644 3931 4001 4338 4410 4864 4886 4942 4978
515	5	11	14	234 295 344 446 537 608 749 965 1212 1331 1340 1583 1841 1896 1904 2020 2210 2262 2325 2657 2969 3217 3240 3350 3830 4175 4356 4718 4767
539	7	241	12	349 701 706 860 1086 1106 1171 1512 1762 1884 2107 2128 2166 2325 2362 2403 2408 2638 2855 3019 3106 3283 3284 3396 3437 3735 3904 3978 4146 4156 4197 4363 4604 4951
553	32	219	12	654 947 1065 1088 1136 1205 1354 1382 1389 1589 2132 2259 2356 2440 2589 2679 2734 2806 2912 3146 3417 3699 3802 3912 4030 4051 4177 4233 4291 4377 4884 4989
567	6	21	12	242 250 321 446 599 600 1206 1394 1452 1535 1576 1675 1713 2115 2154 2516 2540 2712 3388 3452 3513 3813 3856 3920 4019 4385 4746 4822 4832 4861 4894 4925 4940
590	21	101	12	120 393 405 449 1006 1099 1407 1446 1874 2247 2385 2697 2769 2822 2826 2938 3046 3065 3185 3242 3249 3331 3471 3495 3561 3913 4209 4237 4369 4475 4486 4846
595	26	88	12	221 398 508 562 673 704 1196 1218 1357 1636 1677 1718 1800 1988 2275 2299 2318 2733 2753 3066 3336 3482 3632 3684 3990 4139 4189 4246 4403 4439 4539 4586 4816 4878 4903
9	25	162	12	206 395 460 695 1306 1826 1873 1878 2066 2243 2286 2398 2713 2746 2906 2917 3063 3064 3277 3834 4024 4078 4292 4480 4589 4593 4609 4690 4772
22	24	126	12	141 177 233 486 505 535 734 2082 2196 2431 2470 2601 2722 2752 2848 2881 2913 2923 3059 3475 3487 3618 3702 4151 4256 4270 4440 4574 4606 4715 4730
27	9	155	12	345 778 1044 1048 1162 1454 1582 1911 2015 2585 2641 2747 2880 3088 3090 3326 3453
40	36	87	14	19 54 73 388 407 524 599 909 995 1153 1230 1513 1639 1663 1909 2398 2578 2789 2961 3297 3877 3917 3945 3951 4195 4406 4995
47	40	77	14	53 785 942 1123 1167 1204 1355 1406 1523 1799 2022 2186 2634 2721 2740 3120 3362 3465 3532 3542 3982 4214 4444 4517 4636 4693 4841 4985 4994
63	18	115	14	66 86 240 426 455 564 853 1089 1093 1190 1383 1447 1602 1675 1839 1929 2060 2231 2237 2401 2446 2532 2551 2908 2912 2941 3286 3585 3876 4576 4609 4628 4822
78	28	135	14	444 572 1075 1154 1431 1463 1869 1935 2044 2082 2128 2201 2394 2404 2468 2489 2937 3010 3243 3352 3431 3437 3696 3907 4036 4211 4244 4578 4853
100	8	239	14	72 124 125 169 584 586 1067 1188 1267 1346 1480 1545 1630 1762 1857 1975 2102 2190 2533 2717 2992 3219 3306 3400 3716 4203 4483 4488 4563 4620 4663 4789
102	19	51	14	154 207 330 441 583 646 673 689 863 1077 1252 1367 1589 1786 1800 1945 2049 2172 2454 2605 2690 3411 3516 3551 3562 3608 3719 3822 3838 4253 4707 4838
128	31	211	14	10 67 122 321 552 625 1032 1122 1158 1332 1419 1490 1571 1618 2005 2021 2506 2663 2695 2901 3003 3115 3141 3789 4053 4076 4242 4246 4420 4634 4829
129	38	265	14	194 206 400 672 824 956 1168 1232 1239 1439 1822 1986 2009 2032 2359 2720 2787 2842 2873 2897 2957 3554 3753 3785 3894 3936 4089 4105 4771 4797 4933 4939
133	2	5	14	278 294 314 465 644 1111 1208 1511 1573 1730 1862 2109 2301 2322 2408 2617 2950 3142 3188 3556 3574 3607 3887 3909 3963 4063 4173 4361 4434
167	37	58	14	250 312 416 560 587 693 743 842 954 1300 1352 1681 1713 2501 2877 2948 2955 3232 3330 3357 3631 3792 3899 4071 4093 4102 4142 4824
170	5	87	16	385 568 664 1057 1103 1217 1391 1489 1721 1792 1839 1860 2174 2308 2431 2509 2546 2774 2856 2881 3195 3617 4295 4363 4398 4422 4699 4827 4931 4939 4941
176	20	255	14	111 410 462 841 1001 1136 1562 1678 1850 1977 2249 2567 2587 2671 2696 2750 2773 2782 2840 2867 3068 3118 3127 3382 4169 4342 4591 4600 4673 4721
177	12	155	14	47 273 485 518 534 566 574 818 1696 1805 1877 1917 2164 2276 2344 2412 2488 2523 2558 2609 3259 3406 3449 3645 3833 3929 4002 4009 4219 4312 4431
180	34	275	14	4 29 50 223 352 417 498 665 784 868 1328 1611 1644 1657 1761 2462 2524 2557 2933 3041 3056 3073 3294 3548 3751 3754 3871 4027 4556
199	15	162	14	82 285 454 845 865 1505 1555 1691 1795 1823 1983 1987 2247 2691 2766 2829 2856 2920 3006 3169 3244 3319 3685 3707 3782 4091 4357 4417 4597 4776 4788 4889 4921
229	3	12	14	399 404 602 765 846 850 885 996 1504 1579 1699 1785 1838 1871 2126 2268 2289 2341 2541 2963 2987 3009 3170 3462 3597 3967 4453 4479 4694 4736 4782 4945
235	29	194	14	69 141 289 319 435 468 973 1056 1082 1114 1466 1867 2074 2086 2188 2269 2526 2849 2986 2996 3061 3425 3699 3728 3797 4047 4072 4110 4293 4348 4519 4678
255	13	43	14	117 190 265 304 370 471 981 998 1070 1221 1436 1486 1553 1653 1886 1976 2196 2260 2677 2826 2883 3386 3404 3555 3969 4165 4346 4491 4672 4909
329	11	238	14	65 389 422 980 1185 1248 1584 1936 2039 2084 2392 2846 3004 3304 3342 3599 3604 3774 4007 4359 4371 4484 4498 4501 4553 4585 4811 4833 4902
340	4	3	14	176 189 216 296 403 554 814 1104 1279 1648 1687 1999 2221 2236 2270 2675 2759 2769 3021 3024 3079 3442 3489 3671 3717 3990 4001 4450 4656 4959
353	35	16	14	33 94 310 368 642 1245 1303 1370 1514 1536 1660 1788 2135 2161 2407 2637 2661 2679 2726 3034 3379 3485 3534 3732 3745 3908 4106 4112 4365 4383 4731 4865
367	10	296	14	621 628 656 934 1162 1359 1491 1729 2360 2536 2644 2697 2859 2870 3038 3084 3345 3517 3557 4073 4098 4230 4322 4385 4536 4571 4873
369	39	209	14	517 607 690 762 768 1078 1207 1336 1389 1481 1690 1943 2226 2603 2610 2879 2904 3016 3178 3470 3600 3606 3625 3682 3922 4345 4599 4613 4649
370	14	231	14	483 585 626 714 834 884 949 1116 1171 1181 1542 1811 1829 1971 2779 3076 3312 3331 3528 3653 3767 3865 4085 4204 4208 4266 4279 4281 4376 4418 4561 4869
383	27	81	14	8 277 580 697 738 978 1148 1371 1595 1837 1842 1870 1992 2065 2378 2741 2832 2971 3080 3156 3493 3546 3758 4200 4241 4303 4419 4573 4611 4632 4755 4803 4826 4936
401	23	268	14	37 85 147 258 526 649 753 876 1110 1781 2077 2154 2559 2594 2665 2758 2820 2902 3083 3268 3464 3816 3861 3918 3964 4060 4311 4579 4655
422	17	175	14	25 145 392 523 666 730 847 869 1014 1182 1206 1250 1273 1483 1863 2061 2466 2520 3059 3072 3205 3414 3852 3866 3870 3940 4155 4229 4334 4697 4980
447	33	151	14	44 126 214 549 561 920 1073 1074 1538 1554 1689 1807 1887 2064 2090 2117 2130 2399 2576 3035 3057 3162 3280 3423 3444 3490 3539 4066 4297 4816 4883 4937 4989
473	16	202	14	313 405 431 453 627 660 752 764 1045 1127 1361 1392 1679 1704 1973 2069 2287 2311 2430 2590 2979 3005 3122 3814 3815 4022 4468 4503 4537 4622 4723 4725 4997
478	1	67	14	123 203 338 486 712 780 1255 1397 1450 1599 1622 2112 2222 2227 2502 2545 2822 2924 2929 3303 3501 3617 3672 3692 3823 4008 4277 4285 4421 4462 4560
488	30	279	14	45 113 281 336 543 1006 1220 1338 1449 1587 1806 1848 1996 2405 2410 2585 2705 2990 3091 3138 3281 3344 3573 3741 3890 4114 4358 4467 4508 4559 4891 4896
494	22	277	14	639 650 680 747 767 795 807 929 1095 1135 1227 1360 1921 1982 2031 2258 3282 3285 3394 3499 3684 3721 3723 3757 3911 3946 4074 4326 4709 4817 4863 4934 4943
499	7	138	14	116 306 308 436 630 684 1202 1960 2008 2332 2372 2480 2595 2611 2995 3053 3077 3248 3648 3759 4033 4150 4158 4178 4596 4653 4667 4757
516	32	148	14	42 332 507 801 1000 1088 1102 1150 1286 1385 1552 1616 1716 1856 1944 2148 2212 2880 3168 3182 3688 3733 3770 3772 3867 3926 4196 4284 4340 4671 4787 4935
543	6	31	14	74 164 251 280 482 558 760 891 959 1121 1247 1569 2547 2667 3047 3060 3147 3420 3451 3591 3657 3993 4042 4134 4159 4235 4397 4430 4598 4610 4888
564	21	224	14	248 263 418 658 838 1008 1429 1627 1674 1737 1787 1925 2120 2158 2709 2767 2938 3435 3780 3828 3999 4335 4347 4391 4412 4425 4493 4650 4666
586	26	6	14	143 567 618 637 742 759 779 1142 1147 1180 1189 1310 1410 1640 1684 1777 1804 2326 2471 2626 2636 2858 2959 3067 3192 3448 3683 4301 4374 4958
7	25	188	14	150 347 437 596 790 970 1071 1643 1656 1914 1928 1979 2183 2584 2673 2755 2770 2898 3239 3502 3524 3819 3927 3943 4019 4078 4092 4306 4446 4837 4993
14	24	68	14	48 103 181 349 605 702 770 1175 1320 1350 1444 1499 2362 2491 2676 2708 2844 2952 3026 3123 3145 3622 3651 4006 4212 4234 4268 4388 4521 4676 4722 4898
31	9	208	14	52 249 962 1027 1052 1223 1343 1670 1826 1828 2296 2323 2757 2804 2817 2928 2953
71	36	45	16	212 338 527 553 601 603 669 706 953 2332 2356 2425 2549 2651 2784 2796 2908 2941 3089 3254 3584 3701 3864 4034 4117 4139 4172 4331 4755
81	40	245	16	16 433 453 1174 1414 1484 1497 1599 1742 1814 1824 1892 1917 2121 2372 2492 2952 3017 3019 3107 3290 3318 3734 3870 3907 4175 4401 4596 4834
83	18	74	16	17 322 1114 1157 1324 1740 2034 2264 2429 2465 2581 2751 2777 2975 3139 3141 3536 3583 3845 4021 4188 4223 4233 4417 4521 4552 4572 4603 4713 4746 4766
108	28	292	16	61 64 152 541 593 691 696 734 1050 1329 1387 1607 1748 1831 2153 2192 2457 2552 2572 2749 2793 2829 2876 3172 3279 3445 3802 4212 4267 4601 4687 4706
137	8	233	16	3 499 705 923 1099 1271 1284 1335 1522 1542 1823 1859 1891 2016 2360 2508 2534 2830 3066 3659 3857 3859 3964 3981 4061 4257 4594 4789 4991
138	19	135	16	257 411 443 461 536 867 979 1052 1079 1438 1463 1900 2314 2785 2960 3330 3626 3700 3941 3953 4115 4333 4411 4440 4639 4738 4952 4970
145	31	198	16	56 359 419 513 668 857 1159 1373 1395 1449 1475 1840 1864 2059 2096 2367 2593 2658 3041 3191 3282 3405 3424 3515 3517 3726 3800 4130 4169 4252 4725 4964
155	38	93	16	19 182 205 318 369 435 475 488 763 767 775 792 864 1145 1586 1635 1731 1745 2277 2339 2605 2857 2972 3152 3188 3197 3207 3235 3384 3489 4979
168	2	294	16	530 542 1011 1178 1297 1671 1715 2098 2146 2163 2224 2472 2628 2812 2832 3044 3262 3436 3788 3954 4185 4297 4334 4722 4729 4764 4802 4858 4874
181	37	261	16	164 235 563 780 799 827 1131 1139 1148 1216 1369 1398 1419 1452 1994 2145 2466 2470 2731 2786 2850 2911 2940 3074 3103 3194 3365 3615 3803 3972 4047 4851
183	20	284	16	58 367 379 423 479 523 793 1021 1134 1313 2138 2284 2306 2458 2828 3492 3607 3645 3719 3728 3786 3956 3985 4100 4254 4392 4396 4573 4585 4679 4928 4933
227	12	127	16	1 356 508 637 766 812 1040 1345 1364 1406 1558 1907 1998 2691 2703 2717 2728 2803 2837 2886 2998 3410 3471 3544 3577 3644 4192
257	34	172	16	96 497 813 1017 1084 1137 1273 1563 1825 1888 2004 2215 2289 2399 2494 2503 2632 2645 2733 2743 3033 3248 3646 3810 4403 4485 4779 4800 4842
263	15	280	16	277 472 589 773 880 925 1264 1458 1491 1798 1923 2293 2447 2523 2620 2643 2725 2798 2894 3148 3294 3300 3304 3369 3391 3504 3998 4231 4523 4829
265	3	15	16	70 1378 1753 2021 2260 2482 2958 2979 3106 3114 3178 3299 3323 3359 3429 3448 3457 3461 3576 4023 4035 4205 4308 4385 4458 4702 4734 4743 4924
267	29	176	16	241 245 288 309 426 833 1054 1073 1224 1898 2126 2182 2200 2209 2340 2540 2590 2648 3288 3400 3402 3409 3616 3796 4201 4437 4459 4518 4543 4854 4909
281	13	69	16	22 166 570 819 1014 1342 1368 1474 1570 2005 2092 2229 2310 2435 2496 2553 2555 3623 3656 3660 3673 3697 3765 3909 4087 4294 4499 4614 4763 4907
283	11	151	16	578 715 939 967 1020 1250 1433 1621 1682 1794 2147 2188 2239 2423 2441 2650 2825 2883 3076 3163 3325 3530 3554 3587 3692 3745 3967 3988 4352 4712 4742 4777 4957
290	4	228	16	113 219 298 398 597 781 970 1038 1429 1877 1912 2020 2116 2225 3268 3272 3503 3650 3674 3767 4145 4551 4561 4597 4661 4683 4749
309	35	256	16	230 254 328 360 493 658 1225 1513 1628 1724 2037 2057 2185 3413 3590 3733 3787 3856 4044 4113 4242 4256 4296 4406 4488 4565 4684 4762 4786 4887 4971
317	10	18	16	484 663 737 1132 1637 2160 2286 2451 2452 2515 2714 2789 2846 3336 3357 3376 3404 3476 3479 3710 3722 3850 3962 4207 4620 4818 4847
346	39	17	16	127 167 372 391 424 538 616 796 798 1048 1693 1874 1945 1983 2449 2635 2678 3020 3143 3234 3244 3245 3976 4002 4434 4680 4692 4771 4856 4932
349	5	69	18	74 110 119 173 250 852 868 1022 1198 1399 1533 1616 1652 1665 2432 2514 2610 2620 2647 2698 3084 3208 3595 3741 3798 3805 3846 4440 4940
358	14	143	16	24 468 494 512 577 822 874 926 933 1142 1289 1551 1597 1612 1751 1818 2181 2370 2528 2674 3016 3147 3260 3307 3591 3603 3612 3628 4048 4413 4492 4745
429	36	127	18	9 51 328 547 635 667 727 1009 1248 1717 1744 1757 2052 2575 2856 2897 2926 2959 2980 3583 3688 3801 3937 4022 4140 4153 4270 4296 4659 4745 4922
452	27	293	16	771 783 862 1042 1107 1376 2032 2349 2562 2568 2621 2711 2967 3251 3256 3328 3547 3550 3558 3703 3837 3914 4156 4622 4718 4765
518	23	270	16	79 138 186 495 694 828 948 1044 1064 1072 1218 1296 1412 1425 1576 1890 2114 2550 2565 2755 2861 2990 3277 3338 3835 4073 4276 4659 4790 4850 4929 4949
542	17	266	16	48 120 354 549 789 1155 1257 1306 1543 2094 2214 2269 2271 2288 2456 2623 2729 2915 3029 3592 3621 3683 4193 4429 4475 4487 4519 4566 4806
544	33	72	16	6 278 631 960 1030 1191 1911 1974 1977 1996 2007 2058 2178 2267 2297 2597 2719 2831 2955 3088 3270 3533 3763 3793 3925 4026 4457 4486 4500 4643 4697
551	16	215	16	145 291 583 657 1055 1062 1492 1534 1640 1947 2375 2576 2667 2670 3199 3297 3432 3474 3649 3971 4003 4358 4427 4534 4673 4797 4902
560	1	152	16	103 333 716 917 1319 1418 1687 1893 2307 2512 2610 2631 2694 2762 2810 2890 2925 3137 3218 3322 3512 3620 3811 3816 3989 4045 4173 4449 4972
563	30	123	16	98 576 881 1074 1094 1272 1532 1684 2040 2043 2150 2184 2256 2382 2442 2483 2813 2882 2954 3183 3775 3807 3903 4070 4147 4249 4350 4701 4711
573	22	105	16	380 473 575 662 1060 1251 1655 1683 1749 1770 1856 2048 2097 2234 2608 2614 2766 2792 2862 3012 3219 3351 3415 3473 3654 3759 3965 4059 4510 4578 4652 4815
581	7	192	16	139 159 256 565 604 686 971 1194 1427 1565 1768 1970 2113 2204 2312 2374 2454 2708 2989 3467 3602 3755 4038 4200 4206 4397 4442 4472 4590 4653 4730 4794
585	32	225	16	301 491 678 747 1122 1276 1422 1511 1549 1594 1842 2448 2617 2656 2682 2783 2931 3353 3556 3589 4075 4202 4310 4612 4662 4705 4857 4974 4978
18	6	64	16	8 116 216 521 1124 1203 1267 1423 1483 1610 1919 2012 2155 2646 2721 2727 2854 3184 3187 3314 3434 3509 3662 3821 4504 4546 4778 4817
21	21	173	16	67 156 445 509 728 1010 1229 1355 1466 1623 1653 1876 1910 2139 2527 2530 2586 3062 3162 3348 3690 3826 3831 4013 4655 4810 4852
23	26	291	16	224 244 282 326 378 432 561 585 609 611 720 825 1405 1428 1971 2221 2282 2662 2696 2916 3028 3105 3639 3664 3902 4227 4382 4665 4883 4893
30	25	190	16	175 213 545 729 815 1024 1361 1402 1437 1443 1525 1730 1784 1832 2002 2169 2453 2609 2775 3043 3516 3540 3579 3750 3906 4199 4273 4389 4465 4516
37	24	79	16	458 786 842 1556 1783 2052 2054 2231 2357 2364 2582 2633 2734 2739 2977 3209 3317 3347 3385 3518 3725 3740 3863 3946 4144 4264 4314 4320 4522 4569 4862
49	9	36	16	276 459 511 556 707 1163 1234 1270 1366 1584 1666 1765 2195 2407 2422 2782 2827
75	40	210	18	207 650 804 851 893 987 1001 1010 1434 1676 1898 1951 1998 2009 2097 2183 2292 2571 3269 3392 3402 3867 4167 4241 4347 4490 4547 4568 4607 4778
111	18	141	18	140 289 457 896 936 947 1006 1182 1322 1419 1953 2187 2406 2491 2574 2852 2979 3328 3629 3802 3836 4189 4248 4318 4453 4717 4837 4878
113	28	286	18	138 179 488 508 533 644 795 1013 1461 1562 1648 1738 2141 2171 2211 2246 2522 2569 2588 2636 3180 3295 3567 3570 3788 4680 4768 4793 4824
141	8	76	18	236 467 690 938 1256 1302 1582 2062 2064 2105 2236 2617 2652 2732 2806 3432 3640 3708 3716 4104 4201 4400 4625 4737 4742 4970
143	19	172	18	5 65 709 824 914 1146 1328 2047 2075 2214 2351 2517 3031 3098 3455 3565 3803 3811 4143 4157 4209 4228 4465 4780
166	31	78	18	175 201 506 770 940 1077 1096 1211 1600 1602 1649 2282 2390 2488 2639 2702 2731 2805 3201 3535 3817 3888 3946 4000 4263 4377 4511 4610 4645 4899
169	38	62	18	130 159 187 513 520 600 632 658 723 890 1340 1420 1606 2060 2253 2676 3146 3456 3600 3698 3859 3942 4067 4306 4320 4710 4769 4819
178	2	263	18	229 351 781 816 889 902 1038 1051 1172 1260 1587 1686 2046 2173 2208 2334 2395 2867 3145 3264 3398 3520 3551 3678 3964 4152 4371 4390 4814 4908
196	37	170	18	176 290 409 496 511 791 934 1025 1601 1609 1629 1740 2502 2760 3065 3177 3585 3660 3731 3792 3827 3957 4059 4102 4313 4473 4833 4998
221	5	141	20	274 316 333 401 917 974 1019 1283 1585 1742 2087 2133 2370 2468 2519 2815 2843 2915 3200 3215 3221 3366 4083 4541 4772 4960 4984
236	20	128	18	582 617 848 1067 1126 1164 1243 1371 1519 1585 1743 2028 2087 2093 2248 2638 2823 3166 3425 3500 3526 3633 3655 3746 3809 3865 4029 4033 4307 4828 4944
253	12	197	18	21 36 128 279 283 454 504 566 784 885 955 1207 1327 1728 1801 1876 2399 2557 2606 2893 3568 3720 3824 3944 4034 4037 4751 4797 4864 4956
258	34	5	18	248 477 487 1422 1497 1517 1527 1612 1651 1771 1821 1905 2040 2137 2209 2765 3054 3274 3383 3670 3793 4070 4109 4261 4314 4367 4461 4531 4632 4715
259	15	147	18	95 445 518 607 725 1080 1286 1356 1809 1845 1938 1941 1980 2110 2368 2396 2533 2842 2901 2962 3007 3070 3211 3620 3866 3956 3993 4554 4624 4691 4923
287	3	131	18	11 406 540 670 829 883 1141 1515 1869 2243 2379 2604 2751 2879 3008 3048 3093 3164 3286 3351 3669 3790 3889 3913 4049 4408 4516 4761 4898 4963
318	29	122	18	872 982 1134 1618 1625 1944 2274 2382 2494 2561 2700 2787 2793 2999 3114 3562 3700 3834 3916 3920 4080 4095 4274 4407 4446 4505 4896 4915 4966
321	13	236	18	32 237 327 542 563 615 682 880 1117 1209 1391 1589 1599 1752 2207 2218 2255 2925 2995 3063 3108 3261 3473 3665 4077 4218 4258 4346 4489 4773 4979
333	11	52	18	193 257 323 687 1169 1344 1705 1816 1875 1923 2025 2122 2132 2165 2418 2910 3276 3596 3624 3729 3778 3868 3923 3987 4310 4552 4592 4657
335	4	289	18	213 354 481 1186 1201 1301 1804 2251 2263 2328 2375 2384 2577 2738 2767 2801 3306 3316 3735 3738 4110 4146 4280 4481 4905 4992
350	35	200	18	29 71 196 288 493 576 619 869 1561 1628 1763 1815 1842 1952 2055 2186 2272 2290 2984 3028 3032 3157 3184 3725 3881 4099 4165 4253 4277 4341 4524 4948
357	10	246	18	394 419 461 515 570 743 854 865 1196 1430 1532 1838 2066 2114 2146 2192 2411 2466 2495 2644 3085 3521 3544 4134 4210 4530 4539 4656 4823 4906
359	39	159	18	755 819 901 923 1023 1060 1432 1446 1632 1688 1759 1760 1910 2213 2539 2694 2755 2771 2860 2911 3438 3465 3494 3666 4273 4290 4660 4835 4858 4988
360	14	198	18	137 285 345 559 843 871 1031 1281 1304 1506 1729 1835 1949 2570 2622 2969 3272 3387 3449 3463 3507 3849 4098 4265 4642 4735 4871 4954
362	27	124	18	38 124 170 297 431 1047 1107 1808 1908 2001 2139 2198 2448 2651 2669 3087 3396 3488 3601 3976 4024 4045 4132 4298 4647 4662 4704 4759 4850
388	23	199	18	408 521 653 935 1008 1111 1115 1193 1320 1349 1418 1478 1682 1741 1873 1892 2315 2337 2814 2968 3375 3561 3625 3769 4041 4287 4493 4955 4996
395	17	96	18	39 134 151 253 342 512 577 605 1160 1358 1751 2115 2142 2535 2848 3424 3733 3843 3925 3945 4017 4046 4129 4166 4275 4512 4943 4982
397	33	181	18	88 131 132 368 594 1019 1118 1280 1305 1462 1636 2119 2414 2523 2710 2770 2772 2862 3080 3313 3752 3855 3876 4015 4160 4443 4479 4484 4537 4900
405	16	300	18	171 294 422 820 1247 1351 1404 1646 1653 1748 1959 2101 2145 2268 2584 2683 2921 2945 3183 3355 3584 3818 3863 4094 4194 4223 4272 4623 4664 4667 4777 4831
418	1	3	18	224 239 275 343 764 840 1180 1263 1528 1545 1572 2037 2067 2080 2147 2194 2426 2500 2534 2564 3010 3078 3112 3378 3718 3851 4509 4600 4641 4658
424	30	247	18	525 575 620 720 728 1159 1407 1443 1459 1848 1966 2442 2589 2777 2918 3107 3239 3247 3356 3759 3919 3980 4117 4131 4869
483	22	46	18	77 190 387 882 1282 1368 1403 1409 1415 1621 1658 1802 2045 2121 2581 2880 3151 3324 3430 3452 3453 3622 3797 3878 4142 4392 4438 4724 4846 4911
487	7	178	18	108 146 233 526 656 1225 1308 1341 1505 1541 1593 1659 1694 1721 1784 1894 2058 2348 2735 3385 3492 3564 3753 3754 4031 4225 4454
510	32	59	18	716 763 792 877 946 1150 1154 1501 1645 1692 1746 1764 1904 1967 2023 2084 2242 2332 2366 2675 2796 2863 3194 3233 3282 4097 4308 4445 4480 4950
523	6	196	18	411 662 669 702 986 990 1142 1197 1267 1408 1451 1901 1956 2278 2291 2477 2834 2896 3227 3403 3412 3667 3794 4060 4340 4635 4682 4946 4962 4974
531	21	152	18	42 498 579 735 811 996 1011 1016 1357 1469 1518 1773 1936 2022 2103 2117 2197 2468 3090 3133 3154 3212 3404 3649 3674 4468 4766 4879 4882 4977
545	26	60	18	35 583 612 762 900 954 984 1003 1323 1590 1903 2099 2178 2185 2401 2429 2684 2818 2976 3370 3450 3856 3861 4429 4628 4722 4746 4749 4852 4965
580	25	153	18	40 100 744 909 927 1050 1205 1660 1685 1739 1819 1915 1985 2039 2354 2473 2603 3042 3196 3510 3527 3917 3981 4154 4235 4254 4286 4470 4541 4661
5	24	264	18	339 621 793 1015 1029 1030 1194 1210 1223 1470 1639 1731 1827 1839 2107 2258 2487 2949 3566 3614 3677 4018 4243 4255 4303 4581 4703 4752 4945
12	9	8	18	34 87 195 272 337 416 482 654 1102 2182 2416 2612 2774 3185 3318 3610 3672
103	36	44	20	72 232 499 1470 1644 1820 2056 2130 2335 2474 2508 2521 2528 2607 2649 2691 2761 2809 2898 2966 3196 3782 3886 3981 4198 4595 4832 4881 4901
107	40	263	20	226 303 633 692 1242 1299 1472 1541 1798 1895 2465 2645 2772 2850 2859 2912 3000 3018 3104 3129 3278 3420 3433 4165 4394 4491 4510 4594
148	18	133	20	222 492 517 701 778 915 1036 1117 1137 1375 1434 1660 1894 2259 2618 2683 2805 2835 2947 2951 3043 3044 3332 3529 3555 3687 4250 4582 4710 4883
165	28	78	20	130 137 141 192 201 280 787 830 890 919 1118 1139 1491 1587 1903 1967 2053 2168 2206 3343 3413 3485 3637 3707 3832 3903 4029 4540 4836
182	8	98	20	23 239 383 612 636 710 753 965 976 986 1416 1855 2265 2359 2555 2643 2967 3051 3096 3125 3128 4232 4334 4354 4637
184	19	233	20	157 167 297 743 1183 1294 1325 1352 1427 1589 2441 2472 2594 2688 2882 2929 2949 3142 3195 3342 3491 3566 3614 3739 3797 4447 4461 4482 4555 4846 4945
203	31	288	20	221 339 638 685 748 757 806 1278 1379 1461 1913 2379 2463 2868 2902 2910 2985 2988 3123 3339 3723 3740 3973 4227 4317 4370 4469 4913
217	38	13	20	55 216 346 442 560 627 708 1026 1076 1144 1249 1459 1582 1606 2220 2300 2820 3228 3275 3338 3594 3857 4004 4134 4535 4669 4702 4732
223	2	43	20	225 335 369 371 424 553 591 653 665 776 902 1304 1484 2021 2089 2543 2557 3361 3512 3513 3697 3783 4204 4670 4744 4840 4892 4949 4996
232	37	119	20	247 825 914 987 1069 1245 1485 1580 1728 1787 1790 1879 2312 2437 2439 2581 2599 2857 2937 3136 3229 3500 3563 3593 3768 4402 4685 4785
261	20	104	20	745 772 1081 1189 1192 1319 1359 1388 1588 1708 1802 1828 1880 2110 2149 2487 3242 3333 3344 3446 3623 3659 4148 4335 4381 4548 4780 4959
266	12	227	20	83 111 186 818 844 913 1487 1502 1957 2054 2082 2185 2279 2402 2404 2489 2495 2511 2630 2654 2744 2766 3291 3371 3655 3749 3916 4205
277	34	142	20	128 245 1471 1473 1574 1646 1747 2000 2178 2391 2436 2753 2774 2778 2942 3007 3248 3459 3734 3760 3852 3962 4039 4203 4357 4569 4750 4903
294	15	100	20	117 432 477 559 670 1133 1170 1315 1439 1440 1716 2415 2636 2993 3113 3713 3738 3821 3974 4003 4330 4361 4388 4497 4512 4739 4812
311	3	269	20	104 515 519 675 762 784 1453 2171 2176 2322 2483 2706 2964 3057 3237 3263 3336 3436 3503 3790 4046 4184 4321 4362 4708 4936 4940
319	29	10	20	20 242 375 495 501 885 1185 1381 1411 1423 1579 1673 1767 2017 2094 2413 2723 2849 3021 3392 3516 3522 3686 3737 3890 4128 4270 4815
337	13	240	20	140 265 296 593 789 792 796 1022 1661 1758 1948 2067 2315 2393 2394 2593 2609 2617 3190 3543 3736 3924 4185 4325 4367 4549 4607 4977
348	11	184	20	785 1090 1478 1547 1973 1989 2004 2042 2124 2162 2266 2560 2657 2738 2799 3238 3340 3426 3638 3846 3991 4139 4187 4306 4331 4395 4508 4627 4889
385	4	35	20	16 191 319 435 441 700 859 1300 1920 1935 2148 2499 2656 2674 2700 2923 3067 3145 3170 3674 3938 4238 4283 4333 4570 4618 4736 4753
417	35	80	20	133 325 426 551 1083 1503 1667 1974 1980 2025 2035 2297 2303 2488 2567 2765 3284 3565 3679 3701 3775 4000 4048 4200 4226 4296 4430 4528 4733 4985
443	10	271	20	39 118 490 659 1080 1103 1515 1756 1783 1830 2188 2338 2525 2576 2697 2730 2909 3109 3191 3329 3577 4167 4262 4344 4544 4550 4559 4647 4931
465	39	54	20	68 90 120 354 447 894 899 1040 1109 1113 1279 1373 2241 2243 2278 2293 2311 2758 2841 3134 3595 3955 3994 4391 4436 4869 4912
467	14	32	20	46 52 70 308 480 621 788 1171 1331 1500 1698 1765 1888 1975 2302 2336 2592 2615 2704 2798 2920 3251 3388 3482 3486 3822 3941 4345 4424 4451
470	27	163	20	409 423 431 717 863 945 1055 1704 1926 1984 2051 2175 2205 2628 3020 3141 3380 3393 3552 3975 4047 4149 4255 4404 4449 4683 4767 4791 4917 4939
493	23	111	20	50 102 266 396 398 616 679 746 901 1307 1497 1566 2112 2161 2222 2253 2455 2486 2554 2789 2797 3394 3773 4219 4511 4558 4590 4666 4737 4890
504	17	257	20	12 56 170 361 491 498 839 1018 1327 1534 1577 1611 1797 1805 2096 2281 2361 2445 2591 3306 3308 3755 3867 4220 4260 4462 4625 4781 4967
506	33	140	20	78 119 209 301 372 380 400 453 484 1816 1832 1834 1840 1853 1860 1940 1993 2029 2522 2600 2878 3266 3523 3672 3899 3921 4442 4579 4777 4834
509	16	180	20	131 506 606 783 848 982 1027 1162 1539 1717 1744 1764 1990 2088 2151 2157 2409 2885 3050 3085 3469 3949 4008 4055 4302 4498 4765 4775 4877 4919
524	1	244	20	22 212 272 724 877 962 1166 1432 1617 1912 1963 2551 2613 2698 2992 3092 3259 3273 3398 3508 3602 3862 4179 4180 4294 4295 4313 4587 4588
527	30	299	20	15 57 171 933 1332 1445 1518 1978 1985 2217 2388 2431 2647 2830 3184 3204 3341 3345 3430 3722 3801 3920 4197 4224 4337 4358 4552 4695 4899 4907
528	22	21	20	288 373 596 826 870 1105 1394 2127 2247 2274 2367 2970 2971 3030 3378 3417 3498 3567 3633 3684 3756 3781 3791 3808 3884 4190 4472 4774 4935
546	7	113	20	149 644 993 1058 1115 1131 1263 1281 1457 1463 1522 1695 1955 2145 2200 2743 2903 2984 3034 3186 3222 3431 3524 3532 3609 4630 4773 4805
562	32	29	20	386 979 1079 1196 1238 1308 1634 1757 1800 1902 1908 2334 2509 2729 2810 2965 2998 3098 3463 3881 3951 4191 4565 4711 4798 4955 4962
596	6	277	20	182 240 302 941 950 1082 1204 1260 1288 1297 1363 1372 1692 1735 1785 2120 2333 2603 2792 3311 3327 3652 3963 4033 4234 4393 4872 4915
11	21	42	20	277 429 969 1034 1037 1051 1158 1173 1305 1436 1623 1720 2108 2173 2275 2424 2865 3014 3111 3258 3330 3546 4038 4336 4452 4556 4601
43	26	51	20	144 196 219 244 448 500 598 1210 1271 1499 1581 1748 1862 2015 2101 2263 2756 2779 2819 2897 3058 3252 3487 3621 3714 3835 4121 4475
53	25	265	20	299 348 626 896 931 989 1125 1132 1184 1408 1442 1669 1826 2442 2523 2632 2769 2907 3082 3203 3427 3558 3711 3806 3894 3908 4699 4715 4928 4991
65	24	132	20	28 86 155 220 395 766 857 968 1517 1598 1815 2579 2633 3271 3289 3314 3445 3456 3580 3642 3876 4079 4124 4476 4868 4988
69	9	41	20	279 545 571 1291 1384 1474 1655 1809 2036 2154 2167 2202 2262 2597 3097 4153 4181
77	5	106	22	126 133 352 478 608 652 765 1280 1332 1339 1407 1496 2160 2249 2569 2835 3586 3749 3782 3877 3935 3948 4123 4236 4423 4459 4532 4603 4673
99	36	90	22	71 118 151 382 501 526 673 867 1108 1901 1950 2446 2641 2664 2852 2988 3029 3092 3216 3334 3766 3781 3958 4101 4328 4398 4703 4913 4999
151	40	71	22	76 332 353 377 747 816 921 1034 1037 1212 1240 1538 1806 2149 2166 2299 2813 2991 3023 3039 3064 3321 3335 3732 3826 4062 4822 4848
190	18	26	22	13 452 487 600 736 774 775 1200 1264 1299 1317 1441 1572 1734 2450 2658 2684 3096 3136 3940 3991 4152 4427 4430 4761 4764 4841
212	28	79	22	170 726 1027 1149 1243 1267 1524 1649 2106 2232 2255 2324 2619 2640 2840 2889 2943 3316 3351 3443 3468 3800 4136 4343 4684 4707 4974
214	8	192	22	41 99 210 307 420 454 574 767 1100 1112 1114 1219 1494 1813 1940 2060 2663 2749 2794 3046 3293 3378 3496 3727 4019 4388 4451 4757 4845
247	19	232	22	6 944 1391 1469 1567 1658 1862 2086 2194 2635 3049 3050 3075 3099 3116 3572 3580 3710 4174 4245 4412 4501 4580 4644 4755 4970 4973
250	31	171	22	19 183 770 791 939 1010 1050 1068 1129 1780 2041 2153 2376 2792 2823 3027 3104 3171 3241 3327 3680 3716 3744 3849 4243 4309 4327 4365 4772 4847
275	38	255	22	83 203 310 529 957 1134 1211 1392 2175 2248 2317 2395 2624 2631 2638 2680 2922 3183 3206 3383 3415 3569 3953 4386 4675 4742 4762 4849 4877
307	2	13	22	263 465 943 1293 1555 1775 1817 1905 2085 2391 2505 2582 2616 3077 3161 3275 3298 3893 4028 4042 4158 4333 4523 4577 4872 4953
326	37	280	22	390 461 573 591 750 811 1127 1578 1715 1732 1783 2024 2098 2110 2465 2492 2566 2670 2723 2873 3150 3255 3480 4035 4149 4376 4698 4929
330	20	290	22	12 214 283 803 842 963 1101 1377 1714 1796 1966 1972 2062 2426 2621 2805 2957 3013 3028 3426 3638 4233 4273 4335 4413 4495 4604 4712
356	12	41	22	427 474 502 542 824 1143 1203 1448 1526 1639 1663 1713 1718 1750 2031 2301 2303 2683 2748 2799 2956 2996 3081 3153 3466 3497 4277 4664
366	34	107	22	211 258 512 651 758 1094 1244 1330 1386 1623 1747 1803 2498 3235 3883 4105 4106 4116 4359 4456 4635 4638
368	15	2	22	659 661 692 766 937 1288 1326 1454 1455 1700 2342 2644 2681 2709 2841 2904 2925 2959 3277 3750 4170 4250 4643 4680 4795 4860 4878 4941
389	3	146	22	270 357 412 451 619 886 967 1384 1440 1493 1546 1609 1724 1777 1983 2022 2313 2653 2842 2947 3026 3054 3142 3353 3507 3659 3979 4045 4189 4727
413	29	144	22	34 305 517 582 658 855 976 1556 1897 2387 2940 3052 3059 3061 3229 3337 3405 3736 3751 3767 3795 3831 3835 3968 4025 4574 4979
416	13	19	22	371 625 788 1380 1617 1618 1699 1999 2263 2371 2651 2789 3014 3121 3230 3264 3568 4014 4374 4506 4524 4683 4809 4976
428	11	54	22	68 136 364 471 587 666 1490 1596 1902 1943 2140 2141 2337 2420 2574 2714 2819 2874 3184 3328 3431 4137 4207 4224 4300 4349 4464 4793 4966
442	4	165	22	77 97 355 455 571 849 1226 1278 1366 1765 1916 2143 2204 2533 2746 2893 3421 3512 3579 3611 3675 3875 4221 4437 4474 4509 4783
497	35	72	22	14 184 514 523 699 700 928 1858 2093 2350 2529 2563 2855 2887 2910 3016 3119 3131 3217 3262 3284 3349 3373 3654 4069 4122 4350 4602 4733
526	10	282	22	4 82 115 362 379 676 914 935 1039 1548 1633 1634 1754 1977 2454 2650 2993 3571 3616 3882 3890 4198 4285 4331 4575 4690 4853 4887
535	39	219	22	223 314 416 722 1117 1358 1409 1414 1668 1707 1708 1811 2304 2309 2366 2469 2501 2558 2628 2734 2934 3189 3799 3978 4719 4874
548	14	30	22	149 225 373 442 592 1135 1215 1600 1682 1723 1737 1834 2176 2520 2648 2724 2781 2833 2876 2919 3438 3844 3950 4050 4147 4396 4470 4601 4759
557	27	258	22	311 746 772 853 1214 1622 1679 1831 2038 2048 2270 2275 2294 2308 2310 2513 2892 3084 3476 3666 3837 3944 3995 4023 4337 4355 4372
569	23	111	22	114 206 368 381 706 962 1004 1041 1650 1906 2307 2720 2743 2882 3047 3231 3247 3294 3387 3522 3674 4124 4280 4510 4557 4814 4870 4924
582	17	249	22	197 593 655 889 1335 1337 1479 1547 1601 1605 1652 1710 1770 1774 2370 2447 2473 2475 2504 2586 2744 3135 3147 3361 3367 3755 3880 4674 4743 4815
583	33	272	22	234 393 403 507 562 683 734 840 1120 1476 1779 2058 2208 2678 2735 2790 3124 3637 4086 4096 4225 4315 4533 4694 4735 4926
28	16	246	22	923 934 1014 1033 1525 1965 1970 2139 2669 2808 2845 2951 3024 3221 3225 3364 3546 3581 3780 3807 4015 4294 4436 4471 4560 4726 4835
51	1	279	22	155 237 415 490 534 584 919 1301 1324 1461 1472 1530 1646 1835 1877 1981 2162 2197 2200 2875 3475 3658 3742 4502 4854 4891 4904 4958
55	30	115	22	623 742 1146 1356 1616 1733 2075 2078 2191 2345 2546 2921 3154 3283 3376 3590 3864 3900 3963 4112 4199 4299 4645 4721 4729
57	22	48	22	540 649 975 1049 1061 1066 1481 1573 1895 1956 2152 2237 2429 2467 2556 2685 2918 3208 3307 3384 3553 3619 4054 4210 4369 4778 4950
58	7	156	22	100 229 254 399 611 829 1016 1091 1390 1514 1648 1804 1888 2072 2137 2421 2437 2477 3300 3862 4031 4202 4234 4251 4415 4540 4659
61	32	121	22	33 200 242 247 549 958 988 1015 1619 1688 1841 2646 2838 3105 3130 3237 3389 3545 3928 3942 4219 4529 4549 4616 4617 4758 4766 4769 4808
62	6	186	22	61 826 894 901 1239 1680 1784 2016 2081 2099 2220 2344 2478 2479 2544 2565 2985 3007 3078 3424 3474 3647 3682 3884 4366 4507 4944 4962
66	21	217	22	111 128 387 410 626 632 942 960 1105 1192 1281 1309 1604 2111 2134 2199 2250 2643 3006 3380 3432 3442 3451 3943 4190 4216 4435 4583 4903
67	26	85	22	141 275 322 685 848 1028 1250 1268 1509 1529 1821 2018 2057 2089 2169 2327 2444 2736 2797 3278 3332 3391 3418 3763 4911 4934
68	25	52	22	204 268 794 797 1106 1227 1434 1451 1608 1743 1810 1917 1937 2265 2485 2620 3128 3242 3310 3547 3705 4209 4379 4679 4896 4907
80	24	183	22	135 315 337 481 612 916 1110 1460 1521 1721 1771 1843 1880 1923 2090 2363 2911 3598 3613 3889 4253 4317 4418 4505 4530 4587 4631
85	5	106	24	223 718 1307 1343 1558 1619 1701 2089 2358 2681 2787 2885 2933 2953 3010 3034 3061 3114 3772 3885 3947 4108 4408 4718 4882 4966
110	9	120	22	94 163 256 273 291 728 793 1098 1412 1507 1629 1716 1863 1874 1903 1933 2242
135	36	206	24	110 296 440 799 832 851 913 945 1164 1334 1410 1721 2445 2515 2634 2662 2870 3118 3222 3450 3590 3991 3996 4271 4288 4448 4700 4954
142	40	204	24	344 690 733 764 860 969 1374 1396 1716 1819 1823 1922 2296 2347 2416 2478 2678 2754 2888 3224 3414 3472 3807 4101 4267 4533 4671 4760
146	18	158	24	34 109 238 250 262 1173 1300 1376 1591 2010 2189 2233 2626 2771 2976 3226 3266 3275 3469 3552 3956 4243 4248 4452 4649 4793 4799 4967
158	28	276	24	163 229 293 402 451 755 1007 1242 1383 2031 2036 2197 2426 2647 2665 2684 2901 3169 3312 3326 3495 3624 3688 3764 3840 4093 4504 4549 4820
163	8	38	24	300 439 483 708 731 853 1123 1359 1467 1668 1781 1990 2012 2132 2140 2410 2590 2659 3131 3359 3467 3486 3504 3663 4753
179	19	24	24	313 366 1291 1455 1698 1725 1767 2088 2406 2512 2513 2519 2679 2944 3040 3420 3610 3620 3779 3785 3985 4086 4097 4265 4352 4833
218	31	50	24	311 378 580 606 683 742 845 997 1227 1270 1353 1787 2156 2270 2272 2776 3074 3158 3711 3725 4135 4186 4368 4589 4914
243	38	199	24	145 222 436 629 808 812 854 1220 1439 2027 2219 2244 2409 2597 2726 3380 3665 3792 4367 4395 4405 4800 4827 4836 4958
245	2	65	24	63 156 172 502 687 722 952 1477 1510 1527 1566 1574 1647 1874 1892 2067 2177 2322 2378 2629 2735 3174 3182 3571 3776 4262 4323
246	37	197	24	60 572 589 771 1282 1325 1729 2181 2208 2261 2327 2666 2837 3189 3212 3463 3850 3962 4065 4138 4268 4316 4534 4605 4608 4663 4701
269	20	167	24	350 421 615 689 804 811 975 1004 1143 1223 1265 1275 1559 2119 2142 2254 2546 2624 2915 2919 3213 3394 3502 4028 4096 4242 4931
272	12	10	24	81 474 752 810 1040 1561 1610 1796 1964 2090 2236 2251 2429 2490 2505 2606 2725 2728 2803 3027 3113 3550 3563 3880 4013 4221 4716 4750
301	34	75	24	381 390 465 594 623 897 910 1044 1274 2368 3108 3129 3255 3381 3428 3599 3660 3669 3712 4339 4349 4544 4606 4646 4906
308	15	16	24	50 80 382 504 547 582 653 831 1337 1555 2144 2705 2966 3386 3521 3562 3575 3578 3879 4052 4145 4279 4411 4425 4507 4664
314	3	234	24	8 183 241 365 527 758 1056 1663 1712 1899 1996 2111 2496 2697 2802 2866 2872 3054 3095 3395 3440 3747 3748 4347 4351 4566
331	29	76	24	27 531 622 684 990 1160 1297 1626 1715 1727 2395 2549 2929 3116 3204 3470 3506 3643 3784 3915 4213 4285 4289 4497 4617 4764 4814
361	13	99	24	166 194 632 740 930 931 941 1070 1165 1224 1295 1768 1985 2130 2291 2573 2698 3055 3173 3473 3475 3586 3752 4277 4311 4708 4858 4900 4912
364	11	222	24	101 466 630 647 676 903 1388 1500 1637 1751 1925 1979 2071 2093 2329 2993 3231 3702 3724 3866 4426 4455 4523 4891 4925 4950
404	4	278	24	246 417 500 938 1080 1284 1360 1413 1685 1730 2014 2018 2046 2213 2469 2642 2661 2804 2834 2884 3043 3120 3269 3582 3897 4529 4704
408	35	156	24	107 225 861 1140 1385 1507 1659 1824 2075 2122 2137 2163 2467 2730 2982 3005 3241 3254 3370 3499 3520 3537 3810 3995 4060 4223 4775 4877
414	10	35	24	7 843 863 922 950 951 1316 1350 1351 1595 1627 1692 1695 1888 1989 2210 2413 2962 3167 3303 3351 3548 3729 3908 4167 4477 4893 4948
426	39	211	24	90 271 598 696 1075 1258 1836 1906 1948 2305 2350 2427 2587 2589 2743 2836 3039 3423 3601 3827 4172 4466 4765 4857
438	14	185	24	164 207 287 299 337 919 971 1342 1607 1981 2174 2235 2458 2486 2522 2702 2939 3067 3393 3691 3878 4217 4273 4569 4762 4866
441	27	175	24	69 285 503 555 654 688 1020 1266 1370 1447 1457 1900 1963 2537 2973 3015 3190 3206 3410 3585 3720 3845 4163 4293 4819 4864
464	23	70	24	312 339 473 664 682 1087 1214 1633 1788 2024 2216 2425 2637 2713 2825 2914 3197 3396 3524 3592 3834 3902 4192 4678
469	17	93	24	204 261 879 880 985 1018 1041 1053 1077 1108 1341 1454 1568 1748 1779 2110 2284 2595 2783 2793 3056 3071 3299 3508 4009 4038 4183 4557
501	33	266	24	54 193 618 1195 1356 1438 1451 1536 2044 2120 2242 2526 2542 2701 2745 2902 2924 3210 3685 3891 3910 4051 4113 4309 4447 4535 4791
514	16	32	24	37 70 112 144 334 430 505 550 890 1054 2203 2286 2448 2495 2797 2832 2864 2963 3348 3411 4141 4256 4290 4462 4831 4902
530	1	28	24	44 115 135 425 476 544 610 1012 1393 1696 1856 2223 2392 2718 2833 2879 2995 3111 3181 4036 4238 4375 4478 4479 4484 4668 4738 4798
561	30	164	24	230 759 802 828 1039 1063 1097 1331 1875 2136 2307 2357 2581 2692 2813 2900 2923 3479 3484 3603 3687 3707 4272 4454 4467 4575 4969
579	22	137	24	445 488 815 857 1083 1233 1433 1605 1654 1680 1681 1882 2011 2150 2396 2424 3014 3413 3422 3462 3465 3534 3570 3858 4222 4493 4847 4965
592	7	88	24	138 197 620 642 655 737 1098 1138 1540 1632 1907 2073 2287 2680 2795 2891 3211 3639 3698 4064 4136 4161 4280 4414 4842 4855 4933
8	32	149	24	231 252 478 766 834 1128 1159 1324 1407 1551 1733 2172 2221 2274 2434 2518 2767 3058 3525 3609 3876 4001 4125 4453 4591 4840 4973
24	6	178	24	160 174 198 340 637 1287 2008 2133 2257 2869 2871 3148 3168 3291 3485 3531 3644 3855 3872 3997 4190 4345 4348 4905 4972
54	21	205	24	185 259 317 670 912 1487 1703 1950 1954 2193 2349 2355 2847 2858 2916 3052 3068 3333 3703 3777 3821 3871 4074 4236 4634 4655 4665
73	26	92	24	49 254 443 556 735 786 1093 1112 1203 1347 1498 1959 2348 2824 3468 3542 3710 3737 3808 3924 3968 4008 4120 4433 4435
86	25	66	24	85 323 330 524 776 1058 1201 1326 1929 1946 2529 2652 3037 3150 3401 3628 3694 3926 3955 3958 4261 4410 4543 4744 4960
94	24	190	24	98 195 554 1086 1253 1344 1400 1769 1865 2096 2319 2364 2411 2693 2781 3003 3556 3594 3670 3873 3874 4350 4514 4688 4964
104	9	133	24	520 800 943 1216 1292 1372 1541 1866 1872 1991 1993 2386 2405 2415 2435 3023 3160
136	5	20	26	119 206 221 256 442 491 542 1437 1689 1980 2255 2280 2397 2613 2623 2806 2975 3363 3575 3693 3772 4002 4003 4224 4599 4843
139	36	275	26	70 584 602 813 972 1521 1712 2049 2333 2398 2527 2696 2808 3339 3389 3764 3985 4050 4131 4384 4419 4426 4693 4741 4837 4967
147	40	193	26	694 787 878 1229 1285 1379 1467 2048 2051 2393 2413 3079 3117 3285 3439 3801 3941 4115 4193 4284 4595 4745 4804 4859 4939
149	18	122	26	45 137 139 252 302 646 789 836 1464 1489 1605 1742 1753 2211 2512 3042 3078 3127 3224 3415 4197 4251 4351 4390 4575 4656 4679 4937
153	28	182	26	564 628 1254 1291 1686 1821 2026 2293 2675 2764 3020 3525 3598 3606 3741 3854 3935 3998 4181 4309 4636 4740 4756 4759 4895 4969
171	8	42	26	1852 1884 1931 2017 2113 2322 2459 2493 2594 2631 2686 2844 2956 3200 3458 3712 3911 4012 4014 4173 4399 4513 4767 4926
189	19	239	26	231 307 837 874 905 922 1268 1643 1940 2097 2317 2698 2771 2781 2857 3133 3322 3518 3647 3724 3863 4245 4597 4720 4828
224	31	84	26	142 286 569 635 641 643 650 768 769 841 1012 1507 1837 1881 2002 2003 2009 2056 2601 2757 2904 3246 3669 4025 4053 4409 4868 4975
233	38	284	26	7 65 208 232 999 1065 1266 1314 1850 2256 2300 2353 2562 2627 2705 3016 3021 3395 3747 3916 4134 4183 4305 4478 4509
271	2	14	26	97 197 270 351 582 700 860 886 1045 1195 1396 1754 2140 2584 2742 2884 2961 3186 3371 3754 3791 3823 4118 4353 4463 4601
300	37	19	26	160 227 1325 1408 1447 1468 1857 2321 2385 2547 2726 2819 2946 3140 3388 3416 3457 3796 3817 3969 4082 4267 4286 4603 4880
306	20	129	26	271 332 619 634 1071 1197 1209 1292 1322 1550 2257 2400 2606 2658 2695 2849 2850 2944 3056 3119 3146 3441 3536 3859 4161 4316 4591
313	12	118	26	383 409 443 777 797 1244 1508 1512 1539 1849 1879 1934 2170 2239 2481 2487 2508 2922 3215 3483 3597 3726 3765 3909 3929 4189 4231
324	34	296	26	52 353 473 701 712 721 818 983 1035 1479 1581 2159 2710 2921 2967 3044 3370 3543 3664 4077 4111 4254 4346 4516
332	15	174	26	233 467 940 985 1001 1028 1138 1228 1241 1273 1364 1476 1924 2427 2805 2872 3038 3069 3607 3907 3986 4252 4263 4382 4793 4862
355	3	297	26	26 76 192 651 754 1066 1067 1985 2108 2404 2574 2724 2973 3091 3193 3522 3770 3788 3860 3903 4119 4423 4576 4677
377	29	251	26	392 401 709 733 815 1201 1252 2131 2212 2318 2325 2494 2794 2859 2874 2928 3002 3008 3138 3666 3868 3869 4040 4088 4247 4275 4713
382	13	154	26	13 199 202 511 603 849 904 1082 1108 1221 1614 1883 2078 2306 2412 2549 2664 2692 2940 3082 3153 3190 3300 3784 3789 4760
386	11	278	26	9 460 480 587 990 1006 1030 1218 1421 1858 1913 2001 2040 2352 2524 2619 2841 2860 3045 3108 3624 3888 4109 4288 4401 4914
419	4	230	26	3 62 188 410 522 1046 1185 2169 2179 2219 2372 2387 2579 2602 2688 3245 3253 3312 3383 3591 3758 4034 4258 4300 4377 4654 4885 4905
431	35	1	26	106 327 527 703 844 855 924 1015 1031 1378 1452 2450 2480 2822 3046 3094 3155 3379 3433 3435 3675 3841 4229 4798
432	10	17	26	157 162 358 591 1111 1645 2532 3301 3638 3748 3774 3778 3800 3824 3874 3978 4215 4230 4323 4371 4570
436	39	80	26	25 167 377 576 820 949 989 1152 1168 1179 1759 1988 2225 2654 2937 3134 3185 3275 3298 3360 3485 3865 3875 4340 4536 4736
458	14	242	26	92 415 452 546 608 715 782 1010 1226 1400 1486 1656 2194 2419 2809 3201 3296 3521 3605 3635 3685 3927 4315 4450 4556 4776
460	27	287	26	63 269 550 1174 1451 1462 1727 1861 1907 2330 2414 2895 2910 2981 3105 3149 3520 3898 3901 4281 4903 4930 4976
466	23	220	26	466 501 536 756 1088 1563 1625 1890 1969 2371 2699 3032 3060 3657 3717 3847 3947 3961 4080 4605 4747 4858 4915
476	5	193	28	35 750 900 1002 1200 1377 1499 1948 2517 2731 2905 3193 3213 3308 3315 3447 3655 3658 3963 4005 4060 4386 4450 4462 4642 4955 4981
489	17	215	26	280 486 551 736 753 870 898 1149 1192 1258 1632 2390 2598 2906 3121 3271 3698 4157 4259 4558 4615 4795 4809 4810
521	33	300	26	89 267 359 928 1371 1505 1520 1608 1724 1781 2365 2376 2534 2586 2824 2827 2900 3011 3806 3940 4095 4103 4383 4534 4728 4743 4827
522	16	229	26	936 1063 1514 1734 1894 1946 2011 2171 2336 2599 2687 2986 3030 3208 4004 4007 4056 4064 4107 4244 4813 4980
525	1	94	26	10 96 204 243 251 261 845 963 1296 1410 1432 1703 1859 2112 2206 2249 2901 3491 3743 4146 4302 4782 4898 4961 4968
533	30	184	26	59 179 260 428 604 654 866 893 1160 1321 2086 2190 2198 2436 2575 2604 2801 3092 3509 3631 3810 3942 4116 4394 4619 4938
534	22	238	26	274 532 724 906 1119 1259 1492 1580 1654 1942 2073 2158 2274 2463 2560 2762 3093 3632 3671 3798 3799 3831 3842 3914 4182 4990
550	7	226	26	100 154 463 519 537 558 681 774 1100 1375 1405 1718 1822 1964 2012 2021 2359 2402 2939 3151 3288 3709 4562 4588 4643 4671 4769
552	32	120	26	105 281 292 399 798 850 1208 1348 1572 1640 1650 1847 1999 2135 2157 2520 3037 3102 3170 3232 4081 4108 4438 4500 4691 4849
559	6	59	26	131 181 329 363 601 864 1358 1683 1818 2407 2474 2496 2642 2780 2810 3125 3274 3417 3437 3557 3659 3905 3913 4036 4104 4718 4841
593	21	249	26	127 427 678 759 1004 1845 1897 2044 2057 2059 2804 2823 3035 3159 3254 3375 3399 3478 3691 4365 4376 4526 4538 4572 4688 4698
15	26	55	26	67 362 991 1275 1298 1535 1667 1676 1715 2138 2439 2567 3132 3472 3546 3559 3663 3840 3987 3990 4090 4125 4332 4381 4445 4912
32	25	2	26	75 325 1092 1114 1161 1188 1601 1606 1719 1736 1869 1993 2124 2358 2389 2449 2799 3272 3357 3403 3618 4403 4539
59	24	100	26	91 129 180 800 1128 1193 1219 1465 1495 1615 1675 1865 2052 2161 2375 2411 2422 2451 2667 3230 3773 3776 4221 4395 4727 4830
82	9	173	26	212 479 981 1130 1374 1543 1770 1918 1991 2173 2518 2637 2673 2704 3004 3065 3421
120	36	188	28	455 514 605 747 855 983 1105 1431 1503 1772 1878 2103 2253 2352 2748 2904 3661 3943 4096 4157 4196 4378 4561 4616 4968
126	40	206	28	11 301 327 798 826 937 955 1255 1272 1366 1736 1939 2030 2403 3158 3218 3278 3467 4025 4151 4274 4483 4696 4941 4975 4992
195	18	61	28	57 1023 1133 1225 1288 1376 1636 1875 2374 2578 2829 2889 3014 3276 3594 3688 3830 4149 4294 4468 4607 4823 4856 4994
198	28	94	28	63 118 258 450 624 645 688 1119 1163 1352 1520 1540 2043 2275 2346 2432 2514 2622 2860 3292 3374 3559 3949 4099 4177 4859
239	8	8	28	74 126 196 865 1011 1277 1307 1563 1705 1812 2078 2386 2737 2909 3102 3241 3765 4195 4632 4648 4671 4685 4796
242	19	286	28	5 83 114 590 672 875 1313 1586 2277 2343 2556 2983 3160 3226 3238 3286 3335 3503 3961 4155 4246 4288 4312 4346 4704 4790
262	31	134	28	88 113 197 311 364 948 959 1449 1725 1999 2100 2336 2389 2398 2477 2571 2618 3053 3255 3287 3457 3602 3992 4018 4271 4811
279	38	232	28	361 388 572 597 729 943 1199 1527 1550 1641 1943 2039 2238 2239 2981 3022 3442 3593 3737 3846 3997 4289 4368 4568 4875
284	2	31	28	438 1154 1353 1466 1528 1570 1759 2245 2505 2545 2851 2867 2929 3044 3371 3411 3838 3966 4154 4168 4244 4461 4570 4662 4712 4788 4809
289	37	231	28	819 888 1024 1214 1294 1354 1739 1942 2029 2092 2168 2267 2280 2633 2668 2718 2972 3271 3348 3533 3775 4030 4496 4636 4801
295	20	53	28	177 404 1290 1560 1706 1854 1881 1946 2111 2205 2306 2399 2588 3036 3267 3298 3581 3839 3921 4029 4095 4482 4682 4825
339	12	273	28	459 535 944 984 1009 1222 1861 2131 2480 2752 2964 3011 3146 3397 3555 3730 3785 4393 4750 4752 4758 4845 4987
341	34	27	28	310 446 515 657 686 952 960 1207 1279 1484 1488 2053 2065 2172 2305 2380 2659 2963 3139 3161 3541 3784 3820 3840 3854 3988 4485
343	5	61	29	208 569 679 726 842 1293 1891 2015 2049 2125 2716 3281 3484 3595 3893 3955 4092 4160 4254 4330 4546 4552 4613 4885 4923
399	15	139	28	93 218 294 335 637 663 760 841 1001 1465 1809 2077 2318 2616 2675 2878 2894 2977 3259 3301 3529 3745 4338 4446 4463
439	3	97	28	151 187 630 778 1072 1091 1168 1321 1428 1569 1915 1989 2107 2764 3038 3103 3108 3228 3578 3648 4077 4107 4305 4550 4800
477	29	82	28	89 104 173 1365 1537 1552 2027 2098 2105 2207 2284 2489 2680 3100 3101 3313 3686 3747 3895 4011 4120 4455 4787 4949
490	13	252	28	45 596 682 698 800 953 1262 1338 1678 1840 1850 2062 2064 2568 2779 2984 3023 3030 3040 3880 3897 4299 4579 4585 4723 4889
498	11	112	28	32 68 69 331 485 599 901 1033 1249 1406 1722 1902 1978 2155 2193 2507 2729 3105 3515 4269 4539 4710 4774 4928 4953
72	4	86	28	39 464 489 830 908 1078 1136 1521 2159 2324 2553 3069 3250 3470 4143 4179 4270 4295 4341 4443 4542 4602 4610
106	35	217	28	164 286 428 469 492 603 907 1083 1491 1630 2242 2384 2541 3065 3299 3339 3810 4574 4757 4959 4993
114	10	228	28	211 235 350 382 412 620 828 843 892 1616 1984 2629 2661 2681 3034 3052 3163 3691 4097 4150 4502 4583 4689 4947
188	39	243	28	110 357 439 532 712 791 1038 1124 1183 1367 1475 1670 1863 2076 2369 2625 2767 2818 3280 3373 3418 3519 3653 3845
204	14	214	28	389 655 958 992 1035 1414 1490 2156 2157 2755 3104 3182 3326 3753 4038 4596 4634 4807 4817
354	27	253	28	36 614 634 1125 1169 1362 1806 1954 2035 2217 2236 2265 2287 2484 2573 2953 3557 3588 3864 4037 4229 4373 4560 4609 4915
387	23	49	28	121 160 366 374 521 872 918 1081 1269 1697 2005 2106 2241 2371 2433 2493 2502 3149 3270 3498 3599 3652 3726 3813 4266 4624
421	17	25	28	109 122 158 376 796 941 1099 1299 1304 1450 1665 2038 2081 2503 2653 2715 2978 3083 3434 3844 4182 4408 4564 4578 4592 4925
433	33	108	28	278 341 343 567 745 951 1065 1386 1559 1564 1611 1631 1693 1793 1885 2400 3372 3380 3507 3918 4320 4331 4494
70	16	203	28	188 633 692 811 1402 1403 1654 1859 1860 2018 2125 2273 2452 2542 2660 3454 3640 3689 4128 4441 4608 4729 4828
79	1	222	28	3 781 1197 1425 1438 1746 1848 2138 2266 2869 3028 3386 3401 3528 3590 3892 3924 4265 4315 4353 4400 4567 4842
98	36	243	29	24 152 379 413 869 1177 1202 1894 1975 2121 2416 2500 2899 3161 3787 3833 4096 4178 4282 4785 4925
109	30	118	28	321 322 434 727 744 1691 1828 1877 2136 2203 2252 2961 2974 3549 3721 3744 3761 3786 3885 4184 4201 4212 4604 4831
159	22	74	28	306 406 722 1074 1084 1129 1323 1379 1558 1991 2087 2326 2340 2524 2608 2689 2703 3000 3013 3248 3587 3790 4409 4983
175	7	287	28	115 765 1059 1161 1298 1375 1879 2263 2672 2742 2761 2817 2935 3167 3214 3277 3362 3836 3970 4178 4541
211	32	207	28	541 711 799 882 986 1568 1668 1673 1855 1898 2055 2367 2794 2950 3126 3314 3685 3975 4148 4358 4605 4651 4998
237	6	235	28	215 580 1048 1166 1176 1276 1401 1518 1544 1760 1868 2189 3042 3203 3456 3493 3858 3866 4102 4213 4236 4444 4512 4565 4618
244	21	297	28	13 176 200 400 476 528 689 783 1266 1319 1642 1664 1707 1883 1990 2032 2364 2483 3239 3358 3527 3671 3922 4119 4700
260	26	248	28	552 1060 1286 1287 1330 1501 1702 1960 2015 2089 2354 2473 2500 2550 3135 3436 3484 3511 3774 4241 4394 4431 4545 4557 4997
327	25	130	28	44 816 902 1018 1036 1526 1750 2095 2227 2228 2475 2481 2511 2580 2759 3119 3491 3517 4188 4272 4278 4892 4961
344	40	273	29	20 55 393 968 1483 1568 1624 1733 1934 2334 2538 2566 2599 2809 2921 3162 3382 4506 4619 4693 4900 4916 4978
512	18	82	29	751 812 940 959 1008 1236 1242 1423 1625 1642 2246 2304 2428 2646 2927 3026 3160 3645 3718 3817 3957 4406 4929
555	24	57	28	1079 1456 1546 1666 1816 2243 2424 2516 2562 2719 2893 2938 2990 3525 3851 4116 4228 4307 4599 4676 4732 4763
598	9	28	28	923 1120 1170 1251 1292 1626 2353 2405 2411 2707 2821 3302 3343 3539 4100 4170 4207
121	28	285	29	31 279 367 982 1007 1047 1094 1181 1385 1739 1893 1913 2627 3289 3505 3651 3681 3771 3915 4137 4396 4433 4876 4906
191	8	37	29	202 314 336 884 1051 1150 1247 1317 1907 1991 2179 2292 2499 2628 2816 3437 3673 4102 4359 4748 4788 4894 5000
201	19	124	29	62 334 481 725 1182 1217 1413 1922 2006 2361 2455 2537 2541 2877 3317 3460 3973 4103 4371 4394 4583 4646 4687
207	31	33	29	383 428 498 661 1003 1264 1295 1298 1471 1489 1855 2092 2481 2681 3143 3155 3249 3267 3279 3361 4244 4274 4536 4734
209	38	1	29	21 105 418 719 739 784 1011 1073 1193 1885 2165 2465 2840 3260 3302 3344 3359 3661 4081 4408 4472 4880 4913
273	2	191	29	282 1139 1176 1208 1254 1487 1655 1724 1926 1938 2184 2186 2194 2528 2814 2815 4093 4216 4451 4525 4784 4972
352	37	168	29	66 162 251 715 910 919 1234 1265 1615 2332 2333 3172 3222 3253 3423 3480 3931 3997 4257 4429 4454 4994
402	20	247	29	324 802 1090 1770 1777 1986 2091 2134 2162 2299 2790 2913 2983 3228 3376 3447 3511 3531 3634 3927 4515 4648 4779 4792
407	12	253	29	74 200 420 439 879 937 1134 1219 1239 1370 1758 2330 2388 2595 2607 2657 2668 2843 2886 3918 4514 4652
409	34	137	29	227 306 396 1002 1140 1244 1620 1633 1641 1667 1897 2155 2445 2730 2792 2868 3072 3630 3919 4362 4404
456	15	107	29	228 517 600 610 657 835 984 1428 1467 1537 1972 2226 2511 2598 3057 3123 3631 4188 4491 4775 4938
508	3	91	29	136 238 622 787 1101 1477 1955 2050 2494 2888 3242 3306 3535 4017 4126 4250 4629 4653 4678 4720 4751 4778 4781 4812
519	29	220	29	399 856 876 1021 1200 1302 1969 2003 2585 2602 2711 2712 3094 3200 3895 3999 4004 4043 4252 4806 4919 4981
571	13	195	29	178 241 269 375 412 920 955 1053 1128 1474 1506 1722 1792 1854 1961 2714 2969 3220 3497 3639 3675 3910 4319
572	11	229	29	237 475 497 875 1233 1246 1482 1706 2327 2384 2393 2819 2871 3494 3739 3757 3983 4348 4554 4612 4633 4988
588	4	145	29	75 215 253 259 268 561 1023 1061 1077 1085 1544 1613 1676 1685 1766 2192 2238 2997 3186 4206 4694 4932 4961
41	35	182	29	132 377 493 496 640 795 801 1296 1373 1883 2207 2347 2501 3256 3365 3444 4281 4470 4783 4844 4878
46	10	274	29	122 133 631 1092 1175 1480 1575 2116 2164 2484 2705 2717 2751 3132 3280 3396 3764 3789 3812 4469 4796
134	39	103	29	49 185 823 894 932 1511 1701 2034 2325 2365 2434 2728 2775 3198 3257 3286 3905 4567 4608 4660 4982
162	14	298	29	163 458 909 1042 1257 1457 1697 2146 2300 2338 2903 2914 3372 3605 3627 3742 3860 4356 4657 4895
280	27	112	29	126 305 340 408 563 669 761 786 794 1096 1340 1424 1717 1944 2623 2791 3381 4021 4090 4230 4615 4626
323	23	27	29	339 391 544 653 916 1255 1374 1456 1479 1761 1799 1930 2302 2578 2807 3201 3499 3573 3700 3769 3946 4992
17	17	56	29	169 874 1259 1672 2232 2356 2368 2591 2634 3226 3364 3425 3481 3760 4344 4416 4419 4600 4699 4872 4881
186	33	259	29	121 352 365 529 609 1187 1398 1983 2230 2271 3188 3207 3297 3412 3477 3515 3744 3932 4143 4493 4661
316	16	160	29	224 337 1115 1447 1684 1688 1808 2596 3075 3116 3210 3272 3569 3793 4054 4088 4325 4364 4576 4692 4736 4777
380	5	259	30	198 530 591 724 731 840 958 1026 1086 1309 1389 1482 2083 2346 2567 2620 3051 3096 3214 3584 4439 4751
403	1	213	29	244 257 264 304 427 636 965 1564 2071 2480 2795 3159 3191 3234 3315 3410 3684 4175 4247 4259 4722
471	30	208	29	63 579 615 675 915 1608 2149 2615 2640 2726 2749 3054 3114 3416 3519 3727 3804 4624 4971 4996
496	22	185	29	15 380 627 649 717 1316 1393 2095 2340 2603 3013 3032 3090 3140 3225 3352 3647 3676 3883 4140 4520 4676
577	7	281	29	195 598 710 827 925 933 1349 1771 1775 1783 1818 2111 2625 2715 3058 3118 3506 3847 3897 3899 4329
34	32	15	29	360 604 779 992 1347 1741 1882 1908 2094 2154 2168 2375 3035 3061 3089 3115 3151 4405 4501 4973
130	6	89	29	140 325 832 864 1095 1240 1735 1789 1819 2328 2456 2461 3390 3587 3650 4289 4421 4504 4537
285	21	204	29	547 695 699 713 1125 1343 1756 1977 2163 2181 2261 2422 2885 3813 3818 3902 4287 4317 4339 4860
29	26	12	29	2 182 245 327 839 1012 1598 2687 2836 3122 3174 3466 3844 4302 4392 4428 4645 4832
39	25	20	29	433 799 861 1365 1958 1995 2357 2363 2535 2998 3558 3735 3836 3916 3980 4082 4502 4548 4586 4908
427	24	150	29	402 957 1143 1829 1857 2173 2478 2656 2917 2975 3030 3265 3311 3408 3615 3820 4478 4547 4861
